0.454543   -0.476093   -0.497418
-0.398483   -0.309507   0.49054
0.463724   -0.322223   -0.342525
-0.372945   -0.497164   -0.341775
-0.208191   -0.472593   0.497883
-0.0503669   -0.32061   0.495247
-0.237171   -0.31917   -0.341551
-0.0461392   -0.483785   -0.328435
0.114991   -0.469691   -0.493081
0.285253   -0.319631   0.485906
0.113187   -0.293075   -0.329272
0.275266   -0.477978   -0.333504
0.442664   -0.150129   0.490431
-0.389606   0.0222922   0.487193
0.437309   0.0291384   -0.345152
-0.383146   -0.155947   -0.355369
-0.22206   -0.164149   0.488633
-0.0388175   0.00466268   0.485997
-0.214671   0.00681143   -0.359176
-0.0673874   -0.14879   -0.359488
0.117624   -0.137998   -0.494314
0.285421   0.0184047   0.495756
0.138534   0.0141202   -0.334787
0.293296   -0.150483   -0.332837
0.460547   0.183899   -0.499105
-0.37446   0.364999   0.490158
0.438502   0.372337   -0.325459
-0.385789   0.178105   -0.320149
-0.219403   0.18354   0.481999
-0.0410104   0.347183   0.499114
-0.211798   0.36437   -0.334418
-0.0361591   0.171714   -0.357327
0.120051   0.171966   0.489542
0.283664   0.36078   -0.490757
0.116735   0.348431   -0.343242
0.276188   0.197594   -0.353784
0.45174   -0.466948   -0.16113
-0.384794   -0.32206   -0.170702
0.444554   -0.305581   -0.00923475
-0.381664   -0.492214   -0.0016048
-0.205824   -0.479346   -0.165256
-0.0537001   -0.298698   -0.176379
-0.236349   -0.317934   -0.00509429
-0.0417378   -0.457833   0.012575
0.11509   -0.460783   -0.182942
0.282203   -0.32761   -0.177077
0.0990981   -0.30291   -0.00511202
0.27167   -0.464012   -0.00424894
0.467527   -0.155204   -0.170847
-0.381274   0.00448816   -0.165621
0.461746   0.0320531   -0.00156301
-0.395018   -0.141585   0.0244609
-0.239193   -0.165886   -0.170051
-0.0346177   0.00178619   -0.180548
-0.229865   0.0211121   0.00685068
-0.0700353   -0.142037   -0.00581191
0.135389   -0.125291   -0.168076
0.303252   0.036504   -0.158805
0.11712   0.0187345   0.00734451
0.292723   -0.132787   -0.0058449
0.445735   0.203391   -0.182661
-0.389591   0.354565   -0.15125
0.452526   0.378378   0.00201987
-0.382657   0.191759   -0.0215855
-0.187213   0.171699   -0.1905
-0.0489287   0.348957   -0.167502
-0.204794   0.366722   -0.00844453
-0.0443198   0.182518   0.00245038
0.119785   0.18501   -0.16119
0.280571   0.36765   -0.166888
0.12481   0.368557   -0.000124076
0.295333   0.199459   -0.0107139
0.428055   -0.473906   0.157218
-0.40913   -0.332511   0.155087
0.457125   -0.316243   0.335258
-0.372268   -0.458923   0.332818
-0.201116   -0.465353   0.16988
-0.0446368   -0.29974   0.17708
-0.213919   -0.292117   0.329384
-0.0388904   -0.483264   0.329692
0.128654   -0.45897   0.181065
0.286181   -0.301482   0.170469
0.12168   -0.300194   0.336762
0.278571   -0.483925   0.327153
0.457119   -0.150586   0.170434
-0.391436   0.0374756   0.184811
0.452583   0.0279504   0.320591
-0.378296   -0.150667   0.329566
-0.224837   -0.129251   0.163272
-0.0538827   0.0116283   0.149347
-0.220191   0.0140208   0.340149
-0.044166   -0.144981   0.33376
0.0932719   -0.143774   0.166882
0.28662   0.0257284   0.16684
0.133806   0.000131179   0.322911
0.298703   -0.149948   0.329833
0.466492   0.204446   0.167762
-0.370967   0.337209   0.160641
0.449762   0.360249   0.334881
-0.374392   0.200961   0.324507
-0.200952   0.211715   0.168015
-0.0244406   0.354476   0.165427
-0.201739   0.357499   0.327157
-0.0488153   0.194079   0.336594
0.124836   0.19245   0.187254
0.275787   0.347706   0.164192
0.122051   0.356051   0.354042
0.299397   0.201606   0.324796
