-4.55785
-4.5577
-4.55664
-4.55559
-4.55544
-4.55468
-4.55423
-4.55453
-4.55438
-4.55468
-4.55362
-4.55257
-4.55317
-4.55377
-4.55347
-4.55377
-4.55392
-4.55483
-4.55528
-4.55437
-4.55558
-4.55573
-4.55664
-4.55845
-4.55876
-4.55845
-4.5583
-4.5583
-4.5583
-4.55921
-4.56012
-4.56027
-4.56057
-4.56087
-4.56087
-4.56102
-4.56057
-4.56042
-4.56027
-4.56027
-4.55982
-4.56118
-4.56042
-4.56042
-4.56057
-4.56072
-4.56057
-4.55982
-4.55936
-4.55846
-4.55831
-4.55785
-4.558
-4.55785
-4.55831
-4.55846
-4.5583
-4.55755
-4.55649
-4.55619
-4.55679
-4.55709
-4.55815
-4.5574
-4.55725
-4.55755
-4.55725
-4.55816
-4.55816
-4.55846
-4.55891
-4.55967
-4.56057
-4.56072
-4.56193
-4.56314
-4.56269
-4.56299
-4.56329
-4.56359
-4.56389
-4.56283
-4.56329
-4.56268
-4.56269
-4.56253
-4.56163
-4.56163
-4.56148
-4.56133
-4.56148
-4.56148
-4.56132
-4.56117
-4.56162
-4.56208
-4.56253
-4.56238
-4.56223
-4.56238
-4.56253
-4.56193
-4.56238
-4.56223
-4.56359
-4.56344
-4.56299
-4.56238
-4.56283
-4.56268
-4.56268
-4.56253
-4.56178
-4.56072
-4.56178
-4.56087
-4.56177
-4.56238
-4.56268
-4.56314
-4.56419
-4.56434
-4.5645
-4.56465
-4.56525
-4.56404
-4.56465
-4.56434
-4.56434
-4.56525
-4.5657
-4.56525
-4.56555
-4.56495
-4.56449
-4.56374
-4.56374
-4.56329
-4.56238
-4.56253
-4.56268
-4.56359
-4.56404
-4.56374
-4.56389
-4.56344
-4.56374
-4.56313
-4.56223
-4.56162
-4.56117
-4.56041
-4.56026
-4.56011
-4.55875
-4.558
-4.55845
-4.55875
-4.55739
-4.55679
-4.55633
-4.55663
-4.55603
-4.55724
-4.55664
-4.55618
-4.55619
-4.55694
-4.55785
-4.55815
-4.558
-4.5583
-4.55785
-4.55875
-4.5583
-4.5586
-4.55936
-4.55966
-4.55935
-4.55845
-4.55845
-4.55815
-4.55815
-4.5583
-4.55845
-4.5589
-4.5589
-4.55815
-4.5583
-4.5586
-4.5583
-4.55845
-4.558
-4.55875
-4.55905
-4.55845
-4.55966
-4.56011
-4.56011
-4.56026
-4.55981
-4.5592
-4.5589
-4.55905
-4.55845
-4.5589
-4.5583
-4.55845
-4.5586
-4.55785
-4.55785
-4.55754
-4.55815
-4.55875
-4.55875
-4.558
-4.55769
-4.558
-4.5583
-4.55815
-4.5586
-4.55845
-4.5586
-4.55875
-4.5589
-4.55921
-4.56011
-4.56072
-4.56011
-4.55966
-4.56011
-4.5586
-4.55951
-4.5586
-4.55875
-4.5589
-4.5592
-4.5589
-4.5583
-4.558
-4.558
-4.55754
-4.558
-4.5586
-4.55875
-4.55785
-4.55634
-4.55649
-4.55649
-4.55709
-4.55679
-4.55588
-4.55543
-4.55603
-4.55618
-4.55618
-4.55618
-4.55558
-4.55573
-4.55603
-4.55619
-4.55604
-4.55588
-4.55634
-4.5574
-4.55649
-4.55619
-4.55558
-4.55558
-4.55452
-4.55422
-4.55392
-4.55422
-4.55346
-4.55467
-4.55377
-4.55407
-4.55437
-4.55573
-4.55497
-4.55452
-4.55392
-4.55407
-4.55452
-4.55452
-4.55498
-4.55528
-4.55498
-4.55513
-4.55603
-4.55649
-4.55785
-4.558
-4.55724
-4.55724
-4.55755
-4.558
-4.5586
-4.55875
-4.55875
-4.55845
-4.55815
-4.5583
-4.55845
-4.5589
-4.5589
-4.55845
-4.558
-4.5583
-4.55921
-4.55875
-4.55815
-4.55845
-4.55845
-4.5577
-4.55709
-4.55709
-4.5577
-4.55709
-4.55755
-4.5577
-4.5583
-4.55815
-4.55785
-4.5586
-4.5586
-4.55921
-4.5583
-4.55861
-4.5583
-4.55815
-4.55921
-4.55891
-4.558
-4.55861
-4.55846
-4.55861
-4.55785
-4.55785
-4.55755
-4.55724
-4.558
-4.5577
-4.5583
-4.55951
-4.55906
-4.55876
-4.55937
-4.56042
-4.56058
-4.56058
-4.55937
-4.55922
-4.55982
-4.55982
-4.55997
-4.56057
-4.56012
-4.56087
-4.56102
-4.56027
-4.55997
-4.56072
-4.56042
-4.55966
-4.56012
-4.56057
-4.56042
-4.56027
-4.55996
-4.55981
-4.55921
-4.5583
-4.55876
-4.55906
-4.55861
-4.55831
-4.55831
-4.5577
-4.558
-4.5574
-4.55755
-4.5577
-4.55679
-4.55725
-4.55845
-4.55861
-4.55876
-4.55891
-4.5577
-4.5571
-4.5577
-4.55755
-4.5577
-4.5577
-4.55785
-4.558
-4.55755
-4.5583
-4.55785
-4.55755
-4.558
-4.55876
-4.55936
-4.55981
-4.55936
-4.55936
-4.55981
-4.55921
-4.55861
-4.5577
-4.55755
-4.5586
-4.5583
-4.55845
-4.5586
-4.55891
-4.55921
-4.55951
-4.55921
-4.55981
-4.55966
-4.55951
-4.55936
-4.55966
-4.56042
-4.56026
-4.56011
-4.56041
-4.55951
-4.5589
-4.56011
-4.55981
-4.55906
-4.5583
-4.5589
-4.55936
-4.55966
-4.55966
-4.56057
-4.56162
-4.56102
-4.56102
-4.56102
-4.56193
-4.56147
-4.56238
-4.56283
-4.56208
-4.56147
-4.56208
-4.56162
-4.56147
-4.56087
-4.56041
-4.56102
-4.56011
-4.56011
-4.55981
-4.55936
-4.55936
-4.55905
-4.55921
-4.55769
-4.55815
-4.5586
-4.55724
-4.55694
-4.55754
-4.55769
-4.558
-4.55618
-4.55649
-4.55634
-4.55588
-4.55558
-4.55543
-4.55498
-4.55513
-4.55543
-4.55588
-4.55588
-4.55694
-4.55724
-4.55709
-4.55664
-4.55739
-4.55754
-4.55754
-4.55845
-4.55845
-4.5589
-4.55951
-4.56011
-4.56011
-4.55936
-4.55936
-4.55906
-4.55815
-4.55845
-4.5589
-4.55936
-4.55951
-4.55981
-4.55981
-4.56026
-4.55996
-4.55981
-4.55996
-4.55921
-4.55875
-4.5583
-4.55875
-4.55906
-4.5586
-4.5583
-4.55875
-4.5586
-4.55891
-4.55891
-4.55951
-4.55981
-4.55921
-4.55891
-4.56012
-4.55906
-4.55906
-4.55875
-4.55815
-4.5586
-4.558
-4.55785
-4.55754
-4.55739
-4.55739
-4.55724
-4.55694
-4.55739
-4.55709
-4.55618
-4.55649
-4.55664
-4.55755
-4.55755
-4.55785
-4.55755
-4.55725
-4.55649
-4.55664
-4.55679
-4.55649
-4.55649
-4.55603
-4.55558
-4.55618
-4.55694
-4.55679
-4.55679
-4.55694
-4.55619
-4.55513
-4.55468
-4.55558
-4.55558
-4.55498
-4.55543
-4.55558
-4.55649
-4.55664
-4.55754
-4.5577
-4.5583
-4.55739
-4.55739
-4.55694
-4.55709
-4.5577
-4.55921
-4.55921
-4.55951
-4.55921
-4.55966
-4.5586
-4.5589
-4.55935
-4.5595
-4.56117
-4.56162
-4.56041
-4.56056
-4.56056
-4.56072
-4.56072
-4.55996
-4.55996
-4.56041
-4.56026
-4.56102
-4.56072
-4.56162
-4.56056
-4.56147
-4.56268
-4.56283
-4.56298
-4.56207
-4.56177
-4.56132
-4.56102
-4.56026
-4.56056
-4.56026
-4.56071
-4.56056
-4.56026
-4.56101
-4.56116
-4.56116
-4.56132
-4.56071
-4.56041
-4.56026
-4.56011
-4.55966
-4.5586
-4.55845
-4.5595
-4.55875
-4.5589
-4.55935
-4.55965
-4.5595
-4.55875
-4.5592
-4.55935
-4.56011
-4.55981
-4.55875
-4.55875
-4.55966
-4.55935
-4.55996
-4.55996
-4.55936
-4.55845
-4.55769
-4.55754
-4.55905
-4.55905
-4.55935
-4.55935
-4.55935
-4.56026
-4.56086
-4.56101
-4.56071
-4.56117
-4.56086
-4.56026
-4.56117
-4.56041
-4.56056
-4.56011
-4.56056
-4.55935
-4.5592
-4.55951
-4.5592
-4.55936
-4.55815
-4.55724
-4.55633
-4.55618
-4.55648
-4.55588
-4.55542
-4.55542
-4.55512
-4.55527
-4.55482
-4.55422
-4.55316
-4.55271
-4.5518
-4.55165
-4.55256
-4.55271
-4.55346
-4.55376
-4.55422
-4.55452
-4.55452
-4.55467
-4.55437
-4.55331
-4.55422
-4.55482
-4.55407
-4.55392
-4.55362
-4.55377
-4.55407
-4.55467
-4.55437
-4.55346
-4.55422
-4.55512
-4.55542
-4.55558
-4.55542
-4.55588
-4.55558
-4.55573
-4.55649
-4.55664
-4.55694
-4.55634
-4.55588
-4.55603
-4.55558
-4.55588
-4.55558
-4.55452
-4.55437
-4.55467
-4.55361
-4.55316
-4.55301
-4.55256
-4.55286
-4.55286
-4.55301
-4.55316
-4.55392
-4.55347
-4.55422
-4.55467
-4.55482
-4.55467
-4.55407
-4.55376
-4.55376
-4.55422
-4.55437
-4.55407
-4.55513
-4.55498
-4.55483
-4.55573
-4.55618
-4.55543
-4.55513
-4.55483
-4.55437
-4.55528
-4.55558
-4.55543
-4.55588
-4.55588
-4.55679
-4.55694
-4.55694
-4.55603
-4.55528
-4.55573
-4.55709
-4.55649
-4.55649
-4.55618
-4.55543
-4.55618
-4.55633
-4.55709
-4.55724
-4.55739
-4.55709
-4.55739
-4.558
-4.558
-4.5577
-4.55724
-4.55634
-4.55573
-4.55558
-4.55619
-4.55679
-4.55634
-4.55679
-4.55694
-4.55634
-4.55634
-4.55679
-4.55679
-4.55649
-4.55664
-4.5577
-4.55785
-4.55755
-4.5577
-4.55664
-4.55755
-4.55845
-4.5583
-4.55936
-4.5589
-4.55981
-4.55951
-4.55891
-4.5583
-4.55845
-4.55845
-4.55891
-4.55936
-4.5589
-4.55936
-4.55905
-4.55875
-4.55905
-4.55815
-4.5583
-4.55724
-4.55694
-4.5577
-4.55785
-4.55709
-4.55649
-4.55649
-4.55603
-4.55634
-4.55573
-4.55619
-4.55634
-4.55619
-4.55588
-4.55694
-4.55709
-4.55754
-4.5577
-4.55754
-4.558
-4.5583
-4.55785
-4.55724
-4.55679
-4.55649
-4.55679
-4.55694
-4.55739
-4.55845
-4.55905
-4.55981
-4.55905
-4.56011
-4.56041
-4.56026
-4.56056
-4.56056
-4.55966
-4.55935
-4.5589
-4.55784
-4.55754
-4.55769
-4.55785
-4.5583
-4.5583
-4.558
-4.55754
-4.55739
-4.55724
-4.55739
-4.55785
-4.55785
-4.55815
-4.55724
-4.55739
-4.55785
-4.55785
-4.55754
-4.55649
-4.55724
-4.55739
-4.5583
-4.5589
-4.55905
-4.5586
-4.55875
-4.55845
-4.5583
-4.5583
-4.55785
-4.55739
-4.55724
-4.55724
-4.55709
-4.55769
-4.55875
-4.55905
-4.55875
-4.55754
-4.55785
-4.55754
-4.55694
-4.55649
-4.55604
-4.55558
-4.55573
-4.55468
-4.55453
-4.55422
-4.55362
-4.55286
-4.55241
-4.55195
-4.55226
-4.55286
-4.55332
-4.55437
-4.55392
-4.55332
-4.55468
-4.55452
-4.55422
-4.55362
-4.55301
-4.55226
-4.55196
-4.55226
-4.55241
-4.55226
-4.55211
-4.55196
-4.55181
-4.55226
-4.55317
-4.55301
-4.55332
-4.55407
-4.55468
-4.55437
-4.55468
-4.55498
-4.55498
-4.55513
-4.55588
-4.55634
-4.55649
-4.55634
-4.55604
-4.55573
-4.55573
-4.55604
-4.55573
-4.55589
-4.55543
-4.55453
-4.55422
-4.55422
-4.55377
-4.55468
-4.55543
-4.55498
-4.55513
-4.55498
-4.55513
-4.55483
-4.55498
-4.55528
-4.55573
-4.55528
-4.55513
-4.55468
-4.55573
-4.55558
-4.55543
-4.55558
-4.55724
-4.55724
-4.55694
-4.55679
-4.55664
-4.55649
-4.55619
-4.55634
-4.55709
-4.55694
-4.5583
-4.55815
-4.55845
-4.55785
-4.5577
-4.558
-4.5589
-4.5586
-4.5586
-4.55785
-4.5586
-4.55876
-4.55876
-4.55891
-4.55906
-4.55906
-4.55921
-4.55936
-4.55966
-4.56027
-4.56012
-4.55936
-4.55921
-4.55951
-4.55875
-4.5589
-4.55936
-4.55981
-4.55936
-4.55936
-4.55921
-4.55921
-4.55966
-4.55966
-4.55951
-4.55921
-4.55936
-4.55966
-4.55936
-4.55951
-4.55951
-4.55966
-4.55951
-4.56027
-4.56132
-4.56178
-4.56359
-4.56435
-4.56404
-4.56435
-4.56374
-4.56389
-4.56299
-4.56268
-4.56163
-4.56117
-4.56208
-4.56283
-4.56298
-4.56374
-4.56374
-4.56313
-4.56268
-4.56177
-4.56178
-4.56193
-4.56208
-4.56087
-4.56027
-4.56012
-4.55966
-4.55936
-4.55936
-4.5583
-4.5583
-4.558
-4.55845
-4.55906
-4.5586
-4.558
-4.55815
-4.55739
-4.55724
-4.55755
-4.55755
-4.55724
-4.55709
-4.55739
-4.55709
-4.55709
-4.55634
-4.55664
-4.55649
-4.55649
-4.55679
-4.55694
-4.55709
-4.55694
-4.5577
-4.558
-4.55755
-4.55694
-4.5577
-4.55906
-4.55815
-4.55785
-4.558
-4.55725
-4.5577
-4.55755
-4.55861
-4.55906
-4.5583
-4.558
-4.55755
-4.55815
-4.55755
-4.55845
-4.5583
-4.55845
-4.5586
-4.55906
-4.55876
-4.55951
-4.55951
-4.55906
-4.55891
-4.55891
-4.55921
-4.55861
-4.55906
-4.55966
-4.55996
-4.56027
-4.55966
-4.55981
-4.55951
-4.55906
-4.55875
-4.55875
-4.55845
-4.55845
-4.55921
-4.5586
-4.5589
-4.5586
-4.5583
-4.558
-4.55724
-4.55769
-4.55724
-4.55633
-4.55573
-4.55573
-4.55513
-4.55498
-4.55573
-4.55649
-4.55664
-4.55543
-4.55619
-4.55634
-4.55634
-4.55679
-4.55664
-4.55709
-4.55694
-4.55603
-4.55528
-4.55528
-4.55528
-4.55573
-4.55603
-4.55588
-4.55558
-4.55528
-4.55573
-4.55543
-4.55467
-4.55498
-4.55468
-4.55483
-4.55483
-4.55483
-4.55558
-4.55467
-4.55543
-4.55558
-4.55528
-4.55528
-4.55543
-4.55648
-4.55679
-4.55664
-4.55679
-4.55679
-4.55618
-4.55664
-4.55648
-4.55588
-4.55603
-4.55588
-4.55543
-4.55558
-4.55497
-4.55497
-4.55467
-4.55422
-4.55407
-4.55452
-4.55467
-4.55407
-4.55437
-4.55437
-4.55437
-4.55482
-4.55497
-4.55573
-4.55679
-4.55648
-4.55603
-4.55663
-4.55724
-4.55709
-4.55739
-4.55694
-4.55769
-4.55754
-4.55664
-4.55633
-4.55694
-4.55709
-4.55784
-4.5586
-4.55875
-4.55905
-4.55951
-4.55905
-4.5592
-4.55935
-4.55981
-4.56056
-4.56026
-4.55996
-4.56011
-4.56011
-4.56086
-4.56011
-4.56056
-4.56087
-4.56056
-4.56011
-4.55981
-4.55996
-4.55996
-4.5583
-4.5583
-4.5586
-4.55845
-4.5595
-4.56026
-4.56026
-4.56132
-4.56056
-4.55951
-4.55996
-4.56041
-4.56026
-4.55996
-4.55966
-4.55905
-4.55905
-4.55935
-4.55905
-4.5589
-4.55845
-4.5595
-4.55966
-4.55966
-4.5589
-4.55845
-4.5586
-4.5586
-4.55815
-4.55785
-4.55739
-4.55694
-4.55709
-4.55694
-4.55679
-4.55573
-4.55588
-4.55512
-4.55543
-4.55573
-4.55648
-4.55664
-4.55618
-4.55633
-4.55679
-4.55633
-4.55709
-4.55694
-4.55634
-4.55634
-4.55649
-4.55573
-4.55603
-4.55619
-4.55649
-4.55603
-4.55573
-4.55573
-4.55603
-4.55618
-4.55588
-4.55618
-4.55588
-4.55558
-4.55633
-4.55664
-4.55754
-4.55769
-4.5583
-4.55875
-4.5586
-4.55905
-4.5592
-4.5592
-4.55845
-4.5586
-4.55845
-4.5586
-4.55875
-4.55936
-4.55936
-4.55921
-4.55921
-4.5592
-4.55936
-4.56056
-4.56056
-4.56041
-4.56056
-4.55951
-4.5592
-4.5583
-4.5583
-4.55815
-4.55875
-4.5586
-4.5592
-4.5592
-4.5592
-4.55905
-4.55875
-4.5589
-4.55966
-4.5586
-4.55935
-4.5589
-4.55905
-4.55981
-4.55905
-4.55951
-4.55921
-4.55951
-4.55966
-4.56026
-4.56026
-4.56042
-4.56011
-4.56132
-4.56026
-4.56041
-4.55996
-4.56117
-4.56117
-4.56071
-4.56071
-4.56071
-4.56041
-4.56071
-4.56011
-4.56041
-4.56223
-4.56223
-4.56283
-4.56359
-4.56434
-4.56389
-4.56328
-4.56449
-4.56525
-4.56494
-4.56525
-4.5651
-4.56495
-4.56464
-4.56449
-4.56495
-4.5648
-4.5648
-4.5648
-4.56404
-4.56374
-4.56328
-4.56268
-4.56192
-4.56268
-4.56222
-4.56147
-4.56147
-4.56132
-4.56102
-4.56041
-4.56071
-4.56056
-4.56041
-4.56026
-4.56117
-4.56056
-4.56056
-4.56041
-4.56072
-4.56026
-4.56011
-4.55966
-4.56026
-4.56087
-4.56072
-4.56072
-4.55981
-4.56011
-4.56192
-4.56177
-4.56132
-4.56026
-4.56071
-4.55996
-4.55965
-4.55905
-4.5595
-4.55875
-4.55966
-4.55996
-4.55966
-4.55966
-4.5589
-4.55815
-4.5583
-4.5592
-4.56026
-4.56011
-4.56056
-4.56117
-4.56162
-4.56147
-4.55996
-4.5592
-4.5598
-4.5598
-4.56026
-4.56026
-4.5598
-4.55996
-4.56026
-4.56117
-4.55981
-4.56026
-4.56086
-4.56071
-4.55981
-4.55935
-4.55935
-4.5583
-4.55905
-4.55875
-4.55845
-4.55845
-4.5592
-4.5586
-4.55905
-4.5595
-4.5598
-4.56011
-4.55935
-4.56011
-4.55996
-4.56026
-4.56041
-4.56026
-4.5598
-4.56041
-4.55996
-4.56011
-4.55981
-4.5586
-4.55815
-4.5595
-4.5595
-4.5592
-4.55905
-4.55966
-4.56041
-4.56026
-4.55996
-4.56056
-4.56131
-4.56131
-4.56131
-4.56116
-4.56162
-4.56192
-4.56237
-4.56162
-4.56237
-4.56328
-4.56252
-4.56298
-4.56343
-4.56343
-4.56252
-4.56237
-4.56222
-4.56192
-4.56207
-4.56192
-4.56086
-4.56056
-4.56086
-4.55995
-4.56026
-4.55995
-4.5598
-4.5592
-4.56011
-4.55965
-4.56086
-4.56162
-4.56207
-4.56162
-4.56222
-4.56222
-4.56268
-4.56207
-4.56222
-4.56132
-4.56011
-4.56102
-4.56117
-4.56056
-4.55996
-4.56026
-4.55905
-4.55935
-4.5598
-4.55875
-4.55739
-4.55769
-4.55694
-4.55679
-4.55679
-4.55694
-4.55664
-4.55649
-4.55649
-4.55649
-4.55694
-4.55739
-4.55784
-4.55769
-4.55709
-4.55754
-4.55648
-4.55618
-4.55679
-4.55618
-4.55679
-4.55694
-4.55603
-4.55618
-4.55573
-4.55573
-4.55573
-4.55588
-4.55603
-4.55648
-4.55573
-4.55482
-4.55543
-4.55527
-4.55497
-4.55497
-4.55543
-4.55407
-4.55482
-4.55452
-4.55482
-4.55543
-4.55588
-4.55558
-4.55588
-4.55634
-4.55694
-4.55694
-4.55709
-4.55754
-4.55799
-4.55814
-4.5586
-4.5589
-4.5592
-4.55936
-4.55845
-4.5589
-4.5592
-4.55921
-4.55936
-4.5589
-4.55921
-4.55921
-4.55875
-4.5586
-4.5589
-4.5589
-4.5583
-4.55815
-4.55709
-4.55664
-4.55633
-4.55679
-4.55739
-4.55694
-4.55634
-4.55618
-4.55588
-4.55664
-4.55724
-4.55664
-4.55649
-4.55573
-4.55694
-4.55694
-4.55648
-4.55588
-4.55664
-4.55799
-4.5583
-4.5583
-4.55814
-4.55845
-4.5589
-4.55875
-4.55754
-4.55845
-4.55784
-4.55815
-4.55784
-4.55784
-4.55724
-4.55724
-4.55648
-4.55633
-4.55573
-4.55573
-4.55482
-4.55497
-4.55558
-4.55512
-4.55482
-4.55452
-4.55543
-4.55603
-4.55588
-4.55542
-4.55558
-4.55573
-4.55497
-4.55452
-4.55558
-4.55633
-4.55543
-4.55618
-4.55648
-4.55648
-4.55663
-4.55663
-4.55663
-4.55618
-4.55542
-4.55512
-4.55467
-4.55497
-4.55527
-4.55497
-4.55527
-4.55603
-4.55633
-4.55603
-4.55633
-4.55527
-4.55512
-4.55452
-4.55452
-4.55452
-4.55497
-4.55467
-4.55482
-4.55361
-4.55391
-4.55346
-4.55331
-4.5527
-4.5524
-4.5521
-4.55255
-4.55255
-4.55301
-4.55376
-4.55407
-4.55422
-4.55497
-4.55528
-4.55603
-4.55558
-4.55588
-4.55588
-4.55618
-4.55588
-4.55588
-4.55633
-4.55603
-4.55694
-4.55694
-4.55845
-4.5586
-4.55906
-4.55906
-4.55875
-4.55845
-4.55875
-4.55935
-4.5595
-4.56056
-4.55981
-4.5592
-4.5589
-4.55875
-4.55875
-4.55815
-4.55755
-4.55739
-4.55694
-4.55694
-4.55679
-4.55754
-4.55815
-4.55815
-4.55936
-4.56011
-4.55996
-4.55921
-4.55981
-4.55966
-4.56011
-4.56102
-4.56042
-4.55936
-4.55951
-4.55981
-4.55981
-4.56042
-4.56072
-4.56011
-4.56072
-4.56072
-4.56057
-4.56117
-4.56162
-4.56132
-4.56072
-4.56087
-4.56026
-4.55981
-4.55951
-4.55921
-4.56042
-4.56072
-4.56057
-4.56117
-4.56132
-4.56057
-4.55951
-4.55951
-4.55905
-4.55875
-4.5586
-4.5586
-4.55845
-4.5586
-4.55769
-4.55815
-4.55845
-4.55769
-4.55845
-4.55845
-4.55755
-4.5577
-4.5574
-4.55664
-4.55589
-4.55649
-4.55619
-4.55604
-4.55694
-4.55709
-4.55709
-4.55724
-4.55709
-4.55724
-4.55679
-4.55664
-4.55634
-4.55634
-4.55664
-4.55588
-4.55558
-4.55588
-4.55573
-4.55543
-4.55543
-4.55513
-4.55543
-4.55543
-4.55528
-4.55453
-4.55392
-4.55422
-4.55528
-4.55483
-4.55468
-4.55498
-4.55513
-4.55483
-4.55604
-4.55559
-4.55589
-4.55649
-4.55679
-4.55679
-4.55679
-4.55664
-4.55755
-4.55755
-4.55725
-4.55649
-4.5577
-4.55679
-4.55694
-4.55725
-4.55755
-4.55664
-4.55649
-4.55649
-4.55649
-4.55619
-4.55558
-4.55634
-4.55604
-4.55543
-4.55558
-4.55468
-4.55453
-4.55437
-4.55452
-4.55422
-4.55347
-4.55331
-4.55286
-4.55347
-4.55422
-4.55392
-4.55407
-4.55483
-4.55513
-4.55634
-4.55694
-4.55679
-4.55694
-4.55785
-4.55815
-4.558
-4.5583
-4.5577
-4.55785
-4.5577
-4.5571
-4.55679
-4.55574
-4.55574
-4.55664
-4.55649
-4.55574
-4.55694
-4.5571
-4.55785
-4.55679
-4.55604
-4.55664
-4.55634
-4.55664
-4.55634
-4.55664
-4.55694
-4.55724
-4.55664
-4.55619
-4.55679
-4.55543
-4.55574
-4.55483
-4.55574
-4.55589
-4.55528
-4.55513
-4.55513
-4.55498
-4.55453
-4.55513
-4.55574
-4.55649
-4.55649
-4.55649
-4.55649
-4.55634
-4.55634
-4.55679
-4.5571
-4.5577
-4.5577
-4.55755
-4.55755
-4.55634
-4.55665
-4.55801
-4.55695
-4.55755
-4.55785
-4.5577
-4.55785
-4.55891
-4.55906
-4.55966
-4.55997
-4.55891
-4.55997
-4.56118
-4.56208
-4.56163
-4.56118
-4.56118
-4.56058
-4.56058
-4.56058
-4.55982
-4.55967
-4.56058
-4.56073
-4.56087
-4.56072
-4.56027
-4.56042
-4.56057
-4.56178
-4.56224
-4.56058
-4.56058
-4.55967
-4.55982
-4.56088
-4.56057
-4.56057
-4.56012
-4.56012
-4.55982
-4.55936
-4.55936
-4.55861
-4.55831
-4.55816
-4.5574
-4.55725
-4.5571
-4.5571
-4.5574
-4.55846
-4.55831
-4.55816
-4.55831
-4.55906
-4.56042
-4.56073
-4.56088
-4.56043
-4.56088
-4.56073
-4.56058
-4.55982
-4.56027
-4.56027
-4.56057
-4.56087
-4.56087
-4.55997
-4.56042
-4.56042
-4.56042
-4.56088
-4.56133
-4.56224
-4.56284
-4.56194
-4.56209
-4.56163
-4.56088
-4.55997
-4.56042
-4.55982
-4.55891
-4.55815
-4.55906
-4.55846
-4.55861
-4.55936
-4.55861
-4.55861
-4.55861
-4.55831
-4.55846
-4.55846
-4.55785
-4.55861
-4.55831
-4.55861
-4.55921
-4.55951
-4.55936
-4.56027
-4.56027
-4.56103
-4.56148
-4.56118
-4.56148
-4.56102
-4.56087
-4.56012
-4.56072
-4.56042
-4.56057
-4.55891
-4.55876
-4.55921
-4.55876
-4.55876
-4.55785
-4.55891
-4.55861
-4.55876
-4.55785
-4.5574
-4.5577
-4.558
-4.55785
-4.55755
-4.5574
-4.5577
-4.5577
-4.5586
-4.5586
-4.55876
-4.55981
-4.55966
-4.55906
-4.55982
-4.55997
-4.55982
-4.56087
-4.56057
-4.56163
-4.56148
-4.56118
-4.56193
-4.56163
-4.56163
-4.56148
-4.56178
-4.56133
-4.56178
-4.56102
-4.56133
-4.56223
-4.56118
-4.56072
-4.56118
-4.56133
-4.56072
-4.56057
-4.56057
-4.55966
-4.55951
-4.56027
-4.56027
-4.56057
-4.56057
-4.55951
-4.55921
-4.55906
-4.55876
-4.55921
-4.55936
-4.55891
-4.5574
-4.55785
-4.55755
-4.558
-4.55831
-4.5583
-4.5577
-4.55785
-4.5583
-4.55785
-4.55694
-4.55725
-4.55755
-4.55755
-4.55755
-4.5577
-4.55755
-4.55831
-4.55861
-4.558
-4.55755
-4.55649
-4.55679
-4.55695
-4.55755
-4.55755
-4.5574
-4.55815
-4.5583
-4.55815
-4.55861
-4.5577
-4.5574
-4.55755
-4.5583
-4.55709
-4.55709
-4.55634
-4.55649
-4.55619
-4.55634
-4.55634
-4.55634
-4.55664
-4.55695
-4.55725
-4.55725
-4.5577
-4.55816
-4.55861
-4.55815
-4.5583
-4.5583
-4.55891
-4.55906
-4.55876
-4.55875
-4.55875
-4.55936
-4.558
-4.5574
-4.55785
-4.55785
-4.5577
-4.558
-4.55785
-4.5574
-4.55755
-4.5577
-4.55725
-4.55725
-4.55725
-4.55694
-4.55755
-4.558
-4.55876
-4.55891
-4.55966
-4.55981
-4.55875
-4.5577
-4.55739
-4.55785
-4.55785
-4.558
-4.5574
-4.55709
-4.55588
-4.55649
-4.5574
-4.5583
-4.55755
-4.55724
-4.55694
-4.55679
-4.55725
-4.55664
-4.5577
-4.55725
-4.5574
-4.55785
-4.55755
-4.55724
-4.55664
-4.55619
-4.55513
-4.55543
-4.55528
-4.55573
-4.55543
-4.55513
-4.55528
-4.55559
-4.55528
-4.55498
-4.55513
-4.55498
-4.55589
-4.55558
-4.55528
-4.55483
-4.55483
-4.55498
-4.55498
-4.55528
-4.55604
-4.5568
-4.55574
-4.55559
-4.55543
-4.55589
-4.55634
-4.55589
-4.55664
-4.5577
-4.5577
-4.5574
-4.55785
-4.5577
-4.55891
-4.55936
-4.55921
-4.55921
-4.55921
-4.55921
-4.55876
-4.55846
-4.55861
-4.55921
-4.55891
-4.55906
-4.5583
-4.55815
-4.55755
-4.5583
-4.55921
-4.55891
-4.55861
-4.5583
-4.558
-4.5583
-4.55831
-4.55921
-4.55921
-4.55891
-4.55876
-4.55876
-4.55951
-4.55966
-4.55981
-4.55966
-4.56012
-4.55997
-4.55966
-4.55876
-4.55891
-4.55906
-4.5583
-4.55815
-4.5577
-4.55936
-4.55951
-4.55951
-4.55921
-4.55981
-4.55906
-4.55982
-4.55951
-4.55936
-4.55936
-4.55876
-4.55815
-4.5574
-4.55755
-4.55709
-4.55755
-4.5574
-4.55755
-4.55755
-4.5571
-4.55785
-4.5583
-4.55815
-4.55785
-4.5571
-4.55664
-4.55664
-4.5577
-4.5583
-4.558
-4.55815
-4.5571
-4.5571
-4.55589
-4.55664
-4.55604
-4.55634
-4.55634
-4.55558
-4.55543
-4.55619
-4.55679
-4.5577
-4.558
-4.558
-4.5571
-4.55679
-4.55664
-4.55649
-4.55724
-4.55785
-4.55755
-4.558
-4.55906
-4.55861
-4.55876
-4.55846
-4.55815
-4.55891
-4.55846
-4.55891
-4.55861
-4.55906
-4.56012
-4.55936
-4.55906
-4.55982
-4.56012
-4.55997
-4.55981
-4.56117
-4.56132
-4.55996
-4.55921
-4.55921
-4.55951
-4.55966
-4.55921
-4.5583
-4.5586
-4.5586
-4.55891
-4.56042
-4.55936
-4.55906
-4.55936
-4.55921
-4.55861
-4.5583
-4.55845
-4.55876
-4.5586
-4.55936
-4.55936
-4.5589
-4.55921
-4.5589
-4.5586
-4.55845
-4.5586
-4.55845
-4.55815
-4.55936
-4.55936
-4.55981
-4.56011
-4.56011
-4.56041
-4.56057
-4.55996
-4.56041
-4.56072
-4.56087
-4.56132
-4.56087
-4.56072
-4.56162
-4.56177
-4.56102
-4.56041
-4.56072
-4.56056
-4.55936
-4.55936
-4.55936
-4.55921
-4.55921
-4.55906
-4.5589
-4.55921
-4.55951
-4.55936
-4.55996
-4.55951
-4.55906
-4.55981
-4.55951
-4.55906
-4.55845
-4.5583
-4.5583
-4.558
-4.55664
-4.55664
-4.55724
-4.558
-4.5577
-4.55891
-4.55936
-4.55981
-4.56012
-4.55891
-4.55891
-4.55951
-4.56072
-4.56087
-4.55921
-4.55906
-4.55951
-4.56027
-4.55996
-4.55966
-4.55906
-4.55906
-4.55936
-4.55966
-4.55951
-4.55982
-4.56042
-4.55997
-4.56042
-4.56087
-4.56072
-4.56102
-4.56087
-4.56163
-4.56147
-4.56117
-4.56132
-4.56087
-4.56117
-4.56087
-4.56087
-4.56133
-4.56102
-4.56102
-4.56072
-4.56087
-4.56012
-4.56012
-4.56042
-4.56042
-4.55951
-4.55981
-4.55981
-4.55966
-4.55981
-4.55951
-4.55921
-4.55861
-4.55906
-4.55845
-4.5583
-4.55875
-4.55921
-4.55981
-4.55996
-4.55981
-4.55921
-4.55951
-4.55981
-4.55891
-4.55875
-4.55875
-4.55815
-4.55875
-4.5586
-4.5583
-4.5577
-4.5577
-4.55845
-4.55815
-4.5589
-4.55875
-4.55875
-4.5583
-4.55769
-4.5577
-4.55754
-4.55724
-4.55664
-4.55649
-4.55724
-4.55754
-4.55709
-4.55724
-4.55739
-4.55709
-4.55709
-4.55603
-4.55528
-4.55482
-4.55482
-4.55422
-4.55512
-4.55482
-4.55558
-4.55513
-4.55482
-4.55452
-4.55422
-4.55497
-4.55528
-4.55452
-4.55452
-4.55437
-4.55467
-4.55558
-4.55497
-4.55618
-4.55649
-4.55694
-4.55724
-4.55769
-4.55785
-4.5583
-4.55679
-4.55634
-4.55724
-4.55754
-4.55754
-4.55694
-4.55664
-4.55664
-4.55633
-4.55633
-4.55512
-4.55558
-4.55588
-4.55588
-4.55573
-4.55513
-4.55543
-4.55452
-4.55422
-4.55437
-4.55377
-4.55392
-4.55392
-4.55392
-4.55422
-4.55392
-4.55437
-4.55392
-4.55422
-4.55452
-4.55498
-4.55573
-4.55498
-4.55482
-4.55498
-4.55558
-4.55573
-4.55573
-4.55573
-4.55482
-4.55528
-4.55497
-4.55482
-4.55482
-4.55452
-4.55467
-4.55452
-4.55407
-4.55407
-4.55452
-4.55467
-4.55513
-4.55543
-4.55543
-4.55573
-4.55619
-4.55573
-4.55528
-4.55482
-4.55513
-4.55467
-4.55483
-4.55528
-4.55603
-4.55619
-4.55709
-4.55634
-4.55634
-4.55588
-4.55618
-4.55649
-4.55694
-4.55649
-4.55513
-4.55467
-4.55528
-4.55603
-4.55588
-4.55724
-4.5577
-4.5583
-4.55785
-4.55785
-4.55754
-4.55754
-4.55754
-4.55754
-4.55694
-4.55709
-4.55694
-4.558
-4.55664
-4.55724
-4.55724
-4.55755
-4.55755
-4.55694
-4.55709
-4.55589
-4.55634
-4.55664
-4.55649
-4.55604
-4.55679
-4.55679
-4.55679
-4.55633
-4.55754
-4.5583
-4.55875
-4.5586
-4.55875
-4.5583
-4.55861
-4.55951
-4.56012
-4.56012
-4.56012
-4.56042
-4.56057
-4.56057
-4.55997
-4.55981
-4.55951
-4.55876
-4.55936
-4.55936
-4.55996
-4.55966
-4.56026
-4.55936
-4.55951
-4.55996
-4.56072
-4.56012
-4.56027
-4.56027
-4.55997
-4.55966
-4.55967
-4.55997
-4.55997
-4.56057
-4.56042
-4.56087
-4.56057
-4.56072
-4.56102
-4.56147
-4.56117
-4.56057
-4.56041
-4.56041
-4.56041
-4.55936
-4.55951
-4.55905
-4.55951
-4.55966
-4.55906
-4.55876
-4.5583
-4.5586
-4.55891
-4.55936
-4.55921
-4.55936
-4.55966
-4.55966
-4.55996
-4.55951
-4.55905
-4.55815
-4.55754
-4.55724
-4.5577
-4.5583
-4.5586
-4.55845
-4.55891
-4.5589
-4.55905
-4.55936
-4.55906
-4.5583
-4.55845
-4.55876
-4.5583
-4.55815
-4.55755
-4.558
-4.5583
-4.55875
-4.55845
-4.55815
-4.55936
-4.55951
-4.55921
-4.55875
-4.5586
-4.5583
-4.5583
-4.55785
-4.55724
-4.55739
-4.55724
-4.55694
-4.55679
-4.55739
-4.55785
-4.55785
-4.55921
-4.55951
-4.55951
-4.56087
-4.56056
-4.55966
-4.5589
-4.55845
-4.5583
-4.5583
-4.55906
-4.55845
-4.5589
-4.5586
-4.55936
-4.56026
-4.55951
-4.55936
-4.55966
-4.55981
-4.55906
-4.55891
-4.55981
-4.55981
-4.55996
-4.56026
-4.56072
-4.56147
-4.56072
-4.56117
-4.56011
-4.55936
-4.55921
-4.55921
-4.55875
-4.55921
-4.55905
-4.5586
-4.55724
-4.55649
-4.55603
-4.55573
-4.55603
-4.55603
-4.55498
-4.55603
-4.55588
-4.55588
-4.55633
-4.55724
-4.55739
-4.55754
-4.55724
-4.55694
-4.55664
-4.55664
-4.55633
-4.55664
-4.55618
-4.55694
-4.55724
-4.55694
-4.55709
-4.5586
-4.55845
-4.55845
-4.55799
-4.5586
-4.55875
-4.55815
-4.5583
-4.55754
-4.55814
-4.55905
-4.5589
-4.5589
-4.5592
-4.55845
-4.55905
-4.55754
-4.55679
-4.55679
-4.55649
-4.55603
-4.55618
-4.55709
-4.55694
-4.55649
-4.55694
-4.55619
-4.55573
-4.55467
-4.55497
-4.55543
-4.55482
-4.55618
-4.55679
-4.55709
-4.55649
-4.55634
-4.55709
-4.55694
-4.55694
-4.55709
-4.55755
-4.55815
-4.55845
-4.55905
-4.5592
-4.55845
-4.55845
-4.5583
-4.55815
-4.55679
-4.55649
-4.55634
-4.55694
-4.55679
-4.55679
-4.55664
-4.55709
-4.55664
-4.55649
-4.55725
-4.55694
-4.55679
-4.55634
-4.55634
-4.55558
-4.55573
-4.55558
-4.55633
-4.55633
-4.55694
-4.55754
-4.55815
-4.55815
-4.55845
-4.55845
-4.55861
-4.55845
-4.55785
-4.5574
-4.55724
-4.55694
-4.55694
-4.55648
-4.55633
-4.55588
-4.55543
-4.55513
-4.55604
-4.55573
-4.55604
-4.55574
-4.55619
-4.55619
-4.55664
-4.55664
-4.55543
-4.55588
-4.55603
-4.55619
-4.55543
-4.55543
-4.55452
-4.55452
-4.55498
-4.55604
-4.55649
-4.55679
-4.5574
-4.5574
-4.55664
-4.55589
-4.55664
-4.55634
-4.55724
-4.55709
-4.55679
-4.55724
-4.55649
-4.55618
-4.55619
-4.55558
-4.55558
-4.55513
-4.55437
-4.55483
-4.55437
-4.55467
-4.55437
-4.55437
-4.55528
-4.55558
-4.55633
-4.55694
-4.55664
-4.55603
-4.55558
-4.55543
-4.55558
-4.55634
-4.55709
-4.55618
-4.55588
-4.55558
-4.55452
-4.55422
-4.55452
-4.55467
-4.55407
-4.55528
-4.55543
-4.55558
-4.55543
-4.55513
-4.55558
-4.55543
-4.55573
-4.55513
-4.55528
-4.55528
-4.55528
-4.55543
-4.55558
-4.55588
-4.55558
-4.55392
-4.55331
-4.55422
-4.55407
-4.55528
-4.55497
-4.55498
-4.55558
-4.55543
-4.55543
-4.55513
-4.55483
-4.55528
-4.55528
-4.55437
-4.55437
-4.55497
-4.55558
-4.55573
-4.55648
-4.55573
-4.55618
-4.55664
-4.55573
-4.55648
-4.55558
-4.55573
-4.55528
-4.55558
-4.55512
-4.55543
-4.55497
-4.55467
-4.55437
-4.55527
-4.55512
-4.55482
-4.55543
-4.55543
-4.55634
-4.55649
-4.55679
-4.55709
-4.55724
-4.55649
-4.55649
-4.55633
-4.55664
-4.55709
-4.55664
-4.55649
-4.55588
-4.55679
-4.55633
-4.55679
-4.55664
-4.55709
-4.55664
-4.55603
-4.55603
-4.55694
-4.55558
-4.55543
-4.55482
-4.55467
-4.55528
-4.55467
-4.55452
-4.55422
-4.55407
-4.55437
-4.55452
-4.55482
-4.55437
-4.55512
-4.55573
-4.55513
-4.55543
-4.55634
-4.55603
-4.55634
-4.55558
-4.55573
-4.55603
-4.55709
-4.55649
-4.55558
-4.55543
-4.55558
-4.55603
-4.55543
-4.55543
-4.55558
-4.55543
-4.55543
-4.55528
-4.55558
-4.55558
-4.55588
-4.55588
-4.55618
-4.55618
-4.55694
-4.55694
-4.55664
-4.55664
-4.5574
-4.5583
-4.55845
-4.55861
-4.5577
-4.5574
-4.55724
-4.55815
-4.55679
-4.55664
-4.55709
-4.55694
-4.55664
-4.55618
-4.55573
-4.55649
-4.55589
-4.55604
-4.55634
-4.55649
-4.55573
-4.55513
-4.55573
-4.55573
-4.55603
-4.55633
-4.55648
-4.55679
-4.558
-4.55815
-4.55755
-4.5586
-4.55891
-4.55875
-4.55739
-4.55679
-4.55739
-4.55754
-4.55769
-4.55784
-4.55739
-4.55633
-4.55558
-4.55558
-4.55603
-4.55543
-4.55603
-4.55497
-4.55588
-4.55497
-4.55482
-4.55724
-4.5577
-4.55739
-4.55619
-4.55679
-4.55724
-4.5577
-4.55709
-4.55724
-4.55573
-4.55588
-4.55513
-4.55634
-4.55618
-4.55588
-4.55558
-4.55558
-4.55482
-4.55543
-4.55588
-4.55634
-4.55694
-4.55588
-4.55619
-4.55603
-4.55543
-4.55528
-4.55573
-4.55573
-4.55513
-4.55468
-4.55452
-4.55558
-4.55483
-4.55543
-4.55603
-4.55588
-4.55543
-4.55618
-4.55588
-4.55588
-4.55573
-4.55588
-4.55558
-4.55588
-4.55603
-4.55603
-4.55618
-4.55618
-4.55664
-4.55619
-4.55634
-4.55634
-4.55709
-4.55739
-4.55679
-4.55709
-4.55649
-4.55603
-4.55649
-4.55497
-4.55482
-4.55482
-4.55482
-4.55407
-4.55482
-4.55452
-4.55437
-4.55528
-4.55362
-4.55362
-4.55422
-4.55437
-4.55437
-4.55452
-4.55377
-4.55347
-4.55452
-4.55422
-4.55467
-4.55498
-4.55528
-4.55437
-4.55467
-4.55513
-4.55573
-4.55528
-4.55603
-4.55634
-4.55619
-4.55619
-4.55573
-4.55634
-4.55694
-4.55664
-4.55709
-4.5583
-4.55845
-4.5577
-4.55815
-4.55906
-4.5577
-4.55875
-4.55891
-4.55875
-4.55936
-4.55921
-4.55981
-4.56011
-4.55996
-4.55951
-4.55966
-4.56011
-4.55951
-4.55966
-4.55966
-4.55951
-4.5589
-4.5589
-4.55921
-4.5586
-4.55815
-4.5583
-4.55815
-4.55785
-4.55754
-4.55633
-4.55649
-4.55694
-4.55709
-4.55769
-4.5583
-4.558
-4.55739
-4.55815
-4.55709
-4.55724
-4.55694
-4.55603
-4.55528
-4.55513
-4.55528
-4.55633
-4.55694
-4.55664
-4.55633
-4.55588
-4.55558
-4.55558
-4.55588
-4.55648
-4.55663
-4.55648
-4.55603
-4.55573
-4.55573
-4.55543
-4.55513
-4.55482
-4.55452
-4.55543
-4.55618
-4.55634
-4.55649
-4.55618
-4.55603
-4.55588
-4.55588
-4.55664
-4.55724
-4.55694
-4.55649
-4.55634
-4.55634
-4.55588
-4.55483
-4.55377
-4.55407
-4.55437
-4.55452
-4.55422
-4.55407
-4.55422
-4.55483
-4.55513
-4.55528
-4.55498
-4.55468
-4.55528
-4.55543
-4.55513
-4.55558
-4.55573
-4.55573
-4.55604
-4.55588
-4.55619
-4.55664
-4.55619
-4.55664
-4.55679
-4.55725
-4.55755
-4.55694
-4.5574
-4.55725
-4.55679
-4.55709
-4.55694
-4.5574
-4.55755
-4.55724
-4.558
-4.5583
-4.55755
-4.55755
-4.558
-4.55815
-4.5583
-4.55876
-4.55845
-4.55936
-4.55966
-4.55951
-4.55996
-4.56072
-4.56087
-4.56087
-4.56163
-4.56163
-4.56072
-4.56117
-4.56178
-4.56132
-4.56148
-4.56133
-4.56133
-4.56057
-4.56072
-4.56103
-4.56103
-4.56148
-4.56118
-4.56072
-4.56148
-4.56042
-4.56042
-4.56057
-4.56087
-4.56027
-4.55951
-4.55966
-4.55936
-4.55966
-4.55921
-4.55891
-4.55936
-4.5586
-4.55876
-4.55845
-4.5583
-4.55815
-4.55876
-4.55876
-4.55921
-4.55891
-4.55709
-4.55724
-4.55755
-4.5574
-4.55679
-4.55649
-4.55604
-4.55558
-4.55589
-4.55589
-4.55604
-4.55589
-4.55573
-4.55588
-4.55483
-4.55513
-4.55467
-4.55467
-4.55422
-4.55407
-4.55422
-4.55437
-4.55498
-4.55528
-4.55513
-4.55483
-4.55407
-4.55467
-4.55392
-4.55482
-4.55497
-4.55482
-4.55513
-4.55513
-4.55618
-4.55649
-4.55619
-4.55679
-4.55649
-4.55588
-4.55558
-4.55619
-4.55679
-4.55709
-4.55664
-4.55679
-4.55588
-4.55603
-4.55664
-4.55664
-4.55648
-4.55649
-4.55679
-4.55724
-4.55679
-4.5574
-4.55679
-4.55709
-4.55755
-4.5574
-4.5577
-4.5583
-4.55891
-4.55845
-4.55891
-4.55906
-4.5586
-4.5583
-4.55815
-4.55769
-4.55815
-4.55754
-4.55709
-4.55634
-4.55664
-4.55513
-4.55543
-4.55543
-4.55468
-4.55362
-4.55362
-4.55317
-4.55211
-4.55181
-4.55165
-4.55196
-4.55165
-4.55256
-4.55301
-4.55317
-4.55317
-4.55362
-4.55377
-4.55392
-4.55347
-4.55347
-4.55468
-4.55453
-4.55468
-4.55468
-4.55453
-4.55438
-4.55438
-4.55408
-4.55377
-4.55438
-4.55392
-4.55453
-4.55498
-4.55513
-4.55453
-4.55498
-4.55544
-4.55574
-4.55574
-4.55544
-4.55423
-4.55513
-4.55513
-4.55468
-4.55483
-4.55544
-4.55635
-4.55589
-4.55589
-4.55619
-4.5565
-4.55559
-4.55483
-4.55649
-4.55574
-4.55604
-4.55589
-4.55589
-4.55589
-4.55483
-4.55498
-4.55634
-4.55664
-4.55619
-4.55664
-4.55664
-4.55634
-4.5568
-4.55695
-4.5571
-4.55755
-4.5577
-4.55755
-4.5577
-4.5565
-4.55634
-4.55513
-4.55559
-4.55574
-4.55604
-4.55664
-4.55604
-4.55604
-4.55544
-4.55589
-4.55695
-4.5571
-4.55755
-4.55786
-4.55922
-4.55876
-4.55876
-4.55952
-4.55997
-4.55982
-4.55951
-4.55982
-4.56042
-4.56027
-4.56072
-4.55997
-4.55966
-4.55906
-4.55936
-4.55906
-4.55921
-4.55815
-4.5577
-4.55861
-4.55876
-4.55952
-4.55997
-4.56012
-4.55936
-4.55967
-4.55936
-4.55906
-4.55906
-4.55891
-4.55936
-4.55906
-4.55845
-4.55785
-4.5583
-4.55845
-4.55951
-4.55906
-4.55906
-4.55997
-4.56057
-4.55997
-4.55921
-4.55785
-4.55725
-4.5571
-4.5577
-4.55861
-4.55861
-4.55891
-4.55846
-4.55906
-4.55921
-4.55815
-4.55846
-4.558
-4.55785
-4.55725
-4.55694
-4.55679
-4.5574
-4.5577
-4.55785
-4.5577
-4.5571
-4.5574
-4.5574
-4.55725
-4.5571
-4.55574
-4.55483
-4.55483
-4.55589
-4.55558
-4.55619
-4.55649
-4.55755
-4.558
-4.55785
-4.5577
-4.55861
-4.55876
-4.55891
-4.55831
-4.55801
-4.55801
-4.55831
-4.55861
-4.55876
-4.55846
-4.5577
-4.558
-4.55921
-4.55981
-4.55906
-4.55906
-4.55861
-4.55906
-4.55951
-4.55951
-4.56042
-4.56072
-4.56012
-4.56027
-4.55936
-4.55982
-4.56027
-4.56012
-4.55966
-4.56012
-4.56027
-4.55997
-4.55936
-4.55966
-4.55906
-4.55906
-4.55846
-4.55876
-4.55906
-4.55846
-4.558
-4.55755
-4.55709
-4.5577
-4.55785
-4.55785
-4.558
-4.558
-4.55725
-4.55755
-4.5574
-4.55679
-4.5571
-4.5574
-4.5574
-4.55694
-4.55619
-4.55694
-4.55709
-4.558
-4.55936
-4.55966
-4.55981
-4.55966
-4.55936
-4.56011
-4.55936
-4.56011
-4.56057
-4.56011
-4.55966
-4.55951
-4.55951
-4.55951
-4.55951
-4.55875
-4.5592
-4.55981
-4.55921
-4.55875
-4.55845
-4.5583
-4.55906
-4.55966
-4.55906
-4.55936
-4.55951
-4.55966
-4.55921
-4.55906
-4.55845
-4.5586
-4.5586
-4.55936
-4.55936
-4.55921
-4.55875
-4.5577
-4.55845
-4.55815
-4.55845
-4.55845
-4.55785
-4.55739
-4.55664
-4.55739
-4.55694
-4.55558
-4.55634
-4.55634
-4.5574
-4.558
-4.55891
-4.5589
-4.55905
-4.55845
-4.5583
-4.55784
-4.55905
-4.5583
-4.55875
-4.55981
-4.55936
-4.55981
-4.55936
-4.55981
-4.55936
-4.55966
-4.55921
-4.55875
-4.55905
-4.5592
-4.5589
-4.55875
-4.55875
-4.55966
-4.5589
-4.55905
-4.55966
-4.56071
-4.56132
-4.56071
-4.56102
-4.56041
-4.56102
-4.56086
-4.56086
-4.56117
-4.56086
-4.56056
-4.56071
-4.55996
-4.55935
-4.55996
-4.55981
-4.55966
-4.5589
-4.55905
-4.55829
-4.5586
-4.55875
-4.5589
-4.55935
-4.56071
-4.56056
-4.55981
-4.56011
-4.55996
-4.56086
-4.56147
-4.56011
-4.56011
-4.55996
-4.56026
-4.5592
-4.55905
-4.55996
-4.56072
-4.56117
-4.56057
-4.56026
-4.55951
-4.55845
-4.55875
-4.55845
-4.55845
-4.5586
-4.5586
-4.55815
-4.55921
-4.55951
-4.55921
-4.558
-4.558
-4.5583
-4.55739
-4.55694
-4.55694
-4.55633
-4.55558
-4.55558
-4.55482
-4.55528
-4.55558
-4.55619
-4.55619
-4.55558
-4.55619
-4.55694
-4.55709
-4.55724
-4.55679
-4.55649
-4.55664
-4.55633
-4.55648
-4.55573
-4.55588
-4.55633
-4.55618
-4.55618
-4.55649
-4.55845
-4.5589
-4.55845
-4.5577
-4.5586
-4.55875
-4.5589
-4.55815
-4.5583
-4.5589
-4.55905
-4.55905
-4.5586
-4.5589
-4.55875
-4.55784
-4.5583
-4.5586
-4.55784
-4.558
-4.55679
-4.55664
-4.55573
-4.55558
-4.55603
-4.55573
-4.55603
-4.55618
-4.55618
-4.55664
-4.55618
-4.55588
-4.55679
-4.55679
-4.55603
-4.55558
-4.55558
-4.55633
-4.55618
-4.55588
-4.55558
-4.55603
-4.55588
-4.55543
-4.55573
-4.55573
-4.55634
-4.55528
-4.55543
-4.55528
-4.55588
-4.55603
-4.55633
-4.55679
-4.55709
-4.5583
-4.55815
-4.55905
-4.55875
-4.55845
-4.55739
-4.55769
-4.55679
-4.55679
-4.55649
-4.55664
-4.55603
-4.55618
-4.55543
-4.55588
-4.55482
-4.55528
-4.55558
-4.55573
-4.55558
-4.55603
-4.55633
-4.55482
-4.55467
-4.55528
-4.55634
-4.55588
-4.55679
-4.55664
-4.55679
-4.55588
-4.55498
-4.55392
-4.55362
-4.55392
-4.55407
-4.55362
-4.55331
-4.55392
-4.55392
-4.55407
-4.55452
-4.55467
-4.55407
-4.55422
-4.55331
-4.55316
-4.55271
-4.5524
-4.55331
-4.55422
-4.55452
-4.55467
-4.55528
-4.55513
-4.55452
-4.55347
-4.55347
-4.55453
-4.55437
-4.55468
-4.55468
-4.55543
-4.55528
-4.55619
-4.55543
-4.55528
-4.55543
-4.55619
-4.55619
-4.55679
-4.55679
-4.55694
-4.55679
-4.55634
-4.55604
-4.55604
-4.55603
-4.55679
-4.55634
-4.55649
-4.55664
-4.55604
-4.55649
-4.55558
-4.55468
-4.55452
-4.55482
-4.55452
-4.55422
-4.55422
-4.55452
-4.55513
-4.55558
-4.55543
-4.55558
-4.55573
-4.55513
-4.55498
-4.55543
-4.55498
-4.55498
-4.55573
-4.55618
-4.55558
-4.55467
-4.55543
-4.55649
-4.55664
-4.55739
-4.55754
-4.55724
-4.558
-4.5589
-4.55966
-4.55936
-4.5586
-4.55845
-4.55845
-4.5583
-4.55906
-4.5589
-4.5589
-4.5589
-4.55845
-4.55951
-4.55875
-4.5586
-4.55905
-4.56011
-4.55981
-4.55936
-4.55996
-4.5589
-4.55921
-4.55921
-4.5586
-4.5583
-4.5589
-4.5592
-4.55936
-4.55951
-4.55966
-4.55936
-4.55996
-4.56026
-4.56026
-4.55935
-4.55935
-4.5586
-4.55815
-4.5592
-4.55875
-4.55845
-4.55966
-4.55981
-4.55936
-4.56026
-4.55951
-4.56041
-4.56056
-4.56087
-4.56056
-4.56026
-4.55905
-4.5595
-4.5586
-4.55935
-4.5592
-4.5592
-4.5589
-4.55875
-4.5589
-4.5589
-4.55875
-4.5586
-4.55815
-4.55875
-4.5583
-4.55815
-4.55769
-4.55724
-4.55754
-4.5589
-4.55875
-4.55845
-4.5577
-4.55845
-4.55921
-4.5589
-4.55845
-4.5586
-4.55875
-4.5586
-4.55769
-4.55754
-4.55754
-4.55739
-4.55739
-4.55679
-4.55724
-4.55785
-4.55905
-4.5586
-4.5595
-4.55905
-4.5592
-4.5595
-4.5595
-4.55905
-4.55935
-4.55905
-4.5595
-4.55951
-4.55845
-4.558
-4.55815
-4.55679
-4.55558
-4.55527
-4.55527
-4.55527
-4.55543
-4.55527
-4.55497
-4.55527
-4.55588
-4.55739
-4.55694
-4.55618
-4.55588
-4.55679
-4.55664
-4.55679
-4.55618
-4.55558
-4.55588
-4.55679
-4.55663
-4.55648
-4.55648
-4.55799
-4.5592
-4.5589
-4.55935
-4.55935
-4.5583
-4.5583
-4.5586
-4.55815
-4.55815
-4.5583
-4.5589
-4.5589
-4.5589
-4.5586
-4.5586
-4.55845
-4.55845
-4.5583
-4.558
-4.55784
-4.55769
-4.558
-4.55936
-4.5589
-4.5586
-4.5589
-4.5589
-4.55875
-4.5595
-4.56011
-4.56071
-4.56086
-4.56177
-4.56162
-4.56177
-4.56192
-4.56147
-4.56072
-4.56026
-4.55996
-4.55981
-4.55951
-4.55951
-4.55905
-4.5583
-4.558
-4.55784
-4.55769
-4.55739
-4.55769
-4.5583
-4.55754
-4.55799
-4.55905
-4.55875
-4.5583
-4.55875
-4.5592
-4.55845
-4.5586
-4.55799
-4.55815
-4.558
-4.55784
-4.55785
-4.55679
-4.55754
-4.55754
-4.55785
-4.55815
-4.5586
-4.5583
-4.5586
-4.5586
-4.55784
-4.55769
-4.55769
-4.55648
-4.55618
-4.55648
-4.55543
-4.55588
-4.55603
-4.55558
-4.55588
-4.55633
-4.55573
-4.55603
-4.55512
-4.55452
-4.55542
-4.55467
-4.55482
-4.55452
-4.55467
-4.55422
-4.55407
-4.55331
-4.55346
-4.55376
-4.55422
-4.55452
-4.55422
-4.55467
-4.55482
-4.55513
-4.55603
-4.55649
-4.55618
-4.55603
-4.55633
-4.55649
-4.55618
-4.55558
-4.55664
-4.55679
-4.55663
-4.55663
-4.55648
-4.55663
-4.55633
-4.55709
-4.55754
-4.55724
-4.55739
-4.55769
-4.55724
-4.55664
-4.55664
-4.55633
-4.55633
-4.55618
-4.55618
-4.55663
-4.55784
-4.55633
-4.55603
-4.55618
-4.55603
-4.55693
-4.55769
-4.55708
-4.55708
-4.55708
-4.55603
-4.55573
-4.55542
-4.55452
-4.55422
-4.55482
-4.55558
-4.55542
-4.55694
-4.55739
-4.55648
-4.55633
-4.55572
-4.55587
-4.55557
-4.55633
-4.55708
-4.55678
-4.55724
-4.55724
-4.55829
-4.55829
-4.55845
-4.5586
-4.5589
-4.5595
-4.55829
-4.5586
-4.5589
-4.55829
-4.55875
-4.55844
-4.55814
-4.55769
-4.55844
-4.55844
-4.55905
-4.55965
-4.5601
-4.5598
-4.5598
-4.5601
-4.56026
-4.55995
-4.5595
-4.55935
-4.5592
-4.55965
-4.55965
-4.5589
-4.55995
-4.5601
-4.5595
-4.55935
-4.5592
-4.5592
-4.55905
-4.55875
-4.5592
-4.55859
-4.55859
-4.55874
-4.55814
-4.55769
-4.55738
-4.55784
-4.55753
-4.55753
-4.55708
-4.55723
-4.55769
-4.55693
-4.55829
-4.55844
-4.55844
-4.55859
-4.55859
-4.5595
-4.55844
-4.55799
-4.55769
-4.55738
-4.55784
-4.55693
-4.55829
-4.55844
-4.55754
-4.55769
-4.55738
-4.55723
-4.55678
-4.55663
-4.55632
-4.55632
-4.55678
-4.55693
-4.55768
-4.55738
-4.55663
-4.55678
-4.55663
-4.55587
-4.55572
-4.55693
-4.55708
-4.55723
-4.55678
-4.55769
-4.55814
-4.55844
-4.55814
-4.55769
-4.55723
-4.55678
-4.55662
-4.55678
-4.55708
-4.55723
-4.55693
-4.55678
-4.55587
-4.55512
-4.55512
-4.55542
-4.55603
-4.55678
-4.55603
-4.55603
-4.55572
-4.55633
-4.55693
-4.55799
-4.55814
-4.55844
-4.55889
-4.55905
-4.5592
-4.5592
-4.55889
-4.55935
-4.55995
-4.56025
-4.56041
-4.56041
-4.55965
-4.55905
-4.5589
-4.55874
-4.55784
-4.55754
-4.55784
-4.55708
-4.55708
-4.55693
-4.55618
-4.55542
-4.55527
-4.55587
-4.55633
-4.55633
-4.55678
-4.55678
-4.55709
-4.55754
-4.55724
-4.55754
-4.55708
-4.55754
-4.55738
-4.55678
-4.55602
-4.55693
-4.55799
-4.55814
-4.55844
-4.55723
-4.55678
-4.55648
-4.55572
-4.55542
-4.55618
-4.55602
-4.55527
-4.55482
-4.55436
-4.55451
-4.55391
-4.55406
-4.55361
-4.55451
-4.55542
-4.55406
-4.55391
-4.55451
-4.55527
-4.55512
-4.55512
-4.55497
-4.55482
-4.55482
-4.55467
-4.55557
-4.55603
-4.55588
-4.55603
-4.55663
-4.55708
-4.55663
-4.55663
-4.55678
-4.55678
-4.55663
-4.55648
-4.55512
-4.55512
-4.55573
-4.55542
-4.55482
-4.55588
-4.55573
-4.55573
-4.55618
-4.55603
-4.55633
-4.55648
-4.55678
-4.55708
-4.55769
-4.55769
-4.55708
-4.55739
-4.55739
-4.55739
-4.55709
-4.55679
-4.55784
-4.55739
-4.55709
-4.55633
-4.55724
-4.55739
-4.55739
-4.55754
-4.55799
-4.55799
-4.55784
-4.55769
-4.55769
-4.55723
-4.55663
-4.55618
-4.55633
-4.55708
-4.55769
-4.55693
-4.55663
-4.55708
-4.55769
-4.55829
-4.5589
-4.55875
-4.55875
-4.5589
-4.5592
-4.5595
-4.55935
-4.5598
-4.5592
-4.5598
-4.5595
-4.5598
-4.5601
-4.5598
-4.55904
-4.55889
-4.55814
-4.55814
-4.55889
-4.55829
-4.55784
-4.55693
-4.55693
-4.55678
-4.55708
-4.55769
-4.55844
-4.55859
-4.55875
-4.55799
-4.55769
-4.55754
-4.55784
-4.55769
-4.55769
-4.55738
-4.55648
-4.55527
-4.55451
-4.55482
-4.55482
-4.55421
-4.55376
-4.55361
-4.55391
-4.55557
-4.55557
-4.55527
-4.55527
-4.55633
-4.55663
-4.55678
-4.55648
-4.55663
-4.55723
-4.55708
-4.55738
-4.55754
-4.55648
-4.55663
-4.55633
-4.55678
-4.55693
-4.55738
-4.55738
-4.55889
-4.55889
-4.55859
-4.55814
-4.55814
-4.55784
-4.55784
-4.55784
-4.55829
-4.55799
-4.55814
-4.55784
-4.55739
-4.55814
-4.55739
-4.55814
-4.55844
-4.5589
-4.5592
-4.55965
-4.5598
-4.5604
-4.5598
-4.55995
-4.55889
-4.55859
-4.55859
-4.5595
-4.55935
-4.55905
-4.55844
-4.55784
-4.55875
-4.55859
-4.55829
-4.55799
-4.55769
-4.55663
-4.55648
-4.55633
-4.55663
-4.55588
-4.55648
-4.55648
-4.55633
-4.55693
-4.55648
-4.55753
-4.55768
-4.55723
-4.55754
-4.55784
-4.55799
-4.55814
-4.55829
-4.55844
-4.55875
-4.55965
-4.5598
-4.55965
-4.56011
-4.55995
-4.55935
-4.5592
-4.55875
-4.55859
-4.55874
-4.55874
-4.55844
-4.55814
-4.55829
-4.55814
-4.55844
-4.55814
-4.55829
-4.55829
-4.55799
-4.55784
-4.55769
-4.55693
-4.55693
-4.55603
-4.55603
-4.55603
-4.55512
-4.55542
-4.55618
-4.55693
-4.55769
-4.55799
-4.55874
-4.55829
-4.55708
-4.55814
-4.55769
-4.55663
-4.55784
-4.55723
-4.55799
-4.55814
-4.55784
-4.55739
-4.55754
-4.55754
-4.55739
-4.55724
-4.55633
-4.55648
-4.55678
-4.55739
-4.55693
-4.55648
-4.55648
-4.55618
-4.55648
-4.55542
-4.55587
-4.55527
-4.55572
-4.55587
-4.55542
-4.55481
-4.55512
-4.55512
-4.55452
-4.55361
-4.55391
-4.55361
-4.55331
-4.55285
-4.553
-4.5527
-4.55315
-4.55376
-4.55391
-4.55421
-4.55466
-4.55497
-4.55527
-4.55527
-4.55436
-4.55557
-4.55603
-4.55708
-4.55739
-4.55814
-4.55814
-4.55799
-4.55859
-4.55905
-4.5586
-4.55829
-4.55844
-4.5586
-4.5586
-4.55769
-4.55829
-4.55829
-4.55784
-4.55784
-4.55739
-4.55754
-4.55724
-4.55814
-4.55875
-4.55875
-4.5592
-4.55859
-4.55874
-4.55859
-4.55875
-4.55799
-4.5592
-4.55935
-4.5595
-4.5592
-4.55905
-4.55905
-4.55875
-4.55754
-4.55724
-4.55679
-4.55724
-4.55648
-4.55694
-4.55709
-4.55709
-4.55739
-4.55769
-4.55724
-4.55663
-4.55663
-4.55724
-4.55754
-4.55754
-4.55709
-4.55664
-4.55679
-4.55679
-4.55618
-4.55633
-4.55618
-4.55694
-4.55618
-4.55543
-4.55542
-4.55512
-4.55588
-4.55633
-4.55573
-4.55543
-4.55512
-4.55603
-4.55633
-4.55573
-4.55573
-4.55633
-4.55588
-4.55694
-4.55648
-4.55528
-4.55603
-4.55558
-4.55527
-4.55527
-4.55512
-4.55452
-4.55422
-4.55422
-4.55392
-4.55437
-4.55422
-4.55512
-4.55497
-4.55558
-4.55482
-4.55391
-4.5527
-4.55286
-4.55286
-4.55331
-4.55255
-4.5527
-4.55301
-4.55225
-4.5524
-4.55255
-4.55346
-4.55316
-4.55407
-4.55376
-4.55482
-4.55392
-4.55482
-4.55452
-4.55361
-4.55407
-4.55437
-4.55467
-4.55452
-4.55482
-4.55558
-4.55573
-4.55543
-4.55558
-4.55497
-4.55527
-4.55633
-4.55633
-4.55663
-4.55694
-4.55693
-4.55754
-4.55769
-4.55769
-4.55739
-4.55739
-4.55814
-4.55769
-4.5583
-4.5589
-4.55769
-4.55784
-4.55769
-4.55739
-4.55724
-4.5583
-4.55875
-4.55845
-4.55814
-4.55875
-4.55845
-4.5589
-4.55875
-4.55875
-4.558
-4.55769
-4.55739
-4.55754
-4.5583
-4.5589
-4.5592
-4.55845
-4.5589
-4.55905
-4.55951
-4.55996
-4.55981
-4.56041
-4.56071
-4.56102
-4.56087
-4.56132
-4.56223
-4.56177
-4.56237
-4.56071
-4.56101
-4.56116
-4.5598
-4.56071
-4.56056
-4.56101
-4.56102
-4.56207
-4.56207
-4.56192
-4.56253
-4.56268
-4.56268
-4.56359
-4.56419
-4.56419
-4.56404
-4.56389
-4.56328
-4.56389
-4.56313
-4.56298
-4.56328
-4.56298
-4.56313
-4.56404
-4.56358
-4.56358
-4.56404
-4.56419
-4.56434
-4.56449
-4.56404
-4.56328
-4.56328
-4.56343
-4.56374
-4.56419
-4.56343
-4.56328
-4.56328
-4.56328
-4.56268
-4.56131
-4.56026
-4.5595
-4.55965
-4.56026
-4.55995
-4.56116
-4.56101
-4.56117
-4.56117
-4.56071
-4.56102
-4.56102
-4.56041
-4.56071
-4.55981
-4.56056
-4.56071
-4.56162
-4.56117
-4.56132
-4.56132
-4.56132
-4.56086
-4.56011
-4.5592
-4.56056
-4.56026
-4.56011
-4.55965
-4.55996
-4.5598
-4.56011
-4.5595
-4.5586
-4.5589
-4.5592
-4.5589
-4.55905
-4.55905
-4.5595
-4.5595
-4.5592
-4.55814
-4.55784
-4.55754
-4.55693
-4.55754
-4.55739
-4.5586
-4.55769
-4.55769
-4.55814
-4.55739
-4.55769
-4.55799
-4.55844
-4.5589
-4.55814
-4.55784
-4.55754
-4.55754
-4.55814
-4.55799
-4.55784
-4.55784
-4.5586
-4.55845
-4.55663
-4.55709
-4.55769
-4.55799
-4.55799
-4.55814
-4.55799
-4.55769
-4.55754
-4.55723
-4.55678
-4.55678
-4.55633
-4.55542
-4.55482
-4.55421
-4.55421
-4.55497
-4.55497
-4.55542
-4.55633
-4.55467
-4.55527
-4.55557
-4.55603
-4.55587
-4.55542
-4.55557
-4.55603
-4.55708
-4.55602
-4.55602
-4.55618
-4.55527
-4.55542
-4.55497
-4.55512
-4.55542
-4.55542
-4.55512
-4.55557
-4.55527
-4.55557
-4.55588
-4.55588
-4.55557
-4.55542
-4.55572
-4.55633
-4.55603
-4.55542
-4.55557
-4.55633
-4.55482
-4.55421
-4.55421
-4.55467
-4.55512
-4.55572
-4.55648
-4.55618
-4.55633
-4.55633
-4.55648
-4.55708
-4.55663
-4.55678
-4.55769
-4.55814
-4.55875
-4.5592
-4.55905
-4.5589
-4.5589
-4.55874
-4.55875
-4.55875
-4.55754
-4.55769
-4.55845
-4.55784
-4.55739
-4.55739
-4.55784
-4.55769
-4.55799
-4.55769
-4.55784
-4.55739
-4.55723
-4.55739
-4.55739
-4.55708
-4.55739
-4.55723
-4.55723
-4.55678
-4.55754
-4.55769
-4.55784
-4.55784
-4.55799
-4.55769
-4.55799
-4.55845
-4.5583
-4.55799
-4.55814
-4.55784
-4.5583
-4.55905
-4.5592
-4.55966
-4.55875
-4.5583
-4.55829
-4.55829
-4.55829
-4.55844
-4.55769
-4.55769
-4.55709
-4.55769
-4.5589
-4.55951
-4.5592
-4.55936
-4.55966
-4.55966
-4.56011
-4.56102
-4.56132
-4.56071
-4.56056
-4.56071
-4.55965
-4.5598
-4.55965
-4.55935
-4.56026
-4.56056
-4.55995
-4.56011
-4.55996
-4.55996
-4.55981
-4.56026
-4.5595
-4.5592
-4.55981
-4.56026
-4.56026
-4.56086
-4.56086
-4.56086
-4.56026
-4.56011
-4.56026
-4.55965
-4.55965
-4.56056
-4.5598
-4.56026
-4.56011
-4.56026
-4.56026
-4.5595
-4.5589
-4.55844
-4.5592
-4.55935
-4.55905
-4.55769
-4.55844
-4.55829
-4.55829
-4.55784
-4.55693
-4.55754
-4.55663
-4.55663
-4.55633
-4.55693
-4.55663
-4.55663
-4.55754
-4.55829
-4.55829
-4.55799
-4.55769
-4.55799
-4.55784
-4.55769
-4.55678
-4.55678
-4.55708
-4.55587
-4.55618
-4.55738
-4.55754
-4.55663
-4.55633
-4.55602
-4.55527
-4.55481
-4.55557
-4.55602
-4.55572
-4.55572
-4.55527
-4.55557
-4.55603
-4.55588
-4.55572
-4.55588
-4.55648
-4.55724
-4.55648
-4.55648
-4.55648
-4.55648
-4.55648
-4.55587
-4.55557
-4.55572
-4.55512
-4.55451
-4.55436
-4.55497
-4.55603
-4.55603
-4.55542
-4.55527
-4.55557
-4.55527
-4.55557
-4.55573
-4.55497
-4.55557
-4.55588
-4.55557
-4.55618
-4.55693
-4.55693
-4.55663
-4.55724
-4.55724
-4.55814
-4.55694
-4.55754
-4.55829
-4.55784
-4.55845
-4.55935
-4.5598
-4.55905
-4.5589
-4.5589
-4.5589
-4.5592
-4.5595
-4.55965
-4.55965
-4.55874
-4.55905
-4.5589
-4.5592
-4.5592
-4.5598
-4.56056
-4.56116
-4.56177
-4.56192
-4.56237
-4.56207
-4.56192
-4.56162
-4.56162
-4.56162
-4.56177
-4.56146
-4.56101
-4.56101
-4.55965
-4.55965
-4.5592
-4.55784
-4.55874
-4.5598
-4.55995
-4.5601
-4.56025
-4.56071
-4.56025
-4.5595
-4.55935
-4.55935
-4.55965
-4.55859
-4.55874
-4.5589
-4.55814
-4.55844
-4.55754
-4.55814
-4.55693
-4.55708
-4.55814
-4.55889
-4.55814
-4.55829
-4.55799
-4.55753
-4.55814
-4.55889
-4.55874
-4.5589
-4.55905
-4.55859
-4.55859
-4.55738
-4.55753
-4.55723
-4.55723
-4.55723
-4.55799
-4.55814
-4.55845
-4.55965
-4.55965
-4.56011
-4.56041
-4.56056
-4.5598
-4.56056
-4.55995
-4.55965
-4.5595
-4.55965
-4.55905
-4.55889
-4.55769
-4.55693
-4.55723
-4.55769
-4.55754
-4.55769
-4.55769
-4.55784
-4.55769
-4.55784
-4.55769
-4.55754
-4.55648
-4.55754
-4.55693
-4.55678
-4.55723
-4.55738
-4.55708
-4.55633
-4.55618
-4.55603
-4.55467
-4.55421
-4.55406
-4.55391
-4.55376
-4.55391
-4.55346
-4.55482
-4.55497
-4.55542
-4.55572
-4.55648
-4.55603
-4.55663
-4.55784
-4.55769
-4.55784
-4.55814
-4.55829
-4.55784
-4.55799
-4.55814
-4.55844
-4.55769
-4.55693
-4.55708
-4.55739
-4.55799
-4.55739
-4.55754
-4.55799
-4.55814
-4.55844
-4.55784
-4.55784
-4.55784
-4.55829
-4.55814
-4.55799
-4.55799
-4.55769
-4.55829
-4.55829
-4.55814
-4.55754
-4.55799
-4.55799
-4.55814
-4.55845
-4.55784
-4.55814
-4.5589
-4.55875
-4.5592
-4.5592
-4.5595
-4.55905
-4.5595
-4.55995
-4.55965
-4.55995
-4.56056
-4.56056
-4.56056
-4.5589
-4.55935
-4.5589
-4.5586
-4.55859
-4.55844
-4.55905
-4.55799
-4.55799
-4.55859
-4.5589
-4.5589
-4.55859
-4.55844
-4.55935
-4.55935
-4.5592
-4.55935
-4.5592
-4.5592
-4.55875
-4.55905
-4.55965
-4.55874
-4.55859
-4.55814
-4.55859
-4.55799
-4.55724
-4.55724
-4.55799
-4.55844
-4.55829
-4.55814
-4.55829
-4.55784
-4.55708
-4.55708
-4.55648
-4.55739
-4.55754
-4.55724
-4.55769
-4.55724
-4.55693
-4.55708
-4.55754
-4.55769
-4.55754
-4.55814
-4.55784
-4.55769
-4.55814
-4.55814
-4.55814
-4.55739
-4.55739
-4.55708
-4.55708
-4.55739
-4.55799
-4.55965
-4.55905
-4.5592
-4.55935
-4.5592
-4.55844
-4.55799
-4.55859
-4.5589
-4.55844
-4.55935
-4.5592
-4.55995
-4.55995
-4.5595
-4.5592
-4.55995
-4.56071
-4.56101
-4.56161
-4.56222
-4.56161
-4.56222
-4.56146
-4.56162
-4.56207
-4.56131
-4.56282
-4.56267
-4.56177
-4.56131
-4.56177
-4.56146
-4.56101
-4.56131
-4.56101
-4.56025
-4.5598
-4.56025
-4.5607
-4.56146
-4.56116
-4.56056
-4.56161
-4.56101
-4.56056
-4.5601
-4.56025
-4.55904
-4.55874
-4.55723
-4.55678
-4.55602
-4.55617
-4.55602
-4.55542
-4.55436
-4.55466
-4.55496
-4.55451
-4.55436
-4.55496
-4.55481
-4.55511
-4.55602
-4.55587
-4.55617
-4.55557
-4.55602
-4.55587
-4.55557
-4.55572
-4.55632
-4.55557
-4.55587
-4.55557
-4.55647
-4.55647
-4.55647
-4.55677
-4.55738
-4.55783
-4.55753
-4.55814
-4.55798
-4.55693
-4.55632
-4.55708
-4.55753
-4.55738
-4.55647
-4.55647
-4.55647
-4.55723
-4.55663
-4.55663
-4.55663
-4.55723
-4.55784
-4.55738
-4.55829
-4.55904
-4.55814
-4.55814
-4.55799
-4.55829
-4.55783
-4.55723
-4.55708
-4.55693
-4.55693
-4.55769
-4.55769
-4.55829
-4.55814
-4.55905
-4.55844
-4.55799
-4.55799
-4.55859
-4.55829
-4.55829
-4.55708
-4.55738
-4.55678
-4.55738
-4.55769
-4.55889
-4.55874
-4.5592
-4.5592
-4.55935
-4.56056
-4.5601
-4.5595
-4.55859
-4.55784
-4.55829
-4.55769
-4.55769
-4.55769
-4.55678
-4.55784
-4.55844
-4.55874
-4.55844
-4.55844
-4.55814
-4.55814
-4.55799
-4.55678
-4.55602
-4.55587
-4.55587
-4.55632
-4.55572
-4.55617
-4.55617
-4.55663
-4.55753
-4.55799
-4.55814
-4.55799
-4.55784
-4.55814
-4.55905
-4.55844
-4.55859
-4.5592
-4.55965
-4.5598
-4.5595
-4.55889
-4.55799
-4.55799
-4.55738
-4.55738
-4.55648
-4.55587
-4.55693
-4.55693
-4.55633
-4.55633
-4.55708
-4.55603
-4.55633
-4.55633
-4.55618
-4.55633
-4.55723
-4.55633
-4.55648
-4.55663
-4.55648
-4.55618
-4.55663
-4.55739
-4.55769
-4.55754
-4.55693
-4.55723
-4.55859
-4.5595
-4.55905
-4.55874
-4.55874
-4.55935
-4.56041
-4.56071
-4.55965
-4.5598
-4.55995
-4.56131
-4.56101
-4.56071
-4.5601
-4.55995
-4.5595
-4.5601
-4.5601
-4.55965
-4.5598
-4.56056
-4.56086
-4.56116
-4.56056
-4.56086
-4.56041
-4.5601
-4.5598
-4.5598
-4.5598
-4.5595
-4.5598
-4.55996
-4.55996
-4.55996
-4.5595
-4.55935
-4.5595
-4.5586
-4.55875
-4.55905
-4.55965
-4.5595
-4.56011
-4.56056
-4.56131
-4.56071
-4.56086
-4.56131
-4.56131
-4.56026
-4.56041
-4.55995
-4.56026
-4.5595
-4.5598
-4.5595
-4.55965
-4.5592
-4.55859
-4.55859
-4.55799
-4.55859
-4.55889
-4.55935
-4.55799
-4.55814
-4.55754
-4.55769
-4.55799
-4.55799
-4.55784
-4.55844
-4.55844
-4.55875
-4.5589
-4.55905
-4.55935
-4.5595
-4.55965
-4.5592
-4.55965
-4.56101
-4.56116
-4.56131
-4.56146
-4.56146
-4.56131
-4.56101
-4.55995
-4.55995
-4.5598
-4.56011
-4.56086
-4.56071
-4.56116
-4.56026
-4.5601
-4.55995
-4.56025
-4.56056
-4.55995
-4.5601
-4.5601
-4.5598
-4.55965
-4.55905
-4.55905
-4.5586
-4.5586
-4.55875
-4.55829
-4.55874
-4.55814
-4.55905
-4.5598
-4.55995
-4.55965
-4.5601
-4.56056
-4.56056
-4.56056
-4.5601
-4.55995
-4.55965
-4.56025
-4.56056
-4.56071
-4.56101
-4.56086
-4.56056
-4.56056
-4.5601
-4.55995
-4.55995
-4.55935
-4.55935
-4.55965
-4.56056
-4.56116
-4.56101
-4.56101
-4.56056
-4.56086
-4.55995
-4.55965
-4.56026
-4.5595
-4.56041
-4.55995
-4.5601
-4.55935
-4.55814
-4.55829
-4.55799
-4.55769
-4.55739
-4.55724
-4.55633
-4.55678
-4.55769
-4.5589
-4.55905
-4.5586
-4.5592
-4.55875
-4.55844
-4.55875
-4.55769
-4.55814
-4.55859
-4.55859
-4.55935
-4.55995
-4.55995
-4.56071
-4.56071
-4.56056
-4.5595
-4.55875
-4.55875
-4.55844
-4.55829
-4.5592
-4.5595
-4.5586
-4.55905
-4.5592
-4.55829
-4.55784
-4.55693
-4.55708
-4.55723
-4.55738
-4.55784
-4.55829
-4.55874
-4.55844
-4.5589
-4.5592
-4.55935
-4.55859
-4.55844
-4.55829
-4.55723
-4.55693
-4.55753
-4.55753
-4.55844
-4.55814
-4.55814
-4.55844
-4.55753
-4.55798
-4.55814
-4.55814
-4.55784
-4.55859
-4.55965
-4.5604
-4.5601
-4.56101
-4.56101
-4.56161
-4.56146
-4.56161
-4.56056
-4.56086
-4.56101
-4.5604
-4.55965
-4.55859
-4.55859
-4.55904
-4.55814
-4.55814
-4.55739
-4.55633
-4.55693
-4.55663
-4.55678
-4.55648
-4.55602
-4.55527
-4.55557
-4.55617
-4.55677
-4.55647
-4.55572
-4.55496
-4.55542
-4.55542
-4.55663
-4.55799
-4.55754
-4.55708
-4.55678
-4.55648
-4.55648
-4.55814
-4.5595
-4.5595
-4.5592
-4.55874
-4.55768
-4.55783
-4.55798
-4.55798
-4.55799
-4.55723
-4.55769
-4.55708
-4.55603
-4.55648
-4.55693
-4.55693
-4.55678
-4.55723
-4.55587
-4.55648
-4.55602
-4.55572
-4.55542
-4.55678
-4.55738
-4.55723
-4.55632
-4.55768
-4.55799
-4.55723
-4.55678
-4.55678
-4.55663
-4.55648
-4.55708
-4.55753
-4.55814
-4.55829
-4.55708
-4.55784
-4.55904
-4.55904
-4.55874
-4.55935
-4.55995
-4.5601
-4.5598
-4.55995
-4.5598
-4.5592
-4.55874
-4.55814
-4.55874
-4.55935
-4.55844
-4.55905
-4.55905
-4.55965
-4.56101
-4.56131
-4.56025
-4.56086
-4.5601
-4.5604
-4.5598
-4.5598
-4.55935
-4.5601
-4.56041
-4.55935
-4.5595
-4.55874
-4.55859
-4.55875
-4.55769
-4.55693
-4.55754
-4.55693
-4.55693
-4.55618
-4.55648
-4.55603
-4.55648
-4.55663
-4.55678
-4.55708
-4.55738
-4.55769
-4.55754
-4.55799
-4.55784
-4.5595
-4.55905
-4.55905
-4.55875
-4.55799
-4.55799
-4.55724
-4.55739
-4.55724
-4.55754
-4.55693
-4.55663
-4.55693
-4.55708
-4.55844
-4.55905
-4.55965
-4.55965
-4.5598
-4.5592
-4.5589
-4.5592
-4.55875
-4.55859
-4.55829
-4.55754
-4.55663
-4.55572
-4.55663
-4.55723
-4.55693
-4.55663
-4.55587
-4.55633
-4.55693
-4.55784
-4.55769
-4.5589
-4.55844
-4.55814
-4.55844
-4.55723
-4.55693
-4.55723
-4.55648
-4.55572
-4.55527
-4.55678
-4.55587
-4.55587
-4.55588
-4.55678
-4.55663
-4.55572
-4.55603
-4.55572
-4.55648
-4.55648
-4.55587
-4.55587
-4.55618
-4.55603
-4.55633
-4.55618
-4.55663
-4.55542
-4.55572
-4.55527
-4.55557
-4.55527
-4.55572
-4.55602
-4.55557
-4.55557
-4.55587
-4.55708
-4.55693
-4.55663
-4.55663
-4.55648
-4.55648
-4.55663
-4.55602
-4.55557
-4.55602
-4.55557
-4.55451
-4.55512
-4.55572
-4.55497
-4.55451
-4.55542
-4.55587
-4.55648
-4.55678
-4.55678
-4.55633
-4.55618
-4.55557
-4.55542
-4.55572
-4.55557
-4.55617
-4.55602
-4.55648
-4.55587
-4.55542
-4.55587
-4.55557
-4.55617
-4.55587
-4.55542
-4.55587
-4.55557
-4.55527
-4.55512
-4.55557
-4.55527
-4.55603
-4.55572
-4.55572
-4.55618
-4.55557
-4.55602
-4.55557
-4.55587
-4.55542
-4.55618
-4.55648
-4.55542
-4.55527
-4.55467
-4.55497
-4.55451
-4.55406
-4.55436
-4.55421
-4.55527
-4.55618
-4.55648
-4.55754
-4.55799
-4.55754
-4.55738
-4.55723
-4.55678
-4.55753
-4.55723
-4.55738
-4.55799
-4.55799
-4.55723
-4.55693
-4.55678
-4.55678
-4.55617
-4.55602
-4.55527
-4.55557
-4.55557
-4.55587
-4.55587
-4.55632
-4.55632
-4.55708
-4.55753
-4.55814
-4.55783
-4.55829
-4.55799
-4.55829
-4.55783
-4.55904
-4.55919
-4.55964
-4.55964
-4.55964
-4.55949
-4.55843
-4.55828
-4.55828
-4.55949
-4.55919
-4.56055
-4.55919
-4.55904
-4.55889
-4.55919
-4.55919
-4.55964
-4.55919
-4.55964
-4.5601
-4.5601
-4.55964
-4.5601
-4.5604
-4.56055
-4.55965
-4.55949
-4.55934
-4.55919
-4.55874
-4.55919
-4.55919
-4.55949
-4.55964
-4.55844
-4.55889
-4.55844
-4.55904
-4.55889
-4.55919
-4.55874
-4.55889
-4.55995
-4.55995
-4.5604
-4.5604
-4.5604
-4.5601
-4.56025
-4.55995
-4.55949
-4.55964
-4.55889
-4.55874
-4.55889
-4.55934
-4.55919
-4.55934
-4.55919
-4.55964
-4.55934
-4.56025
-4.5604
-4.5607
-4.56085
-4.56055
-4.56025
-4.56116
-4.56116
-4.56055
-4.56146
-4.56206
-4.56176
-4.56191
-4.56161
-4.56146
-4.56176
-4.56237
-4.56222
-4.56131
-4.56055
-4.55965
-4.55904
-4.5595
-4.55919
-4.55889
-4.55859
-4.55798
-4.55708
-4.55647
-4.55572
-4.55541
-4.55572
-4.55541
-4.55511
-4.55511
-4.55481
-4.5539
-4.55391
-4.55406
-4.5536
-4.553
-4.55209
-4.55239
-4.55224
-4.55254
-4.55269
-4.55269
-4.55254
-4.553
-4.55224
-4.55149
-4.55118
-4.55148
-4.55118
-4.55118
-4.54997
-4.54907
-4.54907
-4.54876
-4.54831
-4.54922
-4.55028
-4.55043
-4.55118
-4.55179
-4.55164
-4.55148
-4.55149
-4.55149
-4.55103
-4.55194
-4.55254
-4.55269
-4.55269
-4.55224
-4.55134
-4.55103
-4.55028
-4.55103
-4.55149
-4.55133
-4.55133
-4.55284
-4.55315
-4.55315
-4.55405
-4.55375
-4.55436
-4.55421
-4.5539
-4.55405
-4.55481
-4.55526
-4.55647
-4.55602
-4.55541
-4.55481
-4.55466
-4.55556
-4.55738
-4.55753
-4.55723
-4.55617
-4.55602
-4.55496
-4.55451
-4.55451
-4.55466
-4.55526
-4.55511
-4.55556
-4.55481
-4.55541
-4.55496
-4.55466
-4.55496
-4.55511
-4.55511
-4.55511
-4.55541
-4.55466
-4.5542
-4.5545
-4.55481
-4.55496
-4.55601
-4.55632
-4.55647
-4.55647
-4.55692
-4.55768
-4.55722
-4.55617
-4.55647
-4.55647
-4.55632
-4.55602
-4.55541
-4.55556
-4.55617
-4.55677
-4.55632
-4.55707
-4.55662
-4.55647
-4.55556
-4.55496
-4.55541
-4.55496
-4.55496
-4.55466
-4.55435
-4.55375
-4.55375
-4.55375
-4.55405
-4.55466
-4.55435
-4.5539
-4.55375
-4.55451
-4.55466
-4.55466
-4.55466
-4.55511
-4.55526
-4.55571
-4.55602
-4.55571
-4.55496
-4.55556
-4.55466
-4.55541
-4.55526
-4.55632
-4.55586
-4.55556
-4.55511
-4.55571
-4.55541
-4.55541
-4.55526
-4.55541
-4.55617
-4.55662
-4.55662
-4.55662
-4.55692
-4.55723
-4.55722
-4.55828
-4.55843
-4.55858
-4.55843
-4.55858
-4.55843
-4.55858
-4.55813
-4.55904
-4.55828
-4.55798
-4.55768
-4.55813
-4.55783
-4.55858
-4.55919
-4.55994
-4.55979
-4.55979
-4.55994
-4.56024
-4.55994
-4.55979
-4.55964
-4.55919
-4.55858
-4.55874
-4.55919
-4.55874
-4.55858
-4.55873
-4.55858
-4.55873
-4.55798
-4.55692
-4.55647
-4.55722
-4.55813
-4.55783
-4.55768
-4.55813
-4.55843
-4.55843
-4.55753
-4.55707
-4.55753
-4.55783
-4.55738
-4.55722
-4.55707
-4.55677
-4.55677
-4.55647
-4.55707
-4.55722
-4.55753
-4.55692
-4.55677
-4.55662
-4.55602
-4.55632
-4.55586
-4.55617
-4.55662
-4.55587
-4.55571
-4.55526
-4.55511
-4.55586
-4.55662
-4.55707
-4.55722
-4.55722
-4.55738
-4.55677
-4.55662
-4.55602
-4.55617
-4.55647
-4.55722
-4.55707
-4.55707
-4.55677
-4.55768
-4.55813
-4.55737
-4.55677
-4.55632
-4.55632
-4.55768
-4.55813
-4.55919
-4.55979
-4.5604
-4.55964
-4.56055
-4.56009
-4.561
-4.5607
-4.56085
-4.561
-4.56221
-4.56327
-4.56312
-4.56251
-4.56221
-4.56342
-4.56282
-4.56221
-4.56267
-4.56327
-4.56267
-4.56327
-4.56297
-4.56357
-4.56312
-4.56312
-4.56206
-4.56266
-4.56251
-4.56236
-4.56206
-4.56191
-4.56131
-4.561
-4.56055
-4.5607
-4.56131
-4.56206
-4.56282
-4.56297
-4.56221
-4.56176
-4.5607
-4.561
-4.55979
-4.55979
-4.55979
-4.55979
-4.55979
-4.5604
-4.55964
-4.56025
-4.55934
-4.55934
-4.55919
-4.55904
-4.55904
-4.55829
-4.55859
-4.55844
-4.55768
-4.55738
-4.55693
-4.55678
-4.55602
-4.55677
-4.55511
-4.55481
-4.55466
-4.55436
-4.55526
-4.55511
-4.55526
-4.55587
-4.55572
-4.55541
-4.55526
-4.55511
-4.55496
-4.55526
-4.55496
-4.55572
-4.55602
-4.55557
-4.55481
-4.55511
-4.55602
-4.55617
-4.55602
-4.55557
-4.55527
-4.55542
-4.55557
-4.55587
-4.55557
-4.55617
-4.55707
-4.55707
-4.55707
-4.55723
-4.55647
-4.55602
-4.55587
-4.55632
-4.55678
-4.55602
-4.55693
-4.55738
-4.55738
-4.55663
-4.55647
-4.55647
-4.55557
-4.55542
-4.55572
-4.55632
-4.55602
-4.55662
-4.55738
-4.55632
-4.55602
-4.55647
-4.55647
-4.55708
-4.55662
-4.55723
-4.55632
-4.55647
-4.55587
-4.55647
-4.55496
-4.55481
-4.5539
-4.55405
-4.55466
-4.55602
-4.55677
-4.55587
-4.55526
-4.55541
-4.55617
-4.55647
-4.55677
-4.55752
-4.55798
-4.55722
-4.55722
-4.55677
-4.55617
-4.55556
-4.55602
-4.55632
-4.55617
-4.55677
-4.55677
-4.55662
-4.55662
-4.55647
-4.55632
-4.55662
-4.55677
-4.55677
-4.55722
-4.55753
-4.55828
-4.55753
-4.55783
-4.55813
-4.55753
-4.55738
-4.55707
-4.55768
-4.55888
-4.55964
-4.55858
-4.55798
-4.55798
-4.55783
-4.55798
-4.55738
-4.55708
-4.55647
-4.55632
-4.55662
-4.55647
-4.55541
-4.5545
-4.5545
-4.55481
-4.55466
-4.55466
-4.55511
-4.55541
-4.55496
-4.5542
-4.55375
-4.5542
-4.55405
-4.55451
-4.5542
-4.55436
-4.55496
-4.55632
-4.55602
-4.55556
-4.55571
-4.55601
-4.55571
-4.55556
-4.55526
-4.55571
-4.55602
-4.55647
-4.55662
-4.55677
-4.55692
-4.55571
-4.55541
-4.55571
-4.55632
-4.55616
-4.55647
-4.55692
-4.55662
-4.55722
-4.55662
-4.55586
-4.55526
-4.55435
-4.55435
-4.55345
-4.55345
-4.55345
-4.5539
-4.55284
-4.5539
-4.55405
-4.55435
-4.55465
-4.55465
-4.5542
-4.55556
-4.55571
-4.55571
-4.55496
-4.55451
-4.5536
-4.55314
-4.5533
-4.5539
-4.55435
-4.55405
-4.55375
-4.55586
-4.55616
-4.55586
-4.55601
-4.55601
-4.55631
-4.55646
-4.55737
-4.55798
-4.55843
-4.55813
-4.55752
-4.55828
-4.55722
-4.55783
-4.55783
-4.55768
-4.55647
-4.55722
-4.55737
-4.55737
-4.55752
-4.55798
-4.55858
-4.55934
-4.55918
-4.55873
-4.55873
-4.55798
-4.55873
-4.55919
-4.55904
-4.55873
-4.55828
-4.55934
-4.55919
-4.55903
-4.55888
-4.55918
-4.55843
-4.55888
-4.55903
-4.55888
-4.55964
-4.55994
-4.55964
-4.5607
-4.561
-4.56251
-4.56206
-4.56176
-4.56176
-4.56115
-4.56145
-4.56115
-4.56145
-4.5607
-4.56024
-4.55994
-4.55994
-4.55934
-4.55979
-4.55949
-4.55964
-4.55904
-4.55949
-4.55979
-4.55979
-4.55919
-4.55919
-4.55888
-4.55858
-4.55843
-4.55843
-4.55783
-4.55783
-4.55722
-4.55767
-4.55843
-4.55873
-4.55843
-4.55858
-4.55858
-4.55873
-4.55828
-4.55843
-4.55828
-4.55783
-4.55783
-4.55752
-4.55752
-4.55903
-4.55964
-4.55979
-4.55994
-4.55994
-4.56039
-4.56206
-4.5616
-4.56191
-4.56115
-4.56115
-4.56175
-4.5616
-4.56175
-4.56191
-4.5613
-4.5613
-4.56221
-4.56221
-4.5616
-4.561
-4.56175
-4.56175
-4.5616
-4.56175
-4.5616
-4.56039
-4.56039
-4.56085
-4.56024
-4.5607
-4.56085
-4.561
-4.56176
-4.56161
-4.56025
-4.55949
-4.55934
-4.55843
-4.55919
-4.55994
-4.55949
-4.55994
-4.56054
-4.55934
-4.55964
-4.55934
-4.56009
-4.561
-4.56039
-4.5607
-4.561
-4.5607
-4.5613
-4.5616
-4.5607
-4.56039
-4.56009
-4.56039
-4.561
-4.56085
-4.56085
-4.561
-4.56085
-4.5607
-4.55903
-4.55858
-4.55843
-4.55903
-4.55798
-4.55813
-4.55828
-4.55873
-4.55843
-4.55843
-4.55722
-4.55737
-4.55737
-4.55768
-4.55768
-4.55753
-4.55737
-4.55662
-4.55707
-4.55707
-4.55782
-4.55828
-4.55828
-4.55888
-4.55858
-4.55903
-4.55918
-4.56009
-4.56039
-4.56084
-4.56084
-4.5616
-4.56145
-4.561
-4.5613
-4.56115
-4.56039
-4.56085
-4.5613
-4.56206
-4.56236
-4.56206
-4.5616
-4.5613
-4.5616
-4.56175
-4.56236
-4.56296
-4.56311
-4.56357
-4.56266
-4.56327
-4.56281
-4.56251
-4.56327
-4.56357
-4.56266
-4.56326
-4.56356
-4.56311
-4.56386
-4.56371
-4.56341
-4.56326
-4.56341
-4.5619
-4.56085
-4.56039
-4.55919
-4.55903
-4.55934
-4.55888
-4.55843
-4.55873
-4.55858
-4.55828
-4.55858
-4.55933
-4.55918
-4.55903
-4.55858
-4.55858
-4.55737
-4.55737
-4.55692
-4.55767
-4.55903
-4.55873
-4.55767
-4.55782
-4.55692
-4.55752
-4.55827
-4.55842
-4.55842
-4.55797
-4.55767
-4.55797
-4.55828
-4.55797
-4.55797
-4.55828
-4.55812
-4.55843
-4.55797
-4.55888
-4.55933
-4.55858
-4.55843
-4.55797
-4.55873
-4.55828
-4.55903
-4.55858
-4.55933
-4.55948
-4.55979
-4.56009
-4.56084
-4.56054
-4.56054
-4.56084
-4.55994
-4.56009
-4.55994
-4.55994
-4.55948
-4.55963
-4.55994
-4.56069
-4.56024
-4.56024
-4.56009
-4.55994
-4.56009
-4.55948
-4.55888
-4.55858
-4.55782
-4.55797
-4.55737
-4.55676
-4.55661
-4.55586
-4.55571
-4.55616
-4.55586
-4.55586
-4.55661
-4.55676
-4.55767
-4.55722
-4.55676
-4.55691
-4.55661
-4.55676
-4.55631
-4.55601
-4.55631
-4.55646
-4.55722
-4.55782
-4.55752
-4.55707
-4.55767
-4.55797
-4.55737
-4.55691
-4.55737
-4.55721
-4.55797
-4.55722
-4.55676
-4.55676
-4.55616
-4.55646
-4.55676
-4.55691
-4.55812
-4.55752
-4.55812
-4.55812
-4.55722
-4.55722
-4.55752
-4.55616
-4.55676
-4.55721
-4.55767
-4.55842
-4.55812
-4.55721
-4.55842
-4.55842
-4.55918
-4.55903
-4.55842
-4.55918
-4.55948
-4.55993
-4.55978
-4.55903
-4.56024
-4.56009
-4.55979
-4.55994
-4.55948
-4.55948
-4.55994
-4.56099
-4.56084
-4.55994
-4.55933
-4.55933
-4.55888
-4.55903
-4.55978
-4.56009
-4.56024
-4.55993
-4.56024
-4.55978
-4.56069
-4.56039
-4.55978
-4.55978
-4.55873
-4.55812
-4.55767
-4.55812
-4.55767
-4.55752
-4.55722
-4.55646
-4.55631
-4.55646
-4.55646
-4.55586
-4.55586
-4.55676
-4.55631
-4.55661
-4.55752
-4.55812
-4.55872
-4.55872
-4.55933
-4.55963
-4.55842
-4.55751
-4.55767
-4.55661
-4.55661
-4.55691
-4.55691
-4.55661
-4.55706
-4.55736
-4.55676
-4.55812
-4.55766
-4.55736
-4.55751
-4.55797
-4.55797
-4.55827
-4.55812
-4.55827
-4.55857
-4.55767
-4.55827
-4.55797
-4.55767
-4.55797
-4.55827
-4.55797
-4.55737
-4.55797
-4.55842
-4.55918
-4.55963
-4.55918
-4.55933
-4.55948
-4.56008
-4.55993
-4.56039
-4.56069
-4.56099
-4.56129
-4.56084
-4.56099
-4.56054
-4.56009
-4.56039
-4.56024
-4.56054
-4.56129
-4.5616
-4.56175
-4.5625
-4.5619
-4.56129
-4.56159
-4.56114
-4.56144
-4.5619
-4.56174
-4.56265
-4.5631
-4.56341
-4.56371
-4.56326
-4.5628
-4.56295
-4.56311
-4.5628
-4.56295
-4.56235
-4.56114
-4.56099
-4.56159
-4.56174
-4.56144
-4.56054
-4.56084
-4.56039
-4.56099
-4.56144
-4.56144
-4.56174
-4.56144
-4.56174
-4.56023
-4.55993
-4.55978
-4.55948
-4.55993
-4.55963
-4.56038
-4.56038
-4.55963
-4.55963
-4.55993
-4.56038
-4.55993
-4.55993
-4.56084
-4.55993
-4.55978
-4.56008
-4.56068
-4.56053
-4.56084
-4.56144
-4.56084
-4.56144
-4.56083
-4.55978
-4.55993
-4.55993
-4.55947
-4.55917
-4.55932
-4.55947
-4.55932
-4.55887
-4.55781
-4.55766
-4.55842
-4.55887
-4.55902
-4.55842
-4.55872
-4.55902
-4.55977
-4.55962
-4.55962
-4.55977
-4.55977
-4.56008
-4.55978
-4.56008
-4.56068
-4.56159
-4.56159
-4.56068
-4.56038
-4.56053
-4.56008
-4.56099
-4.56099
-4.56069
-4.56053
-4.55993
-4.55963
-4.55978
-4.55932
-4.55917
-4.55917
-4.55872
-4.55887
-4.55962
-4.56008
-4.55917
-4.55887
-4.55781
-4.55797
-4.55721
-4.55736
-4.55797
-4.55872
-4.55902
-4.55917
-4.55917
-4.55963
-4.55993
-4.56038
-4.56023
-4.56098
-4.56008
-4.56053
-4.56023
-4.55978
-4.56084
-4.56099
-4.56084
-4.56084
-4.55978
-4.55948
-4.55978
-4.56023
-4.56038
-4.56068
-4.56038
-4.56099
-4.56084
-4.56008
-4.56069
-4.56053
-4.56008
-4.56053
-4.56008
-4.56023
-4.55948
-4.55978
-4.55932
-4.55993
-4.55978
-4.56008
-4.55963
-4.55948
-4.55933
-4.55872
-4.55857
-4.55812
-4.55797
-4.55812
-4.55782
-4.55842
-4.55948
-4.56024
-4.56084
-4.56099
-4.56084
-4.56069
-4.56099
-4.56068
-4.56023
-4.56114
-4.56099
-4.56144
-4.56069
-4.56054
-4.56023
-4.56023
-4.56023
-4.56008
-4.55933
-4.55842
-4.55918
-4.55948
-4.55827
-4.55857
-4.55903
-4.55918
-4.55857
-4.55857
-4.55887
-4.55933
-4.55948
-4.55993
-4.55933
-4.55903
-4.55948
-4.55933
-4.55963
-4.55933
-4.55933
-4.55888
-4.55888
-4.55918
-4.55887
-4.55887
-4.55902
-4.55887
-4.55903
-4.55933
-4.55888
-4.55873
-4.55858
-4.55933
-4.55933
-4.55873
-4.55933
-4.56009
-4.55963
-4.55948
-4.55963
-4.55948
-4.55963
-4.55948
-4.55933
-4.55918
-4.55963
-4.55933
-4.55993
-4.56054
-4.56009
-4.55979
-4.55964
-4.55903
-4.55858
-4.55843
-4.55842
-4.55888
-4.55963
-4.55903
-4.55872
-4.55933
-4.55933
-4.55933
-4.55948
-4.55903
-4.55948
-4.55903
-4.55993
-4.56024
-4.56099
-4.56054
-4.56084
-4.56039
-4.56039
-4.56024
-4.55978
-4.56009
-4.56054
-4.56054
-4.56039
-4.56114
-4.56084
-4.56099
-4.56129
-4.56099
-4.5613
-4.56145
-4.5622
-4.5616
-4.5619
-4.56175
-4.5616
-4.5622
-4.5616
-4.5616
-4.56069
-4.56159
-4.56084
-4.56039
-4.56054
-4.56114
-4.56054
-4.55993
-4.55948
-4.55903
-4.55918
-4.56009
-4.56039
-4.56054
-4.56099
-4.56099
-4.56114
-4.56114
-4.56114
-4.56114
-4.56054
-4.56084
-4.55963
-4.55933
-4.55933
-4.55949
-4.55888
-4.55873
-4.55903
-4.55888
-4.55842
-4.55857
-4.55797
-4.55752
-4.55661
-4.55707
-4.55722
-4.55692
-4.55737
-4.55707
-4.55707
-4.55661
-4.55661
-4.55707
-4.55737
-4.55843
-4.55918
-4.55828
-4.55812
-4.55933
-4.55948
-4.55963
-4.55903
-4.55903
-4.55873
-4.55828
-4.55858
-4.55858
-4.55813
-4.55843
-4.55737
-4.55797
-4.55842
-4.55888
-4.55873
-4.55903
-4.55979
-4.56009
-4.55948
-4.55858
-4.55843
-4.55737
-4.55737
-4.55707
-4.55737
-4.55782
-4.55782
-4.55722
-4.55692
-4.55692
-4.55752
-4.55782
-4.55722
-4.55752
-4.55752
-4.55752
-4.55676
-4.55691
-4.55585
-4.55631
-4.55586
-4.55555
-4.55661
-4.55691
-4.55616
-4.55646
-4.55586
-4.55555
-4.55601
-4.55586
-4.5554
-4.5557
-4.55706
-4.55721
-4.55752
-4.55661
-4.55691
-4.55676
-4.55676
-4.55646
-4.55722
-4.55646
-4.55631
-4.55616
-4.55631
-4.55646
-4.55676
-4.55691
-4.556
-4.5551
-4.55509
-4.55645
-4.55615
-4.5557
-4.55555
-4.556
-4.55615
-4.55676
-4.55661
-4.55646
-4.55631
-4.55661
-4.55767
-4.55721
-4.55646
-4.55631
-4.55661
-4.55842
-4.55872
-4.55812
-4.55782
-4.55842
-4.55857
-4.55842
-4.55797
-4.55872
-4.55782
-4.55872
-4.55963
-4.55918
-4.55918
-4.55903
-4.55903
-4.55887
-4.55857
-4.55933
-4.55917
-4.55902
-4.55797
-4.55781
-4.55706
-4.55706
-4.55827
-4.55797
-4.55782
-4.55827
-4.55827
-4.55782
-4.55751
-4.55751
-4.55721
-4.55721
-4.55646
-4.55721
-4.55691
-4.55721
-4.55827
-4.55842
-4.55872
-4.55918
-4.55948
-4.55963
-4.55963
-4.55948
-4.55888
-4.55812
-4.55842
-4.55842
-4.55872
-4.55888
-4.55903
-4.55903
-4.55827
-4.55857
-4.55827
-4.55842
-4.55872
-4.55797
-4.55721
-4.55646
-4.55661
-4.55707
-4.55601
-4.55646
-4.55616
-4.55555
-4.55495
-4.55525
-4.55449
-4.5554
-4.5554
-4.5548
-4.5548
-4.55555
-4.55525
-4.5557
-4.55555
-4.55525
-4.55419
-4.55435
-4.5554
-4.5545
-4.5545
-4.55389
-4.55299
-4.55404
-4.55465
-4.55465
-4.55434
-4.55374
-4.55374
-4.55298
-4.55298
-4.55389
-4.55404
-4.55344
-4.55404
-4.55314
-4.55283
-4.55344
-4.55404
-4.5542
-4.5545
-4.5545
-4.55525
-4.5554
-4.55585
-4.55495
-4.55495
-4.5551
-4.55449
-4.5545
-4.55465
-4.55435
-4.5542
-4.55405
-4.55374
-4.55329
-4.55253
-4.55268
-4.55283
-4.55344
-4.55344
-4.55465
-4.55495
-4.5554
-4.5557
-4.55555
-4.55495
-4.55525
-4.55556
-4.55465
-4.5542
-4.5548
-4.5551
-4.5554
-4.55525
-4.55495
-4.5551
-4.5551
-4.55601
-4.5554
-4.5548
-4.5554
-4.55586
-4.55555
-4.5557
-4.55676
-4.556
-4.556
-4.55646
-4.55676
-4.55616
-4.5557
-4.55525
-4.55435
-4.5554
-4.5548
-4.55465
-4.5548
-4.55495
-4.55525
-4.55555
-4.5551
-4.55449
-4.55449
-4.55555
-4.55555
-4.55585
-4.5554
-4.5551
-4.55404
-4.55465
-4.55419
-4.55434
-4.55525
-4.55495
-4.5551
-4.5554
-4.5551
-4.5551
-4.5551
-4.55404
-4.55374
-4.55495
-4.55465
-4.55434
-4.55419
-4.55389
-4.5545
-4.55495
-4.55525
-4.5554
-4.5557
-4.5551
-4.55495
-4.55434
-4.55404
-4.55374
-4.55299
-4.55314
-4.55314
-4.5545
-4.55495
-4.55495
-4.5551
-4.5557
-4.5548
-4.55465
-4.55464
-4.55525
-4.55495
-4.55525
-4.5554
-4.55601
-4.55661
-4.55706
-4.55752
-4.55782
-4.55782
-4.55812
-4.55782
-4.55812
-4.55842
-4.55827
-4.55722
-4.55616
-4.55586
-4.55631
-4.55616
-4.55691
-4.55737
-4.55752
-4.55873
-4.55873
-4.56009
-4.56009
-4.55903
-4.55978
-4.55963
-4.55918
-4.55918
-4.55873
-4.55994
-4.55979
-4.55978
-4.55963
-4.55918
-4.55903
-4.55978
-4.56024
-4.55963
-4.55948
-4.55858
-4.55812
-4.55843
-4.55812
-4.55797
-4.55782
-4.55812
-4.55797
-4.55752
-4.55737
-4.55752
-4.55737
-4.55706
-4.55752
-4.55691
-4.55616
-4.55601
-4.55691
-4.55676
-4.55677
-4.55616
-4.55631
-4.55661
-4.55631
-4.55631
-4.55631
-4.55586
-4.55646
-4.55646
-4.55676
-4.55706
-4.55737
-4.55767
-4.55843
-4.55767
-4.55767
-4.55752
-4.55737
-4.55707
-4.55707
-4.55677
-4.55571
-4.55616
-4.55616
-4.55586
-4.55646
-4.55586
-4.55601
-4.55646
-4.55525
-4.5548
-4.55555
-4.55646
-4.55676
-4.55631
-4.55631
-4.55586
-4.5551
-4.55541
-4.55616
-4.55586
-4.55541
-4.5551
-4.5545
-4.5551
-4.55571
-4.55692
-4.55737
-4.55843
-4.55933
-4.55903
-4.55797
-4.55752
-4.55858
-4.55827
-4.55797
-4.55767
-4.55692
-4.55661
-4.55616
-4.55737
-4.55767
-4.55782
-4.55812
-4.55827
-4.55797
-4.55782
-4.55797
-4.55752
-4.55767
-4.55827
-4.55676
-4.55616
-4.55691
-4.55661
-4.55646
-4.55661
-4.55737
-4.55646
-4.55646
-4.5554
-4.55495
-4.55419
-4.55495
-4.5554
-4.55616
-4.55616
-4.55676
-4.55646
-4.55676
-4.55751
-4.55736
-4.55616
-4.55585
-4.55525
-4.55495
-4.55525
-4.5551
-4.55525
-4.55585
-4.556
-4.55585
-4.55495
-4.5557
-4.556
-4.556
-4.55676
-4.55706
-4.55782
-4.55903
-4.55887
-4.55902
-4.55872
-4.55932
-4.55857
-4.55812
-4.55812
-4.55797
-4.55812
-4.55857
-4.55857
-4.55812
-4.55736
-4.55782
-4.55812
-4.55827
-4.55721
-4.55782
-4.55751
-4.55782
-4.55736
-4.55691
-4.55767
-4.55751
-4.55797
-4.55691
-4.55706
-4.55736
-4.55766
-4.55797
-4.55842
-4.55827
-4.55887
-4.55887
-4.55751
-4.55721
-4.55766
-4.55736
-4.55721
-4.55661
-4.55645
-4.55721
-4.55721
-4.55736
-4.55676
-4.55646
-4.55676
-4.55661
-4.55676
-4.55661
-4.5563
-4.55646
-4.55691
-4.55766
-4.55812
-4.55842
-4.55963
-4.56008
-4.55948
-4.55948
-4.55857
-4.55902
-4.55781
-4.55766
-4.55736
-4.55661
-4.55721
-4.55615
-4.5554
-4.5554
-4.55615
-4.55615
-4.55615
-4.5566
-4.55691
-4.55615
-4.5563
-4.55676
-4.55706
-4.55736
-4.55781
-4.55751
-4.55796
-4.5566
-4.55645
-4.5566
-4.55781
-4.55797
-4.55797
-4.55797
-4.55827
-4.55812
-4.55751
-4.55766
-4.5566
-4.5566
-4.55645
-4.5563
-4.55645
-4.556
-4.5563
-4.55676
-4.55691
-4.55645
-4.55736
-4.55751
-4.55751
-4.55736
-4.5566
-4.556
-4.5566
-4.55615
-4.55691
-4.55691
-4.55706
-4.55645
-4.55676
-4.5563
-4.556
-4.55706
-4.55706
-4.55721
-4.55706
-4.55645
-4.556
-4.55676
-4.55721
-4.55721
-4.5566
-4.556
-4.55615
-4.55676
-4.55721
-4.55706
-4.55646
-4.55646
-4.55661
-4.556
-4.55616
-4.55616
-4.55676
-4.55676
-4.5563
-4.55661
-4.55615
-4.55706
-4.55766
-4.55812
-4.55827
-4.55842
-4.55797
-4.55752
-4.55752
-4.55797
-4.55842
-4.55782
-4.55812
-4.55842
-4.55963
-4.55857
-4.55887
-4.55948
-4.55933
-4.55993
-4.55993
-4.56008
-4.56023
-4.56174
-4.56159
-4.56174
-4.56189
-4.56235
-4.56205
-4.56205
-4.56174
-4.56114
-4.56159
-4.56114
-4.56084
-4.56129
-4.56159
-4.56159
-4.56114
-4.56129
-4.56114
-4.56129
-4.55978
-4.55993
-4.55933
-4.55872
-4.55887
-4.55887
-4.55857
-4.55751
-4.5563
-4.5566
-4.55676
-4.55615
-4.55661
-4.55721
-4.55676
-4.55721
-4.55691
-4.55812
-4.55782
-4.55797
-4.55812
-4.55827
-4.55751
-4.55736
-4.55631
-4.55676
-4.55631
-4.55661
-4.55615
-4.55691
-4.55676
-4.55782
-4.55857
-4.55857
-4.55812
-4.55781
-4.55812
-4.55781
-4.55766
-4.55721
-4.55812
-4.55827
-4.55933
-4.55948
-4.55887
-4.55857
-4.55797
-4.55872
-4.55797
-4.55827
-4.55766
-4.55781
-4.55766
-4.55736
-4.55736
-4.55751
-4.55842
-4.55812
-4.55766
-4.55766
-4.55782
-4.55767
-4.55752
-4.55812
-4.55767
-4.55676
-4.55646
-4.556
-4.55706
-4.55797
-4.55797
-4.55857
-4.55842
-4.55857
-4.55812
-4.55827
-4.55872
-4.55902
-4.55993
-4.56023
-4.55993
-4.55918
-4.55993
-4.56054
-4.55933
-4.55963
-4.55918
-4.55948
-4.55872
-4.55857
-4.55902
-4.55933
-4.55872
-4.55872
-4.55842
-4.55933
-4.55993
-4.55933
-4.55918
-4.55933
-4.55978
-4.55887
-4.55918
-4.55902
-4.55872
-4.55948
-4.55993
-4.55993
-4.55963
-4.55918
-4.55857
-4.55812
-4.55857
-4.55902
-4.55917
-4.55827
-4.55842
-4.55691
-4.55615
-4.5557
-4.5554
-4.5551
-4.55631
-4.55555
-4.5557
-4.5557
-4.55585
-4.55585
-4.55585
-4.55661
-4.55661
-4.55676
-4.55721
-4.55661
-4.55585
-4.55676
-4.55661
-4.55736
-4.55751
-4.55767
-4.55706
-4.55721
-4.55797
-4.55691
-4.55555
-4.55615
-4.55585
-4.5563
-4.55585
-4.5566
-4.5566
-4.55736
-4.55812
-4.55812
-4.55812
-4.55797
-4.55766
-4.55691
-4.55751
-4.55706
-4.55615
-4.55646
-4.55751
-4.55842
-4.55887
-4.55903
-4.55918
-4.55933
-4.55902
-4.56008
-4.56053
-4.56023
-4.56053
-4.55902
-4.55902
-4.55963
-4.55963
-4.55948
-4.55948
-4.55948
-4.55887
-4.55872
-4.55827
-4.55902
-4.55811
-4.55857
-4.55917
-4.55887
-4.55887
-4.55902
-4.55841
-4.55736
-4.55721
-4.55721
-4.55615
-4.5566
-4.55721
-4.55675
-4.55675
-4.55675
-4.55705
-4.55751
-4.55736
-4.55736
-4.5569
-4.5566
-4.5566
-4.556
-4.5566
-4.556
-4.55464
-4.55433
-4.55373
-4.55373
-4.55358
-4.55328
-4.55388
-4.55419
-4.55358
-4.55479
-4.55449
-4.55389
-4.55404
-4.55449
-4.55479
-4.55525
-4.55555
-4.5563
-4.5563
-4.55585
-4.55539
-4.55464
-4.55419
-4.55479
-4.55494
-4.55464
-4.55509
-4.55479
-4.55509
-4.55509
-4.556
-4.55585
-4.55645
-4.55721
-4.55705
-4.55721
-4.55721
-4.55706
-4.5566
-4.55736
-4.55721
-4.556
-4.55615
-4.55585
-4.556
-4.556
-4.5554
-4.55555
-4.55494
-4.5554
-4.55464
-4.55388
-4.55328
-4.55237
-4.55328
-4.55373
-4.55403
-4.55343
-4.55343
-4.55252
-4.55282
-4.55237
-4.55207
-4.55177
-4.55192
-4.55222
-4.55207
-4.55283
-4.55358
-4.55388
-4.55403
-4.55418
-4.55418
-4.55388
-4.55403
-4.55388
-4.55418
-4.55464
-4.55509
-4.55479
-4.55479
-4.55524
-4.55494
-4.55494
-4.55494
-4.55524
-4.55509
-4.5554
-4.556
-4.55585
-4.55585
-4.5569
-4.55675
-4.55675
-4.55721
-4.55811
-4.55796
-4.55811
-4.55811
-4.55811
-4.55872
-4.55917
-4.55932
-4.55963
-4.55917
-4.55811
-4.55796
-4.55706
-4.5569
-4.55675
-4.556
-4.55584
-4.5569
-4.55645
-4.556
-4.55615
-4.5563
-4.55615
-4.55615
-4.55675
-4.55645
-4.5563
-4.556
-4.55539
-4.55554
-4.55585
-4.55479
-4.55418
-4.55479
-4.55434
-4.55313
-4.55328
-4.55418
-4.55464
-4.55494
-4.55418
-4.55403
-4.55449
-4.55434
-4.55373
-4.55313
-4.55373
-4.55358
-4.55479
-4.55464
-4.55464
-4.55419
-4.55388
-4.55358
-4.55419
-4.55343
-4.55358
-4.55313
-4.55358
-4.55388
-4.55434
-4.55464
-4.55524
-4.5557
-4.5557
-4.5557
-4.556
-4.55449
-4.55419
-4.55434
-4.55509
-4.55524
-4.55555
-4.5557
-4.55645
-4.55705
-4.55675
-4.55645
-4.55615
-4.556
-4.5566
-4.55615
-4.55645
-4.55675
-4.55796
-4.55781
-4.55751
-4.55706
-4.5557
-4.556
-4.55615
-4.5566
-4.5569
-4.55675
-4.55721
-4.55781
-4.55811
-4.55887
-4.55872
-4.55962
-4.55993
-4.55993
-4.56023
-4.56038
-4.55963
-4.55872
-4.55781
-4.55796
-4.55796
-4.55872
-4.55948
-4.55887
-4.55902
-4.55978
-4.55887
-4.55887
-4.55902
-4.55857
-4.55781
-4.55781
-4.55827
-4.55948
-4.56008
-4.56038
-4.56068
-4.55978
-4.55857
-4.55872
-4.55857
-4.55917
-4.55963
-4.55947
-4.55917
-4.55948
-4.56053
-4.56008
-4.56099
-4.56129
-4.56053
-4.55993
-4.55993
-4.56099
-4.56159
-4.56159
-4.56099
-4.56069
-4.56084
-4.56114
-4.56129
-4.56129
-4.56144
-4.56144
-4.56023
-4.56053
-4.56053
-4.56038
-4.55993
-4.55962
-4.56023
-4.56083
-4.56114
-4.56068
-4.56038
-4.56023
-4.56023
-4.55932
-4.55842
-4.55797
-4.55706
-4.55781
-4.55797
-4.55842
-4.55917
-4.55993
-4.55932
-4.55947
-4.55842
-4.55917
-4.55902
-4.55932
-4.55902
-4.55872
-4.55948
-4.56023
-4.56099
-4.56083
-4.56038
-4.56144
-4.56114
-4.56159
-4.56219
-4.56174
-4.5625
-4.56189
-4.56144
-4.56129
-4.56174
-4.56113
-4.56098
-4.56053
-4.56038
-4.56038
-4.55993
-4.55978
-4.55932
-4.55933
-4.55963
-4.56023
-4.56114
-4.56159
-4.56205
-4.56371
-4.56235
-4.56205
-4.56144
-4.56114
-4.56023
-4.56068
-4.56053
-4.56008
-4.55978
-4.56023
-4.55932
-4.55932
-4.55887
-4.55872
-4.55902
-4.55872
-4.55842
-4.55933
-4.55887
-4.55782
-4.55842
-4.55812
-4.55797
-4.55872
-4.55842
-4.55751
-4.55812
-4.55736
-4.55811
-4.55827
-4.55872
-4.55917
-4.55811
-4.55887
-4.55812
-4.55796
-4.55827
-4.55842
-4.55932
-4.55932
-4.55932
-4.55887
-4.55887
-4.55872
-4.55811
-4.55796
-4.55811
-4.55932
-4.55962
-4.55977
-4.55978
-4.56008
-4.55887
-4.55932
-4.55932
-4.55948
-4.55948
-4.55917
-4.55902
-4.55902
-4.55887
-4.55887
-4.55947
-4.56023
-4.56008
-4.56068
-4.56038
-4.55978
-4.55963
-4.55918
-4.55933
-4.55918
-4.55797
-4.55781
-4.55751
-4.55781
-4.55766
-4.55796
-4.55811
-4.55887
-4.55932
-4.55932
-4.55978
-4.55963
-4.56023
-4.56053
-4.56008
-4.56038
-4.55948
-4.55917
-4.55857
-4.55796
-4.55827
-4.55932
-4.55948
-4.56068
-4.56099
-4.56038
-4.56099
-4.56068
-4.56053
-4.56038
-4.55962
-4.55932
-4.55841
-4.55841
-4.55947
-4.55932
-4.55917
-4.55902
-4.55963
-4.55917
-4.55872
-4.55917
-4.55932
-4.55977
-4.56083
-4.56023
-4.55992
-4.55977
-4.55917
-4.55932
-4.55932
-4.55977
-4.55902
-4.55811
-4.55736
-4.55751
-4.55736
-4.55675
-4.5566
-4.55675
-4.556
-4.55585
-4.556
-4.556
-4.5563
-4.55736
-4.55781
-4.55872
-4.55811
-4.55872
-4.55917
-4.55962
-4.55856
-4.55735
-4.55751
-4.55766
-4.55826
-4.55857
-4.55857
-4.55766
-4.55721
-4.55811
-4.55917
-4.55857
-4.55857
-4.55917
-4.55917
-4.55902
-4.55902
-4.55977
-4.55917
-4.55992
-4.55962
-4.55886
-4.5578
-4.55826
-4.55811
-4.55886
-4.55916
-4.55916
-4.55947
-4.56007
-4.56007
-4.55932
-4.55932
-4.55962
-4.55871
-4.55811
-4.55886
-4.55932
-4.56022
-4.55916
-4.56007
-4.56007
-4.55962
-4.55932
-4.55826
-4.55871
-4.55901
-4.55992
-4.56022
-4.56007
-4.56067
-4.56113
-4.56158
-4.56203
-4.56218
-4.56203
-4.56249
-4.56279
-4.56324
-4.5637
-4.56415
-4.564
-4.564
-4.56355
-4.56385
-4.56279
-4.56234
-4.56173
-4.56128
-4.56052
-4.56098
-4.56053
-4.56037
-4.56068
-4.55992
-4.55932
-4.55962
-4.55901
-4.55962
-4.55916
-4.55977
-4.56022
-4.55962
-4.55932
-4.55962
-4.55902
-4.55902
-4.55811
-4.55841
-4.55735
-4.55735
-4.5572
-4.55735
-4.55584
-4.5566
-4.5569
-4.55811
-4.55796
-4.55856
-4.55856
-4.55841
-4.55886
-4.55871
-4.55841
-4.55886
-4.55962
-4.55916
-4.55977
-4.56052
-4.56037
-4.56007
-4.55977
-4.55947
-4.55916
-4.55916
-4.56037
-4.55977
-4.55931
-4.55977
-4.55962
-4.55977
-4.56068
-4.56128
-4.56143
-4.56113
-4.56128
-4.56219
-4.56188
-4.56249
-4.56158
-4.56188
-4.56203
-4.56218
-4.56203
-4.56143
-4.56113
-4.56053
-4.56038
-4.56022
-4.56022
-4.56007
-4.55947
-4.55826
-4.55826
-4.5581
-4.55795
-4.55871
-4.55886
-4.55871
-4.55811
-4.55841
-4.55856
-4.55735
-4.55765
-4.5578
-4.5575
-4.5572
-4.55811
-4.5575
-4.55795
-4.55795
-4.55947
-4.55977
-4.55931
-4.55962
-4.55962
-4.55992
-4.55946
-4.55916
-4.55947
-4.55947
-4.55977
-4.55977
-4.55901
-4.55992
-4.56083
-4.55977
-4.55932
-4.55916
-4.55826
-4.5581
-4.5578
-4.55765
-4.55765
-4.55644
-4.55584
-4.55569
-4.55659
-4.5575
-4.5575
-4.5572
-4.5575
-4.5569
-4.55629
-4.55629
-4.5569
-4.55629
-4.55675
-4.5575
-4.55795
-4.55795
-4.5581
-4.55735
-4.55644
-4.55569
-4.55584
-4.55539
-4.55614
-4.5569
-4.55795
-4.55584
-4.55614
-4.55554
-4.55524
-4.55569
-4.55599
-4.55584
-4.55554
-4.55584
-4.55508
-4.55493
-4.55569
-4.55644
-4.55644
-4.5566
-4.55765
-4.55826
-4.55841
-4.55886
-4.55901
-4.55932
-4.56022
-4.56083
-4.56128
-4.56218
-4.56279
-4.56309
-4.56294
-4.56294
-4.56234
-4.56249
-4.56173
-4.56113
-4.56158
-4.56188
-4.56143
-4.56188
-4.56188
-4.56188
-4.56173
-4.56204
-4.56173
-4.56189
-4.56143
-4.56158
-4.56083
-4.55977
-4.55916
-4.55931
-4.56007
-4.55946
-4.55946
-4.55962
-4.56022
-4.56068
-4.56052
-4.56022
-4.55992
-4.56022
-4.55992
-4.56053
-4.56007
-4.55932
-4.56022
-4.55947
-4.55977
-4.55947
-4.55931
-4.56022
-4.55931
-4.55871
-4.55796
-4.55765
-4.5569
-4.5566
-4.55705
-4.55614
-4.55629
-4.55644
-4.55705
-4.55644
-4.55659
-4.55614
-4.55644
-4.55674
-4.55675
-4.5569
-4.55765
-4.5578
-4.55765
-4.55735
-4.5569
-4.55689
-4.55644
-4.55569
-4.55599
-4.55554
-4.55569
-4.55493
-4.55538
-4.55493
-4.55508
-4.55538
-4.55538
-4.55614
-4.55644
-4.55765
-4.55825
-4.55765
-4.55856
-4.55916
-4.55856
-4.55977
-4.56007
-4.55977
-4.55901
-4.55901
-4.55961
-4.55961
-4.55946
-4.55855
-4.55855
-4.55885
-4.55976
-4.55901
-4.55916
-4.55991
-4.55961
-4.55946
-4.55961
-4.55977
-4.55992
-4.55946
-4.55916
-4.55871
-4.55901
-4.55826
-4.55841
-4.55871
-4.55886
-4.55886
-4.55976
-4.56128
-4.56113
-4.56128
-4.56158
-4.56022
-4.55992
-4.56052
-4.55962
-4.55962
-4.55946
-4.55931
-4.55901
-4.55962
-4.55841
-4.5578
-4.5575
-4.5575
-4.5569
-4.5572
-4.55735
-4.55735
-4.55735
-4.5575
-4.5572
-4.55826
-4.55871
-4.55886
-4.55856
-4.55856
-4.55931
-4.55871
-4.5581
-4.55841
-4.55856
-4.55886
-4.55871
-4.55781
-4.55796
-4.55781
-4.55766
-4.5572
-4.5575
-4.55705
-4.55599
-4.55554
-4.55614
-4.55599
-4.55523
-4.55569
-4.55372
-4.55418
-4.55418
-4.55463
-4.55508
-4.55508
-4.55448
-4.55554
-4.55539
-4.55524
-4.55569
-4.55493
-4.55463
-4.55463
-4.55448
-4.55448
-4.55509
-4.55463
-4.55388
-4.55357
-4.55403
-4.55493
-4.55387
-4.55448
-4.55478
-4.55478
-4.55448
-4.55373
-4.55373
-4.55433
-4.55539
-4.55523
-4.55478
-4.55463
-4.55538
-4.55463
-4.55448
-4.55463
-4.55372
-4.55372
-4.55388
-4.55357
-4.55312
-4.55312
-4.55373
-4.55327
-4.55327
-4.55327
-4.55282
-4.55282
-4.55282
-4.55206
-4.55282
-4.55252
-4.55221
-4.55206
-4.55176
-4.55085
-4.55101
-4.5498
-4.5504
-4.54965
-4.54904
-4.54904
-4.55086
-4.55131
-4.55131
-4.55025
-4.55146
-4.55085
-4.5504
-4.5507
-4.5504
-4.5501
-4.55131
-4.55191
-4.55206
-4.55252
-4.55221
-4.55267
-4.55327
-4.55358
-4.55403
-4.55448
-4.55433
-4.55433
-4.55403
-4.55448
-4.55478
-4.55418
-4.55327
-4.55357
-4.55387
-4.55493
-4.55569
-4.55554
-4.55554
-4.55614
-4.55554
-4.55554
-4.55554
-4.55584
-4.55584
-4.55599
-4.55584
-4.55614
-4.55599
-4.55614
-4.55644
-4.55659
-4.55674
-4.55629
-4.55523
-4.55538
-4.55584
-4.55599
-4.55659
-4.55659
-4.55735
-4.5569
-4.55705
-4.55629
-4.55569
-4.55493
-4.55433
-4.55554
-4.55538
-4.55554
-4.55478
-4.55523
-4.55599
-4.55584
-4.55659
-4.55689
-4.55689
-4.55674
-4.55689
-4.5578
-4.5578
-4.5581
-4.55855
-4.5581
-4.55871
-4.55825
-4.5584
-4.5581
-4.55795
-4.55719
-4.55719
-4.55795
-4.5575
-4.5578
-4.5572
-4.55629
-4.55569
-4.55538
-4.55463
-4.55403
-4.55387
-4.55478
-4.55554
-4.55433
-4.55387
-4.55433
-4.55342
-4.55357
-4.55372
-4.55417
-4.55478
-4.55432
-4.55402
-4.55387
-4.55372
-4.55403
-4.55523
-4.55599
-4.55584
-4.55629
-4.55629
-4.55629
-4.55674
-4.5575
-4.55735
-4.55674
-4.55735
-4.5575
-4.5581
-4.5578
-4.5578
-4.55795
-4.5578
-4.55735
-4.55825
-4.5581
-4.5581
-4.55765
-4.55689
-4.55614
-4.55659
-4.5575
-4.55689
-4.55629
-4.55629
-4.55644
-4.55674
-4.55674
-4.55689
-4.55735
-4.55659
-4.55674
-4.55705
-4.5575
-4.55765
-4.55705
-4.55674
-4.5575
-4.5578
-4.55825
-4.55886
-4.55901
-4.55871
-4.5578
-4.5578
-4.55825
-4.55916
-4.56007
-4.55961
-4.56007
-4.55931
-4.55901
-4.55901
-4.55871
-4.55795
-4.55735
-4.5572
-4.55705
-4.55796
-4.5569
-4.55599
-4.55644
-4.55614
-4.55674
-4.55614
-4.55584
-4.55523
-4.55599
-4.55614
-4.55614
-4.5572
-4.55765
-4.55765
-4.5578
-4.5581
-4.55886
-4.55886
-4.55946
-4.55841
-4.55916
-4.55901
-4.55977
-4.56007
-4.56052
-4.56128
-4.56082
-4.56037
-4.55946
-4.55871
-4.55931
-4.55841
-4.55856
-4.55871
-4.55931
-4.55856
-4.55826
-4.55795
-4.55795
-4.55826
-4.55826
-4.55901
-4.55916
-4.55916
-4.55886
-4.55871
-4.5581
-4.5575
-4.5578
-4.5575
-4.55856
-4.55871
-4.55841
-4.55796
-4.55796
-4.55765
-4.55796
-4.55826
-4.55901
-4.55932
-4.55916
-4.55932
-4.55977
-4.55962
-4.55932
-4.55977
-4.55947
-4.55962
-4.55916
-4.55946
-4.55886
-4.55856
-4.55856
-4.55886
-4.55977
-4.55886
-4.55781
-4.55765
-4.55645
-4.55675
-4.55645
-4.55554
-4.55599
-4.55644
-4.55644
-4.55644
-4.55614
-4.5566
-4.5569
-4.5572
-4.5572
-4.55735
-4.5575
-4.5575
-4.5572
-4.55645
-4.55781
-4.55811
-4.55751
-4.55735
-4.5563
-4.55615
-4.55554
-4.55645
-4.55645
-4.55554
-4.55599
-4.55584
-4.55614
-4.5566
-4.5566
-4.55675
-4.55615
-4.55645
-4.5572
-4.55766
-4.55781
-4.55781
-4.55781
-4.55705
-4.55736
-4.55781
-4.55735
-4.55796
-4.5575
-4.55735
-4.55735
-4.55735
-4.55735
-4.55766
-4.55781
-4.55766
-4.55796
-4.55705
-4.5569
-4.5569
-4.55766
-4.55871
-4.55917
-4.55932
-4.55962
-4.55977
-4.56038
-4.56053
-4.56053
-4.55992
-4.55917
-4.55901
-4.55932
-4.55947
-4.55947
-4.55932
-4.55841
-4.55871
-4.55901
-4.55901
-4.55826
-4.55856
-4.55947
-4.55856
-4.55856
-4.55962
-4.55932
-4.55917
-4.55871
-4.55932
-4.55992
-4.55962
-4.55962
-4.55931
-4.55916
-4.55931
-4.55811
-4.5578
-4.55811
-4.55826
-4.55841
-4.55932
-4.55826
-4.55796
-4.55735
-4.55796
-4.55826
-4.55826
-4.55856
-4.55871
-4.55856
-4.55856
-4.55856
-4.55826
-4.55856
-4.55841
-4.55811
-4.55826
-4.55796
-4.55871
-4.55871
-4.55811
-4.55826
-4.55735
-4.55735
-4.5572
-4.5575
-4.55735
-4.55735
-4.5575
-4.5575
-4.55795
-4.55811
-4.55826
-4.55811
-4.5572
-4.5569
-4.55599
-4.5563
-4.5566
-4.55615
-4.55645
-4.5563
-4.55614
-4.55629
-4.55645
-4.5572
-4.5572
-4.5572
-4.5578
-4.5575
-4.55826
-4.55675
-4.55675
-4.5572
-4.55735
-4.5581
-4.55825
-4.5569
-4.55705
-4.55675
-4.55614
-4.55705
-4.5566
-4.5572
-4.55735
-4.55795
-4.55841
-4.55841
-4.5569
-4.5572
-4.55705
-4.5572
-4.5572
-4.55675
-4.5569
-4.5578
-4.5572
-4.5578
-4.55856
-4.55826
-4.55871
-4.55841
-4.55856
-4.55826
-4.55841
-4.55841
-4.5575
-4.55735
-4.5575
-4.55735
-4.5566
-4.55705
-4.55675
-4.5569
-4.55705
-4.55735
-4.5575
-4.5566
-4.55705
-4.5569
-4.55705
-4.5569
-4.55795
-4.5575
-4.55675
-4.5569
-4.5566
-4.5566
-4.55705
-4.5566
-4.55629
-4.5566
-4.55659
-4.5569
-4.55659
-4.55629
-4.55659
-4.55644
-4.55569
-4.55539
-4.55629
-4.5572
-4.55705
-4.55644
-4.55599
-4.55599
-4.55554
-4.55599
-4.55644
-4.55705
-4.5578
-4.5572
-4.55675
-4.55569
-4.55554
-4.55599
-4.55629
-4.5566
-4.5569
-4.55735
-4.55704
-4.5575
-4.5572
-4.55795
-4.5581
-4.55795
-4.55689
-4.55629
-4.55629
-4.55659
-4.55644
-4.5575
-4.55705
-4.55674
-4.55659
-4.5575
-4.55735
-4.5569
-4.5572
-4.5572
-4.55659
-4.55629
-4.55659
-4.55735
-4.55689
-4.55644
-4.55705
-4.5575
-4.55599
-4.55523
-4.55569
-4.55584
-4.55644
-4.55614
-4.55539
-4.55644
-4.55539
-4.55629
-4.55614
-4.55569
-4.55493
-4.55493
-4.55524
-4.55569
-4.55599
-4.55584
-4.55645
-4.5566
-4.5572
-4.55841
-4.55811
-4.55826
-4.55811
-4.55811
-4.55795
-4.5581
-4.55871
-4.55871
-4.55946
-4.55961
