-5.03444
-5.02516
-5.01294
-5.00053
-4.98929
-4.98158
-4.97951
-4.98364
-4.99526
-5.01055
-5.02616
-5.0407
-5.05329
-5.06427
-5.0733
-5.08433
-5.09587
-5.10619
-5.1135
-5.11744
-5.11839
-5.11454
-5.10277
-5.08346
-5.06081
-5.04064
-5.02842
-5.02822
-5.03674
-5.0497
-5.05752
-5.0603
-5.05409
-5.03925
-5.02076
-5.00026
-4.98322
-4.97262
-4.97271
-4.98187
-4.99665
-5.01252
-5.02745
-5.0389
-5.04616
-5.04831
-5.04247
-5.02723
-5.00393
-4.97147
-4.93814
-4.91233
-4.89917
-4.9006
-4.91428
-4.93439
-4.95868
-4.98368
-5.00898
-5.03657
-5.06585
-5.09563
-5.12333
-5.14938
-5.17174
-5.18883
-5.20335
-5.2118
-5.21321
-5.2087
-5.19805
-5.18204
-5.16193
-5.13845
-5.11646
-5.09802
-5.08355
-5.07377
-5.07197
-5.07557
-5.0802
-5.08333
-5.08143
-5.06925
-5.04679
-5.01569
-4.98028
-4.94719
-4.92232
-4.91132
-4.91679
-4.93737
-4.97078
-5.0097
-5.05077
-5.08681
-5.11444
-5.13086
-5.1356
-5.12924
-5.11467
-5.09601
-5.07341
-5.04809
-5.02235
-4.99664
-4.97783
-4.9668
-4.97004
-4.98244
-5.00196
-5.02368
-5.04552
-5.05998
-5.06801
-5.07005
-5.06964
-5.07073
-5.07853
-5.092
-5.11066
-5.12614
-5.12952
-5.1194
-5.09399
-5.06028
-5.02533
-4.99333
-4.97132
-4.95871
-4.95631
-4.95907
-4.96299
-4.96259
-4.95791
-4.94789
-4.93749
-4.93164
-4.93355
-4.9431
-4.96252
-4.98506
-5.00908
-5.02646
-5.0346
-5.03672
-5.03196
-5.02874
-5.02647
-5.02773
-5.0294
-5.03121
-5.0317
-5.03227
-5.03112
-5.02662
-5.01718
-5.00022
-4.97963
-4.95795
-4.93952
-4.92756
-4.92077
-4.91818
-4.91818
-4.91988
-4.92796
-4.93899
-4.95687
-4.97961
-5.00659
-5.03223
-5.05322
-5.06783
-5.07612
-5.07709
-5.07019
-5.05447
-5.03082
-5.00277
-4.97442
-4.95116
-4.93326
-4.91977
-4.90857
-4.89882
-4.89105
-4.88836
-4.89445
-4.90689
-4.92122
-4.93236
-4.93907
-4.94076
-4.94222
-4.94415
-4.95138
-4.96422
-4.98382
-5.012
-5.0447
-5.07936
-5.11251
-5.1406
-5.15885
-5.16674
-5.16346
-5.15274
-5.13935
-5.12647
-5.11719
-5.11551
-5.11753
-5.12531
-5.13387
-5.14132
-5.14683
-5.14953
-5.15217
-5.15469
-5.15786
-5.16142
-5.16296
-5.16218
-5.15943
-5.15192
-5.14301
-5.1326
-5.12415
-5.11831
-5.11484
-5.11137
-5.10604
-5.10092
-5.09244
-5.08148
-5.0718
-5.06324
-5.05832
-5.05561
-5.0525
-5.04775
-5.03822
-5.02492
-5.00803
-4.99044
-4.97733
-4.97305
-4.9796
-4.99871
-5.02985
-5.06646
-5.10391
-5.1351
-5.15441
-5.16337
-5.16102
-5.15364
-5.14216
-5.13246
-5.12356
-5.11524
-5.10463
-5.08999
-5.06973
-5.04329
-5.01391
-4.98321
-4.95361
-4.92766
-4.90736
-4.89242
-4.88468
-4.8839
-4.89171
-4.90846
-4.93053
-4.95608
-4.98297
-5.00982
-5.03524
-5.05715
-5.07985
-5.09718
-5.11093
-5.12078
-5.12619
-5.12827
-5.12857
-5.12631
-5.12373
-5.11978
-5.11171
-5.0992
-5.08049
-5.05484
-5.02534
-4.99297
-4.96356
-4.9368
-4.91466
-4.89786
-4.88857
-4.88402
-4.88526
-4.88966
-4.89568
-4.89976
-4.9037
-4.90514
-4.90067
-4.89078
-4.87853
-4.86482
-4.85671
-4.85597
-4.86583
-4.88633
-4.91564
-4.94952
-4.98469
-5.01874
-5.04542
-5.06349
-5.0713
-5.06637
-5.05109
-5.02874
-5.00017
-4.96897
-4.93545
-4.90852
-4.89174
-4.88852
-4.90127
-4.92832
-4.96254
-4.9977
-5.02634
-5.0474
-5.06187
-5.07417
-5.08436
-5.0959
-5.10876
-5.12025
-5.12904
-5.13452
-5.13485
-5.12751
-5.11278
-5.09238
-5.06691
-5.03636
-5.00575
-4.97436
-4.94779
-4.92862
-4.91979
-4.92159
-4.93319
-4.94665
-4.961
-4.97198
-4.97871
-4.97779
-4.97047
-4.96096
-4.9492
-4.9392
-4.93236
-4.92905
-4.92517
-4.91902
-4.90968
-4.89969
-4.89166
-4.89024
-4.8974
-4.90929
-4.92295
-4.93659
-4.94931
-4.95856
-4.96481
-4.96477
-4.95791
-4.9438
-4.93029
-4.92013
-4.92134
-4.93195
-4.94855
-4.96898
-4.98984
-5.0086
-5.02086
-5.02684
-5.02786
-5.02314
-5.01639
-5.00757
-5.00249
-5.00372
-5.01321
-5.02874
-5.04905
-5.0708
-5.09394
-5.11503
-5.13277
-5.14317
-5.14507
-5.13698
-5.12009
-5.09531
-5.06697
-5.04043
-5.02109
-5.00843
-5.00367
-5.00553
-5.01033
-5.01952
-5.02996
-5.04052
-5.05135
-5.06214
-5.07324
-5.08551
-5.10144
-5.11524
-5.12754
-5.13539
-5.14074
-5.14307
-5.14439
-5.14363
-5.14061
-5.13735
-5.13454
-5.13178
-5.12965
-5.12517
-5.11453
-5.09398
-5.05934
-5.01395
-4.9645
-4.91869
-4.88518
-4.86285
-4.85177
-4.84935
-4.85819
-4.87601
-4.90371
-4.94005
-4.97769
-5.01506
-5.04369
-5.06122
-5.06525
-5.05888
-5.04323
-5.02072
-4.99708
-4.97493
-4.95632
-4.94164
-4.93259
-4.92947
-4.93334
-4.9428
-4.96243
-4.98965
-5.02324
-5.05683
-5.08648
-5.10667
-5.11772
-5.11797
-5.10888
-5.09041
-5.06674
-5.03967
-5.01365
-4.98861
-4.96815
-4.95524
-4.94887
-4.95084
-4.95667
-4.96697
-4.98024
-4.99666
-5.0115
-5.02505
-5.03587
-5.04116
-5.04137
-5.03413
-5.02278
-5.01005
-5.00241
-5.00063
-5.00673
-5.02103
-5.04176
-5.06516
-5.08724
-5.10586
-5.1212
-5.13132
-5.13694
-5.14082
-5.14037
-5.13774
-5.13062
-5.12064
-5.10669
-5.09099
-5.07417
-5.0594
-5.04724
-5.04019
-5.03786
-5.03821
-5.03728
-5.03393
-5.02549
-5.01584
-5.00644
-5.00083
-5.00279
-5.01449
-5.02939
-5.04439
-5.05685
-5.06193
-5.06035
-5.05175
-5.03872
-5.02315
-5.0087
-4.99626
-4.98907
-4.98754
-4.99194
-5.00275
-5.01573
-5.02864
-5.03803
-5.04242
-5.04096
-5.03536
-5.02799
-5.02438
-5.02733
-5.03766
-5.05539
-5.07212
-5.08517
-5.09308
-5.09291
-5.08435
-5.07116
-5.05555
-5.03795
-5.02467
-5.01911
-5.02208
-5.03122
-5.04373
-5.05537
-5.06144
-5.05916
-5.04805
-5.02959
-5.00835
-4.98982
-4.98116
-4.98884
-5.01146
-5.04447
-5.08361
-5.11953
-5.14649
-5.15942
-5.15788
-5.14018
-5.10861
-5.06585
-5.01583
-4.96597
-4.92089
-4.88298
-4.85353
-4.83465
-4.82628
-4.82969
-4.84494
-4.87344
-4.9106
-4.9514
-4.98602
-5.01186
-5.02884
-5.04242
-5.05191
-5.06169
-5.07096
-5.07922
-5.08495
-5.08799
-5.0875
-5.08496
-5.08564
-5.09215
-5.10602
-5.12464
-5.14466
-5.16005
-5.16618
-5.15818
-5.13804
-5.10559
-5.06737
-5.03369
-5.01456
-5.0109
-5.01418
-5.01513
-5.01146
-5.00823
-5.00948
-5.01078
-5.01163
-5.01396
-5.01611
-5.02149
-5.02985
-5.0429
-5.06002
-5.07797
-5.09465
-5.10765
-5.11446
-5.11608
-5.11267
-5.10491
-5.09423
-5.0865
-5.0816
-5.08014
-5.08344
-5.09202
-5.10117
-5.10997
-5.11702
-5.11773
-5.11351
-5.10402
-5.09204
-5.0794
-5.0662
-5.05492
-5.04503
-5.03407
-5.02236
-5.00915
-4.99186
-4.97391
-4.95476
-4.93906
-4.92898
-4.92616
-4.93259
-4.94685
-4.96627
-4.98655
-5.00323
-5.01349
-5.01612
-5.00987
-4.99964
-4.9869
-4.9755
-4.96955
-4.96742
-4.96929
-4.97295
-4.97396
-4.97288
-4.96911
-4.96711
-4.9679
-4.97431
-4.99031
-5.01429
-5.04582
-5.07893
-5.10697
-5.12733
-5.13836
-5.13995
-5.13274
-5.11812
-5.09979
-5.08053
-5.06421
-5.05029
-5.04029
-5.03049
-5.02126
-5.01285
-5.00434
-4.99669
-4.99007
-4.98427
-4.98141
-4.9823
-4.98618
-4.99574
-5.01189
-5.03631
-5.06723
-5.1034
-5.14125
-5.17645
-5.20392
-5.21769
-5.21649
-5.20068
-5.16889
-5.12601
-5.07548
-5.02413
-4.97867
-4.95017
-4.94259
-4.95124
-4.9742
-5.00568
-5.04138
-5.07797
-5.11094
-5.14081
-5.16274
-5.17829
-5.18636
-5.18661
-5.17947
-5.16625
-5.14817
-5.12835
-5.10854
-5.09083
-5.07649
-5.0647
-5.05639
-5.04984
-5.04479
-5.04118
-5.03694
-5.03166
-5.02466
-5.01665
-5.01051
-5.00934
-5.01336
-5.02288
-5.0345
-5.04906
-5.06469
-5.07873
-5.08957
-5.0944
-5.09402
-5.08745
-5.07485
-5.05657
-5.03584
-5.01512
-4.99548
-4.97912
-4.9667
-4.95768
-4.95349
-4.95313
-4.954
-4.95554
-4.95601
-4.95353
-4.94913
-4.94451
-4.93922
-4.93498
-4.93246
-4.93149
-4.93109
-4.9319
-4.9354
-4.93967
-4.94784
-4.95645
-4.96662
-4.97555
-4.98424
-4.99117
-4.99375
-4.99314
-4.99007
-4.98525
-4.98348
-4.98549
-4.99417
-5.00817
-5.0273
-5.05101
-5.07487
-5.09467
-5.10986
-5.11977
-5.12375
-5.12572
-5.12103
-5.11485
-5.10762
-5.09979
-5.08769
-5.06976
-5.04755
-5.02094
-4.99156
-4.96196
-4.93708
-4.91912
-4.90943
-4.90732
-4.91099
-4.92104
-4.92995
-4.93693
-4.94003
-4.93835
-4.93142
-4.92114
-4.91317
-4.91293
-4.92318
-4.94564
-4.97861
-5.01857
-5.06076
-5.10166
-5.14031
-5.17446
-5.2017
-5.22116
-5.23387
-5.24037
-5.24137
-5.23728
-5.22755
-5.21241
-5.19082
-5.16299
-5.13418
-5.10829
-5.09084
-5.08651
-5.09577
-5.11921
-5.15075
-5.18459
-5.21211
-5.22817
-5.22819
-5.21467
-5.18881
-5.15539
-5.11826
-5.08329
-5.05615
-5.0389
-5.03405
-5.03889
-5.04965
-5.06347
-5.07313
-5.07564
-5.07136
-5.05874
-5.04152
-5.02675
-5.01555
-5.01118
-5.01466
-5.02353
-5.03344
-5.04244
-5.04482
-5.04044
-5.03074
-5.01533
-5.00066
-4.98998
-4.98288
-4.97873
-4.97771
-4.97695
-4.97652
-4.97415
-4.97194
-4.96907
-4.96795
-4.97087
-4.98102
-5.00034
-5.02845
-5.05874
-5.08219
-5.09471
-5.09368
-5.08205
-5.06439
-5.04601
-5.03465
-5.0315
-5.03613
-5.04806
-5.0626
-5.07371
-5.07778
-5.07267
-5.05994
-5.04377
-5.02949
-5.02016
-5.01879
-5.02088
-5.02504
-5.03076
-5.03659
-5.04194
-5.04547
-5.04901
-5.05246
-5.05372
-5.05373
-5.05676
-5.06051
-5.06713
-5.07513
-5.08414
-5.0948
-5.10406
-5.11092
-5.11713
-5.12109
-5.12225
-5.11925
-5.11398
-5.10783
-5.09935
-5.09229
-5.08851
-5.08773
-5.09063
-5.09038
-5.08568
-5.07368
-5.05566
-5.03384
-5.01209
-4.99255
-4.97945
-4.97118
-4.96995
-4.97586
-4.98744
-5.00265
-5.02001
-5.03561
-5.04566
-5.04771
-5.04085
-5.02821
-5.01286
-5.00138
-4.99524
-4.99638
-5.0026
-5.01045
-5.01851
-5.0233
-5.02298
-5.0168
-5.00399
-4.98733
-4.96651
-4.94673
-4.93181
-4.92033
-4.91606
-4.91831
-4.92582
-4.93766
-4.95234
-4.96581
-4.9771
-4.98372
-4.98603
-4.9854
-4.98468
-4.98619
-4.99038
-4.99928
-5.01213
-5.02635
-5.0388
-5.04658
-5.04931
-5.04744
-5.03939
-5.03065
-5.02112
-5.0136
-5.00582
-4.99799
-4.9875
-4.97541
-4.96081
-4.94553
-4.93245
-4.92351
-4.92172
-4.92772
-4.93979
-4.9593
-4.98471
-5.01245
-5.04438
-5.07428
-5.10218
-5.12654
-5.14666
-5.16128
-5.16819
-5.1659
-5.15576
-5.13839
-5.11691
-5.09478
-5.07555
-5.06088
-5.05289
-5.05165
-5.05541
-5.06075
-5.06785
-5.07402
-5.07655
-5.0778
-5.07475
-5.06762
-5.05583
-5.0424
-5.02617
-5.01077
-4.9966
-4.98481
-4.97711
-4.97461
-4.9744
-4.97594
-4.97622
-4.97452
-4.969
-4.96196
-4.95475
-4.94931
-4.94971
-4.95449
-4.96284
-4.97353
-4.98594
-4.99978
-5.01258
-5.02573
-5.03905
-5.05108
-5.06219
-5.07061
-5.07467
-5.07657
-5.07148
-5.06174
-5.04762
-5.02848
-5.00754
-4.98806
-4.97198
-4.95977
-4.95552
-4.95568
-4.96109
-4.97033
-4.9798
-4.98829
-4.9963
-5.00121
-5.00309
-5.00162
-5.00316
-5.00758
-5.01656
-5.02764
-5.04122
-5.05409
-5.06579
-5.07593
-5.08263
-5.08593
-5.08452
-5.07773
-5.06928
-5.06119
-5.05844
-5.06144
-5.07025
-5.08146
-5.08984
-5.08969
-5.08104
-5.06575
-5.04958
-5.03752
-5.03223
-5.03218
-5.03313
-5.03406
-5.03206
-5.02657
-5.02089
-5.0171
-5.01606
-5.0185
-5.02161
-5.02456
-5.02473
-5.01984
-5.01067
-4.99634
-4.97762
-4.95797
-4.94018
-4.92396
-4.91291
-4.90611
-4.90829
-4.91552
-4.92977
-4.95018
-4.97374
-4.99987
-5.02289
-5.04004
-5.05199
-5.05739
-5.05618
-5.0488
-5.03808
-5.02443
-5.01202
-5.00136
-4.99554
-4.99266
-4.98923
-4.98467
-4.97893
-4.97272
-4.96872
-4.96923
-4.97443
-4.98152
-4.98742
-4.98706
-4.9785
-4.96247
-4.93845
-4.90808
-4.87764
-4.8514
-4.83319
-4.8252
-4.8269
-4.8378
-4.85502
-4.87628
-4.90093
-4.92373
-4.94397
-4.96184
-4.97668
-4.99132
-5.00383
-5.01536
-5.02471
-5.03304
-5.04101
-5.04785
-5.05674
-5.06696
-5.0794
-5.09443
-5.10922
-5.12207
-5.13384
-5.14132
-5.14181
-5.13405
-5.11659
-5.0926
-5.06241
-5.03007
-4.99669
-4.96602
-4.93799
-4.9134
-4.89271
-4.87793
-4.87156
-4.87696
-4.89437
-4.91972
-4.95091
-4.98008
-5.00623
-5.02828
-5.04549
-5.05805
-5.0651
-5.06853
-5.06936
-5.0681
-5.06341
-5.05391
-5.04164
-5.02885
-5.01709
-5.01194
-5.01602
-5.02814
-5.04787
-5.06887
-5.08746
-5.09988
-5.10473
-5.09913
-5.08227
-5.05987
-5.03663
-5.01764
-5.00577
-5.00017
-4.99789
-4.99528
-4.99125
-4.98857
-4.9852
-4.98332
-4.98173
-4.98107
-4.98045
-4.9785
-4.97644
-4.97405
-4.97584
-4.98266
-4.99491
-5.0106
-5.02462
-5.03529
-5.04239
-5.04542
-5.04556
-5.04791
-5.05209
-5.05812
-5.064
-5.07019
-5.07507
-5.07978
-5.08234
-5.08665
-5.08734
-5.08762
-5.08461
-5.07763
-5.06497
-5.04915
-5.02845
-5.00517
-4.98244
-4.96362
-4.94963
-4.94197
-4.93921
-4.941
-4.94517
-4.95169
-4.95978
-4.96759
-4.97407
-4.97922
-4.98134
-4.98063
-4.97924
-4.97736
-4.97641
-4.97545
-4.97528
-4.97811
-4.98194
-4.99093
-5.00144
-5.01319
-5.02613
-5.03896
-5.04961
-5.05941
-5.06662
-5.07271
-5.07473
-5.07293
-5.06984
-5.06578
-5.06087
-5.05503
-5.04918
-5.04345
-5.03593
-5.0269
-5.01522
-5.00095
-4.98316
-4.96395
-4.94971
-4.94656
-4.95854
-4.98147
-5.01126
-5.0436
-5.0735
-5.10139
-5.12561
-5.14552
-5.16082
-5.17263
-5.18171
-5.1874
-5.19262
-5.19633
-5.19823
-5.19566
-5.18932
-5.17684
-5.16139
-5.1433
-5.122
-5.0984
-5.07241
-5.04515
-5.01835
-4.99153
-4.9692
-4.9544
-4.95005
-4.95408
-4.96554
-4.98079
-4.99582
-5.00966
-5.02175
-5.03074
-5.03432
-5.03675
-5.03953
-5.04492
-5.05174
-5.05796
-5.06061
-5.05929
-5.05367
-5.04265
-5.03052
-5.02
-5.0138
-5.01665
-5.02928
-5.05237
-5.08132
-5.1093
-5.13446
-5.15345
-5.16469
-5.16593
-5.15635
-5.1373
-5.11288
-5.08492
-5.05686
-5.03313
-5.01459
-5.00354
-4.99964
-5.00263
-5.00911
-5.01701
-5.02189
-5.02417
-5.02209
-5.01896
-5.0146
-5.012
-5.01063
-5.01244
-5.01579
-5.02076
-5.02622
-5.03205
-5.03634
-5.03656
-5.03357
-5.02992
-5.02354
-5.01711
-5.01226
-5.00859
-5.00658
-5.00473
-5.00338
-5.00374
-5.00596
-5.01148
-5.02096
-5.03352
-5.04778
-5.06362
-5.07817
-5.0886
-5.09631
-5.09849
-5.0988
-5.09691
-5.09246
-5.08785
-5.08137
-5.07126
-5.05854
-5.04396
-5.02948
-5.01693
-5.0105
-5.01279
-5.02165
-5.03492
-5.04624
-5.05135
-5.04826
-5.03436
-5.01304
-4.9878
-4.96319
-4.94374
-4.93251
-4.92703
-4.92376
-4.92142
-4.915
-4.90734
-4.90252
-4.90344
-4.9109
-4.92579
-4.94129
-4.95295
-4.95703
-4.95294
-4.9413
-4.92605
-4.91209
-4.89929
-4.88829
-4.87978
-4.87448
-4.87047
-4.87092
-4.876
-4.8854
-4.90446
-4.93008
-4.96023
-4.99341
-5.02763
-5.05905
-5.08652
-5.11082
-5.1315
-5.15026
-5.16576
-5.17636
-5.1826
-5.18272
-5.17804
-5.16713
-5.15186
-5.13287
-5.11238
-5.09055
-5.06795
-5.04804
-5.02943
-5.01377
-5.0033
-4.99526
-4.99033
-4.98404
-4.97797
-4.97234
-4.96914
-4.97027
-4.97461
-4.98102
-4.98948
-4.99607
-5.00013
-5.00208
-5.00294
-5.00236
-5.00027
-4.99734
-4.9902
-4.98367
-4.9791
-4.97575
-4.97271
-4.97143
-4.97248
-4.97438
-4.97487
-4.97379
-4.96952
-4.96483
-4.9585
-4.95409
-4.9532
-4.95874
-4.96867
-4.98425
-5.00165
-5.02035
-5.04097
-5.05932
-5.07438
-5.08591
-5.09274
-5.09542
-5.09631
-5.09454
-5.09073
-5.08775
-5.0856
-5.08515
-5.08883
-5.09455
-5.10083
-5.10634
-5.10837
-5.10399
-5.0963
-5.08523
-5.07116
-5.0538
-5.03665
-5.02415
-5.01583
-5.01248
-5.01309
-5.01759
-5.02465
-5.0336
-5.04193
-5.05169
-5.06049
-5.06664
-5.07079
-5.07565
-5.08022
-5.08827
-5.10133
-5.11821
-5.13767
-5.1596
-5.17822
-5.19158
-5.1957
-5.19209
-5.18079
-5.1687
-5.1562
-5.14965
-5.14772
-5.14573
-5.13993
-5.12891
-5.11141
-5.09065
-5.06826
-5.04722
-5.02918
-5.01133
-4.993
-4.97196
-4.95061
-4.93038
-4.91692
-4.90934
-4.90556
-4.89923
-4.89026
-4.87944
-4.87196
-4.86965
-4.87502
-4.88804
-4.90847
-4.93808
-4.9725
-5.00776
-5.03834
-5.05883
-5.06711
-5.06684
-5.05815
-5.04748
-5.03748
-5.0333
-5.03414
-5.03975
-5.04605
-5.04892
-5.04693
-5.03596
-5.01722
-4.9908
-4.96206
-4.93155
-4.90665
-4.88918
-4.88075
-4.88157
-4.88869
-4.9004
-4.91488
-4.93073
-4.94733
-4.96276
-4.97601
-4.98765
-4.99686
-5.00326
-5.00512
-5.00551
-5.00274
-5.00106
-4.99904
-5.00002
-5.00031
-4.99775
-4.99114
-4.97743
-4.96
-4.94376
-4.92987
-4.92269
-4.91812
-4.91472
-4.91049
-4.90178
-4.88878
-4.87243
-4.85387
-4.83714
-4.82783
-4.82487
-4.83148
-4.84731
-4.87283
-4.90404
-4.93851
-4.97417
-5.00582
-5.03046
-5.04461
-5.0486
-5.0437
-5.03355
-5.02012
-5.01011
-5.00768
-5.01426
-5.02962
-5.04734
-5.06199
-5.07266
-5.07837
-5.08153
-5.08172
-5.07776
-5.07137
-5.06406
-5.05954
-5.06146
-5.06697
-5.07374
-5.078
-5.07811
-5.07347
-5.06783
-5.06262
-5.06092
-5.06293
-5.06929
-5.07905
-5.09103
-5.10124
-5.10799
-5.11196
-5.11267
-5.11361
-5.11483
-5.11413
-5.11322
-5.10895
-5.10042
-5.08724
-5.06814
-5.04414
-5.017
-4.98954
-4.964
-4.94147
-4.9261
-4.91626
-4.91546
-4.92161
-4.9357
-4.95528
-4.97908
-5.00068
-5.01776
-5.02841
-5.03265
-5.03226
-5.03119
-5.03161
-5.02998
-5.02582
-5.01922
-5.01049
-5.00378
-5.00235
-5.0119
-5.03322
-5.06407
-5.09849
-5.12533
-5.14268
-5.14768
-5.14217
-5.12738
-5.10511
-5.08029
-5.05787
-5.03943
-5.02801
-5.02258
-5.0164
-5.01057
-5.00148
-4.99453
-4.99044
-4.99118
-4.99155
-4.98574
-4.9748
-4.96594
-4.96665
-4.97838
-4.99567
-5.01086
-5.02044
-5.02347
-5.02102
-5.01557
-5.01378
-5.01599
-5.02482
-5.03688
-5.04929
-5.06072
-5.06691
-5.0704
-5.07365
-5.0762
-5.07933
-5.08183
-5.08166
-5.08044
-5.07998
-5.07812
-5.07406
-5.06706
-5.05752
-5.04209
-5.02735
-5.01407
-5.00708
-5.00514
-5.00748
-5.01202
-5.01312
-5.01272
-5.00777
-4.99829
-4.98466
-4.96982
-4.95694
-4.95029
-4.95003
-4.95586
-4.96332
-4.97276
-4.9806
-4.98526
-4.98896
-4.99228
-4.99788
-5.00714
-5.01899
-5.03273
-5.04419
-5.05279
-5.05701
-5.05582
-5.0505
-5.04152
-5.03171
-5.02325
-5.01614
-5.01221
-5.01148
-5.01217
-5.01456
-5.01645
-5.02177
-5.02609
-5.03006
-5.03286
-5.03601
-5.0353
-5.03207
-5.02608
-5.01554
-5.00012
-4.97807
-4.95388
-4.93306
-4.92014
-4.91811
-4.92811
-4.94791
-4.97125
-4.99634
-5.0199
-5.04255
-5.06306
-5.08028
-5.09476
-5.10547
-5.11168
-5.11183
-5.10394
-5.08995
-5.06989
-5.04543
-5.01954
-4.99191
-4.96434
-4.93955
-4.91526
-4.89447
-4.87985
-4.8735
-4.87443
-4.88343
-4.89726
-4.91332
-4.9289
-4.94075
-4.95016
-4.95535
-4.95789
-4.95824
-4.9598
-4.96265
-4.96839
-4.97564
-4.9826
-4.98862
-4.99446
-4.99754
-4.99992
-5.00011
-5
-5.00154
-5.00206
-5.00162
-4.99629
-4.98888
-4.97647
-4.96213
-4.94751
-4.93492
-4.92596
-4.92443
-4.93023
-4.94646
-4.96992
-4.99947
-5.03346
-5.07069
-5.10682
-5.13915
-5.16393
-5.18078
-5.18706
-5.18384
-5.16949
-5.14984
-5.13053
-5.11578
-5.10835
-5.10866
-5.1113
-5.1139
-5.1142
-5.10916
-5.09824
-5.08195
-5.06361
-5.04496
-5.02622
-5.01161
-5
-4.98943
-4.98018
-4.96986
-4.95916
-4.94833
-4.93932
-4.93594
-4.93858
-4.94664
-4.95658
-4.96633
-4.97251
-4.97462
-4.97641
-4.97675
-4.97605
-4.97366
-4.96841
-4.95889
-4.94358
-4.92308
-4.90091
-4.88515
-4.88123
-4.89361
-4.92076
-4.95647
-4.99648
-5.03411
-5.06646
-5.09049
-5.10396
-5.1043
-5.09572
-5.08017
-5.06299
-5.04893
-5.03829
-5.0323
-5.03134
-5.03436
-5.04004
-5.04585
-5.05062
-5.05609
-5.06072
-5.0619
-5.06093
-5.05893
-5.05528
-5.04904
-5.03978
-5.0259
-5.01026
-4.99308
-4.97996
-4.97171
-4.96929
-4.97267
-4.97859
-4.98418
-4.98929
-4.99447
-4.99876
-5.00219
-5.00624
-5.01362
-5.0262
-5.04139
-5.05699
-5.07241
-5.08637
-5.09561
-5.09958
-5.09688
-5.08874
-5.07937
-5.07278
-5.07113
-5.07699
-5.09025
-5.10895
-5.13065
-5.15391
-5.17664
-5.19861
-5.22007
-5.23871
-5.25053
-5.25308
-5.24262
-5.21816
-5.18211
-5.14048
-5.09725
-5.06252
-5.04212
-5.03613
-5.03977
-5.04562
-5.04713
-5.04451
-5.03938
-5.03565
-5.03682
-5.04597
-5.06116
-5.08037
-5.09868
-5.1123
-5.12206
-5.12837
-5.12963
-5.12565
-5.11816
-5.10683
-5.09466
-5.08465
-5.08092
-5.086
-5.09675
-5.11156
-5.12649
-5.13865
-5.14644
-5.14817
-5.1472
-5.14302
-5.13856
-5.13403
-5.132
-5.13206
-5.13369
-5.13398
-5.13206
-5.12768
-5.12087
-5.10914
-5.09532
-5.08082
-5.0652
-5.05033
-5.03521
-5.02203
-5.01175
-5.00354
-4.99758
-4.99477
-4.99123
-4.9855
-4.97864
-4.97029
-4.96305
-4.95797
-4.95659
-4.95675
-4.95996
-4.96531
-4.97272
-4.98108
-4.98755
-4.99324
-4.99757
-5.00093
-5.00381
-5.00677
-5.0094
-5.01182
-5.01374
-5.01396
-5.0129
-5.01053
-5.00902
-5.00782
-5.00874
-5.01343
-5.02308
-5.03629
-5.05117
-5.06987
-5.08875
-5.10497
-5.1159
-5.12156
-5.12121
-5.1149
-5.10169
-5.08412
-5.06381
-5.04253
-5.02376
-5.00835
-4.99804
-4.99286
-4.99204
-4.99341
-4.99479
-4.99452
-4.98942
-4.97921
-4.96434
-4.94736
-4.9369
-4.93394
-4.93962
-4.94702
-4.95055
-4.94701
-4.93835
-4.92701
-4.91746
-4.91641
-4.92577
-4.94585
-4.97062
-4.99779
-5.02276
-5.04315
-5.05486
-5.0576
-5.04986
-5.03179
-5.00571
-4.97932
-4.95809
-4.94925
-4.95435
-4.96884
-4.98698
-4.9981
-4.99971
-4.99161
-4.98477
-4.98632
-4.99597
-5.01018
-5.02315
-5.03057
-5.03578
-5.03812
-5.03562
-5.03135
-5.02368
-5.01265
-4.99931
-4.98797
-4.9825
-4.98665
-5.00064
-5.01805
-5.0325
-5.03948
-5.03696
-5.02639
-5.00996
-4.99394
-4.98009
-4.97539
-4.97562
-4.98311
-4.99507
-5.00979
-5.02618
-5.04246
-5.05559
-5.06624
-5.07139
-5.07037
-5.0634
-5.05066
-5.03525
-5.02005
-5.00962
-5.00532
-5.00823
-5.01504
-5.02519
-5.03566
-5.04505
-5.05096
-5.0525
-5.05094
-5.04545
-5.03659
-5.02793
-5.01941
-5.01144
-5.00338
-4.99564
-4.98537
-4.97116
-4.9519
-4.9305
-4.90716
-4.889
-4.87648
-4.87397
-4.88167
-4.90185
-4.93428
-4.97517
-5.01937
-5.06104
-5.0963
-5.12083
-5.13596
-5.14144
-5.14256
-5.14267
-5.14481
-5.1478
-5.1509
-5.14982
-5.14411
-5.13346
-5.1187
-5.10248
-5.08882
-5.07972
-5.078
-5.07968
-5.08071
-5.07676
-5.06498
-5.04421
-5.01627
-4.9845
-4.95559
-4.93752
-4.93227
-4.9407
-4.95979
-4.98373
-5.01123
-5.03839
-5.06275
-5.08503
-5.10292
-5.1173
-5.12858
-5.13566
-5.1397
-5.13851
-5.13176
-5.1221
-5.11042
-5.09936
-5.09158
-5.0856
-5.08298
-5.08286
-5.08336
-5.08409
-5.08435
-5.0819
-5.07438
-5.06115
-5.0399
-5.01026
-4.97483
-4.93511
-4.89456
-4.86038
-4.83928
-4.83059
-4.83094
-4.83807
-4.84628
-4.85284
-4.85984
-4.86949
-4.88452
-4.90677
-4.93554
-4.96628
-4.99
-5.0038
-5.00721
-5.00661
-5.0065
-5.00899
-5.01415
-5.02195
-5.03243
-5.04705
-5.06562
-5.08974
-5.11363
-5.13528
-5.14839
-5.15186
-5.14471
-5.12653
-5.10006
-5.07181
-5.04707
-5.02883
-5.01795
-5.01578
-5.02139
-5.03087
-5.04365
-5.05708
-5.06796
-5.07229
-5.06956
-5.05763
-5.03691
-5.0124
-4.98853
-4.9671
-4.95365
-4.949
-4.95298
-4.96596
-4.98334
-5.00419
-5.02534
-5.04407
-5.0623
-5.07503
-5.08346
-5.08771
-5.087
-5.08219
-5.07598
-5.07103
-5.07056
-5.07394
-5.08217
-5.0909
-5.09698
-5.09987
-5.09386
-5.08179
-5.06384
-5.04479
-5.02492
-5.00656
-4.99173
-4.97931
-4.97291
-4.97219
-4.97737
-4.98415
-4.99312
-5.00262
-5.01129
-5.02188
-5.03445
-5.04947
-5.06271
-5.07462
-5.08025
-5.07711
-5.06543
-5.04876
-5.02816
-5.00715
-4.99073
-4.97891
-4.97192
-4.96954
-4.97168
-4.97835
-4.98621
-4.99543
-5.00418
-5.00874
-5.00901
-5.00157
-4.98771
-4.96924
-4.9511
-4.93612
-4.92672
-4.92454
-4.92911
-4.93938
-4.95388
-4.97246
-4.99268
-5.01428
-5.03424
-5.05302
-5.06908
-5.08243
-5.0936
-5.10261
-5.10743
-5.10981
-5.10676
-5.09827
-5.08379
-5.0665
-5.04826
-5.03265
-5.02385
-5.02626
-5.03825
-5.05865
-5.08013
-5.09883
-5.11068
-5.11148
-5.10099
-5.08262
-5.05927
-5.03402
-5.01448
-5.0012
-4.9947
-4.9929
-4.9939
-5.00058
-5.01132
-5.02533
-5.03907
-5.05281
-5.06477
-5.07316
-5.07986
-5.08662
-5.09325
-5.10469
-5.11971
-5.13416
-5.14257
-5.14205
-5.13247
-5.11662
-5.09605
-5.07477
-5.05288
-5.02901
-5.00488
-4.98151
-4.96033
-4.94167
-4.92923
-4.92449
-4.92546
-4.9316
-4.94008
-4.95003
-4.95912
-4.96579
-4.97006
-4.9733
-4.97527
-4.97511
-4.97318
-4.96459
-4.95292
-4.93509
-4.91509
-4.89394
-4.87828
-4.87022
-4.87221
-4.88371
-4.9013
-4.91973
-4.9339
-4.93928
-4.93541
-4.92424
-4.90971
-4.89895
-4.89784
-4.90947
-4.9356
-4.97079
-5.00855
-5.03985
-5.05982
-5.0638
-5.0542
-5.03398
-5.00679
-4.98263
-4.96625
-4.9567
-4.95612
-4.96326
-4.97302
-4.98304
-4.98931
-4.99342
-4.99408
-4.99302
-4.99155
-4.99097
-4.98869
-4.98733
-4.98626
-4.98616
-4.98921
-4.99124
-4.99393
-4.9944
-4.99591
-4.99492
-4.98998
-4.97996
-4.96204
-4.93833
-4.90783
-4.87495
-4.84732
-4.83018
-4.82849
-4.84481
-4.87668
-4.91782
-4.96246
-5.0064
-5.04244
-5.06791
-5.08133
-5.0819
-5.07324
-5.0585
-5.03991
-5.02188
-5.00435
-4.99128
-4.98191
-4.97528
-4.972
-4.97187
-4.97252
-4.97309
-4.97436
-4.97489
-4.97348
-4.97068
-4.9664
-4.9623
-4.95829
-4.95533
-4.95702
-4.96582
-4.98312
-5.00675
-5.0322
-5.05424
-5.0692
-5.07413
-5.07389
-5.07125
-5.06777
-5.06475
-5.0589
-5.05406
-5.04898
-5.04443
-5.0393
-5.03073
-5.02185
-5.0099
-4.99839
-4.98559
-4.97385
-4.96239
-4.95214
-4.94139
-4.92918
-4.91404
-4.89898
-4.8834
-4.86858
-4.85304
-4.84009
-4.83426
-4.83933
-4.85667
-4.88494
-4.91962
-4.95481
-4.9848
-5.00727
-5.02197
-5.0296
-5.03187
-5.03012
-5.02607
-5.01997
-5.01473
-5.00977
-5.00495
-4.99924
-4.99244
-4.98281
-4.97284
-4.96081
-4.95035
-4.9401
-4.9339
-4.93211
-4.93688
-4.94977
-4.96916
-4.99431
-5.02407
-5.05724
-5.0929
-5.12758
-5.15779
-5.18209
-5.19702
-5.20091
-5.19132
-5.17095
-5.14202
-5.10877
-5.07611
-5.05056
-5.03262
-5.02303
-5.02214
-5.02782
-5.03798
-5.05223
-5.07045
-5.09254
-5.11703
-5.14296
-5.1671
-5.1872
-5.20034
-5.20526
-5.20233
-5.18941
-5.1663
-5.13785
-5.10474
-5.07365
-5.04659
-5.02615
-5.01259
-5.00597
-5.00459
-5.0074
-5.01146
-5.01534
-5.01844
-5.01834
-5.01369
-5.00601
-4.99807
-4.98908
-4.98271
-4.98114
-4.98199
-4.9856
-4.99156
-4.99656
-5.00221
-5.00696
-5.01176
-5.01834
-5.02547
-5.03646
-5.05417
-5.08112
-5.11444
-5.15172
-5.18713
-5.21498
-5.23183
-5.23509
-5.226
-5.20754
-5.18161
-5.15045
-5.11823
-5.08571
-5.05699
-5.03357
-5.01583
-5.0045
-4.99747
-4.99443
-4.99281
-4.99271
-4.99149
-4.98836
-4.98622
-4.9862
-4.98864
-4.99564
-5.00731
-5.02279
-5.03577
-5.0435
-5.04597
-5.04682
-5.04751
-5.05302
-5.06339
-5.0775
-5.09134
-5.10075
-5.10211
-5.09611
-5.08249
-5.06442
-5.044
-5.02541
-5.00927
-4.99745
-4.98831
-4.98292
-4.98071
-4.98292
-4.98983
-4.99991
-5.01393
-5.02919
-5.04293
-5.05522
-5.06495
-5.06904
-5.06898
-5.06255
-5.05202
-5.03838
-5.02322
-5.00719
-4.98721
-4.96891
-4.95374
-4.94697
-4.95034
-4.9624
-4.98106
-5.00445
-5.02642
-5.04611
-5.06089
-5.07115
-5.07702
-5.07766
-5.07446
-5.06815
-5.05959
-5.04716
-5.0335
-5.02012
-5.00947
-5.00109
-4.99944
-5.00478
-5.01669
-5.03123
-5.0447
-5.05442
-5.06092
-5.06361
-5.06365
-5.06019
-5.05053
-5.03141
-5.00728
-4.98308
-4.96512
-4.95609
-4.95624
-4.9599
-4.96543
-4.9694
-4.97069
-4.96885
-4.9668
-4.96557
-4.96899
-4.97976
-4.99323
-5.00638
-5.01628
-5.02132
-5.02272
-5.02285
-5.01975
-5.01397
-5.00126
-4.98115
-4.95685
-4.93067
-4.91243
-4.91225
-4.93483
-4.97166
-5.00938
-5.04277
-5.06836
-5.08673
-5.09652
-5.09817
-5.09088
-5.07777
-5.05782
-5.03251
-5.00451
-4.97809
-4.9539
-4.93543
-4.92343
-4.91653
-4.91062
-4.90778
-4.90643
-4.91011
-4.91841
-4.93111
-4.94528
-4.95801
-4.96911
-4.97854
-4.98658
-4.99301
-4.99648
-4.99581
-4.99047
-4.9771
-4.95803
-4.93732
-4.92035
-4.91157
-4.90925
-4.91274
-4.92032
-4.93019
-4.94198
-4.95495
-4.96638
-4.97715
-4.98537
-4.99295
-4.99589
-4.99327
-4.98895
-4.98054
-4.97162
-4.96429
-4.96093
-4.96234
-4.96983
-4.98573
-5.00849
-5.03538
-5.06353
-5.08926
-5.10994
-5.12327
-5.13003
-5.13441
-5.13482
-5.13359
-5.13163
-5.12684
-5.11891
-5.1093
-5.0936
-5.07372
-5.05196
-5.03127
-5.01609
-5.0101
-5.01485
-5.03172
-5.05684
-5.08348
-5.10881
-5.12605
-5.13459
-5.13211
-5.12286
-5.11232
-5.10295
-5.10063
-5.10636
-5.1168
-5.1282
-5.13597
-5.14014
-5.13985
-5.13744
-5.13264
-5.12779
-5.12195
-5.11391
-5.103
-5.08905
-5.07751
-5.07017
-5.07077
-5.07922
-5.0957
-5.12037
-5.14959
-5.17947
-5.20778
-5.23344
-5.253
-5.26442
-5.26875
-5.26329
-5.25016
-5.22928
-5.20198
-5.17088
-5.14032
-5.11262
-5.09109
-5.07719
-5.07237
-5.07491
-5.07976
-5.08529
-5.08903
-5.09119
-5.09312
-5.09572
-5.10166
-5.10794
-5.11383
-5.11785
-5.11597
-5.10652
-5.08679
-5.06046
-5.0328
-5.00862
-4.99195
-4.98652
-4.98891
-4.99544
-4.99946
-4.99816
-4.98906
-4.97079
-4.94797
-4.92511
-4.90919
-4.90479
-4.91504
-4.93381
-4.95492
-4.9697
-4.9773
-4.97779
-4.97172
-4.96169
-4.94472
-4.92282
-4.8933
-4.86124
-4.82998
-4.80641
-4.7967
-4.80239
-4.8211
-4.84762
-4.87763
-4.90574
-4.92683
-4.94066
-4.9484
-4.95245
-4.95706
-4.9651
-4.97579
-4.98982
-5.00719
-5.0266
-5.04721
-5.06659
-5.0864
-5.10356
-5.11677
-5.12577
-5.12638
-5.11864
-5.10304
-5.08523
-5.06796
-5.05651
-5.05299
-5.05496
-5.061
-5.06863
-5.07488
-5.07883
-5.08054
-5.07913
-5.0765
-5.07595
-5.07477
-5.07326
-5.06808
-5.05918
-5.04784
-5.03578
-5.029
-5.02845
-5.03661
-5.05266
-5.0735
-5.09511
-5.11659
-5.13606
-5.15108
-5.15994
-5.16284
-5.15945
-5.15246
-5.14028
-5.12617
-5.11076
-5.09745
-5.09257
-5.09746
-5.1105
-5.1227
-5.12591
-5.11596
-5.09243
-5.0584
-5.01911
-4.98032
-4.947
-4.92244
-4.90752
-4.90207
-4.90448
-4.91557
-4.9356
-4.96216
-4.99149
-5.01897
-5.03941
-5.04695
-5.04238
-5.02312
-4.99269
-4.95966
-4.93516
-4.92672
-4.93081
-4.94042
-4.94812
-4.95118
-4.95063
-4.95012
-4.9504
-4.95081
-4.95394
-4.95993
-4.96697
-4.97444
-4.98228
-4.98897
-4.99371
-4.99525
-4.98879
-4.97544
-4.95722
-4.9367
-4.91832
-4.90468
-4.89836
-4.89836
-4.90576
-4.92036
-4.94094
-4.96141
-4.98459
-5.00479
-5.02303
-5.03782
-5.04716
-5.05331
-5.05787
-5.06132
-5.06776
-5.07584
-5.08478
-5.09303
-5.09743
-5.09605
-5.08581
-5.0671
-5.04176
-5.01056
-4.97756
-4.94709
-4.92637
-4.91919
-4.9244
-4.94406
-4.97006
-4.9992
-5.02728
-5.04657
-5.0575
-5.0616
-5.06132
-5.05999
-5.06024
-5.06519
-5.07481
-5.08574
-5.09748
-5.10708
-5.11217
-5.11066
-5.10145
-5.08535
-5.06473
-5.04253
-5.02282
-5.00936
-5.00178
-5.00055
-5.00416
-5.00981
-5.01369
-5.01265
-5.00573
-4.98993
-4.96753
-4.94187
-4.91958
-4.90762
-4.90509
-4.90973
-4.9186
-4.93218
-4.94829
-4.9627
-4.97759
-4.99259
-5.00993
-5.03068
-5.05416
-5.07887
-5.10123
-5.11963
-5.13125
-5.13727
-5.13858
-5.13643
-5.13193
-5.12535
-5.12142
-5.11541
-5.10768
-5.09928
-5.08733
-5.07399
-5.05888
-5.04763
-5.04257
-5.04396
-5.0499
-5.05676
-5.06234
-5.06472
-5.06369
-5.06169
-5.06005
-5.06205
-5.06779
-5.07738
-5.09003
-5.10519
-5.12039
-5.13172
-5.1373
-5.13434
-5.12259
-5.10401
-5.0808
-5.05899
-5.03983
-5.02837
-5.0245
-5.03121
-5.04548
-5.0672
-5.09444
-5.12524
-5.15584
-5.18434
-5.20521
-5.21795
-5.22095
-5.21386
-5.19705
-5.17269
-5.14275
-5.10954
-5.07454
-5.03925
-5.00569
-4.97502
-4.9499
-4.93076
-4.91903
-4.91378
-4.91539
-4.91922
-4.92387
-4.92939
-4.93833
-4.95411
-4.97642
-5.00176
-5.02885
-5.05386
-5.07379
-5.08736
-5.09432
-5.09607
-5.09571
-5.09542
-5.09564
-5.09758
-5.09975
-5.10477
-5.10959
-5.11364
-5.1155
-5.11642
-5.11901
-5.12733
-5.13809
-5.14758
-5.15089
-5.14743
-5.13621
-5.12094
-5.10195
-5.08416
-5.06913
-5.05708
-5.05326
-5.05458
-5.06055
-5.06738
-5.06907
-5.06114
-5.04243
-5.01356
-4.9801
-4.94875
-4.92407
-4.90748
-4.89966
-4.89812
-4.90066
-4.90727
-4.91832
-4.93516
-4.95831
-4.98356
-5.00736
-5.02866
-5.04285
-5.04929
-5.0458
-5.03452
-5.01371
-4.98584
-4.95285
-4.91836
-4.88808
-4.86832
-4.86088
-4.86861
-4.88869
-4.91611
-4.94323
-4.96104
-4.96663
-4.95945
-4.94487
-4.93047
-4.925
-4.93271
-4.9526
-4.97669
-5.00105
-5.02539
-5.04468
-5.05871
-5.06419
-5.05973
-5.04576
-5.02383
-4.9991
-4.97641
-4.96197
-4.9589
-4.96595
-4.9775
-4.98754
-4.99051
-4.98171
-4.96568
-4.94656
-4.92839
-4.91134
-4.89478
-4.87703
-4.85887
-4.84203
-4.82731
-4.81614
-4.8105
-4.8102
-4.81582
-4.82911
-4.84911
-4.87539
-4.90498
-4.93395
-4.95945
-4.97958
-4.99374
-5.00317
-5.0094
-5.01349
-5.01581
-5.01535
-5.00934
-5.00175
-4.99286
-4.98539
-4.98356
-4.9868
-4.99612
-5.00694
-5.01597
-5.02308
-5.02687
-5.02824
-5.02524
-5.01856
-5.01074
-4.99961
-4.98826
-4.97456
-4.96166
-4.9503
-4.94297
-4.94025
-4.9422
-4.94942
-4.96102
-4.97906
-5.00087
-5.02469
-5.04477
-5.0588
-5.06536
-5.06673
-5.06224
-5.05347
-5.04027
-5.02332
-5.00328
-4.98235
-4.96035
-4.94502
-4.93622
-4.93732
-4.94612
-4.96005
-4.97716
-4.99262
-5.00572
-5.01485
-5.02025
-5.02342
-5.02865
-5.03638
-5.04572
-5.0559
-5.06733
-5.0773
-5.08321
-5.08509
-5.08201
-5.07544
-5.06705
-5.05806
-5.05043
-5.04685
-5.04681
-5.04961
-5.05389
-5.05662
-5.05735
-5.05058
-5.03992
-5.02531
-5.01013
-4.99918
-4.99622
-5.00414
-5.02108
-5.04401
-5.0683
-5.08859
-5.10064
-5.10143
-5.09223
-5.07293
-5.04677
-5.01662
-4.98679
-4.96004
-4.93573
-4.91612
-4.89775
-4.88191
-4.86675
-4.85671
-4.85354
-4.8564
-4.86468
-4.87923
-4.89627
-4.91207
-4.9229
-4.93027
-4.93083
-4.9274
-4.91859
-4.90928
-4.90068
-4.8957
-4.89571
-4.90346
-4.91843
-4.93738
-4.95834
-4.97824
-4.99363
-5.00521
-5.00999
-5.00984
-5.00483
-4.99591
-4.98285
-4.96773
-4.95373
-4.94132
-4.93214
-4.92552
-4.922
-4.9215
-4.92458
-4.92904
-4.93617
-4.94693
-4.96031
-4.9772
-4.99814
-5.02338
-5.05183
-5.07996
-5.10673
-5.12705
-5.14013
-5.14228
-5.13383
-5.11631
-5.09092
-5.0628
-5.03429
-5.01075
-4.99275
-4.98572
-4.98733
-4.99453
-5.00588
-5.01813
-5.02732
-5.03183
-5.03251
-5.0324
-5.03392
-5.03652
-5.03872
-5.03823
-5.03533
-5.03047
-5.02544
-5.02271
-5.02073
-5.02302
-5.02812
-5.03369
-5.03796
-5.04045
-5.04102
-5.03791
-5.03299
-5.02588
-5.01575
-5.0058
-4.99543
-4.98412
-4.97591
-4.97069
-4.96824
-4.97114
-4.97838
-4.9877
-4.9965
-5.00363
-5.007
-5.0051
-4.99918
-4.99085
-4.98308
-4.98039
-4.98432
-4.99604
-5.01087
-5.02843
-5.04496
-5.06039
-5.06908
-5.0728
-5.07436
-5.07788
-5.08447
-5.09644
-5.11292
-5.13073
-5.14636
-5.15832
-5.16543
-5.16757
-5.16529
-5.15859
-5.14843
-5.13514
-5.12005
-5.10339
-5.08742
-5.07005
-5.05747
-5.0503
-5.04856
-5.05228
-5.0595
-5.06815
-5.07545
-5.07989
-5.08218
-5.08089
-5.07602
-5.06736
-5.05793
-5.04686
-5.0372
-5.03149
-5.03062
-5.03656
-5.05024
-5.06902
-5.09088
-5.11519
-5.13883
-5.16073
-5.17672
-5.18773
-5.19024
-5.18534
-5.17278
-5.15086
-5.1221
-5.08515
-5.04421
-5.0002
-4.95767
-4.92059
-4.89261
-4.87369
-4.8648
-4.86403
-4.87234
-4.88667
-4.90606
-4.92693
-4.94645
-4.96299
-4.97744
-4.99255
-5.00506
-5.019
-5.03376
-5.04918
-5.06165
-5.06975
-5.0732
-5.07204
-5.06722
-5.0613
-5.05313
-5.04379
-5.0369
-5.03351
-5.03537
-5.04091
-5.04748
-5.05303
-5.05585
-5.05675
-5.05414
-5.05186
-5.0542
-5.06066
-5.07048
-5.08154
-5.0905
-5.09881
-5.10436
-5.10899
-5.11183
-5.11608
-5.11847
-5.12002
-5.11786
-5.11202
-5.10442
-5.09618
-5.08747
-5.07786
-5.0635
-5.04316
-5.01425
-4.97977
-4.94673
-4.92279
-4.91078
-4.91186
-4.91906
-4.93366
-4.9522
-4.97265
-4.99254
-5.01043
-5.02367
-5.03274
-5.03657
-5.03949
-5.03907
-5.0379
-5.03685
-5.03542
-5.0337
-5.03376
-5.03154
-5.02821
-5.02489
-5.01938
-5.01543
-5.00925
-5.00292
-4.99886
-4.99563
-4.99693
-5.00007
-5.00446
-5.00651
-5.00767
-5.00433
-5.00255
-5.0057
-5.01862
-5.03942
-5.06469
-5.08809
-5.10311
-5.10748
-5.10092
-5.08248
-5.05536
-5.02399
-4.99274
-4.96355
-4.94472
-4.93406
-4.93231
-4.93714
-4.94803
-4.96148
-4.97776
-4.99549
-5.01119
-5.02462
-5.03383
-5.03958
-5.04178
-5.0432
-5.04208
-5.04139
-5.03877
-5.03771
-5.03835
-5.04349
-5.05303
-5.06727
-5.08073
-5.09211
-5.09607
-5.09142
-5.08001
-5.06461
-5.04926
-5.03717
-5.02627
-5.01645
-5.0095
-5.00472
-5.00322
-5.0095
-5.0195
-5.034
-5.04929
-5.06306
-5.0767
-5.0879
-5.09596
-5.09818
-5.09298
-5.08016
-5.05989
-5.03748
-5.01671
-5.00159
-4.99469
-4.99245
-4.99394
-4.99558
-4.99772
-5.00042
-5.00144
-5.00134
-5.00048
-4.99747
-4.99436
-4.98796
-4.98175
-4.97352
-4.96285
-4.95027
-4.93502
-4.91862
-4.90125
-4.88898
-4.88495
-4.89311
-4.91491
-4.94469
-4.97422
-4.9992
-5.01473
-5.02217
-5.02297
-5.02001
-5.01576
-5.01246
-5.00654
-4.9983
-4.98583
-4.97006
-4.95546
-4.94682
-4.94761
-4.95877
-4.97805
-5.00458
-5.03557
-5.06488
-5.08787
-5.10198
-5.10607
-5.1002
-5.08671
-5.06941
-5.05167
-5.03321
-5.01875
-5.00562
-4.99619
-4.98748
-4.98087
-4.97806
-4.97657
-4.97962
-4.98825
-5.00113
-5.01712
-5.03144
-5.04133
-5.04589
-5.04532
-5.04568
-5.05164
-5.06295
-5.07743
-5.09035
-5.09754
-5.09659
-5.09123
-5.08003
-5.06622
-5.05122
-5.03701
-5.02581
-5.02113
-5.02306
-5.02975
-5.03593
-5.03963
-5.04189
-5.04535
-5.05333
-5.06591
-5.07779
-5.08899
-5.0959
-5.09998
-5.10418
-5.10779
-5.11251
-5.11553
-5.11996
-5.12394
-5.12564
-5.12466
-5.11814
-5.10665
-5.09113
-5.07477
-5.06359
-5.05792
-5.06062
-5.07133
-5.08536
-5.101
-5.11502
-5.12778
-5.13937
-5.14858
-5.15637
-5.15972
-5.15936
-5.15451
-5.1458
-5.13352
-5.12211
-5.11076
-5.09884
-5.08401
-5.06517
-5.03932
-5.00844
-4.97276
-4.93583
-4.90243
-4.87545
-4.854
-4.83912
-4.82755
-4.82073
-4.81849
-4.82301
-4.83424
-4.85167
-4.87279
-4.89426
-4.91234
-4.92854
-4.93816
-4.94176
-4.94148
-4.93938
-4.93754
-4.93874
-4.94267
-4.95164
-4.96252
-4.97479
-4.98798
-5.0002
-5.01237
-5.02211
-5.03144
-5.0395
-5.04592
-5.0508
-5.05607
-5.06429
-5.07552
-5.08987
-5.10677
-5.12547
-5.14301
-5.15923
-5.17491
-5.18819
-5.19775
-5.20224
-5.20024
-5.19085
-5.17199
-5.14579
-5.1146
-5.07845
-5.04296
-5.01395
-4.99212
-4.97868
-4.9714
-4.96731
-4.96408
-4.96382
-4.96614
-4.97181
-4.97929
-4.99022
-5.00186
-5.01297
-5.02291
-5.03091
-5.03656
-5.04076
-5.04008
-5.03593
-5.02853
-5.01889
-5.00803
-4.99563
-4.98306
-4.97365
-4.96742
-4.96474
-4.96754
-4.97582
-4.99085
-5.01058
-5.03316
-5.05547
-5.07457
-5.08861
-5.09773
-5.09921
-5.09351
-5.08097
-5.06483
-5.04887
-5.03365
-5.01976
-5.00868
-5.0038
-5.00254
-5.00411
-5.01027
-5.02115
-5.03476
-5.04917
-5.05857
-5.06146
-5.05947
-5.05405
-5.04666
-5.04133
-5.04264
-5.04851
-5.05903
-5.07512
-5.09222
-5.10527
-5.11319
-5.11295
-5.10592
-5.09217
-5.07758
-5.06258
-5.04871
-5.03636
-5.02622
-5.01983
-5.0139
-5.00482
-4.99032
-4.97041
-4.94676
-4.924
-4.90533
-4.89561
-4.89673
-4.90817
-4.92563
-4.94514
-4.96507
-4.98367
-4.99836
-5.00985
-5.01983
-5.03063
-5.04221
-5.05563
-5.07018
-5.08347
-5.09763
-5.10707
-5.1105
-5.10605
-5.09561
-5.08009
-5.06158
-5.04016
-5.01954
-5.00054
-4.98295
-4.9679
-4.95728
-4.94962
-4.94936
-4.95464
-4.96794
-4.99009
-5.01875
-5.0521
-5.08576
-5.11394
-5.13315
-5.1393
-5.13077
-5.10965
-5.07761
-5.03991
-5.00431
-4.97553
-4.95638
-4.94845
-4.95195
-4.96333
-4.9795
-4.99832
-5.01539
-5.02843
-5.03763
-5.04084
-5.03888
-5.03006
-5.01538
-4.99822
-4.98121
-4.9668
-4.96012
-4.9626
-4.9691
-4.98124
-4.9975
-5.01479
-5.03401
-5.05165
-5.06968
-5.0868
-5.10059
-5.11128
-5.11776
-5.11933
-5.11685
-5.11143
-5.10725
-5.10281
-5.09759
-5.09095
-5.08271
-5.07241
-5.05862
-5.04283
-5.02656
-5.01327
-5.00265
-4.99553
-4.98884
-4.98157
-4.97765
-4.97406
-4.97267
-4.97189
-4.96878
-4.96358
-4.95366
-4.94038
-4.92955
-4.92124
-4.91629
-4.91002
-4.90229
-4.88986
-4.87531
-4.8607
-4.84949
-4.84702
-4.85589
-4.87573
-4.90203
-4.93442
-4.96918
-5.00102
-5.03048
-5.05541
-5.07251
-5.08314
-5.08633
-5.08444
-5.07881
-5.07159
-5.06503
-5.05858
-5.05443
-5.04947
-5.04526
-5.04515
-5.04671
-5.05105
-5.05701
-5.06685
-5.079
-5.09071
-5.09911
-5.09899
-5.0868
-5.06428
-5.03088
-4.99133
-4.95488
-4.92521
-4.90754
-4.90388
-4.91154
-4.92634
-4.9442
-4.95991
-4.96899
-4.96944
-4.96272
-4.95296
-4.94712
-4.94766
-4.95581
-4.9703
-4.99136
-5.01956
-5.05099
-5.08571
-5.12014
-5.14726
-5.16651
-5.17557
-5.17477
-5.16509
-5.14804
-5.12584
-5.10339
-5.08181
-5.06756
-5.05901
-5.05618
-5.05824
-5.06143
-5.06319
-5.05965
-5.04956
-5.03469
-5.01608
-4.99574
-4.97537
-4.95678
-4.9418
-4.93053
-4.9241
-4.92458
-4.93027
-4.93943
-4.94946
-4.95681
-4.96019
-4.95967
-4.95436
-4.94943
-4.94668
-4.94689
-4.94991
-4.95769
-4.96569
-4.97316
-4.97863
-4.98355
-4.98491
-4.98318
-4.97924
-4.97605
-4.98028
-4.98952
-5.00288
-5.01841
-5.03076
-5.03921
-5.04144
-5.03586
-5.0246
-5.00869
-4.99202
-4.98025
-4.9753
-4.97847
-4.98845
-5.00377
-5.01976
-5.03277
-5.04385
-5.05283
-5.06113
-5.06672
-5.07248
-5.07697
-5.08192
-5.08382
-5.08323
-5.07816
-5.06765
-5.05206
-5.03425
-5.01532
-4.9991
-4.98829
-4.97964
-4.97309
-4.96362
-4.94795
-4.92848
-4.9089
-4.90088
-4.908
-4.92825
-4.95568
-4.9849
-5.01464
-5.04218
-5.06774
-5.09055
-5.10848
-5.12161
-5.13015
-5.13509
-5.13629
-5.1331
-5.12476
-5.11261
-5.09541
-5.076
-5.05455
-5.03243
-5.01069
-4.99112
-4.97204
-4.95172
-4.92896
-4.90612
-4.88433
-4.86636
-4.85532
-4.85161
-4.8557
-4.86705
-4.88705
-4.91333
-4.94498
-4.97662
-5.0063
-5.0311
-5.05161
-5.06685
-5.07863
-5.08883
-5.09787
-5.10616
-5.1112
-5.11348
-5.11
-5.10379
-5.09615
-5.08899
-5.08478
-5.08615
-5.09493
-5.10857
-5.12027
-5.1269
-5.12804
-5.12453
-5.12068
-5.11695
-5.11542
-5.11379
-5.11009
-5.10148
-5.08837
-5.07137
-5.0521
-5.03466
-5.02119
-5.01332
-5.01455
-5.02315
-5.04077
-5.06631
-5.09595
-5.12537
-5.15247
-5.17229
-5.18238
-5.18126
-5.1686
-5.14645
-5.11669
-5.08419
-5.05628
-5.03936
-5.03472
-5.03712
-5.04163
-5.0423
-5.03966
-5.037
-5.03625
-5.03746
-5.03813
-5.03066
-5.01692
-5.00253
-4.99582
-5.00268
-5.02017
-5.04383
-5.06591
-5.08464
-5.09912
-5.11063
-5.12059
-5.12765
-5.13311
-5.13665
-5.13667
-5.13743
-5.1351
-5.12961
-5.11996
-5.10503
-5.08851
-5.07484
-5.06481
-5.05945
-5.0592
-5.06474
-5.07083
-5.07538
-5.07469
-5.06862
-5.05801
-5.04559
-5.03508
-5.0285
-5.02613
-5.02318
-5.0178
-5.00771
-4.99932
-4.9917
-4.98477
-4.97776
-4.9693
-4.95907
-4.94512
-4.92982
-4.91572
-4.90426
-4.8997
-4.90204
-4.91357
-4.93217
-4.95803
-4.98878
-5.01906
-5.04514
-5.0643
-5.0751
-5.07482
-5.06466
-5.04885
-5.02823
-5.00891
-4.99184
-4.97523
-4.9631
-4.95337
-4.94997
-4.95277
-4.96187
-4.97695
-4.99678
-5.01847
-5.03816
-5.05436
-5.06723
-5.07545
-5.07709
-5.07235
-5.06141
-5.04629
-5.02645
-5.00341
-4.98015
-4.95836
-4.94166
-4.93034
-4.92392
-4.9234
-4.93048
-4.94336
-4.96064
-4.98266
-5.00768
-5.03254
-5.05306
-5.06698
-5.07168
-5.06789
-5.05753
-5.04141
-5.02112
-4.99961
-4.97938
-4.96148
-4.94667
-4.9356
-4.92878
-4.92617
-4.92509
-4.92606
-4.93071
-4.93651
-4.9467
-4.95826
-4.97289
-4.99023
-5.01037
-5.02936
-5.0452
-5.05455
-5.05655
-5.05077
-5.03954
-5.0246
-5.00429
-4.98212
-4.95945
-4.94072
-4.92851
-4.92177
-4.92354
-4.9309
-4.94113
-4.95274
-4.96337
-4.97221
-4.98143
-4.99121
-5.0028
-5.01478
-5.02558
-5.03407
-5.04092
-5.04487
-5.04692
-5.0467
-5.04383
-5.04077
-5.03535
-5.03083
-5.0268
-5.02494
-5.02686
-5.03178
-5.03792
-5.0476
-5.05619
-5.06303
-5.06298
-5.0568
-5.04364
-5.02318
-4.99764
-4.97196
-4.95081
-4.93783
-4.93242
-4.9364
-4.94538
-4.95665
-4.96677
-4.97677
-4.98688
-4.99757
-5.00849
-5.01911
-5.02731
-5.03503
-5.04143
-5.0463
-5.04857
-5.05269
-5.05434
-5.05681
-5.05908
-5.06
-5.05935
-5.05768
-5.05738
-5.05768
-5.05922
-5.06467
-5.07336
-5.08496
-5.09771
-5.10911
-5.1155
-5.11817
-5.11363
-5.10302
-5.08803
-5.07161
-5.05596
-5.04462
-5.03862
-5.03975
-5.0474
-5.05926
-5.071
-5.08257
-5.09002
-5.09355
-5.08936
-5.08063
-5.06387
-5.04241
-5.01625
-4.98511
-4.95547
-4.92645
-4.89999
-4.87956
-4.86462
-4.85673
-4.85341
-4.85336
-4.85321
-4.85257
-4.85011
-4.84907
-4.84896
-4.85225
-4.86082
-4.87527
-4.89622
-4.92287
-4.9558
-4.98945
-5.02194
-5.05071
-5.06956
-5.0757
-5.06804
-5.04797
-5.01788
-4.98325
-4.94936
-4.9204
-4.89978
-4.88699
-4.8804
-4.87627
-4.87308
-4.87115
-4.87268
-4.87819
-4.88788
-4.9025
-4.9214
-4.94368
-4.96808
-4.9947
-5.01742
-5.03738
-5.05209
-5.05975
-5.05967
-5.05372
-5.04256
-5.02637
-5.00934
-4.98939
-4.97091
-4.95247
-4.9355
-4.91784
-4.90126
-4.88617
-4.87236
-4.86136
-4.85544
-4.8533
-4.85654
-4.86333
-4.87434
-4.88841
-4.90618
-4.92349
-4.94211
-4.96081
-4.97936
-4.9941
-5.00125
-5.00384
-5.00064
-4.99491
-4.99167
-4.99041
-4.991
-4.99223
-4.99481
-4.99765
-5.00332
-5.00878
-5.01391
-5.01668
-5.01738
-5.01592
-5.01423
-5.01401
-5.01488
-5.01831
-5.02419
-5.02951
-5.03368
-5.03502
-5.0324
-5.02373
-5.00971
-4.9911
-4.96959
-4.94817
-4.9266
-4.90778
-4.89494
-4.88994
-4.88979
-4.89463
-4.8994
-4.90061
-4.89571
-4.88446
-4.87101
-4.85898
-4.85067
-4.85018
-4.85622
-4.86859
-4.8812
-4.89133
-4.89667
-4.89713
-4.89508
-4.89132
-4.88927
-4.89001
-4.89466
-4.90362
-4.91533
-4.93093
-4.94641
-4.9609
-4.97046
-4.97234
-4.96764
-4.95777
-4.94441
-4.93259
-4.92573
-4.92727
-4.93502
-4.94557
-4.95636
-4.96444
-4.97085
-4.97676
-4.98631
-4.99644
-5.00865
-5.02032
-5.02861
-5.03185
-5.03088
-5.02483
-5.01592
-5.00586
-4.99633
-4.98513
-4.97322
-4.95862
-4.94328
-4.92918
-4.92069
-4.91842
-4.92441
-4.93593
-4.94875
-4.9609
-4.9728
-4.98946
-5.01226
-5.04091
-5.06578
-5.07917
-5.07895
-5.06505
-5.03889
-5.00943
-4.98316
-4.9636
-4.95327
-4.94905
-4.94991
-4.95466
-4.95804
-4.95925
-4.95735
-4.94959
-4.94151
-4.93123
-4.92452
-4.92083
-4.92135
-4.9267
-4.93353
-4.94203
-4.95249
-4.96413
-4.97933
-4.99606
-5.01212
-5.027
-5.03757
-5.04362
-5.04398
-5.04076
-5.03728
-5.03331
-5.03208
-5.03022
-5.02683
-5.0219
-5.01593
-5.00975
-5.00627
-5.00407
-5.00366
-5.00784
-5.01524
-5.02536
-5.03787
-5.04954
-5.05424
-5.0494
-5.03386
-5.00925
-4.98332
-4.96426
-4.95162
-4.94484
-4.94078
-4.93785
-4.93714
-4.93653
-4.93335
-4.92743
-4.92047
-4.90961
-4.9015
-4.89586
-4.89563
-4.89947
-4.90746
-4.91704
-4.92546
-4.93143
-4.93641
-4.93864
-4.93892
-4.93781
-4.93802
-4.94196
-4.94861
-4.95921
-4.97278
-4.98808
-5.0027
-5.01405
-5.01868
-5.02112
-5.02182
-5.02587
-5.03176
-5.03836
-5.0459
-5.05155
-5.0546
-5.05891
-5.06391
-5.07305
-5.08562
-5.10069
-5.11619
-5.1294
-5.13843
-5.14322
-5.14384
-5.14358
-5.14401
-5.14305
-5.14062
-5.13789
-5.13261
-5.12668
-5.11844
-5.10698
-5.09275
-5.07927
-5.06465
-5.05272
-5.04472
-5.0415
-5.04047
-5.0429
-5.04329
-5.04049
-5.03186
-5.01896
-5.00173
-4.98178
-4.96523
-4.95227
-4.94571
-4.94527
-4.94876
-4.95663
-4.96786
-4.98298
-5.00046
-5.02135
-5.04374
-5.06785
-5.0901
-5.10806
-5.11983
-5.12427
-5.12273
-5.11722
-5.10945
-5.1033
-5.10186
-5.10403
-5.10986
-5.11825
-5.1287
-5.14028
-5.15275
-5.16805
-5.18058
-5.19017
-5.18999
-5.17916
-5.15541
-5.1217
-5.08134
-5.0401
-5.00223
-4.97181
-4.94913
-4.93444
-4.92982
-4.93484
-4.94509
-4.96043
-4.97683
-4.9926
-5.00536
-5.01592
-5.02255
-5.02639
-5.02782
-5.02846
-5.02914
-5.03
-5.0283
-5.02225
-5.01189
-4.99829
-4.9837
-4.97158
-4.96325
-4.96095
-4.96379
-4.97031
-4.98158
-4.99351
-5.0078
-5.02243
-5.03697
-5.05256
-5.06702
-5.0809
-5.0939
-5.10132
-5.10364
-5.0981
-5.08445
-5.06628
-5.0408
-5.01399
-4.98579
-4.95905
-4.93903
-4.92409
-4.91621
-4.91253
-4.91364
-4.9174
-4.92347
-4.93258
-4.94475
-4.95955
-4.97391
-4.98754
-4.99997
-5.01367
-5.02848
-5.046
-5.06466
-5.08533
-5.10462
-5.11907
-5.12856
-5.1312
-5.12858
-5.12353
-5.11655
-5.10968
-5.10328
-5.09799
-5.09506
-5.09454
-5.09401
-5.09471
-5.09483
-5.09787
-5.10245
-5.1097
-5.11698
-5.1262
-5.13214
-5.13387
-5.13015
-5.1209
-5.1085
-5.09619
-5.08704
-5.08094
-5.07827
-5.08013
-5.08567
-5.09334
-5.10129
-5.10951
-5.1165
-5.12139
-5.12699
-5.13232
-5.13766
-5.14198
-5.14317
-5.13772
-5.12435
-5.10103
-5.07287
-5.04552
-5.02606
-5.01422
-5.01104
-5.01248
-5.01563
-5.01855
-5.01982
-5.01759
-5.01385
-5.01154
-5.01258
-5.01748
-5.02741
-5.03941
-5.05086
-5.05796
-5.06111
-5.0605
-5.05626
-5.05395
-5.05709
-5.06818
-5.08637
-5.11074
-5.13826
-5.16435
-5.1862
-5.19908
-5.20235
-5.19497
-5.17804
-5.15438
-5.12589
-5.09857
-5.07491
-5.0549
-5.03645
-5.02007
-5.00836
-5.00279
-5.00268
-5.00781
-5.01453
-5.02271
-5.03132
-5.03923
-5.04749
-5.05364
-5.05675
-5.05608
-5.05311
-5.05291
-5.05705
-5.06621
-5.07852
-5.09056
-5.10002
-5.10585
-5.104
-5.09387
-5.07947
-5.0605
-5.04095
-5.02371
-5.01251
-5.00537
-5.00015
-4.99792
-4.9938
-4.9872
-4.97864
-4.97008
-4.96142
-4.95681
-4.95717
-4.96409
-4.97678
-4.9946
-5.01567
-5.03872
-5.05886
-5.07269
-5.07647
-5.07222
-5.05989
-5.04372
-5.02645
-5.01254
-5.00243
-4.9952
-4.99169
-4.99214
-4.99293
-4.99655
-5.0038
-5.01622
-5.03508
-5.06112
-5.09167
-5.12175
-5.1425
-5.15188
-5.14565
-5.1265
-5.10001
-5.07187
-5.05032
-5.03819
-5.03691
-5.04466
-5.05527
-5.0645
-5.07284
-5.08172
-5.09199
-5.1033
-5.11577
-5.12874
-5.14018
-5.14746
-5.15021
-5.1459
-5.13742
-5.12527
-5.11382
-5.10418
-5.09729
-5.0917
-5.08891
-5.08684
-5.08466
-5.08712
-5.09368
-5.10366
-5.1144
-5.1223
-5.12399
-5.12132
-5.1155
-5.10823
-5.09998
-5.0931
-5.08469
-5.07725
-5.07124
-5.06682
-5.06488
-5.0669
-5.06937
-5.07285
-5.0718
-5.06599
-5.05527
-5.04063
-5.02139
-4.99929
-4.97757
-4.95801
-4.94332
-4.93463
-4.93338
-4.93973
-4.95149
-4.96646
-4.98355
-5.00027
-5.01721
-5.03219
-5.04762
-5.06071
-5.07171
-5.08024
-5.0869
-5.09294
-5.09746
-5.10083
-5.10218
-5.10225
-5.09821
-5.08914
-5.07477
-5.05389
-5.02902
-5.0021
-4.97786
-4.95968
-4.95101
-4.95166
-4.95767
-4.96832
-4.97986
-4.99015
-4.99863
-5.00563
-5.01213
-5.0173
-5.02059
-5.02412
-5.02834
-5.02988
-5.02971
-5.02676
-5.0172
-5.00331
-4.98428
-4.96246
-4.94393
-4.92939
-4.9231
-4.92169
-4.92542
-4.93104
-4.93944
-4.95042
-4.96292
-4.97567
-4.98643
-4.9952
-4.9996
-4.99869
-4.99289
-4.98197
-4.97221
-4.96626
-4.96677
-4.9714
-4.9818
-4.99399
-5.00274
-5.00656
-5.00326
-4.9921
-4.97426
-4.95041
-4.92578
-4.90393
-4.89156
-4.88804
-4.89618
-4.91177
-4.93258
-4.9559
-4.97646
-4.99441
-5.01012
-5.02058
-5.02658
-5.0265
-5.02149
-5.01053
-4.9978
-4.98329
-4.97203
-4.96709
-4.96955
-4.97942
-4.99585
-5.01456
-5.02967
-5.03702
-5.03616
-5.02662
-5.00728
-4.97946
-4.94954
-4.92134
-4.89784
-4.88274
-4.87637
-4.87893
-4.88801
-4.90245
-4.91914
-4.93703
-4.95705
-4.97879
-5.00602
-5.03546
-5.0653
-5.09439
-5.1173
-5.13283
-5.13679
-5.12937
-5.11295
-5.09113
-5.06621
-5.04083
-5.01644
-4.99246
-4.96947
-4.94904
-4.93408
-4.92866
-4.92978
-4.9353
-4.93703
-4.93529
-4.92936
-4.92113
-4.9181
-4.92159
-4.92857
-4.93622
-4.94291
-4.94928
-4.95899
-4.97549
-4.99924
-5.02949
-5.0611
-5.09192
-5.11516
-5.12913
-5.13086
-5.12127
-5.10332
-5.08043
-5.05863
-5.04228
-5.03259
-5.03156
-5.0378
-5.04908
-5.06291
-5.07713
-5.0882
-5.09345
-5.09073
-5.07932
-5.06009
-5.0296
-4.99655
-4.96479
-4.94094
-4.93037
-4.93513
-4.95461
-4.98327
-5.0141
-5.0446
-5.07198
-5.09301
-5.10728
-5.11471
-5.11322
-5.10422
-5.0902
-5.07264
-5.0557
-5.04329
-5.03444
-5.02773
-5.02292
-5.01797
-5.01775
-5.0203
-5.02987
-5.0431
-5.05875
-5.07294
-5.0833
-5.08975
-5.09155
-5.08812
-5.07962
-5.06731
-5.05489
-5.04362
-5.03517
-5.0329
-5.03786
-5.04732
-5.06039
-5.07358
-5.08635
-5.09499
-5.10086
-5.10288
-5.10088
-5.09282
-5.07895
-5.05792
-5.03006
-4.9971
-4.96107
-4.92604
-4.89546
-4.87332
-4.86617
-4.87788
-4.9077
-4.95059
-4.99742
-5.04179
-5.07852
-5.10677
-5.12857
-5.14515
-5.15877
-5.16945
-5.17739
-5.1817
-5.17937
-5.17079
-5.157
-5.13935
-5.12272
-5.10475
-5.09017
-5.07841
-5.07053
-5.06382
-5.06012
-5.05807
-5.05764
-5.05905
-5.06107
-5.06488
-5.0687
-5.06937
-5.06628
-5.05613
-5.03754
-5.01075
-4.9794
-4.94792
-4.92126
-4.90061
-4.88941
-4.88626
-4.88904
-4.89383
-4.89906
-4.90124
-4.90177
-4.90307
-4.90765
-4.91767
-4.93252
-4.95168
-4.97318
-4.99335
-5.01003
-5.02183
-5.02865
-5.02979
-5.02753
-5.02049
-5.01004
-5.00146
-4.99373
-4.98989
-4.98912
-4.98938
-4.98813
-4.98808
-4.98842
-4.9924
-5.00007
-5.01159
-5.02473
-5.03507
-5.03937
-5.03491
-5.02057
-5.00258
-4.98508
-4.97406
-4.97192
-4.98005
-4.99396
-5.01135
-5.02745
-5.0395
-5.04584
-5.04841
-5.04437
-5.03578
-5.02117
-5.00215
-4.97921
-4.95738
-4.9338
-4.91312
-4.89713
-4.88787
-4.88671
-4.89082
-4.89832
-4.90509
-4.91249
-4.92083
-4.93115
-4.94043
-4.94943
-4.95291
-4.95296
-4.9492
-4.94746
-4.95049
-4.96033
-4.97866
-5.00486
-5.03507
-5.06396
-5.08808
-5.1042
-5.11138
-5.11036
-5.10162
-5.0869
-5.06717
-5.04247
-5.01814
-4.99734
-4.98434
-4.98217
-4.99077
-5.00371
-5.01916
-5.03119
-5.03539
-5.03285
-5.02541
-5.01403
-5.00462
-4.99938
-5.00046
-5.01171
-5.03103
-5.05529
-5.08218
-5.10891
-5.13409
-5.15562
-5.17136
-5.18149
-5.18488
-5.18256
-5.17458
-5.16188
-5.14507
-5.12737
-5.10832
-5.09
-5.07471
-5.06337
-5.05643
-5.05194
-5.04802
-5.03973
-5.02704
-5.0123
-4.99672
-4.98715
-4.98025
-4.97918
-4.98394
-4.99522
-5.01065
-5.02829
-5.04519
-5.05815
-5.06825
-5.07438
-5.07533
-5.07372
-5.07018
-5.06418
-5.05628
-5.04583
-5.03052
-5.01086
-4.98576
-4.95529
-4.92538
-4.90031
-4.89012
-4.89543
-4.91598
-4.94653
-4.97996
-5.01133
-5.03786
-5.05799
-5.07186
-5.07696
-5.07498
-5.06686
-5.05426
-5.03934
-5.02344
-5.01046
-5.00143
-4.99747
-5.00052
-5.01078
-5.02948
-5.05502
-5.08217
-5.10539
-5.11943
-5.12505
-5.1216
-5.11055
-5.0972
-5.08322
-5.07182
-5.06382
-5.06162
-5.06495
-5.0689
-5.07729
-5.08887
-5.10355
-5.1206
-5.13564
-5.14526
-5.14633
-5.13821
-5.12272
-5.10291
-5.08122
-5.06089
-5.04303
-5.02876
-5.01569
-5.00366
-4.99154
-4.98224
-4.97862
-4.9817
-4.98957
-4.99501
-4.99304
-4.98238
-4.96263
-4.93889
-4.92049
-4.91071
-4.91382
-4.92592
-4.94639
-4.96797
-4.9892
-5.00586
-5.01709
-5.02009
-5.01288
-4.99931
-4.98086
-4.96139
-4.9471
-4.93913
-4.9365
-4.93639
-4.93716
-4.93478
-4.92963
-4.92619
-4.92232
-4.92087
-4.92182
-4.9246
-4.9285
-4.93698
-4.9478
-4.96224
-4.97956
-5.00126
-5.02412
-5.04867
-5.06995
-5.08733
-5.1001
-5.10624
-5.10515
-5.09551
-5.07825
-5.05483
-5.02853
-5.00554
-4.98696
-4.97082
-4.95487
-4.94227
-4.93513
-4.93518
-4.94022
-4.94746
-4.95202
-4.95569
-4.95878
-4.96545
-4.97667
-4.99227
-5.01319
-5.03256
-5.0537
-5.07203
-5.08548
-5.09582
-5.10086
-5.10328
-5.10503
-5.10921
-5.11659
-5.1274
-5.1415
-5.15487
-5.16237
-5.16376
-5.15728
-5.14519
-5.12682
-5.10389
-5.07972
-5.05352
-5.02854
-5.00468
-4.98196
-4.96408
-4.95077
-4.94133
-4.93506
-4.92961
-4.92546
-4.92457
-4.92632
-4.93279
-4.94385
-4.9589
-4.97653
-4.99506
-5.01368
-5.03453
-5.05566
-5.07719
-5.09821
-5.11606
-5.12827
-5.12977
-5.12294
-5.10811
-5.08652
-5.06536
-5.05032
-5.04519
-5.05001
-5.06266
-5.08033
-5.10026
-5.11905
-5.13385
-5.1396
-5.13553
-5.12298
-5.09859
-5.06604
-5.03033
-4.99511
-4.96582
-4.94599
-4.93654
-4.93656
-4.94386
-4.9547
-4.96717
-4.98039
-4.99446
-5.0092
-5.02606
-5.04552
-5.07047
-5.09643
-5.12405
-5.14885
-5.16923
-5.1847
-5.19048
-5.18747
-5.17413
-5.14862
-5.11586
-5.0777
-5.03795
-5.00026
-4.96985
-4.95128
-4.94574
-4.95204
-4.96742
-4.98447
-5.002
-5.01642
-5.02735
-5.0336
-5.03634
-5.0358
-5.03448
-5.03219
-5.03195
-5.03552
-5.04201
-5.05285
-5.06379
-5.07412
-5.08265
-5.08749
-5.08497
-5.0767
-5.06187
-5.04373
-5.02628
-5.01289
-5.00882
-5.01254
-5.02448
-5.03793
-5.04888
-5.05456
-5.05265
-5.04401
-5.03114
-5.01772
-5.00698
-5.00054
-4.99764
-4.99646
-4.9959
-4.99343
-4.99207
-4.99207
-4.99332
-4.99457
-4.99438
-4.99272
-4.99065
-4.99051
-4.99384
-4.99829
-5.00327
-5.00726
-5.00985
-5.01039
-5.00659
-4.99886
-4.98688
-4.97516
-4.96418
-4.95665
-4.954
-4.95909
-4.97185
-4.99063
-5.01675
-5.04603
-5.07335
-5.09814
-5.11882
-5.13104
-5.13568
-5.13033
-5.11605
-5.09138
-5.059
-5.01877
-4.97381
-4.92866
-4.89177
-4.86907
-4.86441
-4.87655
-4.89699
-4.9203
-4.93875
-4.95044
-4.95264
-4.94782
-4.93826
-4.92924
-4.92239
-4.92076
-4.92395
-4.93186
-4.94498
-4.96058
-4.97695
-4.993
-5.00999
-5.02384
-5.03583
-5.04898
-5.06496
-5.08567
-5.10837
-5.12893
-5.14592
-5.15425
-5.15269
-5.14048
-5.11522
-5.08011
-5.038
-4.99302
-4.95599
-4.93509
-4.93295
-4.9486
-4.975
-5.00485
-5.03123
-5.0541
-5.07029
-5.08037
-5.08514
-5.08118
-5.06969
-5.05207
-5.03048
-5.00972
-4.99035
-4.97667
-4.96642
-4.96035
-4.9561
-4.95386
-4.95529
-4.95734
-4.95866
-4.96089
-4.96237
-4.96361
-4.96584
-4.9708
-4.97847
-4.98751
-4.99729
-5.00416
-5.00578
-5.00306
-4.99492
-4.9821
-4.96842
-4.9563
-4.94745
-4.94305
-4.94197
-4.94605
-4.95586
-4.9695
-4.98679
-5.00407
-5.02053
-5.03495
-5.04573
-5.05347
-5.05899
-5.06028
-5.05676
-5.05097
-5.04395
-5.03872
-5.03638
-5.0354
-5.03558
-5.03873
-5.04668
-5.05739
-5.07103
-5.08508
-5.09635
-5.10323
-5.10526
-5.10082
-5.08911
-5.07125
-5.05112
-5.02927
-5.00949
-4.99093
-4.9765
-4.96425
-4.95479
-4.94954
-4.95158
-4.95924
-4.97109
-4.982
-4.98751
-4.98552
-4.97458
-4.958
-4.93891
-4.92502
-4.91782
-4.91715
-4.91761
-4.91727
-4.91564
-4.91373
-4.91178
-4.9156
-4.92528
-4.94184
-4.96431
-4.99221
-5.02387
-5.05604
-5.0896
-5.11974
-5.14686
-5.1667
-5.17769
-5.17968
-5.17283
-5.16131
-5.14924
-5.13737
-5.13031
-5.12784
-5.12697
-5.12602
-5.12402
-5.11846
-5.10669
-5.08909
-5.06531
-5.043
-5.02579
-5.01592
-5.01172
-5.01049
-5.01017
-5.0118
-5.01343
-5.01594
-5.01856
-5.022
-5.02239
-5.01932
-5.01219
-4.99964
-4.98526
-4.97507
-4.974
-4.98485
-5.00488
-5.02758
-5.04805
-5.06211
-5.07085
-5.0747
-5.07476
-5.07376
-5.07185
-5.07358
-5.08266
-5.09823
-5.12014
-5.14651
-5.17493
-5.20168
-5.22496
-5.2443
-5.25617
-5.26073
-5.2619
-5.2575
-5.25002
-5.23753
-5.22018
-5.19998
-5.17608
-5.15006
-5.12463
-5.10226
-5.0869
-5.07796
-5.0752
-5.07479
-5.07172
-5.06725
-5.06028
-5.05301
-5.046
-5.03981
-5.03537
-5.03368
-5.03554
-5.0413
-5.05023
-5.06407
-5.0812
-5.10164
-5.12522
-5.14587
-5.16096
-5.1704
-5.17333
-5.17063
-5.1628
-5.15217
-5.14194
-5.13389
-5.12857
-5.12864
-5.13052
-5.13382
-5.1327
-5.1245
-5.10727
-5.08326
-5.05909
-5.04244
-5.03421
-5.03494
-5.0405
-5.04665
-5.04755
-5.04616
-5.04028
-5.03053
-5.0179
-5.00361
-4.98771
-4.97567
-4.9681
-4.9648
-4.96559
-4.96683
-4.96765
-4.96437
-4.95923
-4.9501
-4.94114
-4.93292
-4.92898
-4.93012
-4.9362
-4.94448
-4.95216
-4.95861
-4.96355
-4.96758
-4.97178
-4.97725
-4.98608
-4.99686
-5.0059
-5.01228
-5.01628
-5.01627
-5.01404
-5.00968
-5.00377
-4.99779
-4.99583
-4.99532
-4.99858
-5.00569
-5.01347
-5.01805
-5.02159
-5.02247
-5.0227
-5.02132
-5.01628
-5.01081
-5.00294
-4.99582
-4.99004
-4.98774
-4.98909
-4.99332
-4.99777
-5.00223
-5.00952
-5.02037
-5.03419
-5.04955
-5.06208
-5.06971
-5.06803
-5.05676
-5.03613
-5.00919
-4.97345
-4.93321
-4.89122
-4.85453
-4.82808
-4.81999
-4.82985
-4.85799
-4.89852
-4.94354
-4.98452
-5.01787
-5.04079
-5.05352
-5.0589
-5.06418
-5.07308
-5.08744
-5.10506
-5.1231
-5.13863
-5.14819
-5.1533
-5.15114
-5.14708
-5.14171
-5.13449
-5.12679
-5.12015
-5.11383
-5.10598
-5.09885
-5.0925
-5.08955
-5.09055
-5.09948
-5.11143
-5.12405
-5.13456
-5.14343
-5.15101
-5.15746
-5.16278
-5.16487
-5.16233
-5.15561
-5.14377
-5.12343
-5.09525
-5.05633
-5.01017
-4.95594
-4.90041
-4.85094
-4.81435
-4.79729
-4.7964
-4.81087
-4.83598
-4.86767
-4.90244
-4.9342
-4.96273
-4.98688
-5.00661
-5.02353
-5.03895
-5.05191
-5.06211
-5.07001
-5.07395
-5.07352
-5.06578
-5.05128
-5.03181
-5.01217
-4.99386
-4.97814
-4.9683
-4.96463
-4.966
-4.96789
-4.97354
-4.98446
-4.99843
-5.01485
-5.03447
-5.05839
-5.08394
-5.10995
-5.13266
-5.14698
-5.15675
-5.15939
-5.161
-5.16541
-5.17332
-5.18458
-5.19829
-5.20901
-5.21391
-5.21206
-5.20447
-5.19041
-5.17316
-5.1525
-5.12931
-5.103
-5.07659
-5.05312
-5.03409
-5.02041
-5.01319
-5.00885
-5.00509
-5.00085
-4.99312
-4.98719
-4.98405
-4.98917
-5.00052
-5.0151
-5.02899
-5.03922
-5.04426
-5.04743
-5.0489
-5.05174
-5.05662
-5.06479
-5.07555
-5.08803
-5.09982
-5.1099
-5.11352
-5.11166
-5.10266
-5.08915
-5.07257
-5.05293
-5.03598
-5.02286
-5.01512
-5.01252
-5.01498
-5.01832
-5.02518
-5.03611
-5.04718
-5.05667
-5.06153
-5.0604
-5.05416
-5.04188
-5.026
-5.00944
-4.99489
-4.9821
-4.97166
-4.96046
-4.94662
-4.93011
-4.91341
-4.89966
-4.89378
-4.89856
-4.91382
-4.93744
-4.96607
-4.99921
-5.03222
-5.06502
-5.09507
-5.12066
-5.13912
-5.14718
-5.14356
-5.1333
-5.11881
-5.10563
-5.09628
-5.08759
-5.0773
-5.06763
-5.05812
-5.05145
-5.04908
-5.04936
-5.05003
-5.04515
-5.03646
-5.0212
-4.99871
-4.97555
-4.95377
-4.93957
-4.93437
-4.93977
-4.95461
-4.97196
-4.99345
-5.0149
-5.03345
-5.05072
-5.06642
-5.08061
-5.09296
-5.1063
-5.1185
-5.12993
-5.13827
-5.14124
-5.14004
-5.13442
-5.12485
-5.11353
-5.09872
-5.08547
-5.07525
-5.06905
-5.06687
-5.06983
-5.07477
-5.08079
-5.08664
-5.08826
-5.08645
-5.07706
-5.06333
-5.04559
-5.03224
-5.02662
-5.03077
-5.04147
-5.05229
-5.06066
-5.06456
-5.06735
-5.07078
-5.07372
-5.07394
-5.06781
-5.05297
-5.03234
-5.00649
-4.98237
-4.96996
-4.97325
-4.98955
-5.01282
-5.03574
-5.05257
-5.06147
-5.06102
-5.05509
-5.04689
-5.04086
-5.04068
-5.04457
-5.05043
-5.05488
-5.05771
-5.05837
-5.05792
-5.0557
-5.05118
-5.03841
-5.0239
-5.00507
-4.98531
-4.96466
-4.9471
-4.93339
-4.92387
-4.91978
-4.92156
-4.93016
-4.94578
-4.9669
-4.99192
-5.01734
-5.0386
-5.05444
-5.06255
-5.06193
-5.05633
-5.04578
-5.03118
-5.01453
-4.99437
-4.97244
-4.95311
-4.93682
-4.92483
-4.91932
-4.91977
-4.92598
-4.93677
-4.94828
-4.95978
-4.96723
-4.9696
-4.96769
-4.96186
-4.95059
-4.93613
-4.92402
-4.91827
-4.92382
-4.94405
-4.97368
-5.00762
-5.03823
-5.06334
-5.07951
-5.08734
-5.08787
-5.0847
-5.07709
-5.0665
-5.05441
-5.04226
-5.03262
-5.02651
-5.02286
-5.02309
-5.02723
-5.03517
-5.04667
-5.06009
-5.0756
-5.09428
-5.11362
-5.13038
-5.14251
-5.14898
-5.14966
-5.14578
-5.13829
-5.12878
-5.11758
-5.10342
-5.08838
-5.0746
-5.06535
-5.06358
-5.06958
-5.07909
-5.0849
-5.08345
-5.07353
-5.05589
-5.03298
-5.00524
-4.97698
-4.95567
-4.94781
-4.95503
-4.9719
-4.9938
-5.01197
-5.02391
-5.02822
-5.02467
-5.01545
-5.00157
-4.98387
-4.9661
-4.9504
-4.93803
-4.93228
-4.93354
-4.94379
-4.96384
-4.99096
-5.01888
-5.04156
-5.0531
-5.05383
-5.04435
-5.02995
-5.01484
-5.00009
-4.99319
-4.99459
-5.00748
-5.0287
-5.05668
-5.0861
-5.1126
-5.13432
-5.14754
-5.15351
-5.15203
-5.14695
-5.14198
-5.13892
-5.14098
-5.14589
-5.15178
-5.15585
-5.1587
-5.15698
-5.14952
-5.13668
-5.11635
-5.09126
-5.06137
-5.02661
-4.99109
-4.95503
-4.92073
-4.89295
-4.87214
-4.85622
-4.84366
-4.82968
-4.81589
-4.80459
-4.79684
-4.79327
-4.79565
-4.80629
-4.82107
-4.84025
-4.86084
-4.88189
-4.90186
-4.91916
-4.93354
-4.94704
-4.95667
-4.96202
-4.96407
-4.9637
-4.9612
-4.95943
-4.95967
-4.96227
-4.96476
-4.96582
-4.96274
-4.95535
-4.94427
-4.93201
-4.92269
-4.92275
-4.9295
-4.94282
-4.96157
-4.98168
-4.99942
-5.01402
-5.02709
-5.04235
-5.06086
-5.08408
-5.10984
-5.13512
-5.15667
-5.16999
-5.17132
-5.16295
-5.14588
-5.1247
-5.10371
-5.08843
-5.08172
-5.08205
-5.0905
-5.1014
-5.11281
-5.12478
-5.13057
-5.12846
-5.11723
-5.09753
-5.07216
-5.04763
-5.02745
-5.01358
-5.00602
-5.00457
-5.00817
-5.0148
-5.02179
-5.02842
-5.03151
-5.02884
-5.02501
-5.01636
-5.00799
-5.0004
-4.99825
-5.00056
-5.00804
-5.01812
-5.02569
-5.03043
-5.0287
-5.02109
-5.00733
-4.98862
-4.96554
-4.93998
-4.91181
-4.8842
-4.85632
-4.83214
-4.81457
-4.80434
-4.80059
-4.80196
-4.80726
-4.81464
-4.82241
-4.83145
-4.84216
-4.85551
-4.87145
-4.88919
-4.90862
-4.92674
-4.94372
-4.95687
-4.96687
-4.97499
-4.98406
-4.99633
-5.01327
-5.03388
-5.05344
-5.06818
-5.07697
-5.07658
-5.07037
-5.05813
-5.04304
-5.02787
-5.01367
-5.00528
-5.00439
-5.0127
-5.02847
-5.04968
-5.07361
-5.09556
-5.1126
-5.12249
-5.12921
-5.12998
-5.12733
-5.12257
-5.11419
-5.10351
-5.09039
-5.07734
-5.0652
-5.05403
-5.0466
-5.04174
-5.03749
-5.03353
-5.02744
-5.01857
-5.0103
-5.00084
-4.99582
-4.99415
-4.99725
-5.00457
-5.01622
-5.02984
-5.04136
-5.04916
-5.05383
-5.05298
-5.05027
-5.04751
-5.05008
-5.05762
-5.07205
-5.09371
-5.11942
-5.14896
-5.17859
-5.20628
-5.22973
-5.2468
-5.25684
-5.25758
-5.24872
-5.23348
-5.20896
-5.18008
-5.14675
-5.11134
-5.07772
-5.04641
-5.01995
-5.00033
-4.98715
-4.97968
-4.97766
-4.98027
-4.98516
-4.9931
-5.00377
-5.01339
-5.02226
-5.02908
-5.033
-5.02966
-5.02136
-5.01239
-5.00403
-5.00184
-5.00716
-5.02091
-5.03794
-5.05828
-5.07914
-5.09911
-5.11794
-5.13493
-5.14573
-5.14994
-5.147
-5.13625
-5.11984
-5.09966
-5.07603
-5.0576
-5.0439
-5.0386
-5.04299
-5.05318
-5.06813
-5.08378
-5.09357
-5.0973
-5.09551
-5.0916
-5.08255
-5.07329
-5.06364
-5.05531
-5.0481
-5.0445
-5.04893
-5.06257
-5.08603
-5.11624
-5.14841
-5.17673
-5.19683
-5.20553
-5.20159
-5.18779
-5.16805
-5.14556
-5.12076
-5.09773
-5.08062
-5.06893
-5.06631
-5.0676
-5.07
-5.07127
-5.06689
-5.0573
-5.03785
-5.01082
-4.97937
-4.94768
-4.92061
-4.90301
-4.89482
-4.89761
-4.91074
-4.93024
-4.95302
-4.97311
-4.98838
-4.99828
-5.00187
-5.00038
-4.99966
-5.00093
-5.006
-5.01592
-5.02796
-5.03928
-5.04936
-5.05741
-5.06074
-5.05792
-5.04733
-5.02951
-5.00682
-4.98222
-4.95916
-4.94151
-4.93102
-4.92424
-4.92016
-4.91982
-4.92226
-4.92693
-4.93404
-4.94321
-4.95432
-4.96643
-4.97477
-4.97864
-4.97813
-4.97374
-4.96703
-4.95938
-4.95341
-4.94851
-4.94674
-4.94662
-4.9494
-4.95343
-4.95929
-4.96553
-4.97322
-4.9836
-4.9967
-5.01109
-5.0265
-5.04281
-5.05889
-5.07504
-5.08764
-5.09591
-5.09863
-5.0968
-5.09025
-5.07995
-5.0687
-5.05512
-5.04135
-5.0233
-5.00345
-4.98291
-4.96786
-4.9599
-4.95917
-4.96448
-4.97421
-4.98862
-5.00391
-5.01648
-5.02491
-5.02733
-5.02306
-5.01345
-4.99931
-4.985
-4.97238
-4.9673
-4.96671
-4.9731
-4.98575
-5.00274
-5.01977
-5.03638
-5.04767
-5.05361
-5.05201
-5.04102
-5.02209
-4.99764
-4.9704
-4.94757
-4.93128
-4.92646
-4.93049
-4.94349
-4.96093
-4.97841
-4.99515
-5.0082
-5.01699
-5.02451
-5.02869
-5.02969
-5.02949
-5.02325
-5.01194
-4.99275
-4.96595
-4.9328
-4.8966
-4.86376
-4.84125
-4.835
-4.84585
-4.8692
-4.8983
-4.92751
-4.95316
-4.97456
-4.99266
-5.00922
-5.0261
-5.05089
-5.08435
-5.1246
-5.16595
-5.20468
-5.23704
-5.26252
-5.2816
-5.29186
-5.29264
-5.28094
-5.2592
-5.22428
-5.18089
-5.12926
-5.07367
-5.01638
-4.96351
-4.92107
-4.89594
-4.89116
-4.90513
-4.93266
-4.96429
-4.99417
-5.0169
-5.02934
-5.03105
-5.02281
-5.00701
-4.98334
-4.95723
-4.93225
-4.91318
-4.90139
-4.90054
-4.91218
-4.93376
-4.96357
-4.99536
-5.02768
-5.05672
-5.07839
-5.091
-5.09245
-5.08182
-5.06466
-5.04215
-5.01994
-5.00083
-4.98868
-4.98484
-4.98748
-4.99424
-5.00209
-5.00827
-5.01219
-5.01552
-5.01511
-5.01303
-5.00877
-5.00574
-5.00511
-5.01154
-5.02566
-5.04246
-5.05926
-5.06998
-5.07387
-5.06941
-5.05523
-5.03371
-5.01007
-4.98662
-4.96683
-4.95268
-4.948
-4.95185
-4.96585
-4.98772
-5.01552
-5.04619
-5.07702
-5.1048
-5.12717
-5.143
-5.15113
-5.15268
-5.14783
-5.13728
-5.12399
-5.1108
-5.0959
-5.08129
-5.06598
-5.04703
-5.02724
-5.00395
-4.98252
-4.96586
-4.95636
-4.95556
-4.96128
-4.97046
-4.97971
-4.98755
-4.99256
-4.99548
-4.99866
-5.00491
-5.01682
-5.03316
-5.05083
-5.06709
-5.07755
-5.08155
-5.07788
-5.06984
-5.05722
-5.04345
-5.03076
-5.01851
-5.00741
-4.99623
-4.98696
-4.98096
-4.98153
-4.99146
-5.01062
-5.0359
-5.06817
-5.10347
-5.13803
-5.16916
-5.19302
-5.20868
-5.21594
-5.21561
-5.20618
-5.18803
-5.1635
-5.13163
-5.09526
-5.05805
-5.02069
-4.98889
-4.96381
-4.95112
-4.94769
-4.95467
-4.96737
-4.983
-4.99977
-5.01494
-5.02821
-5.03865
-5.04528
-5.04838
-5.0489
-5.04676
-5.03722
-5.02041
-4.99524
-4.96615
-4.93379
-4.9054
-4.88869
-4.88324
-4.89169
-4.90848
-4.92872
-4.95084
-4.9692
-4.9868
-5.00371
-5.02038
-5.03501
-5.04539
-5.05473
-5.05832
-5.0588
-5.05466
-5.04874
-5.04053
-5.03345
-5.02922
-5.02815
-5.0309
-5.03693
-5.04437
-5.05341
-5.06002
-5.06227
-5.05852
-5.04992
-5.0392
-5.02808
-5.01841
-5.01014
-5.0026
-4.99466
-4.98276
-4.96657
-4.94574
-4.9217
-4.89682
-4.87735
-4.86897
-4.87703
-4.89965
-4.92984
-4.95985
-4.98343
-4.99574
-4.9963
-4.98612
-4.96727
-4.94463
-4.91961
-4.89926
-4.88322
-4.87665
-4.8794
-4.88997
-4.90798
-4.93101
-4.95588
-4.97825
-4.99612
-5.00636
-5.01095
-5.01106
-5.00914
-5.0087
-5.01097
-5.017
-5.02883
-5.04601
-5.06637
-5.08673
-5.10561
-5.11644
-5.12071
-5.11531
-5.10316
-5.08489
-5.06231
-5.04532
-5.03694
-5.04006
-5.05572
-5.07431
-5.09422
-5.11066
-5.1205
-5.12377
-5.12204
-5.11758
-5.11021
-5.10164
-5.09357
-5.08512
-5.07569
-5.06226
-5.04644
-5.02936
-5.0116
-4.99497
-4.98002
-4.96849
-4.95958
-4.95107
-4.94173
-4.92904
-4.91494
-4.90302
-4.89808
-4.90377
-4.91715
-4.93247
-4.94718
-4.9569
-4.96274
-4.96365
-4.96041
-4.95408
-4.94605
-4.93409
-4.92177
-4.90887
-4.89542
-4.88408
-4.87658
-4.87656
-4.8847
-4.90005
-4.92186
-4.948
-4.9753
-5.00229
-5.02768
-5.05194
-5.0718
-5.08614
-5.09541
-5.09812
-5.09514
-5.08591
-5.06982
-5.04805
-5.02301
-4.99714
-4.97497
-4.96045
-4.95608
-4.96023
-4.96895
-4.97811
-4.9857
-4.9903
-4.99352
-4.99909
-5.00942
-5.02188
-5.0369
-5.04916
-5.05482
-5.05326
-5.04672
-5.03873
-5.03199
-5.0271
-5.02457
-5.0235
-5.02552
-5.02731
-5.03045
-5.03276
-5.03184
-5.02869
-5.0231
-5.01849
-5.01222
-5.00305
-4.98992
-4.97195
-4.94991
-4.92375
-4.90052
-4.88582
-4.88449
-4.89887
-4.92476
-4.95459
-4.98133
-4.99846
-5.00747
-5.00944
-5.00682
-5.00097
-4.99287
-4.98385
-4.97374
-4.95788
-4.93859
-4.91592
-4.89231
-4.87427
-4.86387
-4.86571
-4.87808
-4.89941
-4.92569
-4.95325
-4.9815
-5.0092
-5.03453
-5.0556
-5.07327
-5.08497
-5.08985
-5.08734
-5.07867
-5.0676
-5.05302
-5.03901
-5.02668
-5.0162
-5.00723
-5.00092
-4.99916
-5.00196
-5.0102
-5.02302
-5.03727
-5.05116
-5.06234
-5.06828
-5.07167
-5.07419
-5.07675
-5.08395
-5.09726
-5.11396
-5.13114
-5.14296
-5.14675
-5.13926
-5.12084
-5.0923
-5.05603
-5.01284
-4.96679
-4.92379
-4.88971
-4.86601
-4.85648
-4.85919
-4.87014
-4.88649
-4.90129
-4.91369
-4.91949
-4.91906
-4.91284
-4.90375
-4.89397
-4.88829
-4.88625
-4.89006
-4.89903
-4.91132
-4.92455
-4.93807
-4.95048
-4.96006
-4.96798
-4.97348
-4.97974
-4.98749
-4.99695
-5.00781
-5.01649
-5.02471
-5.028
-5.02736
-5.02153
-5.01425
-5.00702
-5.00455
-5.00914
-5.01947
-5.03275
-5.04638
-5.05881
-5.06534
-5.06703
-5.0606
-5.04984
-5.03503
-5.01821
-5.00097
-4.98329
-4.9646
-4.94129
-4.91229
-4.88238
-4.85285
-4.83016
-4.81845
-4.81626
-4.81981
-4.82416
-4.82898
-4.83634
-4.84851
-4.86583
-4.89326
-4.92788
-4.96657
-5.00589
-5.04077
-5.06786
-5.08834
-5.10307
-5.11151
-5.11353
-5.10875
-5.09602
-5.0767
-5.05074
-5.02262
-4.9954
-4.97468
-4.96349
-4.96062
-4.96424
-4.96938
-4.9726
-4.97009
-4.96511
-4.95971
-4.95603
-4.95791
-4.96498
-4.97348
-4.98188
-4.98775
-4.98918
-4.98624
-4.98032
-4.97403
-4.96856
-4.96495
-4.96314
-4.9623
-4.96178
-4.96002
-4.95572
-4.9513
-4.94768
-4.94725
-4.95366
-4.96813
-4.98554
-5.0035
-5.0201
-5.03405
-5.04461
-5.0524
-5.05768
-5.05974
-5.05865
-5.05388
-5.04966
-5.04328
-5.03302
-5.02009
-5.0052
-4.99145
-4.97993
-4.9732
-4.97216
-4.97889
-4.99093
-5.00892
-5.0301
-5.05258
-5.07342
-5.08866
-5.09752
-5.1005
-5.09639
-5.08705
-5.07379
-5.05757
-5.03924
-5.01921
-4.99938
-4.97976
-4.96287
-4.95153
-4.94901
-4.95457
-4.96909
-4.99054
-5.01579
-5.04075
-5.06324
-5.08208
-5.09539
-5.10219
-5.10589
-5.10312
-5.09829
-5.09103
-5.08145
-5.06988
-5.05571
-5.03967
-5.0221
-5.00468
-4.99096
-4.98597
-4.98959
-5.00297
-5.02332
-5.04737
-5.07273
-5.09146
-5.1016
-5.09971
-5.08716
-5.06718
-5.04248
-5.02057
-5.004
-4.99436
-4.99316
-4.99317
-4.99312
-4.99602
-4.99914
-5.00297
-5.00584
-5.0062
-5.00484
-5.00094
-4.99639
-4.99221
-4.99001
-4.99111
-4.99554
-4.99987
-5.00427
-5.00632
-5.00566
-5.0004
-4.99247
-4.98211
-4.97423
-4.97287
-4.97892
-4.99289
-5.01647
-5.04554
-5.07849
-5.10756
-5.12943
-5.13743
-5.13129
-5.11545
-5.09436
-5.07819
-5.07096
-5.07494
-5.08299
-5.08639
-5.07794
-5.05511
-5.01819
-4.97261
-4.92571
-4.88386
-4.85531
-4.84295
-4.84758
-4.86617
-4.8931
-4.92105
-4.94598
-4.96246
-4.97044
-4.96818
-4.95749
-4.94348
-4.93243
-4.92866
-4.93343
-4.9469
-4.96538
-4.98628
-5.00873
-5.03091
-5.05448
-5.0752
-5.08992
-5.09743
-5.09753
-5.08847
-5.07286
-5.05538
-5.03868
-5.02568
-5.02037
-5.02202
-5.02944
-5.0422
-5.05695
-5.07091
-5.08215
-5.08639
-5.08507
-5.07892
-5.07166
-5.06623
-5.06383
-5.06425
-5.06787
-5.0726
-5.07749
-5.08242
-5.0881
-5.09308
-5.09775
-5.10341
-5.11036
-5.11624
-5.12024
-5.12384
-5.12726
-5.12902
-5.12951
-5.12925
-5.12757
-5.12206
-5.1138
-5.09729
-5.07603
-5.05285
-5.03155
-5.01689
-5.00697
-5.00275
-5.00208
-5.00499
-5.00967
-5.01474
-5.0204
-5.025
-5.03307
-5.04221
-5.0506
-5.05762
-5.06199
-5.06347
-5.06468
-5.06773
-5.07591
-5.08991
-5.11011
-5.13127
-5.1508
-5.16576
-5.17508
-5.17769
-5.17235
-5.16061
-5.14327
-5.11852
-5.09198
-5.05877
-5.02247
-4.98703
-4.95578
-4.93212
-4.91971
-4.91644
-4.92201
-4.93239
-4.94685
-4.96005
-4.97134
-4.97879
-4.98389
-4.98637
-4.98845
-4.99182
-4.99599
-5.00209
-5.00715
-5.01007
-5.00688
-4.99996
-4.991
-4.98298
-4.97618
-4.97263
-4.97224
-4.97532
-4.97822
-4.98192
-4.98762
-4.99094
-4.99163
-4.99036
-4.98563
-4.97763
-4.97053
-4.96317
-4.95636
-4.95275
-4.95532
-4.96278
-4.97425
-4.9873
-5.00091
-5.0141
-5.02726
-5.03831
-5.0463
-5.0494
-5.0454
-5.03909
-5.0331
-5.03695
-5.05304
-5.07806
-5.10599
-5.12884
-5.14303
-5.14661
-5.13933
-5.12349
-5.102
-5.07583
-5.04924
-5.02688
-5.00985
-4.99709
-4.98731
-4.97982
-4.97241
-4.96873
-4.96572
-4.96448
-4.96699
-4.97384
-4.98446
-4.99734
-5.00634
-5.01184
-5.01469
-5.01648
-5.01987
-5.02404
-5.03131
-5.03825
-5.04528
-5.05248
-5.05982
-5.06769
-5.0764
-5.08335
-5.08954
-5.09108
-5.08653
-5.07617
-5.06052
-5.0405
-5.01739
-4.99352
-4.97095
-4.95156
-4.93538
-4.9236
-4.91387
-4.90778
-4.90393
-4.90321
-4.9036
-4.90486
-4.90626
-4.90865
-4.91137
-4.91615
-4.9215
-4.92809
-4.93296
-4.93433
-4.93082
-4.92803
-4.92716
-4.93068
-4.9397
-4.95314
-4.97055
-4.98878
-5.00862
-5.02607
-5.04145
-5.05537
-5.06704
-5.0772
-5.08356
-5.08697
-5.08711
-5.0809
-5.06967
-5.05277
-5.03574
-5.0213
-5.01152
-5.00514
-4.99896
-4.98721
-4.96817
-4.94391
-4.91846
-4.8975
-4.88042
-4.87009
-4.86584
-4.86702
-4.87066
-4.87607
-4.879
-4.8803
-4.88103
-4.88404
-4.89028
-4.90182
-4.91577
-4.93075
-4.94697
-4.96357
-4.98117
-5.00015
-5.01852
-5.03529
-5.04919
-5.05853
-5.06146
-5.05672
-5.0466
-5.03388
-5.01956
-5.00356
-4.98861
-4.97823
-4.97327
-4.97347
-4.97942
-4.98952
-4.99935
-5.00779
-5.01277
-5.01417
-5.01281
-5.01235
-5.01158
-5.01304
-5.01285
-5.01322
-5.01565
-5.01851
-5.0257
-5.03834
-5.05412
-5.07178
-5.08728
-5.09887
-5.10715
-5.11005
-5.10849
-5.10527
-5.10258
-5.09763
-5.09207
-5.08422
-5.0727
-5.05711
-5.03891
-5.01866
-5.00009
-4.98484
-4.97869
-4.98239
-4.99632
-5.01416
-5.03229
-5.04979
-5.06468
-5.07708
-5.08441
-5.08702
-5.08407
-5.07463
-5.0628
-5.05174
-5.04383
-5.04008
-5.03999
-5.0421
-5.04411
-5.0461
-5.04578
-5.04296
-5.03869
-5.03259
-5.02424
-5.01307
-5.00106
-4.98824
-4.97458
-4.95965
-4.94563
-4.93542
-4.93032
-4.93396
-4.94806
-4.96998
-4.99507
-5.01986
-5.04434
-5.06497
-5.07964
-5.08829
-5.09132
-5.08639
-5.07883
-5.06921
-5.05904
-5.04744
-5.036
-5.02488
-5.01121
-4.99823
-4.9864
-4.98033
-4.98281
-4.99659
-5.01725
-5.03731
-5.052
-5.05864
-5.05847
-5.0548
-5.04956
-5.04533
-5.04442
-5.04534
-5.04795
-5.04901
-5.04593
-5.03952
-5.03032
-5.02161
-5.01782
-5.02184
-5.03292
-5.04744
-5.06341
-5.08159
-5.0977
-5.11353
-5.12653
-5.13702
-5.14149
-5.13887
-5.12519
-5.10061
-5.06675
-5.02865
-4.99283
-4.96284
-4.93769
-4.91426
-4.89133
-4.86987
-4.85644
-4.85575
-4.86914
-4.89806
-4.93777
-4.98063
-5.02048
-5.05364
-5.07717
-5.09349
-5.10347
-5.11058
-5.11742
-5.12683
-5.13936
-5.15086
-5.16175
-5.16901
-5.17215
-5.16751
-5.15572
-5.13712
-5.11539
-5.09265
-5.07306
-5.05426
-5.03449
-5.00924
-4.97892
-4.94806
-4.92779
-4.92523
-4.93753
-4.95775
-4.97938
-4.99989
-5.01991
-5.03995
-5.05559
-5.06743
-5.07251
-5.07079
-5.05899
-5.03996
-5.01641
-4.9907
-4.9734
-4.96272
-4.95441
-4.94522
-4.92971
-4.91033
-4.89036
-4.86975
-4.85188
-4.8377
-4.82587
-4.82022
-4.81804
-4.82293
-4.8341
-4.85211
-4.87383
-4.89747
-4.91886
-4.93671
-4.94515
-4.94983
-4.95193
-4.95732
-4.96853
-4.9866
-5.01122
-5.03881
-5.06701
-5.09463
-5.11843
-5.13916
-5.15327
-5.16249
-5.16675
-5.16261
-5.15274
-5.13725
-5.1192
-5.09888
-5.08287
-5.07316
-5.06964
-5.07468
-5.08691
-5.10251
-5.12264
-5.1418
-5.15834
-5.16908
-5.17318
-5.17354
-5.16835
-5.16235
-5.15551
-5.14946
-5.14379
-5.13767
-5.12995
-5.1179
-5.10141
-5.08071
-5.05868
-5.0349
-5.01351
-4.99633
-4.98433
-4.97713
-4.97475
-4.97581
-4.97942
-4.98585
-4.99467
-5.00178
-5.00991
-5.01583
-5.02077
-5.0229
-5.02363
-5.02225
-5.01848
-5.01392
-5.01382
-5.01647
-5.02356
-5.03333
-5.04382
-5.05423
-5.06258
-5.06691
-5.07057
-5.07631
-5.08486
-5.09533
-5.10609
-5.11435
-5.12051
-5.12323
-5.12454
-5.12682
-5.1347
-5.1501
-5.16993
-5.1889
-5.19782
-5.19707
-5.18484
-5.1691
-5.15224
-5.1358
-5.12208
-5.1095
-5.09632
-5.08052
-5.0632
-5.04443
-5.02518
-5.01017
-5.00152
-5.00135
-5.00893
-5.01842
-5.02599
-5.02859
-5.02827
-5.0243
-5.02072
-5.01978
-5.01992
-5.02608
-5.03593
-5.04741
-5.06124
-5.07595
-5.08931
-5.10304
-5.11112
-5.11422
-5.11307
-5.10922
-5.10217
-5.09675
-5.09306
-5.09185
-5.09225
-5.09244
-5.09036
-5.0863
-5.07981
-5.07331
-5.0689
-5.06479
-5.06005
-5.05539
-5.04902
-5.03915
-5.02368
-5.00436
-4.98465
-4.96382
-4.94515
-4.93114
-4.92255
-4.92011
-4.9228
-4.93374
-4.95018
-4.97162
-4.99478
-5.01749
-5.03872
-5.0555
-5.06758
-5.07581
-5.07827
-5.07163
-5.05625
-5.03195
-4.99944
-4.96349
-4.93039
-4.91008
-4.90447
-4.90954
-4.92065
-4.93246
-4.93981
-4.93989
-4.93547
-4.92843
-4.92062
-4.91648
-4.91573
-4.91801
-4.922
-4.92506
-4.92617
-4.92326
-4.91845
-4.91076
-4.90316
-4.89549
-4.8889
-4.89039
-4.89776
-4.91314
-4.93305
-4.95296
-4.96976
-4.9806
-4.98513
-4.98586
-4.98469
-4.98363
-4.98306
-4.98398
-4.9875
-4.99448
-4.99995
-4.99886
-4.98726
-4.96563
-4.93989
-4.91487
-4.89856
-4.89078
-4.8925
-4.89918
-4.91018
-4.92091
-4.92575
-4.92107
-4.90535
-4.88348
-4.8645
-4.85731
-4.86599
-4.88662
-4.91928
-4.95632
-4.99298
-5.02643
-5.05392
-5.07396
-5.08546
-5.08891
-5.0859
-5.07779
-5.06562
-5.05151
-5.03589
-5.01788
-4.99821
-4.97491
-4.95313
-4.93179
-4.91537
-4.90372
-4.89905
-4.90418
-4.91955
-4.94415
-4.97421
-5.00574
-5.03718
-5.06925
-5.10091
-5.13475
-5.16636
-5.1954
-5.2205
-5.23646
-5.24195
-5.23586
-5.217
-5.18818
-5.14923
-5.10619
-5.06441
-5.02763
-4.9994
-4.97673
-4.96161
-4.95238
-4.95365
-4.96502
-4.9886
-5.02068
-5.05806
-5.0929
-5.12333
-5.14435
-5.15556
-5.15675
-5.14941
-5.13759
-5.12557
-5.11491
-5.10649
-5.09599
-5.08325
-5.06932
-5.05422
-5.03796
-5.0236
-5.00848
-4.99747
-4.99418
-5.00204
-5.01802
-5.03597
-5.05135
-5.06432
-5.07469
-5.08346
-5.09144
-5.09843
-5.10517
-5.11125
-5.11608
-5.11843
-5.11511
-5.10606
-5.09419
-5.08023
-5.06846
-5.06123
-5.05825
-5.06104
-5.06991
-5.08506
-5.10301
-5.12224
-5.1424
-5.15864
-5.17012
-5.17438
-5.17179
-5.16202
-5.14687
-5.12865
-5.10977
-5.09342
-5.08062
-5.06975
-5.06135
-5.05554
-5.05104
-5.04818
-5.04836
-5.05115
-5.05348
-5.05692
-5.05953
-5.05975
-5.05724
-5.04961
-5.03471
-5.01108
-4.98616
-4.96041
-4.93773
-4.92227
-4.91587
-4.91969
-4.9303
-4.94618
-4.96791
-4.99145
-5.01529
-5.03774
-5.05877
-5.07308
-5.0809
-5.07955
-5.06919
-5.05199
-5.02919
-5.00668
-4.98511
-4.96883
-4.95962
-4.95871
-4.96501
-4.97656
-4.99124
-5.00673
-5.02154
-5.03222
-5.03974
-5.04198
-5.04161
-5.03744
-5.03175
-5.02448
-5.01752
-5.00996
-5.00275
-4.99495
-4.98864
-4.98401
-4.98324
-4.98672
-4.99267
-5.00101
-5.01013
-5.01525
-5.01413
-5.00586
-4.9908
-4.97071
-4.95029
-4.93442
-4.92242
-4.91721
-4.91066
-4.90222
-4.89021
-4.87646
-4.866
-4.86191
-4.86409
-4.8727
-4.88559
-4.90108
-4.91762
-4.93352
-4.95312
-4.97484
-4.99585
-5.0159
-5.03335
-5.04552
-5.05296
-5.05562
-5.05392
-5.05003
-5.04433
-5.03706
-5.02672
-5.01436
-5.00042
-4.98759
-4.97591
-4.969
-4.96442
-4.96354
-4.9638
-4.96739
-4.97375
-4.98113
-4.99033
-4.9976
-5.00542
-5.01182
-5.01639
-5.02076
-5.02107
-5.01785
-5.01153
-5.00092
-4.98821
-4.97442
-4.96085
-4.95119
-4.94556
-4.9425
-4.94629
-4.95681
-4.97435
-4.99382
-5.01279
-5.02603
-5.03133
-5.02772
-5.01547
-4.99792
-4.97707
-4.95254
-4.92486
-4.89482
-4.86403
-4.8379
-4.82189
-4.81882
-4.82615
-4.84343
-4.86586
-4.88952
-4.91189
-4.92912
-4.94173
-4.94951
-4.95254
-4.95258
-4.94929
-4.94493
-4.94112
-4.94017
-4.94309
-4.94931
-4.95878
-4.96762
-4.97491
-4.9796
-4.98396
-4.98861
-4.99643
-5.00801
-5.02241
-5.03786
-5.05193
-5.06158
-5.06547
-5.06817
-5.06838
-5.06616
-5.0601
-5.04903
-5.03515
-5.01899
-5.00236
-4.9894
-4.98091
-4.97575
-4.97362
-4.97386
-4.97498
-4.97711
-4.97975
-4.98287
-4.98661
-4.99016
-4.99307
-4.99169
-4.98815
-4.98075
-4.97285
-4.96515
-4.95885
-4.95714
-4.96303
-4.96997
-4.97928
-4.98708
-4.9939
-4.99886
-5.00288
-5.01036
-5.02349
-5.04127
-5.06481
-5.09276
-5.12103
-5.14824
-5.17394
-5.1953
-5.21341
-5.22535
-5.23002
-5.22691
-5.21682
-5.19776
-5.17193
-5.13848
-5.10317
-5.06635
-5.03499
-5.01156
-5.00025
-5.00196
-5.01629
-5.0399
-5.06789
-5.09612
-5.11958
-5.13481
-5.14083
-5.14208
-5.1392
-5.13423
-5.12989
-5.12473
-5.11719
-5.10492
-5.08708
-5.06023
-5.02753
-4.99505
-4.9698
-4.95841
-4.96237
-4.98053
-5.00512
-5.02667
-5.03977
-5.04309
-5.03727
-5.02565
-5.01088
-4.9959
-4.98376
-4.97365
-4.96722
-4.96392
-4.9645
-4.96773
-4.97414
-4.9816
-4.99045
-4.99832
-5.00401
-5.0086
-5.01281
-5.01798
-5.02686
-5.03799
-5.0517
-5.06616
-5.08159
-5.09772
-5.11496
-5.13308
-5.15039
-5.16545
-5.17927
-5.19212
-5.20437
-5.21482
-5.22387
-5.22546
-5.21831
-5.20026
-5.17125
-5.13763
-5.1032
-5.07539
-5.05718
-5.04838
-5.0476
-5.05197
-5.05897
-5.06796
-5.07419
-5.07756
-5.0753
-5.06688
-5.05203
-5.03091
-5.00647
-4.9833
-4.96373
-4.95059
-4.94445
-4.94407
-4.94642
-4.95067
-4.9555
-4.95855
-4.96151
-4.95877
-4.95512
-4.94952
-4.9425
-4.93506
-4.92986
-4.92711
-4.92816
-4.93284
-4.9402
-4.95104
-4.96236
-4.9767
-4.99625
-5.02285
-5.05507
-5.08793
-5.11726
-5.13702
-5.14396
-5.13674
-5.11524
-5.08089
-5.0374
-4.98904
-4.94216
-4.9035
-4.87723
-4.864
-4.86546
-4.87939
-4.90284
-4.9308
-4.96037
-4.98829
-5.01151
-5.02773
-5.03452
-5.03129
-5.01996
-5.00377
-4.98798
-4.97857
-4.97568
-4.98004
-4.98857
-4.99967
-5.01222
-5.02175
-5.02901
-5.03518
-5.03888
-5.03902
-5.03418
-5.02629
-5.0159
-5.00592
-4.99766
-4.99435
-4.9956
-5.00018
-5.00515
-5.01075
-5.01369
-5.01255
-5.00677
-4.99576
-4.98201
-4.96582
-4.94977
-4.9325
-4.91769
-4.90609
-4.8998
-4.90076
-4.91052
-4.92797
-4.94928
-4.97336
-4.99682
-5.01832
-5.03645
-5.05139
-5.06361
-5.07658
-5.09037
-5.10544
-5.121
-5.13194
-5.13762
-5.1375
-5.13097
-5.1193
-5.10349
-5.08456
-5.06323
-5.04224
-5.02109
-4.99767
-4.97412
-4.95243
-4.93563
-4.92383
-4.91527
-4.9037
-4.88931
-4.87602
-4.86899
-4.87058
-4.87909
-4.89346
-4.9163
-4.94361
-4.97296
-4.99886
-5.01822
-5.03032
-5.03686
-5.04139
-5.04502
-5.04771
-5.04918
-5.0496
-5.04675
-5.04176
-5.03522
-5.03119
-5.02974
-5.03312
-5.04169
-5.05195
-5.06404
-5.07491
-5.08649
-5.09859
-5.11069
-5.12089
-5.12712
-5.12921
-5.12688
-5.12119
-5.11382
-5.11019
-5.10643
-5.10354
-5.09971
-5.09278
-5.08357
-5.0731
-5.06259
-5.04994
-5.03568
-5.02184
-5.00792
-4.9981
-4.98898
-4.98398
-4.98261
-4.98637
-4.9951
-5.01047
-5.02827
-5.0474
-5.06649
-5.08382
-5.09717
-5.10811
-5.11237
-5.10906
-5.0974
-5.07813
-5.05271
-5.02629
-5.00318
-4.98545
-4.97481
-4.97208
-4.97565
-4.98239
-4.99205
-4.9995
-5.00547
-5.00696
-5.00462
-4.99784
-4.98906
-4.97784
-4.96647
-4.95579
-4.94571
-4.94078
-4.94109
-4.94822
-4.96401
-4.98586
-5.01146
-5.03879
-5.06545
-5.08605
-5.10014
-5.10689
-5.10748
-5.10446
-5.1027
-5.10197
-5.10421
-5.10636
-5.10565
-5.10078
-5.08966
-5.07152
-5.04809
-5.02077
-4.99468
-4.97143
-4.95433
-4.94513
-4.94336
-4.94649
-4.95226
-4.95677
-4.95835
-4.95601
-4.94849
-4.93721
-4.92356
-4.9105
-4.89931
-4.89284
-4.88926
-4.88792
-4.88936
-4.89502
-4.90422
-4.91816
-4.93664
-4.95866
-4.98171
-5.00237
-5.0201
-5.03142
-5.03427
-5.02731
-5.00981
-4.98263
-4.94809
-4.91349
-4.88424
-4.86752
-4.86583
-4.87675
-4.89796
-4.92256
-4.94643
-4.9658
-4.98099
-4.99261
-5.00408
-5.0148
-5.02592
-5.0386
-5.04945
-5.05891
-5.0644
-5.06717
-5.0666
-5.06312
-5.05819
-5.05511
-5.05295
-5.05296
-5.05163
-5.04919
-5.04414
-5.0349
-5.02267
-5.00781
-4.99213
-4.97737
-4.96645
-4.96262
-4.96353
-4.97089
-4.98245
-4.99808
-5.01507
-5.03181
-5.04526
-5.05434
-5.0556
-5.05377
-5.04926
-5.04217
-5.03391
-5.02522
-5.0161
-5.0029
-4.98887
-4.97504
-4.96287
-4.95295
-4.94765
-4.94598
-4.94883
-4.95125
-4.95373
-4.95432
-4.9515
-4.94632
-4.94205
-4.94104
-4.94726
-4.96134
-4.98295
-5.00778
-5.03167
-5.04965
-5.05813
-5.05665
-5.04843
-5.03382
-5.01963
-5.00721
-5.0002
-5.00153
-5.01071
-5.02367
-5.0365
-5.04706
-5.05451
-5.0568
-5.05316
-5.04395
-5.02819
-5.00915
-4.98742
-4.96611
-4.94748
-4.93188
-4.92071
-4.91075
-4.90013
-4.8889
-4.87738
-4.86709
-4.86141
-4.86068
-4.86682
-4.87778
-4.89411
-4.91125
-4.92957
-4.94995
-4.97072
-4.9896
-5.00694
-5.02239
-5.03551
-5.04577
-5.0523
-5.05622
-5.05547
-5.05015
-5.03905
-5.0206
-4.99648
-4.97195
-4.95578
-4.95199
-4.96339
-4.98378
-5.00637
-5.02488
-5.03609
-5.04054
-5.03867
-5.03152
-5.02081
-5.00686
-4.99201
-4.97569
-4.95816
-4.94025
-4.92483
-4.91297
-4.90724
-4.90754
-4.91675
-4.93191
-4.95112
-4.97083
-4.98658
-4.99767
-5.00437
-5.00948
-5.0144
-5.02126
-5.03311
-5.04886
-5.06338
-5.0762
-5.08268
-5.08327
-5.07812
-5.06841
-5.05576
-5.041
-5.02665
-5.01196
-5.00329
-4.99668
-4.99257
-4.98868
-4.98475
-4.98164
-4.97952
-4.97932
-4.98438
-4.99235
-5.00502
-5.0197
-5.03528
-5.04824
-5.06159
-5.07135
-5.07888
-5.0824
-5.08334
-5.08009
-5.0699
-5.05477
-5.03283
-5.00836
-4.98342
-4.96234
-4.94854
-4.94393
-4.94898
-4.96337
-4.98398
-5.00865
-5.03152
-5.05377
-5.07179
-5.085
-5.09568
-5.1053
-5.11313
-5.11824
-5.11979
-5.11875
-5.1145
-5.10795
-5.098
-5.08668
-5.0735
-5.05898
-5.0445
-5.03286
-5.02623
-5.02609
-5.03312
-5.04727
-5.06624
-5.08587
-5.10183
-5.11305
-5.11616
-5.11038
-5.09961
-5.08361
-5.06379
-5.044
-5.02661
-5.01228
-5.00262
-4.99624
-4.99267
-4.99239
-4.99692
-5.00763
-5.02653
-5.05548
-5.0932
-5.13446
-5.17355
-5.20222
-5.21918
-5.22599
-5.22417
-5.21673
-5.20284
-5.18508
-5.16281
-5.13719
-5.10861
-5.07991
-5.0545
-5.03528
-5.02451
-5.02053
-5.02356
-5.03209
-5.04359
-5.05819
-5.07365
-5.08628
-5.09424
-5.09665
-5.09235
-5.08073
-5.066
-5.05044
-5.03735
-5.03077
-5.03026
-5.03309
-5.03669
-5.03708
-5.034
-5.02681
-5.0151
-4.99934
-4.97947
-4.95843
-4.93612
-4.91646
-4.90314
-4.90009
-4.90578
-4.921
-4.93872
-4.95612
-4.97148
-4.98415
-4.99626
-5.0086
-5.02125
-5.03446
-5.04529
-5.05182
-5.04925
-5.03465
-5.01253
-4.9824
-4.95066
-4.92667
-4.91613
-4.91726
-4.92954
-4.94746
-4.96695
-4.98498
-5.0013
-5.01627
-5.03205
-5.04823
-5.06872
-5.08994
-5.11088
-5.13115
-5.14679
-5.15529
-5.15672
-5.15363
-5.15159
-5.15563
-5.16673
-5.18021
-5.1929
-5.20017
-5.20159
-5.19727
-5.18553
-5.16645
-5.14158
-5.11248
-5.08069
-5.04606
-5.01496
-4.99022
-4.9721
-4.96425
-4.96701
-4.97839
-4.99588
-5.01361
-5.02795
-5.03648
-5.03615
-5.03184
-5.0242
-5.01858
-5.01478
-5.01832
-5.02842
-5.04281
-5.06428
-5.08877
-5.11454
-5.13916
-5.15697
-5.16601
-5.16723
-5.15967
-5.1451
-5.12713
-5.10767
-5.09228
-5.08107
-5.07775
-5.08221
-5.0939
-5.10818
-5.12223
-5.13289
-5.1387
-5.13919
-5.13435
-5.12898
-5.1236
-5.11859
-5.11014
-5.09933
-5.08297
-5.06086
-5.03407
-5.00337
-4.97235
-4.94304
-4.91892
-4.89758
-4.88221
-4.87236
-4.86953
-4.87563
-4.89056
-4.91107
-4.9334
-4.95803
-4.97878
-4.9959
-5.0103
-5.02114
-5.02814
-5.03245
-5.03492
-5.03198
-5.02488
-5.01434
-5.00357
-4.99176
-4.98178
-4.97274
-4.96699
-4.96487
-4.96656
-4.9756
-4.99171
-5.0137
-5.04268
-5.07561
-5.1124
-5.14659
-5.17575
-5.19346
-5.19803
-5.18581
-5.15782
-5.11562
-5.069
-5.02972
-5.01129
-5.01712
-5.03777
-5.06422
-5.087
-5.10356
-5.11516
-5.12369
-5.12927
-5.13348
-5.13561
-5.13776
-5.13797
-5.13646
-5.13227
-5.12278
-5.10796
-5.08664
-5.06146
-5.03692
-5.01791
-5.00926
-5.01356
-5.0292
-5.0514
-5.0749
-5.09511
-5.10356
-5.0983
-5.08082
-5.05864
-5.04591
-5.05184
-5.0731
-5.09734
-5.11422
-5.1182
-5.11001
-5.09354
-5.07208
-5.04926
-5.02447
-4.99894
-4.97359
-4.94568
-4.91996
-4.90004
-4.88887
-4.89154
-4.9071
-4.93055
-4.95608
-4.98128
-5.00431
-5.02177
-5.03521
-5.04367
-5.04631
-5.04591
-5.0423
-5.03721
-5.03281
-5.03036
-5.02802
-5.03032
-5.03525
-5.04033
-5.04606
-5.04605
-5.04361
-5.03787
-5.02999
-5.02351
-5.02034
-5.026
-5.0419
-5.06625
-5.09387
-5.12127
-5.14567
-5.1639
-5.17681
-5.1834
-5.18542
-5.18113
-5.17147
-5.15838
-5.14533
-5.13502
-5.12914
-5.12857
-5.13025
-5.13417
-5.1365
-5.13732
-5.13616
-5.13068
-5.1216
-5.11088
-5.0967
-5.08207
-5.06438
-5.04266
-5.0197
-4.99788
-4.97927
-4.96593
-4.95745
-4.95402
-4.95424
-4.95658
-4.95648
-4.95234
-4.9427
-4.93114
-4.91979
-4.91348
-4.91328
-4.92158
-4.93653
-4.95736
-4.98246
-5.00716
-5.02968
-5.04923
-5.06179
-5.06844
-5.0674
-5.05987
-5.04601
-5.02784
-5.00883
-4.98825
-4.97115
-4.9575
-4.94987
-4.95037
-4.95774
-4.97136
-4.98819
-5.00325
-5.0138
-5.01611
-5.01001
-4.99809
-4.98545
-4.97987
-4.9832
-4.99503
-5.01261
-5.03155
-5.04625
-5.05593
-5.06136
-5.06539
-5.06831
-5.07095
-5.07648
-5.08041
-5.08335
-5.08158
-5.07407
-5.06358
-5.05365
-5.04539
-5.04142
-5.04154
-5.04146
-5.03988
-5.03587
-5.02921
-5.02139
-5.01385
-5.00946
-5.01063
-5.0196
-5.03543
-5.05781
-5.08397
-5.10829
-5.12907
-5.14235
-5.14615
-5.14137
-5.1268
-5.10453
-5.07747
-5.04882
-5.02199
-5.0034
-4.99715
-5.00247
-5.02049
-5.04521
-5.07318
-5.09804
-5.11805
-5.13334
-5.1442
-5.15499
-5.16231
-5.16777
-5.16539
-5.15772
-5.14439
-5.12653
-5.10686
-5.08826
-5.07028
-5.05307
-5.0337
-5.01412
-4.99313
-4.97318
-4.95429
-4.9412
-4.93087
-4.92871
-4.932
-4.94323
-4.9596
-4.97817
-4.99828
-5.01508
-5.02796
-5.03828
-5.04452
-5.04739
-5.04743
-5.04326
-5.03679
-5.02452
-5.00806
-4.98659
-4.96195
-4.9349
-4.91019
-4.89312
-4.89085
-4.90366
-4.93234
-4.96854
-5.00812
-5.04457
-5.07377
-5.09216
-5.09834
-5.09459
-5.08082
-5.06016
-5.03548
-5.00874
-4.98419
-4.96376
-4.94687
-4.93485
-4.92993
-4.9325
-4.94124
-4.95725
-4.97709
-4.99813
-5.01795
-5.03573
-5.04878
-5.0565
-5.05987
-5.05786
-5.05112
-5.04063
-5.02629
-5.01001
-4.99461
-4.98489
-4.98042
-4.98414
-4.99456
-5.00595
-5.01672
-5.02393
-5.02543
-5.02258
-5.01636
-5.00894
-4.99999
-4.99263
-4.98822
-4.98656
-4.98826
-4.99093
-4.99583
-5.00341
-5.01045
-5.01645
-5.01989
-5.02054
-5.01731
-5.01141
-5.00431
-4.9942
-4.98052
-4.96423
-4.94773
-4.93196
-4.92317
-4.92301
-4.93257
-4.95124
-4.97507
-5.00136
-5.02753
-5.05162
-5.07286
-5.09025
-5.1009
-5.10473
-5.10143
-5.09137
-5.07653
-5.05899
-5.04311
-5.02917
-5.0196
-5.01481
-5.01184
-5.01122
-5.01116
-5.01448
-5.02108
-5.0286
-5.03638
-5.04084
-5.04014
-5.0356
-5.02929
-5.02065
-5.0146
-5.00946
-5.00461
-4.99989
-4.99442
-4.98866
-4.98178
-4.97378
-4.96705
-4.96168
-4.96027
-4.96002
-4.96092
-4.95885
-4.95537
-4.9503
-4.94973
-4.95485
-4.96495
-4.97806
-4.98874
-4.99662
-4.99806
-4.9997
-5.00249
-5.00807
-5.01284
-5.01731
-5.02158
-5.02509
-5.02959
-5.03496
-5.04028
-5.04644
-5.05135
-5.05739
-5.06478
-5.07352
-5.08543
-5.09966
-5.11268
-5.11934
-5.1193
-5.1095
-5.09381
-5.07407
-5.05554
-5.03939
-5.02605
-5.01222
-4.99889
-4.98556
-4.974
-4.96779
-4.96538
-4.9667
-4.96876
-4.96941
-4.96775
-4.96386
-4.96136
-4.96289
-4.96758
-4.97293
-4.97776
-4.97747
-4.97164
-4.96222
-4.95537
-4.95877
-4.97478
-5.00267
-5.0382
-5.07505
-5.11115
-5.14223
-5.168
-5.18712
-5.20027
-5.2055
-5.20428
-5.19544
-5.17985
-5.15965
-5.13492
-5.10617
-5.07697
-5.04791
-5.02178
-4.99892
-4.98109
-4.96964
-4.96403
-4.96534
-4.97175
-4.98297
-4.99576
-5.00863
-5.02373
-5.03551
-5.04422
-5.04748
-5.04578
-5.04026
-5.03058
-5.01755
-5.00323
-4.99001
-4.97776
-4.96736
-4.96226
-4.96061
-4.96429
-4.97266
-4.98627
-5.00395
-5.02413
-5.04432
-5.06191
-5.07374
-5.07733
-5.07448
-5.06269
-5.04475
-5.02294
-4.99806
-4.97505
-4.95656
-4.94512
-4.94222
-4.94635
-4.95595
-4.96596
-4.97588
-4.98784
-5.00511
-5.02557
-5.03932
-5.03928
-5.01972
-4.98555
-4.94341
-4.90514
-4.88706
-4.89312
-4.92272
-4.96064
-4.99643
-5.0213
-5.03513
-5.0382
