-3.38879
-3.38849
-3.38879
-3.38834
-3.38924
-3.3897
-3.38864
-3.38879
-3.39015
-3.3906
-3.39151
-3.39136
-3.39212
-3.39181
-3.39136
-3.39166
-3.39166
-3.39226
-3.39302
-3.39257
-3.39242
-3.39227
-3.39242
-3.39121
-3.39075
-3.39045
-3.3906
-3.39151
-3.39151
-3.39105
-3.39105
-3.39135
-3.39075
-3.39045
-3.3906
-3.38984
-3.38909
-3.38985
-3.38909
-3.38834
-3.38849
-3.38788
-3.38818
-3.38878
-3.38939
-3.38954
-3.3897
-3.3894
-3.38894
-3.38819
-3.38924
-3.38894
-3.38803
-3.38908
-3.38954
-3.39014
-3.38969
-3.38939
-3.38924
-3.39015
-3.3894
-3.38939
-3.38969
-3.38999
-3.38953
-3.38893
-3.38923
-3.38817
-3.38818
-3.38803
-3.38833
-3.38773
-3.38728
-3.38727
-3.38742
-3.38682
-3.38682
-3.38743
-3.38758
-3.38818
-3.38908
-3.38863
-3.38878
-3.38878
-3.38983
-3.38999
-3.39075
-3.39135
-3.39211
-3.39287
-3.39226
-3.39271
-3.39256
-3.39332
-3.39347
-3.39392
-3.39407
-3.39362
-3.39316
-3.39361
-3.39301
-3.39361
-3.39271
-3.39316
-3.39196
-3.39151
-3.39075
-3.39151
-3.39105
-3.39195
-3.39135
-3.39104
-3.39074
-3.39059
-3.39044
-3.39089
-3.39075
-3.39075
-3.39029
-3.38893
-3.38893
-3.38818
-3.38848
-3.38802
-3.38742
-3.38681
-3.38666
-3.38666
-3.38697
-3.38712
-3.38681
-3.38696
-3.38636
-3.38726
-3.38817
-3.38923
-3.38953
-3.38908
-3.38969
-3.39014
-3.38939
-3.38863
-3.38954
-3.38908
-3.38969
-3.39089
-3.3912
-3.39195
-3.39089
-3.39014
-3.3909
-3.3912
-3.3915
-3.39105
-3.39271
-3.39226
-3.39377
-3.39392
-3.39407
-3.39483
-3.39483
-3.39468
-3.39423
-3.39317
-3.39332
-3.39256
-3.39302
-3.39377
-3.39438
-3.39347
-3.39241
-3.39241
-3.39286
-3.39332
-3.39317
-3.39317
-3.39257
-3.39241
-3.39151
-3.39181
-3.39241
-3.39211
-3.39045
-3.3906
-3.39076
-3.39182
-3.39197
-3.39212
-3.39272
-3.39302
-3.39302
-3.39271
-3.39211
-3.39211
-3.39211
-3.39241
-3.39272
-3.39197
-3.39227
-3.39242
-3.39211
-3.39151
-3.39151
-3.39075
-3.39075
-3.39091
-3.3903
-3.39075
-3.39105
-3.3912
-3.39045
-3.3909
-3.39
-3.39
-3.38955
-3.38849
-3.38939
-3.38939
-3.38984
-3.38923
-3.38833
-3.38818
-3.38788
-3.38849
-3.38819
-3.38683
-3.38683
-3.38773
-3.38849
-3.38849
-3.38909
-3.38909
-3.38849
-3.38848
-3.38833
-3.38848
-3.38909
-3.38879
-3.38864
-3.38848
-3.38954
-3.38939
-3.38909
-3.38954
-3.38894
-3.38939
-3.39075
-3.3909
-3.39105
-3.3906
-3.38999
-3.39014
-3.3909
-3.39105
-3.39106
-3.39136
-3.39181
-3.39136
-3.39166
-3.39196
-3.39181
-3.39196
-3.39165
-3.39211
-3.39241
-3.39241
-3.39226
-3.39316
-3.39316
-3.39316
-3.39226
-3.39271
-3.39332
-3.39211
-3.39166
-3.39151
-3.39075
-3.3906
-3.39135
-3.39135
-3.3915
-3.39151
-3.39181
-3.39151
-3.39257
-3.39242
-3.39211
-3.39227
-3.39075
-3.39045
-3.38939
-3.38939
-3.38939
-3.38969
-3.38954
-3.38954
-3.38893
-3.38893
-3.38833
-3.38894
-3.38818
-3.38833
-3.38939
-3.38909
-3.38924
-3.38924
-3.38864
-3.38894
-3.38954
-3.38985
-3.39136
-3.39181
-3.39181
-3.39181
-3.3906
-3.39105
-3.39045
-3.39015
-3.39015
-3.3903
-3.3906
-3.38999
-3.3903
-3.3906
-3.3906
-3.39091
-3.39
-3.38834
-3.38864
-3.38955
-3.38924
-3.38788
-3.38773
-3.38849
-3.38818
-3.38864
-3.38849
-3.38939
-3.3897
-3.3906
-3.39196
-3.39302
-3.39272
-3.39272
-3.39287
-3.39347
-3.39362
-3.39408
-3.39423
-3.39439
-3.39514
-3.39574
-3.39619
-3.39558
-3.39467
-3.39422
-3.39332
-3.39241
-3.39287
-3.39287
-3.39363
-3.39317
-3.39242
-3.39211
-3.39241
-3.39316
-3.39286
-3.39316
-3.39286
-3.39151
-3.39181
-3.39121
-3.39106
-3.39
-3.39
-3.38984
-3.38969
-3.38909
-3.38954
-3.38939
-3.38939
-3.3903
-3.39135
-3.39151
-3.39181
-3.39196
-3.39151
-3.39241
-3.39211
-3.39226
-3.39317
-3.39196
-3.39181
-3.39287
-3.39302
-3.39286
-3.39226
-3.39165
-3.39241
-3.39271
-3.39407
-3.39453
-3.39302
-3.39272
-3.39181
-3.39256
-3.39256
-3.3918
-3.39135
-3.39181
-3.39151
-3.39075
-3.3909
-3.39181
-3.39241
-3.39257
-3.39272
-3.39257
-3.39302
-3.39256
-3.39272
-3.39211
-3.39196
-3.39181
-3.39151
-3.3906
-3.39105
-3.3909
-3.3906
-3.3906
-3.39166
-3.39211
-3.39196
-3.39227
-3.39272
-3.39136
-3.39151
-3.39242
-3.39287
-3.39241
-3.39135
-3.3909
-3.3915
-3.39211
-3.39151
-3.39151
-3.39075
-3.3903
-3.39015
-3.39031
-3.38985
-3.3888
-3.38834
-3.38985
-3.3906
-3.38939
-3.39075
-3.39
-3.3894
-3.38865
-3.38894
-3.3894
-3.38985
-3.38894
-3.38909
-3.38879
-3.38818
-3.38728
-3.38682
-3.38849
-3.38864
-3.38895
-3.3894
-3.38955
-3.3897
-3.38985
-3.38939
-3.38849
-3.38894
-3.38879
-3.38879
-3.39
-3.38984
-3.38954
-3.3903
-3.38954
-3.39
-3.3906
-3.3903
-3.38985
-3.38985
-3.39045
-3.39121
-3.39075
-3.3897
-3.3906
-3.39015
-3.39061
-3.39
-3.3891
-3.3891
-3.38895
-3.38909
-3.38849
-3.38969
-3.38969
-3.38864
-3.38758
-3.38803
-3.38864
-3.38834
-3.38804
-3.3891
-3.38864
-3.38849
-3.38774
-3.38759
-3.38849
-3.38744
-3.38864
-3.38879
-3.38909
-3.38894
-3.38894
-3.38803
-3.3897
-3.38894
-3.38894
-3.38834
-3.38758
-3.38804
-3.38819
-3.38819
-3.3891
-3.3894
-3.39001
-3.38971
-3.3894
-3.38955
-3.38925
-3.38909
-3.38894
-3.38924
-3.38985
-3.39016
-3.3891
-3.3891
-3.3891
-3.38955
-3.38955
-3.39076
-3.39136
-3.39197
-3.39106
-3.39091
-3.39001
-3.39091
-3.39031
-3.38895
-3.38865
-3.3885
-3.38835
-3.38835
-3.38835
-3.38896
-3.3891
-3.3891
-3.38925
-3.38925
-3.38925
-3.38925
-3.3894
-3.38925
-3.38925
-3.3891
-3.39001
-3.3885
-3.38835
-3.38805
-3.3885
-3.38865
-3.38774
-3.38698
-3.38683
-3.38698
-3.38668
-3.38714
-3.38774
-3.38729
-3.38804
-3.38728
-3.38728
-3.38744
-3.38638
-3.38744
-3.38684
-3.38714
-3.38714
-3.38744
-3.38729
-3.38759
-3.38774
-3.38623
-3.38593
-3.38608
-3.38668
-3.38608
-3.38578
-3.38608
-3.38698
-3.38789
-3.38714
-3.38744
-3.38849
-3.38849
-3.38789
-3.38699
-3.38699
-3.38654
-3.38714
-3.38744
-3.38789
-3.38744
-3.38683
-3.38683
-3.38729
-3.38804
-3.38835
-3.3894
-3.38926
-3.39001
-3.38986
-3.38971
-3.38941
-3.3891
-3.38895
-3.38865
-3.38774
-3.38759
-3.38804
-3.38774
-3.38804
-3.38834
-3.38834
-3.38834
-3.38925
-3.3888
-3.38941
-3.39001
-3.3888
-3.38895
-3.38941
-3.39046
-3.39107
-3.39091
-3.39031
-3.39061
-3.39016
-3.38956
-3.38956
-3.38926
-3.38835
-3.38881
-3.38926
-3.38804
-3.38804
-3.38849
-3.38834
-3.38789
-3.38714
-3.38714
-3.38729
-3.38669
-3.38669
-3.38594
-3.38594
-3.38594
-3.38578
-3.38518
-3.38532
-3.38532
-3.38608
-3.38623
-3.38654
-3.38639
-3.38775
-3.38805
-3.3885
-3.38835
-3.38956
-3.39016
-3.38986
-3.39077
-3.39062
-3.39032
-3.39107
-3.39107
-3.39047
-3.39062
-3.39077
-3.39091
-3.39212
-3.39151
-3.39242
-3.39136
-3.39167
-3.39273
-3.39258
-3.39213
-3.39213
-3.39198
-3.39273
-3.39228
-3.39318
-3.39242
-3.39288
-3.39197
-3.39228
-3.39183
-3.39228
-3.39123
-3.39123
-3.39138
-3.39108
-3.39123
-3.39017
-3.38911
-3.38881
-3.38865
-3.3885
-3.38865
-3.38759
-3.38729
-3.3882
-3.38895
-3.3888
-3.39001
-3.38926
-3.39062
-3.39138
-3.39093
-3.39078
-3.39078
-3.39077
-3.39031
-3.3888
-3.38804
-3.38819
-3.3885
-3.38865
-3.38895
-3.39016
-3.38986
-3.38926
-3.38941
-3.38986
-3.38941
-3.38941
-3.39016
-3.39046
-3.39031
-3.39001
-3.39016
-3.39001
-3.39016
-3.39046
-3.39031
-3.38986
-3.39047
-3.38956
-3.38896
-3.38851
-3.3876
-3.3879
-3.38715
-3.38684
-3.38714
-3.38563
-3.38563
-3.38684
-3.38699
-3.38865
-3.3891
-3.38971
-3.39031
-3.39016
-3.38925
-3.38895
-3.38835
-3.38804
-3.38774
-3.3879
-3.38745
-3.38775
-3.38805
-3.38941
-3.38956
-3.39017
-3.39062
-3.39167
-3.39137
-3.39076
-3.39016
-3.39016
-3.38971
-3.3894
-3.38956
-3.39016
-3.39001
-3.39016
-3.39077
-3.38911
-3.38926
-3.38911
-3.38956
-3.39077
-3.39077
-3.39062
-3.39153
-3.39213
-3.39168
-3.39289
-3.39183
-3.39168
-3.39062
-3.39046
-3.39061
-3.39045
-3.3894
-3.38835
-3.38866
-3.38972
-3.39093
-3.39093
-3.39107
-3.39016
-3.38986
-3.38986
-3.39001
-3.39016
-3.39106
-3.39137
-3.39061
-3.39107
-3.39032
-3.39017
-3.39017
-3.39047
-3.39062
-3.39017
-3.39001
-3.39016
-3.39091
-3.39031
-3.39031
-3.3894
-3.38971
-3.39016
-3.3885
-3.38881
-3.38835
-3.3885
-3.38805
-3.38729
-3.38683
-3.38668
-3.38684
-3.38714
-3.38745
-3.38745
-3.3873
-3.38669
-3.38714
-3.38744
-3.38729
-3.38774
-3.38774
-3.3876
-3.38805
-3.38775
-3.3876
-3.3879
-3.38835
-3.3885
-3.3888
-3.38759
-3.38654
-3.38578
-3.38639
-3.38669
-3.38654
-3.38608
-3.38608
-3.38593
-3.38503
-3.38458
-3.38503
-3.38518
-3.38533
-3.38594
-3.38609
-3.38563
-3.38548
-3.38548
-3.38578
-3.38669
-3.38729
-3.38668
-3.38593
-3.38653
-3.38654
-3.38744
-3.38699
-3.3876
-3.38881
-3.38805
-3.38759
-3.38714
-3.38789
-3.38865
-3.38804
-3.3885
-3.3888
-3.38835
-3.38729
-3.38759
-3.3879
-3.38714
-3.38699
-3.38775
-3.38835
-3.38775
-3.3882
-3.38895
-3.38895
-3.3888
-3.3885
-3.3891
-3.38941
-3.3885
-3.3888
-3.38941
-3.39031
-3.39137
-3.39137
-3.39212
-3.39258
-3.39212
-3.39197
-3.39198
-3.39137
-3.39107
-3.38986
-3.39047
-3.39167
-3.39137
-3.39106
-3.39091
-3.39152
-3.39182
-3.39197
-3.39318
-3.39258
-3.39258
-3.39258
-3.39273
-3.39198
-3.39243
-3.39319
-3.39273
-3.39166
-3.39136
-3.39182
-3.39182
-3.39122
-3.39168
-3.39152
-3.39213
-3.39213
-3.39318
-3.39333
-3.39348
-3.39378
-3.39439
-3.39454
-3.39393
-3.39439
-3.39454
-3.39484
-3.39575
-3.39485
-3.3947
-3.39379
-3.39424
-3.39379
-3.39349
-3.39379
-3.39439
-3.39409
-3.39243
-3.39167
-3.39167
-3.39151
-3.39121
-3.39061
-3.39107
-3.39152
-3.39138
-3.39153
-3.39122
-3.38986
-3.3888
-3.38971
-3.39016
-3.39062
-3.38986
-3.39047
-3.39107
-3.39183
-3.39138
-3.39228
-3.39273
-3.39258
-3.39288
-3.39272
-3.39303
-3.39348
-3.39379
-3.39454
-3.395
-3.3944
-3.39364
-3.3935
-3.3935
-3.39214
-3.39244
-3.39259
-3.39213
-3.39198
-3.39153
-3.39183
-3.39137
-3.39046
-3.38986
-3.39016
-3.38895
-3.38805
-3.3882
-3.38956
-3.39017
-3.38941
-3.38926
-3.3888
-3.38835
-3.38774
-3.3888
-3.38895
-3.3882
-3.3891
-3.38941
-3.38971
-3.39046
-3.39031
-3.38986
-3.39107
-3.39122
-3.39122
-3.39152
-3.39031
-3.39077
-3.39077
-3.39017
-3.38971
-3.39032
-3.39062
-3.39077
-3.39152
-3.39137
-3.39167
-3.39152
-3.39137
-3.39032
-3.39017
-3.39002
-3.38972
-3.38896
-3.38851
-3.38866
-3.38896
-3.38881
-3.3888
-3.38895
-3.38789
-3.38804
-3.38836
-3.38866
-3.38761
-3.387
-3.38715
-3.3873
-3.38836
-3.38806
-3.3876
-3.38775
-3.38805
-3.38941
-3.39001
-3.39046
-3.39047
-3.38986
-3.38805
-3.38926
-3.38972
-3.38972
-3.38926
-3.38972
-3.39017
-3.39047
-3.39107
-3.39077
-3.39107
-3.39062
-3.39077
-3.39092
-3.39122
-3.39092
-3.39062
-3.39017
-3.39002
-3.39002
-3.39032
-3.39016
-3.38971
-3.39016
-3.38956
-3.39047
-3.39077
-3.39078
-3.39093
-3.39032
-3.38911
-3.39002
-3.38896
-3.38941
-3.38986
-3.38956
-3.39031
-3.38895
-3.38941
-3.39002
-3.39017
-3.39017
-3.38926
-3.38942
-3.38911
-3.38866
-3.38987
-3.39047
-3.39062
-3.39093
-3.39078
-3.39153
-3.39153
-3.39032
-3.39047
-3.39108
-3.39304
-3.39259
-3.39243
-3.39304
-3.39213
-3.39288
-3.39198
-3.39138
-3.39138
-3.39138
-3.39093
-3.39063
-3.39048
-3.39093
-3.39047
-3.39047
-3.39062
-3.38941
-3.38972
-3.38911
-3.38972
-3.38972
-3.38972
-3.39002
-3.38971
-3.39002
-3.39108
-3.39198
-3.39274
-3.39259
-3.39259
-3.39244
-3.39199
-3.39199
-3.39214
-3.39243
-3.39228
-3.39258
-3.39032
-3.39137
-3.39092
-3.39078
-3.39108
-3.39078
-3.38987
-3.39108
-3.39062
-3.39047
-3.39002
-3.38972
-3.38851
-3.38972
-3.38972
-3.38957
-3.38972
-3.39017
-3.39078
-3.39032
-3.38987
-3.39002
-3.38866
-3.38896
-3.38866
-3.38866
-3.38866
-3.38897
-3.38912
-3.38912
-3.38911
-3.38866
-3.38866
-3.38821
-3.387
-3.38625
-3.38745
-3.38745
-3.38775
-3.38745
-3.38806
-3.38806
-3.38715
-3.38715
-3.3873
-3.38775
-3.38745
-3.3876
-3.38745
-3.38715
-3.387
-3.38805
-3.38926
-3.38896
-3.38836
-3.38836
-3.38821
-3.38835
-3.38835
-3.3885
-3.38806
-3.38761
-3.38685
-3.387
-3.38715
-3.38806
-3.38881
-3.38791
-3.3876
-3.38866
-3.38866
-3.38881
-3.38926
-3.38957
-3.39033
-3.39048
-3.39033
-3.38972
-3.39002
-3.38987
-3.38911
-3.38911
-3.38986
-3.38956
-3.38971
-3.39077
-3.39093
-3.39214
-3.39244
-3.39259
-3.39213
-3.39229
-3.39289
-3.3935
-3.39349
-3.3938
-3.39274
-3.39274
-3.39228
-3.39289
-3.39334
-3.39274
-3.39213
-3.39259
-3.39244
-3.39123
-3.39123
-3.39032
-3.39017
-3.39062
-3.39152
-3.39137
-3.39031
-3.3891
-3.3888
-3.38926
-3.39001
-3.3882
-3.38836
-3.38851
-3.38881
-3.38821
-3.38881
-3.38912
-3.38912
-3.38745
-3.3879
-3.3879
-3.38729
-3.38804
-3.3894
-3.3891
-3.39001
-3.39062
-3.39062
-3.38957
-3.38912
-3.38836
-3.38896
-3.38927
-3.38866
-3.38941
-3.38926
-3.38911
-3.3885
-3.3879
-3.38851
-3.38881
-3.38836
-3.38791
-3.38685
-3.3867
-3.38715
-3.38715
-3.38669
-3.38638
-3.38684
-3.38624
-3.38716
-3.38746
-3.38776
-3.38791
-3.38745
-3.3879
-3.38775
-3.38805
-3.3879
-3.3876
-3.3873
-3.38836
-3.38926
-3.38836
-3.3876
-3.38851
-3.38836
-3.38941
-3.38956
-3.38926
-3.39032
-3.39107
-3.39092
-3.39062
-3.39032
-3.38987
-3.38942
-3.38987
-3.38972
-3.38987
-3.38987
-3.38971
-3.39031
-3.39122
-3.39168
-3.39107
-3.39002
-3.38941
-3.38972
-3.38926
-3.38896
-3.38956
-3.38956
-3.38896
-3.38836
-3.38851
-3.38896
-3.38911
-3.38851
-3.38941
-3.38956
-3.38956
-3.39032
-3.38896
-3.3885
-3.38911
-3.39032
-3.39093
-3.39138
-3.39153
-3.39123
-3.39107
-3.39062
-3.3888
-3.3888
-3.38881
-3.39002
-3.39002
-3.38942
-3.38972
-3.38881
-3.38835
-3.3885
-3.38866
-3.38866
-3.38806
-3.387
-3.38654
-3.38685
-3.3873
-3.38685
-3.38685
-3.3876
-3.38715
-3.3873
-3.38775
-3.38821
-3.3876
-3.38699
-3.38654
-3.38745
-3.3876
-3.38791
-3.38761
-3.38655
-3.38655
-3.38609
-3.3864
-3.3873
-3.38715
-3.38836
-3.38821
-3.38852
-3.38942
-3.38942
-3.38957
-3.38852
-3.38791
-3.38791
-3.3879
-3.3876
-3.38745
-3.38851
-3.38927
-3.38957
-3.39048
-3.39138
-3.39244
-3.39274
-3.39335
-3.39426
-3.39395
-3.3935
-3.3941
-3.39274
-3.39199
-3.39229
-3.39259
-3.39259
-3.39259
-3.39304
-3.39319
-3.39334
-3.39289
-3.39243
-3.39183
-3.39228
-3.39123
-3.39229
-3.39289
-3.39259
-3.39259
-3.39305
-3.39199
-3.39229
-3.39365
-3.39486
-3.39576
-3.3947
-3.39425
-3.39485
-3.39591
-3.39591
-3.39606
-3.3953
-3.3947
-3.39349
-3.39319
-3.39319
-3.39319
-3.39304
-3.39289
-3.39289
-3.39183
-3.39244
-3.39304
-3.39395
-3.39349
-3.39243
-3.39274
-3.39259
-3.39138
-3.39138
-3.39153
-3.39047
-3.39092
-3.39168
-3.39137
-3.39183
-3.39153
-3.39168
-3.39214
-3.39153
-3.3935
-3.3929
-3.3932
-3.39259
-3.39304
-3.39365
-3.39425
-3.39485
-3.3947
-3.39395
-3.39486
-3.3944
-3.3935
-3.39395
-3.39229
-3.3932
-3.39274
-3.39289
-3.39229
-3.39244
-3.39395
-3.3938
-3.39456
-3.39426
-3.39411
-3.39395
-3.39471
-3.39411
-3.39426
-3.3938
-3.3935
-3.39365
-3.39349
-3.39304
-3.3935
-3.3932
-3.3941
-3.39486
-3.39501
-3.39365
-3.39395
-3.3932
-3.39366
-3.39335
-3.39245
-3.3932
-3.3938
-3.3932
-3.39395
-3.3944
-3.39365
-3.3941
-3.3935
-3.39214
-3.39199
-3.39109
-3.39154
-3.39139
-3.39108
-3.39169
-3.39153
-3.39168
-3.39214
-3.39169
-3.39139
-3.39139
-3.39048
-3.39078
-3.39018
-3.38972
-3.38866
-3.38927
-3.38912
-3.38942
-3.38957
-3.38957
-3.38957
-3.39003
-3.39108
-3.39063
-3.39184
-3.39169
-3.39108
-3.39048
-3.39078
-3.39018
-3.39048
-3.38942
-3.38866
-3.38897
-3.39018
-3.38912
-3.38897
-3.38867
-3.38912
-3.38942
-3.38897
-3.38837
-3.38837
-3.38822
-3.38867
-3.38897
-3.38927
-3.38958
-3.38882
-3.39033
-3.39003
-3.38927
-3.39018
-3.39003
-3.39003
-3.39094
-3.39109
-3.39169
-3.392
-3.39154
-3.39079
-3.39109
-3.39124
-3.39124
-3.39109
-3.39034
-3.39064
-3.39109
-3.39033
-3.39094
-3.39245
-3.3923
-3.3926
-3.3917
-3.392
-3.392
-3.39139
-3.39185
-3.39154
-3.39139
-3.39155
-3.39049
-3.39003
-3.38973
-3.38973
-3.39049
-3.39109
-3.39094
-3.39125
-3.39079
-3.39034
-3.39125
-3.3923
-3.39154
-3.3923
-3.39063
-3.38897
-3.38867
-3.38897
-3.38943
-3.38958
-3.38928
-3.39034
-3.39034
-3.39185
-3.39185
-3.39094
-3.39064
-3.39079
-3.3917
-3.39215
-3.3923
-3.3923
-3.3911
-3.3911
-3.39049
-3.38928
-3.38943
-3.38989
-3.38989
-3.38958
-3.39034
-3.39019
-3.39004
-3.38943
-3.38792
-3.38686
-3.38732
-3.38686
-3.38747
-3.38747
-3.38732
-3.38777
-3.38656
-3.38732
-3.38747
-3.38807
-3.38792
-3.38792
-3.38807
-3.38807
-3.38777
-3.38822
-3.38792
-3.38822
-3.38792
-3.38792
-3.38747
-3.38732
-3.38626
-3.38716
-3.38792
-3.38701
-3.38747
-3.38732
-3.38792
-3.38747
-3.38823
-3.38823
-3.38868
-3.38868
-3.38913
-3.38883
-3.38958
-3.39004
-3.38958
-3.38883
-3.38792
-3.38883
-3.38898
-3.38853
-3.38807
-3.38883
-3.38867
-3.38852
-3.38822
-3.38761
-3.3864
-3.38746
-3.38822
-3.38868
-3.38914
-3.38793
-3.38793
-3.38853
-3.38792
-3.38747
-3.38883
-3.38777
-3.38731
-3.38746
-3.38792
-3.38867
-3.38883
-3.38883
-3.38853
-3.38898
-3.38868
-3.38898
-3.38867
-3.38807
-3.38807
-3.38958
-3.39064
-3.39003
-3.39018
-3.39004
-3.38913
-3.39004
-3.39004
-3.38974
-3.38974
-3.38868
-3.38792
-3.38762
-3.38792
-3.38747
-3.38702
-3.38808
-3.38792
-3.38837
-3.38837
-3.38852
-3.38852
-3.38913
-3.38943
-3.38974
-3.38958
-3.39034
-3.38958
-3.39018
-3.39094
-3.39124
-3.39109
-3.39049
-3.3908
-3.39095
-3.39125
-3.39079
-3.38958
-3.39064
-3.39094
-3.39154
-3.39169
-3.39139
-3.39109
-3.39109
-3.39155
-3.39125
-3.39185
-3.39231
-3.39216
-3.39367
-3.39276
-3.39276
-3.39246
-3.39215
-3.39155
-3.39124
-3.39079
-3.39124
-3.39125
-3.39019
-3.3911
-3.3908
-3.3908
-3.39004
-3.39004
-3.38944
-3.39004
-3.38959
-3.39049
-3.38943
-3.38913
-3.38898
-3.38944
-3.38868
-3.38763
-3.38717
-3.38718
-3.38748
-3.38778
-3.38717
-3.38747
-3.38702
-3.38732
-3.38687
-3.38732
-3.38732
-3.38732
-3.38702
-3.38627
-3.38763
-3.38763
-3.38688
-3.38673
-3.38672
-3.38687
-3.38717
-3.38672
-3.38657
-3.38702
-3.38733
-3.38763
-3.38733
-3.38703
-3.38688
-3.38733
-3.38718
-3.38733
-3.38793
-3.38763
-3.38793
-3.38794
-3.38763
-3.38899
-3.3905
-3.39065
-3.39141
-3.39156
-3.3914
-3.39216
-3.39246
-3.39261
-3.39337
-3.39367
-3.39352
-3.39413
-3.39352
-3.39307
-3.39261
-3.39307
-3.39397
-3.39503
-3.39337
-3.39322
-3.39276
-3.39397
-3.39322
-3.39216
-3.392
-3.39336
-3.39246
-3.39231
-3.39216
-3.39247
-3.39307
-3.39292
-3.39307
-3.39277
-3.39352
-3.39397
-3.39337
-3.39201
-3.39216
-3.39171
-3.39186
-3.39186
-3.39201
-3.39201
-3.39216
-3.39292
-3.39201
-3.39186
-3.3911
-3.39019
-3.39065
-3.3905
-3.39065
-3.39156
-3.39232
-3.39186
-3.39095
-3.39035
-3.39035
-3.38989
-3.38944
-3.38762
-3.38869
-3.38824
-3.38824
-3.38764
-3.38764
-3.38673
-3.38597
-3.38521
-3.38597
-3.38702
-3.38747
-3.38807
-3.38898
-3.38913
-3.38944
-3.39005
-3.39096
-3.39157
-3.39217
-3.39186
-3.39156
-3.39171
-3.39111
-3.39156
-3.39156
-3.39201
-3.39126
-3.39231
-3.39231
-3.39171
-3.39231
-3.39126
-3.39156
-3.39202
-3.39126
-3.39217
-3.39262
-3.39277
-3.39292
-3.39262
-3.39186
-3.39186
-3.39232
-3.39292
-3.39247
-3.39217
-3.39216
-3.39126
-3.3905
-3.39156
-3.39216
-3.39201
-3.39337
-3.39322
-3.39232
-3.39186
-3.39141
-3.39156
-3.39171
-3.39126
-3.39262
-3.39186
-3.39065
-3.39126
-3.39156
-3.39156
-3.39126
-3.39066
-3.39051
-3.39081
-3.39186
-3.39186
-3.39292
-3.39307
-3.39367
-3.39367
-3.39337
-3.39262
-3.39201
-3.3905
-3.39247
-3.39217
-3.39232
-3.39156
-3.39217
-3.39292
-3.39353
-3.39368
-3.39458
-3.39609
-3.39564
-3.39609
-3.39564
-3.39458
-3.39352
-3.39382
-3.39398
-3.39382
-3.39443
-3.39367
-3.39277
-3.39186
-3.39337
-3.39383
-3.39383
-3.39353
-3.39247
-3.39263
-3.39263
-3.39142
-3.39096
-3.39051
-3.39036
-3.39081
-3.39081
-3.3905
-3.39066
-3.39005
-3.38975
-3.3896
-3.39021
-3.39066
-3.39051
-3.39111
-3.39202
-3.39186
-3.39201
-3.39156
-3.39232
-3.39141
-3.39096
-3.39141
-3.39141
-3.39111
-3.39111
-3.39202
-3.39323
-3.39429
-3.39353
-3.39368
-3.39383
-3.39278
-3.39293
-3.39247
-3.39172
-3.39232
-3.39187
-3.39247
-3.39247
-3.39202
-3.39202
-3.39127
-3.39051
-3.38976
-3.38885
-3.38885
-3.39081
-3.39126
-3.39202
-3.39202
-3.39217
-3.39308
-3.39232
-3.39278
-3.39278
-3.39368
-3.39308
-3.39308
-3.39353
-3.39293
-3.39172
-3.39217
-3.39172
-3.39081
-3.39081
-3.39051
-3.3896
-3.3899
-3.39036
-3.38945
-3.39036
-3.38945
-3.39021
-3.39021
-3.39066
-3.39081
-3.38991
-3.39036
-3.39172
-3.39187
-3.39127
-3.39202
-3.39218
-3.39217
-3.39308
-3.39338
-3.39383
-3.39413
-3.39383
-3.3955
-3.39625
-3.39565
-3.39534
-3.39429
-3.39474
-3.39534
-3.39519
-3.39595
-3.3958
-3.39504
-3.39534
-3.39504
-3.39429
-3.39384
-3.39414
-3.39383
-3.39323
-3.39217
-3.39141
-3.39156
-3.39126
-3.3899
-3.39066
-3.3896
-3.38991
-3.38991
-3.38976
-3.38991
-3.39006
-3.38991
-3.39036
-3.39172
-3.39111
-3.39066
-3.39171
-3.39202
-3.39111
-3.39126
-3.39081
-3.39036
-3.39096
-3.39156
-3.3896
-3.38975
-3.39081
-3.39021
-3.39081
-3.38975
-3.38915
-3.389
-3.38869
-3.3893
-3.3893
-3.3887
-3.3896
-3.38945
-3.38945
-3.3896
-3.3887
-3.38885
-3.38855
-3.38855
-3.38825
-3.3887
-3.38855
-3.38794
-3.3896
-3.3896
-3.39006
-3.38915
-3.38899
-3.38884
-3.38959
-3.3902
-3.39005
-3.38945
-3.38945
-3.38945
-3.3887
-3.38809
-3.38734
-3.38628
-3.38719
-3.3884
-3.38885
-3.38916
-3.38916
-3.38825
-3.38779
-3.38749
-3.389
-3.38839
-3.38884
-3.38914
-3.38884
-3.3905
-3.38975
-3.3893
-3.3896
-3.39006
-3.39157
-3.39278
-3.39293
-3.39384
-3.39323
-3.39278
-3.39127
-3.39005
-3.3902
-3.39081
-3.3905
-3.39065
-3.39126
-3.39081
-3.39051
-3.39021
-3.39066
-3.38991
-3.38976
-3.3887
-3.38915
-3.3896
-3.38899
-3.38823
-3.38824
-3.38793
-3.38763
-3.38582
-3.38537
-3.38582
-3.38552
-3.38613
-3.38719
-3.38824
-3.38764
-3.38809
-3.38764
-3.38763
-3.38673
-3.38642
-3.38673
-3.38658
-3.38778
-3.38794
-3.38809
-3.38794
-3.38839
-3.38794
-3.38718
-3.38794
-3.38885
-3.3887
-3.38915
-3.38779
-3.38839
-3.38839
-3.38854
-3.38854
-3.38809
-3.38824
-3.38854
-3.38793
-3.38718
-3.38794
-3.38824
-3.38839
-3.38855
-3.38809
-3.38764
-3.38794
-3.38809
-3.38794
-3.38854
-3.38809
-3.38764
-3.38718
-3.38688
-3.38643
-3.38597
-3.38582
-3.38507
-3.38582
-3.38628
-3.38612
-3.38642
-3.38627
-3.38718
-3.38748
-3.38794
-3.38824
-3.3887
-3.38779
-3.38658
-3.38734
-3.38749
-3.38748
-3.38869
-3.38839
-3.38824
-3.38899
-3.3896
-3.389
-3.38854
-3.38854
-3.38749
-3.38824
-3.38839
-3.38855
-3.3896
-3.39036
-3.39051
-3.39096
-3.39036
-3.39096
-3.39051
-3.39157
-3.39141
-3.39066
-3.39066
-3.39096
-3.39217
-3.39217
-3.39307
-3.39247
-3.39232
-3.39307
-3.39262
-3.39398
-3.39383
-3.39368
-3.39399
-3.39368
-3.39368
-3.39308
-3.39368
-3.39338
-3.39383
-3.39353
-3.39489
-3.39565
-3.39564
-3.39579
-3.39443
-3.39428
-3.39458
-3.39413
-3.39519
-3.39564
-3.3961
-3.39519
-3.39474
-3.39625
-3.3967
-3.39564
-3.39625
-3.3961
-3.39564
-3.39504
-3.39458
-3.39473
-3.39368
-3.39413
-3.39383
-3.39353
-3.39293
-3.39369
-3.39308
-3.39232
-3.39277
-3.39322
-3.39383
-3.39262
-3.39232
-3.39232
-3.39157
-3.39202
-3.39187
-3.39232
-3.39202
-3.39142
-3.39096
-3.39051
-3.39021
-3.39051
-3.39037
-3.38931
-3.3881
-3.3884
-3.3887
-3.38779
-3.38748
-3.38808
-3.38809
-3.38809
-3.38795
-3.3884
-3.3884
-3.38976
-3.3884
-3.38886
-3.38916
-3.3884
-3.3881
-3.3881
-3.3893
-3.3896
-3.39021
-3.389
-3.39006
-3.39036
-3.38945
-3.3887
-3.38734
-3.38795
-3.38901
-3.38961
-3.38946
-3.39021
-3.39036
-3.39112
-3.39203
-3.39142
-3.39142
-3.39081
-3.39066
-3.39081
-3.39172
-3.39262
-3.39278
-3.39233
-3.39324
-3.39309
-3.39309
-3.39324
-3.39248
-3.39188
-3.39157
-3.39233
-3.39158
-3.39157
-3.39218
-3.39172
-3.39157
-3.39172
-3.39157
-3.39127
-3.39112
-3.39112
-3.39188
-3.39157
-3.39142
-3.39157
-3.39218
-3.39203
-3.39158
-3.39188
-3.39233
-3.39263
-3.39324
-3.39339
-3.39323
-3.39354
-3.39384
-3.39248
-3.39203
-3.39218
-3.39203
-3.39264
-3.39188
-3.39097
-3.39112
-3.39142
-3.39203
-3.39248
-3.39324
-3.39384
-3.39399
-3.39444
-3.39399
-3.39444
-3.39354
-3.39263
-3.39415
-3.39445
-3.3943
-3.39279
-3.39203
-3.39324
-3.39293
-3.39233
-3.39324
-3.39309
-3.39294
-3.39233
-3.39188
-3.39112
-3.39022
-3.39067
-3.39022
-3.39082
-3.39127
-3.39128
-3.39173
-3.39143
-3.39128
-3.39188
-3.39233
-3.39293
-3.39233
-3.39187
-3.39127
-3.39112
-3.39052
-3.38946
-3.3878
-3.3884
-3.3887
-3.38916
-3.389
-3.38961
-3.38961
-3.38946
-3.38885
-3.38961
-3.39006
-3.38946
-3.38961
-3.39067
-3.39007
-3.39006
-3.39036
-3.38976
-3.3899
-3.39006
-3.39021
-3.39036
-3.39022
-3.38931
-3.38916
-3.38901
-3.3884
-3.38946
-3.3881
-3.38765
-3.38644
-3.38629
-3.38689
-3.38689
-3.38629
-3.38644
-3.38674
-3.38764
-3.38825
-3.38915
-3.3893
-3.38931
-3.38991
-3.38991
-3.38931
-3.38961
-3.38765
-3.38765
-3.3887
-3.389
-3.38931
-3.38961
-3.39052
-3.38931
-3.38871
-3.38855
-3.38719
-3.38749
-3.38764
-3.38749
-3.38674
-3.38674
-3.38719
-3.3884
-3.3884
-3.38794
-3.38719
-3.38719
-3.38704
-3.3884
-3.38856
-3.3878
-3.38795
-3.38825
-3.38825
-3.38854
-3.38778
-3.38778
-3.38808
-3.38688
-3.38673
-3.38733
-3.38733
-3.38673
-3.38628
-3.38613
-3.38567
-3.38567
-3.38613
-3.38658
-3.38597
-3.38582
-3.38628
-3.38658
-3.38627
-3.38703
-3.38764
-3.38719
-3.38734
-3.38764
-3.38703
-3.38688
-3.38628
-3.38733
-3.38733
-3.38718
-3.38839
-3.38763
-3.38809
-3.38884
-3.38914
-3.38884
-3.38899
-3.38884
-3.3896
-3.38854
-3.38899
-3.38823
-3.38808
-3.38778
-3.38809
-3.38794
-3.38794
-3.38854
-3.38779
-3.38794
-3.38794
-3.38914
-3.38944
-3.3905
-3.38974
-3.38808
-3.38793
-3.38838
-3.38778
-3.38823
-3.38808
-3.38854
-3.38899
-3.38884
-3.38839
-3.38914
-3.38853
-3.38763
-3.38823
-3.38838
-3.38914
-3.38914
-3.38838
-3.38869
-3.38793
-3.38763
-3.38763
-3.38839
-3.38824
-3.38718
-3.38718
-3.38673
-3.38703
-3.38764
-3.38764
-3.38839
-3.38688
-3.38733
-3.38747
-3.38672
-3.38551
-3.38566
-3.38581
-3.38627
-3.38627
-3.38567
-3.38764
-3.38703
-3.38793
-3.38899
-3.38974
-3.38974
-3.39004
-3.3902
-3.38944
-3.3899
-3.39065
-3.39095
-3.39035
-3.3905
-3.3902
-3.39095
-3.3902
-3.38884
-3.38823
-3.38793
-3.38884
-3.38884
-3.38914
-3.38914
-3.38929
-3.38974
-3.3911
-3.39064
-3.39065
-3.3914
-3.39171
-3.39186
-3.3908
-3.39125
-3.39125
-3.39034
-3.3905
-3.3911
-3.3908
-3.39171
-3.3902
-3.39035
-3.3905
-3.38989
-3.39019
-3.39049
-3.38989
-3.38989
-3.39019
-3.38913
-3.38868
-3.38763
-3.38657
-3.38687
-3.38657
-3.38672
-3.38687
-3.38672
-3.38687
-3.38717
-3.38657
-3.38626
-3.38793
-3.38762
-3.38793
-3.38823
-3.38944
-3.38899
-3.38868
-3.38869
-3.38823
-3.38839
-3.38839
-3.38869
-3.38899
-3.3899
-3.39005
-3.3905
-3.38989
-3.3905
-3.39155
-3.39155
-3.39095
-3.39171
-3.39126
-3.39141
-3.39186
-3.39231
-3.39185
-3.39246
-3.392
-3.39246
-3.39306
-3.39382
-3.39473
-3.39322
-3.39232
-3.39171
-3.39186
-3.39246
-3.39201
-3.39156
-3.3908
-3.39065
-3.39095
-3.3905
-3.3899
-3.39005
-3.39005
-3.38975
-3.38944
-3.38974
-3.38974
-3.3911
-3.39171
-3.39246
-3.39292
-3.39201
-3.39246
-3.39262
-3.39216
-3.39231
-3.39216
-3.3908
-3.39156
-3.39171
-3.39171
-3.39216
-3.39246
-3.39155
-3.3914
-3.39141
-3.39186
-3.39035
-3.3899
-3.3896
-3.3896
-3.38975
-3.39005
-3.38884
-3.38945
-3.3899
-3.3902
-3.3896
-3.3893
-3.389
-3.3896
-3.3896
-3.3905
-3.39156
-3.39201
-3.39262
-3.39307
-3.39323
-3.39217
-3.39263
-3.39263
-3.39444
-3.39535
-3.3949
-3.3949
-3.39429
-3.39444
-3.39443
-3.39443
-3.39458
-3.39352
-3.39277
-3.39292
-3.39217
-3.39278
-3.39278
-3.39262
-3.39232
-3.39172
-3.39111
-3.39127
-3.39066
-3.39081
-3.39051
-3.39066
-3.39051
-3.39051
-3.39096
-3.39156
-3.39035
-3.39005
-3.3899
-3.38914
-3.38854
-3.38884
-3.38975
-3.38945
-3.38945
-3.38945
-3.38915
-3.38839
-3.38885
-3.38869
-3.38854
-3.38869
-3.38854
-3.38884
-3.38884
-3.38899
-3.38944
-3.38929
-3.38914
-3.38869
-3.3896
-3.3896
-3.39036
-3.39006
-3.38976
-3.39096
-3.39142
-3.39187
-3.39232
-3.39187
-3.39141
-3.39111
-3.3899
-3.3893
-3.3896
-3.38884
-3.389
-3.38945
-3.39066
-3.39111
-3.39111
-3.39142
-3.39127
-3.39112
-3.39293
-3.39308
-3.39338
-3.39323
-3.39368
-3.39368
-3.39383
-3.39277
-3.39231
-3.39217
-3.39292
-3.39278
-3.39308
-3.39308
-3.39263
-3.39248
-3.39263
-3.39233
-3.39353
-3.39368
-3.39323
-3.39308
-3.39232
-3.39172
-3.39081
-3.39081
-3.3899
-3.3893
-3.389
-3.3887
-3.39006
-3.39067
-3.39112
-3.39097
-3.39142
-3.39112
-3.39097
-3.39142
-3.3899
-3.3899
-3.38975
-3.39036
-3.38976
-3.3893
-3.38795
-3.38689
-3.38764
-3.38855
-3.38825
-3.38916
-3.38961
-3.38946
-3.38946
-3.38916
-3.38976
-3.38991
-3.39036
-3.39066
-3.39157
-3.39081
-3.39097
-3.39052
-3.39097
-3.39081
-3.39036
-3.39036
-3.38991
-3.39112
-3.39127
-3.39127
-3.39112
-3.39188
-3.39248
-3.39248
-3.39263
-3.39203
-3.39233
-3.39293
-3.39232
-3.39187
-3.39157
-3.39127
-3.39112
-3.39097
-3.39082
-3.39021
-3.38991
-3.39097
-3.39082
-3.39082
-3.39127
-3.39203
-3.39052
-3.39112
-3.39082
-3.39021
-3.38976
-3.38946
-3.38764
-3.38795
-3.38885
-3.3884
-3.3878
-3.38749
-3.38795
-3.3881
-3.38809
-3.38855
-3.38855
-3.38825
-3.3887
-3.38855
-3.3884
-3.3884
-3.3884
-3.38916
-3.39006
-3.39097
-3.39096
-3.3896
-3.39066
-3.3899
-3.38945
-3.38975
-3.39006
-3.39036
-3.39127
-3.39006
-3.39097
-3.39142
-3.39187
-3.39339
-3.39278
-3.39202
-3.39172
-3.39096
-3.39126
-3.39126
-3.39096
-3.39066
-3.39006
-3.38991
-3.38976
-3.38976
-3.38991
-3.39036
-3.39081
-3.39126
-3.39066
-3.3896
-3.38945
-3.3893
-3.3896
-3.39065
-3.3896
-3.38914
-3.389
-3.38945
-3.3893
-3.38885
-3.38794
-3.38734
-3.38734
-3.38824
-3.3893
-3.38945
-3.38915
-3.38945
-3.3896
-3.39005
-3.38975
-3.3902
-3.38975
-3.38929
-3.38854
-3.38824
-3.38884
-3.39005
-3.39036
-3.39096
-3.39142
-3.39142
-3.39036
-3.39172
-3.39186
-3.39171
-3.39307
-3.39277
-3.39277
-3.39262
-3.39262
-3.39383
-3.39353
-3.39353
-3.39338
-3.39398
-3.39308
-3.39202
-3.39111
-3.39005
-3.39126
-3.39141
-3.39156
-3.39231
-3.39216
-3.39231
-3.39156
-3.39246
-3.39231
-3.39232
-3.39217
-3.39247
-3.39141
-3.39096
-3.39095
-3.39065
-3.38974
-3.38974
-3.38974
-3.38914
-3.38914
-3.38808
-3.38884
-3.38854
-3.38824
-3.38809
-3.38718
-3.38673
-3.38582
-3.38522
-3.38552
-3.38506
-3.38461
-3.38446
-3.38431
-3.38416
-3.38446
-3.38506
-3.38551
-3.38551
-3.38612
-3.38597
-3.38688
-3.38642
-3.38582
-3.38703
-3.38582
-3.38597
-3.38672
-3.38657
-3.38566
-3.38581
-3.38551
-3.38551
-3.38521
-3.38536
-3.38552
-3.38597
-3.38597
-3.38703
-3.38658
-3.38657
-3.38567
-3.38566
-3.38626
-3.38566
-3.38551
-3.38671
-3.38747
-3.38793
-3.38778
-3.38854
-3.38824
-3.38884
-3.38854
-3.38839
-3.38884
-3.38839
-3.38823
-3.38853
-3.38793
-3.38748
-3.38717
-3.38642
-3.38431
-3.38521
-3.38597
-3.38491
-3.384
-3.3846
-3.38506
-3.38475
-3.3846
-3.38551
-3.38627
-3.38687
-3.38702
-3.38702
-3.38642
-3.38581
-3.38461
-3.3843
-3.38445
-3.38476
-3.38536
-3.38581
-3.38551
-3.38611
-3.38581
-3.38642
-3.38808
-3.38823
-3.38853
-3.38823
-3.38868
-3.38929
-3.38899
-3.38899
-3.38929
-3.38974
-3.38944
-3.38944
-3.3911
-3.39095
-3.39065
-3.38929
-3.3902
-3.3905
-3.39005
-3.3911
-3.38974
-3.38974
-3.38959
-3.38853
-3.38838
-3.38702
-3.38808
-3.38823
-3.38747
-3.38823
-3.38868
-3.38672
-3.38838
-3.38838
-3.38793
-3.38763
-3.38748
-3.38748
-3.38824
-3.38839
-3.38793
-3.38808
-3.38868
-3.38943
-3.38822
-3.38808
-3.38854
-3.38718
-3.38673
-3.38793
-3.38657
-3.38687
-3.38657
-3.38687
-3.38763
-3.38808
-3.38838
-3.38808
-3.38778
-3.38838
-3.38733
-3.38733
-3.38838
-3.38868
-3.38778
-3.38853
-3.39035
-3.3905
-3.39095
-3.39035
-3.39005
-3.38989
-3.38959
-3.39034
-3.39004
-3.38989
-3.38989
-3.38868
-3.38823
-3.38838
-3.38929
-3.38959
-3.3899
-3.3902
-3.3908
-3.39231
-3.392
-3.39276
-3.39366
-3.39397
-3.39427
-3.39457
-3.39382
-3.39397
-3.39366
-3.3923
-3.39276
-3.39261
-3.39337
-3.39457
-3.39427
-3.39367
-3.39442
-3.39502
-3.39487
-3.39427
-3.39397
-3.39397
-3.39458
-3.39412
-3.39442
-3.39442
-3.39337
-3.39322
-3.39352
-3.39322
-3.39276
-3.39261
-3.39306
-3.39382
-3.39397
-3.39261
-3.39337
-3.39443
-3.39473
-3.39443
-3.39473
-3.39488
-3.39382
-3.39382
-3.39291
-3.39322
-3.39246
-3.39201
-3.3911
-3.39095
-3.39035
-3.39141
-3.39126
-3.39035
-3.39005
-3.39095
-3.3905
-3.38959
-3.38989
-3.38898
-3.38868
-3.38883
-3.38989
-3.38974
-3.38959
-3.39019
-3.3911
-3.3908
-3.39065
-3.3911
-3.3914
-3.39171
-3.39125
-3.39035
-3.38989
-3.39004
-3.38898
-3.38943
-3.38943
-3.39034
-3.39004
-3.3908
-3.39141
-3.39141
-3.39125
-3.39095
-3.3917
-3.3914
-3.3911
-3.39155
-3.3917
-3.39049
-3.39065
-3.3911
-3.39079
-3.39139
-3.3917
-3.3923
-3.3911
-3.39095
-3.39125
-3.39186
-3.39156
-3.39125
-3.3908
-3.39095
-3.3914
-3.39109
-3.39064
-3.39019
-3.38958
-3.38958
-3.38928
-3.38898
-3.38777
-3.38883
-3.38913
-3.38974
-3.38943
-3.38883
-3.38732
-3.38717
-3.38732
-3.38717
-3.38626
-3.3852
-3.38475
-3.3849
-3.38536
-3.3852
-3.38596
-3.38611
-3.38566
-3.38536
-3.38687
-3.38688
-3.38687
-3.38778
-3.38747
-3.38746
-3.38777
-3.38732
-3.38777
-3.38822
-3.38913
-3.38989
-3.39049
-3.39155
-3.39201
-3.39216
-3.392
-3.39155
-3.39109
-3.39109
-3.39185
-3.39154
-3.39124
-3.39094
-3.39064
-3.39079
-3.39094
-3.39109
-3.3917
-3.39215
-3.39185
-3.392
-3.39215
-3.39155
-3.39139
-3.39094
-3.39154
-3.39245
-3.39169
-3.39245
-3.39245
-3.39124
-3.39094
-3.3917
-3.39185
-3.39094
-3.39185
-3.39109
-3.39185
-3.39245
-3.3923
-3.39275
-3.39154
-3.392
-3.39215
-3.39215
-3.39245
-3.39291
-3.3923
-3.39276
-3.39321
-3.3932
-3.3926
-3.39245
-3.39093
-3.39048
-3.38973
-3.38927
-3.38837
-3.39049
-3.39079
-3.39049
-3.38944
-3.38853
-3.38853
-3.38883
-3.38928
-3.38988
-3.39109
-3.39079
-3.39079
-3.392
-3.39185
-3.39184
-3.3923
-3.39215
-3.39094
-3.39124
-3.39169
-3.39245
-3.39215
-3.3923
-3.3932
-3.39411
-3.39441
-3.39441
-3.39395
-3.3932
-3.39275
-3.39214
-3.3926
-3.3929
-3.39245
-3.39245
-3.3923
-3.39124
-3.39185
-3.392
-3.39125
-3.39185
-3.39049
-3.38958
-3.38897
-3.38912
-3.38927
-3.38746
-3.38761
-3.38822
-3.38747
-3.38747
-3.38717
-3.38732
-3.38808
-3.38808
-3.38868
-3.38958
-3.39064
-3.38989
-3.39064
-3.39065
-3.39065
-3.3908
-3.39065
-3.39049
-3.39079
-3.39049
-3.39094
-3.3917
-3.39124
-3.39094
-3.39125
-3.39231
-3.39276
-3.39337
-3.39307
-3.39352
-3.39276
-3.39291
-3.39352
-3.39337
-3.39352
-3.39306
-3.39366
-3.39412
-3.39426
-3.39472
-3.39578
-3.39457
-3.39336
-3.39397
-3.39367
-3.39382
-3.39322
-3.3914
-3.39095
-3.39125
-3.39215
-3.39336
-3.39321
-3.39367
-3.39382
-3.39382
-3.39488
-3.39473
-3.39397
-3.39382
-3.39397
-3.39261
-3.39231
-3.39261
-3.39321
-3.39291
-3.39412
-3.39367
-3.39351
-3.39367
-3.39352
-3.39412
-3.39367
-3.39412
-3.39427
-3.39458
-3.39382
-3.39367
-3.39367
-3.39216
-3.39216
-3.39261
-3.3923
-3.3926
-3.39155
-3.39155
-3.3917
-3.3917
-3.39125
-3.39065
-3.39065
-3.39125
-3.39004
-3.38974
-3.38959
-3.39034
-3.39034
-3.39064
-3.38974
-3.38974
-3.38898
-3.38928
-3.39019
-3.39019
-3.38989
-3.39019
-3.38959
-3.38944
-3.38929
-3.38883
-3.38808
-3.38808
-3.38747
-3.38747
-3.38701
-3.38716
-3.38837
-3.38882
-3.38897
-3.38852
-3.38943
-3.38958
-3.39019
-3.39049
-3.39079
-3.39095
-3.3917
-3.39079
-3.39034
-3.39019
-3.38943
-3.39004
-3.38898
-3.38943
-3.38958
-3.38913
-3.38973
-3.38958
-3.39049
-3.39064
-3.38958
-3.38988
-3.39079
-3.38973
-3.39124
-3.39245
-3.3914
-3.3914
-3.39215
-3.39245
-3.3926
-3.39275
-3.3926
-3.39381
-3.3935
-3.3932
-3.39411
-3.39245
-3.392
-3.3926
-3.3926
-3.3926
-3.3929
-3.39245
-3.3923
-3.3923
-3.39215
-3.39184
-3.3926
-3.39199
-3.39139
-3.39139
-3.39048
-3.39033
-3.38943
-3.38973
-3.39018
-3.38973
-3.38973
-3.38973
-3.38852
-3.38852
-3.38943
-3.38988
-3.38958
-3.38822
-3.38913
-3.38868
-3.38822
-3.38777
-3.38837
-3.38928
-3.38913
-3.38928
-3.38898
-3.38867
-3.38777
-3.38822
-3.38746
-3.38746
-3.38807
-3.38777
-3.38838
-3.38822
-3.38792
-3.38732
-3.38777
-3.38792
-3.38671
-3.38731
-3.38701
-3.38732
-3.38822
-3.38822
-3.38822
-3.38943
-3.38912
-3.38988
-3.39064
-3.39109
-3.39109
-3.39155
-3.39245
-3.3923
-3.3914
-3.38958
-3.38853
-3.38943
-3.38943
-3.38897
-3.38927
-3.39003
-3.39078
-3.39109
-3.39139
-3.39321
-3.39321
-3.39367
-3.39382
-3.39366
-3.39276
-3.39154
-3.39245
-3.3932
-3.3935
-3.39259
-3.39214
-3.39184
-3.39139
-3.39154
-3.39215
-3.39124
-3.39094
-3.3917
-3.39185
-3.39095
-3.39049
-3.39064
-3.39049
-3.39063
-3.39002
-3.39017
-3.39002
-3.39108
-3.39048
-3.39139
-3.39185
-3.39064
-3.39034
-3.38988
-3.38868
-3.38958
-3.38928
-3.38988
-3.39003
-3.38897
-3.38927
-3.39003
-3.39003
-3.39003
-3.38988
-3.39048
-3.39049
-3.39094
-3.39139
-3.39049
-3.39094
-3.39049
-3.39079
-3.39094
-3.39079
-3.38943
-3.38973
-3.39018
-3.38927
-3.38927
-3.38942
-3.38836
-3.38851
-3.38851
-3.38927
-3.38972
-3.38973
-3.38882
-3.38898
-3.38883
-3.38989
-3.39079
-3.39064
-3.3917
-3.39155
-3.392
-3.39154
-3.39244
-3.39123
-3.39078
-3.39094
-3.38988
-3.38973
-3.39033
-3.39079
-3.39154
-3.39124
-3.39109
-3.38988
-3.39018
-3.39033
-3.39018
-3.39018
-3.39003
-3.38973
-3.38958
-3.38973
-3.38943
-3.38821
-3.38806
-3.38851
-3.38761
-3.38806
-3.38942
-3.38882
-3.38761
-3.38882
-3.39003
-3.39018
-3.39019
-3.39064
-3.39064
-3.38973
-3.38913
-3.38958
-3.38928
-3.38928
-3.38883
-3.38792
-3.38776
-3.38761
-3.38806
-3.38671
-3.38626
-3.38626
-3.38747
-3.38747
-3.38853
-3.38988
-3.38973
-3.39049
-3.39064
-3.39139
-3.39184
-3.39154
-3.39214
-3.39214
-3.3923
-3.392
-3.39215
-3.39215
-3.3926
-3.39276
-3.39185
-3.3926
-3.39244
-3.39259
-3.3932
-3.3935
-3.3926
-3.39305
-3.39245
-3.39124
-3.3929
-3.39305
-3.39381
-3.39381
-3.39456
-3.39396
-3.3935
-3.39275
-3.3923
-3.39139
-3.39094
-3.39063
-3.38972
-3.38942
-3.38988
-3.39018
-3.38973
-3.39094
-3.39049
-3.39124
-3.39184
-3.39094
-3.39018
-3.38912
-3.38852
-3.38867
-3.38852
-3.38837
-3.38807
-3.38776
-3.38822
-3.38716
-3.3867
-3.387
-3.38821
-3.38836
-3.38731
-3.38806
-3.38837
-3.38807
-3.38882
-3.38913
-3.38852
-3.39003
-3.39124
-3.39048
-3.39048
-3.39048
-3.39093
-3.39078
-3.39078
-3.39124
-3.39109
-3.39124
-3.39245
-3.3929
-3.39441
-3.3941
-3.3938
-3.3932
-3.39396
-3.39411
-3.39395
-3.3935
-3.3935
-3.39289
-3.3932
-3.3938
-3.39426
-3.39426
-3.39426
-3.39426
-3.39426
-3.3935
-3.39244
-3.39199
-3.39199
-3.39259
-3.39229
-3.39214
-3.39183
-3.39048
-3.39169
-3.39184
-3.39229
-3.3929
-3.39305
-3.39275
-3.39275
-3.3929
-3.39275
-3.39275
-3.39305
-3.39274
-3.3932
-3.39365
-3.39289
-3.39259
-3.39214
-3.39184
-3.39214
-3.39229
-3.39275
-3.39245
-3.39229
-3.39244
-3.39275
-3.39275
-3.39274
-3.39335
-3.3932
-3.3935
-3.39365
-3.39335
-3.39396
-3.39381
-3.39441
-3.39396
-3.39365
-3.39396
-3.39486
-3.39426
-3.39456
-3.39426
-3.3938
-3.39471
-3.39441
-3.39365
-3.3929
-3.39365
-3.39365
-3.39411
-3.39486
-3.39562
-3.39577
-3.39532
-3.39411
-3.39472
-3.39502
-3.39305
-3.39244
-3.39274
-3.39289
-3.3932
-3.3932
-3.39335
-3.39335
-3.39411
-3.39411
-3.39395
-3.39365
-3.3935
-3.3932
-3.39336
-3.39306
-3.39321
-3.39215
-3.39199
-3.39305
-3.3929
-3.3926
-3.39229
-3.39214
-3.39199
-3.39154
-3.39139
-3.39169
-3.39169
-3.39184
-3.39245
-3.3929
-3.39139
-3.39184
-3.39124
-3.39048
-3.39094
-3.39139
-3.39154
-3.39078
-3.38912
-3.38912
-3.39033
-3.39048
-3.39094
-3.38988
-3.39048
-3.39018
-3.39063
-3.39124
-3.39109
-3.39094
-3.39139
-3.39139
-3.39124
-3.39078
-3.39123
-3.39048
-3.39047
-3.38927
-3.39002
-3.38942
-3.38912
-3.38927
-3.39048
-3.39033
-3.39032
-3.39093
-3.39032
-3.39093
-3.39063
-3.39048
-3.39108
-3.39199
-3.39184
-3.39139
-3.39229
-3.39153
-3.39093
-3.39048
-3.38987
-3.39017
-3.38927
-3.38881
-3.38927
-3.38912
-3.38957
-3.38866
-3.38911
-3.38866
-3.38791
-3.38791
-3.38806
-3.38852
-3.38867
-3.38837
-3.38973
-3.39078
-3.39033
-3.39048
-3.39002
-3.39017
-3.39063
-3.39123
-3.39093
-3.39108
-3.39063
-3.39199
-3.39139
-3.39184
-3.39154
-3.39154
-3.3926
-3.39184
-3.39215
-3.3929
-3.39366
-3.39411
-3.39395
-3.39395
-3.3941
-3.3938
-3.39455
-3.39335
-3.39274
-3.39244
-3.39063
-3.39093
-3.39154
-3.39259
-3.39123
-3.39123
-3.39108
-3.39184
-3.3926
-3.39199
-3.39319
-3.39228
-3.39183
-3.39229
-3.39259
-3.3932
-3.3935
-3.3941
-3.39244
-3.39275
-3.39411
-3.39456
-3.39441
-3.39517
-3.39516
-3.39516
-3.39546
-3.39486
-3.39562
-3.39517
-3.39502
-3.39441
-3.39396
-3.3932
-3.39334
-3.39395
-3.39349
-3.39334
-3.39244
-3.39229
-3.39244
-3.39335
-3.39305
-3.3938
-3.3932
-3.3929
-3.3926
-3.39154
-3.392
-3.39245
-3.39291
-3.39245
-3.3929
-3.39305
-3.3929
-3.3929
-3.3932
-3.39275
-3.39214
-3.39139
-3.39169
-3.39109
-3.39034
-3.39049
-3.39125
-3.39261
-3.39245
-3.39321
-3.39306
-3.39245
-3.39199
-3.39259
-3.39335
-3.39199
-3.39214
-3.39305
-3.39335
-3.3929
-3.39426
-3.39532
-3.39471
-3.39381
-3.39275
-3.3923
-3.39169
-3.39154
-3.39184
-3.39109
-3.39079
-3.39154
-3.39169
-3.39214
-3.39123
-3.39153
-3.39138
-3.39108
-3.38972
-3.39063
-3.38973
-3.39033
-3.39003
-3.39003
-3.38973
-3.39049
-3.39033
-3.38973
-3.38973
-3.38927
-3.38958
-3.38927
-3.39018
-3.39018
-3.39003
-3.38912
-3.38867
-3.38807
-3.38792
-3.38928
-3.38958
-3.38958
-3.38958
-3.39033
-3.39063
-3.39078
-3.39078
-3.39063
-3.39094
-3.39094
-3.39169
-3.39214
-3.39245
-3.39229
-3.39214
-3.39154
-3.39169
-3.39229
-3.39214
-3.39169
-3.39183
-3.39198
-3.39198
-3.39244
-3.39319
-3.39214
-3.39244
-3.39154
-3.39064
-3.39049
-3.39049
-3.38973
-3.38852
-3.38821
-3.38746
-3.38806
-3.38776
-3.38806
-3.38806
-3.38912
-3.38867
-3.38927
-3.38897
-3.38988
-3.38958
-3.39094
-3.39109
-3.39079
-3.39154
-3.39094
-3.39033
-3.39018
-3.38973
-3.38957
-3.38957
-3.38942
-3.38942
-3.38912
-3.38927
-3.38912
-3.38912
-3.38958
-3.38882
-3.38882
-3.38882
-3.38821
-3.38867
-3.38852
-3.38791
-3.38776
-3.38897
-3.38943
-3.38958
-3.38928
-3.39018
-3.38973
-3.39002
-3.39047
-3.39108
-3.39108
-3.39124
-3.39094
-3.39019
-3.38989
-3.39125
-3.39154
-3.39093
-3.39138
-3.3926
-3.3926
-3.39381
-3.39471
-3.39486
-3.39471
-3.39486
-3.39487
-3.39578
-3.39548
-3.39427
-3.39381
-3.3929
-3.39365
-3.39441
-3.3944
-3.39425
-3.39441
-3.39381
-3.39457
-3.39396
-3.39306
-3.39366
-3.39335
-3.39381
-3.39214
-3.39169
-3.39214
-3.39063
-3.39109
-3.39063
-3.39018
-3.39033
-3.39018
-3.38988
-3.38958
-3.39079
-3.39048
-3.39018
-3.38942
-3.38927
-3.38897
-3.38912
-3.38851
-3.38836
-3.38745
-3.38851
-3.38851
-3.38973
-3.38942
-3.38942
-3.38897
-3.38912
-3.38897
-3.38927
-3.38912
-3.38791
-3.38852
-3.38822
-3.38912
-3.38852
-3.38852
-3.38716
-3.387
-3.38746
-3.38821
-3.38806
-3.38851
-3.38867
-3.38882
-3.38897
-3.38837
-3.38882
-3.38912
-3.38987
-3.39033
-3.38897
-3.38806
-3.38746
-3.38731
-3.38701
-3.38701
-3.38821
-3.38806
-3.38821
-3.38761
-3.38761
-3.38791
-3.38791
-3.38897
-3.38943
-3.38867
-3.38806
-3.38821
-3.38821
-3.38791
-3.38897
-3.38957
-3.38911
-3.38866
-3.38942
-3.38957
-3.38973
-3.38943
-3.38928
-3.39019
-3.38973
-3.38973
-3.39049
-3.39018
-3.38988
-3.38987
-3.38987
-3.38911
-3.38866
-3.38836
-3.38836
-3.38806
-3.38912
-3.38973
-3.38928
-3.38897
-3.38897
-3.38927
-3.38942
-3.38927
-3.38881
-3.38806
-3.38776
-3.38776
-3.38836
-3.38836
-3.38731
-3.38837
-3.38837
-3.38943
-3.38912
-3.39003
-3.39018
-3.39078
-3.39033
-3.39002
-3.39078
-3.39018
-3.39049
-3.39049
-3.39019
-3.39154
-3.39109
-3.39139
-3.39093
-3.39154
-3.39138
-3.39048
-3.39063
-3.39079
-3.39034
-3.38958
-3.39034
-3.39049
-3.39184
-3.39198
-3.39213
-3.39153
-3.39139
-3.3914
-3.39125
-3.39019
-3.39064
-3.38973
-3.38972
-3.39032
-3.39017
-3.39123
-3.39123
-3.39184
-3.39229
-3.39214
-3.39335
-3.39381
-3.39411
-3.39426
-3.39456
-3.39456
-3.39486
-3.39531
-3.39576
-3.39682
-3.39697
-3.39682
-3.39652
-3.39697
-3.39682
-3.39683
-3.39637
-3.39607
-3.39683
-3.39562
-3.39547
-3.39577
-3.39531
-3.39471
-3.39577
-3.39577
-3.39667
-3.39592
-3.39576
-3.39576
-3.3947
-3.39425
-3.39516
-3.39471
-3.39425
-3.39471
-3.39456
-3.39426
-3.39562
-3.39516
-3.39501
-3.3935
-3.39411
-3.39275
-3.39108
-3.39153
-3.39078
-3.39047
-3.39047
-3.38971
-3.39062
-3.39078
-3.39123
-3.39063
-3.39093
-3.39153
-3.39093
-3.39078
-3.39138
-3.39138
-3.39214
-3.3926
-3.39365
-3.39471
-3.39486
-3.39531
-3.39591
-3.39485
-3.39516
-3.39425
-3.3938
-3.3926
-3.39214
-3.3929
-3.39124
-3.39048
-3.39033
-3.38957
-3.38897
-3.38851
-3.38881
-3.38972
-3.38926
-3.38942
-3.38897
-3.38913
-3.38973
-3.39003
-3.38928
-3.38912
-3.38988
-3.38896
-3.38926
-3.39062
-3.39017
-3.39092
-3.39078
-3.39048
-3.39033
-3.39018
-3.39063
-3.39214
-3.39139
-3.39153
-3.39153
-3.39108
-3.39213
-3.39153
-3.39168
-3.39259
-3.39319
-3.39244
-3.39199
-3.39335
-3.39305
-3.39289
-3.39289
-3.39229
-3.3929
-3.39305
-3.3935
-3.39289
-3.39199
-3.39259
-3.3935
-3.39289
-3.39229
-3.39319
-3.39335
-3.39244
-3.39304
-3.3938
-3.39335
-3.3932
-3.3935
-3.39244
-3.39123
-3.39047
-3.39047
-3.39032
-3.39032
-3.39062
-3.38987
-3.38911
-3.38896
-3.38896
-3.38941
-3.38956
-3.39002
-3.3885
-3.3882
-3.3879
-3.3882
-3.38987
-3.38987
-3.39032
-3.38972
-3.38957
-3.38912
-3.38881
-3.38927
-3.38911
-3.38926
-3.38866
-3.38926
-3.38775
-3.38805
-3.38941
-3.38911
-3.38926
-3.38971
-3.38987
-3.38972
-3.38942
-3.38942
-3.38912
-3.38972
-3.38972
-3.38957
-3.38882
-3.38942
-3.39002
-3.39017
-3.39017
-3.39002
-3.39002
-3.39063
-3.39048
-3.39093
-3.39047
-3.38896
-3.38972
-3.38942
-3.38851
-3.38716
-3.3867
-3.3867
-3.38775
-3.38669
-3.38609
-3.38564
-3.38624
-3.38503
-3.38564
-3.3861
-3.38655
-3.387
-3.38776
-3.38746
-3.38761
-3.38806
-3.38881
-3.38881
-3.38911
-3.39047
-3.39093
-3.39138
-3.39123
-3.39108
-3.39229
-3.39138
-3.39108
-3.39168
-3.39183
-3.39334
-3.39274
-3.39244
-3.39214
-3.39153
-3.39123
-3.39048
-3.39032
-3.39047
-3.39093
-3.39123
-3.39108
-3.39198
-3.39108
-3.39077
-3.39123
-3.39077
-3.39078
-3.39017
-3.39048
-3.39048
-3.38942
-3.38957
-3.39123
-3.39214
-3.39199
-3.39183
-3.39274
-3.39243
-3.39259
-3.39198
-3.39123
-3.39047
-3.39032
-3.39047
-3.38942
-3.39047
-3.39047
-3.39032
-3.39093
-3.39063
-3.39078
-3.39003
-3.38912
-3.38943
-3.38882
-3.38927
-3.38956
-3.38971
-3.39032
-3.38987
-3.39108
-3.39033
-3.39063
-3.38988
-3.39003
-3.38988
-3.39078
-3.39033
-3.39078
-3.39198
-3.39228
-3.39138
-3.39032
-3.39033
-3.39093
-3.39063
-3.39154
-3.39138
-3.39229
-3.39123
-3.39289
-3.39289
-3.39229
-3.39214
-3.39305
-3.39305
-3.39305
-3.39124
-3.39154
-3.3923
-3.39199
-3.39169
-3.39154
-3.39124
-3.39124
-3.39154
-3.39033
-3.38912
-3.38912
-3.38851
-3.38776
-3.38806
-3.38836
-3.38836
-3.38776
-3.38822
-3.38897
-3.38837
-3.38792
-3.38776
-3.3867
-3.38565
-3.38519
-3.38504
-3.38549
-3.38609
-3.3864
-3.38685
-3.3864
-3.38731
-3.38731
-3.38595
-3.3864
-3.38655
-3.38625
-3.38625
-3.38715
-3.387
-3.38821
-3.38896
-3.38836
-3.38836
-3.38851
-3.38866
-3.38912
-3.38912
-3.38896
-3.38942
-3.38927
-3.38927
-3.39017
-3.38956
-3.39062
-3.39032
-3.38972
-3.39032
-3.38957
-3.38912
-3.39002
-3.38791
-3.38806
-3.38927
-3.38927
-3.38927
-3.38866
-3.38851
-3.38942
-3.39003
-3.39002
-3.39033
-3.39063
-3.39108
-3.39093
-3.39033
-3.39123
-3.39184
-3.39199
-3.39244
-3.3929
-3.39244
-3.39259
-3.39259
-3.39229
-3.39244
-3.39289
-3.39289
-3.3932
-3.3929
-3.39381
-3.39411
-3.39456
-3.39321
-3.3929
-3.3923
-3.39124
-3.39154
-3.39259
-3.39229
-3.39229
-3.39274
-3.39289
-3.39199
-3.39244
-3.39184
-3.39259
-3.39229
-3.39229
-3.39184
-3.39199
-3.39109
-3.39169
-3.39199
-3.39169
-3.39123
-3.39093
-3.39169
-3.39184
-3.39199
-3.39214
-3.39229
-3.39169
-3.39199
-3.39214
-3.39139
-3.39048
-3.38988
-3.39034
-3.39124
-3.39064
-3.39079
-3.39109
-3.39138
-3.39259
-3.39229
-3.39229
-3.39274
-3.39305
-3.39411
-3.39411
-3.39441
-3.39456
-3.39486
-3.39486
-3.39486
-3.39547
-3.39562
-3.39577
-3.39547
-3.39471
-3.39501
-3.39501
-3.39441
-3.39426
-3.39441
-3.39365
-3.39486
-3.39516
-3.39547
-3.39577
-3.39577
-3.39637
-3.39622
-3.39532
-3.39502
-3.39547
-3.39547
-3.39562
-3.39668
-3.39547
-3.39622
-3.39531
-3.39622
-3.39456
-3.39501
-3.39471
-3.3935
-3.39456
-3.39471
-3.39456
-3.39425
-3.3941
-3.3935
-3.39395
-3.39396
-3.39396
-3.39426
-3.39502
-3.39532
-3.39502
-3.39593
-3.39532
-3.39578
-3.39547
-3.39547
-3.3941
-3.3944
-3.39304
-3.39169
-3.3929
-3.39185
-3.392
-3.3929
-3.39199
-3.39154
-3.39199
-3.39154
-3.39094
-3.39094
-3.39169
-3.3923
-3.3929
-3.39245
-3.39215
-3.39275
-3.3932
-3.3935
-3.39335
-3.39305
-3.39335
-3.39335
-3.39335
-3.3926
-3.39245
-3.39305
-3.39275
-3.39275
-3.39396
-3.3929
-3.3929
-3.39321
-3.39336
-3.39276
-3.392
-3.39336
-3.39366
-3.39532
-3.39501
-3.39547
-3.39532
-3.39471
-3.39502
-3.39457
-3.39442
-3.39472
-3.39457
-3.39442
-3.39457
-3.39411
-3.39502
-3.39517
-3.39442
-3.39487
-3.39457
-3.39427
-3.39351
-3.39427
-3.39502
-3.39427
-3.39306
-3.39276
-3.39231
-3.39215
-3.39185
-3.3923
-3.39109
-3.39094
-3.39064
-3.38943
-3.39094
-3.39064
-3.39094
-3.39079
-3.39064
-3.38973
-3.38943
-3.38913
-3.38943
-3.38913
-3.38837
-3.38852
-3.38897
-3.38867
-3.38958
-3.38973
-3.38943
-3.39034
-3.39049
-3.39094
-3.39064
-3.39094
-3.39079
-3.3911
-3.38974
-3.38913
-3.38928
-3.39034
-3.39079
-3.39094
-3.39063
-3.39109
-3.39124
-3.39064
-3.39079
-3.3914
-3.39155
-3.39155
-3.39155
-3.39124
-3.39185
-3.39185
-3.39034
-3.39049
-3.38959
-3.38913
-3.38807
-3.38747
-3.38747
-3.38792
-3.38882
-3.38852
-3.38853
-3.38808
-3.38762
-3.38778
-3.38792
-3.38883
-3.39094
-3.39033
-3.39079
-3.39124
-3.39125
-3.392
-3.39246
-3.39246
-3.39291
-3.3926
-3.3926
-3.3923
-3.392
-3.39215
-3.39215
-3.3926
-3.392
-3.392
-3.39215
-3.39245
-3.3926
-3.392
-3.39185
-3.39079
-3.39094
-3.39109
-3.39155
-3.39094
-3.3917
-3.39216
-3.3911
-3.3911
-3.3911
-3.38958
-3.38973
-3.39003
-3.39018
-3.38882
-3.38852
-3.38883
-3.38959
-3.38944
-3.38959
-3.38898
-3.38928
-3.38973
-3.39019
-3.39079
-3.39064
-3.39079
-3.39004
-3.38913
-3.38898
-3.38928
-3.38989
-3.39019
-3.38973
-3.38943
-3.38988
-3.39033
-3.38928
-3.38988
-3.39064
-3.39034
-3.39034
-3.38974
-3.38807
-3.38883
-3.39094
-3.39079
-3.39049
-3.39124
-3.39064
-3.39109
-3.3917
-3.39215
-3.39215
-3.3926
-3.39276
-3.39019
-3.39095
-3.39019
-3.39019
-3.38989
-3.39049
-3.39033
-3.39033
-3.38928
-3.38928
-3.38898
-3.38958
-3.38928
-3.38898
-3.38868
-3.38853
-3.38868
-3.38807
-3.38883
-3.38732
-3.38898
-3.38777
-3.38807
-3.38943
-3.39018
-3.39019
-3.39109
-3.39124
-3.39094
-3.39094
-3.38973
-3.39034
-3.39154
-3.39124
-3.39124
-3.39048
-3.38973
-3.39079
-3.39139
-3.39185
-3.392
-3.39276
-3.3923
-3.3926
-3.39184
-3.39169
-3.39124
-3.39139
-3.39261
-3.39231
-3.39291
-3.39261
-3.39215
-3.39154
-3.39199
-3.3926
-3.39215
-3.39063
-3.39079
-3.39049
-3.3917
-3.39019
-3.38989
-3.39049
-3.3914
-3.3914
-3.39079
-3.39109
-3.39124
-3.39124
-3.3917
-3.39109
-3.39003
-3.38928
-3.38912
-3.38897
-3.38822
-3.38837
-3.38777
-3.38792
-3.38807
-3.38928
-3.39004
-3.39034
-3.38974
-3.38973
-3.38897
-3.38852
-3.38927
-3.38958
-3.38988
-3.38883
-3.38853
-3.38898
-3.38928
-3.38974
-3.38959
-3.38973
-3.39019
-3.38958
-3.38928
-3.38943
-3.38943
-3.38868
-3.38777
-3.38656
-3.38702
-3.38717
-3.38672
-3.38596
-3.38686
-3.38837
-3.38761
-3.38701
-3.38671
-3.3855
-3.38702
-3.38732
-3.38762
-3.38732
-3.38807
-3.38837
-3.38822
-3.38852
-3.38777
-3.38641
-3.38595
-3.38611
-3.38565
-3.38611
-3.38429
-3.38445
-3.38505
-3.38429
-3.3852
-3.3849
-3.3855
-3.38505
-3.3849
-3.3852
-3.38505
-3.38641
-3.38717
-3.38686
-3.38641
-3.38686
-3.38641
-3.38686
-3.38746
-3.38746
-3.3864
-3.3858
-3.38595
-3.38686
-3.38702
-3.38747
-3.38536
-3.38596
-3.38475
-3.38566
-3.38626
-3.38565
-3.38611
-3.38656
-3.38641
-3.38656
-3.38671
-3.38686
-3.38641
-3.38716
-3.38717
-3.38656
-3.38732
-3.38838
-3.38762
-3.38747
-3.38672
-3.38702
-3.38611
-3.38581
-3.38641
-3.38747
-3.38732
-3.38853
-3.38853
-3.38853
-3.38928
-3.38883
-3.38944
-3.38883
-3.38823
-3.38823
-3.38914
-3.38898
-3.38989
-3.39034
-3.39034
-3.39094
-3.39033
-3.39049
-3.39034
-3.39049
-3.3905
-3.3902
-3.3905
-3.39065
-3.39065
-3.3902
-3.39065
-3.3905
-3.39126
-3.39125
-3.39064
-3.39034
-3.39034
-3.39019
-3.39065
-3.39125
-3.39079
-3.38943
-3.38958
-3.38959
-3.3902
-3.39035
-3.39005
-3.38975
-3.38945
-3.39035
-3.39126
-3.3908
-3.3911
-3.39109
-3.39154
-3.39049
-3.39004
-3.39004
-3.38899
-3.38808
-3.38733
-3.38748
-3.38718
-3.38763
-3.38778
-3.38899
-3.38944
-3.39004
-3.39004
-3.39185
-3.39171
-3.39156
-3.39156
-3.3911
-3.3905
-3.38974
-3.38974
-3.3905
-3.39035
-3.38974
-3.38884
-3.38778
-3.38929
-3.38869
-3.38944
-3.38974
-3.3905
-3.3905
-3.38989
-3.38989
-3.38974
-3.38974
-3.38944
-3.39004
-3.39004
-3.3908
-3.39141
-3.39126
-3.39216
-3.39141
-3.39126
-3.39065
-3.39125
-3.39019
-3.39064
-3.39034
-3.38974
-3.38974
-3.38989
-3.39019
-3.3911
-3.3908
-3.3905
-3.39125
-3.39065
-3.39125
-3.39065
-3.39019
-3.38943
-3.38928
-3.38913
-3.38883
-3.38793
-3.38853
-3.38944
-3.38959
-3.38959
-3.38974
-3.38944
-3.38928
-3.38868
-3.38913
-3.38898
-3.38868
-3.38914
-3.38914
-3.38975
-3.39111
-3.39125
-3.38989
-3.38928
-3.39124
-3.39139
-3.39109
-3.39185
-3.39095
-3.38974
-3.38929
-3.38883
-3.38823
-3.38838
-3.38853
-3.38808
-3.38838
-3.38793
-3.38823
-3.38929
-3.38853
-3.38884
-3.38959
-3.3899
-3.38929
-3.38959
-3.39049
-3.38958
-3.38898
-3.38958
-3.38958
-3.38913
-3.38898
-3.38823
-3.38838
-3.38808
-3.38808
-3.38808
-3.38748
-3.38778
-3.38702
-3.38581
-3.38506
-3.38476
-3.38385
-3.3849
-3.3846
-3.38505
-3.38626
-3.38656
-3.38611
-3.38656
-3.38657
-3.38596
-3.38506
-3.38445
-3.38339
-3.3843
-3.38536
-3.38505
-3.38505
-3.38521
-3.38536
-3.38657
-3.38582
-3.38566
-3.38551
-3.38566
-3.38657
-3.38626
-3.38566
-3.38672
-3.38626
-3.38732
-3.38792
-3.38823
-3.38898
-3.38898
-3.38808
-3.38672
-3.38778
-3.38914
-3.38899
-3.38823
-3.38838
-3.38823
-3.38853
-3.38808
-3.38808
-3.38808
-3.38777
-3.38823
-3.38929
-3.38898
-3.38944
-3.38959
-3.38914
-3.38884
-3.38838
-3.38823
-3.38808
-3.38792
-3.38732
-3.38656
-3.38702
-3.38748
-3.38914
-3.38869
-3.3902
-3.39005
-3.39141
-3.39096
-3.3905
-3.39035
-3.39095
-3.39155
-3.3917
-3.39231
-3.39171
-3.39065
-3.3902
-3.39035
-3.38944
-3.38959
-3.38989
-3.3899
-3.38944
-3.38945
-3.38854
-3.3896
-3.38914
-3.38899
-3.38929
-3.38914
-3.38823
-3.38793
-3.38762
-3.38762
-3.38823
-3.38853
-3.38732
-3.38687
-3.38702
-3.38567
-3.38612
-3.38672
-3.38688
-3.38748
-3.38673
-3.38703
-3.38703
-3.38597
-3.38582
-3.38597
-3.38688
-3.38733
-3.38748
-3.38854
-3.38839
-3.38975
-3.39005
-3.3893
-3.38945
-3.39051
-3.3899
-3.38975
-3.38854
-3.38824
-3.38884
-3.38929
-3.38929
-3.38914
-3.38899
-3.3893
-3.38945
-3.38885
-3.38931
-3.39021
-3.39066
-3.39036
-3.39036
-3.39141
-3.39126
-3.39065
-3.39065
-3.39065
-3.3899
-3.38975
-3.38794
-3.38884
-3.3896
-3.38839
-3.3896
-3.38975
-3.39005
-3.3902
-3.39005
-3.3902
-3.39005
-3.39065
-3.39095
-3.39125
-3.3908
-3.39005
-3.3899
-3.39005
-3.38885
-3.38824
-3.38809
-3.38749
-3.38794
-3.38809
-3.38734
-3.38749
-3.38749
-3.38688
-3.38673
-3.38763
-3.38703
-3.38778
-3.38839
-3.38809
-3.38824
-3.38764
-3.38718
-3.38658
-3.38643
-3.38748
-3.38703
-3.38673
-3.38719
-3.38734
-3.38718
-3.38809
-3.38869
-3.38809
-3.38733
-3.38703
-3.38733
-3.38809
-3.38854
-3.38854
-3.3887
-3.39021
-3.39066
-3.38975
-3.38975
-3.39051
-3.39005
-3.3902
-3.39081
-3.39081
-3.39126
-3.39021
-3.39096
-3.39096
-3.39005
-3.39126
-3.39035
-3.3899
-3.39035
-3.39005
-3.39051
-3.39141
-3.39005
-3.38975
-3.38975
-3.3899
-3.39111
-3.39065
-3.39065
-3.3902
-3.39081
-3.3908
-3.39156
-3.39156
-3.39186
-3.39217
-3.39292
-3.39292
-3.39262
-3.39247
-3.39201
-3.39216
-3.39307
-3.39292
-3.39201
-3.39171
-3.39156
-3.3908
-3.38975
-3.3896
-3.3899
-3.3896
-3.38824
-3.38854
-3.38854
-3.38869
-3.38974
-3.38989
-3.39095
-3.39065
-3.3902
-3.3899
-3.3902
-3.38929
-3.38869
-3.38869
-3.38899
-3.38914
-3.38914
-3.3902
-3.39036
-3.389
-3.38885
-3.38855
-3.3887
-3.38975
-3.39021
-3.3899
-3.39065
-3.39005
-3.39035
-3.39005
-3.38989
-3.38914
-3.38929
-3.38945
-3.389
-3.38809
-3.38764
-3.38794
-3.38718
-3.38764
-3.38794
-3.38824
-3.38748
-3.38793
-3.38854
-3.38929
-3.3893
-3.3893
-3.38975
-3.39081
-3.39111
-3.39051
-3.39005
-3.3893
-3.38915
-3.38824
-3.38794
-3.38809
-3.38885
-3.38945
-3.3902
-3.3902
-3.39005
-3.3902
-3.38974
-3.39004
-3.38974
-3.39035
-3.39126
-3.39141
-3.39202
-3.39096
-3.39096
-3.39066
-3.3899
-3.39036
-3.3893
-3.3896
-3.3899
-3.3899
-3.3908
-3.39035
-3.38989
-3.39079
-3.39094
-3.3914
-3.3908
-3.39096
-3.39096
-3.39096
-3.39036
-3.39081
-3.39157
-3.39202
-3.39126
-3.3899
-3.38959
-3.39005
-3.39065
-3.3908
-3.39126
-3.3899
-3.38899
-3.38944
-3.38869
-3.38899
-3.38824
-3.38915
-3.389
-3.389
-3.38839
-3.3887
-3.38839
-3.38869
-3.38899
-3.38839
-3.38839
-3.38839
-3.38869
-3.38945
-3.39005
-3.39005
-3.3902
-3.38915
-3.3896
-3.3893
-3.39051
-3.39126
-3.39171
-3.39126
-3.3902
-3.38975
-3.39066
-3.39126
-3.39096
-3.3902
-3.3899
-3.38945
-3.38945
-3.3896
-3.38975
-3.3887
-3.38809
-3.38733
-3.38658
-3.38703
-3.38718
-3.38793
-3.38854
-3.38854
-3.38915
-3.3899
-3.39081
-3.39066
-3.39021
-3.38945
-3.39096
-3.3902
-3.38839
-3.38839
-3.38899
-3.3896
-3.3896
-3.38915
-3.38915
-3.38945
-3.38885
-3.38915
-3.38869
-3.38914
-3.3899
-3.39005
-3.39005
-3.3905
-3.39036
-3.39081
-3.39021
-3.39021
-3.3899
-3.39005
-3.39065
-3.39065
-3.38944
-3.38929
-3.3899
-3.39111
-3.39157
-3.39066
-3.39127
-3.39232
-3.39293
-3.39232
-3.39323
-3.39338
-3.39368
-3.39277
-3.39232
-3.39353
-3.39338
-3.39186
-3.39277
-3.39277
-3.39231
-3.39186
-3.39201
-3.39111
-3.39217
-3.39187
-3.39187
-3.39248
-3.39278
-3.39338
-3.39368
-3.39353
-3.39383
-3.39398
-3.39473
-3.39534
-3.39489
-3.39534
-3.39443
-3.39367
-3.39352
-3.39367
-3.39382
-3.39413
-3.39262
-3.39262
-3.39383
-3.39368
-3.39277
-3.39292
-3.39277
-3.39232
-3.39262
-3.39382
-3.39322
-3.39397
-3.39413
-3.39337
-3.39292
-3.39277
-3.39232
-3.39262
-3.39262
-3.39338
-3.39307
-3.39443
-3.39367
-3.39307
-3.39322
-3.39277
-3.39277
-3.39292
-3.39247
-3.39217
-3.39217
-3.39111
-3.39186
-3.39186
-3.39065
-3.39095
-3.39171
-3.39171
-3.39126
-3.39081
-3.39096
-3.39066
-3.389
-3.38718
-3.38824
-3.38733
-3.38778
-3.38642
-3.38597
-3.38582
-3.38567
-3.38658
-3.38764
-3.38809
-3.38779
-3.38839
-3.38749
-3.38779
-3.39005
-3.39021
-3.39051
-3.39172
-3.39217
-3.39217
-3.39201
-3.39201
-3.39232
-3.39307
-3.39353
-3.39322
-3.39443
-3.39459
-3.39474
-3.39444
-3.39489
-3.39488
-3.39383
-3.39352
-3.39322
-3.39473
-3.39413
-3.39444
-3.39414
-3.39353
-3.39429
-3.39293
-3.39187
-3.39127
-3.39081
-3.39035
-3.38869
-3.38778
-3.38778
-3.38763
-3.38899
-3.38944
-3.38899
-3.38824
-3.38824
-3.38915
-3.3881
-3.38794
-3.38764
-3.38809
-3.38809
-3.38884
-3.38959
-3.38944
-3.38944
-3.38929
-3.38808
-3.38839
-3.38824
-3.38839
-3.38854
-3.38854
-3.38915
-3.389
-3.38884
-3.38945
-3.38839
-3.38945
-3.38914
-3.38975
-3.39005
-3.3896
-3.3896
-3.38975
-3.38991
-3.39096
-3.39081
-3.38915
-3.38885
-3.38794
-3.38779
-3.38764
-3.38779
-3.38688
-3.38643
-3.38658
-3.38764
-3.38749
-3.38779
-3.38825
-3.3878
-3.3887
-3.38976
-3.38991
-3.38991
-3.38976
-3.3899
-3.38854
-3.38915
-3.38975
-3.3899
-3.3893
-3.38915
-3.38915
-3.389
-3.38915
-3.3887
-3.38855
-3.3884
-3.3884
-3.38765
-3.38734
-3.38779
-3.38734
-3.38719
-3.38764
-3.38839
-3.38794
-3.38718
-3.38839
-3.38855
-3.38915
-3.38961
-3.38931
-3.3887
-3.38975
-3.39111
-3.39157
-3.39217
-3.39157
-3.39142
-3.39217
-3.39157
-3.39112
-3.39051
-3.39066
-3.39081
-3.39081
-3.39096
-3.39096
-3.39156
-3.39187
-3.39157
-3.39172
-3.39096
-3.39081
-3.39096
-3.39036
-3.38945
-3.3893
-3.38976
-3.39082
-3.38976
-3.39036
-3.3893
-3.3899
-3.3899
-3.39005
-3.38899
-3.38915
-3.38884
-3.38854
-3.38899
-3.38869
-3.38899
-3.39005
-3.39066
-3.39142
-3.39066
-3.38991
-3.38991
-3.38991
-3.38855
-3.38839
-3.38854
-3.38824
-3.38809
-3.38869
-3.38839
-3.38839
-3.38793
-3.38899
-3.38884
-3.3896
-3.3899
-3.38915
-3.38869
-3.38975
-3.3905
-3.3905
-3.39065
-3.39065
-3.39096
-3.3905
-3.38975
-3.39005
-3.39081
-3.39096
-3.39141
-3.39201
-3.39185
-3.3911
-3.39065
-3.39035
-3.39111
-3.3899
-3.38915
-3.38824
-3.38794
-3.389
-3.38975
-3.39021
-3.39096
-3.39005
-3.39081
-3.39005
-3.3896
-3.3899
-3.39005
-3.39035
-3.3899
-3.39111
-3.39126
-3.39051
-3.39066
-3.39081
-3.3896
-3.39006
-3.39021
-3.39006
-3.38976
-3.3896
-3.38975
-3.38945
-3.38884
-3.38945
-3.39066
-3.39126
-3.39096
-3.39172
-3.39157
-3.39111
-3.39111
-3.38945
-3.3887
-3.3887
-3.38794
-3.38764
-3.38824
-3.38839
-3.38854
-3.38809
-3.38809
-3.38794
-3.38794
-3.38749
-3.38794
-3.38794
-3.389
-3.38733
-3.38718
-3.38793
-3.38763
-3.38778
-3.38778
-3.38854
-3.3899
-3.38991
-3.39081
-3.39097
-3.39036
-3.39066
-3.39141
-3.39066
-3.39126
-3.39172
-3.39081
-3.39051
-3.39111
-3.39141
-3.39141
-3.39066
-3.39051
-3.39186
-3.39202
-3.39232
-3.39292
-3.39352
-3.39352
-3.39247
-3.39156
-3.39156
-3.39247
-3.39247
-3.39278
-3.39232
-3.39368
-3.39398
-3.39368
-3.39307
-3.39277
-3.39261
-3.39216
-3.39141
-3.39201
-3.39202
-3.39277
-3.39323
-3.39262
-3.39081
-3.39111
-3.3902
-3.39096
-3.39035
-3.39126
-3.39051
-3.39096
-3.39111
-3.39156
-3.39141
-3.39096
-3.3905
-3.39005
-3.3899
-3.39005
-3.3905
-3.38945
-3.3896
-3.389
-3.38855
-3.38809
-3.38824
-3.3887
-3.389
-3.38945
-3.38975
-3.38944
-3.38899
-3.3899
-3.38975
-3.38929
-3.38944
-3.38869
-3.38914
-3.38899
-3.38824
-3.38824
-3.38718
-3.38823
-3.38929
-3.38869
-3.38794
-3.38764
-3.38688
-3.38794
-3.38779
-3.38733
-3.38748
-3.38809
-3.38869
-3.38718
-3.38658
-3.38658
-3.38748
-3.38763
-3.38808
-3.38854
-3.38929
-3.3908
-3.39156
-3.39126
-3.39126
-3.39217
-3.39126
-3.39142
-3.39096
-3.39172
-3.39081
-3.39111
-3.39096
-3.39081
-3.39141
-3.39156
-3.39187
-3.39051
-3.39096
-3.39157
-3.39232
-3.39247
-3.39171
-3.39171
-3.39111
-3.39006
-3.38976
-3.38945
-3.3887
-3.38915
-3.38915
-3.38915
-3.38899
-3.38824
-3.38884
-3.38884
-3.3887
-3.38885
-3.3896
-3.3899
-3.39035
-3.39141
-3.39232
-3.39201
-3.39231
-3.39231
-3.39247
-3.39398
-3.39307
-3.39338
-3.39489
-3.39489
-3.39459
-3.39444
-3.39368
-3.39277
-3.39353
-3.39201
-3.39141
-3.39051
-3.38975
-3.38885
-3.38794
-3.38749
-3.38779
-3.38734
-3.38703
-3.38658
-3.38657
-3.38703
-3.38642
-3.38642
-3.38566
-3.38446
-3.38461
-3.38416
-3.38355
-3.38446
-3.38567
-3.38567
-3.38627
-3.38567
-3.38658
-3.38733
-3.38899
-3.38884
-3.38929
-3.38854
-3.38809
-3.38884
-3.38869
-3.3896
-3.3896
-3.3902
-3.38914
-3.38869
-3.39005
-3.38929
-3.38839
-3.38974
-3.38959
-3.39186
-3.39035
-3.3902
-3.39081
-3.39066
-3.3905
-3.39096
-3.39171
-3.39126
-3.39232
-3.39171
-3.39171
-3.39126
-3.39111
-3.39126
-3.39141
-3.39186
-3.39277
-3.39246
-3.39246
-3.39231
-3.39111
-3.39096
-3.39036
-3.39081
-3.39066
-3.39202
-3.39217
-3.39247
-3.39292
-3.39292
-3.39262
-3.39216
-3.39216
-3.39322
-3.39307
-3.39216
-3.39171
-3.39141
-3.39111
-3.39096
-3.39065
-3.39156
-3.39111
-3.39141
-3.39232
-3.39171
-3.39201
-3.39201
-3.39202
-3.39217
-3.39141
-3.39156
-3.3911
-3.39185
-3.39004
-3.39019
-3.38898
-3.38959
-3.38884
-3.38824
-3.38794
-3.38809
-3.38915
-3.3896
-3.38945
-3.3893
-3.38899
-3.38944
-3.38914
-3.38959
-3.39005
-3.3902
-3.39005
-3.39141
-3.39141
-3.39292
-3.39322
-3.39262
-3.39292
-3.39156
-3.39186
-3.39171
-3.39156
-3.39156
-3.39125
-3.39125
-3.39201
-3.39171
-3.39216
-3.39141
-3.39261
-3.3914
-3.38974
-3.39004
-3.39005
-3.39035
-3.39065
-3.39156
-3.39307
-3.39307
-3.39276
-3.39306
-3.39427
-3.39412
-3.39397
-3.39337
-3.3914
-3.3911
-3.39247
-3.39277
-3.39232
-3.39231
-3.39246
-3.39276
-3.39094
-3.39034
-3.39094
-3.3911
-3.39155
-3.39276
-3.39337
-3.39337
-3.39231
-3.39201
-3.39231
-3.39261
-3.39261
-3.39306
-3.39261
-3.39231
-3.39307
-3.39292
-3.39337
-3.39352
-3.39427
-3.39412
-3.39518
-3.39533
-3.39518
-3.39397
-3.39366
-3.3926
-3.39321
-3.39261
-3.39125
-3.39171
-3.39065
-3.3908
-3.39065
-3.3905
-3.38853
-3.38838
-3.38898
-3.38822
-3.38807
-3.38777
-3.38762
-3.38914
-3.38989
-3.38899
-3.38914
-3.38854
-3.38884
-3.3896
-3.38929
-3.38959
-3.39004
-3.39019
-3.39004
-3.38959
-3.39019
-3.39065
-3.3899
-3.38975
-3.38914
-3.38854
-3.38869
-3.38854
-3.38869
-3.38974
-3.39003
-3.38928
-3.38927
-3.38882
-3.39094
-3.3905
-3.39035
-3.39035
-3.38989
-3.38989
-3.39004
-3.38868
-3.38898
-3.38944
-3.38913
-3.38928
-3.38898
-3.38913
-3.38883
-3.38852
-3.38807
-3.38942
-3.38958
-3.38882
-3.38883
-3.38777
-3.38883
-3.38793
-3.38747
-3.38747
-3.38732
-3.38686
-3.38641
-3.3855
-3.38581
-3.38641
-3.38641
-3.38671
-3.38701
-3.38807
-3.38867
-3.38882
-3.38913
-3.38958
-3.38883
-3.38777
-3.38732
-3.38671
-3.38641
-3.38611
-3.38656
-3.38747
-3.38626
-3.38717
-3.38671
-3.38716
-3.38716
-3.38671
-3.38656
-3.38671
-3.38641
-3.38626
-3.38581
-3.38581
-3.38611
-3.3855
-3.38596
-3.3855
-3.38475
-3.38596
-3.38521
-3.38612
-3.38612
-3.38627
-3.38733
-3.38808
-3.38807
-3.38852
-3.38867
-3.38897
-3.38883
-3.38853
-3.38898
-3.38974
-3.38959
-3.38823
-3.38883
-3.38808
-3.38823
-3.39004
-3.39049
-3.3911
-3.39079
-3.39079
-3.392
-3.39155
-3.39155
-3.3911
-3.39004
-3.38989
-3.38913
-3.38883
-3.38898
-3.38928
-3.38943
-3.38928
-3.39049
-3.38974
-3.39034
-3.39049
-3.38974
-3.38943
-3.38883
-3.38868
-3.38868
-3.38853
-3.38913
-3.38853
-3.38853
-3.38944
-3.38914
-3.38853
-3.38777
-3.38762
-3.38838
-3.38732
-3.38777
-3.38883
-3.38898
-3.38973
-3.39003
-3.39019
-3.38883
-3.38958
-3.38868
-3.38838
-3.38883
-3.38883
-3.38913
-3.38959
-3.38913
-3.38943
-3.38943
-3.39049
-3.3911
-3.3911
-3.392
-3.39125
-3.39064
-3.3914
-3.39125
-3.3914
-3.39125
-3.39125
-3.3917
-3.39095
-3.39095
-3.39155
-3.3917
-3.39124
-3.39049
-3.39064
-3.39064
-3.38973
-3.38898
-3.38913
-3.39034
-3.39064
-3.39094
-3.39079
-3.39018
-3.38958
-3.39064
-3.39094
-3.39094
-3.39034
-3.39003
-3.38882
-3.38988
-3.38988
-3.39003
-3.39094
-3.39079
-3.39079
-3.39079
-3.39109
-3.39094
-3.39154
-3.3923
-3.39245
-3.39169
-3.39079
-3.39109
-3.39139
-3.39155
-3.39215
-3.39245
-3.39245
-3.392
-3.39245
-3.3914
-3.39155
-3.39003
-3.39049
-3.38973
-3.38913
-3.39003
-3.39003
-3.39079
-3.39185
-3.39124
-3.392
-3.3926
-3.3923
-3.3923
-3.39245
-3.39154
-3.39154
-3.38882
-3.38928
-3.38928
-3.38944
-3.38974
-3.39095
-3.39155
-3.3914
-3.39064
-3.38898
-3.38988
-3.38973
-3.38912
-3.38943
-3.38822
-3.38883
-3.38928
-3.38959
-3.39004
-3.3905
-3.38944
-3.39035
-3.39049
-3.39079
-3.39033
-3.38882
-3.38867
-3.38867
-3.38822
-3.38928
-3.38868
-3.38868
-3.38898
-3.38973
-3.38928
-3.38973
-3.39034
-3.39049
-3.39109
-3.39124
-3.39079
-3.39079
-3.39124
-3.39004
-3.39049
-3.39049
-3.39125
-3.39019
-3.39064
-3.38928
-3.38853
-3.38989
-3.38838
-3.38717
-3.38762
-3.38762
-3.38671
-3.38807
-3.38883
-3.38928
-3.38943
-3.38928
-3.38913
-3.39003
-3.38988
-3.38913
-3.38883
-3.38898
-3.38943
-3.38883
-3.38777
-3.38731
-3.38686
-3.38731
-3.38701
-3.38731
-3.38807
-3.38958
-3.39003
-3.39049
-3.39064
-3.39124
-3.39094
-3.38988
-3.38988
-3.39154
-3.39214
-3.3926
-3.39169
-3.39154
-3.39154
-3.39245
-3.3926
-3.39229
-3.39244
-3.3926
-3.3923
-3.3923
-3.39275
-3.39275
-3.39245
-3.3923
-3.3929
-3.3923
-3.39229
-3.3926
-3.39093
-3.38942
-3.38988
-3.38988
-3.38973
-3.38928
-3.38943
-3.38867
-3.38852
-3.38791
-3.38836
-3.38791
-3.38761
-3.38731
-3.38868
-3.38838
-3.38943
-3.38973
-3.39094
-3.39094
-3.39109
-3.39229
-3.39244
-3.39244
-3.39168
-3.39108
-3.39139
-3.39245
-3.39291
-3.39366
-3.39412
-3.39366
-3.39366
-3.39381
-3.39366
-3.39335
-3.3929
-3.39335
-3.39334
-3.39259
-3.39138
-3.39093
-3.39139
-3.39093
-3.39093
-3.39002
-3.39063
-3.39109
-3.39109
-3.39154
-3.39215
-3.39169
-3.39215
-3.39275
-3.39305
-3.3929
-3.3938
-3.3947
-3.3938
-3.39304
-3.39169
-3.392
-3.39169
-3.3926
-3.39456
-3.39456
-3.3935
-3.39305
-3.39289
-3.39229
-3.39153
-3.39153
-3.39093
-3.39184
-3.39169
-3.39305
-3.39305
-3.39365
-3.39305
-3.39274
-3.39168
-3.39108
-3.39168
-3.39123
-3.39124
-3.39214
-3.39199
-3.3923
-3.3926
-3.3923
-3.39154
-3.39124
-3.39003
-3.39047
-3.39092
-3.39017
-3.38987
-3.38957
-3.38957
-3.38973
-3.38897
-3.38792
-3.38807
-3.38731
-3.38791
-3.38821
-3.38776
-3.38837
-3.38852
-3.38867
-3.38792
-3.38897
-3.38912
-3.38882
-3.38957
-3.38912
-3.38912
-3.38882
-3.38942
-3.38912
-3.38867
-3.38867
-3.38776
-3.38912
-3.38897
-3.38943
-3.38928
-3.38928
-3.38943
-3.38867
-3.38882
-3.38746
-3.38761
-3.38791
-3.38927
-3.39002
-3.39078
-3.39153
-3.39229
-3.39229
-3.39169
-3.39108
-3.39063
-3.39078
-3.38988
-3.39109
-3.39064
-3.39064
-3.39033
-3.39064
-3.39079
-3.39049
-3.39003
-3.39079
-3.39109
-3.39063
-3.39124
-3.39063
-3.39063
-3.38988
-3.39018
-3.38943
-3.38943
-3.38913
-3.38973
-3.38943
-3.38973
-3.38988
-3.38927
-3.38972
-3.38972
-3.39078
-3.39048
-3.39109
-3.39139
-3.39094
-3.39094
-3.39139
-3.392
-3.3917
-3.39003
-3.38927
-3.38897
-3.38942
-3.38897
-3.38912
-3.38867
-3.38866
-3.38912
-3.38927
-3.38912
-3.38852
-3.38883
-3.38958
-3.38973
-3.38927
-3.38927
-3.38927
-3.39018
-3.39093
-3.39093
-3.39093
-3.39154
-3.39229
-3.39184
-3.39214
-3.39229
-3.39245
-3.39139
-3.39199
-3.39199
-3.39124
-3.39078
-3.39184
-3.39274
-3.39259
-3.3935
-3.39365
-3.39289
-3.39229
-3.39184
-3.39123
-3.39124
-3.39139
-3.39064
-3.39109
-3.39078
-3.39093
-3.39123
-3.38972
-3.38927
-3.38942
-3.38927
-3.38867
-3.38988
-3.38988
-3.39018
-3.39063
-3.39169
-3.39184
-3.39124
-3.39033
-3.38972
-3.38912
-3.38987
-3.38987
-3.38987
-3.39033
-3.39078
-3.39169
-3.39108
-3.39078
-3.39124
-3.39139
-3.39229
-3.3932
-3.3932
-3.39275
-3.3926
-3.3929
-3.39365
-3.3941
-3.39395
-3.39425
-3.3938
-3.39365
-3.39214
-3.3929
-3.39305
-3.3923
-3.3923
-3.39154
-3.39184
-3.39215
-3.39214
-3.39199
-3.39215
-3.3917
-3.392
-3.39215
-3.39109
-3.39063
-3.39063
-3.39018
-3.39078
-3.39124
-3.39169
-3.39154
-3.39184
-3.39109
-3.39079
-3.39079
-3.3926
-3.39245
-3.3926
-3.3923
-3.3926
-3.392
-3.39185
-3.39109
-3.392
-3.39199
-3.39139
-3.39199
-3.39245
-3.3929
-3.3923
-3.39275
-3.39275
-3.39305
-3.39456
-3.39501
-3.39516
-3.39592
-3.39622
-3.39592
-3.39471
-3.39426
-3.39441
-3.39426
-3.39426
-3.39411
-3.39441
-3.39426
-3.39441
-3.39441
-3.39335
-3.39244
-3.39274
-3.39274
-3.39304
-3.3935
-3.39441
-3.39471
-3.39516
-3.39577
-3.39667
-3.39743
-3.39592
-3.39668
-3.39653
-3.39607
-3.39472
-3.39472
-3.39366
-3.39396
-3.3929
-3.3935
-3.3935
-3.39365
-3.39425
-3.39441
-3.39516
-3.39517
-3.39471
-3.39426
-3.39471
-3.39426
-3.3938
-3.39501
-3.39577
-3.39637
-3.39592
-3.39531
-3.39622
-3.39698
-3.39743
-3.39668
-3.39653
-3.39728
-3.39758
-3.39804
-3.39773
-3.39683
-3.39758
-3.39819
-3.39773
-3.39803
-3.39773
-3.39727
-3.39757
-3.39788
-3.39712
-3.39682
-3.39652
-3.39653
-3.39623
-3.39638
-3.39653
-3.39623
-3.39683
-3.39713
-3.39667
-3.39577
-3.39516
-3.39456
-3.39546
-3.39546
-3.39365
-3.3929
-3.39305
-3.39259
-3.39169
-3.39199
-3.39108
-3.39018
-3.38927
-3.38912
-3.38927
-3.38867
-3.38852
-3.38897
-3.39064
-3.39048
-3.38988
-3.39048
-3.38973
-3.39033
-3.39063
-3.39093
-3.39063
-3.39018
-3.39003
-3.38912
-3.38837
-3.38882
-3.39003
-3.39094
-3.39004
-3.38973
-3.39034
-3.39155
-3.39094
-3.3926
-3.39245
-3.39215
-3.3923
-3.39275
-3.3926
-3.39351
-3.3932
-3.39245
-3.39154
-3.39154
-3.39155
-3.39094
-3.39094
-3.39064
-3.39064
-3.39124
-3.39064
-3.39079
-3.39033
-3.38988
-3.39033
-3.39064
-3.39245
-3.39155
-3.392
-3.39185
-3.39125
-3.39185
-3.39094
-3.3917
-3.39261
-3.39216
-3.3911
-3.39155
-3.39215
-3.39291
-3.39245
-3.39366
-3.39381
-3.39261
-3.39231
-3.39246
-3.3917
-3.39245
-3.39321
-3.39215
-3.3917
-3.39064
-3.39034
-3.39004
-3.38974
-3.38989
-3.39095
-3.39095
-3.39019
-3.38974
-3.38883
-3.38958
-3.38837
-3.38762
-3.38822
-3.38822
-3.38822
-3.38868
-3.38928
-3.38929
-3.39034
-3.39095
-3.3911
-3.39261
-3.39336
-3.39336
-3.39351
-3.39366
-3.39381
-3.39246
-3.39231
-3.3908
-3.3911
-3.3914
-3.39064
-3.39079
-3.38943
-3.38897
-3.38973
-3.38898
-3.38778
-3.38733
-3.38838
-3.38778
-3.38732
-3.38702
-3.3849
-3.38551
-3.38551
-3.38566
-3.38506
-3.38445
-3.38415
-3.38355
-3.38445
-3.3852
-3.38414
-3.38414
-3.38535
-3.38566
-3.38581
-3.38748
-3.38763
-3.38763
-3.38778
-3.38717
-3.38778
-3.38732
-3.38838
-3.38854
-3.38839
-3.38975
-3.3899
-3.38974
-3.38974
-3.39004
-3.38944
-3.38974
-3.38959
-3.38914
-3.38884
-3.38899
-3.38899
-3.38868
-3.38823
-3.38913
-3.38989
-3.39019
-3.38868
-3.38959
-3.38883
-3.38853
-3.38838
-3.38854
-3.38899
-3.38975
-3.38899
-3.38733
-3.38763
-3.38838
-3.38823
-3.38687
-3.38687
-3.38702
-3.38627
-3.38687
-3.38763
-3.38868
-3.38944
-3.38959
-3.39065
-3.3896
-3.3899
-3.39005
-3.3902
-3.3905
-3.3908
-3.39111
-3.39005
-3.3899
-3.38974
-3.38853
-3.38929
-3.39004
-3.39035
-3.38899
-3.38868
-3.38868
-3.38763
-3.38869
-3.38899
-3.3896
-3.38945
-3.38885
-3.38854
-3.38824
-3.38884
-3.38959
-3.38974
-3.3905
-3.3908
-3.39126
-3.39171
-3.39232
-3.39171
-3.39126
-3.39186
-3.39171
-3.3914
-3.39125
-3.39186
-3.39231
-3.39186
-3.39201
-3.39171
-3.39262
-3.39277
-3.39292
-3.39246
-3.39216
-3.39171
-3.39141
-3.3902
-3.3899
-3.39005
-3.3905
-3.39035
-3.38959
-3.3905
-3.39019
-3.3908
-3.3911
-3.39035
-3.39081
-3.39171
-3.39232
-3.39171
-3.39156
-3.39262
-3.39186
-3.39095
-3.3902
-3.38974
-3.38975
-3.3905
-3.39051
-3.39141
-3.3902
-3.3902
-3.38824
-3.38763
-3.38838
-3.38823
-3.38793
-3.38838
-3.38717
-3.38868
-3.38838
-3.38763
-3.38642
-3.38627
-3.38612
-3.38643
-3.38733
-3.38854
-3.38838
-3.38763
-3.38687
-3.38687
-3.38702
-3.38506
-3.38687
-3.38702
-3.38808
-3.38718
-3.38838
-3.38854
-3.38839
-3.38703
-3.38884
-3.38793
-3.38732
-3.38627
-3.38581
-3.38612
-3.38551
-3.38521
-3.38521
-3.38536
-3.38596
-3.38596
-3.3849
-3.38521
-3.38445
-3.384
-3.38416
-3.38521
-3.38476
-3.38521
-3.38597
-3.38597
-3.38642
-3.38672
-3.38627
-3.38521
-3.38597
-3.38597
-3.38657
-3.38657
-3.38717
-3.38762
-3.38808
-3.38793
-3.38838
-3.38929
-3.38899
-3.38959
-3.3905
-3.3905
-3.3902
-3.38975
-3.39005
-3.3905
-3.38959
-3.38914
-3.38747
-3.38687
-3.38611
-3.38642
-3.38612
-3.38748
-3.38703
-3.38718
-3.38778
-3.38839
-3.38959
-3.38944
-3.38853
-3.38793
-3.38793
-3.38702
-3.38672
-3.38582
-3.38536
-3.38491
-3.38385
-3.384
-3.38446
-3.38491
-3.38521
-3.38566
-3.38551
-3.38581
-3.38627
-3.38687
-3.38672
-3.38536
-3.38657
-3.38566
-3.38476
-3.38536
-3.38566
-3.38581
-3.38551
-3.38491
-3.38491
-3.38612
-3.38596
-3.38672
-3.38641
-3.38566
-3.38702
-3.38747
-3.38778
-3.38747
-3.38793
-3.38747
-3.38778
-3.38883
-3.38853
-3.38929
-3.38944
-3.38989
-3.38929
-3.38929
-3.38898
-3.38823
-3.38717
-3.38687
-3.38702
-3.38808
-3.38883
-3.38853
-3.38838
-3.38748
-3.38823
-3.38823
-3.38748
-3.38733
-3.38763
-3.38717
-3.38717
-3.38763
-3.38778
-3.38808
-3.38853
-3.38944
-3.38929
-3.39005
-3.3905
-3.39035
-3.3896
-3.3893
-3.38975
-3.39005
-3.38884
-3.38914
-3.38868
-3.38989
-3.38974
-3.39004
-3.38929
-3.3902
-3.3896
-3.3905
-3.39035
-3.39126
-3.3902
-3.3905
-3.39126
-3.39111
-3.39201
-3.39216
-3.39231
-3.39246
-3.39246
-3.39322
-3.39473
-3.39548
-3.39488
-3.39533
-3.39533
-3.39412
-3.39367
-3.39307
-3.39231
-3.39141
-3.39126
-3.39141
-3.39202
-3.39368
-3.39352
-3.39382
-3.39458
-3.39488
-3.39563
-3.39624
-3.39639
-3.3979
-3.39745
-3.3973
-3.39881
-3.39866
-3.3982
-3.39805
-3.39836
-3.39836
-3.39685
-3.39715
-3.39624
-3.39564
-3.39579
-3.39518
-3.39548
-3.39533
-3.39412
-3.39352
-3.39352
-3.39337
-3.39382
-3.39352
-3.39337
-3.39428
-3.39367
-3.39246
-3.39246
-3.39186
-3.39125
-3.39186
-3.39155
-3.3911
-3.3908
-3.3908
-3.39035
-3.38929
-3.38884
-3.38974
-3.39095
-3.39171
-3.39155
-3.39065
-3.39065
-3.39065
-3.39034
-3.39004
-3.3914
-3.39246
-3.39322
-3.39322
-3.39352
-3.39412
-3.39412
-3.39442
-3.39578
-3.39502
-3.39427
-3.39397
-3.39397
-3.39322
-3.39322
-3.39231
-3.39155
-3.39276
-3.39427
-3.39427
-3.39473
-3.39488
-3.39518
-3.39533
-3.39518
-3.39593
-3.39638
-3.39578
-3.39502
-3.39502
-3.39623
-3.39684
-3.39699
-3.39594
-3.39579
-3.39579
-3.39639
-3.39503
-3.39488
-3.39518
-3.39412
-3.39307
-3.39307
-3.39216
-3.39231
-3.39231
-3.39201
-3.39155
-3.39216
-3.3917
-3.39095
-3.39019
-3.38989
-3.38898
-3.38959
-3.39034
-3.39019
-3.38974
-3.38974
-3.38868
-3.38884
-3.38944
-3.38989
-3.3905
-3.38959
-3.38808
-3.38823
-3.38928
-3.38974
-3.38989
-3.38914
-3.38929
-3.38959
-3.38974
-3.38914
-3.38959
-3.38884
-3.38959
-3.38884
-3.38824
-3.38869
-3.38733
-3.38733
-3.38717
-3.38717
-3.38777
-3.38777
-3.38762
-3.38747
-3.38778
-3.38642
-3.38702
-3.38778
-3.38763
-3.38702
-3.38793
-3.38823
-3.38944
-3.38899
-3.38914
-3.3908
-3.3911
-3.39034
-3.3908
-3.39065
-3.3905
-3.39005
-3.39005
-3.39125
-3.38989
-3.39065
-3.39155
-3.39261
-3.39306
-3.39382
-3.39397
-3.39397
-3.39382
-3.39367
-3.39488
-3.39488
-3.39518
-3.39412
-3.39397
-3.39367
-3.39412
-3.39321
-3.39367
-3.39337
-3.39337
-3.39367
-3.39382
-3.39427
-3.39503
-3.39397
-3.39382
-3.39276
-3.39261
-3.39186
-3.39216
-3.39216
-3.39246
-3.39201
-3.39276
-3.39216
-3.39125
-3.39155
-3.3911
-3.3908
-3.39186
-3.39217
-3.39111
-3.3902
-3.3899
-3.38975
-3.38869
-3.38899
-3.38959
-3.38974
-3.38929
-3.39005
-3.3899
-3.38975
-3.38959
-3.38959
-3.39004
-3.39065
-3.39095
-3.3914
-3.39125
-3.39095
-3.3908
-3.39035
-3.38959
-3.38974
-3.39035
-3.38944
-3.39005
-3.39035
-3.3905
-3.38989
-3.39065
-3.3911
-3.39171
-3.39065
-3.39004
-3.39095
-3.3917
-3.39095
-3.39155
-3.39095
-3.3902
-3.39035
-3.38944
-3.38944
-3.3908
-3.3905
-3.38989
-3.39019
-3.3911
-3.39095
-3.3911
-3.3911
-3.39019
-3.38853
-3.38732
-3.38763
-3.38732
-3.38793
-3.38853
-3.38853
-3.38853
-3.38748
-3.38778
-3.38853
-3.38929
-3.38989
-3.38929
-3.38914
-3.3899
-3.39005
-3.38989
-3.38853
-3.38596
-3.38641
-3.38596
-3.38551
-3.38581
-3.38582
-3.38748
-3.38718
-3.38688
-3.38703
-3.38703
-3.38748
-3.38763
-3.38778
-3.38793
-3.38718
-3.38687
-3.38718
-3.38778
-3.38733
-3.38733
-3.38778
-3.38838
-3.38838
-3.38868
-3.38959
-3.38989
-3.38989
-3.39095
-3.38989
-3.39019
-3.38989
-3.39064
-3.39004
-3.39094
-3.39125
-3.39095
-3.39156
-3.39141
-3.39156
-3.39187
-3.39217
-3.39292
-3.39322
-3.39262
-3.39307
-3.39337
-3.39291
-3.39276
-3.39337
-3.39201
-3.39216
-3.3908
-3.39201
-3.39186
-3.39292
-3.39292
-3.39231
-3.39186
-3.39065
-3.39095
-3.39126
-3.3902
-3.39005
-3.39066
-3.3896
-3.3905
-3.3908
-3.39035
-3.39125
-3.39216
-3.39171
-3.39262
-3.39307
-3.39322
-3.39398
-3.39337
-3.39306
-3.39337
-3.39337
-3.39397
-3.39443
-3.39518
-3.39428
-3.39458
-3.39352
-3.39352
-3.39458
-3.39473
-3.39488
-3.39534
-3.39534
-3.39337
-3.39307
-3.39397
-3.39337
-3.39397
-3.39352
-3.39307
-3.39322
-3.39322
-3.39307
-3.39292
-3.39352
-3.39307
-3.39261
-3.39337
-3.39412
-3.39397
-3.39488
-3.39549
-3.39518
-3.39533
-3.39412
-3.39412
-3.39397
-3.39322
-3.39352
-3.39398
-3.39367
-3.39307
-3.39367
-3.39277
-3.39216
-3.3911
-3.3917
-3.3911
-3.3908
-3.39005
-3.39126
-3.39156
-3.39156
-3.39171
-3.39141
-3.39231
-3.39231
-3.39186
-3.39261
-3.39277
-3.39246
-3.39322
-3.39322
-3.39277
-3.39171
-3.39065
-3.3899
-3.38989
-3.39004
-3.3905
-3.3908
-3.39065
-3.39186
-3.39186
-3.39171
-3.39126
-3.39171
-3.39111
-3.39156
-3.39171
-3.39232
-3.39292
-3.39337
-3.39428
-3.39397
-3.39367
-3.39398
-3.39322
-3.39428
-3.39428
-3.39368
-3.39383
-3.39443
-3.39368
-3.39262
-3.39247
-3.39292
-3.39352
-3.39292
-3.39307
-3.39231
-3.39201
-3.39186
-3.39171
-3.39171
-3.39216
-3.39156
-3.3905
-3.39156
-3.39141
-3.39095
-3.39141
-3.39216
-3.39171
-3.3908
-3.39005
-3.39126
-3.39141
-3.39051
-3.39111
-3.39035
-3.39035
-3.39081
-3.3902
-3.39066
-3.3899
-3.3902
-3.3899
-3.39035
-3.3899
-3.38899
-3.38914
-3.38944
-3.38959
-3.38914
-3.38868
-3.38793
-3.38808
-3.38854
-3.38914
-3.38929
-3.39005
-3.38869
-3.3893
-3.3899
-3.39095
-3.39171
-3.39185
-3.39125
-3.39095
-3.3902
-3.38975
-3.3896
-3.38929
-3.3896
-3.39096
-3.39005
-3.39035
-3.39035
-3.3899
-3.39005
-3.39035
-3.38883
-3.38883
-3.38808
-3.38868
-3.38778
-3.38838
-3.38748
-3.38778
-3.3899
-3.38975
-3.38854
-3.38778
-3.38748
-3.38748
-3.38809
-3.38748
-3.38869
-3.38824
-3.38914
-3.38914
-3.38944
-3.38914
-3.38944
-3.38823
-3.38838
-3.38853
-3.38793
-3.38883
-3.38989
-3.39004
-3.3905
-3.3905
-3.3905
-3.38975
-3.3905
-3.39081
-3.39035
-3.3899
-3.39004
-3.39049
-3.39049
-3.3914
-3.39201
-3.39125
-3.3911
-3.39141
-3.39156
-3.39171
-3.39095
-3.3908
-3.3908
-3.39065
-3.39155
-3.39186
-3.39125
-3.3908
-3.39201
-3.39171
-3.39126
-3.39156
-3.39186
-3.39201
-3.39095
-3.3905
-3.3905
-3.39141
-3.39172
-3.39141
-3.39171
-3.39186
-3.39291
-3.39397
-3.39321
-3.39276
-3.39215
-3.3914
-3.39065
-3.39065
-3.39065
-3.3893
-3.38884
-3.38809
-3.38718
-3.38687
-3.38763
-3.38793
-3.38793
-3.38612
-3.38566
-3.38703
-3.38718
-3.38673
-3.38794
-3.38839
-3.38869
-3.38929
-3.38974
-3.3908
-3.39065
-3.3905
-3.38899
-3.38869
-3.38884
-3.38838
-3.38793
-3.38884
-3.38899
-3.38914
-3.38914
-3.38899
-3.38914
-3.38703
-3.38642
-3.38688
-3.38688
-3.38793
-3.38672
-3.38672
-3.38612
-3.38702
-3.38763
-3.38854
-3.38869
-3.38793
-3.38793
-3.38823
-3.38838
-3.38928
-3.38989
-3.38869
-3.38884
-3.38914
-3.39081
-3.3905
-3.39186
-3.39261
-3.39382
-3.39367
-3.39185
-3.39261
-3.39155
-3.39185
-3.3923
-3.39185
-3.3917
-3.3917
-3.3917
-3.39291
-3.39306
-3.39322
-3.39352
-3.39322
-3.39382
-3.39276
-3.39351
-3.39276
-3.39291
-3.39276
-3.39321
-3.39306
-3.39336
-3.39306
-3.39306
-3.39321
-3.39291
-3.39306
-3.39367
-3.39488
-3.39488
-3.39442
-3.39457
-3.39472
-3.39473
-3.39352
-3.3923
-3.39154
-3.39184
-3.39154
-3.39063
-3.39109
-3.39109
-3.39169
-3.39215
-3.39109
-3.39049
-3.39019
-3.38989
-3.38943
-3.38747
-3.38792
-3.38762
-3.38807
-3.38912
-3.38972
-3.38972
-3.39018
-3.38912
-3.38867
-3.38837
-3.38913
-3.38973
-3.39049
-3.39034
-3.38973
-3.39079
-3.38958
-3.39018
-3.39109
-3.39063
-3.39018
-3.39003
-3.39018
-3.38912
-3.38851
-3.38897
-3.38897
-3.38943
-3.38988
-3.38958
-3.38897
-3.38882
-3.38837
-3.38822
-3.38867
-3.38731
-3.38807
-3.38867
-3.38867
-3.38927
-3.38957
-3.38927
-3.38897
-3.38943
-3.38958
-3.38973
-3.39003
-3.39003
-3.39002
-3.39048
-3.39078
-3.39109
-3.39079
-3.39079
-3.38988
-3.38928
-3.38958
-3.38837
-3.38912
-3.38958
-3.39033
-3.39094
-3.39184
-3.39169
-3.39154
-3.39199
-3.39169
-3.39078
-3.39079
-3.39033
-3.39064
-3.38988
-3.39079
-3.39124
-3.39155
-3.3914
-3.3917
-3.39155
-3.39094
-3.39124
-3.39124
-3.39109
-3.39094
-3.39109
-3.39185
-3.39109
-3.39109
-3.39139
-3.39094
-3.39063
-3.39154
-3.39033
-3.38943
-3.38882
-3.38988
-3.38943
-3.38958
-3.39018
-3.39033
-3.39124
-3.39169
-3.39184
-3.39275
-3.3935
-3.39426
-3.39396
-3.39336
-3.39441
-3.39472
-3.39547
-3.39683
-3.39834
-3.39743
-3.39758
-3.39697
-3.39803
-3.39743
-3.39682
-3.39637
-3.39531
-3.39592
-3.39501
-3.39471
-3.39471
-3.3941
-3.39501
-3.39501
-3.39516
-3.39531
-3.39622
-3.39592
-3.39607
-3.39531
-3.39561
-3.39501
-3.39622
-3.39697
-3.39697
-3.39486
-3.39395
-3.39501
-3.39395
-3.3938
-3.39411
-3.39396
-3.39471
-3.39366
-3.39381
-3.39305
-3.39229
-3.39214
-3.39154
-3.39108
-3.39033
-3.39078
-3.38942
-3.38927
-3.38927
-3.38972
-3.38972
-3.38957
-3.38927
-3.38972
-3.38987
-3.39048
-3.39032
-3.39138
-3.39047
-3.39033
-3.38988
-3.39094
-3.39003
-3.38943
-3.38807
-3.38852
-3.38882
-3.38821
-3.38881
-3.38881
-3.38927
-3.38881
-3.38957
-3.38927
-3.39093
-3.39108
-3.38972
-3.38882
-3.38821
-3.38761
-3.38807
-3.38837
-3.38852
-3.38792
-3.38746
-3.38791
-3.3873
-3.38836
-3.38806
-3.38836
-3.38851
-3.38882
-3.38761
-3.38716
-3.38625
-3.38594
-3.3861
-3.38746
-3.38716
-3.38761
-3.38791
-3.38791
-3.38731
-3.38655
-3.38686
-3.38761
-3.38701
-3.38731
-3.38731
-3.38851
-3.38896
-3.38956
-3.39017
-3.38911
-3.38957
-3.39033
-3.39139
-3.39049
-3.39094
-3.39139
-3.39139
-3.39183
-3.39138
-3.39213
-3.39123
-3.39123
-3.39138
-3.39108
-3.39002
-3.38957
-3.38972
-3.39093
-3.39048
-3.39078
-3.38988
-3.39048
-3.39123
-3.39259
-3.39274
-3.3929
-3.39244
-3.39214
-3.39259
-3.39184
-3.39244
-3.39259
-3.3932
-3.39319
-3.39274
-3.39198
-3.39183
-3.39168
-3.39168
-3.39184
-3.39214
-3.3929
-3.39259
-3.39199
-3.39168
-3.39183
-3.39183
-3.39123
-3.39093
-3.38972
-3.39002
-3.39077
-3.39002
-3.38972
-3.39017
-3.39047
-3.39047
-3.39108
-3.39168
-3.39214
-3.39183
-3.39168
-3.39228
-3.39153
-3.39092
-3.39092
-3.39123
-3.39183
-3.39153
-3.39168
-3.39107
-3.39153
-3.39107
-3.39168
-3.39062
-3.39108
-3.39047
-3.38926
-3.38956
-3.39002
-3.39002
-3.39153
-3.39047
-3.39032
-3.39032
-3.38957
-3.38987
-3.38897
-3.38927
-3.38851
-3.39032
-3.39108
-3.39077
-3.39016
-3.38956
-3.38926
-3.38926
-3.38836
-3.38881
-3.38821
-3.38836
-3.38806
-3.38775
-3.38685
-3.387
-3.3876
-3.38684
-3.38624
-3.38609
-3.38564
-3.38579
-3.38579
-3.38534
-3.38519
-3.38594
-3.38579
-3.38579
-3.38488
-3.38534
-3.38533
-3.38624
-3.38684
-3.38654
-3.3879
-3.38851
-3.38896
-3.38942
-3.38851
-3.38836
-3.38927
-3.38972
-3.38896
-3.3876
-3.38654
-3.38624
-3.38579
-3.38715
-3.38775
-3.38836
-3.38881
-3.39002
-3.39002
-3.39032
-3.39002
-3.38866
-3.38806
-3.3876
-3.3876
-3.3873
-3.3876
-3.38624
-3.38669
-3.38669
-3.38669
-3.38806
-3.38761
-3.38731
-3.38701
-3.387
-3.38745
-3.38715
-3.38594
-3.38624
-3.38714
-3.38699
-3.3873
-3.387
-3.387
-3.38655
-3.38761
-3.38942
-3.38987
-3.39077
-3.39077
-3.39108
-3.39093
-3.39033
-3.39017
-3.38911
-3.39002
-3.38941
-3.38986
-3.38971
-3.38895
-3.38865
-3.38881
-3.38881
-3.38926
-3.38881
-3.38912
-3.38942
-3.38896
-3.38896
-3.38896
-3.38911
-3.38926
-3.38911
-3.38941
-3.3885
-3.38911
-3.38835
-3.38821
-3.38911
-3.38896
-3.38836
-3.38836
-3.38851
-3.3885
-3.38926
-3.38971
-3.39002
-3.39047
-3.39107
-3.39273
-3.39379
-3.39334
-3.39289
-3.39259
-3.39289
-3.39334
-3.39274
-3.39153
-3.39153
-3.39168
-3.39062
-3.38987
-3.38956
-3.39017
-3.39093
-3.39032
-3.39047
-3.39123
-3.39077
-3.39092
-3.39228
-3.39228
-3.39228
-3.39213
-3.39273
-3.39288
-3.39303
-3.39273
-3.39153
-3.39274
-3.39244
-3.39395
-3.39365
-3.39304
-3.39274
-3.39259
-3.39198
-3.39259
-3.39289
-3.39228
-3.39198
-3.39183
-3.39168
-3.39062
-3.39078
-3.39168
-3.39138
-3.39063
-3.39153
-3.39274
-3.39274
-3.39455
-3.39455
-3.39334
-3.39364
-3.39379
-3.39258
-3.39349
-3.39455
-3.3941
-3.3941
-3.39485
-3.39395
-3.39395
-3.3944
-3.39515
-3.39545
-3.3947
-3.39455
-3.39455
-3.39365
-3.3938
-3.3935
-3.3932
-3.39365
-3.39334
-3.39274
-3.39289
-3.39379
-3.39409
-3.39455
-3.39439
-3.39319
-3.39168
-3.39138
-3.39153
-3.39093
-3.39062
-3.39108
-3.39077
-3.39077
-3.38957
-3.38896
-3.38896
-3.39002
-3.38971
-3.38926
-3.38987
-3.38881
-3.38926
-3.38881
-3.38911
-3.39032
-3.39048
-3.39063
-3.39002
-3.38972
-3.38896
-3.38896
-3.38881
-3.3882
-3.38775
-3.3876
-3.38791
-3.38715
-3.3873
-3.38776
-3.38761
-3.3873
-3.38836
-3.3876
-3.3867
-3.387
-3.38851
-3.38775
-3.387
-3.38791
-3.38927
-3.39002
-3.39018
-3.39108
-3.39123
-3.39169
-3.39184
-3.39153
-3.38972
-3.39108
-3.38987
-3.38972
-3.38927
-3.38821
-3.3876
-3.38745
-3.38746
-3.38927
-3.39048
-3.38957
-3.39048
-3.38987
-3.39018
-3.39154
-3.39048
-3.38987
-3.38987
-3.39032
-3.39077
-3.39078
-3.39063
-3.38987
-3.38972
-3.38867
-3.38851
-3.38867
-3.38821
-3.38912
-3.38987
-3.39033
-3.39033
-3.39168
-3.39123
-3.39047
-3.38972
-3.38987
-3.39017
-3.39002
-3.39093
-3.39063
-3.39078
-3.39002
-3.39077
-3.39032
-3.38911
-3.38836
-3.38866
-3.38866
-3.38881
-3.38851
-3.38866
-3.38791
-3.38776
-3.38715
-3.3867
-3.3873
-3.38715
-3.3879
-3.38775
-3.38654
-3.38624
-3.38669
-3.3867
-3.38655
-3.387
-3.38716
-3.38791
-3.38776
-3.38761
-3.38761
-3.38761
-3.38806
-3.38791
-3.38821
-3.38896
-3.38912
-3.38897
-3.38897
-3.38912
-3.38942
-3.38987
-3.39047
-3.38927
-3.38776
-3.38761
-3.38806
-3.38837
-3.38912
-3.39093
-3.39017
-3.39017
-3.39183
-3.39244
-3.39229
-3.39214
-3.39124
-3.39244
-3.39244
-3.39184
-3.39123
-3.39183
-3.39213
-3.39244
-3.39229
-3.39184
-3.39078
-3.38942
-3.38957
-3.38988
-3.38897
-3.38957
-3.38911
-3.38881
-3.38927
-3.38806
-3.38836
-3.38851
-3.38836
-3.3873
-3.38654
-3.38714
-3.38654
-3.38684
-3.38654
-3.38715
-3.3876
-3.38775
-3.38669
-3.38669
-3.387
-3.3873
-3.38836
-3.38881
-3.38987
-3.38926
-3.39001
-3.39017
-3.39017
-3.38971
-3.38926
-3.38986
-3.38926
-3.39001
-3.39077
-3.39077
-3.39077
-3.38972
-3.39077
-3.39093
-3.39093
-3.39123
-3.39047
-3.39077
-3.39138
-3.39047
-3.39078
-3.39138
-3.39153
-3.39168
-3.39168
-3.39137
-3.39092
-3.39122
-3.39167
-3.39107
-3.39047
-3.39032
-3.39032
-3.39048
-3.39183
-3.39168
-3.39153
-3.39213
-3.39243
-3.39258
-3.39243
-3.39213
-3.39213
-3.39168
-3.39274
-3.39304
-3.39319
-3.39425
-3.3938
-3.39395
-3.39365
-3.39364
-3.39228
-3.39289
-3.39258
-3.39349
-3.39304
-3.39228
-3.39213
-3.39093
-3.39093
-3.39138
-3.39168
-3.39198
-3.39213
-3.39123
-3.39123
-3.39123
-3.39077
-3.39168
-3.39107
-3.39077
-3.39122
-3.39138
-3.39168
-3.39244
-3.39244
-3.39168
-3.39228
-3.39198
-3.39258
-3.39304
-3.39319
-3.39334
-3.39334
-3.39288
-3.39273
-3.39243
-3.39259
-3.39304
-3.3941
-3.39501
-3.39425
-3.39456
-3.3938
-3.3938
-3.39455
-3.3944
-3.39394
-3.3944
-3.39379
-3.39334
-3.39379
-3.39303
-3.39364
-3.39243
-3.39198
-3.39213
-3.39228
-3.39364
-3.3935
-3.3944
-3.3944
-3.39334
-3.39259
-3.39243
-3.39062
-3.38956
-3.38941
-3.38911
-3.38926
-3.38956
-3.39016
-3.39001
-3.39107
-3.39016
-3.39001
-3.38926
-3.3888
-3.38911
-3.3885
-3.38865
-3.3888
-3.38971
-3.39107
-3.39107
-3.39077
-3.39122
-3.39152
-3.39213
-3.39288
-3.39243
-3.39303
-3.39303
-3.39273
-3.39243
-3.39183
-3.39122
-3.39046
-3.39031
-3.39137
-3.39107
-3.39197
-3.39242
-3.39333
-3.39378
-3.39363
-3.39454
-3.39454
-3.39349
-3.39303
-3.39258
-3.39212
-3.39152
-3.39242
-3.39152
-3.39076
-3.39001
-3.38956
-3.38865
-3.3888
-3.38819
-3.38774
-3.38759
-3.38729
-3.38729
-3.38805
-3.38865
-3.3885
-3.38895
-3.38895
-3.3888
-3.3888
-3.3891
-3.3879
-3.38744
-3.38729
-3.38774
-3.38759
-3.38759
-3.38805
-3.38714
-3.38654
-3.38714
-3.38729
-3.38684
-3.38774
-3.3891
-3.39001
-3.39046
-3.38956
-3.3891
-3.39031
-3.39031
-3.38971
-3.39046
-3.38986
-3.38955
-3.3888
-3.3885
-3.3894
-3.3891
-3.38834
-3.38804
-3.3888
-3.3894
-3.38971
-3.38895
-3.3882
-3.3876
-3.38684
-3.38744
-3.38774
-3.3885
-3.38819
-3.38819
-3.38714
-3.38699
-3.38639
-3.38624
-3.38684
-3.38715
-3.387
-3.3876
-3.38714
-3.38669
-3.38714
-3.38533
-3.38563
-3.38623
-3.38638
-3.38699
-3.38729
-3.38789
-3.38744
-3.38639
-3.38639
-3.38669
-3.387
-3.38684
-3.38715
-3.38805
-3.38654
-3.38609
-3.38442
-3.38397
-3.38352
-3.38427
-3.38533
-3.38427
-3.38427
-3.38397
-3.38291
-3.38321
-3.38367
-3.38503
-3.38518
-3.38488
-3.38473
-3.38533
-3.38654
-3.38699
-3.3876
-3.3873
-3.38624
-3.38654
-3.38805
-3.38866
-3.38896
-3.38866
-3.38956
-3.38911
-3.38835
-3.3885
-3.38835
-3.38865
-3.38866
-3.38805
-3.38851
-3.38972
-3.39002
-3.39108
-3.39078
-3.39062
-3.38941
-3.39017
-3.39016
-3.39062
-3.39092
-3.39092
-3.39183
-3.39259
-3.39138
-3.39229
-3.39228
-3.39289
-3.39198
-3.39198
-3.39137
-3.39152
-3.39183
-3.39107
-3.39032
-3.39033
-3.38957
-3.38912
-3.38987
-3.39078
-3.39123
-3.39092
-3.39017
-3.39077
-3.39138
-3.39032
-3.39107
-3.39138
-3.39138
-3.39123
-3.39168
-3.39123
-3.39153
-3.39078
-3.39183
-3.39198
-3.39183
-3.39198
-3.39198
-3.39258
-3.39259
-3.39289
-3.3935
-3.3941
-3.39395
-3.39455
-3.39365
-3.39319
-3.39394
-3.39318
-3.39273
-3.39273
-3.39258
-3.39152
-3.39077
-3.39092
-3.38956
-3.3885
-3.38911
-3.38881
-3.38881
-3.38881
-3.38956
-3.38986
-3.39017
-3.39062
-3.39092
-3.39108
-3.39198
-3.39198
-3.39364
-3.39334
-3.39213
-3.39137
-3.39198
-3.39243
-3.39348
-3.39258
-3.39288
-3.39304
-3.39289
-3.39349
-3.39334
-3.39334
-3.39274
-3.39289
-3.39258
-3.39182
-3.39076
-3.38925
-3.38865
-3.38956
-3.3885
-3.38851
-3.38866
-3.38836
-3.38896
-3.38791
-3.38821
-3.38896
-3.38941
-3.39016
-3.38971
-3.3894
-3.38865
-3.38804
-3.38805
-3.3882
-3.38835
-3.38896
-3.38865
-3.38986
-3.3888
-3.3885
-3.3891
-3.38789
-3.38895
-3.38971
-3.3894
-3.38956
-3.38986
-3.38971
-3.39047
-3.39016
-3.38956
-3.39016
-3.39016
-3.3891
-3.38865
-3.38971
-3.3891
-3.39077
-3.39001
-3.39047
-3.39122
-3.39122
-3.39017
-3.38956
-3.38896
-3.38881
-3.38821
-3.38927
-3.3876
-3.38775
-3.38896
-3.38866
-3.38896
-3.38986
-3.39047
-3.39001
-3.38956
-3.38971
-3.38896
-3.38821
-3.38821
-3.38866
-3.38866
-3.38866
-3.3873
-3.38715
-3.38654
