1.09198
1.07984
1.06451
1.0472
1.02958
1.01329
0.999071
0.986289
0.97351
0.959494
0.944048
0.928146
0.913471
0.90195
0.895626
0.896365
0.904712
0.918812
0.935204
0.950771
0.963946
0.97454
0.982993
0.989804
0.995136
0.998668
0.999796
0.997948
0.993118
0.986388
0.980059
0.977095
0.979831
0.988746
1.00213
1.01692
1.02988
1.03855
1.04162
1.03896
1.03136
1.0202
1.00704
0.993331
0.980223
0.968516
0.958671
0.950849
0.944898
0.940441
0.937046
0.934517
0.933005
0.932977
0.934842
0.938535
0.943409
0.948553
0.953293
0.957502
0.961588
0.966187
0.971739
0.978127
0.984487
0.989305
0.990775
0.987292
0.978145
0.964337
0.949193
0.937704
0.933839
0.93774
0.945958
0.954092
0.958898
0.958682
0.952969
0.942278
0.92796
0.912069
0.897077
0.885516
0.879466
0.880047
0.88704
0.899045
0.914095
0.930297
0.946142
0.960444
0.972161
0.980292
0.984029
0.982976
0.977329
0.967951
0.95619
0.943564
0.931407
0.920654
0.911938
0.905822
0.902867
0.903336
0.906784
0.911912
0.916812
0.919647
0.919304
0.915679
0.909612
0.902492
0.895661
0.889929
0.885452
0.882014
0.879377
0.8775
0.876335
0.875513
0.874185
0.871183
0.865473
0.856625
0.845048
0.831944
0.818985
0.807846
0.799731
0.795109
0.793677
0.794599
0.796888
0.799826
0.803198
0.807205
0.812222
0.818648
0.826925
0.83741
0.850139
0.864633
0.880026
0.895389
0.909896
0.922922
0.934123
0.943515
0.951612
0.959283
0.967223
0.975366
0.982727
0.987924
0.989892
0.988278
0.983393
0.975941
0.966788
0.95684
0.947007
0.938213
0.931334
0.927093
0.925914
0.927911
0.932902
0.940446
0.949849
0.960213
0.970475
0.979498
0.986207
0.989718
0.989486
0.985421
0.977892
0.967659
0.955746
0.943267
0.931236
0.920383
0.911034
0.903119
0.896285
0.890201
0.884896
0.880953
0.879309
0.880619
0.884702
0.890589
0.897064
0.903215
0.908579
0.912993
0.916362
0.918564
0.919392
0.918605
0.915984
0.911529
0.905616
0.899133
0.893435
0.890077
0.890287
0.894473
0.902041
0.911627
0.921489
0.929848
0.93503
0.935468
0.929893
0.917641
0.899177
0.876436
0.852654
0.831541
0.816278
0.809142
0.811709
0.824797
0.847965
0.87916
0.915076
0.951974
0.986499
1.01617
1.03945
1.05566
1.06475
1.06706
1.06316
1.05381
1.03999
1.02302
1.00453
0.986466
0.970682
0.958576
0.950778
0.947111
0.946806
0.948809
0.952094
0.955836
0.959549
0.963124
0.966677
0.970244
0.973589
0.976195
0.977494
0.977113
0.974848
0.970578
0.964203
0.955771
0.945638
0.934469
0.923199
0.912742
0.90363
0.895845
0.888843
0.881884
0.874511
0.867049
0.860914
0.858515
0.862397
0.873864
0.891946
0.913557
0.934813
0.952352
0.964057
0.969144
0.967881
0.96125
0.950524
0.936899
0.92137
0.904778
0.888063
0.872299
0.858605
0.848035
0.841587
0.840182
0.844539
0.854826
0.870376
0.889764
0.911309
0.933519
0.955204
0.97536
0.99293
1.00672
1.01547
1.01805
1.01362
1.0019
0.983355
0.959304
0.931967
0.9043
0.879594
0.860925
0.850448
0.848896
0.855471
0.868182
0.884594
0.902579
0.920692
0.938094
0.954211
0.968468
0.98024
0.988989
0.994511
0.997044
0.997349
0.996537
0.995742
0.995743
0.996575
0.997555
0.997505
0.995177
0.98966
0.980551
0.968019
0.952709
0.935603
0.917868
0.900749
0.885531
0.873319
0.864681
0.859473
0.857214
0.858001
0.863124
0.874159
0.89086
0.910334
0.928694
0.943357
0.953755
0.960749
0.9657
0.969713
0.973234
0.975934
0.976943
0.97531
0.970488
0.962659
0.952827
0.942567
0.933612
0.927327
0.924336
0.924291
0.926017
0.928041
0.929224
0.92929
0.928911
0.929253
0.931371
0.935762
0.942241
0.950074
0.958171
0.965309
0.970311
0.972311
0.970945
0.966424
0.959459
0.951037
0.942029
0.932877
0.923463
0.913287
0.901875
0.889125
0.875584
0.862382
0.850972
0.842732
0.83863
0.839084
0.843993
0.852733
0.864109
0.876384
0.887523
0.895641
0.899527
0.898971
0.894961
0.889687
0.886005
0.886472
0.892358
0.903318
0.917952
0.934503
0.951165
0.966166
0.977755
0.98438
0.984915
0.978837
0.966343
0.94856
0.927646
0.906854
0.89001
0.880347
0.879253
0.885853
0.897662
0.911825
0.926104
0.939161
0.950328
0.959208
0.965394
0.968314
0.967065
0.960511
0.947693
0.928846
0.906906
0.887855
0.877609
0.877247
0.882567
0.888252
0.890948
0.889356
0.883225
0.872771
0.858631
0.842382
0.826796
0.815306
0.810565
0.813214
0.821922
0.834454
0.84877
0.863469
0.877708
0.89099
0.902939
0.913207
0.921587
0.92834
0.934473
0.941652
0.951535
0.964722
0.980216
0.995869
1.00943
1.01944
1.02542
1.02765
1.0269
1.02413
1.02031
1.01622
1.01232
1.00865
1.00489
1.00052
0.995021
0.98807
0.979627
0.970025
0.959923
0.950272
0.942107
0.936301
0.933371
0.933418
0.936188
0.941275
0.948305
0.956936
0.966792
0.977367
0.988012
0.997941
1.00621
1.01176
1.01365
1.01156
1.0064
1.00065
0.997845
1.00101
1.01092
1.02523
1.03956
1.04958
1.05301
1.05039
1.04443
1.03821
1.0332
1.02864
1.02261
1.01339
1.0006
0.985525
0.970596
0.958049
0.9489
0.943068
0.940183
0.939985
0.942246
0.946619
0.95269
0.960029
0.968211
0.976746
0.985082
0.992588
0.998563
1.00242
1.00384
1.00294
1.00041
0.99724
0.994379
0.992169
0.990154
0.987231
0.982154
0.97414
0.963485
0.951772
0.941454
0.93473
0.93236
0.933397
0.936054
0.9388
0.940878
0.942116
0.942403
0.941395
0.938552
0.933504
0.926455
0.918433
0.911337
0.907739
0.910049
0.919294
0.93429
0.952056
0.969162
0.982995
0.992194
0.996479
0.996231
0.992128
0.984884
0.975128
0.963427
0.950388
0.93679
0.923633
0.912064
0.903247
0.898153
0.897379
0.900999
0.908548
0.9192
0.931967
0.945863
0.959978
0.973416
0.985267
0.994628
1.00071
1.00306
1.00178
0.997677
0.992241
0.987224
0.984004
0.98309
0.984137
0.986499
0.989783
0.994075
0.999695
1.0068
1.01496
1.02307
1.02945
1.03215
1.02947
1.02029
1.00432
0.982256
0.955673
0.926893
0.898718
0.873984
0.855024
0.84326
0.838908
0.841137
0.848418
0.859018
0.871287
0.883765
0.895213
0.904645
0.911387
0.915064
0.915583
0.91313
0.908296
0.902012
0.895278
0.888682
0.882275
0.8759
0.86978
0.864835
0.862512
0.864117
0.870054
0.879416
0.890155
0.8998
0.906351
0.908974
0.908232
0.905819
0.903942
0.904492
0.908417
0.915457
0.924471
0.933992
0.942827
0.950455
0.957054
0.96332
0.970083
0.977925
0.986982
0.996953
1.00728
1.01739
1.02669
1.03459
1.04045
1.04373
1.04409
1.04156
1.03665
1.03027
1.02356
1.01751
1.0126
1.00859
1.00455
0.999249
0.991567
0.980998
0.96789
0.953368
0.939025
0.926371
0.916453
0.909654
0.905701
0.904003
0.903954
0.905178
0.90752
0.910815
0.914657
0.918463
0.921608
0.923598
0.924046
0.922707
0.919539
0.914789
0.909036
0.903114
0.897917
0.894091
0.891945
0.891443
0.892382
0.894576
0.897929
0.902375
0.907777
0.913951
0.920802
0.92841
0.936864
0.946011
0.955309
0.963955
0.971046
0.975695
0.977083
0.974575
0.967936
0.95767
0.945447
0.934192
0.92739
0.927501
0.934623
0.946829
0.961624
0.976965
0.991463
1.0042
1.01456
1.02218
1.02694
1.02896
1.02865
1.02665
1.02363
1.02025
1.01697
1.01401
1.01128
1.0085
1.0052
1.00092
0.995384
0.98883
0.982101
0.976594
0.97381
0.974812
0.979894
0.988585
0.999744
1.0118
1.02314
1.03246
1.03914
1.04312
1.04481
1.04475
1.04346
1.04134
1.03863
1.03544
1.03187
1.0281
1.02446
1.02128
1.01858
1.01593
1.01254
1.00748
1.00006
0.98996
0.977293
0.962531
0.946399
0.929735
0.913431
0.898567
0.886454
0.878509
0.875769
0.878381
0.885441
0.895381
0.906529
0.917606
0.92784
0.936893
0.944687
0.951253
0.956615
0.960823
0.964004
0.966458
0.96867
0.971203
0.974511
0.978702
0.983475
0.988187
0.991995
0.9941
0.99393
0.99115
0.985637
0.977417
0.966599
0.953422
0.938501
0.923054
0.908587
0.896193
0.886097
0.878052
0.872159
0.869082
0.869415
0.872991
0.878769
0.885342
0.891686
0.897508
0.903112
0.908901
0.915103
0.921759
0.928877
0.936499
0.944685
0.953476
0.962885
0.972795
0.982796
0.992033
0.999273
1.00319
1.0027
0.997376
0.987651
0.974849
0.960874
0.947719
0.937071
0.930121
0.927618
0.929858
0.936591
0.947041
0.960003
0.973915
0.98706
0.997788
1.00479
1.00736
1.00562
1.00053
0.993682
0.986754
0.980986
0.976859
0.974366
0.973305
0.973433
0.974287
0.974957
0.974233
0.971067
0.965014
0.956559
0.947229
0.939271
0.934738
0.934412
0.937372
0.941653
0.945437
0.947747
0.94844
0.947923
0.946897
0.946194
0.946638
0.948941
0.953566
0.960531
0.969272
0.978673
0.987295
0.993764
0.997078
0.996792
0.993106
0.986762
0.978842
0.970461
0.962488
0.955311
0.948831
0.942684
0.93652
0.930263
0.924034
0.917938
0.911949
0.906119
0.900865
0.896914
0.894805
0.894592
0.896055
0.89919
0.904369
0.911887
0.921397
0.931736
0.941365
0.948983
0.954002
0.956574
0.957274
0.956704
0.955134
0.952489
0.948466
0.942847
0.935766
0.927904
0.920385
0.914421
0.910925
0.910268
0.912247
0.916208
0.92128
0.926519
0.931132
0.934551
0.936473
0.936839
0.93572
0.933131
0.928884
0.922549
0.913613
0.901933
0.888254
0.874486
0.863356
0.85735
0.857563
0.86324
0.872321
0.882439
0.891719
0.899229
0.904954
0.909577
0.913992
0.918804
0.924029
0.929128
0.933089
0.934593
0.932392
0.925926
0.915766
0.903673
0.892179
0.883807
0.880237
0.881863
0.887922
0.89702
0.90769
0.918654
0.92884
0.937315
0.943164
0.945436
0.943307
0.936534
0.925899
0.913294
0.901234
0.891901
0.886363
0.884462
0.885365
0.888182
0.892302
0.897379
0.903056
0.908695
0.913385
0.916376
0.917628
0.917994
0.918816
0.921176
0.925443
0.931308
0.938335
0.946387
0.955702
0.966522
0.978557
0.990688
1.00122
1.00856
1.01178
1.01076
1.00606
0.998623
0.989602
0.980295
0.972097
0.966319
0.96387
0.964837
0.968298
0.972575
0.975857
0.976857
0.975243
0.97162
0.967137
0.962921
0.959601
0.957102
0.954884
0.952435
0.949794
0.94783
0.948006
0.951594
0.958929
0.969052
0.98004
0.989754
0.996517
0.999466
0.998525
0.994172
0.987278
0.978924
0.970334
0.962817
0.957705
0.956213
0.959149
0.966528
0.977415
0.990138
1.00284
1.01391
1.02228
1.0274
1.02915
1.02764
1.02321
1.01627
1.00723
0.996491
0.984397
0.971257
0.957526
0.944007
0.932056
0.923586
0.920503
0.923568
0.931614
0.941884
0.951353
0.957893
0.960788
0.960657
0.959006
0.957611
0.957913
0.960783
0.96647
0.974663
0.984408
0.994193
1.0023
1.00727
1.00832
1.00542
0.999104
0.990367
0.980537
0.97112
0.963495
0.958561
0.95647
0.956666
0.958137
0.959799
0.960766
0.960558
0.959142
0.956742
0.953588
0.94965
0.944568
0.937747
0.92863
0.916985
0.903172
0.888313
0.874135
0.862553
0.854933
0.85167
0.852395
0.856454
0.863312
0.872568
0.883819
0.896568
0.910238
0.924263
0.938114
0.951209
0.96283
0.972172
0.978516
0.981411
0.980737
0.976609
0.969329
0.959325
0.947214
0.933919
0.920703
0.909122
0.900799
0.897113
0.898795
0.905597
0.916059
0.92783
0.938358
0.945655
0.948756
0.94776
0.943499
0.937165
0.929918
0.922621
0.915645
0.908922
0.902205
0.895422
0.888923
0.883416
0.879611
0.877717
0.877199
0.876921
0.875498
0.871727
0.864821
0.854723
0.842388
0.829951
0.820541
0.817334
0.822193
0.834773
0.852777
0.87296
0.892218
0.908309
0.920152
0.927784
0.932066
0.934238
0.935376
0.936144
0.936751
0.937257
0.937798
0.938772
0.940597
0.943445
0.946987
0.950375
0.952454
0.952162
0.948852
0.942426
0.933444
0.922992
0.912527
0.903527
0.897108
0.89365
0.892708
0.893273
0.894182
0.894582
0.894042
0.89252
0.890271
0.887908
0.886439
0.887163
0.891149
0.898743
0.909291
0.921361
0.933257
0.943561
0.951389
0.956436
0.958828
0.958955
0.957333
0.954555
0.95132
0.948461
0.946845
0.947108
0.949354
0.953039
0.957166
0.960717
0.962965
0.963441
0.961787
0.957686
0.95089
0.941477
0.93025
0.919201
0.911653
0.911309
0.920106
0.936564
0.956689
0.976278
0.992554
1.00434
1.01162
1.01495
1.015
1.01221
1.00681
0.99877
0.988151
0.975147
0.960053
0.943147
0.92461
0.904663
0.883847
0.86333
0.84511
0.831825
0.826053
0.829377
0.841704
0.861223
0.885016
0.909861
0.932962
0.952386
0.967112
0.976966
0.982384
0.984286
0.983972
0.982889
0.982246
0.982566
0.983506
0.984075
0.983304
0.980866
0.977458
0.974523
0.973572
0.975429
0.979789
0.985203
0.989525
0.990659
0.987394
0.979895
0.96963
0.958727
0.949171
0.942111
0.937755
0.935783
0.935825
0.937666
0.941042
0.945317
0.949481
0.952492
0.953641
0.952673
0.949567
0.944225
0.936401
0.926008
0.913604
0.900526
0.88841
0.878353
0.870317
0.863464
0.856899
0.850254
0.843743
0.837953
0.833487
0.830757
0.829882
0.83083
0.833693
0.839053
0.848043
0.861781
0.880275
0.901694
0.922876
0.940633
0.952848
0.958828
0.959105
0.954905
0.947688
0.938808
0.929384
0.920412
0.91301
0.908487
0.90802
0.912097
0.920087
0.930418
0.94121
0.950911
0.958679
0.964389
0.968402
0.971317
0.973722
0.976112
0.978822
0.982032
0.985705
0.989727
0.99405
0.998794
1.00425
1.01077
1.0187
1.02813
1.03884
1.05019
1.06129
1.07113
1.07862
1.08263
1.08196
1.07568
1.06318
1.04448
1.02018
0.991538
0.960346
0.928767
0.899033
0.873167
0.852777
0.839011
0.832558
0.833415
0.840522
0.851781
0.864719
0.87741
0.888975
0.899431
0.909198
0.918668
0.92804
0.937365
0.946622
0.9557
0.964363
0.972212
0.978794
0.983748
0.986903
0.988325
0.988249
0.987096
0.985604
0.985077
0.987276
0.99351
1.00335
1.01436
1.02351
1.02863
1.02898
1.02468
1.01588
1.00236
0.983698
0.959998
0.932658
0.904739
0.880467
0.863835
0.857035
0.859661
0.869183
0.882277
0.896015
0.908452
0.918636
0.926281
0.931451
0.934364
0.935362
0.934975
0.933963
0.93317
0.933361
0.93508
0.93851
0.943518
0.949706
0.956459
0.962999
0.968445
0.971914
0.972694
0.970435
0.965272
0.957789
0.948767
0.938826
0.928319
0.91753
0.90694
0.897363
0.889818
0.885245
0.884392
0.887754
0.895576
0.907823
0.924098
0.943534
0.964817
0.986238
1.00589
1.02187
1.03244
1.03629
1.03269
1.02173
1.00451
0.983187
0.960756
0.940499
0.925294
0.917032
0.916399
0.922906
0.935028
0.950577
0.967128
0.982424
0.994761
1.00313
1.00717
1.00709
1.00356
0.997691
0.990884
0.984485
0.979378
0.975809
0.973504
0.971947
0.970584
0.968816
0.965924
0.961257
0.954634
0.94659
0.938172
0.930271
0.923003
0.915744
0.907674
0.898214
0.887236
0.874932
0.861857
0.84917
0.838893
0.833543
0.835138
0.844185
0.859393
0.878297
0.898274
0.917242
0.933894
0.947517
0.957785
0.964645
0.968305
0.969316
0.968527
0.967052
0.966128
0.966836
0.969846
0.975229
0.98239
0.990167
0.997077
1.00162
1.00254
0.999083
0.991053
0.978913
0.963738
0.947149
0.931065
0.917351
0.907433
0.902099
0.901376
0.904691
0.911132
0.919605
0.928964
0.938139
0.946283
0.95292
0.957865
0.960894
0.961599
0.959731
0.955736
0.950997
0.947379
0.946366
0.948293
0.952344
0.957126
0.961396
0.964393
0.965767
0.965378
0.963154
0.959017
0.952991
0.945293
0.936471
0.927424
0.919251
0.91308
0.909911
0.910478
0.915073
0.92338
0.934546
0.947403
0.960713
0.973373
0.984413
0.992918
0.998015
0.99904
0.99572
0.988311
0.977622
0.964978
0.952019
0.940393
0.931329
0.925111
0.920783
0.916357
0.909844
0.900688
0.89074
0.883577
0.881976
0.885708
0.892001
0.897756
0.901287
0.902576
0.902526
0.9019
0.900674
0.898188
0.893804
0.887382
0.879378
0.870661
0.862391
0.855869
0.852368
0.852708
0.856815
0.863685
0.871668
0.878984
0.884145
0.886109
0.884235
0.878188
0.868054
0.854721
0.840181
0.827101
0.817492
0.811672
0.808653
0.807384
0.807443
0.808895
0.811902
0.816498
0.822603
0.830009
0.838387
0.847247
0.855954
0.863998
0.871431
0.879198
0.888907
0.90183
0.917857
0.93558
0.953309
0.969786
0.984223
0.99608
1.00485
1.01002
1.01115
1.00798
1.00051
0.989162
0.974659
0.95798
0.940203
0.922408
0.905563
0.89056
0.878208
0.869274
0.864392
0.863974
0.868127
0.876686
0.889167
0.904738
0.922247
0.940294
0.95753
0.97284
0.985477
0.995075
1.00154
1.00496
1.00556
1.00375
1.00015
0.995471
0.990276
0.984555
0.977664
0.968633
0.956732
0.94192
0.925033
0.907733
0.892099
0.880065
0.872805
0.870565
0.872892
0.879096
0.888544
0.90076
0.915258
0.931303
0.947731
0.962985
0.975336
0.983226
0.985597
0.98213
0.973414
0.96104
0.947561
0.936012
0.929209
0.928911
0.93524
0.946648
0.960392
0.973321
0.982767
0.987131
0.986074
0.980238
0.970758
0.958799
0.945482
0.931988
0.919694
0.910123
0.904722
0.904512
0.909805
0.91995
0.933303
0.947436
0.959637
0.967555
0.969682
0.965597
0.955881
0.941863
0.925396
0.908648
0.893836
0.882897
0.877101
0.876757
0.881225
0.889197
0.899143
0.909636
0.919549
0.92807
0.934661
0.939052
0.941253
0.941447
0.939814
0.93637
0.930809
0.922718
0.911995
0.899323
0.88644
0.875872
0.870055
0.870225
0.87594
0.885594
0.89733
0.909714
0.921899
0.933419
0.943966
0.953278
0.961226
0.967857
0.973387
0.978071
0.981975
0.985046
0.987265
0.988931
0.990647
0.99304
0.996403
1.00045
1.00444
1.00747
1.00866
1.00749
1.00381
0.997902
0.990353
0.981869
0.973156
0.964927
0.957937
0.952854
0.950072
0.949484
0.950486
0.952112
0.953336
0.953315
0.95154
0.947823
0.942245
0.93538
0.928577
0.924009
0.923899
0.929023
0.937969
0.947978
0.956648
0.96291
0.966968
0.969632
0.971716
0.973703
0.975679
0.977479
0.978839
0.979567
0.979595
0.979005
0.977923
0.976354
0.974138
0.970957
0.96639
0.960015
0.951468
0.940568
0.92737
0.91222
0.895852
0.879308
0.86387
0.850715
0.840523
0.833304
0.828587
0.825987
0.825587
0.827912
0.833392
0.841623
0.851035
0.859212
0.863865
0.863834
0.859562
0.852817
0.845945
0.841033
0.839437
0.841718
0.84773
0.856758
0.867704
0.879233
0.890103
0.899317
0.906359
0.911172
0.91397
0.914904
0.913795
0.910118
0.903379
0.893609
0.881887
0.870481
0.862284
0.859573
0.862854
0.870859
0.881537
0.893191
0.90484
0.915913
0.925778
0.933558
0.9385
0.940486
0.940295
0.93925
0.938538
0.938636
0.939368
0.94034
0.941416
0.94278
0.944674
0.947153
0.949987
0.952829
0.955404
0.957632
0.95966
0.961709
0.963941
0.966316
0.96862
0.97044
0.971178
0.970131
0.966627
0.960229
0.950917
0.939053
0.925245
0.910158
0.894421
0.878691
0.863776
0.850737
0.840877
0.835456
0.83533
0.840711
0.851159
0.86571
0.883106
0.902005
0.921186
0.939662
0.956583
0.971065
0.982236
0.989419
0.992334
0.991137
0.986297
0.978433
0.968231
0.956403
0.94372
0.930943
0.918738
0.907569
0.897696
0.889332
0.882851
0.878832
0.877982
0.880777
0.887013
0.895713
0.905297
0.914113
0.920972
0.925416
0.927735
0.928728
0.929452
0.930981
0.934173
0.939338
0.946093
0.953361
0.959684
0.963693
0.964522
0.962102
0.957232
0.951308
0.945857
0.941968
0.93994
0.939284
0.939018
0.938154
0.936021
0.93239
0.927555
0.922299
0.917799
0.915294
0.915622
0.918916
0.924554
0.931506
0.938688
0.945342
0.951192
0.956433
0.961631
0.967572
0.974871
0.983151
0.990595
0.994771
0.994045
0.988236
0.978399
0.966244
0.953576
0.941832
0.931813
0.923608
0.91675
0.910543
0.904426
0.898275
0.892487
0.887997
0.885982
0.887392
0.89243
0.900267
0.909278
0.917565
0.92357
0.926425
0.925979
0.92257
0.9168
0.909369
0.901032
0.892638
0.885256
0.880131
0.878497
0.881268
0.88879
0.900783
0.916416
0.93436
0.952845
0.969884
0.983654
0.992951
0.997491
0.998081
0.996127
0.992607
0.987403
0.979709
0.969185
0.956676
0.943842
0.931926
0.921
0.910337
0.89939
0.88848
0.878694
0.871376
0.867719
0.868528
0.874011
0.883693
0.89653
0.91115
0.926069
0.939964
0.951869
0.961335
0.968388
0.97339
0.976756
0.978743
0.9793
0.978102
0.974677
0.968559
0.959417
0.947163
0.932174
0.915523
0.899008
0.884689
0.874091
0.867773
0.865513
0.866822
0.871207
0.878073
0.886479
0.895086
0.902373
0.90698
0.908036
0.90522
0.898571
0.888356
0.87519
0.860409
0.846584
0.837291
0.835873
0.843684
0.859166
0.878694
0.89825
0.914858
0.927185
0.935433
0.94065
0.943787
0.945086
0.944052
0.940067
0.933033
0.923802
0.914032
0.905489
0.899221
0.895294
0.893305
0.893134
0.89516
0.899993
0.90811
0.919652
0.934348
0.951528
0.970184
0.989055
1.00676
1.02194
1.03335
1.04002
1.04139
1.03748
1.0291
1.0178
1.00571
0.995118
0.987791
0.984505
0.984925
0.987913
0.992014
0.995924
0.998726
0.999891
0.999141
0.996308
0.991238
0.983808
0.974047
0.962231
0.948964
0.935127
0.921734
0.909804
0.900263
0.893907
0.891448
0.893291
0.899159
0.907823
0.91738
0.926021
0.932696
0.937267
0.940216
0.942221
0.943816
0.945213
0.946276
0.946722
0.946354
0.945255
0.943833
0.942614
0.94198
0.941944
0.942157
0.942116
0.941368
0.939734
0.937395
0.934759
0.932288
0.93035
0.929157
0.928776
0.929207
0.930469
0.932529
0.935109
0.937591
0.939061
0.938621
0.935784
0.930796
0.924695
0.919131
0.915951
0.916602
0.921544
0.930035
0.94045
0.950905
0.959809
0.96619
0.969714
0.970489
0.968807
0.96495
0.959214
0.952058
0.94429
0.937119
0.931928
0.929823
0.931243
0.935773
0.942337
0.949513
0.955928
0.960491
0.962605
0.962279
0.960216
0.957675
0.956058
0.956416
0.958968
0.963043
0.967369
0.970527
0.971391
0.969455
0.964931
0.958579
0.951342
0.943919
0.93657
0.929218
0.921757
0.91427
0.90706
0.900529
0.89495
0.890402
0.88688
0.884454
0.883352
0.883866
0.886176
0.890119
0.895064
0.899924
0.903334
0.904083
0.901534
0.896019
0.888937
0.882361
0.878432
0.878728
0.883884
0.893567
0.906741
0.921962
0.937723
0.952678
0.965749
0.976025
0.982724
0.985242
0.983337
0.977374
0.968324
0.957573
0.946516
0.936121
0.926769
0.918353
0.910547
0.903079
0.895973
0.889624
0.884739
0.882168
0.882597
0.886168
0.892216
0.899358
0.90596
0.910659
0.912734
0.912178
0.909511
0.905468
0.900784
0.896096
0.891803
0.888135
0.885291
0.883594
0.883487
0.885306
0.889151
0.894837
0.902053
0.910535
0.920035
0.930207
0.940405
0.949626
0.956689
0.960558
0.960761
0.95768
0.952509
0.946824
0.941978
0.938583
0.936465
0.93493
0.933206
0.93074
0.927375
0.923284
0.91877
0.91409
0.909383
0.904798
0.900611
0.897277
0.895359
0.895372
0.897645
0.902235
0.908791
0.916562
0.924464
0.931229
0.935629
0.936665
0.93372
0.926725
0.916362
0.904234
0.892673
0.884063
0.879811
0.879658
0.881928
0.884386
0.885182
0.883317
0.878733
0.872148
0.864948
0.859092
0.856782
0.859778
0.868598
0.88221
0.898625
0.915925
0.932895
0.948983
0.963975
0.977612
0.989413
0.998723
1.00474
1.00657
1.00331
0.994215
0.978985
0.958098
0.933015
0.906211
0.880809
0.859863
0.845578
0.838759
0.838686
0.843607
0.851517
0.861011
0.871697
0.883774
0.897094
0.910419
0.921565
0.928255
0.928986
0.92351
0.912832
0.898897
0.884015
0.870217
0.858907
0.850878
0.846461
0.845565
0.847657
0.851938
0.857664
0.864433
0.87226
0.881326
0.891765
0.90351
0.916248
0.929549
0.942941
0.955905
0.967922
0.978564
0.987547
0.994784
1.00041
1.00477
1.00832
1.01152
1.01459
1.01737
1.0193
1.0195
1.01707
1.01144
1.00261
0.991344
0.979163
0.968128
0.960332
0.957228
0.95902
0.964484
0.971344
0.97685
0.978461
0.974438
0.964561
0.950756
0.936868
0.926736
0.921627
0.91967
0.917684
0.91334
0.906154
0.89749
0.889956
0.886488
0.889237
0.898583
0.912719
0.92837
0.9422
0.952158
0.958227
0.962187
0.966369
0.972041
0.978802
0.985364
0.990637
0.994249
0.996444
0.997774
0.998815
0.999944
1.00129
1.00278
1.00423
1.00553
1.00679
1.00826
1.01022
1.01276
1.01562
1.0181
1.0193
1.01841
1.01496
1.00908
1.0015
0.993278
0.985406
0.978413
0.972176
0.966174
0.959965
0.953628
0.947933
0.944182
0.943852
0.948
0.956799
0.96932
0.983735
0.997842
1.00974
1.01819
1.02277
1.02366
1.02145
1.01694
1.01096
1.0043
0.997487
0.990702
0.98377
0.976458
0.96876
0.961095
0.954296
0.949367
0.947121
0.94796
0.951805
0.958245
0.966733
0.97669
0.987488
0.998426
1.00867
1.01728
1.02321
1.02546
1.02325
1.01622
1.00482
0.990453
0.975408
0.962147
0.952315
0.946162
0.942601
0.940014
0.937028
0.933064
0.928377
0.923738
0.920078
0.918216
0.918687
0.921705
0.927193
0.934747
0.943693
0.95309
0.961805
0.968666
0.972685
0.973342
0.970712
0.965404
0.95828
0.950149
0.941641
0.933315
0.925734
0.919466
0.91489
0.912152
0.911291
0.912154
0.914138
0.916159
0.917061
0.916304
0.914299
0.912179
0.911176
0.912058
0.914913
0.919364
0.924934
0.931205
0.9377
0.943657
0.948088
0.950241
0.950112
0.948708
0.947812
0.949493
0.955413
0.966313
0.98173
1.00008
1.01901
1.03588
1.0483
1.05442
1.05306
1.04389
1.02769
1.00668
0.984426
0.964928
0.951076
0.943652
0.941753
0.944048
0.949363
0.956531
0.964289
0.971625
0.978089
0.983741
0.98865
0.992535
0.99472
0.994266
0.990316
0.982468
0.971037
0.957128
0.942483
0.92905
0.918407
0.911268
0.907301
0.905242
0.903341
0.89985
0.893407
0.883307
0.869653
0.853411
0.836358
0.820975
0.809982
0.805767
0.809573
0.821048
0.838358
0.858889
0.879911
0.899067
0.914601
0.925595
0.932148
0.9353
0.936761
0.938294
0.941154
0.945767
0.951841
0.958695
0.965309
0.970107
0.970935
0.965843
0.954234
0.937452
0.918376
0.900377
0.886238
0.877612
0.875063
0.878337
0.886672
0.898974
0.914007
0.930503
0.947192
0.962879
0.976551
0.987474
0.995298
1.0001
1.00224
1.00222
1.00054
0.997636
0.993754
0.989043
0.983751
0.978445
0.974161
0.972233
0.9738
0.979187
0.987644
0.997526
1.0069
1.01425
1.01885
1.02083
1.0209
1.01993
1.01854
1.01697
1.01502
1.01228
1.00834
1.00279
0.995453
0.986458
0.976313
0.965908
0.956351
0.948664
0.943491
0.940862
0.940168
0.940409
0.940549
0.939903
0.938412
0.936586
0.935215
0.934921
0.935964
0.938302
0.941835
0.94649
0.95215
0.95846
0.964694
0.969718
0.972259
0.971253
0.966231
0.95753
0.946297
0.934116
0.922561
0.91279
0.90532
0.900161
0.896931
0.895089
0.894079
0.893467
0.893042
0.892903
0.893444
0.895174
0.898441
0.903174
0.908815
0.914566
0.919725
0.924119
0.928162
0.932491
0.937367
0.942317
0.946333
0.948331
0.947467
0.943344
0.936053
0.926185
0.914777
0.90316
0.892687
0.884437
0.878903
0.875831
0.874367
0.873435
0.872225
0.870414
0.868076
0.865502
0.863181
0.861972
0.863173
0.868148
0.877538
0.890525
0.904989
0.918425
0.928905
0.935503
0.938213
0.937685
0.934978
0.93136
0.928095
0.926197
0.926299
0.92854
0.93259
0.937799
0.943331
0.948443
0.952727
0.956131
0.958816
0.960757
0.961513
0.960388
0.956805
0.950611
0.942178
0.932324
0.922088
0.912562
0.904678
0.899116
0.896301
0.896572
0.900266
0.907613
0.918442
0.931977
0.946977
0.962117
0.976314
0.988963
0.999866
1.00906
1.01668
1.02284
1.02757
1.03087
1.03261
1.03263
1.03065
1.02655
1.02045
1.01278
1.00426
0.995794
0.988221
0.982055
0.977275
0.973269
0.968945
0.963092
0.954732
0.943477
0.929665
0.914346
0.899105
0.885742
0.875834
0.870425
0.869814
0.873591
0.880898
0.890669
0.901764
0.912978
0.923107
0.931104
0.936279
0.938425
0.937734
0.934501
0.928847
0.920735
0.910445
0.899143
0.889067
0.882996
0.883079
0.889836
0.902043
0.91752
0.933948
0.949444
0.962699
0.972966
0.979971
0.983732
0.984356
0.981957
0.976665
0.968742
0.958736
0.947548
0.936438
0.926862
0.920258
0.91771
0.91951
0.924784
0.931568
0.937493
0.940774
0.94086
0.938579
0.935681
0.934077
0.935121
0.939213
0.94588
0.954121
0.962779
0.970811
0.9775
0.982557
0.986076
0.988468
0.990271
0.991974
0.993869
0.99592
0.99784
0.999173
0.999402
0.998023
0.994542
0.988559
0.9799
0.968836
0.956154
0.943167
0.931441
0.922382
0.916958
0.915557
0.918067
0.924001
0.932456
0.942079
0.951156
0.957969
0.961373
0.961235
0.958487
0.954684
0.951212
0.948627
0.946493
0.94396
0.940672
0.93714
0.934138
0.93183
0.929633
0.926881
0.923323
0.919096
0.914546
0.91019
0.906784
0.9053
0.906746
0.911871
0.920844
0.933063
0.947205
0.961663
0.975211
0.987326
0.998022
1.00746
1.01552
1.02169
1.02517
1.02512
1.02086
1.01212
0.999076
0.982286
0.962604
0.941115
0.919027
0.897547
0.877834
0.861075
0.848642
0.842068
0.84247
0.849648
0.861765
0.876007
0.889751
0.901462
0.910878
0.918528
0.925106
0.930998
0.936155
0.940163
0.942392
0.942239
0.939318
0.933567
0.92537
0.9155
0.905039
0.89516
0.886904
0.881084
0.87828
0.878875
0.882931
0.890001
0.899069
0.908676
0.917273
0.923477
0.926257
0.924927
0.919185
0.909175
0.895644
0.880069
0.864637
0.85196
0.844645
0.844815
0.853525
0.869952
0.891047
0.912527
0.930636
0.943433
0.950784
0.953599
0.952966
0.949741
0.944556
0.937944
0.930459
0.922693
0.915316
0.909109
0.904967
0.903814
0.906398
0.912974
0.92325
0.936534
0.952013
0.968979
0.986856
1.00502
1.02243
1.03762
1.04894
1.05502
1.05522
1.04968
1.03915
1.02471
1.00747
0.988331
0.967961
0.946936
0.926029
0.906422
0.889603
0.877061
0.869818
0.868012
0.870852
0.877023
0.885309
0.895017
0.905933
0.917929
0.930435
0.94231
0.952144
0.958807
0.961849
0.961517
0.958579
0.954093
0.949269
0.945434
0.943976
0.946168
0.952815
0.96383
0.978048
0.993452
1.00767
1.01862
1.02491
1.02596
1.02204
1.01414
1.00368
0.992295
0.98153
0.972627
0.966474
0.963608
0.964192
0.96797
0.97428
0.982129
0.990416
0.998193
1.00488
1.01029
1.01445
1.01729
1.0186
1.01817
1.01604
1.01245
1.00759
1.00146
0.993932
0.985119
0.975552
0.966246
0.958449
0.953304
0.951377
0.952467
0.955648
0.959601
0.96299
0.96487
0.964816
0.962924
0.959689
0.95582
0.951997
0.9487
0.94609
0.943916
0.941599
0.938373
0.933522
0.926598
0.9176
0.90697
0.895586
0.884651
0.87549
0.869225
0.86651
0.867347
0.871093
0.876743
0.883337
0.890266
0.897447
0.905313
0.914602
0.926006
0.939788
0.955581
0.972459
0.989055
1.00375
1.01493
1.02121
1.02175
1.01642
1.00598
0.991903
0.976071
0.960243
0.945633
0.93283
0.922126
0.913899
0.908649
0.906664
0.907659
0.910748
0.914798
0.918844
0.922237
0.924537
0.925411
0.924662
0.922294
0.918597
0.914134
0.909616
0.905785
0.903224
0.902269
0.903008
0.905299
0.908801
0.912931
0.916886
0.919746
0.920854
0.920134
0.918117
0.91553
0.912888
0.910467
0.908719
0.908425
0.910508
0.915618
0.923794
0.934376
0.946196
0.957783
0.967638
0.974439
0.977148
0.975199
0.968825
0.959305
0.948783
0.93936
0.932077
0.926937
0.923836
0.923299
0.926255
0.933317
0.944194
0.957673
0.972034
0.985607
0.997211
1.00627
1.01272
1.01678
1.01873
1.01876
1.01688
1.013
1.00702
0.999088
0.989791
0.980398
0.972797
0.969015
0.970375
0.976826
0.986817
0.99782
1.00723
1.01312
1.01452
1.01137
1.00407
0.993174
0.979189
0.962742
0.944835
0.927013
0.911296
0.899715
0.893699
0.893548
0.898397
0.906471
0.915626
0.923904
0.929898
0.932972
0.933237
0.931369
0.928325
0.924984
0.921812
0.918777
0.915406
0.911177
0.906007
0.900556
0.896073
0.893735
0.893988
0.896308
0.899554
0.902591
0.904748
0.90588
0.906008
0.905042
0.902704
0.898681
0.892961
0.88615
0.879762
0.875966
0.876735
0.88269
0.892663
0.904281
0.915037
0.923085
0.927536
0.928406
0.926467
0.92305
0.919746
0.918022
0.919002
0.923261
0.930595
0.9399
0.949344
0.957081
0.962034
0.964314
0.965138
0.966304
0.969398
0.974972
0.98221
0.989172
0.993656
0.994138
0.990379
0.983528
0.975638
0.968946
0.965094
0.964499
0.966212
0.968353
0.968916
0.966475
0.960555
0.951657
0.941032
0.930351
0.921233
0.914864
0.911674
0.911287
0.912673
0.914434
0.915174
0.9138
0.909819
0.903412
0.895363
0.886808
0.87891
0.872561
0.868143
0.865549
0.864254
0.863545
0.862618
0.860875
0.858123
0.854763
0.851779
0.85043
0.851714
0.855979
0.862759
0.870994
0.879417
0.88693
0.892887
0.897229
0.900473
0.903612
0.907796
0.913983
0.922496
0.93279
0.943461
0.952639
0.958596
0.96041
0.958362
0.953805
0.948436
0.943422
0.939036
0.934989
0.930852
0.926018
0.919419
0.909644
0.895837
0.879008
0.86255
0.850915
0.847185
0.852119
0.865057
0.884598
0.908312
0.932763
0.954336
0.970347
0.979608
0.982373
0.979849
0.973675
0.965563
0.956978
0.948992
0.942198
0.936724
0.932329
0.928558
0.924956
0.921278
0.917711
0.914905
0.91392
0.915917
0.921703
0.931327
0.94396
0.958124
0.972064
0.984082
0.992695
0.996776
0.995637
0.989322
0.978743
0.965608
0.952141
0.940541
0.932541
0.929103
0.930377
0.935888
0.944677
0.955477
0.966892
0.977679
0.98698
0.994455
1.00016
1.00429
1.007
1.00834
1.00843
1.00744
1.00555
1.00279
0.999074
0.994277
0.988548
0.982633
0.977935
0.976106
0.978146
0.983633
0.990842
0.997679
1.00244
1.00409
1.00206
0.996036
0.986008
0.972434
0.956411
0.939669
0.924365
0.912637
0.905919
0.904378
0.906751
0.910744
0.91402
0.915048
0.913551
0.910419
0.907142
0.905196
0.905586
0.908654
0.914136
0.92142
0.92994
0.939464
0.950011
0.961551
0.973613
0.985244
0.995256
1.00258
1.00649
1.0067
1.00345
0.997359
0.989301
0.980256
0.971302
0.963518
0.957841
0.954805
0.954411
0.956146
0.959081
0.962011
0.963603
0.962536
0.957786
0.948962
0.936665
0.922659
0.909577
0.900109
0.895904
0.897027
0.902372
0.910673
0.921226
0.933938
0.94891
0.965856
0.983836
1.0013
1.01649
1.02806
1.03533
1.03833
1.03759
1.03393
1.0283
1.02156
1.01451
1.00799
1.00311
1.00117
1.00297
1.00778
1.01311
1.0159
1.01406
1.00744
0.99779
0.987931
0.980373
0.976167
0.974755
0.974875
0.975817
0.978014
0.98252
0.989843
0.999195
1.0087
1.01618
1.01975
1.01822
1.01118
0.999132
0.983517
0.966628
0.951088
0.938854
0.930419
0.924784
0.920333
0.915807
0.910781
0.905683
0.901408
0.898802
0.898318
0.899864
0.902888
0.906664
0.910532
0.914253
0.918137
0.923051
0.930152
0.940156
0.952626
0.965946
0.978141
0.987826
0.9946
0.998878
1.00141
1.00292
1.00385
1.00429
1.00389
1.00186
0.997174
0.98896
0.976842
0.961367
0.943976
0.926631
0.911354
0.899595
0.891941
0.888186
0.88763
0.889416
0.89273
0.89678
0.900829
0.904221
0.906455
0.907225
0.906416
0.904127
0.900766
0.897212
0.894857
0.895288
0.899502
0.906988
0.915622
0.922491
0.925192
0.92278
0.916036
0.907202
0.899074
0.893723
0.891747
0.892618
0.895783
0.901212
0.909294
0.920154
0.933076
0.9466
0.959192
0.969882
0.978167
0.983635
0.986008
0.985494
0.982883
0.979159
0.974996
0.970525
0.96548
0.959356
0.951641
0.942069
0.930921
0.919081
0.907783
0.89821
0.891219
0.887417
0.88732
0.89132
0.899404
0.91094
0.924647
0.938872
0.951947
0.962507
0.969648
0.972978
0.972557
0.968688
0.961701
0.951978
0.940033
0.92674
0.913396
0.901488
0.892194
0.885984
0.882588
0.88132
0.881487
0.882605
0.884393
0.886612
0.889
0.89128
0.893259
0.894954
0.896681
0.899103
0.903051
0.908935
0.916275
0.923723
0.929891
0.934213
0.937161
0.939564
0.941769
0.943387
0.943788
0.942798
0.940933
0.939006
0.937546
0.93647
0.935407
0.934429
0.934628
0.937834
0.945324
0.956674
0.969873
0.982668
0.993546
1.00155
1.00566
1.00467
0.99768
0.98462
0.966351
0.944522
0.921215
0.898556
0.878465
0.862393
0.851291
0.845746
0.846022
0.851945
0.862722
0.876926
0.892737
0.908263
0.921846
0.932203
0.938395
0.939867
0.936582
0.929194
0.919132
0.90837
0.898859
0.891869
0.887532
0.884956
0.883036
0.881197
0.879688
0.879292
0.880824
0.884715
0.890947
0.89912
0.90866
0.918956
0.929357
0.939124
0.947386
0.953211
0.955634
0.953917
0.947935
0.938725
0.928961
0.922394
0.921924
0.927688
0.937301
0.947754
0.956794
0.963303
0.967171
0.969092
0.970186
0.971581
0.973997
0.977341
0.980705
0.982916
0.983303
0.982047
0.980061
0.978709
0.979442
0.983303
0.990339
0.999434
1.00876
1.01654
1.02173
1.02413
1.02442
1.02375
1.02336
1.02407
1.02599
1.02862
1.03115
1.03282
1.03332
1.03288
1.03226
1.03254
1.03457
1.03821
1.04226
1.04501
1.04524
1.04258
1.03744
1.03079
1.02405
1.01882
1.01649
1.01778
1.02241
1.0293
1.03694
1.04378
1.0485
1.05013
1.04808
1.04225
1.03302
1.02117
1.0077
0.993595
0.979595
0.966118
0.953353
0.941498
0.930944
0.922282
0.916143
0.912921
0.91245
0.913876
0.915788
0.916525
0.914685
0.909682
0.902344
0.895038
0.890927
0.892361
0.899632
0.911209
0.925047
0.939617
0.954003
0.967561
0.979673
0.989763
0.997415
1.00236
1.00426
1.00245
0.99604
0.984205
0.966933
0.945693
0.923538
0.90426
0.890841
0.884137
0.882728
0.883996
0.885356
0.885015
0.882207
0.877162
0.870935
0.865176
0.861672
0.861852
0.866509
0.875709
0.889008
0.905571
0.924192
0.943168
0.960358
0.973508
0.980893
0.981888
0.977333
0.969459
0.96122
0.955201
0.952617
0.952994
0.954642
0.955604
0.954469
0.950702
0.944593
0.936979
0.928844
0.92102
0.914047
0.90821
0.903703
0.900896
0.900435
0.903031
0.909097
0.918388
0.929916
0.942245
0.95392
0.963878
0.971655
0.977382
0.981481
0.98436
0.986194
0.98695
0.986522
0.984799
0.981691
0.977196
0.971651
0.96592
0.961296
0.95898
0.95943
0.961998
0.965314
0.968066
0.969567
0.969986
0.970276
0.97171
0.975149
0.980308
0.985497
0.988205
0.986169
0.978325
0.96529
0.949154
0.932689
0.918273
0.907125
0.899431
0.895141
0.894421
0.897285
0.902931
0.909695
0.915711
0.919551
0.920534
0.918729
0.914795
0.909691
0.904394
0.899762
0.896493
0.895293
0.896941
0.902173
0.911424
0.924475
0.940238
0.956968
0.972666
0.985556
0.994451
0.998895
0.999109
0.995885
0.990408
0.984004
0.977906
0.972956
0.969501
0.967387
0.966108
0.965114
0.964038
0.962759
0.96127
0.959484
0.957167
0.954128
0.950368
0.94626
0.942415
0.939531
0.938206
0.938799
0.941029
0.943754
0.945287
0.944085
0.939251
0.930601
0.91871
0.904779
0.890315
0.876563
0.864058
0.852807
0.842871
0.834802
0.829563
0.8282
0.831382
0.839195
0.85109
0.865971
0.882329
0.898613
0.913589
0.92674
0.938217
0.948362
0.957144
0.963983
0.968075
0.96888
0.966456
0.961419
0.954738
0.947403
0.94025
0.934009
0.929469
0.92749
0.928719
0.933255
0.940561
0.949673
0.95953
0.969213
0.977965
0.985135
0.990121
0.992416
0.991647
0.98776
0.981166
0.972877
0.964412
0.957308
0.952476
0.94999
0.949553
0.951192
0.955282
0.961978
0.970596
0.979496
0.986516
0.989644
0.987709
0.980758
0.970071
0.957733
0.945948
0.936374
0.929761
0.925927
0.923907
0.92239
0.920284
0.917393
0.914844
0.914942
0.91995
0.930304
0.943811
0.956574
0.964854
0.966367
0.960754
0.949425
0.935037
0.920877
0.910095
0.905002
0.906587
0.914451
0.927062
0.942212
0.957675
0.971674
0.983155
0.991622
0.996851
0.998636
0.996721
0.991091
0.982406
0.9722
0.962615
0.955479
0.951194
0.948322
0.944365
0.937445
0.928063
0.91965
0.916248
0.918564
0.923088
0.925323
0.923024
0.916734
0.908699
0.901524
0.897165
0.896446
0.89921
0.904967
0.913458
0.924552
0.937546
0.950919
0.962946
0.97233
0.978249
0.980178
0.977873
0.971531
0.961902
0.950196
0.937867
0.926348
0.916937
0.910707
0.908395
0.910254
0.915918
0.924425
0.93447
0.944697
0.953971
0.96155
0.967122
0.970597
0.971981
0.971273
0.968504
0.963892
0.957914
0.951236
0.944581
0.938525
0.933311
0.928743
0.924177
0.918627
0.911026
0.900683
0.8878
0.873797
0.860913
0.851377
0.846601
0.84694
0.851766
0.859585
0.868404
0.876432
0.882705
0.887288
0.89102
0.895044
0.900269
0.906992
0.914835
0.922888
0.930036
0.935279
0.938047
0.938338
0.936678
0.934094
0.93191
0.931415
0.93347
0.938193
0.944906
0.952573
0.960268
0.96746
0.97392
0.979445
0.98364
0.9859
0.985538
0.982016
0.975124
0.965155
0.952933
0.939663
0.926673
0.91511
0.905719
0.898864
0.89468
0.893253
0.894741
0.899423
0.907606
0.919455
0.93464
0.95203
0.969757
0.985838
0.998783
1.0078
1.01252
1.01279
1.00875
1.00139
0.992923
0.986033
0.982198
0.98082
0.980354
0.979848
0.979298
0.978918
0.978343
0.976412
0.971534
0.962264
0.948006
0.929545
0.909327
0.891012
0.87816
0.872633
0.873833
0.879365
0.886421
0.892987
0.898267
0.902456
0.906248
0.910374
0.915236
0.92079
0.926582
0.932005
0.936636
0.940578
0.944521
0.949342
0.955473
0.962431
0.968852
0.97298
0.973311
0.968945
0.959734
0.946273
0.929799
0.911963
0.894479
0.878708
0.865424
0.854918
0.84728
0.842796
0.842112
0.846129
0.855559
0.870331
0.889218
0.910021
0.930193
0.947636
0.961267
0.971226
0.978655
0.985078
0.991703
0.998892
1.00605
1.01197
1.01544
1.01578
1.01301
1.00772
1.00065
0.992554
0.98406
0.975902
0.968942
0.964014
0.961644
0.96181
0.96385
0.966653
0.969067
0.970246
0.969809
0.967751
0.964224
0.959334
0.953114
0.945663
0.937352
0.928945
0.921313
0.914937
0.909565
0.904613
0.899871
0.895873
0.893557
0.893593
0.89594
0.899969
0.904854
0.910026
0.915355
0.921082
0.927484
0.934567
0.94181
0.9482
0.952495
0.953684
0.951281
0.945462
0.936982
0.927017
0.916895
0.907834
0.900747
0.896094
0.893908
0.893984
0.896132
0.900282
0.906492
0.914751
0.924708
0.935542
0.946053
0.954924
0.961003
0.963486
0.962046
0.956893
0.948804
0.939045
0.92918
0.920656
0.914354
0.910194
0.907158
0.903779
0.898936
0.892461
0.885358
0.879567
0.877116
0.879189
0.885494
0.894577
0.90446
0.913208
0.919316
0.922149
0.922382
0.921966
0.923183
0.927288
0.933633
0.940045
0.944104
0.944293
0.94039
0.933151
0.923676
0.9128
0.900876
0.887924
0.874026
0.859668
0.845923
0.834289
0.826319
0.823189
0.82542
0.832846
0.844724
0.859959
0.877229
0.895161
0.912486
0.928128
0.941263
0.951389
0.958389
0.962531
0.964329
0.964244
0.962511
0.959204
0.95442
0.948483
0.942073
0.936139
0.931625
0.929176
0.928966
0.930627
0.93335
0.936114
0.938128
0.939406
0.941168
0.945341
0.953261
0.964544
0.977258
0.989175
0.998689
1.00495
1.00763
1.00674
1.00241
0.994922
0.984808
0.973015
0.960797
0.949431
0.939788
0.932106
0.926063
0.92107
0.916573
0.91219
0.907731
0.903228
0.898988
0.895691
0.89441
0.896397
0.902789
0.91404
0.929608
0.948055
0.9675
0.986176
1.00272
1.01612
1.0257
1.03092
1.03153
1.02751
1.01929
1.00776
0.994145
0.979706
0.965383
0.951611
0.938482
0.92608
0.914754
0.905277
0.898857
0.896881
0.900437
0.909699
0.923612
0.940093
0.956605
0.97077
0.980861
0.986013
0.986163
0.98184
0.973966
0.963717
0.952394
0.941265
0.931431
0.923624
0.917997
0.91401
0.91061
0.906685
0.901574
0.895531
0.889755
0.885953
0.885676
0.889781
0.898229
0.910156
0.924095
0.938222
0.950702
0.960028
0.965411
0.96695
0.96558
0.96278
0.960157
0.958939
0.95969
0.962282
0.966253
0.971094
0.976425
0.982017
0.987733
0.993471
0.999127
1.00453
1.00939
1.01342
1.01632
1.01785
1.01782
1.01598
1.01206
1.00582
0.9972
0.986492
0.974552
0.962783
0.952925
0.946525
0.944389
0.946403
0.951836
0.959808
0.969475
0.980001
0.990514
1.00014
1.00812
1.01394
1.01725
1.01774
1.0149
1.00833
0.998419
0.986951
0.976607
0.969458
0.965734
0.964206
0.963506
0.963073
0.963147
0.964195
0.966464
0.96982
0.973845
0.978056
0.982153
0.986072
0.98991
0.99382
0.997842
1.00185
1.00563
1.00911
1.01256
1.01651
1.02149
1.02754
1.03404
1.03981
1.0436
1.04452
1.04229
1.03722
1.02998
1.02143
1.01244
1.00375
0.995944
0.989312
0.983844
0.979194
0.974794
0.970197
0.965462
0.961336
0.959011
0.959535
0.963203
0.969328
0.976648
0.983872
0.990102
0.994842
0.997835
0.998861
0.997695
0.994188
0.988371
0.9805
0.970993
0.960266
0.948601
0.936153
0.923121
0.909976
0.897547
0.886892
0.878969
0.874341
0.873132
0.875224
0.880512
0.888917
0.900259
0.914064
0.929385
0.944806
0.958741
0.969805
0.977017
0.979939
0.978672
0.973831
0.966508
0.958088
0.949938
0.943184
0.938522
0.936241
0.936457
0.939289
0.94493
0.953466
0.964616
0.97755
0.990957
1.00329
1.01303
1.01896
1.02062
1.0188
1.01576
1.01466
1.01804
1.02618
1.03661
1.04538
1.04898
1.04571
1.03589
1.02131
1.00431
0.986963
0.970565
0.95555
0.941958
0.93005
0.920497
0.913865
0.910017
0.908194
0.907779
0.90894
0.912378
0.918614
0.927539
0.938603
0.951289
0.965309
0.980326
0.995537
1.00956
1.0207
1.02735
1.02834
1.02318
1.01209
0.996043
0.97671
0.956355
0.937509
0.92251
0.913092
0.910176
0.913975
0.92415
0.939736
0.959071
0.980007
1.00033
1.01824
1.03268
1.04323
1.04992
1.0529
1.0523
1.04818
1.04073
1.03054
1.01881
1.0073
0.997886
0.991891
0.989607
0.990352
0.992915
0.995969
0.998338
0.999
0.996992
0.99155
0.982426
0.970547
0.958521
0.950201
0.948747
0.954637
0.96547
0.977588
0.987746
0.993887
0.995214
0.991954
0.985047
0.975688
0.965014
0.953993
0.943549
0.934728
0.928555
0.925669
0.926081
0.92939
0.935222
0.943454
0.954096
0.966856
0.980942
0.995174
1.00833
1.01949
1.02809
1.03387
1.03668
1.0363
1.03242
1.02468
1.0129
0.99734
0.978943
0.959337
0.940624
0.924925
0.913708
0.907283
0.904666
0.903954
0.903007
0.900157
0.894719
0.887118
0.878692
0.871132
0.865749
0.862941
0.862096
0.862046
0.86188
0.86155
0.861986
0.86457
0.870215
0.87867
0.888584
0.898194
0.906127
0.911794
0.915246
0.916785
0.916589
0.914611
0.910707
0.904866
0.897425
0.889019
0.880361
0.872011
0.86436
0.858022
0.854054
0.853746
0.857901
0.866297
0.877712
0.89035
0.902398
0.912488
0.919943
0.924777
0.927714
0.930022
0.933163
0.938165
0.945135
0.95341
0.962053
0.970295
0.977668
0.98386
0.988465
0.990832
0.990169
0.985858
0.977838
0.966829
0.954086
0.941049
0.929012
0.91902
0.912027
0.908879
0.910054
0.915212
0.923056
0.931635
0.938914
0.943123
0.942974
0.937846
0.927888
0.914133
0.898275
0.882269
0.86801
0.857248
0.851775
0.853078
0.861311
0.874531
0.889501
0.903358
0.914463
0.92228
0.92696
0.928946
0.928724
0.926677
0.923094
0.918303
0.912863
0.907573
0.903281
0.900739
0.900496
0.902966
0.908352
0.916457
0.926499
0.937059
0.946471
0.953293
0.956696
0.956503
0.953096
0.947296
0.940323
0.933614
0.92851
0.925881
0.925873
0.927993
0.931385
0.935162
0.938624
0.941363
0.943188
0.944032
0.94392
0.942931
0.941211
0.938992
0.936579
0.934329
0.932643
0.931936
0.932425
0.933916
0.935769
0.937183
0.937667
0.937319
0.936717
0.936477
0.936779
0.937254
0.937155
0.935605
0.931822
0.925305
0.916064
0.904776
0.892747
0.881647
0.873034
0.867926
0.86667
0.868974
0.874059
0.880957
0.888733
0.896618
0.904038
0.910649
0.91639
0.921604
0.926992
0.933362
0.941219
0.950331
0.959591
0.967286
0.971725
0.97191
0.967888
0.960727
0.952079
0.943632
0.936635
0.931745
0.929098
0.928439
0.929183
0.93047
0.931253
0.930517
0.927801
0.923728
0.920162
0.919557
0.923674
0.932689
0.94533
0.959553
0.973102
0.983881
0.990304
0.99164
0.988254
0.981516
0.97341
0.965837
0.960028
0.956205
0.953786
0.951742
0.949115
0.945292
0.940056
0.933412
0.925371
0.915979
0.905531
0.894881
0.885295
0.877888
0.873061
0.870494
0.869616
0.870012
0.871438
0.873788
0.877262
0.882508
0.890273
0.900862
0.913754
0.927627
0.940656
0.95093
0.956855
0.95749
0.952938
0.94464
0.935082
0.926798
0.921164
0.918021
0.916558
0.916354
0.917577
0.920567
0.925437
0.932054
0.940137
0.949297
0.959039
0.96874
0.977799
0.985798
0.992583
0.998277
1.00318
1.00763
1.01189
1.01595
1.0196
1.02243
1.02394
1.02357
1.02085
1.01558
1.00804
0.998986
0.989524
0.980699
0.972965
0.96603
0.959036
0.95096
0.941107
0.929447
0.91668
0.904081
0.893185
0.88549
0.882173
0.883836
0.890324
0.900661
0.913213
0.926058
0.937447
0.946004
0.950729
0.951043
0.946923
0.939081
0.929058
0.919004
0.911054
0.906607
0.905773
0.907337
0.909308
0.909663
0.906971
0.900886
0.892556
0.884588
0.880373
0.882886
0.893426
0.910893
0.932174
0.953336
0.97096
0.982773
0.98768
0.985532
0.976899
0.963026
0.945921
0.928349
0.913331
0.903165
0.898459
0.898161
0.900451
0.90375
0.907123
0.910255
0.913124
0.915657
0.917643
0.918788
0.918918
0.918175
0.917077
0.91643
0.917106
0.919822
0.924845
0.931903
0.940238
0.948953
0.957334
0.964969
0.971598
0.976893
0.980436
0.98189
0.981208
0.978755
0.975122
0.970858
0.966174
0.960875
0.954438
0.94626
0.935888
0.92325
0.908768
0.893439
0.878742
0.866322
0.857626
0.853477
0.85389
0.858189
0.865384
0.874639
0.885599
0.898361
0.913059
0.929321
0.945876
0.960712
0.971567
0.976579
0.974735
0.966059
0.951611
0.933342
0.913879
0.896135
0.882642
0.874796
0.87246
0.874249
0.878297
0.883002
0.887427
0.891327
0.89486
0.898327
0.90183
0.905133
0.907701
0.909011
0.908974
0.908187
0.90795
0.909824
0.914927
0.923367
0.934155
0.945531
0.955565
0.962626
0.965693
0.964403
0.958997
0.950192
0.939034
0.926791
0.914868
0.904792
0.898126
0.896312
0.900342
0.910232
0.924617
0.940803
0.955583
0.966277
0.971395
0.970855
0.965669
0.957591
0.948741
0.941297
0.937146
0.937561
0.942836
0.951891
0.962332
0.971053
0.975233
0.973253
0.965091
0.95219
0.936835
0.921397
0.907769
0.897256
0.890657
0.888241
0.889622
0.893907
0.900295
0.908622
0.919211
0.931881
0.945114
0.956445
0.963837
0.966636
0.965615
0.96248
0.959211
0.957598
0.958917
0.963548
0.970871
0.979463
0.98768
0.994228
0.998435
1.00013
0.999429
0.996505
0.991618
0.985199
0.977941
0.970782
0.964734
0.960623
0.958858
0.959337
0.961357
0.963621
0.964425
0.962113
0.955732
0.945704
0.93418
0.92458
0.920282
0.923154
0.932821
0.947018
0.962684
0.976994
0.988004
0.994756
0.997087
0.995459
0.990694
0.983804
0.97586
0.967956
0.961182
0.956658
0.955591
0.959197
0.96839
0.983057
1.0015
1.02062
1.03685
1.04734
1.05065
1.0469
1.03749
1.02464
1.0108
0.997911
0.986981
0.978088
0.970639
0.963754
0.956574
0.948573
0.939725
0.930492
0.921765
0.914725
0.910699
0.91091
0.915901
0.925064
0.936723
0.948795
0.959481
0.967636
0.972798
0.975185
0.975571
0.975044
0.97466
0.975052
0.976162
0.977285
0.977471
0.975971
0.972541
0.967458
0.961339
0.954893
0.948656
0.942827
0.937247
0.931663
0.926047
0.920709
0.916094
0.912543
0.910256
0.90936
0.909863
0.911552
0.913896
0.916181
0.917828
0.91871
0.919212
0.920024
0.921762
0.924623
0.928286
0.932147
0.935642
0.938593
0.941295
0.944363
0.948335
0.953342
0.958952
0.964254
0.968175
0.969974
0.969726
0.968324
0.96703
0.966844
0.968009
0.969951
0.971595
0.971853
0.970025
0.966021
0.960265
0.95345
0.946236
0.9391
0.932432
0.926665
0.92217
0.918957
0.916511
0.913832
0.909773
0.903328
0.893916
0.881743
0.86814
0.855658
0.847689
0.847539
0.857138
0.875695
0.899687
0.924461
0.946113
0.962269
0.9719
0.974782
0.971138
0.961394
0.946086
0.925868
0.901594
0.874613
0.8472
0.822775
0.805319
0.797844
0.800986
0.812977
0.830832
0.851495
0.872498
0.891982
0.908527
0.921113
0.929315
0.933465
0.934646
0.934364
0.934167
0.935307
0.938549
0.944045
0.951258
0.959076
0.966045
0.970787
0.972284
0.970029
0.963981
0.954394
0.941785
0.92695
0.911131
0.896009
0.883373
0.874641
0.870582
0.871374
0.87691
0.886964
0.900922
0.917344
0.93396
0.948215
0.958002
0.962142
0.960542
0.954271
0.945559
0.937307
0.931684
0.928751
0.926652
0.923232
0.917195
0.908381
0.897611
0.886767
0.878671
0.876191
0.880565
0.890387
0.902507
0.913948
0.923093
0.929688
0.93431
0.937732
0.940521
0.942869
0.944559
0.945053
0.943663
0.939731
0.932833
0.922991
0.910821
0.897755
0.886117
0.878832
0.878565
0.886484
0.901499
0.92068
0.940603
0.958511
0.972787
0.982816
0.988551
0.990195
0.988054
0.982621
0.974796
0.965988
0.95797
0.952268
0.94959
0.949552
0.950927
0.952224
0.952224
0.950319
0.946755
0.942495
0.93875
0.93629
0.934908
0.933507
0.930667
0.925383
0.917435
0.907549
0.897077
0.887542
0.880219
0.875876
0.874799
0.877091
0.88279
0.891797
0.903578
0.91701
0.930418
0.941881
0.949706
0.95283
0.951015
0.944758
0.935078
0.923254
0.910653
0.898731
0.888982
0.882797
0.881134
0.884219
0.891474
0.90174
0.913671
0.92604
0.937833
0.948275
0.956795
0.963087
0.967216
0.969611
0.970866
0.971459
0.971421
0.970374
0.967735
0.963012
0.955991
0.946915
0.936439
0.925574
0.915506
0.907443
0.90241
0.901098
0.903687
0.909785
0.918482
0.928607
0.93895
0.94838
0.956007
0.961353
0.964491
0.965978
0.966556
0.966623
0.966035
0.964284
0.960926
0.955878
0.949488
0.942505
0.936045
0.931416
0.929705
0.931428
0.936473
0.944353
0.95447
0.966129
0.978499
0.990657
1.00166
1.01067
1.01693
1.01999
1.01985
1.01698
1.01224
1.00665
1.001
0.995629
0.99032
0.98444
0.977271
0.968436
0.958235
0.947764
0.93875
0.933004
0.931818
0.935514
0.943272
0.953388
0.963762
0.972553
0.978642
0.981771
0.982286
0.980713
0.977622
0.973854
0.970728
0.969771
0.971913
0.976792
0.982819
0.987962
0.990581
0.989845
0.985687
0.978595
0.969349
0.958842
0.948075
0.938315
0.931236
0.928615
0.931411
0.938835
0.948402
0.957185
0.963359
0.966824
0.968811
0.970904
0.974208
0.978955
0.984502
0.989629
0.992998
0.993716
0.991597
0.987144
0.981253
0.974891
0.968823
0.963453
0.958808
0.954547
0.950142
0.945094
0.939136
0.932297
0.924816
0.916911
0.908681
0.900121
0.891224
0.882077
0.872892
0.864063
0.856115
0.849551
0.844697
0.841703
0.8407
0.842002
0.846129
0.853418
0.86344
0.874832
0.88578
0.894813
0.901253
0.905264
0.907677
0.909629
0.912255
0.916336
0.922135
0.929358
0.937281
0.944972
0.951555
0.956439
0.959415
0.960634
0.96055
0.959788
0.958925
0.958397
0.958355
0.958704
0.959227
0.959788
0.960446
0.961355
0.962607
0.963987
0.964964
0.964897
0.963329
0.960279
0.956301
0.952289
0.949155
0.947486
0.9475
0.949083
0.951931
0.95571
0.960069
0.96464
0.969013
0.972742
0.975437
0.976773
0.976486
0.974327
0.970009
0.963225
0.953703
0.94135
0.92642
0.909666
0.892342
0.875965
0.862061
0.852025
0.847066
0.848315
0.856662
0.87217
0.893468
0.917832
0.941987
0.963067
0.979195
0.989521
0.994056
0.99354
0.989281
0.983022
0.976656
0.971854
0.969607
0.970034
0.972423
0.975542
0.978306
0.98036
0.982082
0.983951
0.985765
0.986608
0.985353
0.981202
0.973919
0.963886
0.951983
0.939447
0.927664
0.91798
0.911537
0.909099
0.91085
0.91624
0.924106
0.93301
0.941759
0.949652
0.956548
0.962712
0.968482
0.974048
0.979277
0.983666
0.986564
0.987531
0.986566
0.984199
0.98129
0.97855
0.976224
0.973917
0.970889
0.966549
0.960756
0.953878
0.946585
0.939473
0.932828
0.926539
0.920256
0.913632
0.906567
0.899238
0.892001
0.885293
0.879468
0.874793
0.87141
0.869294
0.868256
0.86805
0.868493
0.869612
0.871737
0.875498
0.881632
0.890724
0.902921
0.917778
0.934302
0.951133
0.966838
0.980112
0.989975
0.995803
0.99726
0.994243
0.986886
0.97559
0.961088
0.944569
0.927653
0.912169
0.899771
0.891565
0.887861
0.8882
0.891657
0.897217
0.904051
0.911637
0.919662
0.927731
0.935145
0.940941
0.944169
0.944289
0.941547
0.937038
0.932367
0.928918
0.92715
0.926544
0.926161
0.925486
0.925029
0.926297
0.931058
0.940295
0.953512
0.969018
0.984675
0.998608
1.00956
1.01696
1.02096
1.02233
1.02212
1.02126
1.02023
1.01888
1.01661
1.01252
1.00579
0.99579
0.982354
0.965895
0.94733
0.927971
0.909263
0.89259
0.879109
0.869771
0.865241
0.86584
0.871401
0.881132
0.893623
0.906999
0.919278
0.928834
0.934783
0.937284
0.937531
0.93747
0.939102
0.943722
0.951346
0.960674
0.969547
0.975677
0.97728
0.973541
0.964824
0.952659
0.939428
0.927762
0.919776
0.916462
0.917577
0.922089
0.928783
0.936717
0.945339
0.954191
0.962622
0.969679
0.974195
0.97503
0.971419
0.963246
0.951222
0.936884
0.922296
0.909441
0.899555
0.892838
0.889001
0.888224
0.89144
0.898911
0.908686
0.917368
0.922483
0.923853
0.92302
0.921904
0.921715
0.922584
0.923749
0.924148
0.922984
0.920035
0.915659
0.910628
0.905915
0.90251
0.901259
0.902689
0.906896
0.913427
0.921362
0.929471
0.936525
0.941525
0.944015
0.944137
0.942623
0.940556
0.938945
0.938347
0.938562
0.938725
0.937646
0.934295
0.928212
0.919635
0.909362
0.898415
0.887699
0.877911
0.869908
0.86494
0.864022
0.866812
0.87133
0.875126
0.876663
0.87562
0.872476
0.867975
0.862904
0.858202
0.855073
0.854857
0.858441
0.865667
0.875225
0.88514
0.893557
0.899246
0.901664
0.900835
0.897214
0.891655
0.885385
0.879891
0.876696
0.877135
0.882095
0.891715
0.905056
0.920225
0.934929
0.947251
0.956041
0.961053
0.962856
0.962628
0.961854
0.961795
0.962988
0.965017
0.966734
0.966888
0.964808
0.960651
0.955138
0.949077
0.942978
0.937144
0.931955
0.92804
0.926102
0.926607
0.929512
0.934306
0.940214
0.946535
0.952697
0.958244
0.962726
0.965685
0.96678
0.965856
0.963023
0.958718
0.953588
0.948484
0.944411
0.942467
0.943679
0.948715
0.95758
0.969487
0.983054
0.996665
1.00879
1.01813
1.02363
1.02455
1.02055
1.01181
0.999068
0.983647
0.96728
0.951832
0.938992
0.929995
0.925409
0.925111
0.928414
0.934204
0.941188
0.948152
0.9541
0.95836
0.960586
0.960679
0.958792
0.95532
0.950891
0.946265
0.942192
0.939269
0.937829
0.93796
0.939589
0.942539
0.946495
0.950964
0.955287
0.958732
0.960605
0.960431
0.958064
0.953619
0.947313
0.939385
0.93007
0.919773
0.909226
0.899466
0.891559
0.886098
0.882984
0.881608
0.881372
0.882031
0.883692
0.886496
0.890306
0.894682
0.899056
0.903084
0.906937
0.911425
0.917695
0.926582
0.937922
0.95037
0.961912
0.970713
0.975722
0.976872
0.974907
0.971056
0.966615
0.962568
0.959414
0.957222
0.955856
0.955263
0.955778
0.958141
0.963222
0.971455
0.982404
0.994783
1.00693
1.01726
1.02456
1.02794
1.02679
1.02077
1.00973
0.99388
0.973805
0.950609
0.926131
0.90312
0.885072
0.875531
0.876846
0.888819
0.908329
0.930352
0.949923
0.963688
0.970319
0.970096
0.964236
0.954435
0.942602
0.93077
0.920873
0.914293
0.911518
0.912015
0.914443
0.917106
0.918329
0.916753
0.911599
0.90284
0.89146
0.879565
0.870305
0.867287
0.873361
0.889068
0.912051
0.938033
0.962751
0.983259
0.998313
1.00791
1.01284
1.0142
1.01308
1.01039
1.0068
1.00287
0.999238
0.996768
0.996282
0.998163
1.00205
1.00687
1.01112
1.01332
1.01227
1.00738
0.998735
0.987122
0.973845
0.960311
0.947472
0.935349
0.923092
0.909544
0.89439
0.87926
0.867663
0.862981
0.866017
0.874653
0.885783
0.897032
0.907072
0.915234
0.921129
0.924454
0.924994
0.922728
0.918026
0.911818
0.905623
0.901381
0.901151
0.906563
0.918205
0.935216
0.955366
0.975759
0.99361
1.00669
1.01351
1.0132
1.00551
0.990951
0.971211
0.949488
0.930092
0.916864
0.911177
0.911577
0.91542
0.920627
0.92601
0.930794
0.934169
0.935324
0.933648
0.928902
0.921196
0.910958
0.899073
0.886941
0.876237
0.868429
0.864431
0.864587
0.868861
0.876868
0.887779
0.900409
0.913444
0.925683
0.936108
0.943892
0.948346
0.949029
0.945885
0.939379
0.930465
0.920484
0.911029
0.903741
0.899999
0.900586
0.90536
0.913264
0.922684
0.932011
0.940044
0.946136
0.950097
0.951948
0.951632
0.948837
0.943041
0.93389
0.921565
0.907017
0.891788
0.877709
0.866632
0.860144
0.859161
0.86338
0.871257
0.880735
0.890197
0.898946
0.907114
0.915262
0.923959
0.933288
0.942506
0.950217
0.955137
0.956951
0.956599
0.955826
0.956187
0.958248
0.961359
0.964167
0.965448
0.964713
0.96243
0.959654
0.95741
0.956077
0.955214
0.95381
0.950888
0.946121
0.940094
0.934071
0.92943
0.927155
0.927601
0.930512
0.93519
0.940733
0.946267
0.95114
0.954956
0.957553
0.958935
0.959148
0.958275
0.956358
0.95335
0.949145
0.943739
0.937356
0.930546
0.924233
0.919585
0.91769
0.919176
0.923794
0.930437
0.937488
0.943366
0.946884
0.947434
0.944973
0.939941
0.93321
0.925888
0.919123
0.913863
0.910653
0.909449
0.909608
0.910055
0.909635
0.907386
0.902606
0.894841
0.884025
0.87101
0.857948
0.847743
0.842633
0.843025
0.847579
0.854218
0.861036
0.866653
0.870356
0.872143
0.872751
0.873436
0.875427
0.879347
0.88492
0.891074
0.896379
0.899517
0.899606
0.896392
0.890359
0.882624
0.874615
0.867723
0.862974
0.861004
0.86217
0.866601
0.874091
0.883967
0.895186
0.906736
0.918004
0.928837
0.93929
0.949339
0.958757
0.967223
0.974484
0.980329
0.984366
0.985869
0.983995
0.978385
0.96967
0.95952
0.950143
0.943407
0.940136
0.940016
0.942057
0.945261
0.948978
0.952883
0.956751
0.960348
0.963368
0.965483
0.966322
0.96553
0.962843
0.958086
0.951269
0.942661
0.932838
0.922671
0.9132
0.905427
0.900141
0.897842
0.898683
0.902398
0.908317
0.915431
0.922634
0.928978
0.933803
0.936704
0.937346
0.93533
0.930264
0.922142
0.911845
0.901493
0.894228
0.892997
0.898954
0.910819
0.925845
0.941263
0.955053
0.965933
0.973104
0.976134
0.974985
0.970116
0.962545
0.953689
0.945107
0.938171
0.933783
0.932301
0.933473
0.936561
0.940629
0.94494
0.949374
0.954466
0.960865
0.96862
0.976879
0.984508
0.990923
0.996334
1.00125
1.00569
1.00894
1.00983
1.00738
1.00129
0.992029
0.980669
0.968638
0.957376
0.948024
0.941248
0.937171
0.935503
0.935831
0.937875
0.941501
0.946411
0.951862
0.956713
0.959789
0.960342
0.958263
0.954031
0.948534
0.942947
0.938567
0.93655
0.937556
0.941469
0.947464
0.954455
0.961793
0.969598
0.978364
0.988135
0.997995
1.00625
1.01106
1.01095
1.00516
0.993871
0.978606
0.962425
0.949409
0.942834
0.943376
0.949133
0.957298
0.965717
0.973135
0.978888
0.98255
0.983922
0.983299
0.98171
0.980776
0.982094
0.986429
0.993283
1.00127
1.00879
1.01461
1.01809
1.01917
1.0183
1.01621
1.01364
1.01105
1.00855
1.00612
1.00382
1.00201
1.0013
1.00229
1.00546
1.01103
1.01887
1.02824
1.03788
1.04631
1.05217
1.05456
1.05314
1.04805
1.03961
1.02793
1.01259
0.99287
0.968218
0.938595
0.905091
0.870548
0.839752
0.818099
0.809207
0.813335
0.827862
0.848821
0.872286
0.895268
0.915985
0.933607
0.947607
0.957315
0.961981
0.961302
0.955997
0.947929
0.939502
0.932597
0.927937
0.92525
0.923896
0.923259
0.922961
0.922849
0.92302
0.923725
0.925328
0.928114
0.931944
0.936086
0.939392
0.940872
0.940257
0.938222
0.936182
0.935796
0.938269
0.94379
0.951479
0.959833
0.967437
0.973447
0.977686
0.980389
0.981884
0.982404
0.982157
0.981517
0.980938
0.980749
0.980872
0.980814
0.979928
0.977839
0.974551
0.970401
0.965898
0.961608
0.958079
0.955757
0.954779
0.95479
0.954936
0.954211
0.951968
0.948312
0.944101
0.940671
0.939384
0.941204
0.946395
0.954453
0.964286
0.974447
0.983294
0.989109
0.990194
0.985244
0.973692
0.955947
0.933459
0.908563
0.884129
0.863034
0.847589
0.839035
0.837272
0.840985
0.848092
0.856414
0.864247
0.870634
0.875309
0.878408
0.880143
0.880697
0.880277
0.879151
0.877679
0.876277
0.87531
0.875054
0.875674
0.877176
0.879365
0.881707
0.883369
0.883544
0.881801
0.87825
0.873423
0.867914
0.862047
0.85587
0.849501
0.843749
0.840274
0.840944
0.846619
0.856262
0.867375
0.877194
0.883739
0.886105
0.884231
0.878597
0.870213
0.860717
0.852437
0.848053
0.849766
0.858544
0.873936
0.894495
0.918372
0.943648
0.968412
0.990791
1.00912
1.02209
1.02897
1.02977
1.02509
1.01601
1.00385
0.989817
0.974649
0.958634
0.941876
0.924742
0.907834
0.891733
0.876719
0.86283
0.850311
0.840041
0.833448
0.831889
0.835877
0.844674
0.856596
0.869789
0.882899
0.895173
0.905988
0.9146
0.920281
0.92271
0.922202
0.919855
0.917459
0.916859
0.91904
0.923654
0.929408
0.934958
0.939475
0.942651
0.94448
0.945031
0.944306
0.942158
0.938203
0.931984
0.923332
0.912791
0.90174
0.891935
0.884722
0.880361
0.877992
0.87628
0.874412
0.872752
0.872629
0.875265
0.880722
0.887918
0.895466
0.902714
0.91004
0.918345
0.928242
0.939745
0.952454
0.965847
0.979471
0.992905
1.00558
1.01656
1.02462
1.02857
1.02767
1.02196
1.01227
1.00006
0.987106
0.975138
0.965562
0.959124
0.955808
0.954902
0.955275
0.955738
0.955395
0.953794
0.950956
0.947159
0.942728
0.937915
0.932914
0.92791
0.923079
0.91862
0.914721
0.911588
0.909382
0.908226
0.908227
0.909545
0.912371
0.916721
0.922197
0.92795
0.932876
0.936041
0.937134
0.936491
0.934722
0.932197
0.92877
0.923963
0.917409
0.909263
0.900419
0.892293
0.886467
0.884166
0.885867
0.891074
0.898526
0.906606
0.913782
0.919017
0.921919
0.922761
0.922475
0.922481
0.924438
0.929779
0.939044
0.951448
0.964926
0.976835
0.984761
0.987021
0.982957
0.972966
0.958436
0.941554
0.924836
0.910392
0.899413
0.892156
0.88838
0.887847
0.890494
0.896295
0.905025
0.916093
0.928548
0.941284
0.95324
0.963551
0.97158
0.977049
0.980137
0.981583
0.982609
0.984398
0.987483
0.991329
0.99452
0.995481
0.993106
0.987124
0.978116
0.967343
0.956474
0.947174
0.940669
0.937538
0.937731
0.940742
0.94584
0.952287
0.959505
0.967241
0.975556
0.984762
0.995106
1.00657
1.01879
1.03119
1.04302
1.0533
1.06077
1.06418
1.0627
1.05608
1.04465
1.02918
1.01081
0.990981
0.971194
0.952773
0.936489
0.922488
0.910437
0.899942
0.890787
0.883014
0.876803
0.87232
0.86967
0.868951
0.870339
0.874084
0.880443
0.889474
0.900906
0.91407
0.927937
0.941263
0.952776
0.961375
0.966335
0.967511
0.965593
0.962287
0.960066
0.961281
0.96694
0.976177
0.986859
0.996921
1.00534
1.01233
1.0187
1.02483
1.0302
1.03377
1.03475
1.03302
1.02902
1.02352
1.01738
1.01142
1.00631
1.00255
1.00037
0.999606
0.999635
0.999584
0.998644
0.996397
0.992866
0.988485
0.983842
0.979542
0.976041
0.973608
0.972355
0.972237
0.973119
0.974869
0.977355
0.98039
0.983666
0.98683
0.989563
0.991642
0.992852
0.992763
0.990687
0.985891
0.977999
0.967312
0.954903
0.942365
0.931184
0.922
0.914308
0.906955
0.899089
0.890827
0.88331
0.878206
0.877063
0.880796
0.889501
0.902493
0.918473
0.935741
0.95242
0.966781
0.977419
0.983466
0.984634
0.981307
0.974534
0.965886
0.957161
0.949771
0.944211
0.939867
0.935312
0.929072
0.920441
0.909993
0.899497
0.891238
0.887117
0.887912
0.893031
0.900779
0.908871
0.915018
0.917488
0.915572
0.909981
0.902853
0.897037
0.894811
0.896754
0.90155
0.906866
0.910563
0.911603
0.910314
0.908161
0.907051
0.90846
0.91276
0.919188
0.92638
0.933
0.93816
0.941508
0.9431
0.943205
0.942141
0.940117
0.937115
0.933007
0.927822
0.922005
0.916468
0.912208
0.909796
0.909084
0.909315
0.909589
0.90937
0.908943
0.909409
0.912102
0.917695
0.925658
0.934552
0.942759
0.949113
0.953055
0.954601
0.9543
0.953142
0.952178
0.951863
0.951828
0.951368
0.950114
0.948353
0.946682
0.94549
0.94463
0.943407
0.940911
0.936415
0.929726
0.921428
0.912828
0.905584
0.901121
0.900201
0.902916
0.908835
0.917266
0.927472
0.93877
0.950508
0.962026
0.972633
0.981573
0.988092
0.991616
0.991885
0.989125
0.984058
0.977773
0.971535
0.966389
0.962883
0.960914
0.959931
0.95928
0.958394
0.956811
0.95411
0.949842
0.943549
0.934854
0.923601
0.910101
0.89541
0.881466
0.870794
0.865351
0.865318
0.86914
0.875029
0.882259
0.891175
0.902234
0.915244
0.92927
0.943031
0.955326
0.965177
0.971839
0.974784
0.973792
0.969114
0.961656
0.952972
0.945075
0.940102
0.93988
0.945517
0.957069
0.973443
0.99257
1.01199
1.02944
1.04323
1.05236
1.05626
1.05461
1.04717
1.03384
1.01468
0.990231
0.961686
0.930971
0.900563
0.873045
0.850439
0.833767
0.823082
0.817962
0.818103
0.823522
0.834171
0.849466
0.868103
0.88828
0.908155
0.926254
0.941572
0.953555
0.962026
0.967061
0.968849
0.967637
0.963798
0.958049
0.951669
0.946363
0.943749
0.94462
0.948826
0.955556
0.963765
0.972349
0.980271
0.986571
0.990423
0.991225
0.988657
0.982699
0.973653
0.962117
0.949013
0.93566
0.923872
0.915793
0.913177
0.916241
0.92304
0.93007
0.933751
0.931607
0.922791
0.908004
0.889028
0.868215
0.847923
0.830228
0.816938
0.809762
0.810237
0.819187
0.835953
0.858087
0.882092
0.904647
0.923767
0.939225
0.952181
0.964114
0.975957
0.987887
0.999729
1.01135
1.02257
1.03279
1.04104
1.04641
1.04841
1.04712
1.043
1.03671
1.02882
1.01966
1.00927
0.997479
0.984133
0.969407
0.953925
0.938708
0.925047
0.91427
0.907515
0.905469
0.908053
0.914327
0.922802
0.931933
0.940518
0.947842
0.953649
0.958036
0.961295
0.963809
0.965735
0.966858
0.966675
0.964638
0.960491
0.954498
0.947424
0.940103
0.933036
0.926295
0.91978
0.91366
0.908499
0.905096
0.904085
0.905614
0.909272
0.914157
0.919138
0.923217
0.92573
0.926488
0.925634
0.923337
0.919599
0.914258
0.907253
0.898866
0.889802
0.881046
0.873605
0.868265
0.865541
0.865758
0.869132
0.875683
0.885085
0.896685
0.909683
0.923391
0.937242
0.950592
0.962642
0.972572
0.979745
0.983807
0.984633
0.982219
0.976638
0.968147
0.957361
0.945283
0.933124
0.921875
0.911909
0.902943
0.894456
0.886296
0.878969
0.873436
0.870513
0.870367
0.872387
0.875528
0.878851
0.881896
0.884785
0.887923
0.891692
0.896268
0.901569
0.907279
0.912897
0.917744
0.921032
0.92205
0.920398
0.916182
0.910092
0.903215
0.896829
0.892181
0.8904
0.892376
0.898484
0.9083
0.920532
0.933312
0.944787
0.953641
0.959412
0.962396
0.963362
0.963125
0.962339
0.961406
0.960475
0.959503
0.958242
0.956205
0.952792
0.947804
0.941964
0.93693
0.934414
0.935053
0.937972
0.941394
0.943733
0.944381
0.943799
0.943013
0.942909
0.94376
0.945278
0.946958
0.948467
0.94984
0.951407
0.953604
0.956762
0.961004
0.966282
0.972362
0.978829
0.98518
0.990987
0.995978
0.999897
1.00235
1.0028
1.00072
0.995838
0.988335
0.978934
0.968875
0.959583
0.952259
0.947546
0.945331
0.94496
0.945651
0.946842
0.948365
0.950242
0.952237
0.953532
0.952846
0.949063
0.941839
0.931926
0.920953
0.91091
0.903464
0.899402
0.898405
0.899215
0.900161
0.899939
0.898244
0.896033
0.895227
0.898016
0.905991
0.919356
0.93682
0.956012
0.974192
0.989011
0.998918
1.00327
1.00224
0.996619
0.987606
0.976599
0.965069
0.954447
0.946015
0.940776
0.939375
0.942169
0.949142
0.959728
0.972726
0.986487
0.999277
1.00964
1.01659
1.0196
1.01859
1.01376
1.00562
0.995028
0.983231
0.971696
0.96171
0.95405
0.94888
0.945989
0.945028
0.945606
0.947139
0.948805
0.949693
0.949164
0.947136
0.944229
0.941637
0.940934
0.943665
0.9509
0.962845
0.978669
0.996622
1.0144
1.02965
1.04041
1.04538
1.04409
1.03685
1.02465
1.00895
0.991436
0.973831
0.957638
0.943994
0.933549
0.926363
0.921946
0.919348
0.917527
0.915629
0.91315
0.909907
0.906025
0.901995
0.898679
0.897142
0.898391
0.903122
0.911559
0.923477
0.938294
0.955174
0.973138
0.991128
1.00793
1.02205
1.03169
1.03512
1.03113
1.01951
1.00116
0.9781
0.953072
0.92885
0.907573
0.890448
0.877991
0.870349
0.867452
0.868942
0.874115
0.882039
0.891731
0.902254
0.912804
0.922795
0.931956
0.94058
0.949687
0.960849
0.975318
0.993072
1.0125
1.03108
1.04644
1.05693
1.06168
1.06056
1.05415
1.04381
1.03145
1.01899
1.00759
0.997305
0.987568
0.977854
0.967972
0.95791
0.947684
0.937369
0.927248
0.917969
0.910507
0.905851
0.904665
0.907091
0.912829
0.921304
0.931809
0.94365
0.956232
0.96909
0.981912
0.994443
1.00638
1.01736
1.02689
1.03435
1.03906
1.04033
1.03761
1.03065
1.01959
1.00509
0.988263
0.970694
0.954245
0.940908
0.932448
0.929918
0.933245
0.941187
0.951798
0.963119
0.973575
0.982086
0.987939
0.990601
0.989725
0.985259
0.977668
0.968175
0.958623
0.950947
0.946463
0.945497
0.947605
0.952146
0.958671
0.966874
0.976279
0.986014
0.994796
1.00117
1.00381
1.00184
0.995066
0.984034
0.970053
0.955092
0.941428
0.931058
0.925271
0.924339
0.927633
0.933986
0.942109
0.950908
0.959705
0.968197
0.976295
0.983846
0.990507
0.995742
0.999176
1.00098
1.00205
1.00383
1.0075
1.0133
1.02039
1.02733
1.03273
1.03566
1.03585
1.03365
1.02983
1.02534
1.02104
1.01739
1.01441
1.01177
1.00894
1.00534
1.00049
0.994069
0.985939
0.976175
0.965098
0.953239
0.941283
0.929966
0.919935
0.911674
0.905469
0.901363
0.899271
0.89904
0.90046
0.903217
0.906901
0.910987
0.915008
0.918638
0.921831
0.924753
0.927624
0.930518
0.9333
0.935599
0.93687
0.936557
0.934235
0.929817
0.923634
0.916507
0.909632
0.904323
0.901783
0.902891
0.907905
0.916213
0.926381
0.936618
0.945395
0.951878
0.956106
0.958951
0.961706
0.965269
0.969503
0.973523
0.976598
0.978768
0.980843
0.984067
0.98947
0.997263
1.00654
1.01545
1.02186
1.02409
1.02131
1.01363
1.00185
0.987115
0.970723
0.953912
0.937725
0.92299
0.910396
0.900648
0.89454
0.892804
0.89578
0.903135
0.913692
0.925592
0.936664
0.945024
0.949558
0.950228
0.947942
0.944173
0.940509
0.938155
0.937559
0.938238
0.939101
0.939093
0.93778
0.935501
0.93308
0.931289
0.930473
0.930538
0.931175
0.932084
0.932976
0.933554
0.933515
0.932765
0.931625
0.930739
0.930807
0.932213
0.93493
0.938612
0.942812
0.947027
0.950752
0.953529
0.955118
0.955673
0.955805
0.956463
0.958476
0.962062
0.966577
0.970836
0.973841
0.975343
0.975835
0.976148
0.976934
0.978376
0.980148
0.98144
0.981227
0.978509
0.972507
0.962824
0.949555
0.933508
0.916247
0.89999
0.887051
0.879175
0.877119
0.880626
0.888627
0.899441
0.910972
0.921066
0.927981
0.930783
0.929526
0.925053
0.918669
0.911653
0.904974
0.899203
0.894525
0.890803
0.88762
0.884408
0.880714
0.876462
0.872158
0.868706
0.867027
0.867596
0.870264
0.874465
0.87953
0.885008
0.890766
0.89686
0.903268
0.909693
0.91553
0.920012
0.922425
0.922338
0.919658
0.914612
0.907722
0.899687
0.891394
0.883889
0.878336
0.875871
0.877385
0.883317
0.893471
0.906941
0.922208
0.937372
0.950627
0.960805
0.967814
0.972646
0.976871
0.981872
0.988316
0.99612
1.00471
1.01327
1.02087
1.02643
1.02884
1.02713
1.02087
1.01058
0.997866
0.985016
0.973788
0.964315
0.955144
0.944391
0.931058
0.915706
0.900461
0.888339
0.882148
0.883281
0.890908
0.902252
0.913911
0.923244
0.929226
0.932386
0.934086
0.935567
0.937351
0.939363
0.941454
0.943661
0.945879
0.947333
0.946504
0.94166
0.931564
0.916105
0.896698
0.876367
0.859233
0.84914
0.847921
0.854514
0.865724
0.877935
0.888352
0.8954
0.898667
0.898832
0.89752
0.89681
0.898308
0.902312
0.907778
0.913035
0.91673
0.918386
0.91839
0.917718
0.917422
0.918226
0.920346
0.92352
0.927241
0.931018
0.934506
0.937496
0.939843
0.941399
0.94192
0.941003
0.938126
0.932815
0.924788
0.914197
0.901707
0.888506
0.876132
0.866253
0.860301
0.859152
0.862948
0.871096
0.882574
0.896299
0.911422
0.927398
0.94382
0.960087
0.975194
0.987819
0.996622
1.00051
0.998857
0.991571
0.979172
0.962761
0.943881
0.92431
0.905753
0.889585
0.876683
0.867359
0.861527
0.858926
0.859522
0.863553
0.871151
0.8817
0.893759
0.905664
0.916234
0.925118
0.932705
0.939795
0.947219
0.95545
0.964319
0.972936
0.979934
0.983901
0.983817
0.979241
0.970373
0.958034
0.943565
0.928634
0.914947
0.903971
0.896734
0.893779
0.89529
0.901259
0.911456
0.925335
0.941874
0.959535
0.976553
0.991355
1.00291
1.01086
1.01553
1.01761
1.01788
1.01686
1.01465
1.01079
1.00449
0.994964
0.982012
0.966546
0.950635
0.936778
0.926679
0.920519
0.917368
0.916343
0.917261
0.920451
0.925996
0.933248
0.940889
0.947399
0.951535
0.952589
0.950508
0.945811
0.939501
0.93289
0.927316
0.923826
0.922969
0.924643
0.928152
0.932343
0.935888
0.937605
0.936761
0.933346
0.928309
0.923549
0.921194
0.922409
0.926659
0.932336
0.937982
0.942905
0.947001
0.950408
0.953341
0.956103
0.959181
0.963102
0.96806
0.973648
0.97893
0.98288
0.98485
0.984777
0.983156
0.980781
0.978446
0.976684
0.975615
0.974961
0.974094
0.972252
0.9688
0.963417
0.956243
0.947923
0.939409
0.931611
0.925034
0.919723
0.915567
0.912661
0.911421
0.912372
0.915687
0.920916
0.927069
0.932973
0.937686
0.940709
0.941938
0.941498
0.9396
0.936507
0.932581
0.928297
0.924188
0.92066
0.917856
0.91571
0.914066
0.912873
0.912227
0.912189
0.912594
0.913028
0.91298
0.912126
0.910474
0.908415
0.906679
0.906338
0.908691
0.914953
0.925564
0.939552
0.954592
0.967954
0.977646
0.982951
0.984188
0.982127
0.977574
0.971181
0.963463
0.954787
0.94535
0.935096
0.92373
0.910919
0.896538
0.880988
0.865316
0.851116
0.840062
0.833338
0.831101
0.832319
0.835119
0.837537
0.838234
0.836915
0.834184
0.831155
0.828912
0.828094
0.828716
0.830358
0.832603
0.83543
0.839176
0.844119
0.850104
0.856624
0.863392
0.870724
0.879337
0.889857
0.902349
0.916214
0.930327
0.943266
0.953466
0.959472
0.960259
0.955544
0.945892
0.93266
0.917723
0.903084
0.890386
0.88062
0.874148
0.870933
0.870916
0.874275
0.881349
0.892341
0.906794
0.923279
0.939669
0.95403
0.965381
0.973874
0.980315
0.985565
0.990107
0.994055
0.997351
0.999894
1.00155
1.00213
1.00131
0.9988
0.994377
0.988028
0.980047
0.971147
0.962347
0.954806
0.949412
0.946524
0.945808
0.946318
0.946723
0.945656
0.942098
0.935633
0.926561
0.915882
0.905194
0.896415
0.891381
0.891396
0.896924
0.907551
0.922155
0.939243
0.957218
0.974532
0.989724
1.00145
1.00861
1.01056
1.00742
1.00027
0.991074
0.98221
0.975855
0.973411
0.975223
0.980404
0.986984
0.992455
0.994436
0.991169
0.981822
0.966526
0.946279
0.922692
0.89769
0.873314
0.851554
0.834142
0.822322
0.81669
0.817214
0.823251
0.833575
0.846527
0.860272
0.873161
0.884019
0.892282
0.897987
0.901732
0.904549
0.90771
0.912358
0.91922
0.928475
0.939754
0.952119
0.964207
0.974449
0.981491
0.98458
0.983826
0.980241
0.975565
0.971814
0.970446
0.971768
0.975008
0.979044
0.982995
0.986344
0.988823
0.990202
0.99003
0.987637
0.982245
0.973369
0.961217
0.946872
0.932247
0.919546
0.910603
0.906343
0.906606
0.910408
0.916349
0.922956
0.928926
0.933237
0.935305
0.935086
0.933027
0.929875
0.926431
0.923282
0.920714
0.918916
0.918191
0.919032
0.921887
0.926852
0.933448
0.940792
0.947769
0.953287
0.95647
0.956836
0.954545
0.950442
0.945919
0.942581
0.941538
0.942784
0.945182
0.947222
0.947928
0.947306
0.946268
0.946041
0.947569
0.951024
0.95574
0.960575
0.964402
0.966559
0.966982
0.966084
0.964493
0.962717
0.960988
0.959258
0.957247
0.954678
0.951449
0.947736
0.943954
0.940613
0.938085
0.936504
0.935772
0.935795
0.93664
0.938567
0.941848
0.946455
0.951922
0.957455
0.96225
0.965804
0.96803
0.969157
0.969418
0.968839
0.967162
0.964028
0.959307
0.953374
0.947172
0.941969
0.938728
0.937557
0.937513
0.937026
0.934603
0.9295
0.922013
0.91335
0.905295
0.899791
0.898369
0.901286
0.907085
0.913514
0.919371
0.925626
0.934535
0.9474
0.963167
0.97938
0.994394
1.0084
1.02244
1.03657
1.04904
1.05727
1.05917
1.05384
1.04164
1.02382
1.00229
0.979239
0.957003
0.937673
0.922756
0.912855
0.907753
0.906768
0.909193
0.914438
0.921836
0.930377
0.938845
0.946318
0.952398
0.956947
0.959648
0.959804
0.95674
0.950261
0.940911
0.929862
0.918617
0.908637
0.900951
0.895994
0.893627
0.893399
0.894818
0.897576
0.901479
0.906241
0.911353
0.916099
0.919651
0.92131
0.92065
0.917604
0.912483
0.90587
0.898517
0.891253
0.88492
0.880305
0.878068
0.878608
0.881942
0.887651
0.894818
0.902243
0.908782
0.913723
0.916966
0.918987
0.920711
0.923211
0.927329
0.933355
0.941039
0.949927
0.95974
0.970377
0.981448
0.991884
0.99998
1.00385
1.00214
0.99449
0.981816
0.966082
0.949791
0.935341
0.924498
0.918062
0.915789
0.916645
0.919177
0.921944
0.923885
0.924517
0.923873
0.922314
0.920274
0.918024
0.915672
0.913288
0.911123
0.909813
0.910195
0.912933
0.918124
0.92529
0.933738
0.942924
0.952596
0.962617
0.972715
0.982288
0.990401
0.995966
0.998064
0.996278
0.990854
0.982626
0.972667
0.961994
0.951516
0.942031
0.934183
0.92831
0.924302
0.921641
0.919584
0.917437
0.914784
0.911673
0.908614
0.906298
0.905175
0.905176
0.905784
0.906334
0.906198
0.904913
0.902411
0.899249
0.896585
0.895915
0.898561
0.905177
0.915469
0.928322
0.942273
0.956009
0.968555
0.979137
0.987055
0.991668
0.992625
0.990193
0.985413
0.980008
0.975884
0.974466
0.976252
0.980838
0.98742
0.995311
1.00399
1.01301
1.02173
1.02935
1.03505
1.03813
1.03815
1.03491
1.02831
1.01825
1.00498
0.989748
0.975066
0.963545
0.955765
0.949608
0.942402
0.933334
0.923713
0.915773
0.911344
0.911207
0.915217
0.922612
0.932356
0.943178
0.95362
0.962282
0.968144
0.970675
0.96984
0.96605
0.960164
0.953536
0.947984
0.945508
0.947692
0.955095
0.966905
0.981172
0.995495
1.00773
1.01642
1.02087
1.02106
1.01753
1.01143
1.0044
0.998336
0.994729
0.99405
0.995538
0.997658
0.998843
0.998116
0.995268
0.990655
0.984869
0.97852
0.972233
0.966731
0.962906
0.961645
0.963473
0.968339
0.975583
0.984202
0.993234
1.00196
1.0099
1.01673
1.02214
1.02583
1.02749
1.02692
1.02411
1.01931
1.01296
1.00562
0.997741
0.98937
0.980108
0.969125
0.95555
0.938985
0.920335
0.902407
0.889237
0.883788
0.886112
0.894011
0.905047
0.91753
0.93033
0.942479
0.953096
0.961495
0.967321
0.970608
0.971734
0.971289
0.969891
0.967996
0.965912
0.963944
0.962492
0.962094
0.96316
0.965789
0.969541
0.973466
0.976396
0.977378
0.976051
0.972794
0.968524
0.964394
0.961503
0.960626
0.961986
0.965027
0.968367
0.970229
0.969285
0.965316
0.959226
0.952517
0.946595
0.942386
0.940249
0.940128
0.941737
0.944813
0.94917
0.954524
0.960119
0.96461
0.966429
0.964522
0.95879
0.950158
0.940217
0.930731
0.923133
0.918216
0.916082
0.916243
0.917782
0.919587
0.920649
0.920355
0.918764
0.916619
0.915063
0.915172
0.917562
0.922238
0.928724
0.936251
0.943933
0.950864
0.956189
0.959312
0.960058
0.958768
0.956137
0.952936
0.949761
0.946913
0.944464
0.942346
0.940437
0.938616
0.936855
0.935365
0.93461
0.935334
0.938367
0.944179
0.952538
0.962584
0.973097
0.982845
0.9907
0.995764
0.997452
0.995616
0.990506
0.982716
0.973025
0.962307
0.951318
0.94052
0.930069
0.920038
0.910679
0.902488
0.89603
0.891715
0.889682
0.889778
0.891757
0.895392
0.900479
0.906743
0.91375
0.920928
0.927482
0.932341
0.934241
0.931926
0.924629
0.91289
0.899328
0.888193
0.883035
0.88416
0.888823
0.893723
0.896837
0.897567
0.896177
0.893373
0.890113
0.887387
0.885896
0.885774
0.886544
0.887337
0.88735
0.886268
0.884483
0.882918
0.882574
0.883987
0.886983
0.890863
0.894763
0.897968
0.899991
0.90061
0.899911
0.89833
0.896601
0.895574
0.895859
0.897473
0.899771
0.901749
0.902616
0.902301
0.90157
0.901531
0.902949
0.905829
0.909437
0.912521
0.913833
0.912988
0.911043
0.910014
0.911071
0.913374
0.914948
0.914549
0.912664
0.91117
0.912305
0.917479
0.926533
0.937809
0.948804
0.957108
0.961123
0.960335
0.955123
0.946465
0.935625
0.924004
0.913184
0.904813
0.900283
0.900216
0.90419
0.910871
0.918537
0.925586
0.93088
0.933963
0.934995
0.934541
0.93323
0.931393
0.92888
0.92521
0.919961
0.913234
0.905839
0.89913
0.894554
0.893205
0.895489
0.900966
0.90845
0.916459
0.923864
0.930353
0.936553
0.943591
0.95243
0.963246
0.975371
0.987631
0.998785
1.00783
1.0141
1.01727
1.01721
1.01391
1.00746
0.998192
0.986843
0.974676
0.9632
0.953652
0.946631
0.942055
0.939482
0.938382
0.938299
0.938877
0.939795
0.940747
0.941371
0.941304
0.940212
0.937939
0.934724
0.93124
0.928402
0.926877
0.926742
0.927531
0.928618
0.92953
0.930058
0.93024
0.930352
0.930782
0.93186
0.933756
0.936449
0.93981
0.943658
0.947768
0.951796
0.955125
0.956929
0.956434
0.95337
0.948241
0.942321
0.937281
0.934606
0.934995
0.938096
0.942721
0.947397
0.950971
0.952884
0.953041
0.951518
0.948245
0.942871
0.934881
0.923858
0.909832
0.89359
0.87688
0.862356
0.853028
0.851125
0.857022
0.869011
0.884135
0.89941
0.912773
0.923409
0.931589
0.938207
0.944246
0.950397
0.95698
0.963875
0.970578
0.976349
0.980464
0.982487
0.982411
0.980632
0.977867
0.97494
0.972586
0.971331
0.97145
0.972965
0.975629
0.978949
0.982185
0.984516
0.985314
0.984491
0.982678
0.981034
0.980707
0.982293
0.985437
0.988917
0.991108
0.990586
0.986565
0.979247
0.969828
0.960192
0.952248
0.947262
0.945526
0.946493
0.9492
0.952748
0.956543
0.960333
0.963982
0.967117
0.969072
0.969047
0.966477
0.961332
0.954176
0.946007
0.937997
0.931242
0.926543
0.924157
0.923662
0.923966
0.923702
0.921878
0.918319
0.913667
0.908962
0.905051
0.902251
0.900402
0.899206
0.898527
0.898406
0.89882
0.899405
0.899496
0.898472
0.89628
0.893621
0.891785
0.892175
0.895767
0.902699
0.912222
0.922946
0.933172
0.941268
0.946047
0.947237
0.945735
0.943148
0.940699
0.938268
0.934634
0.928706
0.9206
0.912062
0.905858
0.904332
0.907774
0.914089
0.920228
0.924361
0.927046
0.930599
0.936817
0.945125
0.953221
0.959186
0.962554
0.963971
0.964394
0.964601
0.965124
0.966282
0.968244
0.970982
0.974258
0.977693
0.980902
0.983676
0.986067
0.988337
0.990672
0.992889
0.994297
0.993909
0.990883
0.984922
0.97639
0.966159
0.955337
0.944972
0.93588
0.92859
0.923331
0.920114
0.918737
0.918791
0.919697
0.920862
0.921856
0.922576
0.923265
0.924265
0.925633
0.926972
0.927718
0.927613
0.926935
0.926233
0.925919
0.926007
0.926211
0.926094
0.925311
0.923841
0.922178
0.921387
0.922795
0.927332
0.93508
0.945228
0.956547
0.967943
0.978696
0.988452
0.997025
1.00423
1.00979
1.01338
1.01469
1.01344
1.00945
1.00268
0.993181
0.981261
0.96747
0.952562
0.937246
0.922101
0.907662
0.894658
0.884153
0.877258
0.874542
0.875641
0.879381
0.884247
0.888951
0.892782
0.895677
0.898085
0.900734
0.904266
0.909008
0.91484
0.92134
0.928079
0.934913
0.942028
0.949632
0.957564
0.965147
0.971404
0.975434
0.976758
0.97551
0.972338
0.968162
0.963837
0.959868
0.956357
0.953139
0.949887
0.946202
0.941699
0.936096
0.929349
0.921712
0.913702
0.905952
0.898943
0.892735
0.886899
0.880699
0.873542
0.865388
0.857014
0.849888
0.845631
0.845274
0.848737
0.854911
0.862226
0.869296
0.875338
0.880238
0.884387
0.888369
0.892748
0.897958
0.904292
0.911942
0.920888
0.930831
0.941149
0.950983
0.959477
0.966118
0.971063
0.975235
0.979868
0.985523
0.991405
0.995668
0.996551
0.993294
0.98629
0.976723
0.966051
0.95561
0.946384
0.938909
0.933441
0.930084
0.928929
0.930125
0.933901
0.940419
0.949516
0.960451
0.971855
0.981943
0.988886
0.991219
0.988188
0.979919
0.967451
0.952581
0.937685
0.925376
0.918022
0.917069
0.922458
0.93258
0.944831
0.956503
0.965722
0.97195
0.975803
0.978145
0.979007
0.977435
0.972237
0.962853
0.949648
0.933736
0.91659
0.89966
0.884248
0.871499
0.862507
0.858287
0.859559
0.866409
0.878138
0.893351
0.910285
0.927112
0.942192
0.954235
0.962391
0.966358
0.966409
0.963321
0.958185
0.952204
0.946529
0.942178
0.940019
0.940765
0.944872
0.952434
0.962952
0.975336
0.988125
0.999889
1.00961
1.01687
1.02167
1.02422
1.02466
1.02299
1.01919
1.0134
1.00608
0.998022
0.990344
0.984207
0.980386
0.978796
0.978423
0.977649
0.974926
0.969408
0.961291
0.9517
0.942184
0.933996
0.927556
0.922278
0.916964
0.910362
0.901702
0.890977
0.879051
0.867414
0.857843
0.852136
0.851927
0.858507
0.872682
0.894472
0.922774
0.95533
0.988982
1.02031
1.04627
1.06476
1.07506
1.07814
1.07658
1.07376
1.07254
1.07382
1.07649
1.07829
1.07704
1.07154
1.06171
1.04854
1.03369
1.01878
1.0048
0.991701
0.97862
0.964581
0.949092
0.932348
0.91534
0.899725
0.887623
0.881093
0.881353
0.888258
0.900372
0.915633
0.932061
0.948088
0.962521
0.974407
0.983012
0.988
0.989562
0.988388
0.985295
0.980709
0.974444
0.965991
0.95523
0.942945
0.93087
0.921
0.914686
0.91211
0.912621
0.915484
0.920255
0.926632
0.934145
0.941914
0.948779
0.953588
0.955463
0.954011
0.94944
0.942594
0.934843
0.927786
0.922898
0.92108
0.922399
0.92616
0.931354
0.937042
0.942604
0.947695
0.952148
0.955873
0.95882
0.960946
0.962189
0.962387
0.961258
0.958488
0.953922
0.947707
0.940278
0.932173
0.923815
0.91535
0.90649
0.896508
0.884427
0.8694
0.851153
0.830273
0.808228
0.787146
0.769413
0.757276
0.752382
0.755478
0.766475
0.784744
0.809293
0.838674
0.870835
0.903225
0.933092
0.957993
0.976181
0.986854
0.990144
0.986783
0.977928
0.965128
0.950466
0.936437
0.925296
0.918254
0.91538
0.916382
0.921368
0.9307
0.944096
0.960095
0.976543
0.991369
1.00317
1.01129
1.01571
1.0169
1.01568
1.0131
1.01001
1.00693
1.00389
1.00057
0.996545
0.991357
0.984615
0.976179
0.966326
0.95579
0.945534
0.936471
0.92923
0.924139
0.921299
0.920671
0.92205
0.92499
0.928852
0.932938
0.936645
0.939645
0.941964
0.94388
0.945765
0.947749
0.949526
0.950353
0.949268
0.945374
0.938166
0.92774
0.914874
0.901001
0.88809
0.878468
0.874457
0.877701
0.888358
0.904898
0.924693
0.94499
0.963665
0.979474
0.992004
1.00146
1.00848
1.01383
1.01817
1.02184
1.0248
1.02662
1.02671
1.02456
1.01992
1.01288
1.0039
0.993746
0.983375
0.973725
0.965525
0.959271
0.955192
0.953269
0.953251
0.954613
0.956621
0.958392
0.959171
0.958606
0.956971
0.955145
0.954248
0.955019
0.957423
0.960785
0.964334
0.967756
0.971419
0.97601
0.981965
0.989016
0.996185
1.00216
1.00583
1.0066
1.0045
1.00012
0.994396
0.988429
0.983321
0.979977
0.979048
0.980822
0.985151
0.991365
0.998208
1.00393
1.00659
1.00449
0.996593
0.982797
0.96404
0.942325
0.920522
0.90197
0.889886
0.886522
0.892546
0.906896
0.927321
0.951175
0.976034
1.00009
1.0222
1.04172
1.05825
1.07147
1.08103
1.0866
1.08786
1.08471
1.07724
1.06588
1.05136
1.03474
1.01721
1.00009
0.984713
0.97235
0.964095
0.960616
0.962
0.967657
0.976382
0.986511
0.996204
1.00372
1.00766
1.0071
1.00171
0.991733
0.97801
0.961864
0.945096
0.929886
0.918556
0.913031
0.914142
0.921094
0.931678
0.943105
0.952993
0.959871
0.963141
0.962878
0.959607
0.954073
0.94716
0.939813
0.932924
0.927236
0.923258
0.921348
0.921812
0.924998
0.931167
0.940347
0.95219
0.965932
0.980535
0.994943
1.00834
1.02033
1.03087
1.04011
1.04808
1.05452
1.05877
1.05987
1.0567
1.04826
1.03395
1.01365
0.987816
0.957701
0.925728
0.895983
0.873961
0.864164
0.866472
0.875752
0.885887
0.893275
0.89725
0.898699
0.89879
0.898321
0.897677
0.897016
0.896364
0.895565
0.89423
0.891909
0.888478
0.884428
0.880915
0.879387
0.881036
0.886396
0.895152
0.906211
0.918038
0.92927
0.939141
0.947598
0.954974
0.961536
0.967126
0.971025
0.972168
0.969576
0.9628
0.952214
0.939059
0.925245
0.912894
0.903744
0.898713
0.897837
0.900357
0.904985
0.910185
0.914471
0.916729
0.916525
0.914383
0.91189
0.91143
0.915478
0.925479
0.940964
0.959786
0.979155
0.99671
1.01098
1.02124
1.02713
1.02836
1.02464
1.01617
1.00463
0.993982
0.988979
0.990817
0.994791
0.993817
0.983313
0.962741
0.934689
0.90351
0.874108
0.850864
0.836615
0.832122
0.836251
0.846736
0.861013
0.876778
0.892154
0.905684
0.916312
0.923312
0.926301
0.925273
0.920684
0.913578
0.905635
0.898919
0.895267
0.895554
0.89926
0.904679
0.909664
0.912507
0.912576
0.910524
0.908156
0.907824
0.911349
0.919088
0.929738
0.940812
0.949683
0.954418
0.954239
0.9496
0.942046
0.93384
0.927491
0.925325
0.92885
0.938193
0.951986
0.967931
0.983543
0.996724
1.00609
1.01104
1.01188
1.00958
1.00555
1.00109
0.997044
0.993566
0.990393
0.987249
0.984272
0.982227
0.982398
0.985845
0.992478
1.00064
1.00768
1.01118
1.00991
1.00409
0.994925
0.983825
0.971619
0.958505
0.94452
0.930145
0.916473
0.904862
0.896414
0.891706
0.890766
0.893292
0.898835
0.906872
0.916738
0.927624
0.938622
0.948916
0.95797
0.965524
0.971433
0.97541
0.976815
0.974791
0.968828
0.959411
0.94845
0.938903
0.933618
0.934027
0.939644
0.948606
0.959023
0.970181
0.982728
0.997547
1.01424
1.03071
1.04425
1.05306
1.05673
1.05599
1.05223
1.0469
1.04118
1.03554
1.02964
1.02254
1.01338
1.00222
0.990544
0.980666
0.974246
0.971343
0.971182
0.973464
0.97863
0.986863
0.997119
1.00726
1.01493
1.01833
1.0167
1.01058
1.00189
0.993492
0.98812
0.987084
0.989914
0.995153
1.0012
1.0065
1.0095
1.0088
1.0037
0.994687
0.983532
0.972778
0.964852
0.961223
0.962091
0.96667
0.973569
0.981083
0.987492
0.991476
0.992601
0.991468
0.989438
0.987928
0.987652
0.988153
0.988133
0.986185
0.981449
0.973832
0.963887
0.952598
0.941021
0.930069
0.920356
0.912234
0.905928
0.901649
0.899568
0.89966
0.901492
0.904205
0.906679
0.907896
0.90731
0.905032
0.901808
0.898902
0.897815
0.899882
0.905803
0.915314
0.927083
0.939099
0.949254
0.955926
0.95826
0.956276
0.950769
0.943132
0.935184
0.928949
0.926418
0.929123
0.93751
0.950534
0.965873
0.980762
0.992945
1.00117
1.00519
1.00547
1.00292
0.998714
0.994122
0.990232
0.987647
0.986178
0.984982
0.983153
0.980333
0.977009
0.974364
0.973771
0.976127
0.981342
0.988136
0.994367
0.99786
0.997052
0.991288
0.980794
0.966563
0.95015
0.933467
0.918447
0.906687
0.89902
0.895368
0.894717
0.895401
0.895539
0.893535
0.888471
0.880494
0.871107
0.863032
0.85931
0.861996
0.871283
0.885613
0.902464
0.919236
0.93386
0.945097
0.95265
0.957087
0.959535
0.96134
0.963621
0.967027
0.971706
0.977515
0.984217
0.991499
0.998871
1.00544
1.01
1.01129
1.00847
1.00143
0.990975
0.978746
0.966855
0.957311
0.951485
0.949819
0.951844
0.956388
0.961867
0.966659
0.969455
0.969651
0.967448
0.963747
0.959792
0.956724
0.95531
0.955792
0.957888
0.960937
0.964067
0.966427
0.967386
0.966758
0.964835
0.962292
0.959847
0.958008
0.957001
0.956808
0.957283
0.958247
0.959432
0.960569
0.961307
0.961246
0.959864
0.956607
0.951068
0.943232
0.933688
0.923704
0.914969
0.909086
0.907168
0.909498
0.91556
0.924271
0.934373
0.944773
0.954715
0.963698
0.971279
0.976929
0.98029
0.981513
0.981334
0.980774
0.980689
0.981489
0.983225
0.985774
0.988929
0.992376
0.995534
0.997623
0.997861
0.995701
0.991019
0.984173
0.975894
0.966995
0.957972
0.948923
0.939713
0.930297
0.920975
0.91236
0.905062
0.899327
0.894792
0.89068
0.886252
0.881214
0.8758
0.870354
0.864875
0.858999
0.852467
0.845502
0.838863
0.833567
0.830567
0.830585
0.834016
0.840829
0.850499
0.862075
0.874449
0.886664
0.898064
0.908287
0.917213
0.924893
0.931562
0.937599
0.943394
0.949141
0.954664
0.959354
0.962198
0.961989
0.957698
0.948904
0.936126
0.920884
0.905455
0.892298
0.883414
0.879853
0.881541
