-6.20342
-6.19427
-6.17959
-6.16006
-6.13633
-6.10664
-6.07168
-6.03184
-5.98604
-5.93556
-5.87929
-5.81971
-5.75999
-5.70043
-5.64237
-5.58964
-5.54345
-5.50589
-5.47588
-5.45178
-5.43585
-5.42368
-5.4161
-5.41264
-5.41056
-5.41067
-5.41368
-5.4195
-5.42776
-5.43902
-5.45196
-5.46541
-5.48
-5.49541
-5.51127
-5.52792
-5.54436
-5.56112
-5.57748
-5.59321
-5.60739
-5.62202
-5.6328
-5.64218
-5.6491
-5.65304
-5.65347
-5.65012
-5.64413
-5.63513
-5.62472
-5.6122
-5.59879
-5.58388
-5.56881
-5.55342
-5.53893
-5.52668
-5.51893
-5.51849
-5.52636
-5.54082
-5.5611
-5.58194
-5.60299
-5.62175
-5.63552
-5.64518
-5.64834
-5.64661
-5.6407
-5.63177
-5.62045
-5.60625
-5.59116
-5.57444
-5.55515
-5.537
-5.52088
-5.50838
-5.50045
-5.49585
-5.4966
-5.4987
-5.50221
-5.50497
-5.50553
-5.50531
-5.50341
-5.50044
-5.49726
-5.49398
-5.49123
-5.48997
-5.49187
-5.49753
-5.50774
-5.52165
-5.5383
-5.55575
-5.57163
-5.58388
-5.59398
-5.60069
-5.60684
-5.6101
-5.61208
-5.613
-5.61392
-5.61302
-5.61111
-5.60811
-5.60403
-5.59975
-5.59831
-5.59617
-5.59751
-5.60029
-5.60432
-5.6096
-5.61605
-5.62171
-5.62716
-5.63217
-5.63696
-5.63891
-5.64121
-5.64075
-5.63853
-5.63519
-5.62963
-5.62172
-5.61339
-5.60308
-5.59185
-5.57928
-5.56669
-5.55362
-5.54122
-5.53226
-5.52661
-5.52513
-5.52587
-5.52741
-5.52991
-5.53163
-5.53359
-5.53404
-5.53356
-5.53273
-5.53137
-5.52908
-5.52692
-5.52438
-5.52014
-5.5156
-5.5107
-5.5035
-5.49248
-5.48109
-5.47089
-5.46519
-5.46458
-5.47263
-5.48489
-5.50113
-5.51883
-5.53575
-5.54952
-5.55861
-5.56317
-5.56463
-5.56254
-5.55985
-5.5547
-5.55001
-5.54619
-5.54295
-5.54056
-5.53921
-5.54046
-5.54302
-5.54738
-5.55311
-5.55957
-5.56625
-5.57135
-5.57353
-5.57363
-5.57065
-5.56416
-5.55617
-5.54695
-5.53969
-5.53394
-5.53003
-5.53087
-5.53352
-5.53754
-5.54262
-5.54713
-5.55087
-5.55389
-5.55619
-5.55657
-5.55693
-5.55525
-5.55336
-5.55046
-5.54553
-5.54016
-5.53325
-5.52611
-5.51813
-5.50919
-5.49978
-5.4918
-5.48588
-5.48163
-5.47871
-5.47835
-5.4796
-5.48362
-5.49005
-5.4984
-5.5079
-5.51784
-5.5261
-5.53061
-5.53182
-5.53003
-5.52258
-5.51475
-5.50372
-5.49401
-5.48597
-5.48063
-5.47747
-5.47643
-5.47746
-5.47973
-5.48163
-5.48372
-5.48461
-5.48329
-5.47901
-5.47239
-5.46617
-5.4593
-5.45357
-5.44864
-5.44591
-5.44719
-5.4534
-5.46278
-5.47502
-5.48942
-5.50443
-5.52056
-5.5364
-5.55081
-5.56273
-5.5716
-5.57725
-5.57931
-5.57528
-5.56826
-5.55811
-5.5465
-5.53235
-5.51782
-5.50251
-5.48747
-5.47162
-5.45866
-5.44513
-5.43494
-5.42735
-5.42383
-5.42155
-5.42309
-5.42804
-5.43708
-5.44929
-5.46331
-5.47928
-5.49578
-5.51153
-5.52679
-5.54107
-5.55248
-5.56183
-5.56671
-5.56743
-5.5659
-5.56211
-5.5565
-5.54971
-5.54177
-5.53355
-5.52536
-5.51783
-5.51166
-5.50654
-5.50289
-5.5
-5.49783
-5.49678
-5.4975
-5.49972
-5.50129
-5.50313
-5.50588
-5.50784
-5.50799
-5.50678
-5.50438
-5.50089
-5.49493
-5.48955
-5.4843
-5.48075
-5.47819
-5.47735
-5.47925
-5.48175
-5.48572
-5.48841
-5.49168
-5.49278
-5.49159
-5.4886
-5.48102
-5.46969
-5.45695
-5.44091
-5.42319
-5.40357
-5.3854
-5.37
-5.36046
-5.36033
-5.36888
-5.38783
-5.41516
-5.446
-5.47932
-5.51335
-5.54567
-5.57354
-5.59693
-5.61447
-5.62846
-5.6389
-5.64482
-5.64738
-5.64731
-5.64351
-5.63865
-5.63137
-5.62182
-5.61182
-5.60241
-5.59185
-5.58098
-5.57165
-5.56278
-5.55392
-5.54599
-5.53935
-5.53488
-5.53245
-5.53233
-5.53586
-5.54072
-5.54522
-5.54911
-5.5514
-5.5504
-5.54723
-5.54031
-5.53216
-5.52336
-5.51437
-5.50887
-5.50697
-5.50692
-5.50925
-5.51305
-5.51588
-5.51874
-5.52146
-5.52163
-5.52017
-5.51682
-5.51228
-5.5069
-5.5005
-5.49507
-5.48821
-5.48137
-5.47554
-5.47095
-5.46784
-5.46644
-5.46565
-5.46621
-5.46761
-5.46813
-5.46881
-5.46943
-5.471
-5.47385
-5.47529
-5.47693
-5.47818
-5.47917
-5.47984
-5.48043
-5.48069
-5.48248
-5.48436
-5.48708
-5.49049
-5.49477
-5.49967
-5.50373
-5.508
-5.51318
-5.51789
-5.52378
-5.5323
-5.53989
-5.54729
-5.5547
-5.56339
-5.57185
-5.58014
-5.5881
-5.59669
-5.60462
-5.60938
-5.61253
-5.61293
-5.61125
-5.6053
-5.59819
-5.58871
-5.57678
-5.56447
-5.55348
-5.54214
-5.53232
-5.52361
-5.51678
-5.51267
-5.50851
-5.50643
-5.50487
-5.50366
-5.50311
-5.50217
-5.50143
-5.49876
-5.4979
-5.49721
-5.49529
-5.49541
-5.4977
-5.50086
-5.50527
-5.50826
-5.51352
-5.51797
-5.52143
-5.52427
-5.52657
-5.52802
-5.52959
-5.53066
-5.5308
-5.52884
-5.52576
-5.51949
-5.51053
-5.49974
-5.48974
-5.47993
-5.47177
-5.46693
-5.46376
-5.46332
-5.46465
-5.46673
-5.46814
-5.46822
-5.46837
-5.46784
-5.46687
-5.46787
-5.47018
-5.47371
-5.47793
-5.48282
-5.48745
-5.49211
-5.49528
-5.49767
-5.49948
-5.49977
-5.50024
-5.5012
-5.50429
-5.50911
-5.51553
-5.52449
-5.53622
-5.54848
-5.56122
-5.57241
-5.58175
-5.58734
-5.58789
-5.58425
-5.57768
-5.56478
-5.54958
-5.53164
-5.51194
-5.49271
-5.4725
-5.45322
-5.43459
-5.41752
-5.40305
-5.39236
-5.38697
-5.38874
-5.39615
-5.40834
-5.42549
-5.44448
-5.46464
-5.48305
-5.49996
-5.51367
-5.52403
-5.52989
-5.53207
-5.52952
-5.52223
-5.51206
-5.49987
-5.48792
-5.47875
-5.47228
-5.46758
-5.46528
-5.46472
-5.46421
-5.46395
-5.46457
-5.46667
-5.46782
-5.46818
-5.46944
-5.47049
-5.47297
-5.47615
-5.48223
-5.49007
-5.50082
-5.51206
-5.52555
-5.5392
-5.55339
-5.56708
-5.57959
-5.5872
-5.59074
-5.58901
-5.58404
-5.57509
-5.56712
-5.561
-5.55789
-5.5604
-5.56567
-5.57248
-5.58282
-5.59405
-5.60542
-5.61578
-5.62378
-5.63046
-5.6353
-5.63725
-5.63795
-5.63564
-5.63278
-5.62636
-5.62047
-5.6136
-5.60458
-5.59478
-5.58346
-5.57268
-5.56191
-5.55151
-5.54078
-5.53106
-5.52066
-5.51125
-5.50211
-5.49461
-5.49084
-5.48974
-5.49184
-5.49703
-5.50353
-5.51119
-5.51846
-5.52376
-5.52555
-5.52269
-5.51643
-5.50767
-5.49488
-5.48289
-5.47329
-5.46712
-5.46447
-5.46458
-5.46831
-5.47337
-5.48037
-5.48769
-5.4956
-5.50567
-5.51722
-5.52747
-5.53777
-5.54589
-5.55113
-5.55315
-5.55185
-5.54731
-5.54058
-5.52899
-5.51546
-5.50098
-5.48769
-5.47806
-5.47169
-5.46838
-5.46735
-5.46879
-5.47029
-5.47176
-5.47484
-5.47645
-5.47926
-5.48173
-5.48517
-5.48655
-5.48804
-5.48839
-5.48601
-5.48156
-5.4731
-5.46241
-5.44959
-5.43612
-5.42262
-5.40892
-5.3973
-5.38913
-5.38436
-5.38404
-5.38708
-5.39364
-5.4029
-5.41513
-5.42839
-5.44304
-5.45876
-5.47333
-5.48799
-5.50156
-5.51445
-5.52604
-5.53574
-5.54354
-5.54842
-5.54978
-5.55023
-5.54754
-5.54072
-5.53174
-5.5198
-5.50547
-5.48865
-5.47024
-5.4504
-5.43132
-5.41716
-5.40786
-5.40339
-5.40427
-5.40995
-5.4206
-5.43391
-5.44994
-5.46755
-5.48417
-5.49928
-5.5108
-5.51911
-5.52443
-5.52571
-5.5248
-5.52108
-5.51543
-5.51073
-5.50786
-5.50611
-5.50802
-5.51297
-5.51929
-5.52644
-5.53166
-5.5339
-5.53206
-5.52639
-5.51537
-5.50227
-5.48695
-5.47115
-5.45667
-5.44501
-5.43803
-5.43599
-5.43847
-5.44359
-5.44991
-5.45825
-5.4655
-5.47281
-5.48145
-5.49005
-5.49758
-5.50505
-5.511
-5.51446
-5.51648
-5.51522
-5.51142
-5.5071
-5.50215
-5.49869
-5.49545
-5.49297
-5.49008
-5.48724
-5.48493
-5.4825
-5.47706
-5.4715
-5.46554
-5.45981
-5.45699
-5.4555
-5.45673
-5.45936
-5.46365
-5.46871
-5.47512
-5.48208
-5.48821
-5.49329
-5.49697
-5.49845
-5.49803
-5.49564
-5.49162
-5.48567
-5.4775
-5.47009
-5.46331
-5.45761
-5.45491
-5.45524
-5.4575
-5.4614
-5.4671
-5.4744
-5.48082
-5.48619
-5.49098
-5.49338
-5.49669
-5.49931
-5.50059
-5.50315
-5.50442
-5.50715
-5.5084
-5.50852
-5.50719
-5.50464
-5.49966
-5.49294
-5.48449
-5.4741
-5.46447
-5.4549
-5.44712
-5.44284
-5.44129
-5.44526
-5.45212
-5.4626
-5.47536
-5.48733
-5.49732
-5.506
-5.5138
-5.51985
-5.5255
-5.52897
-5.53178
-5.53195
-5.52896
-5.52274
-5.51502
-5.50406
-5.49179
-5.47835
-5.46433
-5.45106
-5.43808
-5.42505
-5.41294
-5.40239
-5.39369
-5.38735
-5.38238
-5.37878
-5.37631
-5.3734
-5.37031
-5.36531
-5.36197
-5.35822
-5.35507
-5.35415
-5.35531
-5.3584
-5.36522
-5.37517
-5.38771
-5.40373
-5.42209
-5.44115
-5.45994
-5.4766
-5.49045
-5.50121
-5.50922
-5.51432
-5.51707
-5.51778
-5.51598
-5.51276
-5.507
-5.50152
-5.49624
-5.49113
-5.48694
-5.48349
-5.48325
-5.48331
-5.48436
-5.48461
-5.48331
-5.47987
-5.47533
-5.46868
-5.46078
-5.45209
-5.44259
-5.43347
-5.4258
-5.42016
-5.41692
-5.41747
-5.42184
-5.42887
-5.43849
-5.44986
-5.46467
-5.47985
-5.49465
-5.50853
-5.52034
-5.52923
-5.5351
-5.53562
-5.53276
-5.52568
-5.51493
-5.50175
-5.48789
-5.47424
-5.46239
-5.45226
-5.44346
-5.4366
-5.42944
-5.42316
-5.41979
-5.41591
-5.41306
-5.41137
-5.41139
-5.41304
-5.41683
-5.42259
-5.42912
-5.43585
-5.44272
-5.44941
-5.45567
-5.46186
-5.4676
-5.4712
-5.47405
-5.47611
-5.47683
-5.47558
-5.4741
-5.47214
-5.46976
-5.46785
-5.46728
-5.46745
-5.46847
-5.47028
-5.47284
-5.47604
-5.47989
-5.48413
-5.48759
-5.49104
-5.49313
-5.49369
-5.49354
-5.49226
-5.48924
-5.48661
-5.48336
-5.47896
-5.47572
-5.47309
-5.47189
-5.4714
-5.47238
-5.4742
-5.47641
-5.47751
-5.47836
-5.47821
-5.47899
-5.47822
-5.4775
-5.47748
-5.47959
-5.48068
-5.48189
-5.48335
-5.48455
-5.48523
-5.48509
-5.48477
-5.48451
-5.48293
-5.4826
-5.48068
-5.47934
-5.47755
-5.47707
-5.47835
-5.48191
-5.48606
-5.49215
-5.49856
-5.50677
-5.51376
-5.51925
-5.52296
-5.52443
-5.52333
-5.51996
-5.51432
-5.50687
-5.4983
-5.48831
-5.47796
-5.46936
-5.46317
-5.45844
-5.45736
-5.4593
-5.4638
-5.46974
-5.47823
-5.48826
-5.49947
-5.51111
-5.52105
-5.52841
-5.5324
-5.5334
-5.53151
-5.5267
-5.52089
-5.51429
-5.50793
-5.502
-5.4982
-5.49629
-5.49543
-5.49736
-5.49918
-5.50023
-5.50143
-5.50061
-5.49897
-5.49449
-5.48889
-5.48117
-5.47326
-5.46659
-5.4604
-5.45499
-5.45219
-5.4511
-5.45205
-5.45566
-5.46082
-5.46817
-5.47604
-5.48334
-5.48786
-5.49095
-5.49204
-5.49025
-5.48616
-5.48016
-5.47124
-5.46186
-5.45095
-5.43999
-5.42895
-5.41736
-5.40692
-5.39923
-5.39307
-5.39008
-5.38995
-5.3915
-5.39423
-5.39808
-5.40293
-5.40744
-5.41233
-5.4165
-5.42173
-5.42652
-5.43152
-5.43691
-5.44226
-5.44775
-5.45304
-5.4593
-5.4651
-5.46998
-5.47443
-5.47975
-5.48494
-5.48685
-5.48813
-5.48845
-5.48636
-5.48403
-5.47975
-5.47555
-5.46982
-5.46218
-5.45454
-5.44669
-5.44038
-5.43408
-5.43132
-5.43022
-5.43251
-5.43787
-5.44615
-5.45546
-5.46663
-5.47688
-5.48574
-5.49349
-5.49981
-5.50489
-5.50771
-5.51044
-5.5124
-5.5134
-5.51398
-5.51347
-5.51364
-5.51336
-5.51292
-5.51262
-5.51265
-5.51248
-5.5127
-5.51365
-5.51292
-5.51234
-5.51004
-5.50646
-5.5018
-5.49623
-5.49222
-5.48838
-5.48535
-5.48355
-5.4827
-5.48113
-5.47979
-5.47934
-5.47911
-5.47855
-5.47674
-5.47662
-5.4753
-5.47306
-5.47057
-5.46697
-5.46372
-5.45983
-5.45529
-5.45116
-5.44829
-5.44629
-5.44608
-5.44755
-5.45074
-5.45605
-5.46351
-5.47348
-5.48388
-5.49436
-5.5057
-5.51552
-5.52421
-5.53065
-5.53458
-5.53654
-5.53402
-5.53041
-5.52368
-5.51435
-5.50372
-5.49225
-5.48128
-5.46969
-5.45816
-5.44771
-5.43813
-5.42926
-5.42319
-5.41882
-5.41691
-5.41912
-5.42443
-5.43232
-5.4428
-5.45351
-5.46499
-5.47582
-5.48593
-5.49574
-5.50557
-5.51443
-5.52166
-5.52859
-5.53362
-5.53659
-5.53758
-5.53567
-5.53188
-5.5264
-5.51844
-5.51032
-5.50447
-5.50087
-5.4994
-5.5013
-5.50476
-5.51055
-5.51518
-5.5176
-5.51839
-5.51761
-5.51411
-5.50939
-5.50331
-5.49563
-5.48739
-5.47885
-5.46929
-5.46069
-5.45291
-5.44672
-5.44253
-5.43934
-5.43854
-5.44083
-5.44568
-5.45373
-5.46204
-5.47232
-5.48202
-5.48948
-5.49417
-5.49575
-5.49428
-5.48939
-5.48024
-5.47125
-5.46234
-5.45405
-5.44896
-5.44586
-5.44401
-5.44452
-5.44368
-5.44229
-5.44172
-5.44035
-5.43768
-5.43446
-5.43111
-5.42753
-5.4247
-5.42225
-5.41922
-5.41641
-5.41352
-5.41265
-5.41179
-5.4121
-5.41321
-5.41614
-5.4208
-5.42576
-5.42987
-5.43288
-5.43385
-5.43261
-5.42981
-5.42491
-5.41875
-5.41113
-5.40479
-5.39818
-5.39374
-5.39077
-5.39003
-5.39067
-5.39278
-5.39748
-5.40433
-5.41188
-5.42197
-5.43214
-5.44242
-5.45334
-5.46387
-5.47241
-5.48045
-5.48649
-5.49078
-5.4926
-5.49328
-5.4934
-5.49332
-5.4927
-5.49123
-5.48988
-5.48741
-5.48441
-5.48189
-5.47828
-5.47458
-5.46949
-5.46456
-5.45974
-5.45528
-5.45304
-5.45255
-5.4542
-5.45734
-5.46333
-5.47042
-5.47849
-5.48637
-5.49368
-5.49868
-5.50139
-5.502
-5.50063
-5.49801
-5.49579
-5.4925
-5.48982
-5.48865
-5.48764
-5.48871
-5.49022
-5.49333
-5.49664
-5.50064
-5.5035
-5.50649
-5.50808
-5.50882
-5.50869
-5.50796
-5.50768
-5.50855
-5.50876
-5.51246
-5.517
-5.52428
-5.53408
-5.54372
-5.55504
-5.56494
-5.57359
-5.57907
-5.58106
-5.57795
-5.57039
-5.5582
-5.54421
-5.52584
-5.50796
-5.49018
-5.47611
-5.46402
-5.45555
-5.45208
-5.45312
-5.45782
-5.46607
-5.47509
-5.48518
-5.49547
-5.50139
-5.5047
-5.50487
-5.50233
-5.49683
-5.49056
-5.48651
-5.48311
-5.48003
-5.47881
-5.47803
-5.47765
-5.47699
-5.47587
-5.47424
-5.4704
-5.46463
-5.45657
-5.44588
-5.43507
-5.42565
-5.41987
-5.41923
-5.42561
-5.43548
-5.44858
-5.46467
-5.48152
-5.49799
-5.5131
-5.52773
-5.54053
-5.55208
-5.56228
-5.57189
-5.57791
-5.58215
-5.58377
-5.58348
-5.58018
-5.57501
-5.56729
-5.55828
-5.5469
-5.53254
-5.51653
-5.49839
-5.48102
-5.46564
-5.44973
-5.43592
-5.4248
-5.41915
-5.41662
-5.41895
-5.42509
-5.43591
-5.44844
-5.46471
-5.48155
-5.49801
-5.51406
-5.52785
-5.53947
-5.54935
-5.55709
-5.56193
-5.56245
-5.56052
-5.55578
-5.5482
-5.53788
-5.5249
-5.51249
-5.50231
-5.49327
-5.48685
-5.48217
-5.47903
-5.47822
-5.47912
-5.48202
-5.4837
-5.48764
-5.49137
-5.49313
-5.49233
-5.49007
-5.48675
-5.48162
-5.47842
-5.4748
-5.47187
-5.46945
-5.46727
-5.46265
-5.45797
-5.45264
-5.44719
-5.44224
-5.43673
-5.43308
-5.42881
-5.4257
-5.4238
-5.42366
-5.42567
-5.43125
-5.43816
-5.44786
-5.45901
-5.47072
-5.48396
-5.49889
-5.5113
-5.52125
-5.52845
-5.53314
-5.53482
-5.53298
-5.52948
-5.52684
-5.5259
-5.52698
-5.53117
-5.53765
-5.54585
-5.55357
-5.55998
-5.56296
-5.56492
-5.56445
-5.55999
-5.55478
-5.54811
-5.53998
-5.53034
-5.52109
-5.51161
-5.50173
-5.49204
-5.48175
-5.47037
-5.45978
-5.45026
-5.44051
-5.43352
-5.42796
-5.42486
-5.42361
-5.42589
-5.42838
-5.43364
-5.43927
-5.44536
-5.45134
-5.45911
-5.46672
-5.47467
-5.48072
-5.48604
-5.4884
-5.48839
-5.48846
-5.48586
-5.48083
-5.47446
-5.46825
-5.46062
-5.4557
-5.4532
-5.45231
-5.45457
-5.46161
-5.46972
-5.47911
-5.48771
-5.49401
-5.49629
-5.4945
-5.48856
-5.47894
-5.46749
-5.45598
-5.4469
-5.44169
-5.4413
-5.44656
-5.45342
-5.46256
-5.47293
-5.48172
-5.49104
-5.49923
-5.5058
-5.51298
-5.51921
-5.52547
-5.53114
-5.53606
-5.5398
-5.54241
-5.5422
-5.54022
-5.53822
-5.5342
-5.52915
-5.52413
-5.52004
-5.51542
-5.51483
-5.51538
-5.51842
-5.52277
-5.52672
-5.52831
-5.52769
-5.52359
-5.51572
-5.50362
-5.48914
-5.47421
-5.46073
-5.45049
-5.44539
-5.44515
-5.44913
-5.45591
-5.46342
-5.47322
-5.48329
-5.49308
-5.50261
-5.51064
-5.51794
-5.52297
-5.52521
-5.52516
-5.52284
-5.51749
-5.50905
-5.49921
-5.4878
-5.47804
-5.47133
-5.46963
-5.47263
-5.47816
-5.48533
-5.49288
-5.49879
-5.50354
-5.50588
-5.50504
-5.50315
-5.49957
-5.49721
-5.4931
-5.48808
-5.4824
-5.47746
-5.47237
-5.46541
-5.4574
-5.44882
-5.44086
-5.43424
-5.4295
-5.42737
-5.43149
-5.43756
-5.44649
-5.45511
-5.46309
-5.46894
-5.47383
-5.47678
-5.47973
-5.48228
-5.48603
-5.48968
-5.49502
-5.50097
-5.5055
-5.50953
-5.51294
-5.51724
-5.5213
-5.52487
-5.52833
-5.53218
-5.53529
-5.53615
-5.53539
-5.53376
-5.52913
-5.52008
-5.51023
-5.4982
-5.48527
-5.47326
-5.46313
-5.45594
-5.45168
-5.45048
-5.45276
-5.45739
-5.46467
-5.4732
-5.48168
-5.49074
-5.49978
-5.50762
-5.51399
-5.52012
-5.52405
-5.52812
-5.53097
-5.5336
-5.53521
-5.53595
-5.5342
-5.53078
-5.52364
-5.51571
-5.50518
-5.49388
-5.4821
-5.47159
-5.4628
-5.45681
-5.45233
-5.44985
-5.44857
-5.44703
-5.44489
-5.44244
-5.43854
-5.4345
-5.42965
-5.42735
-5.4279
-5.43272
-5.44081
-5.45206
-5.46511
-5.47713
-5.48871
-5.49666
-5.50265
-5.50337
-5.50022
-5.49252
-5.48097
-5.46702
-5.4531
-5.44106
-5.43197
-5.42806
-5.42632
-5.42749
-5.43017
-5.4328
-5.43437
-5.43351
-5.43069
-5.42667
-5.42149
-5.41705
-5.41391
-5.41408
-5.41709
-5.42268
-5.4325
-5.44452
-5.45769
-5.47147
-5.48681
-5.50039
-5.51233
-5.52149
-5.52528
-5.52464
-5.52161
-5.51591
-5.508
-5.49967
-5.49077
-5.48117
-5.47325
-5.46531
-5.45785
-5.45191
-5.44689
-5.44271
-5.44049
-5.44186
-5.44552
-5.45205
-5.46058
-5.46975
-5.47975
-5.48692
-5.49076
-5.49189
-5.48889
-5.48165
-5.47158
-5.46132
-5.45082
-5.44207
-5.43603
-5.43302
-5.43261
-5.43484
-5.43792
-5.44398
-5.45128
-5.45869
-5.46842
-5.47771
-5.48571
-5.49367
-5.49938
-5.50228
-5.50247
-5.50117
-5.49627
-5.48924
-5.48152
-5.47197
-5.46184
-5.452
-5.44251
-5.43451
-5.42763
-5.42321
-5.42104
-5.42154
-5.4244
-5.42779
-5.43272
-5.43888
-5.44489
-5.45077
-5.45678
-5.46215
-5.46763
-5.47221
-5.47598
-5.47852
-5.48077
-5.48372
-5.48747
-5.48979
-5.49227
-5.49446
-5.49495
-5.49253
-5.48841
-5.47915
-5.46772
-5.45529
-5.44382
-5.43602
-5.43383
-5.43702
-5.44515
-5.45409
-5.46263
-5.46951
-5.47657
-5.47944
-5.48114
-5.4808
-5.47863
-5.4742
-5.47061
-5.46847
-5.4687
-5.47142
-5.47633
-5.48403
-5.49057
-5.49521
-5.49788
-5.49634
-5.4926
-5.48658
-5.47953
-5.4716
-5.46356
-5.45705
-5.45151
-5.44837
-5.44653
-5.44444
-5.44317
-5.44242
-5.4408
-5.43954
-5.43717
-5.43385
-5.43122
-5.43047
-5.43111
-5.43404
-5.44062
-5.44947
-5.4617
-5.47524
-5.48868
-5.50149
-5.51146
-5.51953
-5.525
-5.52582
-5.52277
-5.5192
-5.51307
-5.50699
-5.49926
-5.49235
-5.48748
-5.48257
-5.47947
-5.47754
-5.47858
-5.48247
-5.48929
-5.49769
-5.50773
-5.51893
-5.52686
-5.53407
-5.53716
-5.53917
-5.53786
-5.53363
-5.52792
-5.52041
-5.51066
-5.49845
-5.48527
-5.47056
-5.45539
-5.44016
-5.42719
-5.41808
-5.4139
-5.41552
-5.42296
-5.43466
-5.44966
-5.46551
-5.48111
-5.49538
-5.5058
-5.51417
-5.51945
-5.51797
-5.51402
-5.50626
-5.49565
-5.48436
-5.47465
-5.46631
-5.46192
-5.46138
-5.4637
-5.47202
-5.48384
-5.49818
-5.5133
-5.52961
-5.54624
-5.56062
-5.57243
-5.57986
-5.58139
-5.57822
-5.57139
-5.56041
-5.54798
-5.53587
-5.52557
-5.51842
-5.51322
-5.50992
-5.50569
-5.49849
-5.49174
-5.4828
-5.47377
-5.46482
-5.45418
-5.44412
-5.4346
-5.42718
-5.42163
-5.41838
-5.41807
-5.41932
-5.423
-5.42844
-5.43451
-5.44199
-5.44968
-5.45694
-5.46314
-5.4682
-5.47031
-5.47165
-5.47405
-5.4792
-5.48753
-5.49659
-5.5055
-5.51179
-5.51533
-5.51377
-5.50768
-5.49712
-5.4851
-5.47152
-5.45886
-5.44858
-5.44192
-5.43933
-5.44346
-5.45203
-5.46423
-5.47871
-5.49298
-5.50562
-5.51442
-5.51731
-5.51655
-5.51081
-5.50116
-5.48887
-5.4767
-5.4636
-5.45166
-5.44258
-5.43891
-5.4382
-5.44295
-5.45271
-5.46455
-5.47965
-5.49599
-5.51211
-5.52778
-5.54167
-5.55283
-5.563
-5.56973
-5.57473
-5.57776
-5.57821
-5.57586
-5.57212
-5.56501
-5.55637
-5.54559
-5.53299
-5.52087
-5.50884
-5.49876
-5.49015
-5.48505
-5.48092
-5.47857
-5.4751
-5.47321
-5.47148
-5.46806
-5.46414
-5.45825
-5.45326
-5.44589
-5.43804
-5.42841
-5.41881
-5.40992
-5.40148
-5.39351
-5.38675
-5.38188
-5.37956
-5.37932
-5.38264
-5.38786
-5.39596
-5.40732
-5.41909
-5.43104
-5.44393
-5.45488
-5.46351
-5.47102
-5.47482
-5.47792
-5.47829
-5.4777
-5.4781
-5.47803
-5.47931
-5.48168
-5.48569
-5.48993
-5.49568
-5.50028
-5.50531
-5.50956
-5.50969
-5.50762
-5.5032
-5.4951
-5.48309
-5.46913
-5.45406
-5.4382
-5.42452
-5.41419
-5.40631
-5.40239
-5.40211
-5.40466
-5.41128
-5.42041
-5.43053
-5.44138
-5.45095
-5.45829
-5.46255
-5.46662
-5.46781
-5.4679
-5.46642
-5.46388
-5.46083
-5.45958
-5.46061
-5.46345
-5.46895
-5.47876
-5.49121
-5.50528
-5.52037
-5.53575
-5.55015
-5.56411
-5.57581
-5.58442
-5.59072
-5.59377
-5.59539
-5.59402
-5.59027
-5.58314
-5.57321
-5.56173
-5.54746
-5.53116
-5.51435
-5.49589
-5.47867
-5.46353
-5.45149
-5.44067
-5.43472
-5.43189
-5.43388
-5.43912
-5.44804
-5.4592
-5.47154
-5.48391
-5.49458
-5.50238
-5.50613
-5.50616
-5.50199
-5.49404
-5.48216
-5.46891
-5.45471
-5.4414
-5.42891
-5.41814
-5.41063
-5.40674
-5.40752
-5.41049
-5.41813
-5.43011
-5.44406
-5.45924
-5.47517
-5.48989
-5.5026
-5.51343
-5.5212
-5.52487
-5.5253
-5.52196
-5.51473
-5.50526
-5.49322
-5.47996
-5.46571
-5.45286
-5.44134
-5.43142
-5.42483
-5.42236
-5.42361
-5.42664
-5.4311
-5.43515
-5.43928
-5.44211
-5.44665
-5.45186
-5.45799
-5.46371
-5.47105
-5.479
-5.48678
-5.4937
-5.49709
-5.49897
-5.49592
-5.49026
-5.48238
-5.47223
-5.46173
-5.45176
-5.44381
-5.43784
-5.43609
-5.43662
-5.44
-5.44421
-5.44921
-5.45461
-5.45927
-5.46166
-5.46188
-5.46039
-5.45708
-5.45459
-5.45214
-5.45202
-5.45428
-5.45864
-5.46334
-5.46649
-5.46733
-5.4653
-5.45979
-5.44932
-5.43737
-5.42396
-5.41057
-5.39724
-5.38346
-5.37174
-5.36186
-5.35356
-5.34886
-5.34976
-5.35512
-5.36621
-5.37952
-5.39353
-5.40739
-5.41967
-5.42953
-5.43608
-5.43991
-5.44162
-5.44184
-5.43996
-5.43809
-5.43554
-5.43429
-5.43364
-5.43565
-5.43924
-5.44303
-5.44796
-5.45355
-5.45913
-5.46454
-5.46817
-5.47068
-5.47006
-5.46713
-5.46293
-5.4583
-5.45467
-5.45134
-5.44926
-5.44809
-5.44834
-5.44818
-5.44742
-5.44515
-5.44286
-5.43967
-5.4352
-5.43173
-5.42921
-5.43079
-5.43335
-5.43834
-5.4453
-5.45471
-5.46326
-5.47272
-5.47954
-5.48432
-5.48696
-5.48714
-5.48635
-5.48551
-5.48661
-5.48864
-5.49309
-5.49801
-5.50369
-5.50916
-5.51384
-5.51927
-5.52394
-5.52753
-5.53037
-5.532
-5.53299
-5.5334
-5.53387
-5.533
-5.53046
-5.5276
-5.52253
-5.51712
-5.50865
-5.49992
-5.48746
-5.47371
-5.45809
-5.44115
-5.42561
-5.41317
-5.40377
-5.39803
-5.39436
-5.39191
-5.38911
-5.3871
-5.38565
-5.38527
-5.38769
-5.39246
-5.39909
-5.40903
-5.42157
-5.43381
-5.44696
-5.45909
-5.46987
-5.47967
-5.48585
-5.4905
-5.49238
-5.49383
-5.49564
-5.49588
-5.49655
-5.49733
-5.4957
-5.4912
-5.48474
-5.4792
-5.47373
-5.46978
-5.47045
-5.47591
-5.48507
-5.49653
-5.50898
-5.52191
-5.53639
-5.55028
-5.56351
-5.57623
-5.584
-5.58949
-5.59211
-5.59054
-5.58483
-5.57599
-5.5647
-5.55135
-5.5362
-5.52162
-5.5071
-5.49403
-5.48456
-5.47788
-5.47468
-5.47471
-5.47746
-5.48167
-5.48696
-5.4947
-5.50202
-5.51048
-5.51933
-5.52831
-5.53799
-5.54801
-5.55785
-5.56918
-5.58008
-5.58933
-5.59601
-5.5979
-5.59591
-5.59125
-5.5831
-5.57258
-5.56192
-5.55272
-5.54399
-5.5351
-5.52795
-5.52087
-5.51337
-5.50557
-5.49722
-5.48873
-5.481
-5.47405
-5.46789
-5.46408
-5.46097
-5.45952
-5.46061
-5.46142
-5.46219
-5.46217
-5.46135
-5.45902
-5.45467
-5.44806
-5.44262
-5.43884
-5.43725
-5.43702
-5.44054
-5.44495
-5.45036
-5.45602
-5.4601
-5.46506
-5.47026
-5.47598
-5.48105
-5.48533
-5.49268
-5.50243
-5.51412
-5.5258
-5.53762
-5.54828
-5.55776
-5.56508
-5.56944
-5.5701
-5.56782
-5.56246
-5.5528
-5.54112
-5.52703
-5.51071
-5.49424
-5.47793
-5.46446
-5.45328
-5.44606
-5.44375
-5.44487
-5.4498
-5.45589
-5.46292
-5.47032
-5.47662
-5.48292
-5.48877
-5.495
-5.50023
-5.50605
-5.51199
-5.51758
-5.52252
-5.52922
-5.5362
-5.54334
-5.5504
-5.55581
-5.55929
-5.56012
-5.55966
-5.55622
-5.55219
-5.54875
-5.54629
-5.54556
-5.54582
-5.54624
-5.54522
-5.54271
-5.53714
-5.52786
-5.51862
-5.51119
-5.50683
-5.5081
-5.51223
-5.51808
-5.52367
-5.52861
-5.53258
-5.53388
-5.53509
-5.5347
-5.5341
-5.53275
-5.53088
-5.5291
-5.52653
-5.52318
-5.51903
-5.51508
-5.512
-5.5085
-5.50423
-5.50033
-5.49588
-5.49012
-5.48361
-5.47492
-5.46554
-5.45578
-5.4463
-5.43674
-5.42989
-5.42338
-5.41943
-5.4153
-5.41172
-5.40804
-5.40409
-5.40108
-5.39791
-5.39442
-5.39274
-5.39212
-5.39312
-5.39583
-5.39812
-5.40343
-5.40924
-5.41669
-5.42533
-5.435
-5.44456
-5.45387
-5.46004
-5.46561
-5.47056
-5.4727
-5.47215
-5.46856
-5.46307
-5.45638
-5.4492
-5.44392
-5.44089
-5.44424
-5.45221
-5.46353
-5.4765
-5.48893
-5.50072
-5.50885
-5.51474
-5.5182
-5.51827
-5.51693
-5.51403
-5.51064
-5.50798
-5.50595
-5.50633
-5.50749
-5.51072
-5.51464
-5.51878
-5.52273
-5.52435
-5.52557
-5.526
-5.52567
-5.52349
-5.5196
-5.51411
-5.50635
-5.49909
-5.49095
-5.4836
-5.47776
-5.47347
-5.47171
-5.47173
-5.47329
-5.47668
-5.48131
-5.48571
-5.48975
-5.49232
-5.49286
-5.49184
-5.48943
-5.48541
-5.48178
-5.47958
-5.48008
-5.48156
-5.4845
-5.48758
-5.48996
-5.49046
-5.49068
-5.48877
-5.48777
-5.48689
-5.48744
-5.48843
-5.48958
-5.48931
-5.48721
-5.48489
-5.48248
-5.4792
-5.47413
-5.46984
-5.46399
-5.45765
-5.4497
-5.44183
-5.43369
-5.42654
-5.42091
-5.41757
-5.41644
-5.41895
-5.42374
-5.43179
-5.43889
-5.44883
-5.45849
-5.46816
-5.47662
-5.48288
-5.48761
-5.48812
-5.48703
-5.48251
-5.47468
-5.46463
-5.45522
-5.44613
-5.43973
-5.43681
-5.44014
-5.44762
-5.45886
-5.4726
-5.48854
-5.50435
-5.5199
-5.53364
-5.54356
-5.54861
-5.54911
-5.54544
-5.53751
-5.5259
-5.51075
-5.49367
-5.47461
-5.45395
-5.43439
-5.41528
-5.39949
-5.38725
-5.38177
-5.38127
-5.38801
-5.40015
-5.41622
-5.43309
-5.45152
-5.46945
-5.48569
-5.49963
-5.51074
-5.51836
-5.52147
-5.52087
-5.51543
-5.50708
-5.49529
-5.48232
-5.46908
-5.45683
-5.44593
-5.43787
-5.43416
-5.43482
-5.43964
-5.44714
-5.45892
-5.47245
-5.48839
-5.50465
-5.51982
-5.53398
-5.54575
-5.55527
-5.56128
-5.56376
-5.56212
-5.55776
-5.55122
-5.54293
-5.53444
-5.52564
-5.51818
-5.51222
-5.50878
-5.5077
-5.50882
-5.5106
-5.51173
-5.51162
-5.51165
-5.51194
-5.51453
-5.52029
-5.52809
-5.53652
-5.54493
-5.55092
-5.5527
-5.55123
-5.54625
-5.54009
-5.53236
-5.524
-5.51441
-5.50448
-5.49587
-5.48634
-5.47703
-5.46884
-5.46269
-5.45833
-5.45615
-5.45523
-5.45563
-5.45805
-5.46114
-5.46468
-5.4685
-5.47262
-5.47557
-5.47656
-5.47715
-5.4751
-5.47189
-5.47045
-5.46916
-5.47
-5.47361
-5.47908
-5.485
-5.49025
-5.49517
-5.49808
-5.50214
-5.50621
-5.5124
-5.51965
-5.5256
-5.53181
-5.53742
-5.54123
-5.54203
-5.54104
-5.53879
-5.53377
-5.52784
-5.52188
-5.51664
-5.51274
-5.50857
-5.50686
-5.50472
-5.50366
-5.50378
-5.50452
-5.50535
-5.50778
-5.5104
-5.51349
-5.51623
-5.51983
-5.5237
-5.52737
-5.53099
-5.53336
-5.53345
-5.53427
-5.53257
-5.53002
-5.52746
-5.52551
-5.52349
-5.5224
-5.52172
-5.52148
-5.52107
-5.52007
-5.51727
-5.51321
-5.50645
-5.49917
-5.4902
-5.48002
-5.4703
-5.46249
-5.4539
-5.44653
-5.43978
-5.43506
-5.43068
-5.42607
-5.42254
-5.41836
-5.41603
-5.41499
-5.41463
-5.41697
-5.4228
-5.43098
-5.44364
-5.45652
-5.47141
-5.48704
-5.50122
-5.51319
-5.52298
-5.53026
-5.53289
-5.53143
-5.52709
-5.51808
-5.50657
-5.49266
-5.47959
-5.46747
-5.45619
-5.44952
-5.445
-5.44289
-5.44195
-5.44256
-5.44402
-5.44347
-5.44123
-5.43702
-5.43126
-5.42465
-5.41809
-5.41386
-5.41284
-5.41581
-5.42481
-5.43834
-5.45506
-5.47181
-5.48889
-5.50374
-5.51583
-5.523
-5.52588
-5.52418
-5.51881
-5.50856
-5.49516
-5.47995
-5.46188
-5.44327
-5.42489
-5.40869
-5.39464
-5.38553
-5.38109
-5.38315
-5.39011
-5.40264
-5.41877
-5.4367
-5.45392
-5.46964
-5.48197
-5.49054
-5.49459
-5.49414
-5.49045
-5.48481
-5.47826
-5.47293
-5.46961
-5.47007
-5.47387
-5.48065
-5.4893
-5.49935
-5.50689
-5.51243
-5.5138
-5.51175
-5.50495
-5.49473
-5.48129
-5.4656
-5.45252
-5.44189
-5.43506
-5.43134
-5.43215
-5.4354
-5.4425
-5.45239
-5.46423
-5.47536
-5.48475
-5.4917
-5.49466
-5.49339
-5.489
-5.48367
-5.47571
-5.4684
-5.46053
-5.45398
-5.4503
-5.44763
-5.44706
-5.44745
-5.44688
-5.44593
-5.44341
-5.43977
-5.43698
-5.43351
-5.43172
-5.43103
-5.43312
-5.43911
-5.44752
-5.45877
-5.4711
-5.48238
-5.49201
-5.49971
-5.50548
-5.50967
-5.51315
-5.51575
-5.51601
-5.51603
-5.51489
-5.51151
-5.50711
-5.50144
-5.49403
-5.48517
-5.47902
-5.47459
-5.47425
-5.47767
-5.48362
-5.49114
-5.49736
-5.50254
-5.50511
-5.50687
-5.5071
-5.50615
-5.50431
-5.50157
-5.4983
-5.49396
-5.48812
-5.48349
-5.48084
-5.47776
-5.47675
-5.47484
-5.47366
-5.47324
-5.47184
-5.46998
-5.46674
-5.46202
-5.45634
-5.44852
-5.43848
-5.42882
-5.42022
-5.41319
-5.40817
-5.40666
-5.40647
-5.40978
-5.41465
-5.41903
-5.42554
-5.43077
-5.43759
-5.44457
-5.4533
-5.46246
-5.47368
-5.48554
-5.49895
-5.51366
-5.53056
-5.54676
-5.56223
-5.57698
-5.58853
-5.59772
-5.60263
-5.60435
-5.60315
-5.59947
-5.59319
-5.58654
-5.57907
-5.57172
-5.56436
-5.55601
-5.54788
-5.53922
-5.53206
-5.52365
-5.51642
-5.5091
-5.50316
-5.49745
-5.49307
-5.49107
-5.4918
-5.49179
-5.49391
-5.49571
-5.49733
-5.49846
-5.49689
-5.49434
-5.49058
-5.48649
-5.48311
-5.48062
-5.48011
-5.48122
-5.48611
-5.49323
-5.5009
-5.5103
-5.52004
-5.5272
-5.53254
-5.53357
-5.53188
-5.52697
-5.5204
-5.51137
-5.50311
-5.49823
-5.49686
-5.49842
-5.50009
-5.50172
-5.50149
-5.49827
-5.49274
-5.48557
-5.47887
-5.47362
-5.47206
-5.4748
-5.48288
-5.4953
-5.51195
-5.52957
-5.54672
-5.56216
-5.57488
-5.58331
-5.5861
-5.58409
-5.57664
-5.56615
-5.55313
-5.53974
-5.52411
-5.51135
-5.50239
-5.49705
-5.49602
-5.49855
-5.50327
-5.50948
-5.51276
-5.51374
-5.51088
-5.50351
-5.49117
-5.47605
-5.46137
-5.44839
-5.44137
-5.44231
-5.45124
-5.46635
-5.48505
-5.50219
-5.51592
-5.52756
-5.53439
-5.53674
-5.53404
-5.52859
-5.52142
-5.51178
-5.50129
-5.49128
-5.48236
-5.47545
-5.47189
-5.47213
-5.47549
-5.47987
-5.48699
-5.49363
-5.50331
-5.51218
-5.52259
-5.5358
-5.54639
-5.55455
-5.55924
-5.56259
-5.56236
-5.55867
-5.55057
-5.54006
-5.5251
-5.50976
-5.49268
-5.4783
-5.46491
-5.45499
-5.44934
-5.4483
-5.45039
-5.45708
-5.46615
-5.47707
-5.48928
-5.50027
-5.5123
-5.52276
-5.53097
-5.53729
-5.54148
-5.54225
-5.5394
-5.53375
-5.52567
-5.51635
-5.50312
-5.48958
-5.47488
-5.45888
-5.4428
-5.42901
-5.41614
-5.40636
-5.39979
-5.39722
-5.39786
-5.40248
-5.4097
-5.4186
-5.42838
-5.43755
-5.44568
-5.45067
-5.45367
-5.45402
-5.45301
-5.45003
-5.44521
-5.44084
-5.43549
-5.43054
-5.42716
-5.42296
-5.42174
-5.4226
-5.42536
-5.42886
-5.4347
-5.43963
-5.44429
-5.44922
-5.45057
-5.45235
-5.4533
-5.4522
-5.44932
-5.44508
-5.43876
-5.43211
-5.42649
-5.41964
-5.41403
-5.40906
-5.40512
-5.40122
-5.39995
-5.40037
-5.40244
-5.40476
-5.40921
-5.41361
-5.41752
-5.42134
-5.42452
-5.42907
-5.43457
-5.44071
-5.4494
-5.46045
-5.47142
-5.48156
-5.49212
-5.50156
-5.50668
-5.51188
-5.51382
-5.51331
-5.51172
-5.50794
-5.50381
-5.49843
-5.49165
-5.4835
-5.47486
-5.46583
-5.45592
-5.44823
-5.44316
-5.44155
-5.44317
-5.44842
-5.45602
-5.46382
-5.47216
-5.48099
-5.4891
-5.49652
-5.50335
-5.50879
-5.51528
-5.52188
-5.52812
-5.53482
-5.54148
-5.54699
-5.5515
-5.55602
-5.55663
-5.55575
-5.55135
-5.54331
-5.53274
-5.52055
-5.50693
-5.49287
-5.4774
-5.46057
-5.44404
-5.42874
-5.4162
-5.40774
-5.40424
-5.40612
-5.41251
-5.42308
-5.43714
-5.45437
-5.47401
-5.49442
-5.51473
-5.53381
-5.55071
-5.56595
-5.57788
-5.58601
-5.5911
-5.59301
-5.59271
-5.59038
-5.58645
-5.58177
-5.57556
-5.56723
-5.5576
-5.54723
-5.53605
-5.52351
-5.50947
-5.49456
-5.4802
-5.46525
-5.45005
-5.43499
-5.42143
-5.40993
-5.40062
-5.39237
-5.38494
-5.37807
-5.37262
-5.37017
-5.36988
-5.37203
-5.37779
-5.38586
-5.39593
-5.40794
-5.42052
-5.43391
-5.44715
-5.45856
-5.46943
-5.47822
-5.4853
-5.49011
-5.4918
-5.49228
-5.48978
-5.48454
-5.47763
-5.46794
-5.45681
-5.44379
-5.42936
-5.4158
-5.40244
-5.3895
-5.37946
-5.37247
-5.36794
-5.36603
-5.36667
-5.36829
-5.37231
-5.37647
-5.38073
-5.38609
-5.39241
-5.39905
-5.40683
-5.41697
-5.4282
-5.44055
-5.4563
-5.47405
-5.49215
-5.51155
-5.53046
-5.54841
-5.56374
-5.57761
-5.589
-5.59736
-5.60333
-5.60553
-5.60434
-5.60096
-5.59238
-5.58174
-5.56878
-5.55439
-5.53856
-5.52309
-5.50983
-5.49784
-5.48831
-5.47966
-5.47248
-5.46708
-5.46135
-5.4575
-5.45443
-5.45306
-5.45338
-5.45602
-5.4593
-5.4638
-5.46798
-5.47092
-5.4761
-5.48183
-5.48765
-5.49355
-5.50004
-5.50623
-5.51163
-5.51628
-5.51849
-5.5183
-5.51522
-5.5099
-5.50332
-5.49489
-5.48814
-5.48183
-5.47768
-5.4749
-5.47389
-5.4739
-5.47372
-5.47293
-5.47016
-5.46514
-5.45861
-5.45117
-5.4459
-5.44145
-5.44199
-5.44583
-5.45356
-5.4655
-5.48001
-5.49727
-5.51418
-5.52972
-5.54439
-5.55557
-5.5633
-5.56774
-5.56913
-5.56632
-5.55894
-5.54678
-5.53204
-5.51467
-5.49913
-5.4874
-5.48039
-5.47912
-5.48322
-5.49146
-5.50223
-5.51304
-5.52447
-5.53293
-5.53946
-5.54264
-5.54146
-5.53706
-5.52959
-5.51915
-5.50522
-5.49052
-5.47493
-5.45956
-5.44679
-5.43807
-5.43387
-5.43553
-5.44055
-5.44916
-5.45974
-5.47244
-5.48322
-5.49464
-5.50363
-5.50896
-5.51055
-5.50963
-5.50509
-5.4978
-5.49055
-5.48417
-5.47993
-5.47713
-5.47743
-5.47889
-5.48155
-5.4857
-5.49217
-5.50034
-5.51031
-5.52075
-5.53149
-5.54186
-5.54795
-5.55045
-5.54847
-5.54203
-5.53161
-5.51795
-5.50141
-5.48344
-5.46651
-5.45042
-5.43897
-5.43198
-5.42957
-5.43065
-5.43592
-5.44313
-5.45115
-5.45933
-5.46759
-5.47551
-5.48629
-5.49688
-5.50737
-5.5181
-5.52796
-5.53579
-5.53916
-5.53954
-5.53696
-5.53179
-5.52383
-5.51563
-5.51048
-5.50422
-5.50052
-5.49763
-5.49562
-5.49367
-5.49015
-5.4871
-5.48463
-5.48096
-5.47711
-5.47553
-5.47543
-5.47718
-5.4815
-5.48652
-5.49142
-5.49536
-5.49676
-5.49505
-5.49069
-5.48238
-5.47336
-5.46286
-5.45525
-5.45038
-5.45018
-5.45543
-5.46412
-5.47653
-5.48934
-5.50202
-5.51231
-5.51756
-5.51854
-5.51513
-5.50938
-5.49956
-5.48904
-5.47904
-5.46907
-5.45906
-5.44951
-5.44122
-5.43399
-5.42705
-5.4221
-5.41766
-5.41572
-5.41576
-5.41911
-5.42431
-5.43246
-5.44177
-5.45372
-5.46847
-5.48304
-5.49781
-5.51083
-5.52126
-5.52786
-5.5323
-5.53295
-5.53078
-5.52671
-5.52109
-5.51555
-5.50961
-5.50446
-5.50097
-5.5006
-5.50217
-5.50691
-5.5123
-5.52005
-5.53019
-5.54099
-5.55096
-5.56053
-5.56867
-5.57623
-5.58259
-5.58795
-5.59194
-5.59362
-5.59437
-5.59316
-5.59156
-5.58775
-5.58074
-5.57314
-5.56324
-5.55278
-5.54181
-5.53194
-5.52367
-5.51804
-5.51406
-5.5117
-5.51032
-5.50915
-5.50893
-5.50796
-5.50612
-5.50351
-5.49914
-5.49514
-5.49267
-5.49276
-5.49394
-5.49915
-5.50737
-5.51926
-5.53252
-5.54587
-5.55855
-5.5704
-5.57865
-5.58345
-5.58376
-5.58063
-5.57432
-5.5653
-5.55385
-5.54052
-5.5258
-5.51052
-5.4971
-5.48635
-5.47766
-5.471
-5.46883
-5.46986
-5.47487
-5.48208
-5.48993
-5.49866
-5.50572
-5.51006
-5.51301
-5.5129
-5.51282
-5.51246
-5.51244
-5.51406
-5.51908
-5.52618
-5.53457
-5.54353
-5.55331
-5.56128
-5.5683
-5.57258
-5.57515
-5.57474
-5.57029
-5.56315
-5.5539
-5.54371
-5.53509
-5.52787
-5.52332
-5.52202
-5.52331
-5.52576
-5.53012
-5.53391
-5.53647
-5.53889
-5.54043
-5.54121
-5.54159
-5.54207
-5.54452
-5.54658
-5.54922
-5.55171
-5.55223
-5.55158
-5.54972
-5.54706
-5.54515
-5.54169
-5.53991
-5.53807
-5.53548
-5.53276
-5.52976
-5.52596
-5.52145
-5.51733
-5.51483
-5.51789
-5.52637
-5.53792
-5.55146
-5.56404
-5.57319
-5.5782
-5.57767
-5.57127
-5.56258
-5.55231
-5.54212
-5.53226
-5.52366
-5.51508
-5.50712
-5.49846
-5.48999
-5.48038
-5.47057
-5.46079
-5.45108
-5.44411
-5.43712
-5.43173
-5.42688
-5.42218
-5.41849
-5.41591
-5.41717
-5.42042
-5.42615
-5.43644
-5.44653
-5.45615
-5.46231
-5.46541
-5.46489
-5.46311
-5.46057
-5.45961
-5.46002
-5.46382
-5.46709
-5.47266
-5.47967
-5.48577
-5.49289
-5.49849
-5.50355
-5.50565
-5.50624
-5.504
-5.50006
-5.49561
-5.49004
-5.48324
-5.47591
-5.46821
-5.46118
-5.45278
-5.44627
-5.44187
-5.44008
-5.44014
-5.44104
-5.44441
-5.44803
-5.45378
-5.45977
-5.46706
-5.47585
-5.4849
-5.49415
-5.50312
-5.50953
-5.51378
-5.51667
-5.51642
-5.51433
-5.51052
-5.50712
-5.5027
-5.49925
-5.49539
-5.49106
-5.48644
-5.48215
-5.47598
-5.46924
-5.46411
-5.45974
-5.45832
-5.45907
-5.46076
-5.46687
-5.47577
-5.48745
-5.49892
-5.5109
-5.52177
-5.52877
-5.53073
-5.52656
-5.51824
-5.50655
-5.49382
-5.48395
-5.47662
-5.47326
-5.4731
-5.47447
-5.47549
-5.47681
-5.47538
-5.47122
-5.46444
-5.458
-5.4521
-5.44638
-5.44362
-5.44458
-5.44855
-5.45574
-5.46628
-5.4775
-5.49016
-5.50181
-5.51218
-5.52003
-5.52536
-5.53019
-5.53371
-5.53535
-5.53581
-5.53444
-5.53197
-5.52874
-5.52421
-5.52008
-5.51621
-5.51565
-5.51852
-5.52355
-5.53021
-5.537
-5.5439
-5.54694
-5.54641
-5.54303
-5.53912
-5.53284
-5.52562
-5.51731
-5.51041
-5.50496
-5.50042
-5.49728
-5.49535
-5.49579
-5.49733
-5.49954
-5.5044
-5.51021
-5.51586
-5.523
-5.52901
-5.53586
-5.54127
-5.54626
-5.55022
-5.55138
-5.55085
-5.54775
-5.54218
-5.53499
-5.52512
-5.51399
-5.50297
-5.49018
-5.47595
-5.46152
-5.44726
-5.43385
-5.42024
-5.40792
-5.39772
-5.39078
-5.38567
-5.38208
-5.38028
-5.37849
-5.37726
-5.37437
-5.37312
-5.37258
-5.37449
-5.37814
-5.38431
-5.39271
-5.40232
-5.41327
-5.42226
-5.43083
-5.43611
-5.43904
-5.43893
-5.43814
-5.43448
-5.43038
-5.42491
-5.41893
-5.41124
-5.4033
-5.39351
-5.38421
-5.3732
-5.36451
-5.35787
-5.35491
-5.35679
-5.36477
-5.37739
-5.3915
-5.40858
-5.4265
-5.44384
-5.45786
-5.47098
-5.48064
-5.48825
-5.4927
-5.49534
-5.49635
-5.49685
-5.49683
-5.49549
-5.49219
-5.48743
-5.48164
-5.47302
-5.46223
-5.44963
-5.43518
-5.41948
-5.40555
-5.39336
-5.38635
-5.38446
-5.38815
-5.39754
-5.41006
-5.42375
-5.43804
-5.45292
-5.46665
-5.47891
-5.48893
-5.49737
-5.50348
-5.50462
-5.5025
-5.49695
-5.49002
-5.48135
-5.47433
-5.46748
-5.46395
-5.46374
-5.46689
-5.4712
-5.47694
-5.48186
-5.48604
-5.48892
-5.49098
-5.49354
-5.49754
-5.50296
-5.51011
-5.51595
-5.52088
-5.52297
-5.52055
-5.51514
-5.50479
-5.49198
-5.47912
-5.4678
-5.45862
-5.45343
-5.45321
-5.45812
-5.468
-5.48178
-5.4979
-5.51565
-5.53281
-5.54675
-5.55723
-5.56362
-5.5643
-5.5612
-5.55571
-5.54807
-5.53875
-5.52943
-5.52256
-5.51686
-5.51105
-5.50668
-5.50285
-5.50022
-5.50072
-5.50345
-5.50762
-5.51141
-5.51437
-5.51657
-5.51681
-5.5143
-5.50999
-5.50233
-5.4931
-5.48327
-5.47385
-5.4683
-5.4646
-5.46591
-5.4723
-5.48316
-5.49532
-5.50849
-5.52235
-5.53293
-5.54236
-5.54866
-5.55169
-5.55297
-5.55397
-5.55431
-5.5546
-5.55476
-5.55391
-5.55031
-5.54431
-5.53467
-5.52279
-5.5106
-5.50262
-5.49862
-5.49923
-5.50396
-5.50794
-5.51149
-5.51523
-5.51619
-5.51461
-5.51224
-5.50598
-5.49922
-5.49003
-5.48019
-5.47014
-5.46176
-5.45526
-5.45386
-5.4546
-5.46008
-5.46695
-5.47533
-5.48377
-5.49181
-5.49883
-5.50377
-5.50627
-5.50641
-5.50406
-5.50101
-5.49589
-5.49104
-5.4871
-5.48563
-5.48828
-5.49548
-5.50371
-5.51258
-5.5198
-5.52561
-5.52739
-5.52373
-5.51609
-5.5066
-5.49672
-5.48845
-5.48339
-5.48412
-5.48972
-5.49826
-5.50768
-5.51489
-5.51982
-5.52071
-5.51806
-5.51041
-5.50209
-5.49187
-5.48309
-5.47629
-5.47152
-5.46861
-5.46838
-5.46886
-5.47079
-5.47238
-5.47255
-5.4727
-5.47273
-5.4707
-5.46873
-5.46814
-5.46875
-5.47047
-5.47334
-5.47663
-5.4802
-5.4846
-5.48938
-5.49506
-5.49869
-5.50169
-5.50445
-5.50731
-5.50766
-5.50675
-5.50372
-5.4998
-5.49654
-5.4942
-5.49155
-5.48978
-5.48888
-5.48994
-5.49079
-5.49004
-5.4899
-5.48933
-5.48793
-5.48791
-5.48844
-5.48822
-5.48822
-5.48794
-5.48767
-5.48647
-5.48519
-5.4838
-5.48306
-5.4825
-5.48219
-5.48147
-5.47985
-5.47717
-5.47283
-5.46688
-5.45972
-5.44849
-5.43543
-5.42159
-5.40698
-5.39291
-5.38176
-5.37377
-5.3701
-5.3706
-5.37597
-5.38311
-5.39169
-5.39985
-5.40603
-5.41038
-5.4142
-5.41835
-5.42367
-5.43002
-5.43735
-5.44409
-5.44969
-5.45468
-5.45905
-5.46324
-5.4678
-5.47404
-5.48199
-5.49002
-5.50049
-5.51247
-5.5237
-5.53506
-5.54739
-5.55961
-5.57042
-5.58189
-5.59228
-5.60296
-5.61251
-5.62067
-5.62688
-5.62919
-5.62988
-5.62607
-5.61882
-5.60818
-5.59483
-5.57854
-5.56137
-5.54313
-5.52402
-5.50593
-5.48893
-5.47207
-5.45785
-5.44621
-5.43534
-5.42815
-5.42274
-5.41858
-5.41674
-5.41631
-5.41595
-5.41775
-5.42001
-5.42481
-5.43365
-5.44318
-5.45512
-5.46689
-5.47818
-5.48704
-5.49407
-5.4986
-5.50289
-5.50712
-5.51212
-5.51798
-5.5241
-5.53107
-5.53666
-5.54014
-5.54125
-5.53908
-5.53429
-5.52902
-5.52437
-5.51963
-5.51386
-5.50661
-5.49978
-5.49128
-5.48258
-5.47513
-5.46955
-5.46695
-5.46689
-5.47084
-5.477
-5.48408
-5.49219
-5.4998
-5.50495
-5.50755
-5.50817
-5.50619
-5.50272
-5.49788
-5.49241
-5.487
-5.48231
-5.47514
-5.46961
-5.46506
-5.46084
-5.45855
-5.45739
-5.45663
-5.45855
-5.4625
-5.46695
-5.47297
-5.47895
-5.48354
-5.4873
-5.49001
-5.49046
-5.48735
-5.48325
-5.47579
-5.4655
-5.45579
-5.44702
-5.44192
-5.44037
-5.4443
-5.4523
-5.46243
-5.47538
-5.48877
-5.50302
-5.51507
-5.52535
-5.53317
-5.5384
-5.5411
-5.53923
-5.53628
-5.53098
-5.52269
-5.51376
-5.50284
-5.49122
-5.47932
-5.46899
-5.45878
-5.45047
-5.44384
-5.43901
-5.43544
-5.43405
-5.43453
-5.43597
-5.43766
-5.4396
-5.4422
-5.44539
-5.45012
-5.45562
-5.46165
-5.47048
-5.47867
-5.4854
-5.49083
-5.49369
-5.49369
-5.49058
-5.48489
-5.47843
-5.4705
-5.46376
-5.45845
-5.45392
-5.45108
-5.44986
-5.45085
-5.45256
-5.45594
-5.45984
-5.46471
-5.46965
-5.47277
-5.47747
-5.4809
-5.4848
-5.49015
-5.49725
-5.50744
-5.51779
-5.53035
-5.54374
-5.55662
-5.56851
-5.57623
-5.58267
-5.5839
-5.57993
-5.57305
-5.56217
-5.54852
-5.53249
-5.5157
-5.49881
-5.48336
-5.47037
-5.45965
-5.45231
-5.44661
-5.44291
-5.44235
-5.44363
-5.44656
-5.45251
-5.4622
-5.47271
-5.48404
-5.49407
-5.50327
-5.50874
-5.51039
-5.50815
-5.50347
-5.49784
-5.49272
-5.48976
-5.49005
-5.4941
-5.50181
-5.51257
-5.52623
-5.54084
-5.55606
-5.57125
-5.5849
-5.59621
-5.60449
-5.60773
-5.608
-5.60412
-5.59728
-5.58672
-5.57327
-5.55616
-5.53737
-5.51806
-5.49913
-5.48224
-5.4683
-5.45769
-5.45144
-5.44836
-5.44711
-5.44692
-5.44704
-5.44645
-5.44596
-5.44606
-5.44647
-5.44653
-5.44741
-5.44879
-5.44876
-5.44932
-5.4502
-5.45193
-5.456
-5.46346
-5.47435
-5.48704
-5.50004
-5.51286
-5.52318
-5.53057
-5.53416
-5.53288
-5.52858
-5.52087
-5.51262
-5.50353
-5.49472
-5.48708
-5.48261
-5.47973
-5.4772
-5.47589
-5.47405
-5.47387
-5.4746
-5.47548
-5.47714
-5.4799
-5.48154
-5.48216
-5.48253
-5.4823
-5.48214
-5.48087
-5.48026
-5.4793
-5.48029
-5.48209
-5.4824
-5.48445
-5.4874
-5.49026
-5.49163
-5.49234
-5.4919
-5.49035
-5.48787
-5.48429
-5.48108
-5.47704
-5.47236
-5.4683
-5.46531
-5.46308
-5.46107
-5.46072
-5.46166
-5.46334
-5.46533
-5.4673
-5.46752
-5.46811
-5.46809
-5.46586
-5.46209
-5.45885
-5.45341
-5.44722
-5.44078
-5.43342
-5.42691
-5.42169
-5.41925
-5.42047
-5.42611
-5.43503
-5.44638
-5.46046
-5.47481
-5.48855
-5.50037
-5.50967
-5.51717
-5.51957
-5.51841
-5.5133
-5.50689
-5.49752
-5.48676
-5.4759
-5.46609
-5.45744
-5.45101
-5.44745
-5.44712
-5.44932
-5.45403
-5.46106
-5.47024
-5.48098
-5.492
-5.50161
-5.51125
-5.52091
-5.52972
-5.53728
-5.54329
-5.54663
-5.54784
-5.54658
-5.54262
-5.53572
-5.52555
-5.51355
-5.4987
-5.48415
-5.46882
-5.45534
-5.44419
-5.43557
-5.43007
-5.42867
-5.42974
-5.43406
-5.44109
-5.44839
-5.45725
-5.46676
-5.47769
-5.48809
-5.49755
-5.50504
-5.50985
-5.51103
-5.50938
-5.50435
-5.49784
-5.49016
-5.48237
-5.47445
-5.46798
-5.46341
-5.46103
-5.46114
-5.46391
-5.4689
-5.47361
-5.47677
-5.47849
-5.47858
-5.47715
-5.47537
-5.4707
-5.46518
-5.46023
-5.45744
-5.45564
-5.45579
-5.45761
-5.46176
-5.46777
-5.47385
-5.48059
-5.48671
-5.49053
-5.49398
-5.49505
-5.49484
-5.49243
-5.48883
-5.48387
-5.48032
-5.47603
-5.47306
-5.47218
-5.47418
-5.47802
-5.48373
-5.49037
-5.49788
-5.50452
-5.51091
-5.51549
-5.5178
-5.51855
-5.51454
-5.50867
-5.49918
-5.48733
-5.47377
-5.46002
-5.44704
-5.437
-5.42942
-5.42697
-5.42766
-5.43268
-5.44035
-5.45001
-5.45873
-5.46684
-5.47389
-5.47999
-5.48646
-5.49084
-5.49463
-5.499
-5.50477
-5.51104
-5.51812
-5.52315
-5.52499
-5.52154
-5.51555
-5.50622
-5.49563
-5.48639
-5.47827
-5.47492
-5.47435
-5.47655
-5.48192
-5.48831
-5.49412
-5.49829
-5.50008
-5.49935
-5.49654
-5.49268
-5.48695
-5.48016
-5.47343
-5.46573
-5.45747
-5.44999
-5.44302
-5.43768
-5.43444
-5.4332
-5.43404
-5.43737
-5.44364
-5.4519
-5.4625
-5.4738
-5.4861
-5.49795
-5.50832
-5.51686
-5.52276
-5.52503
-5.52496
-5.52115
-5.516
-5.50946
-5.50157
-5.49534
-5.49075
-5.48777
-5.48647
-5.48621
-5.48757
-5.48855
-5.48932
-5.49276
-5.49507
-5.49723
-5.50223
-5.50608
-5.51192
-5.51758
-5.52283
-5.52748
-5.53182
-5.53465
-5.53571
-5.53497
-5.53167
-5.52774
-5.52249
-5.51641
-5.50851
-5.50019
-5.49207
-5.48347
-5.4752
-5.46524
-5.45662
-5.44731
-5.44041
-5.4358
-5.43424
-5.43654
-5.44317
-5.45149
-5.45939
-5.46553
-5.47028
-5.47128
-5.46921
-5.46445
-5.45868
-5.45206
-5.44714
-5.44459
-5.44474
-5.4485
-5.45545
-5.46429
-5.47387
-5.48264
-5.4891
-5.49586
-5.50007
-5.5034
-5.50497
-5.50644
-5.50694
-5.50728
-5.50844
-5.5095
-5.50965
-5.5099
-5.51053
-5.51111
-5.51146
-5.51072
-5.51108
-5.51015
-5.50776
-5.50462
-5.49975
-5.49434
-5.48765
-5.48186
-5.47615
-5.47106
-5.46861
-5.46822
-5.47234
-5.48007
-5.49151
-5.50441
-5.52023
-5.53449
-5.54697
-5.55626
-5.56233
-5.5648
-5.56298
-5.55617
-5.54629
-5.53252
-5.51635
-5.49639
-5.47605
-5.45521
-5.43577
-5.42012
-5.40973
-5.4051
-5.40727
-5.41655
-5.43174
-5.45029
-5.47029
-5.48971
-5.50729
-5.52225
-5.5328
-5.53792
-5.53877
-5.53452
-5.527
-5.51482
-5.50099
-5.4881
-5.47703
-5.47077
-5.46889
-5.47056
-5.47617
-5.48387
-5.4933
-5.50152
-5.50779
-5.5138
-5.51988
-5.52453
-5.53005
-5.53303
-5.53398
-5.53579
-5.53578
-5.5359
-5.53669
-5.5377
-5.5382
-5.53821
-5.5369
-5.53299
-5.52716
-5.51794
-5.50719
-5.49323
-5.47841
-5.46125
-5.44371
-5.42649
-5.41214
-5.39995
-5.39116
-5.38448
-5.38211
-5.38312
-5.38592
-5.39195
-5.39979
-5.40978
-5.41963
-5.43144
-5.44226
-5.45377
-5.46161
-5.46866
-5.47153
-5.47123
-5.47078
-5.47011
-5.47072
-5.47289
-5.47752
-5.48391
-5.49001
-5.4951
-5.49948
-5.50175
-5.50354
-5.50477
-5.5037
-5.50191
-5.49962
-5.49741
-5.4972
-5.49857
-5.50173
-5.50576
-5.51015
-5.51439
-5.51582
-5.51632
-5.51459
-5.50864
-5.5016
-5.49193
-5.48014
-5.46724
-5.45535
-5.44393
-5.43423
-5.42818
-5.42746
-5.43043
-5.43832
-5.44871
-5.46091
-5.47257
-5.48366
-5.49289
-5.5003
-5.50594
-5.50913
-5.50986
-5.50758
-5.50489
-5.5008
-5.49664
-5.4929
-5.48952
-5.48785
-5.4862
-5.48384
-5.47942
-5.47359
-5.46655
-5.45738
-5.44971
-5.44143
-5.43765
-5.43672
-5.43722
-5.44242
-5.44827
-5.45556
-5.46248
-5.46995
-5.4754
-5.47954
-5.4831
-5.48478
-5.4848
-5.48403
-5.48097
-5.47504
-5.46658
-5.45605
-5.44383
-5.4329
-5.42236
-5.41596
-5.41523
-5.42029
-5.43244
-5.45108
-5.47219
-5.49516
-5.51765
-5.53709
-5.55272
-5.56413
-5.57085
-5.57363
-5.57406
-5.57196
-5.56752
-5.56073
-5.55009
-5.53732
-5.52226
-5.50554
-5.48796
-5.47125
-5.45846
-5.45126
-5.45114
-5.45761
-5.46836
-5.48432
-5.50097
-5.51847
-5.53522
-5.55
-5.56332
-5.5736
-5.58022
-5.58475
-5.58547
-5.58609
-5.58538
-5.58555
-5.58481
-5.58482
-5.58414
-5.58227
-5.57842
-5.57269
-5.56538
-5.55914
-5.55022
-5.54061
-5.53001
-5.51969
-5.5087
-5.4982
-5.48704
-5.47592
-5.4663
-5.45684
-5.44681
-5.43728
-5.42789
-5.41983
-5.41299
-5.40845
-5.40653
-5.40928
-5.41604
-5.4261
-5.44002
-5.4545
-5.47016
-5.48224
-5.49291
-5.50142
-5.50639
-5.51078
-5.51451
-5.5187
-5.52396
-5.52946
-5.53687
-5.54541
-5.5548
-5.56462
-5.57273
-5.57913
-5.58335
-5.58546
-5.58339
-5.57614
-5.56752
-5.55541
-5.53953
-5.52033
-5.499
-5.47613
-5.45318
-5.4319
-5.41339
-5.39889
-5.38984
-5.38566
-5.3861
-5.39123
-5.39972
-5.41099
-5.42397
-5.43596
-5.44725
-5.45723
-5.46269
-5.46864
-5.47296
-5.47663
-5.4793
-5.48152
-5.4842
-5.48698
-5.49001
-5.49048
-5.49143
-5.49188
-5.49054
-5.48951
-5.48709
-5.48456
-5.48152
-5.47747
-5.47227
-5.4667
-5.45899
-5.4504
-5.44055
-5.42971
-5.41855
-5.40812
-5.39895
-5.39081
-5.38231
-5.37402
-5.36714
-5.36189
-5.35582
-5.35249
-5.35187
-5.35391
-5.3582
-5.3649
-5.37391
-5.38385
-5.39589
-5.40894
-5.42276
-5.43704
-5.4496
-5.46148
-5.4723
-5.48047
-5.48646
-5.49017
-5.49168
-5.49238
-5.49331
-5.49498
-5.49821
-5.50291
-5.50743
-5.51346
-5.51915
-5.52165
-5.5221
-5.52104
-5.51925
-5.51645
-5.51407
-5.51086
-5.50746
-5.50242
-5.49657
-5.49022
-5.48351
-5.477
-5.47227
-5.46872
-5.46715
-5.46685
-5.46907
-5.47139
-5.47377
-5.47549
-5.47649
-5.47602
-5.47519
-5.47375
-5.47111
-5.46782
-5.4644
-5.45981
-5.45502
-5.44947
-5.44237
-5.43503
-5.42656
-5.41986
-5.41616
-5.41614
-5.42054
-5.42963
-5.44192
-5.45818
-5.47595
-5.49582
-5.516
-5.53399
-5.54823
-5.55897
-5.56509
-5.56574
-5.5617
-5.55342
-5.54062
-5.52402
-5.50624
-5.4885
-5.47071
-5.45655
-5.44545
-5.43806
-5.43579
-5.43657
-5.43963
-5.44612
-5.45444
-5.46452
-5.47552
-5.48757
-5.49825
-5.50852
-5.51815
-5.52549
-5.52982
-5.53206
-5.53114
-5.52808
-5.52288
-5.51728
-5.51176
-5.50574
-5.50082
-5.4973
-5.49238
-5.48865
-5.48402
-5.47926
-5.47398
-5.4678
-5.46193
-5.45671
-5.45356
-5.45099
-5.44936
-5.44805
-5.45016
-5.45248
-5.45585
-5.4594
-5.46277
-5.46758
-5.4705
-5.4738
-5.47632
-5.47944
-5.48154
-5.48393
-5.48714
-5.48995
-5.49167
-5.49276
-5.49374
-5.49552
-5.4973
-5.49952
-5.50112
-5.50321
-5.50449
-5.5026
-5.50027
-5.4969
-5.49082
-5.48255
-5.47438
-5.46639
-5.4589
-5.45347
-5.45171
-5.45269
-5.45619
-5.46311
-5.47216
-5.48366
-5.4959
-5.50689
-5.51604
-5.52262
-5.52601
-5.52549
-5.51928
-5.50996
-5.49759
-5.48352
-5.4695
-5.45675
-5.44771
-5.44329
-5.4422
-5.4444
-5.44915
-5.45559
-5.46254
-5.46794
-5.47201
-5.47574
-5.4791
-5.481
-5.48267
-5.48339
-5.48252
-5.48246
-5.4817
-5.48006
-5.47927
-5.47895
-5.4785
-5.47848
-5.47977
-5.48029
-5.48094
-5.47825
-5.47599
-5.47248
-5.46651
-5.4605
-5.45387
-5.44612
-5.43682
-5.42821
-5.42035
-5.41365
-5.40891
-5.40623
-5.40563
-5.40703
-5.40946
-5.41479
-5.42123
-5.42981
-5.43999
-5.4528
-5.46758
-5.48342
-5.49948
-5.51409
-5.52692
-5.536
-5.54166
-5.54337
-5.54171
-5.53678
-5.52938
-5.51968
-5.50871
-5.49767
-5.48512
-5.47393
-5.46238
-5.45013
-5.44062
-5.43221
-5.42444
-5.41883
-5.41591
-5.41631
-5.41892
-5.42423
-5.43278
-5.4435
-5.45577
-5.46704
-5.47899
-5.48952
-5.49692
-5.5025
-5.50361
-5.5029
-5.49731
-5.4907
-5.48361
-5.47603
-5.46804
-5.46319
-5.46084
-5.46143
-5.46571
-5.4718
-5.47748
-5.48287
-5.48694
-5.48892
-5.49043
-5.49093
-5.49434
-5.4999
-5.50859
-5.51942
-5.53166
-5.54217
-5.55015
-5.55534
-5.55529
-5.55198
-5.54564
-5.53733
-5.52738
-5.51906
-5.51011
-5.50264
-5.49689
-5.49345
-5.49162
-5.49284
-5.49551
-5.50062
-5.50791
-5.51534
-5.52109
-5.52542
-5.52792
-5.52959
-5.53091
-5.53304
-5.5352
-5.53689
-5.5364
-5.53632
-5.53301
-5.52916
-5.52567
-5.52232
-5.51929
-5.51656
-5.51476
-5.5126
-5.50821
-5.50322
-5.49702
-5.48991
-5.48295
-5.47755
-5.47353
-5.47342
-5.47377
-5.47553
-5.47789
-5.4814
-5.48446
-5.4891
-5.49419
-5.49702
-5.49891
-5.50009
-5.50112
-5.50245
-5.50559
-5.50949
-5.51319
-5.51424
-5.51258
-5.50853
-5.50128
-5.49147
-5.47845
-5.46514
-5.45192
-5.43875
-5.42642
-5.41401
-5.40321
-5.39377
-5.38687
-5.38252
-5.38259
-5.38823
-5.39937
-5.4167
-5.43742
-5.46033
-5.48343
-5.50682
-5.52778
-5.54602
-5.56076
-5.57042
-5.57646
-5.57846
-5.5755
-5.57001
-5.56226
-5.55458
-5.54747
-5.54384
-5.54343
-5.54548
-5.55069
-5.55773
-5.56452
-5.57064
-5.57359
-5.57662
-5.57649
-5.57425
-5.57026
-5.56435
-5.55778
-5.54842
-5.53924
-5.52997
-5.51994
-5.50933
-5.49845
-5.48812
-5.47953
-5.47094
-5.46311
-5.45633
-5.44963
-5.44311
-5.43608
-5.43015
-5.42594
-5.42311
-5.4252
-5.43148
-5.44219
-5.45354
-5.46448
-5.47446
-5.48297
-5.48914
-5.4934
-5.49719
-5.50149
-5.50567
-5.5099
-5.51466
-5.51784
-5.52081
-5.5208
-5.51792
-5.51354
-5.5063
-5.4977
-5.48856
-5.47937
-5.47046
-5.46291
-5.45892
-5.4578
-5.46106
-5.46895
-5.47953
-5.49192
-5.50392
-5.51575
-5.5253
-5.53252
-5.53703
-5.53876
-5.53867
-5.53384
-5.52773
-5.52003
-5.51066
-5.49943
-5.48724
-5.47493
-5.4615
-5.44722
-5.43528
-5.42441
-5.41739
-5.41284
-5.41073
-5.41099
-5.41389
-5.41802
-5.42284
-5.42922
-5.43699
-5.44513
-5.4561
-5.46712
-5.47987
-5.4927
-5.5028
-5.51238
-5.5165
-5.51559
-5.51082
-5.50308
-5.49153
-5.47796
-5.46479
-5.45248
-5.44302
-5.43877
-5.44118
-5.44913
-5.46165
-5.47547
-5.48925
-5.5032
-5.51271
-5.51891
-5.52146
-5.52113
-5.51639
-5.51007
-5.50064
-5.49096
-5.48018
-5.46992
-5.45925
-5.44823
-5.43702
-5.42763
-5.41894
-5.41052
-5.40385
-5.3999
-5.39761
-5.39851
-5.4028
-5.4085
-5.41642
-5.42432
-5.4332
-5.4405
-5.44599
-5.44983
-5.45182
-5.45013
-5.44737
-5.44228
-5.43725
-5.43091
-5.42508
-5.4209
-5.41908
-5.41943
-5.42116
-5.42538
-5.42975
-5.43357
-5.43793
-5.44383
-5.44994
-5.45634
-5.46303
-5.47145
-5.48008
-5.48882
-5.49469
-5.49896
-5.50065
-5.50024
-5.4972
-5.4907
-5.48347
-5.47445
-5.46269
-5.45151
-5.44075
-5.43197
-5.42481
-5.42045
-5.41966
-5.42179
-5.42652
-5.43394
-5.4421
-5.45207
-5.4622
-5.47394
-5.48431
-5.49456
-5.50468
-5.51465
-5.5228
-5.5302
-5.53503
-5.5397
-5.54148
-5.54233
-5.54074
-5.53807
-5.53244
-5.52638
-5.51955
-5.51329
-5.50906
-5.50439
-5.5006
-5.49713
-5.49388
-5.4915
-5.48745
-5.48323
-5.47823
-5.47167
-5.46679
-5.4618
-5.45767
-5.45486
-5.45477
-5.45679
-5.46102
-5.46627
-5.47091
-5.476
-5.48164
-5.48776
-5.49524
-5.50298
-5.51298
-5.52301
-5.53288
-5.54152
-5.54724
-5.54975
-5.5489
-5.54499
-5.5386
-5.53009
-5.51764
-5.50396
-5.48938
-5.47419
-5.45934
-5.44585
-5.43493
-5.42737
-5.42466
-5.42506
-5.42915
-5.43458
-5.44173
-5.45127
-5.45998
-5.46793
-5.47594
-5.48372
-5.48823
-5.49229
-5.49433
-5.4952
-5.4967
-5.50068
-5.50533
-5.51307
-5.52151
-5.52877
-5.53383
-5.53708
-5.53812
-5.53676
-5.53383
-5.53032
-5.52855
-5.52939
-5.53177
-5.53481
-5.5397
-5.54601
-5.5533
-5.56065
-5.56622
-5.569
-5.57148
-5.57256
-5.57363
-5.57197
-5.56935
-5.5656
-5.56162
-5.55678
-5.55246
-5.54682
-5.53972
-5.53195
-5.52352
-5.51376
-5.50392
-5.49415
-5.4873
-5.48251
-5.48112
-5.48289
-5.4877
-5.49455
-5.50226
-5.51072
-5.51819
-5.52369
-5.52656
-5.52573
-5.52166
-5.51448
-5.50334
-5.49129
-5.4786
-5.46661
-5.45521
-5.44644
-5.43963
-5.43542
-5.43258
-5.43367
-5.43838
-5.44538
-5.45279
-5.46127
-5.46766
-5.4725
-5.47381
-5.47404
-5.47222
-5.47022
-5.46778
-5.46603
-5.46614
-5.46706
-5.47053
-5.4747
-5.47952
-5.48251
-5.48668
-5.48964
-5.49306
-5.49648
-5.49935
-5.50134
-5.50252
-5.50062
-5.49584
-5.48739
-5.47564
-5.4614
-5.44547
-5.4293
-5.41373
-5.40151
-5.39355
-5.38819
-5.38663
-5.3886
-5.39371
-5.40187
-5.41303
-5.42625
-5.44239
-5.4587
-5.47404
-5.48702
-5.4956
-5.50141
-5.5033
-5.50468
-5.50622
-5.50967
-5.51536
-5.52253
-5.53226
-5.54257
-5.55197
-5.55959
-5.56376
-5.56484
-5.56152
-5.55491
-5.54539
-5.53321
-5.52116
-5.50861
-5.49943
-5.49291
-5.48895
-5.48737
-5.48844
-5.49021
-5.49125
-5.49163
-5.49107
-5.49093
-5.49135
-5.49381
-5.49714
-5.50127
-5.5061
-5.51066
-5.51504
-5.51966
-5.52373
-5.5278
-5.53133
-5.53312
-5.53419
-5.53436
-5.53414
-5.53277
-5.52964
-5.52535
-5.51919
-5.51255
-5.50395
-5.49587
-5.48946
-5.48367
-5.48317
-5.48643
-5.49596
-5.50924
-5.52453
-5.54106
-5.55498
-5.56559
-5.57253
-5.57616
-5.57612
-5.57514
-5.57298
-5.57005
-5.5655
-5.56015
-5.55601
-5.55116
-5.54696
-5.54389
-5.53995
-5.53793
-5.53627
-5.53448
-5.53387
-5.53372
-5.53379
-5.5355
-5.53716
-5.53898
-5.5397
-5.54012
-5.54045
-5.53958
-5.53803
-5.53668
-5.53371
-5.52823
-5.52251
-5.51479
-5.50455
-5.49391
-5.48283
-5.47381
-5.4668
-5.46262
-5.46199
-5.46444
-5.46925
-5.47462
-5.48102
-5.48667
-5.49099
-5.49288
-5.49367
-5.49261
-5.48865
-5.48338
-5.47711
-5.46895
-5.46143
-5.45371
-5.44849
-5.44657
-5.44679
-5.45164
-5.45901
-5.46831
-5.47853
-5.49018
-5.5018
-5.51209
-5.51974
-5.52652
-5.52989
-5.53109
-5.52859
-5.52348
-5.5144
-5.50428
-5.49228
-5.47894
-5.4666
-5.45725
-5.45424
-5.45781
-5.46527
-5.47651
-5.48691
-5.49426
-5.49865
-5.49643
-5.4887
-5.47503
-5.4569
-5.43598
-5.41593
-5.39854
-5.38581
-5.37853
-5.37788
-5.38391
-5.3964
-5.4116
-5.42888
-5.44517
-5.45704
-5.46546
-5.47029
-5.47161
-5.4703
-5.46849
-5.46501
-5.45947
-5.45355
-5.4482
-5.44405
-5.44427
-5.4489
-5.45824
-5.47184
-5.48734
-5.50465
-5.51954
-5.53121
-5.54084
-5.54668
-5.54834
-5.54634
-5.54167
-5.53207
-5.52152
-5.50731
-5.49124
-5.47413
-5.45903
-5.44517
-5.43406
-5.42659
-5.42585
-5.42781
-5.43139
-5.43697
-5.44396
-5.45127
-5.4587
-5.46665
-5.47378
-5.47994
-5.48413
-5.48519
-5.48653
-5.48707
-5.48588
-5.48464
-5.48516
-5.48686
-5.48936
-5.49266
-5.49769
-5.50366
-5.51029
-5.51786
-5.52557
-5.53423
-5.54208
-5.54717
-5.55217
-5.55477
-5.5561
-5.55635
-5.55384
-5.54852
-5.54374
-5.5369
-5.53088
-5.52424
-5.51895
-5.51429
-5.51214
-5.51088
-5.50946
-5.51012
-5.51029
-5.51091
-5.51113
-5.50905
-5.50591
-5.50264
-5.49652
-5.48924
-5.47929
-5.46845
-5.45507
-5.44122
-5.42642
-5.41201
-5.39932
-5.38932
-5.38283
-5.37971
-5.38084
-5.38455
-5.39267
-5.40067
-5.4105
-5.4207
-5.43035
-5.43986
-5.44699
-5.45294
-5.45648
-5.45883
-5.45946
-5.46047
-5.46271
-5.46544
-5.46963
-5.47285
-5.47556
-5.47714
-5.47852
-5.47903
-5.47987
-5.48133
-5.48181
-5.48201
-5.48108
-5.47835
-5.47394
-5.46806
-5.46288
-5.45685
-5.45006
-5.44396
-5.43839
-5.43496
-5.43219
-5.42958
-5.42515
-5.42092
-5.41383
-5.406
-5.39843
-5.38974
-5.38326
-5.37963
-5.37793
-5.37952
-5.38448
-5.39378
-5.40206
-5.41163
-5.42074
-5.42964
-5.436
-5.44008
-5.44414
-5.44686
-5.45055
-5.45391
-5.45734
-5.4619
-5.46684
-5.4707
-5.47379
-5.47485
-5.47494
-5.47213
-5.47014
-5.46734
-5.46582
-5.46462
-5.4653
-5.46694
-5.4687
-5.47141
-5.4744
-5.47774
-5.4787
-5.47818
-5.47656
-5.47354
-5.46969
-5.46527
-5.45959
-5.45365
-5.44827
-5.44168
-5.43422
-5.42825
-5.42233
-5.41553
-5.4102
-5.40814
-5.40805
-5.41059
-5.41483
-5.41993
-5.42487
-5.42952
-5.43243
-5.43406
-5.43434
-5.43269
-5.43112
-5.42918
-5.42926
-5.43047
-5.43432
-5.44143
-5.44963
-5.45994
-5.46985
-5.47947
-5.48924
-5.49695
-5.50293
-5.50707
-5.50966
-5.50934
-5.50808
-5.50405
-5.49912
-5.49407
-5.48804
-5.48365
-5.47924
-5.47653
-5.47384
-5.47286
-5.47162
-5.46894
-5.46694
-5.4643
-5.46259
-5.4605
-5.45923
-5.45991
-5.46152
-5.46561
-5.4704
-5.47467
-5.47889
-5.48091
-5.47997
-5.4773
-5.47314
-5.46797
-5.46417
-5.46026
-5.45826
-5.45844
-5.45976
-5.46192
-5.46585
-5.4709
-5.47672
-5.48226
-5.48835
-5.49376
-5.49992
-5.50522
-5.50997
-5.51351
-5.5167
-5.51892
-5.52164
-5.52388
-5.52583
-5.52595
-5.5254
-5.5223
-5.51801
-5.5115
-5.5058
-5.49887
-5.49268
-5.48695
-5.48253
-5.47963
-5.47784
-5.47921
-5.48299
-5.48993
-5.49662
-5.50523
-5.51016
-5.51414
-5.51499
-5.51265
-5.50648
-5.49819
-5.48804
-5.47971
-5.47377
-5.47035
-5.46913
-5.47069
-5.47309
-5.47568
-5.4772
-5.47937
-5.48153
-5.48397
-5.48683
-5.49164
-5.49709
-5.50357
-5.50991
-5.5141
-5.51855
-5.52035
-5.52157
-5.52073
-5.51945
-5.51687
-5.51451
-5.51272
-5.50947
-5.50622
-5.50204
-5.49749
-5.49241
-5.48771
-5.48263
-5.47753
-5.47317
-5.46802
-5.46361
-5.45971
-5.45652
-5.45331
-5.45122
-5.44979
-5.44994
-5.45017
-5.45217
-5.45359
-5.45499
-5.45583
-5.45575
-5.45528
-5.45582
-5.45551
-5.45489
-5.45627
-5.45792
-5.45917
-5.46117
-5.46266
-5.46382
-5.4645
-5.46413
-5.46132
-5.45584
-5.44842
-5.43876
-5.42755
-5.41616
-5.40378
-5.3924
-5.38329
-5.37709
-5.37424
-5.37523
-5.3791
-5.38578
-5.3947
-5.40399
-5.4136
-5.42319
-5.43153
-5.43777
-5.44296
-5.44609
-5.44643
-5.44476
-5.44144
-5.43863
-5.43522
-5.43248
-5.42986
-5.42717
-5.42408
-5.42098
-5.41577
-5.4096
-5.40315
-5.39699
-5.39053
-5.38527
-5.38024
-5.37727
-5.37712
-5.37854
-5.38153
-5.38734
-5.39443
-5.40139
-5.40939
-5.4174
-5.42464
-5.43173
-5.43869
-5.44527
-5.45085
-5.45709
-5.46219
-5.46594
-5.46867
-5.47024
-5.47101
-5.47246
-5.47398
-5.47784
-5.48226
-5.48671
-5.4915
-5.49742
-5.50123
-5.50334
-5.50461
-5.50259
-5.49925
-5.49297
-5.48478
-5.47616
-5.46849
-5.46221
-5.45955
-5.45876
-5.46141
-5.46706
-5.47503
-5.48448
-5.49374
-5.49893
-5.50044
-5.49778
-5.49316
-5.48587
-5.47882
-5.47318
-5.46952
-5.46839
-5.46822
-5.46964
-5.46993
-5.4708
-5.4692
-5.46595
-5.46132
-5.45449
-5.44566
-5.43542
-5.42485
-5.41361
-5.40401
-5.39726
-5.39296
-5.39107
-5.39266
-5.39631
-5.40301
-5.41319
-5.42754
-5.44544
-5.46425
-5.48315
-5.50263
-5.51975
-5.5337
-5.54377
-5.54931
-5.55115
-5.54903
-5.54291
-5.5324
-5.52064
-5.50603
-5.49065
-5.47372
-5.45637
-5.43942
-5.42105
-5.40298
-5.38516
-5.36891
-5.35527
-5.34654
-5.34313
-5.34559
-5.35336
-5.36407
-5.37714
-5.39183
-5.40784
-5.42296
-5.43712
-5.45002
-5.46182
-5.47151
-5.47962
-5.48576
-5.48967
-5.49176
-5.49411
-5.49406
-5.49486
-5.49386
-5.49303
-5.48948
-5.48477
-5.47869
-5.47274
-5.46536
-5.45822
-5.45131
-5.44531
-5.44051
-5.43573
-5.43031
-5.42419
-5.41734
-5.40953
-5.40096
-5.39396
-5.38771
-5.38416
-5.38371
-5.38717
-5.39364
-5.40305
-5.41354
-5.426
-5.43628
-5.4455
-5.45247
-5.45755
-5.45925
-5.45979
-5.45873
-5.4574
-5.45595
-5.45654
-5.46002
-5.46672
-5.47564
-5.48674
-5.49867
-5.50971
-5.51864
-5.52518
-5.52818
-5.52629
-5.52125
-5.51429
-5.50655
-5.50057
-5.49678
-5.49666
-5.50112
-5.50997
-5.52092
-5.53138
-5.54167
-5.55151
-5.55959
-5.56536
-5.56788
-5.56821
-5.56655
-5.56176
-5.55338
-5.54282
-5.53039
-5.51671
-5.50307
-5.48965
-5.47827
-5.46799
-5.45964
-5.45225
-5.44721
-5.44402
-5.44218
-5.44291
-5.44433
-5.44764
-5.45189
-5.45535
-5.45956
-5.46341
-5.4674
-5.47215
-5.47682
-5.48122
-5.4854
-5.4895
-5.49369
-5.49676
-5.49961
-5.50097
-5.5018
-5.5013
-5.49972
-5.49573
-5.49067
-5.48456
-5.47964
-5.4751
-5.47102
-5.46937
-5.47038
-5.4741
-5.48081
-5.48742
-5.49467
-5.50095
-5.50649
-5.51005
-5.51507
-5.51898
-5.52488
-5.5304
-5.53719
-5.54479
-5.55419
-5.56403
-5.57309
-5.58177
-5.59043
-5.59979
-5.60603
-5.61052
-5.61388
-5.61491
-5.61208
-5.60786
-5.6004
-5.59201
-5.58142
-5.5709
-5.55973
-5.55128
-5.54358
-5.53748
-5.53268
-5.52906
-5.52551
-5.52222
-5.51827
-5.51398
-5.50888
-5.5024
-5.4942
-5.48364
-5.47059
-5.45667
-5.44164
-5.42841
-5.41533
-5.4066
-5.40248
-5.40399
-5.41115
-5.42345
-5.43715
-5.45316
-5.46724
-5.481
-5.49294
-5.50293
-5.51092
-5.51581
-5.51922
-5.51951
-5.51643
-5.5111
-5.50317
-5.4937
-5.4827
-5.47345
-5.46314
-5.45644
-5.45258
-5.45135
-5.45386
-5.45744
-5.46288
-5.46974
-5.47625
-5.4826
-5.48885
-5.49467
-5.49986
-5.50454
-5.50719
-5.50895
-5.50789
-5.50348
-5.49617
-5.48758
-5.4777
-5.46565
-5.45223
-5.43755
-5.42195
-5.4056
-5.38815
-5.37043
-5.35301
-5.33934
-5.33093
-5.32831
-5.33321
-5.34554
-5.36298
-5.38496
-5.40955
-5.43533
-5.46025
-5.482
-5.50258
-5.51926
-5.53162
-5.53907
-5.54285
-5.54256
-5.53731
-5.52918
-5.51849
-5.50599
-5.4917
-5.47884
-5.46809
-5.45872
-5.45402
-5.45415
-5.45748
-5.46424
-5.47178
-5.48125
-5.48925
-5.49771
-5.50437
-5.51085
-5.5136
-5.51593
-5.51566
-5.51467
-5.51252
-5.50976
-5.50538
-5.49876
-5.49231
-5.48702
-5.4832
-5.48023
-5.47895
-5.48017
-5.48348
-5.48812
-5.49602
-5.50559
-5.51637
-5.52745
-5.53868
-5.54774
-5.5535
-5.55678
-5.55632
-5.55319
-5.54849
-5.54277
-5.53673
-5.53097
-5.52468
-5.51751
-5.50973
-5.50065
-5.49095
-5.47895
-5.46755
-5.45598
-5.44349
-5.43144
-5.41931
-5.4085
-5.39959
-5.39273
-5.38775
-5.38753
-5.3919
-5.39878
-5.40676
-5.41292
-5.41684
-5.41716
-5.41461
-5.40977
-5.40268
-5.39398
-5.38564
-5.37906
-5.37398
-5.36977
-5.36719
-5.36699
-5.36945
-5.3751
-5.38519
-5.40019
-5.41938
-5.43907
-5.45819
-5.47365
-5.48571
-5.49416
-5.49975
-5.50084
-5.49987
-5.49848
-5.49685
-5.49468
-5.49293
-5.49131
-5.49055
-5.4894
-5.48778
-5.48489
-5.48097
-5.47628
-5.4701
-5.46548
-5.4629
-5.46277
-5.46451
-5.46964
-5.47784
-5.48789
-5.50069
-5.5131
-5.52495
-5.53528
-5.54261
-5.54739
-5.5474
-5.54447
-5.53811
-5.5295
-5.51765
-5.50726
-5.49644
-5.48724
-5.48026
-5.47568
-5.47337
-5.47518
-5.47731
-5.4798
-5.48102
-5.48117
-5.47889
-5.47484
-5.46923
-5.46214
-5.45331
-5.44257
-5.43119
-5.42221
-5.41204
-5.40255
-5.39541
-5.39056
-5.38884
-5.38995
-5.3947
-5.40175
-5.41074
-5.42048
-5.43075
-5.44239
-5.45139
-5.46039
-5.46641
-5.46953
-5.46889
-5.46795
-5.46484
-5.46073
-5.45656
-5.45291
-5.44991
-5.44774
-5.44555
-5.44414
-5.44443
-5.44534
-5.44903
-5.45335
-5.45751
-5.46142
-5.46464
-5.46854
-5.47025
-5.47102
-5.47108
-5.47126
-5.47047
-5.47133
-5.47255
-5.47422
-5.47749
-5.48079
-5.48362
-5.48744
-5.48955
-5.4913
-5.48905
-5.48477
-5.47887
-5.47112
-5.46398
-5.45699
-5.45228
-5.44896
-5.4489
-5.45227
-5.45921
-5.46849
-5.48104
-5.49389
-5.50694
-5.51776
-5.52738
-5.53441
-5.53897
-5.54132
-5.54326
-5.54432
-5.54496
-5.54523
-5.54482
-5.54257
-5.53931
-5.53372
-5.52766
-5.52093
-5.51364
-5.50661
-5.50182
-5.49936
-5.49982
-5.50228
-5.50738
-5.51343
-5.51959
-5.52594
-5.53133
-5.53625
-5.54212
-5.54684
-5.55116
-5.55574
-5.5604
-5.56554
-5.57146
-5.57431
-5.57639
-5.5754
-5.57276
-5.56804
-5.55974
-5.54883
-5.53504
-5.51783
-5.49904
-5.47975
-5.45922
-5.43897
-5.42085
-5.40728
-5.39693
-5.39086
-5.38958
-5.3922
-5.3974
-5.40657
-5.41787
-5.42862
-5.43981
-5.44918
-5.45646
-5.46199
-5.46435
-5.46358
-5.46206
-5.46038
-5.45787
-5.45767
-5.45888
-5.46101
-5.46675
-5.47556
-5.48527
-5.49864
-5.51272
-5.52829
-5.54363
-5.55649
-5.56886
-5.57956
-5.58782
-5.5951
-5.6002
-5.6023
-5.60336
-5.60296
-5.6019
-5.60009
-5.59663
-5.59263
-5.58826
-5.58326
-5.57809
-5.57138
-5.56596
-5.56109
-5.55752
-5.55334
-5.55206
-5.55314
-5.55726
-5.56324
-5.57146
-5.57926
-5.58783
-5.59435
-5.59821
-5.59812
-5.59395
-5.58598
-5.57418
-5.56128
-5.54671
-5.5328
-5.51945
-5.50727
-5.49789
-5.49022
-5.48625
-5.48511
-5.48793
-5.4932
-5.50143
-5.51165
-5.52459
-5.53799
-5.55175
-5.56613
-5.57913
-5.58988
-5.59966
-5.60689
-5.61175
-5.6135
-5.61216
-5.6085
-5.60329
-5.59764
-5.59163
-5.58668
-5.58282
-5.57955
-5.57693
-5.57216
-5.56692
-5.55777
-5.54548
-5.5311
-5.51379
-5.49395
-5.47585
-5.45943
-5.44603
-5.43908
-5.43733
-5.44151
-5.45102
-5.46437
-5.47764
-5.49105
-5.50324
-5.51187
-5.51826
-5.52168
-5.52103
-5.51734
-5.51173
-5.50356
-5.49384
-5.48434
-5.47624
-5.4697
-5.4669
-5.46816
-5.47395
-5.48135
-5.49093
-5.49912
-5.50606
-5.51024
-5.50918
-5.50425
-5.49834
-5.49035
-5.48398
-5.47882
-5.47472
-5.47232
-5.47114
-5.47133
-5.47272
-5.47398
-5.47384
-5.47272
-5.47042
-5.4663
-5.46173
-5.45633
-5.45337
-5.45227
-5.45312
-5.45787
-5.46492
-5.47459
-5.48334
-5.49286
-5.50043
-5.50851
-5.51545
-5.52213
-5.52839
-5.53453
-5.53876
-5.54207
-5.54409
-5.543
-5.5409
-5.53636
-5.52996
-5.52138
-5.51224
-5.503
-5.49525
-5.48864
-5.48561
-5.48519
-5.48613
-5.48699
-5.48542
-5.48187
-5.47713
-5.47132
-5.46673
-5.46223
-5.45873
-5.4565
-5.45423
-5.45296
-5.45269
-5.4522
-5.45257
-5.45413
-5.45525
-5.4569
-5.45663
-5.45577
-5.45529
-5.45489
-5.45652
-5.45988
-5.46574
-5.47365
-5.48146
-5.48859
-5.49351
-5.4953
-5.49498
-5.49429
-5.49245
-5.48944
-5.48683
-5.48579
-5.48514
-5.48649
-5.48739
-5.48951
-5.49272
-5.49571
-5.49983
-5.50414
-5.50855
-5.51435
-5.51858
-5.52388
-5.52784
-5.52945
-5.52988
-5.52809
-5.52204
-5.51568
-5.50754
-5.49863
-5.49013
-5.48145
-5.47349
-5.46914
-5.46505
-5.46309
-5.46156
-5.46096
-5.46324
-5.4668
-5.47244
-5.4795
-5.48782
-5.49948
-5.51028
-5.52025
-5.52875
-5.53358
-5.53501
-5.53267
-5.52691
-5.51665
-5.50342
-5.48955
-5.47648
-5.46409
-5.454
-5.44655
-5.44082
-5.4371
-5.43499
-5.43528
-5.4362
-5.4394
-5.44183
-5.44399
-5.44652
-5.44767
-5.44906
-5.45065
-5.45355
-5.45628
-5.46022
-5.4648
-5.46935
-5.47438
-5.47914
-5.48287
-5.48505
-5.48687
-5.48855
-5.48764
-5.486
-5.4834
-5.47917
-5.47414
-5.46849
-5.4643
-5.46149
-5.45939
-5.45998
-5.46376
-5.46788
-5.47366
-5.47934
-5.48327
-5.48466
-5.48408
-5.48067
-5.47425
-5.46879
-5.46196
-5.45724
-5.45609
-5.45894
-5.46495
-5.47427
-5.48519
-5.49739
-5.50962
-5.51948
-5.52887
-5.53475
-5.53767
-5.53813
-5.53555
-5.52948
-5.52037
-5.50995
-5.49716
-5.48295
-5.46738
-5.45071
-5.43545
-5.422
-5.41172
-5.40413
-5.401
-5.40162
-5.40574
-5.41254
-5.42023
-5.42909
-5.437
-5.44399
-5.45062
-5.4558
-5.46071
-5.4657
-5.47007
-5.47422
-5.47887
-5.48201
-5.485
-5.48885
-5.49207
-5.49638
-5.50134
-5.50627
-5.51272
-5.51897
-5.52502
-5.53068
-5.53486
-5.53802
-5.54045
-5.54132
-5.54006
-5.53763
-5.5331
-5.52713
-5.52201
-5.5181
-5.51471
-5.51206
-5.50989
-5.50954
-5.50826
-5.50702
-5.50397
-5.49876
-5.49287
-5.48692
-5.48382
-5.48244
-5.48608
-5.49304
-5.50184
-5.51219
-5.52159
-5.53114
-5.53858
-5.54363
-5.54772
-5.55051
-5.55217
-5.55205
-5.55198
-5.55278
-5.55193
-5.55198
-5.55239
-5.55265
-5.55133
-5.54936
-5.5464
-5.54104
-5.53608
-5.52976
-5.52373
-5.52058
-5.51967
-5.52096
-5.52468
-5.53025
-5.53599
-5.54033
-5.54218
-5.54053
-5.53658
-5.53037
-5.52104
-5.50911
-5.49479
-5.4805
-5.46613
-5.45297
-5.44058
-5.43095
-5.42479
-5.42209
-5.42315
-5.42641
-5.43214
-5.43907
-5.4464
-5.45241
-5.45694
-5.46157
-5.46613
-5.46924
-5.47202
-5.47113
-5.46634
-5.45791
-5.44594
-5.43269
-5.42034
-5.40997
-5.40427
-5.40411
-5.40911
-5.41979
-5.43509
-5.45269
-5.46998
-5.48733
-5.50195
-5.51479
-5.52318
-5.52888
-5.53171
-5.53188
-5.52929
-5.5247
-5.51853
-5.51193
-5.50503
-5.49908
-5.49438
-5.49336
-5.49398
-5.49921
-5.50618
-5.51428
-5.52381
-5.53114
-5.53602
-5.53854
-5.53753
-5.53515
-5.5318
-5.52767
-5.52302
-5.51898
-5.5154
-5.51416
-5.5137
-5.51395
-5.51643
-5.51847
-5.52011
-5.52232
-5.52332
-5.52478
-5.5254
-5.52725
-5.52856
-5.53114
-5.53321
-5.53608
-5.53873
-5.54241
-5.54701
-5.55214
-5.55853
-5.5649
-5.57093
-5.57539
-5.57629
-5.57402
-5.56756
-5.55611
-5.54019
-5.52031
-5.4979
-5.47497
-5.45398
-5.43593
-5.42302
-5.41781
-5.41796
-5.42429
-5.43349
-5.44575
-5.45893
-5.47254
-5.48572
-5.49785
-5.50801
-5.51612
-5.52346
-5.52751
-5.527
-5.52508
-5.52073
-5.51412
-5.50557
-5.49729
-5.48973
-5.48324
-5.47756
-5.47316
-5.46829
-5.46372
-5.45932
-5.45329
-5.4464
-5.43763
-5.42819
-5.41793
-5.40863
-5.40125
-5.39611
-5.39535
-5.39967
-5.4088
-5.42272
-5.43987
-5.45752
-5.47491
-5.49024
-5.50346
-5.51249
-5.51747
-5.52052
-5.52106
-5.51827
-5.51432
-5.50995
-5.50544
-5.50236
-5.5009
-5.50187
-5.50536
-5.51167
-5.51897
-5.52826
-5.53787
-5.54567
-5.55154
-5.55399
-5.55118
-5.54322
-5.5309
-5.51598
-5.50165
-5.49069
-5.48334
-5.4815
-5.48448
-5.48871
-5.49292
-5.49605
-5.49685
-5.49688
-5.49468
-5.49299
-5.49027
-5.48783
-5.48411
-5.48092
-5.47646
-5.47162
-5.46558
-5.45831
-5.45132
-5.44475
-5.43879
-5.43444
-5.43319
-5.43323
-5.43594
-5.44062
-5.44595
-5.45251
-5.45895
-5.46554
-5.46999
-5.47434
-5.47705
-5.47858
-5.47987
-5.47956
-5.48043
-5.48211
-5.48819
-5.49548
-5.50557
-5.518
-5.53177
-5.54449
-5.55679
-5.56833
-5.57859
-5.58797
-5.59655
-5.60314
-5.60848
-5.61342
-5.6176
-5.62186
-5.62589
-5.62958
-5.63244
-5.63324
-5.63291
-5.62847
-5.62194
-5.61246
-5.59987
-5.58363
-5.5657
-5.54739
-5.5295
-5.51413
-5.50384
-5.49822
-5.49801
-5.50149
-5.50871
-5.51622
-5.52243
-5.52768
-5.53004
-5.53054
-5.5287
-5.52579
-5.52217
-5.51755
-5.51296
-5.50745
-5.49987
-5.49306
-5.48838
-5.48436
-5.48294
-5.48392
-5.48857
-5.49522
-5.50265
-5.5101
-5.51499
-5.51626
-5.51534
-5.51176
-5.51128
-5.51479
-5.52363
-5.53644
-5.5521
-5.56822
-5.58203
-5.59196
-5.59818
-5.60183
-5.60166
-5.60029
-5.59702
-5.59337
-5.58937
-5.5846
-5.57881
-5.57247
-5.56487
-5.55555
-5.54292
-5.52619
-5.50748
-5.4865
-5.46489
-5.44342
-5.42517
-5.40896
-5.39784
-5.38909
-5.38313
-5.38044
-5.37839
-5.37643
-5.37654
-5.37652
-5.37723
-5.37893
-5.3805
-5.38302
-5.38848
-5.39779
-5.40867
-5.42179
-5.4348
-5.4492
-5.46264
-5.47526
-5.48623
-5.49654
-5.50317
-5.50781
-5.50954
-5.50863
-5.50501
-5.4994
-5.49226
-5.4836
-5.47545
-5.4697
-5.46769
-5.4671
-5.46975
-5.47585
-5.48493
-5.49499
-5.50566
-5.51484
-5.5228
-5.52952
-5.53575
-5.54225
-5.54713
-5.55179
-5.55693
-5.56187
-5.567
-5.56861
-5.5669
-5.56299
-5.55787
-5.55088
-5.54314
-5.53557
-5.53033
-5.52478
-5.52213
-5.5199
-5.51597
-5.5115
-5.50546
-5.49805
-5.48922
-5.47951
-5.47098
-5.46275
-5.45686
-5.45324
-5.45395
-5.45699
-5.46267
-5.47013
-5.47547
-5.47948
-5.4821
-5.48218
-5.47988
-5.47624
-5.47202
-5.46734
-5.46352
-5.46006
-5.45947
-5.45923
-5.46094
-5.46475
-5.46901
-5.4747
-5.48154
-5.4887
-5.4955
-5.50126
-5.50553
-5.5078
-5.50838
-5.5086
-5.50721
-5.50489
-5.50121
-5.49638
-5.49046
-5.48325
-5.4772
-5.47137
-5.46749
-5.46564
-5.46457
-5.46478
-5.46523
-5.46554
-5.46374
-5.45701
-5.44806
-5.43547
-5.42176
-5.40996
-5.40315
-5.39994
-5.40209
-5.40563
-5.41008
-5.41681
-5.42661
-5.43811
-5.45285
-5.46847
-5.48397
-5.49719
-5.50882
-5.5177
-5.52058
-5.52039
-5.51598
-5.50825
-5.50028
-5.49067
-5.48037
-5.47069
-5.46239
-5.45673
-5.45232
-5.45032
-5.45033
-5.45013
-5.44919
-5.44903
-5.44651
-5.44333
-5.43938
-5.43336
-5.42465
-5.414
-5.40163
-5.38977
-5.3786
-5.37072
-5.36584
-5.36708
-5.37364
-5.38373
-5.39707
-5.41111
-5.42313
-5.43191
-5.43616
-5.43543
-5.43039
-5.42247
-5.41505
-5.40955
-5.40816
-5.41033
-5.41721
-5.42536
-5.43477
-5.44482
-5.45548
-5.46695
-5.48019
-5.4933
-5.50395
-5.51298
-5.52055
-5.52511
-5.52692
-5.52551
-5.52124
-5.51483
-5.50586
-5.49566
-5.48211
-5.46708
-5.45218
-5.43662
-5.42071
-5.40712
-5.39818
-5.39272
-5.39359
-5.39922
-5.40695
-5.41429
-5.42135
-5.42768
-5.43265
-5.43846
-5.44126
-5.44308
-5.44402
-5.44435
-5.44494
-5.44633
-5.44819
-5.45123
-5.45595
-5.46233
-5.46766
-5.47282
-5.47642
-5.47929
-5.4807
-5.48336
-5.48495
-5.48752
-5.49144
-5.49471
-5.49868
-5.50246
-5.50464
-5.50555
-5.50452
-5.5004
-5.49514
-5.48974
-5.48146
-5.47209
-5.46203
-5.4513
-5.44137
-5.43173
-5.42312
-5.41644
-5.41301
-5.41276
-5.41759
-5.42619
-5.4379
-5.45024
-5.4605
-5.46833
-5.47176
-5.47217
-5.46781
-5.46005
-5.45071
-5.44145
-5.43173
-5.42506
-5.42175
-5.42259
-5.42578
-5.43206
-5.43956
-5.4478
-5.45543
-5.46187
-5.46734
-5.47223
-5.47713
-5.48328
-5.49006
-5.49854
-5.50764
-5.5163
-5.52352
-5.5298
-5.53568
-5.54106
-5.54448
-5.54722
-5.54771
-5.54556
-5.54196
-5.53481
-5.52744
-5.51841
-5.50964
-5.5055
-5.50397
-5.50508
-5.50791
-5.50945
-5.51028
-5.50692
-5.50155
-5.49527
-5.48942
-5.48558
-5.48456
-5.48462
-5.48414
-5.48374
-5.48144
-5.47787
-5.47309
-5.4658
-5.45717
-5.44777
-5.43901
-5.43098
-5.42476
-5.42161
-5.42197
-5.42528
-5.43145
-5.44087
-5.45105
-5.46218
-5.47429
-5.48716
-5.49805
-5.50753
-5.51429
-5.51916
-5.52117
-5.51942
-5.51509
-5.50853
-5.50041
-5.49365
-5.48803
-5.48566
-5.48697
-5.49204
-5.5004
-5.51167
-5.52282
-5.535
-5.54623
-5.55568
-5.5624
-5.56617
-5.56603
-5.56144
-5.55489
-5.54491
-5.53236
-5.51923
-5.50411
-5.4897
-5.47637
-5.4632
-5.45383
-5.44984
-5.45078
-5.45568
-5.46345
-5.47406
-5.48546
-5.49696
-5.50935
-5.52158
-5.53171
-5.54021
-5.54695
-5.5512
-5.55435
-5.55535
-5.55523
-5.55324
-5.55147
-5.5499
-5.54814
-5.54701
-5.54791
-5.55139
-5.55393
-5.55614
-5.55736
-5.55664
-5.55468
-5.55091
-5.54737
-5.54184
-5.53549
-5.5291
-5.52274
-5.51639
-5.51091
-5.50672
-5.50327
-5.50209
-5.50305
-5.50303
-5.50393
-5.50491
-5.50252
-5.49756
-5.49045
-5.48224
-5.4716
-5.46197
-5.45208
-5.44406
-5.43726
-5.43355
-5.43105
-5.43027
-5.43016
-5.43219
-5.43499
-5.44013
-5.44728
-5.45468
-5.46153
-5.46905
-5.47531
-5.48027
-5.48388
-5.48513
-5.4852
-5.48494
-5.48425
-5.48388
-5.48361
-5.48569
-5.48747
-5.48843
-5.48892
-5.4872
-5.48392
-5.47916
-5.47159
-5.46375
-5.45607
-5.45122
-5.44803
-5.44875
-5.45349
-5.46099
-5.47067
-5.48146
-5.49171
-5.5009
-5.50893
-5.51724
-5.52443
-5.53043
-5.53393
-5.53747
-5.53813
-5.53716
-5.53315
-5.52709
-5.52072
-5.51258
-5.5049
-5.49621
-5.48969
-5.48444
-5.48026
-5.47691
-5.47426
-5.47138
-5.46956
-5.46747
-5.46438
-5.46264
-5.46184
-5.46033
-5.45902
-5.45745
-5.45689
-5.45825
-5.46029
-5.46417
-5.4689
-5.475
-5.48195
-5.48765
-5.49197
-5.49376
-5.49315
-5.4912
-5.48857
-5.48627
-5.48465
-5.48463
-5.48772
-5.49233
-5.49794
-5.5057
-5.51351
-5.52303
-5.53066
-5.53865
-5.54541
-5.55031
-5.55493
-5.55615
-5.55601
-5.55525
-5.55425
-5.5519
-5.5493
-5.54704
-5.54454
-5.54071
-5.5373
-5.53347
-5.52872
-5.52342
-5.51817
-5.51267
-5.50888
-5.50442
-5.50213
-5.5006
-5.49992
-5.49727
-5.49294
-5.48662
-5.47843
-5.46776
-5.45513
-5.44262
-5.42934
-5.41852
-5.40958
-5.4029
-5.39872
-5.3959
-5.39544
-5.39632
-5.39757
-5.39843
-5.40057
-5.40186
-5.40318
-5.4051
-5.40778
-5.41247
-5.42037
-5.42897
-5.44002
-5.45096
-5.46218
-5.47237
-5.48292
-5.4919
-5.49992
-5.50785
-5.51285
-5.51571
-5.51557
-5.5121
-5.50597
-5.49873
-5.48974
-5.48009
-5.4709
-5.46386
-5.46026
-5.45972
-5.46114
-5.46335
-5.46578
-5.46879
-5.47127
-5.47176
-5.47124
-5.46849
-5.46433
-5.45816
-5.45132
-5.44673
-5.44467
-5.44865
-5.45742
-5.47034
-5.48544
-5.50076
-5.51362
-5.52317
-5.52912
-5.53143
-5.5301
-5.52485
-5.51862
-5.51149
-5.5052
-5.49723
-5.49162
-5.48748
-5.48376
-5.48188
-5.48039
-5.48
-5.48059
-5.48356
-5.4858
-5.48897
-5.49225
-5.49525
-5.49625
-5.49576
-5.493
-5.48812
-5.48311
-5.477
-5.4721
-5.47029
-5.47174
-5.4769
-5.48555
-5.49795
-5.51178
-5.52592
-5.53674
-5.54626
-5.55136
-5.55274
-5.55173
-5.5484
-5.54376
-5.53847
-5.53399
-5.53238
-5.53193
-5.53152
-5.53223
-5.53238
-5.53011
-5.52696
-5.52112
-5.51504
-5.50618
-5.49724
-5.48873
-5.48162
-5.47573
-5.47272
-5.47053
-5.4705
-5.46897
-5.4666
-5.46132
-5.45497
-5.44579
-5.43648
-5.42629
-5.41552
-5.40513
-5.39624
-5.3896
-5.38409
-5.38051
-5.37844
-5.37963
-5.382
-5.38705
-5.39253
-5.39794
-5.40357
-5.40808
-5.41264
-5.41429
-5.41599
-5.41661
-5.41899
-5.4233
-5.43059
-5.44168
-5.45609
-5.47348
-5.49065
-5.5073
-5.52278
-5.5357
-5.5447
-5.5494
-5.55016
-5.54512
-5.53524
-5.52235
-5.5068
-5.49155
-5.47614
-5.46083
-5.44775
-5.43603
-5.42728
-5.42149
-5.42091
-5.42601
-5.43635
-5.4518
-5.46969
-5.48823
-5.50579
-5.52277
-5.53629
-5.54395
-5.54883
-5.54894
-5.54637
-5.54007
-5.53253
-5.52448
-5.51584
-5.50645
-5.49836
-5.49108
-5.48628
-5.48237
-5.47815
-5.47501
-5.47275
-5.47158
-5.47017
-5.47135
-5.47343
-5.4763
-5.48048
-5.48381
-5.48547
-5.48519
-5.48316
-5.47979
-5.47609
-5.47361
-5.4722
-5.47206
-5.4727
-5.47608
-5.47897
-5.48306
-5.48708
-5.49021
-5.49189
-5.49348
-5.49158
-5.48916
-5.48533
-5.48061
-5.47494
-5.46881
-5.4633
-5.45728
-5.45198
-5.44789
-5.44401
-5.4415
-5.44232
-5.44353
-5.44654
-5.44897
-5.45043
-5.44921
-5.44613
-5.44068
-5.43056
-5.41783
-5.40568
-5.39237
-5.3808
-5.37048
-5.36441
-5.36116
-5.36249
-5.36766
-5.37578
-5.38733
-5.40172
-5.41834
-5.43612
-5.45594
-5.4744
-5.49117
-5.50719
-5.52147
-5.53264
-5.53989
-5.54273
-5.54098
-5.5347
-5.52432
-5.51335
-5.50196
-5.49196
-5.486
-5.48194
-5.48247
-5.48547
-5.48837
-5.49042
-5.49113
-5.49002
-5.48667
-5.48266
-5.47795
-5.47471
-5.47065
-5.46914
-5.46917
-5.46973
-5.47192
-5.47538
-5.4788
-5.48193
-5.48549
-5.48809
-5.48813
-5.48817
-5.48729
-5.48514
-5.48425
-5.48495
-5.48782
-5.49246
-5.49739
-5.5024
-5.50588
-5.50746
-5.50655
-5.50195
-5.49571
-5.48618
-5.47505
-5.46557
-5.45773
-5.45351
-5.45259
-5.45472
-5.46022
-5.46686
-5.47302
-5.48064
-5.48591
-5.48978
-5.4932
-5.49565
-5.49657
-5.49609
-5.49387
-5.49092
-5.48701
-5.48401
-5.48381
-5.48663
-5.49229
-5.49992
-5.50621
-5.50979
-5.51124
-5.50914
-5.50546
-5.50026
-5.49573
-5.49077
-5.48788
-5.48694
-5.48722
-5.4901
-5.49504
-5.50172
-5.50933
-5.51855
-5.52635
-5.53173
-5.53641
-5.53813
-5.53768
-5.53461
-5.52883
-5.52219
-5.51371
-5.50569
-5.49637
-5.48745
-5.47959
-5.47286
-5.46984
-5.46853
-5.4693
-5.47118
-5.47534
-5.4799
-5.48659
-5.49311
-5.49994
-5.50637
-5.51216
-5.51631
-5.51764
-5.51723
-5.51431
-5.5089
-5.50203
-5.49469
-5.48752
-5.48103
-5.47641
-5.4732
-5.47226
-5.47326
-5.47594
-5.47929
-5.48391
-5.48925
-5.49329
-5.4962
-5.49698
-5.49555
-5.49123
-5.48548
-5.47914
-5.47239
-5.46732
-5.46572
-5.46581
-5.46904
-5.47557
-5.48501
-5.49511
-5.50612
-5.51635
-5.52486
-5.53155
-5.53538
-5.53619
-5.53461
-5.53002
-5.52299
-5.51561
-5.50699
-5.49945
-5.49306
-5.48787
-5.48553
-5.48681
-5.48888
-5.49293
-5.49899
-5.50585
-5.51254
-5.51899
-5.52529
-5.52974
-5.53346
-5.53627
-5.53816
-5.54018
-5.54158
-5.54058
-5.53877
-5.53678
-5.53233
-5.52592
-5.51993
-5.51399
-5.50708
-5.49946
-5.49008
-5.48049
-5.47073
-5.46003
-5.44932
-5.43999
-5.43414
-5.4304
-5.43108
-5.43321
-5.43773
-5.44318
-5.44918
-5.45455
-5.45934
-5.46072
-5.46077
-5.45819
-5.45501
-5.45091
-5.44692
-5.44338
-5.44124
-5.44028
-5.44021
-5.44128
-5.44346
-5.44425
-5.44632
-5.44869
-5.45142
-5.45335
-5.45539
-5.45744
-5.46054
-5.46423
-5.46794
-5.47261
-5.47801
-5.48382
-5.48998
-5.49399
-5.49714
-5.49839
-5.49859
-5.49566
-5.49104
-5.485
-5.47714
-5.47043
-5.46363
-5.45788
-5.45336
-5.45018
-5.44956
-5.45093
-5.45363
-5.45815
-5.46284
-5.46939
-5.47585
-5.48227
-5.48904
-5.49568
-5.50153
-5.50744
-5.51362
-5.52092
-5.52784
-5.53491
-5.54102
-5.54449
-5.54714
-5.54862
-5.54667
-5.54407
-5.54047
-5.53565
-5.53041
-5.52618
-5.5229
-5.52102
-5.51924
-5.51791
-5.51729
-5.51617
-5.51545
-5.5169
-5.51905
-5.52315
-5.52841
-5.53425
-5.5408
-5.54827
-5.55614
-5.56145
-5.56653
-5.56912
-5.56888
-5.56752
-5.56629
-5.5665
-5.56722
-5.5684
-5.56965
-5.57109
-5.57183
-5.57063
-5.56658
-5.55954
-5.55024
-5.53907
-5.5258
-5.51392
-5.50226
-5.49155
-5.48222
-5.47528
-5.47194
-5.4715
-5.47349
-5.47693
-5.48192
-5.48759
-5.49316
-5.49697
-5.49957
-5.50115
-5.50064
-5.50001
-5.49707
-5.49317
-5.48927
-5.48635
-5.4842
-5.48535
-5.48737
-5.49232
-5.49644
-5.50041
-5.50282
-5.50409
-5.50525
-5.50537
-5.50476
-5.50313
-5.50182
-5.50322
-5.50456
-5.50752
-5.51079
-5.5125
-5.51453
-5.51413
-5.51287
-5.51111
-5.50948
-5.5067
-5.50474
-5.50327
-5.50322
-5.5046
-5.50671
-5.51001
-5.51343
-5.51719
-5.5206
-5.52309
-5.52416
-5.52258
-5.51838
-5.51248
-5.50053
-5.48675
-5.47026
-5.45239
-5.43323
-5.41593
-5.39982
-5.38653
-5.3776
-5.37434
-5.37479
-5.38091
-5.39073
-5.40427
-5.42095
-5.43897
-5.45814
-5.47874
-5.49716
-5.5131
-5.52786
-5.53811
-5.5445
-5.54782
-5.54656
-5.54197
-5.53714
-5.53026
-5.52516
-5.52048
-5.51758
-5.51625
-5.51483
-5.51631
-5.51702
-5.51873
-5.52097
-5.52281
-5.52481
-5.52497
-5.52401
-5.52149
-5.51852
-5.51495
-5.51101
-5.50822
-5.50695
-5.5084
-5.51081
-5.51487
-5.52022
-5.5267
-5.53163
-5.53723
-5.54041
-5.54094
-5.53791
-5.53088
-5.52043
-5.507
-5.49114
-5.47428
-5.45825
-5.44409
-5.43204
-5.42467
-5.42049
-5.41947
-5.421
-5.42273
-5.42421
-5.42385
-5.42103
-5.41861
-5.41636
-5.41591
-5.4167
-5.42
-5.4254
-5.43384
-5.44445
-5.45684
-5.47139
-5.48622
-5.50176
-5.51609
-5.52808
-5.53893
-5.54667
-5.55332
-5.55827
-5.56205
-5.56563
-5.56885
-5.57005
-5.57133
-5.57086
-5.56859
-5.56636
-5.5617
-5.55566
-5.54875
-5.54172
-5.53732
-5.53588
-5.53935
-5.54717
-5.55524
-5.56245
-5.56663
-5.56703
-5.5613
-5.5509
-5.53796
-5.52295
-5.50834
-5.49608
-5.48519
-5.47838
-5.47571
-5.47639
-5.48111
-5.48828
-5.49777
-5.50723
-5.51701
-5.52672
-5.53644
-5.54436
-5.54985
-5.55354
-5.55523
-5.55396
-5.55176
-5.54905
-5.54609
-5.54382
-5.54269
-5.5409
-5.5388
-5.53379
-5.52826
-5.52116
-5.51358
-5.50552
-5.49994
-5.49943
-5.50273
-5.5095
-5.51767
-5.52598
-5.53285
-5.53901
-5.545
-5.54938
-5.55017
-5.5495
-5.5473
-5.54238
-5.53547
-5.52735
-5.51932
-5.51003
-5.50283
-5.4959
-5.49042
-5.48716
-5.48847
-5.49265
-5.50129
-5.51269
-5.52623
-5.54145
-5.55714
-5.57121
-5.58257
-5.59212
-5.59919
-5.60237
-5.60343
-5.60377
-5.60196
-5.59888
-5.59213
-5.58561
-5.57647
-5.5654
-5.55348
-5.5405
-5.52949
-5.51947
-5.51153
-5.50447
-5.49823
-5.4939
-5.49059
-5.48858
-5.4879
-5.48809
-5.48887
-5.49086
-5.49311
-5.496
-5.49958
-5.50401
-5.50878
-5.5145
-5.52036
-5.52735
-5.53309
-5.53908
-5.54402
-5.54753
-5.54848
-5.54783
-5.54319
-5.53586
-5.52652
-5.51454
-5.50233
-5.49198
-5.48289
-5.47804
-5.47544
-5.47681
-5.48007
-5.48306
-5.48588
-5.48778
-5.48671
-5.48417
-5.47915
-5.47445
-5.46806
-5.46268
-5.45725
-5.45246
-5.44671
-5.44438
-5.44314
-5.44474
-5.44723
-5.45271
-5.45928
-5.46638
-5.47366
-5.47904
-5.48261
-5.48537
-5.48725
-5.4872
-5.48788
-5.48852
-5.48803
-5.48698
-5.48534
-5.48299
-5.48003
-5.47712
-5.47563
-5.47304
-5.4717
-5.47254
-5.47394
-5.47645
-5.48004
-5.4831
-5.48503
-5.48556
-5.48561
-5.48582
-5.48483
-5.48558
-5.48646
-5.49074
-5.49716
-5.50536
-5.514
-5.5216
-5.52755
-5.53011
-5.52932
-5.52457
-5.51657
-5.50611
-5.49446
-5.48315
-5.47539
-5.47068
-5.46942
-5.47213
-5.47648
-5.48176
-5.48678
-5.49204
-5.49581
-5.49645
-5.49663
-5.49471
-5.49062
-5.48523
-5.48034
-5.47379
-5.46863
-5.46369
-5.46117
-5.45852
-5.45644
-5.45679
-5.45884
-5.46342
-5.46941
-5.47733
-5.487
-5.49671
-5.5063
-5.51445
-5.5202
-5.52568
-5.52913
-5.52884
-5.52782
-5.52647
-5.52452
-5.52423
-5.52522
-5.52798
-5.53237
-5.53658
-5.54179
-5.5472
-5.55273
-5.55673
-5.55778
-5.55609
-5.55236
-5.545
-5.53507
-5.52351
-5.5108
-5.49566
-5.48101
-5.46682
-5.45326
-5.44096
-5.43115
-5.42297
-5.41692
-5.41269
-5.41039
-5.40797
-5.40707
-5.40667
-5.40756
-5.40675
-5.41012
-5.4143
-5.42022
-5.42798
-5.43642
-5.44507
-5.45416
-5.46438
-5.47392
-5.48421
-5.49528
-5.5059
-5.51496
-5.52302
-5.53051
-5.53577
-5.53852
-5.53927
-5.53726
-5.53291
-5.52685
-5.51861
-5.50903
-5.49966
-5.4907
-5.48292
-5.47667
-5.47258
-5.46959
-5.46856
-5.46741
-5.46715
-5.4691
-5.47278
-5.47828
-5.48753
-5.49865
-5.51088
-5.52249
-5.5325
-5.53864
-5.54128
-5.53931
-5.53441
-5.52608
-5.51631
-5.50743
-5.50115
-5.49837
-5.49748
-5.50008
-5.50473
-5.51051
-5.51566
-5.51897
-5.52058
-5.52066
-5.51999
-5.51742
-5.5143
-5.50847
-5.50066
-5.49312
-5.48317
-5.4744
-5.46611
-5.45985
-5.45693
-5.45447
-5.45412
-5.45469
-5.45595
-5.45632
-5.45618
-5.45565
-5.45267
-5.45
-5.44715
-5.44532
-5.44362
-5.44467
-5.44746
-5.45327
-5.46079
-5.46881
-5.47667
-5.48384
-5.48838
-5.49029
-5.4899
-5.48781
-5.48544
-5.48263
-5.47994
-5.47873
-5.47685
-5.4753
-5.47242
-5.47057
-5.46822
-5.46757
-5.46867
-5.4712
-5.47585
-5.48075
-5.48639
-5.49045
-5.49171
-5.49252
-5.49089
-5.48587
-5.48044
-5.47176
-5.45997
-5.44512
-5.42864
-5.41114
-5.39288
-5.37625
-5.36272
-5.35553
-5.35481
-5.3606
-5.36975
-5.38369
-5.40108
-5.41938
-5.43904
-5.45942
-5.4793
-5.49764
-5.51275
-5.52443
-5.53167
-5.53512
-5.53328
-5.529
-5.52281
-5.51582
-5.50923
-5.50483
-5.50259
-5.50005
-5.49872
-5.49783
-5.49498
-5.49243
-5.48985
-5.4849
-5.48028
-5.47536
-5.47078
-5.46678
-5.46468
-5.46179
-5.46031
-5.45962
-5.45945
-5.45889
-5.4597
-5.46117
-5.46349
-5.46659
-5.47013
-5.47283
-5.476
-5.47747
-5.47768
-5.4769
-5.47648
-5.47772
-5.47948
-5.48423
-5.49376
-5.50735
-5.52468
-5.54368
-5.56208
-5.57968
-5.59352
-5.60291
-5.60719
-5.60752
-5.60288
-5.59412
-5.58326
-5.5715
-5.5577
-5.54274
-5.52922
-5.51438
-5.50392
-5.49571
-5.49115
-5.48992
-5.49132
-5.49465
-5.50133
-5.50754
-5.51352
-5.51909
-5.52188
-5.52326
-5.52302
-5.52085
-5.51738
-5.51358
-5.50837
-5.5032
-5.49947
-5.49799
-5.49868
-5.49903
-5.50213
-5.50527
-5.50748
-5.50784
-5.50547
-5.50117
-5.49485
-5.48682
-5.47625
-5.46503
-5.45478
-5.44694
-5.43969
-5.43551
-5.4341
-5.43384
-5.43609
-5.43928
-5.4419
-5.44347
-5.44411
-5.44392
-5.44157
-5.43913
-5.43671
-5.43431
-5.4331
-5.43281
-5.43278
-5.43539
-5.43818
-5.44233
-5.44813
-5.45533
-5.46343
-5.47385
-5.48366
-5.49524
-5.50435
-5.51138
-5.51576
-5.51805
-5.51495
-5.50769
-5.49644
-5.48548
-5.47182
-5.45841
-5.44681
-5.43654
-5.429
-5.42624
-5.42623
-5.42869
-5.43347
-5.43835
-5.44368
-5.44789
-5.44993
-5.45015
-5.44873
-5.44579
-5.44301
-5.44083
-5.441
-5.44293
-5.44578
-5.44973
-5.45567
-5.46176
-5.4682
-5.47353
-5.47684
-5.47898
-5.48032
-5.47898
-5.47675
-5.47317
-5.46882
-5.46354
-5.45822
-5.45285
-5.44852
-5.44469
-5.44241
-5.44188
-5.44312
-5.44651
-5.45148
-5.45791
-5.4673
-5.47838
-5.4902
-5.50313
-5.51567
-5.52855
-5.53895
-5.54768
-5.5524
-5.55364
-5.55101
-5.54515
-5.53843
-5.52857
-5.51821
-5.50708
-5.49814
-5.49114
-5.48528
-5.4825
-5.48132
-5.48163
-5.4833
-5.48658
-5.49178
-5.4971
-5.50358
-5.51073
-5.51695
-5.52357
-5.52795
-5.53148
-5.53319
-5.53414
-5.53416
-5.5351
-5.53715
-5.53824
-5.53992
-5.54003
-5.5386
-5.53574
-5.53097
-5.52327
-5.51314
-5.50101
-5.4878
-5.47273
-5.45446
-5.43625
-5.41886
-5.40086
-5.38575
-5.37379
-5.36656
-5.36472
-5.36701
-5.37364
-5.38301
-5.39317
-5.40303
-5.41198
-5.41828
-5.42175
-5.42465
-5.42685
-5.42948
-5.43322
-5.4378
-5.44179
-5.44555
-5.45095
-5.45669
-5.46392
-5.47125
-5.4796
-5.48832
-5.49654
-5.50401
-5.5124
-5.51944
-5.52651
-5.53314
-5.53937
-5.54531
-5.5519
-5.55821
-5.56222
-5.5656
-5.56923
-5.57289
-5.57674
-5.5803
-5.58379
-5.58704
-5.58815
-5.58894
-5.58849
-5.58679
-5.58346
-5.57828
-5.57256
-5.56735
-5.56139
-5.5555
-5.54976
-5.54354
-5.53669
-5.52901
-5.52212
-5.51588
-5.51073
-5.50667
-5.50273
-5.5015
-5.50115
-5.50355
-5.50851
-5.51495
-5.52183
-5.52853
-5.53409
-5.53707
-5.53801
-5.53387
-5.52715
-5.51973
-5.51029
-5.5013
-5.49134
-5.48242
-5.47428
-5.46877
-5.46406
-5.46076
-5.4603
-5.46133
-5.46432
-5.47009
-5.47862
-5.48983
-5.50177
-5.51486
-5.5259
-5.53757
-5.5466
-5.55445
-5.55949
-5.56216
-5.56252
-5.5591
-5.55333
-5.54524
-5.53603
-5.52754
-5.51748
-5.5088
-5.50067
-5.49361
-5.48576
-5.47887
-5.47235
-5.46638
-5.46084
-5.45511
-5.45046
-5.44596
-5.44273
-5.44129
-5.44259
-5.44629
-5.4527
-5.46225
-5.47263
-5.48483
-5.49552
-5.50413
-5.51008
-5.51324
-5.51238
-5.50825
-5.50058
-5.49068
-5.47889
-5.46661
-5.45556
-5.44596
-5.43638
-5.42645
-5.41654
-5.40523
-5.39449
-5.38447
-5.37771
-5.37318
-5.372
-5.37356
-5.37711
-5.38228
-5.38616
-5.39007
-5.39474
-5.39796
-5.40221
-5.40561
-5.40886
-5.41511
-5.42431
-5.43689
-5.4532
-5.47177
-5.49193
-5.51101
-5.52789
-5.54165
-5.55272
-5.56136
-5.56792
-5.57245
-5.5746
-5.57638
-5.57407
-5.56752
-5.5582
-5.54523
-5.53119
-5.51566
-5.50172
-5.48808
-5.47574
-5.46778
-5.46274
-5.46186
-5.46452
-5.46918
-5.47503
-5.47972
-5.48382
-5.48635
-5.4865
-5.48449
-5.48083
-5.47606
-5.46974
-5.46394
-5.45808
-5.45165
-5.44751
-5.44467
-5.44549
-5.4504
-5.45918
-5.47119
-5.48573
-5.5013
-5.51686
-5.53247
-5.54595
-5.55875
-5.56981
-5.57925
-5.5862
-5.58954
-5.5895
-5.58677
-5.58142
-5.57459
-5.56606
-5.55688
-5.54742
-5.53906
-5.53347
-5.53119
-5.53197
-5.53564
-5.54167
-5.54869
-5.55787
-5.56728
-5.57603
-5.58313
-5.58987
-5.59524
-5.59629
-5.5953
-5.59213
-5.58431
-5.57351
-5.55971
-5.54499
-5.52919
-5.51243
-5.49699
-5.4831
-5.47174
-5.46316
-5.45546
-5.4504
-5.44719
-5.44479
-5.44331
-5.44371
-5.44351
-5.44562
-5.44904
-5.45512
-5.46201
-5.4692
-5.47669
-5.48337
-5.48849
-5.49203
-5.49355
-5.49264
-5.49022
-5.48533
-5.47851
-5.47065
-5.46125
-5.45234
-5.44259
-5.43251
-5.42358
-5.41404
-5.40587
-5.39821
-5.3921
-5.38722
-5.38488
-5.38579
-5.39022
-5.39909
-5.41153
-5.42732
-5.44511
-5.463
-5.48076
-5.4957
-5.50845
-5.51708
-5.52069
-5.52113
-5.51789
-5.51222
-5.50517
-5.49691
-5.48831
-5.47813
-5.46717
-5.45614
-5.4437
-5.43214
-5.4186
-5.40747
-5.39858
-5.39235
-5.39103
-5.39448
-5.40199
-5.41562
-5.43165
-5.4484
-5.46634
-5.48186
-5.49714
-5.51069
-5.52356
-5.53512
-5.54475
-5.55072
-5.55538
-5.55556
-5.55144
-5.54262
-5.52951
-5.51439
-5.49876
-5.48158
-5.46637
-5.45254
-5.43922
-5.42869
-5.4199
-5.41441
-5.41131
-5.41113
-5.41265
-5.41457
-5.41818
-5.42287
-5.42804
-5.43332
-5.44028
-5.44648
-5.45237
-5.45659
-5.45844
-5.45712
-5.45187
-5.44603
-5.43913
-5.43385
-5.43117
-5.43355
-5.43843
-5.44632
-5.45712
-5.46787
-5.47782
-5.48596
-5.49037
-5.49214
-5.4922
-5.49035
-5.48787
-5.48429
-5.48042
-5.47697
-5.47311
-5.46913
-5.46646
-5.46597
-5.4661
-5.46521
-5.46336
-5.46093
-5.45841
-5.45544
-5.45426
-5.45495
-5.45851
-5.46524
-5.47321
-5.48277
-5.4916
-5.49961
-5.50532
-5.50747
-5.50636
-5.50274
-5.49796
-5.49248
-5.48913
-5.48743
-5.48982
-5.49476
-5.50215
-5.51062
-5.52054
-5.53102
-5.54081
-5.54841
-5.55494
-5.55735
-5.55718
-5.55444
-5.55018
-5.54261
-5.53297
-5.52286
-5.51191
-5.50057
-5.49046
-5.48258
-5.47738
-5.47362
-5.47271
-5.47566
-5.48099
-5.48641
-5.49404
-5.50366
-5.513
-5.52216
-5.52927
-5.53457
-5.54046
-5.5434
-5.54795
-5.55146
-5.55474
-5.55765
-5.56085
-5.56348
-5.56497
-5.56463
-5.56183
-5.55759
-5.55069
-5.54217
-5.53248
-5.51987
-5.50667
-5.49247
-5.478
-5.46323
-5.4489
-5.43555
-5.42266
-5.41218
-5.40341
