-3.39109
-3.39124
-3.39048
-3.39033
-3.39033
-3.39063
-3.39108
-3.39078
-3.39123
-3.39093
-3.38988
-3.38927
-3.38912
-3.38912
-3.38776
-3.38837
-3.38973
-3.39093
-3.39094
-3.39003
-3.38973
-3.39018
-3.39018
-3.39018
-3.39108
-3.39229
-3.39259
-3.39304
-3.39275
-3.3935
-3.392
-3.39245
-3.3923
-3.39094
-3.39078
-3.38988
-3.38957
-3.38897
-3.38972
-3.39033
-3.39033
-3.38958
-3.38958
-3.38958
-3.38958
-3.38973
-3.38913
-3.38853
-3.38988
-3.38958
-3.38972
-3.39048
-3.39047
-3.39017
-3.39033
-3.38988
-3.39033
-3.39003
-3.38882
-3.38852
-3.38882
-3.38957
-3.38957
-3.39048
-3.39109
-3.39048
-3.39199
-3.39275
-3.39245
-3.3926
-3.3929
-3.39335
-3.39365
-3.39244
-3.39229
-3.39305
-3.3932
-3.39199
-3.39229
-3.39275
-3.39199
-3.39169
-3.3926
-3.3926
-3.39275
-3.39305
-3.39335
-3.3938
-3.39349
-3.39304
-3.39289
-3.39259
-3.39319
-3.39244
-3.39275
-3.39245
-3.39245
-3.39245
-3.39245
-3.39169
-3.39063
-3.39093
-3.39108
-3.39124
-3.39214
-3.39138
-3.39183
-3.39062
-3.39229
-3.39244
-3.39229
-3.39154
-3.39275
-3.39185
-3.39139
-3.39124
-3.39199
-3.39274
-3.3938
-3.39244
-3.39214
-3.39245
-3.39185
-3.39245
-3.39139
-3.39094
-3.39154
-3.39093
-3.39153
-3.39108
-3.39169
-3.39199
-3.3926
-3.392
-3.39215
-3.39124
-3.39109
-3.39214
-3.3935
-3.3929
-3.3935
-3.39245
-3.39351
-3.39366
-3.39306
-3.39426
-3.3929
-3.39335
-3.39275
-3.39366
-3.39396
-3.39426
-3.3935
-3.39351
-3.39351
-3.39366
-3.39411
-3.3929
-3.39245
-3.39199
-3.39199
-3.39289
-3.39289
-3.39229
-3.39123
-3.38957
-3.39123
-3.39108
-3.39168
-3.39153
-3.39259
-3.39305
-3.3929
-3.3923
-3.39214
-3.39214
-3.3926
-3.3929
-3.39275
-3.39244
-3.39169
-3.39214
-3.39259
-3.39305
-3.39335
-3.3938
-3.3938
-3.39319
-3.3932
-3.3929
-3.3929
-3.3929
-3.3935
-3.3932
-3.39425
-3.39425
-3.39516
-3.39516
-3.3944
-3.39501
-3.39471
-3.3941
-3.3938
-3.39441
-3.39426
-3.39426
-3.39305
-3.39199
-3.39229
-3.39304
-3.39365
-3.39576
-3.39516
-3.39561
-3.39516
-3.39471
-3.39486
-3.39455
-3.39531
-3.39576
-3.39622
-3.39697
-3.39682
-3.39667
-3.39758
-3.39667
-3.39637
-3.39501
-3.3944
-3.39425
-3.39455
-3.39425
-3.3932
-3.39471
-3.39531
-3.39486
-3.39531
-3.39486
-3.39531
-3.39592
-3.39592
-3.39637
-3.39592
-3.39607
-3.39577
-3.39501
-3.395
-3.39576
-3.39576
-3.3953
-3.39561
-3.39501
-3.39562
-3.39652
-3.39607
-3.39667
-3.39561
-3.39576
-3.3944
-3.3947
-3.3947
-3.39501
-3.39486
-3.39486
-3.39486
-3.3941
-3.3941
-3.39395
-3.3935
-3.39319
-3.39365
-3.39365
-3.3941
-3.39379
-3.39379
-3.39485
-3.395
-3.39486
-3.39471
-3.39486
-3.39486
-3.3932
-3.39486
-3.39456
-3.39486
-3.39577
-3.39637
-3.39682
-3.39743
-3.39652
-3.39622
-3.39637
-3.39577
-3.39577
-3.39577
-3.39501
-3.39516
-3.39456
-3.39592
-3.39637
-3.39622
-3.39531
-3.39546
-3.39425
-3.39395
-3.3938
-3.39411
-3.39275
-3.3929
-3.39381
-3.39366
-3.39335
-3.39441
-3.3941
-3.39501
-3.39485
-3.39455
-3.39425
-3.3944
-3.3941
-3.3935
-3.3938
-3.39259
-3.39199
-3.39244
-3.39184
-3.39139
-3.39214
-3.39229
-3.39259
-3.39017
-3.39002
-3.39077
-3.39092
-3.39047
-3.39017
-3.38957
-3.39003
-3.38942
-3.38867
-3.38776
-3.38851
-3.38821
-3.38851
-3.38926
-3.38911
-3.38866
-3.38927
-3.39048
-3.39048
-3.38972
-3.38957
-3.38987
-3.38927
-3.39062
-3.39017
-3.38986
-3.38896
-3.38835
-3.3885
-3.39077
-3.39078
-3.39138
-3.39153
-3.39259
-3.39229
-3.39169
-3.39319
-3.39365
-3.39395
-3.39395
-3.39471
-3.3944
-3.39395
-3.3935
-3.3938
-3.39334
-3.39289
-3.39365
-3.3941
-3.39441
-3.39486
-3.39562
-3.39516
-3.39577
-3.39622
-3.39698
-3.39592
-3.39622
-3.3947
-3.39546
-3.39622
-3.39592
-3.39577
-3.39577
-3.39637
-3.39532
-3.39396
-3.3938
-3.39335
-3.39441
-3.3938
-3.3935
-3.39289
-3.39289
-3.39244
-3.39259
-3.39214
-3.3929
-3.39335
-3.39441
-3.39441
-3.39426
-3.39381
-3.39426
-3.39441
-3.39425
-3.3938
-3.39425
-3.3935
-3.39335
-3.39395
-3.39305
-3.39335
-3.39305
-3.39244
-3.39275
-3.3935
-3.39365
-3.39274
-3.39365
-3.39275
-3.3929
-3.39214
-3.39214
-3.39169
-3.39244
-3.3932
-3.39335
-3.39395
-3.39455
-3.39425
-3.39441
-3.39456
-3.39487
-3.39577
-3.39532
-3.39502
-3.39516
-3.3947
-3.39561
-3.39501
-3.39455
-3.39319
-3.39349
-3.39259
-3.39183
-3.39244
-3.39139
-3.3926
-3.3929
-3.39366
-3.39381
-3.39532
-3.39637
-3.39577
-3.39561
-3.39546
-3.39516
-3.39395
-3.39319
-3.39304
-3.39365
-3.39213
-3.39198
-3.39138
-3.39214
-3.39244
-3.39305
-3.39214
-3.39214
-3.39199
-3.39244
-3.39184
-3.39199
-3.39198
-3.39334
-3.39319
-3.39274
-3.39334
-3.39334
-3.39485
-3.3944
-3.39395
-3.39334
-3.39395
-3.39229
-3.39033
-3.38882
-3.38731
-3.38776
-3.38761
-3.38791
-3.38745
-3.38835
-3.38805
-3.3873
-3.3873
-3.38866
-3.39048
-3.39138
-3.39123
-3.39153
-3.39093
-3.39002
-3.39108
-3.39108
-3.39214
-3.39214
-3.39274
-3.39244
-3.39244
-3.39183
-3.39198
-3.39153
-3.39153
-3.39153
-3.39138
-3.39033
-3.39018
-3.38927
-3.38987
-3.38987
-3.38881
-3.38806
-3.39002
-3.39078
-3.39108
-3.39199
-3.39139
-3.39124
-3.39078
-3.39078
-3.39048
-3.39078
-3.39032
-3.39063
-3.39078
-3.39047
-3.39093
-3.39033
-3.38988
-3.38942
-3.38957
-3.38988
-3.39048
-3.39032
-3.39047
-3.39017
-3.38957
-3.39138
-3.39169
-3.39184
-3.3929
-3.3929
-3.39139
-3.39093
-3.39154
-3.39032
-3.38972
-3.38987
-3.39032
-3.39017
-3.39018
-3.39063
-3.39109
-3.39154
-3.39214
-3.39244
-3.39259
-3.39183
-3.39092
-3.39198
-3.39304
-3.39304
-3.39411
-3.39411
-3.39366
-3.3923
-3.39215
-3.392
-3.3926
-3.3932
-3.3929
-3.39365
-3.39516
-3.39607
-3.39546
-3.39486
-3.39441
-3.39486
-3.39455
-3.39441
-3.39365
-3.39472
-3.39472
-3.39441
-3.3932
-3.3938
-3.39259
-3.39229
-3.39214
-3.39275
-3.39381
-3.39562
-3.39653
-3.39577
-3.39531
-3.39471
-3.39441
-3.39366
-3.39351
-3.39336
-3.39336
-3.39185
-3.392
-3.39215
-3.3929
-3.3935
-3.39335
-3.3929
-3.39321
-3.39351
-3.39245
-3.39169
-3.39305
-3.3926
-3.39124
-3.39139
-3.39063
-3.39093
-3.39063
-3.39093
-3.39199
-3.3926
-3.39321
-3.39381
-3.39351
-3.39381
-3.39426
-3.39396
-3.39214
-3.39245
-3.3929
-3.3929
-3.39335
-3.39517
-3.39502
-3.39426
-3.39426
-3.39275
-3.3923
-3.392
-3.3926
-3.39351
-3.3929
-3.3926
-3.3926
-3.39169
-3.39154
-3.3923
-3.39154
-3.39184
-3.39094
-3.39093
-3.39123
-3.39108
-3.39139
-3.39154
-3.39169
-3.3917
-3.3914
-3.39124
-3.39155
-3.39064
-3.39124
-3.39139
-3.39108
-3.39154
-3.39048
-3.38988
-3.39048
-3.39033
-3.39094
-3.39078
-3.39199
-3.39244
-3.39199
-3.39259
-3.39259
-3.39396
-3.39517
-3.39457
-3.39366
-3.39321
-3.39366
-3.39456
-3.39486
-3.39501
-3.39456
-3.39501
-3.39486
-3.39592
-3.39547
-3.39486
-3.39486
-3.39456
-3.39456
-3.39456
-3.39381
-3.3938
-3.39456
-3.39426
-3.39426
-3.3941
-3.39456
-3.3941
-3.3935
-3.39305
-3.39336
-3.39427
-3.39382
-3.39336
-3.39427
-3.39442
-3.39593
-3.39728
-3.39818
-3.39667
-3.39591
-3.39621
-3.39471
-3.39456
-3.39516
-3.39622
-3.39743
-3.39683
-3.39728
-3.39592
-3.39562
-3.39592
-3.39638
-3.39668
-3.39683
-3.39622
-3.39577
-3.39501
-3.39441
-3.39441
-3.39411
-3.39471
-3.39486
-3.39486
-3.39562
-3.39622
-3.39713
-3.39743
-3.39637
-3.39471
-3.39396
-3.39381
-3.39486
-3.39441
-3.39426
-3.39411
-3.39351
-3.39321
-3.3923
-3.3926
-3.39321
-3.39351
-3.39245
-3.39154
-3.39139
-3.39124
-3.39169
-3.3923
-3.39215
-3.3929
-3.39411
-3.39411
-3.39396
-3.39381
-3.39306
-3.39275
-3.39351
-3.39335
-3.3929
-3.39245
-3.39215
-3.39139
-3.39063
-3.39079
-3.38958
-3.39048
-3.39079
-3.3923
-3.39275
-3.39381
-3.39487
-3.39426
-3.39366
-3.39336
-3.39245
-3.3932
-3.39365
-3.39471
-3.39456
-3.39411
-3.39517
-3.39622
-3.39577
-3.39532
-3.39517
-3.39456
-3.39637
-3.39456
-3.3932
-3.39245
-3.39335
-3.39351
-3.3926
-3.39275
-3.3932
-3.3935
-3.39305
-3.39335
-3.3938
-3.39441
-3.39471
-3.39441
-3.39638
-3.39577
-3.39472
-3.39381
-3.39366
-3.39351
-3.39275
-3.3926
-3.3932
-3.3932
-3.39305
-3.3929
-3.3929
-3.3923
-3.39109
-3.39109
-3.392
-3.3926
-3.39245
-3.39245
-3.3926
-3.3929
-3.39336
-3.39351
-3.39411
-3.39442
-3.39366
-3.39411
-3.39471
-3.39516
-3.39561
-3.39471
-3.39456
-3.39381
-3.39366
-3.39306
-3.39291
-3.39185
-3.39246
-3.39336
-3.39487
-3.39532
-3.39516
-3.39547
-3.39516
-3.39577
-3.39592
-3.39547
-3.39638
-3.39623
-3.39548
-3.39593
-3.39517
-3.39396
-3.39486
-3.39441
-3.39305
-3.39199
-3.39154
-3.39109
-3.39215
-3.3917
-3.39109
-3.39155
-3.39049
-3.39079
-3.3923
-3.39305
-3.3929
-3.39351
-3.39351
-3.39396
-3.39305
-3.3929
-3.3923
-3.39245
-3.39305
-3.3935
-3.39305
-3.3929
-3.39306
-3.39261
-3.39306
-3.39306
-3.39306
-3.39275
-3.39169
-3.39244
-3.3929
-3.39214
-3.39214
-3.3926
-3.39245
-3.3923
-3.39215
-3.39245
-3.3929
-3.3929
-3.39169
-3.3923
-3.39245
-3.39275
-3.39366
-3.39411
-3.39396
-3.39245
-3.392
-3.39275
-3.3923
-3.39079
-3.39154
-3.39154
-3.3926
-3.3932
-3.39335
-3.39441
-3.39426
-3.3929
-3.3929
-3.39321
-3.39351
-3.39245
-3.39185
-3.39275
-3.39245
-3.39245
-3.39245
-3.39169
-3.39275
-3.3923
-3.39245
-3.39215
-3.39215
-3.39215
-3.3926
-3.39244
-3.39365
-3.39335
-3.3932
-3.39335
-3.3932
-3.3926
-3.3929
-3.39351
-3.39381
-3.39366
-3.39275
-3.39245
-3.39169
-3.39214
-3.39169
-3.39154
-3.39124
-3.39033
-3.39048
-3.39079
-3.39109
-3.39154
-3.39139
-3.3923
-3.39169
-3.39169
-3.39305
-3.39214
-3.39184
-3.39169
-3.39139
-3.39139
-3.39215
-3.392
-3.3923
-3.39199
-3.39154
-3.39109
-3.39138
-3.39229
-3.39214
-3.39199
-3.39184
-3.39139
-3.39063
-3.38942
-3.38897
-3.38972
-3.38867
-3.38912
-3.38897
-3.38987
-3.38972
-3.38988
-3.38912
-3.38927
-3.38897
-3.38836
-3.38791
-3.38715
-3.3873
-3.38806
-3.3876
-3.38791
-3.38866
-3.38806
-3.38987
-3.38972
-3.38912
-3.38791
-3.38701
-3.38701
-3.38731
-3.38731
-3.38806
-3.38852
-3.38897
-3.38942
-3.39002
-3.38987
-3.38987
-3.39032
-3.39093
-3.39033
-3.39078
-3.39138
-3.39078
-3.39214
-3.3929
-3.39335
-3.39259
-3.39289
-3.39199
-3.39214
-3.39214
-3.39153
-3.39093
-3.39123
-3.39063
-3.39063
-3.39048
-3.39109
-3.39093
-3.39123
-3.39123
-3.39048
-3.39138
-3.39199
-3.39214
-3.39184
-3.39169
-3.39229
-3.39169
-3.39154
-3.39199
-3.39199
-3.39259
-3.3929
-3.39214
-3.39335
-3.39244
-3.39229
-3.39305
-3.3929
-3.39274
-3.39304
-3.39319
-3.39198
-3.39289
-3.39259
-3.39274
-3.39335
-3.39259
-3.39123
-3.39154
-3.39199
-3.39259
-3.39153
-3.39259
-3.39304
-3.3935
-3.39229
-3.39184
-3.39093
-3.39048
-3.39093
-3.39108
-3.39169
-3.39199
-3.39108
-3.39093
-3.39032
-3.39062
-3.39017
-3.38987
-3.39018
-3.39109
-3.39109
-3.39139
-3.39138
-3.39168
-3.39198
-3.39228
-3.39214
-3.39093
-3.39123
-3.39184
-3.39153
-3.39153
-3.39168
-3.39153
-3.39183
-3.39108
-3.39078
-3.39078
-3.39063
-3.39168
-3.39229
-3.39153
-3.39092
-3.39138
-3.39092
-3.39153
-3.39077
-3.39228
-3.39168
-3.39122
-3.39123
-3.39077
-3.39214
-3.39259
-3.39168
-3.39153
-3.39138
-3.39108
-3.39048
-3.39108
-3.39108
-3.39183
-3.39123
-3.39123
-3.39108
-3.38987
-3.38927
-3.38957
-3.38972
-3.38971
-3.39002
-3.39092
-3.39183
-3.39304
-3.39289
-3.39199
-3.39214
-3.39214
-3.39108
-3.39107
-3.39153
-3.39213
-3.39288
-3.39319
-3.39379
-3.39379
-3.39334
-3.39455
-3.3947
-3.39455
-3.39455
-3.39349
-3.39379
-3.39349
-3.39394
-3.39394
-3.39425
-3.3947
-3.39364
-3.39349
-3.39303
-3.39303
-3.39409
-3.39409
-3.39258
-3.39228
-3.39228
-3.39213
-3.39213
-3.39123
-3.39168
-3.39168
-3.39243
-3.39228
-3.39288
-3.39303
-3.39318
-3.39318
-3.39333
-3.39318
-3.39333
-3.39364
-3.39288
-3.39379
-3.39304
-3.39259
-3.39274
-3.39334
-3.39455
-3.39485
-3.395
-3.395
-3.39515
-3.39485
-3.39365
-3.39349
-3.39455
-3.39439
-3.39424
-3.39409
-3.39319
-3.3941
-3.39455
-3.39486
-3.39471
-3.39561
-3.39637
-3.39561
-3.39561
-3.39546
-3.39485
-3.39425
-3.3941
-3.3947
-3.39501
-3.3947
-3.39591
-3.39561
-3.39546
-3.3944
-3.3938
-3.3938
-3.3938
-3.3947
-3.3944
-3.39455
-3.39394
-3.39334
-3.39364
-3.39334
-3.39334
-3.3941
-3.3941
-3.39259
-3.39274
-3.39304
-3.39349
-3.39289
-3.39274
-3.39213
-3.39243
-3.39153
-3.39319
-3.39228
-3.39274
-3.39274
-3.39274
-3.39183
-3.39259
-3.39243
-3.39183
-3.39138
-3.39183
-3.39213
-3.39288
-3.39289
-3.39289
-3.39213
-3.39183
-3.39229
-3.39259
-3.39259
-3.39319
-3.39319
-3.39259
-3.39274
-3.39289
-3.3938
-3.3941
-3.3941
-3.39515
-3.3944
-3.39561
-3.39561
-3.39515
-3.3953
-3.39561
-3.3947
-3.39455
-3.3941
-3.39531
-3.39531
-3.3941
-3.39364
-3.39379
-3.39425
-3.39455
-3.3953
-3.39651
-3.39651
-3.39636
-3.39606
-3.39667
-3.39712
-3.39696
-3.39711
-3.39726
-3.39802
-3.39727
-3.39666
-3.39742
-3.39757
-3.39848
-3.39878
-3.39833
-3.39742
-3.39727
-3.39787
-3.39727
-3.39742
-3.39727
-3.39742
-3.39651
-3.39621
-3.3944
-3.39379
-3.39395
-3.39349
-3.39289
-3.39198
-3.39183
-3.39334
-3.39379
-3.39409
-3.39364
-3.39364
-3.39303
-3.39364
-3.3947
-3.39455
-3.39425
-3.39485
-3.39591
-3.39485
-3.3944
-3.39409
-3.39485
-3.3956
-3.39591
-3.395
-3.3944
-3.39455
-3.39364
-3.39379
-3.39439
-3.39424
-3.39454
-3.39424
-3.395
-3.39591
-3.395
-3.39485
-3.39531
-3.39682
-3.39818
-3.39863
-3.39833
-3.39893
-3.39893
-3.39832
-3.39847
-3.39787
-3.39741
-3.39666
-3.39666
-3.39651
-3.39712
-3.39652
-3.39652
-3.39546
-3.39561
-3.39515
-3.39546
-3.395
-3.39546
-3.39546
-3.39561
-3.39546
-3.39591
-3.39652
-3.39607
-3.39576
-3.39727
-3.39697
-3.39606
-3.39546
-3.39485
-3.39516
-3.39516
-3.39485
-3.3947
-3.39395
-3.39334
-3.39334
-3.39334
-3.39289
-3.39334
-3.39364
-3.39274
-3.39319
-3.39243
-3.39334
-3.39425
-3.39379
-3.39425
-3.39455
-3.3938
-3.39319
-3.39258
-3.39198
-3.39047
-3.38941
-3.38956
-3.38926
-3.38971
-3.38972
-3.38972
-3.39047
-3.38972
-3.38911
-3.38881
-3.3888
-3.3891
-3.39016
-3.39032
-3.38956
-3.39062
-3.39047
-3.39077
-3.39182
-3.39228
-3.39107
-3.39122
-3.39108
-3.39153
-3.39214
-3.39274
-3.39213
-3.39122
-3.39198
-3.39228
-3.39198
-3.39183
-3.39273
-3.39243
-3.39303
-3.39318
-3.39107
-3.39122
-3.39092
-3.38986
-3.38926
-3.39002
-3.39047
-3.39047
-3.39077
-3.39047
-3.39092
-3.39107
-3.39017
-3.38987
-3.38926
-3.38987
-3.38987
-3.39017
-3.39017
-3.39077
-3.39092
-3.39017
-3.39092
-3.39062
-3.38986
-3.39047
-3.39032
-3.39153
-3.39107
-3.39107
-3.39092
-3.39092
-3.39153
-3.39153
-3.39107
-3.39198
-3.39183
-3.39093
-3.39002
-3.39002
-3.39032
-3.39062
-3.39153
-3.38941
-3.38851
-3.38926
-3.39002
-3.38926
-3.38835
-3.38835
-3.38881
-3.38881
-3.38941
-3.38941
-3.39077
-3.39047
-3.38986
-3.38866
-3.38881
-3.38835
-3.38941
-3.38926
-3.38881
-3.39032
-3.39123
-3.39183
-3.39259
-3.39243
-3.39168
-3.39213
-3.39228
-3.39183
-3.39243
-3.39273
-3.39243
-3.39333
-3.39379
-3.39379
-3.39409
-3.3941
-3.39228
-3.39228
-3.39349
-3.39485
-3.39409
-3.39243
-3.39228
-3.39182
-3.39152
-3.39092
-3.39092
-3.39107
-3.39137
-3.39001
-3.39001
-3.39017
-3.38956
-3.38881
-3.38956
-3.38911
-3.38941
-3.39061
-3.39107
-3.39047
-3.39122
-3.39107
-3.39153
-3.39092
-3.39138
-3.39137
-3.39379
-3.39363
-3.39379
-3.39394
-3.39379
-3.39379
-3.3944
-3.39394
-3.39379
-3.39303
-3.39228
-3.39213
-3.39092
-3.39062
-3.39077
-3.39228
-3.39212
-3.39212
-3.39167
-3.39258
-3.39243
-3.39228
-3.39122
-3.39137
-3.39167
-3.39257
-3.39272
-3.39136
-3.39107
-3.39031
-3.39001
-3.39032
-3.39032
-3.38987
-3.39153
-3.39182
-3.39243
-3.39152
-3.39152
-3.39122
-3.39197
-3.39258
-3.39228
-3.39273
-3.39198
-3.39183
-3.39107
-3.39197
-3.39091
-3.39106
-3.39106
-3.39091
-3.39106
-3.39031
-3.3894
-3.3888
-3.38865
-3.38926
-3.38941
-3.3888
-3.3888
-3.38926
-3.39016
-3.38971
-3.39031
-3.38926
-3.38941
-3.38805
-3.38835
-3.3882
-3.3882
-3.38941
-3.38911
-3.38866
-3.38941
-3.38911
-3.39047
-3.39032
-3.39002
-3.39062
-3.39047
-3.39032
-3.39032
-3.38956
-3.38896
-3.39062
-3.39061
-3.39077
-3.39077
-3.39213
-3.39258
-3.39228
-3.39274
-3.39274
-3.39289
-3.39213
-3.39153
-3.39123
-3.39198
-3.39152
-3.39152
-3.39152
-3.39076
-3.39107
-3.39138
-3.39123
-3.39168
-3.39107
-3.39092
-3.39107
-3.39092
-3.39137
-3.39122
-3.39076
-3.39167
-3.39198
-3.39243
-3.39258
-3.39273
-3.39213
-3.39273
-3.39333
-3.39454
-3.395
-3.39515
-3.39515
-3.3959
-3.39575
-3.39485
-3.39455
-3.39379
-3.3947
-3.39621
-3.39606
-3.39697
-3.39727
-3.39742
-3.39787
-3.39757
-3.39697
-3.39636
-3.39636
-3.39666
-3.39606
-3.39696
-3.39651
-3.39742
-3.39727
-3.39742
-3.39697
-3.39757
-3.39682
-3.39637
-3.39667
-3.39743
-3.39757
-3.39772
-3.39878
-3.39848
-3.39833
-3.39894
-3.39908
-3.39968
-3.39953
-3.39983
-3.39953
-3.39954
-3.40105
-3.4003
-3.40015
-3.39954
-3.4
-3.4009
-3.4009
-3.40075
-3.4009
-3.39953
-3.39893
-3.39999
-3.39924
-3.4003
-3.39954
-3.39969
-3.39848
-3.39833
-3.39864
-3.39818
-3.39758
-3.39742
-3.39727
-3.39682
-3.39622
-3.39531
-3.39516
-3.39561
-3.39576
-3.39455
-3.39485
-3.39425
-3.3947
-3.39455
-3.39425
-3.39561
-3.39561
-3.39576
-3.39652
-3.39621
-3.39637
-3.39667
-3.39561
-3.3947
-3.39531
-3.39531
-3.39471
-3.39395
-3.3944
-3.39229
-3.39198
-3.39093
-3.39123
-3.39108
-3.39138
-3.39274
-3.39184
-3.39229
-3.39229
-3.39244
-3.39229
-3.39214
-3.39153
-3.39168
-3.39168
-3.39229
-3.39138
-3.39199
-3.39259
-3.39244
-3.39304
-3.39304
-3.39304
-3.39334
-3.39334
-3.3941
-3.39365
-3.3935
-3.39365
-3.39365
-3.39425
-3.3944
-3.39485
-3.39576
-3.39561
-3.39561
-3.39591
-3.39531
-3.39486
-3.39304
-3.39425
-3.3944
-3.3944
-3.3938
-3.3947
-3.39365
-3.39289
-3.39319
-3.39365
-3.3944
-3.39304
-3.39168
-3.39153
-3.39183
-3.39152
-3.39107
-3.39123
-3.39032
-3.39032
-3.39002
-3.39077
-3.39153
-3.39138
-3.39138
-3.39138
-3.39183
-3.39244
-3.39198
-3.39229
-3.39228
-3.39198
-3.39259
-3.39228
-3.39183
-3.39304
-3.39258
-3.39198
-3.39198
-3.39288
-3.39273
-3.39288
-3.39228
-3.39153
-3.39108
-3.39002
-3.39078
-3.39138
-3.39214
-3.39168
-3.39183
-3.39168
-3.39259
-3.39349
-3.39334
-3.39259
-3.39304
-3.39274
-3.3935
-3.39289
-3.39183
-3.39198
-3.39138
-3.39153
-3.39002
-3.39048
-3.38972
-3.38957
-3.38972
-3.39017
-3.39002
-3.39062
-3.39017
-3.39122
-3.39138
-3.39107
-3.39062
-3.39123
-3.39153
-3.39199
-3.39153
-3.39184
-3.39169
-3.39259
-3.39168
-3.39123
-3.39152
-3.39152
-3.39107
-3.39122
-3.38987
-3.38881
-3.38911
-3.38957
-3.38987
-3.38957
-3.39017
-3.39122
-3.39077
-3.39138
-3.39153
-3.39032
-3.39002
-3.38987
-3.39077
-3.39137
-3.39092
-3.39077
-3.39047
-3.39062
-3.39047
-3.39093
-3.39062
-3.38941
-3.39017
-3.39047
-3.39017
-3.38926
-3.38836
-3.38806
-3.38806
-3.38805
-3.3876
-3.38805
-3.38774
-3.38759
-3.3879
-3.38775
-3.38866
-3.38881
-3.38927
-3.39017
-3.39138
-3.39078
-3.39092
-3.39032
-3.39001
-3.39092
-3.39092
-3.39047
-3.39047
-3.39092
-3.39168
-3.39137
-3.39001
-3.39047
-3.39198
-3.39213
-3.39183
-3.39183
-3.39168
-3.39138
-3.39153
-3.39093
-3.39138
-3.39062
-3.39107
-3.39107
-3.39092
-3.39168
-3.39213
-3.39153
-3.39123
-3.39244
-3.39395
-3.3947
-3.39455
-3.39455
-3.39561
-3.39546
-3.39365
-3.39214
-3.39229
-3.39274
-3.3938
-3.3938
-3.39259
-3.39198
-3.39274
-3.39349
-3.3944
-3.395
-3.39516
-3.39516
-3.39576
-3.39591
-3.39561
-3.39576
-3.39607
-3.39592
-3.39653
-3.39683
-3.39653
-3.39622
-3.39727
-3.39651
-3.3959
-3.3956
-3.39546
-3.39576
-3.39607
-3.39501
-3.39441
-3.39395
-3.39349
-3.39259
-3.39244
-3.39214
-3.39289
-3.3935
-3.39274
-3.39259
-3.3935
-3.3938
-3.3935
-3.39425
-3.39455
-3.3947
-3.39394
-3.39304
-3.39319
-3.39259
-3.39274
-3.39304
-3.39319
-3.39304
-3.39138
-3.39138
-3.39153
-3.39289
-3.39334
-3.39364
-3.39319
-3.39289
-3.39199
-3.39138
-3.39168
-3.39304
-3.39259
-3.39244
-3.39289
-3.39244
-3.39228
-3.39123
-3.39107
-3.39198
-3.39213
-3.39153
-3.39229
-3.39244
-3.39214
-3.39274
-3.39289
-3.39349
-3.39395
-3.39485
-3.39395
-3.39319
-3.39244
-3.39259
-3.39365
-3.39365
-3.3941
-3.39425
-3.3941
-3.3938
-3.3938
-3.39379
-3.3941
-3.39455
-3.3941
-3.39334
-3.39229
-3.39259
-3.39259
-3.39259
-3.39289
-3.39394
-3.3944
-3.39319
-3.39395
-3.39486
-3.39501
-3.39365
-3.39244
-3.39184
-3.39229
-3.39229
-3.39289
-3.39349
-3.39334
-3.39349
-3.39289
-3.39228
-3.39183
-3.39183
-3.39183
-3.39168
-3.39199
-3.39169
-3.39169
-3.39153
-3.39017
-3.39092
-3.39108
-3.39259
-3.3935
-3.3938
-3.3935
-3.3941
-3.3944
-3.39349
-3.39319
-3.39289
-3.39364
-3.39274
-3.39229
-3.39184
-3.39229
-3.39199
-3.39245
-3.39305
-3.39335
-3.39274
-3.39334
-3.39334
-3.39349
-3.39319
-3.39184
-3.39215
-3.392
-3.39305
-3.39229
-3.39213
-3.39198
-3.39108
-3.39139
-3.39229
-3.39154
-3.39244
-3.3938
-3.39335
-3.39411
-3.39456
-3.39456
-3.3938
-3.39335
-3.39274
-3.39274
-3.3941
-3.39471
-3.39441
-3.39411
-3.39411
-3.39471
-3.39441
-3.39486
-3.3938
-3.39561
-3.39516
-3.39531
-3.39486
-3.3941
-3.39395
-3.39441
-3.39396
-3.39456
-3.39441
-3.39396
-3.39396
-3.39381
-3.39411
-3.39395
-3.3941
-3.39365
-3.39365
-3.39259
-3.39244
-3.39259
-3.3935
-3.39395
-3.39365
-3.39395
-3.39365
-3.39244
-3.39274
-3.39335
-3.39395
-3.39396
-3.39471
-3.39502
-3.39517
-3.39471
-3.39532
-3.3941
-3.39456
-3.3941
-3.3947
-3.3944
-3.3941
-3.39425
-3.39441
-3.39456
-3.39441
-3.39456
-3.3935
-3.39335
-3.39244
-3.39259
-3.39289
-3.39365
-3.3938
-3.39486
-3.39501
-3.39532
-3.39562
-3.39546
-3.39486
-3.3944
-3.39335
-3.39395
-3.39441
-3.39456
-3.39426
-3.39396
-3.39396
-3.39486
-3.39561
-3.39606
-3.39727
-3.39712
-3.39667
-3.39637
-3.39486
-3.39471
-3.39471
-3.39411
-3.39456
-3.39411
-3.39365
-3.39365
-3.3932
-3.39396
-3.39426
-3.39381
-3.39426
-3.39441
-3.39441
-3.39516
-3.39471
-3.39501
-3.39577
-3.39562
-3.39502
-3.39471
-3.39441
-3.39381
-3.39396
-3.39366
-3.39276
-3.39306
-3.39366
-3.39335
-3.3929
-3.3935
-3.3932
-3.39184
-3.3923
-3.39275
-3.39199
-3.39154
-3.39139
-3.39124
-3.39078
-3.39064
-3.39155
-3.3914
-3.3917
-3.39139
-3.392
-3.3923
-3.39169
-3.39079
-3.39064
-3.39079
-3.39109
-3.39033
-3.39109
-3.39064
-3.39109
-3.39019
-3.38989
-3.39049
-3.39064
-3.38988
-3.38988
-3.39078
-3.39169
-3.39169
-3.39229
-3.3938
-3.39396
-3.39426
-3.39471
-3.39532
-3.39517
-3.39593
-3.39608
-3.39487
-3.39456
-3.39562
-3.39531
-3.39531
-3.39441
-3.39275
-3.3926
-3.39184
-3.392
-3.392
-3.39094
-3.39215
-3.39169
-3.39154
-3.39215
-3.39245
-3.39215
-3.39184
-3.39154
-3.39214
-3.39199
-3.3929
-3.39305
-3.39275
-3.39457
-3.39442
-3.39472
-3.39366
-3.39366
-3.39305
-3.39275
-3.39335
-3.3923
-3.39214
-3.3923
-3.39366
-3.39336
-3.39366
-3.39396
-3.3929
-3.39245
-3.392
-3.39245
-3.3914
-3.392
-3.39216
-3.3914
-3.39034
-3.39095
-3.39109
-3.39049
-3.39109
-3.39124
-3.39079
-3.38988
-3.38913
-3.38943
-3.38852
-3.38807
-3.38822
-3.38762
-3.38838
-3.38838
-3.38853
-3.38837
-3.38913
-3.38973
-3.38973
-3.38958
-3.38912
-3.38852
-3.38777
-3.38807
-3.38822
-3.38913
-3.38898
-3.38928
-3.38913
-3.38867
-3.38852
-3.38898
-3.38852
-3.38943
-3.38928
-3.38867
-3.38731
-3.38746
-3.38822
-3.38867
-3.38806
-3.38776
-3.38655
-3.38686
-3.38656
-3.38686
-3.38777
-3.38762
-3.38687
-3.38747
-3.38852
-3.38776
-3.38806
-3.38791
-3.38852
-3.38912
-3.38821
-3.38836
-3.38821
-3.38837
-3.38731
-3.38716
-3.38746
-3.38716
-3.38776
-3.38912
-3.38806
-3.38761
-3.38776
-3.38852
-3.38898
-3.38898
-3.38852
-3.38837
-3.38716
-3.3867
-3.38655
-3.38565
-3.38565
-3.3864
-3.38731
-3.38655
-3.38625
-3.387
-3.387
-3.387
-3.3864
-3.3867
-3.38731
-3.38746
-3.38716
-3.38731
-3.38746
-3.38731
-3.38852
-3.38761
-3.38882
-3.38852
-3.38882
-3.38776
-3.38821
-3.38866
-3.38926
-3.38972
-3.38987
-3.39003
-3.39078
-3.39139
-3.39199
-3.39214
-3.39123
-3.39062
-3.39047
-3.38986
-3.39032
-3.39048
-3.39109
-3.39094
-3.39124
-3.39049
-3.39079
-3.39154
-3.39033
-3.39047
-3.39153
-3.39017
-3.38911
-3.38957
-3.38972
-3.39033
-3.38957
-3.38988
-3.38942
-3.38882
-3.38852
-3.38957
-3.38942
-3.39018
-3.39018
-3.38942
-3.39048
-3.39018
-3.39093
-3.39002
-3.39093
-3.39108
-3.39093
-3.39154
-3.39154
-3.39305
-3.39335
-3.39305
-3.3938
-3.39395
-3.39334
-3.39334
-3.3941
-3.39426
-3.39381
-3.39441
-3.39411
-3.39396
-3.39411
-3.39321
-3.3926
-3.39229
-3.39139
-3.39154
-3.39063
-3.39123
-3.39184
-3.39138
-3.39093
-3.39123
-3.39093
-3.39003
-3.39003
-3.39018
-3.39003
-3.39048
-3.39109
-3.39244
-3.39305
-3.39229
-3.39169
-3.39123
-3.39108
-3.39078
-3.39063
-3.39109
-3.3923
-3.39169
-3.39169
-3.39184
-3.39169
-3.39214
-3.39018
-3.38972
-3.38927
-3.38957
-3.38988
-3.38806
-3.38791
-3.38685
-3.38791
-3.38821
-3.38882
-3.38836
-3.38837
-3.38852
-3.38897
-3.38837
-3.38897
-3.38942
-3.39063
-3.39048
-3.39017
-3.39047
-3.39093
-3.39062
-3.38987
-3.38942
-3.38973
-3.38988
-3.38988
-3.38988
-3.38973
-3.38973
-3.38973
-3.39003
-3.38957
-3.39018
-3.39063
-3.39078
-3.39033
-3.39003
-3.38882
-3.38927
-3.38897
-3.39033
-3.39033
-3.39093
-3.39063
-3.39017
-3.39062
-3.39078
-3.39093
-3.39108
-3.39123
-3.39199
-3.39214
-3.39124
-3.39124
-3.39169
-3.3929
-3.3929
-3.3932
-3.3932
-3.39289
-3.39229
-3.39334
-3.39349
-3.39259
-3.39198
-3.39153
-3.39093
-3.39078
-3.39108
-3.39184
-3.39229
-3.3932
-3.3938
-3.39456
-3.39486
-3.39517
-3.39683
-3.39789
-3.39728
-3.39773
-3.39667
-3.39682
-3.39667
-3.39652
-3.39606
-3.39606
-3.39622
-3.39697
-3.39697
-3.39652
-3.39682
-3.39697
-3.39622
-3.39546
-3.39591
-3.39485
-3.39425
-3.39516
-3.39485
-3.39425
-3.39425
-3.39304
-3.3932
-3.39319
-3.39335
-3.3944
-3.39395
-3.39334
-3.39274
-3.39274
-3.39138
-3.39063
-3.39063
-3.39109
-3.39184
-3.39139
-3.39033
-3.38988
-3.38957
-3.38897
-3.38942
-3.38881
-3.38866
-3.38866
-3.38836
-3.38866
-3.38836
-3.38851
-3.38821
-3.38912
-3.38957
-3.38897
-3.38942
-3.39048
-3.39063
-3.39063
-3.39078
-3.39244
-3.3929
-3.3926
-3.39229
-3.3932
-3.39259
-3.39214
-3.39138
-3.39138
-3.39169
-3.39184
-3.39109
-3.39139
-3.39169
-3.39244
-3.39214
-3.39199
-3.39123
-3.39169
-3.39199
-3.39289
-3.39304
-3.39304
-3.39319
-3.39274
-3.3935
-3.39395
-3.39274
-3.39169
-3.39153
-3.39078
-3.39169
-3.39169
-3.39184
-3.39169
-3.39199
-3.3932
-3.39184
-3.39183
-3.39138
-3.39198
-3.39289
-3.39274
-3.39183
-3.39199
-3.39078
-3.39033
-3.38972
-3.38987
-3.39063
-3.39063
-3.39078
-3.39138
-3.39274
-3.39244
-3.39214
-3.39198
-3.39274
-3.39183
-3.39168
-3.39153
-3.39198
-3.39214
-3.39214
-3.39199
-3.39274
-3.39274
-3.39259
-3.3929
-3.3935
-3.39229
-3.39169
-3.39153
-3.39228
-3.39304
-3.3944
-3.3941
-3.39456
-3.39516
-3.39577
-3.39546
-3.39576
-3.39516
-3.39425
-3.3944
-3.39365
-3.39365
-3.39441
-3.39441
-3.39365
-3.3938
-3.3935
-3.39471
-3.39471
-3.39381
-3.39426
-3.39395
-3.39349
-3.39243
-3.39243
-3.39289
-3.39169
-3.39093
-3.39003
-3.39033
-3.39048
-3.39063
-3.38957
-3.38987
-3.38972
-3.38927
-3.38896
-3.39002
-3.38987
-3.38972
-3.38987
-3.39032
-3.38912
-3.38957
-3.38942
-3.39017
-3.39017
-3.39032
-3.39048
-3.39017
-3.39017
-3.39017
-3.39002
-3.38972
-3.38912
-3.38882
-3.39003
-3.39003
-3.38957
-3.38881
-3.3882
-3.38881
-3.38851
-3.38836
-3.38866
-3.38896
-3.38972
-3.39093
-3.39062
-3.39062
-3.39002
-3.39168
-3.39244
-3.39168
-3.39289
-3.39244
-3.39198
-3.39153
-3.39153
-3.39123
-3.39062
-3.39123
-3.39183
-3.39183
-3.39199
-3.39244
-3.3932
-3.39289
-3.39184
-3.39289
-3.39304
-3.3935
-3.3947
-3.39471
-3.39395
-3.39486
-3.3938
-3.39259
-3.39199
-3.39183
-3.39229
-3.39274
-3.39213
-3.39229
-3.39274
-3.39199
-3.3926
-3.39215
-3.3926
-3.39184
-3.39169
-3.39289
-3.39244
-3.39214
-3.39229
-3.39214
-3.39214
-3.39139
-3.39169
-3.39199
-3.39305
-3.39275
-3.3926
-3.39245
-3.3926
-3.39305
-3.39229
-3.39274
-3.39274
-3.39335
-3.39319
-3.39274
-3.39365
-3.39471
-3.39486
-3.39471
-3.39562
-3.39607
-3.39547
-3.39577
-3.39487
-3.39486
-3.39502
-3.39501
-3.39486
-3.39546
-3.39546
-3.39501
-3.3938
-3.39335
-3.39395
-3.39365
-3.39381
-3.39365
-3.39335
-3.39305
-3.39229
-3.39305
-3.39275
-3.39214
-3.39229
-3.39215
-3.3926
-3.39169
-3.39108
-3.39123
-3.39108
-3.39002
-3.39032
-3.39048
-3.39109
-3.39048
-3.39019
-3.39019
-3.38913
-3.38897
-3.38897
-3.38912
-3.38821
-3.38851
-3.38882
-3.39034
-3.39019
-3.39019
-3.39049
-3.39049
-3.39185
-3.39154
-3.39215
-3.39094
-3.39094
-3.39063
-3.39032
-3.39062
-3.39108
-3.39123
-3.39063
-3.39079
-3.3917
-3.39185
-3.39215
-3.39245
-3.39214
-3.39214
-3.3929
-3.39259
-3.39199
-3.39169
-3.39139
-3.39139
-3.39033
-3.39063
-3.39018
-3.38927
-3.38988
-3.38988
-3.39003
-3.38927
-3.38957
-3.38897
-3.38881
-3.38942
-3.38897
-3.38836
-3.38806
-3.38761
-3.38761
-3.38837
-3.38806
-3.38716
-3.38791
-3.38776
-3.38837
-3.38822
-3.38822
-3.38882
-3.38867
-3.38957
-3.38912
-3.38882
-3.38927
-3.39003
-3.38988
-3.39033
-3.39139
-3.39199
-3.39139
-3.39048
-3.38927
-3.39018
-3.39063
-3.39214
-3.39274
-3.39214
-3.39229
-3.39199
-3.39229
-3.392
-3.3914
-3.39124
-3.39139
-3.39154
-3.39154
-3.39138
-3.39123
-3.39138
-3.39168
-3.39229
-3.39229
-3.39274
-3.3941
-3.39531
-3.39607
-3.39683
-3.39759
-3.39653
-3.39683
-3.39638
-3.39562
-3.39501
-3.39455
-3.39485
-3.39486
-3.39547
-3.39577
-3.39547
-3.39501
-3.39607
-3.39728
-3.39652
-3.39592
-3.39592
-3.39547
-3.39471
-3.39441
-3.39396
-3.39396
-3.39502
-3.39411
-3.39305
-3.3926
-3.39214
-3.39214
-3.39199
-3.39244
-3.39184
-3.39138
-3.39168
-3.39305
-3.39138
-3.39169
-3.39033
-3.39003
-3.39048
-3.39003
-3.39018
-3.39078
-3.39017
-3.39078
-3.39078
-3.39048
-3.39048
-3.39033
-3.39048
-3.38958
-3.38867
-3.38897
-3.38912
-3.38942
-3.38911
-3.38987
-3.39107
-3.39002
-3.39063
-3.38942
-3.38897
-3.39048
-3.39003
-3.38958
-3.38973
-3.39002
-3.39002
-3.38911
-3.38896
-3.38987
-3.38987
-3.39033
-3.39048
-3.39048
-3.39048
-3.39048
-3.39063
-3.39093
-3.39093
-3.39108
-3.39214
-3.39214
-3.39184
-3.39169
-3.39184
-3.39169
-3.39109
-3.39154
-3.39139
-3.39184
-3.39184
-3.39123
-3.39153
-3.39123
-3.39093
-3.39018
-3.39063
-3.39154
-3.39063
-3.39108
-3.39154
-3.39199
-3.39214
-3.39214
-3.3929
-3.3935
-3.39441
-3.3941
-3.3941
-3.39455
-3.39516
-3.39516
-3.39349
-3.3944
-3.39364
-3.39259
-3.39334
-3.39349
-3.39455
-3.39394
-3.39394
-3.39379
-3.39304
-3.39213
-3.39138
-3.39168
-3.39213
-3.39183
-3.39153
-3.39062
-3.39062
-3.39047
-3.39001
-3.38926
-3.38941
-3.39047
-3.39123
-3.39229
-3.39259
-3.39229
-3.39213
-3.39153
-3.39258
-3.39243
-3.39273
-3.39167
-3.39213
-3.39183
-3.39167
-3.39122
-3.39092
-3.39032
-3.39108
-3.39078
-3.39108
-3.39153
-3.39183
-3.39153
-3.39123
-3.39093
-3.39092
-3.39092
-3.39092
-3.39153
-3.39213
-3.39334
-3.39364
-3.39349
-3.39258
-3.39334
-3.39364
-3.39364
-3.39304
-3.39243
-3.39319
-3.3944
-3.3941
-3.3941
-3.3941
-3.39395
-3.39395
-3.3938
-3.39334
-3.39334
-3.39379
-3.39379
-3.3941
-3.39304
-3.39334
-3.39274
-3.39229
-3.39199
-3.39229
-3.39243
-3.39349
-3.39335
-3.3932
-3.39274
-3.39305
-3.39214
-3.39168
-3.38987
-3.38957
-3.39017
-3.38956
-3.39108
-3.39123
-3.39153
-3.39244
-3.39305
-3.39305
-3.39305
-3.39229
-3.39183
-3.39213
-3.39228
-3.39138
-3.39108
-3.39123
-3.39123
-3.39108
-3.39032
-3.38987
-3.39093
-3.39138
-3.39078
-3.39138
-3.39139
-3.39199
-3.39184
-3.39305
-3.3932
-3.39335
-3.39304
-3.39229
-3.39198
-3.39303
-3.39273
-3.39228
-3.39138
-3.39123
-3.39214
-3.39214
-3.39245
-3.39244
-3.39274
-3.39258
-3.39228
-3.39213
-3.39319
-3.39274
-3.39168
-3.39274
-3.39259
-3.39274
-3.39199
-3.39093
-3.39047
-3.39017
-3.39062
-3.39062
-3.39076
-3.39122
-3.39183
-3.39183
-3.39199
-3.39259
-3.39153
-3.39153
-3.39183
-3.39213
-3.39168
-3.39153
-3.39138
-3.39153
-3.39198
-3.39168
-3.39077
-3.39047
-3.39001
-3.38926
-3.38926
-3.38896
-3.38911
-3.38941
-3.38942
-3.38957
-3.39002
-3.39047
-3.39093
-3.39123
-3.39138
-3.39198
-3.39304
-3.39243
-3.39349
-3.39424
-3.39409
-3.39439
-3.39364
-3.39424
-3.3944
-3.39349
-3.39319
-3.39289
-3.39364
-3.39334
-3.39244
-3.39304
-3.39243
-3.39304
-3.39198
-3.39153
-3.39107
-3.39137
-3.39152
-3.39107
-3.39092
-3.39032
-3.39107
-3.39138
-3.39259
-3.39304
-3.39334
-3.39289
-3.39334
-3.39304
-3.39289
-3.39244
-3.39214
-3.39198
-3.39259
-3.39107
-3.39168
-3.39107
-3.39122
-3.39092
-3.39032
-3.39077
-3.39047
-3.39078
-3.39093
-3.39062
-3.38971
-3.39047
-3.39183
-3.39243
-3.39198
-3.39213
-3.39214
-3.39153
-3.39183
-3.39229
-3.39319
-3.39425
-3.3944
-3.39364
-3.39349
-3.39334
-3.39334
-3.39379
-3.3938
-3.39516
-3.3941
-3.39455
-3.39485
-3.39485
-3.39469
-3.39394
-3.39348
-3.39258
-3.39198
-3.39213
-3.39259
-3.39289
-3.39229
-3.39259
-3.39244
-3.39228
-3.39153
-3.39122
-3.39183
-3.39152
-3.39258
-3.39228
-3.39258
-3.39122
-3.39107
-3.39198
-3.39198
-3.39077
-3.39092
-3.39138
-3.39153
-3.39032
-3.39092
-3.39047
-3.39123
-3.39047
-3.39107
-3.39167
-3.39228
-3.39182
-3.39197
-3.39273
-3.39273
-3.39273
-3.39258
-3.39138
-3.39138
-3.39017
-3.38956
-3.38926
-3.38956
-3.38911
-3.38835
-3.38865
-3.3888
-3.38941
-3.38941
-3.38941
-3.38956
-3.39062
-3.39047
-3.39031
-3.39092
-3.39092
-3.39077
-3.39062
-3.39077
-3.39122
-3.39077
-3.39138
-3.39108
-3.39168
-3.39123
-3.39062
-3.39062
-3.39017
-3.39092
-3.39107
-3.39182
-3.39046
-3.39076
-3.39077
-3.38956
-3.38896
-3.38926
-3.38941
-3.38926
-3.38896
-3.38911
-3.38971
-3.38987
-3.38987
-3.38941
-3.38941
-3.38941
-3.38941
-3.39001
-3.3885
-3.38835
-3.38911
-3.38986
-3.39016
-3.39047
-3.39122
-3.39092
-3.39137
-3.39183
-3.39092
-3.39137
-3.39198
-3.39137
-3.39243
-3.39364
-3.39349
-3.39394
-3.39454
-3.3947
-3.39409
-3.39379
-3.39349
-3.39274
-3.39258
-3.39273
-3.39258
-3.39273
-3.39243
-3.39303
-3.39198
-3.39183
-3.39183
-3.39425
-3.39455
-3.39394
-3.39303
-3.39303
-3.39242
-3.39242
-3.39303
-3.39348
-3.39318
-3.39303
-3.39303
-3.39318
-3.39349
-3.39334
-3.39318
-3.39288
-3.39318
-3.39333
-3.39424
-3.39212
-3.39137
-3.39106
-3.39046
-3.39016
-3.39001
-3.39046
-3.39092
-3.39107
-3.39213
-3.39273
-3.39288
-3.39213
-3.39273
-3.39242
-3.39227
-3.39257
-3.39227
-3.39227
-3.39348
-3.39424
-3.39409
-3.39439
-3.39424
-3.39485
-3.39409
-3.39454
-3.39379
-3.39364
-3.39409
-3.39334
-3.39349
-3.39243
-3.39288
-3.39303
-3.39333
-3.39333
-3.39363
-3.39333
-3.39378
-3.39348
-3.39378
-3.39303
-3.39303
-3.39349
-3.39409
-3.39424
-3.39439
-3.39605
-3.39469
-3.39379
-3.39318
-3.39409
-3.3947
-3.395
-3.3953
-3.3953
-3.39515
-3.39651
-3.39726
-3.39696
-3.39711
-3.39681
-3.39711
-3.39757
-3.39772
-3.39772
-3.39742
-3.39817
-3.39757
-3.39696
-3.39757
-3.39741
-3.39696
-3.39681
-3.39591
-3.39666
-3.39681
-3.39742
-3.39666
-3.39727
-3.39651
-3.39681
-3.39651
-3.39575
-3.3953
-3.39485
-3.39409
-3.39394
-3.39319
-3.39334
-3.39289
-3.39243
-3.39258
-3.39318
-3.39288
-3.39394
-3.39273
-3.39303
-3.39304
-3.39273
-3.39213
-3.39213
-3.39168
-3.39183
-3.39107
-3.39258
-3.39243
-3.39198
-3.39152
-3.39062
-3.38971
-3.39122
-3.39122
-3.39092
-3.39137
-3.39032
-3.39137
-3.39062
-3.38971
-3.39016
-3.38941
-3.39031
-3.39047
-3.39077
-3.38987
-3.39092
-3.39002
-3.39016
-3.39001
-3.39076
-3.39077
-3.39107
-3.39168
-3.39153
-3.39153
-3.39244
-3.39244
-3.39228
-3.39258
-3.39318
-3.39167
-3.39318
-3.39409
-3.3953
-3.3956
-3.39605
-3.395
-3.39454
-3.39515
-3.395
-3.39515
-3.3944
-3.39364
-3.39243
-3.39288
-3.39258
-3.39379
-3.39334
-3.39364
-3.39334
-3.39364
-3.39349
-3.39409
-3.39319
-3.39395
-3.39455
-3.39485
-3.39515
-3.395
-3.395
-3.39621
-3.39621
-3.3956
-3.39651
-3.39711
-3.39636
-3.39726
-3.39636
-3.39666
-3.39681
-3.39591
-3.39606
-3.39576
-3.39576
-3.39546
-3.39515
-3.3953
-3.39455
-3.39439
-3.39379
-3.39303
-3.39364
-3.39334
-3.39349
-3.39258
-3.39228
-3.39319
-3.39319
-3.39288
-3.39288
-3.39213
-3.39289
-3.39198
-3.39273
-3.39288
-3.39228
-3.39198
-3.39153
-3.39183
-3.39092
-3.39107
-3.39061
-3.38985
-3.39031
-3.39107
-3.39092
-3.39153
-3.39107
-3.39107
-3.39107
-3.39107
-3.39092
-3.39182
-3.39107
-3.39092
-3.39077
-3.39031
-3.39016
-3.39016
-3.39016
-3.39016
-3.38925
-3.3891
-3.39016
-3.39032
-3.38941
-3.38866
-3.38866
-3.38865
-3.38835
-3.38835
-3.38925
-3.3888
-3.39031
-3.39031
-3.39107
-3.39016
-3.38956
-3.39077
-3.39031
-3.39016
-3.39061
-3.39076
-3.39152
-3.39168
-3.39228
-3.39409
-3.395
-3.3956
-3.39575
-3.39469
-3.39409
-3.39425
-3.39455
-3.39379
-3.395
-3.395
-3.395
-3.39455
-3.39379
-3.39288
-3.39318
-3.39379
-3.39455
-3.39425
-3.3941
-3.39455
-3.39439
-3.39394
-3.39425
-3.39349
-3.3944
-3.39395
-3.39289
-3.39319
-3.39319
-3.39394
-3.39258
-3.39258
-3.39289
-3.39289
-3.39365
-3.39349
-3.39334
-3.39289
-3.39228
-3.39334
-3.39273
-3.39198
-3.39228
-3.39213
-3.39274
-3.39259
-3.39259
-3.39289
-3.39258
-3.39334
-3.39304
-3.39319
-3.39334
-3.39364
-3.39304
-3.39409
-3.39485
-3.39515
-3.3947
-3.39485
-3.39425
-3.39485
-3.39485
-3.39424
-3.39394
-3.39409
-3.39303
-3.39273
-3.39137
-3.39107
-3.39092
-3.39152
-3.39182
-3.39198
-3.39198
-3.39183
-3.39077
-3.39228
-3.39258
-3.39213
-3.39198
-3.39228
-3.39258
-3.39318
-3.39227
-3.39228
-3.39152
-3.39122
-3.39197
-3.39213
-3.39258
-3.39122
-3.39077
-3.39107
-3.39182
-3.39212
-3.39197
-3.39197
-3.39122
-3.39031
-3.39016
-3.39152
-3.39228
-3.39258
-3.39348
-3.39379
-3.39349
-3.39303
-3.39288
-3.39349
-3.39319
-3.39334
-3.39439
-3.39348
-3.39242
-3.39303
-3.39303
-3.39318
-3.39318
-3.39288
-3.39182
-3.39227
-3.39288
-3.39348
-3.39257
-3.39273
-3.39258
-3.39212
-3.39167
-3.39122
-3.39107
-3.39273
-3.39303
-3.39318
-3.39288
-3.39257
-3.39273
-3.39227
-3.39152
-3.39242
-3.39348
-3.39363
-3.39363
-3.39287
-3.39287
-3.39287
-3.39318
-3.39333
-3.39303
-3.39258
-3.39364
-3.39409
-3.39409
-3.39273
-3.39137
-3.39167
-3.39227
-3.39212
-3.39152
-3.39318
-3.39408
-3.39318
-3.39212
-3.39167
-3.39167
-3.39303
-3.39303
-3.39228
-3.39258
-3.39363
-3.39378
-3.39378
-3.39559
-3.39574
-3.39454
-3.39484
-3.39545
-3.395
-3.3953
-3.39469
-3.39439
-3.39288
-3.39348
-3.39409
-3.39439
-3.39378
-3.39258
-3.39288
-3.39333
-3.39318
-3.39258
-3.39213
-3.39167
-3.39197
-3.39136
-3.39076
-3.39046
-3.39121
-3.39182
-3.39167
-3.39182
-3.39243
-3.39197
-3.39122
-3.39076
-3.39136
-3.39151
-3.39167
-3.39152
-3.39001
-3.39122
-3.39167
-3.39182
-3.39076
-3.39031
-3.39031
-3.39106
-3.39061
-3.39091
-3.39151
-3.39151
-3.39151
-3.39257
-3.39197
-3.39272
-3.39181
-3.39106
-3.39136
-3.39136
-3.39167
-3.39197
-3.39152
-3.39167
-3.39167
-3.39122
-3.39152
-3.39122
-3.39061
-3.39136
-3.39227
-3.39211
-3.39121
-3.39106
-3.39091
-3.39091
-3.39197
-3.39228
-3.39167
-3.39182
-3.39152
-3.39213
-3.39197
-3.39137
-3.39167
-3.39212
-3.39121
-3.39106
-3.39212
-3.39031
-3.38925
-3.3894
-3.3891
-3.39016
-3.3897
-3.39031
-3.39137
-3.39137
-3.39152
-3.39152
-3.39092
-3.39001
-3.3885
-3.3891
-3.38955
-3.38955
-3.38925
-3.3894
-3.39016
-3.39031
-3.39076
-3.39121
-3.39257
-3.39287
-3.39333
-3.39273
-3.39137
-3.39288
-3.39303
-3.39318
-3.39303
-3.39228
-3.39333
-3.39363
-3.39227
-3.39212
-3.39167
-3.39242
-3.39182
-3.39212
-3.39152
-3.39197
-3.39257
-3.39227
-3.39211
-3.39257
-3.39363
-3.39302
-3.39348
-3.39439
-3.39333
-3.39333
-3.39424
-3.39409
-3.39469
-3.39454
-3.39454
-3.39408
-3.39348
-3.39363
-3.39333
-3.39454
-3.39393
-3.39272
-3.39378
-3.39423
-3.39484
-3.39408
-3.39423
-3.39453
-3.39454
-3.39514
-3.3953
-3.39454
-3.39545
-3.39544
-3.39453
-3.39543
-3.39528
-3.39483
-3.39498
-3.39498
-3.39438
-3.39393
-3.39378
-3.39393
-3.39408
-3.39393
-3.39317
-3.39362
-3.39407
-3.39468
-3.39468
-3.39468
-3.39528
-3.39362
-3.39272
-3.39332
-3.39257
-3.39272
-3.39272
-3.39287
-3.39317
-3.39332
-3.39286
-3.39332
-3.39226
-3.39331
-3.39347
-3.39301
-3.39302
-3.39272
-3.39302
-3.39287
-3.39227
-3.39242
-3.39257
-3.39272
-3.39287
-3.39332
-3.39438
-3.39453
-3.39362
-3.39332
-3.39271
-3.39226
-3.39242
-3.39257
-3.39317
-3.39423
-3.39317
-3.39272
-3.39241
-3.39181
-3.39075
-3.39211
-3.39272
-3.39302
-3.39257
-3.39363
-3.39393
-3.39408
-3.39347
-3.39181
-3.39241
-3.39196
-3.39151
-3.39227
-3.39181
-3.39181
-3.39181
-3.39121
-3.39166
-3.39196
-3.39211
-3.39332
-3.39392
-3.39392
-3.39347
-3.39423
-3.39483
-3.39393
-3.39347
-3.39317
-3.39393
-3.39317
-3.39347
-3.39332
-3.39468
-3.39468
-3.39499
-3.39499
-3.39469
-3.39423
-3.39468
-3.39423
-3.39378
-3.39438
-3.39332
-3.39333
-3.39333
-3.39303
-3.39393
-3.39332
-3.39377
-3.39392
-3.39423
-3.39468
-3.39453
-3.39483
-3.39423
-3.39408
-3.39468
-3.39468
-3.39453
-3.39438
-3.39499
-3.39604
-3.3968
-3.3965
-3.3965
-3.39529
-3.39514
-3.39514
-3.39513
-3.39483
-3.39544
-3.39589
-3.39589
-3.39514
-3.39529
-3.39513
-3.39453
-3.39438
-3.39407
-3.39377
-3.39286
-3.39302
-3.39287
-3.39377
-3.39363
-3.39378
-3.39363
-3.39453
-3.39483
-3.39483
-3.39498
-3.39514
-3.39619
-3.39665
-3.39786
-3.3971
-3.3971
-3.39801
-3.39936
-3.40012
-3.39981
-3.39997
-3.40118
-3.40148
-3.40148
-3.40163
-3.40103
-3.40118
-3.40042
-3.40042
-3.40027
-3.40027
-3.39967
-3.39967
-3.39982
-3.39906
-3.39846
-3.3977
-3.39664
-3.39709
-3.39604
-3.39513
-3.39513
-3.39544
-3.39529
-3.39604
-3.3962
-3.3962
-3.3962
-3.39604
-3.3965
-3.39665
-3.39649
-3.39649
-3.39648
-3.39588
-3.39408
-3.39363
-3.39347
-3.39392
-3.39453
-3.39407
-3.39347
-3.39468
-3.39438
-3.39438
-3.39452
-3.39452
-3.39498
-3.39483
-3.39589
-3.39619
-3.3968
-3.3971
-3.3974
-3.39815
-3.39785
-3.39815
-3.39891
-3.398
-3.39906
-3.39861
-3.39816
-3.39816
-3.39725
-3.39679
-3.39785
-3.39845
-3.3983
-3.398
-3.39951
-3.39997
-3.40027
-3.39952
-3.39891
-3.39846
-3.39785
-3.39694
-3.39574
-3.39604
-3.3965
-3.3974
-3.39589
-3.39634
-3.39634
-3.39589
-3.39544
-3.39514
-3.39574
-3.39544
-3.39544
-3.39589
-3.39528
-3.39543
-3.39483
-3.39513
-3.39452
-3.39468
-3.39589
-3.39634
-3.39604
-3.39559
-3.39589
-3.39529
-3.39423
-3.39438
-3.39287
-3.39256
-3.39286
-3.39166
-3.39256
-3.39226
-3.39286
-3.39286
-3.39211
-3.39135
-3.39151
-3.39226
-3.39226
-3.39196
-3.39272
-3.39393
-3.39423
-3.39408
-3.39347
-3.39377
-3.39347
-3.39271
-3.39256
-3.39226
-3.39301
-3.39347
-3.39256
-3.3915
-3.39226
-3.39317
-3.39301
-3.39302
-3.39332
-3.39378
-3.39363
-3.39363
-3.39302
-3.39287
-3.39393
-3.39483
-3.39468
-3.39423
-3.39422
-3.39438
-3.39438
-3.39422
-3.39437
-3.39528
-3.39483
-3.39392
-3.39423
-3.39317
-3.39392
-3.39332
-3.39272
-3.39166
-3.39136
-3.39045
-3.3903
-3.3903
-3.39076
-3.3909
-3.39181
-3.39377
-3.39377
-3.39377
-3.39286
-3.39256
-3.39271
-3.3909
-3.3906
-3.3906
-3.39045
-3.39075
-3.3906
-3.38954
-3.38924
-3.38909
-3.39
-3.3909
-3.39121
-3.39075
-3.3909
-3.3906
-3.39075
-3.39075
-3.39015
-3.39121
-3.39121
-3.39226
-3.39256
-3.39256
-3.39317
-3.39347
-3.39211
-3.39257
-3.39211
-3.39257
-3.39136
-3.39121
-3.39197
-3.39227
-3.39166
-3.3912
-3.39135
-3.39226
-3.39165
-3.39226
-3.39256
-3.39317
-3.39272
-3.39257
-3.39241
-3.39241
-3.39257
-3.39302
-3.39226
-3.39256
-3.39317
-3.39377
-3.39302
-3.39483
-3.39438
-3.39468
-3.39498
-3.39468
-3.39392
-3.39302
-3.39362
-3.39392
-3.39347
-3.39392
-3.39407
-3.39407
-3.39392
-3.39362
-3.39211
-3.39257
-3.39226
-3.39196
-3.39181
-3.39226
-3.39241
-3.39271
-3.39195
-3.3912
-3.3909
-3.39105
-3.39
-3.39015
-3.38955
-3.38985
-3.38834
-3.38879
-3.38773
-3.38788
-3.38803
-3.38622
-3.38698
-3.38728
-3.38682
-3.38712
-3.38652
-3.38667
-3.38652
-3.38698
-3.38683
-3.38713
-3.38668
-3.38758
-3.38758
-3.38728
-3.38713
-3.38682
-3.38667
-3.38622
-3.38728
-3.38667
-3.38607
-3.38713
-3.38774
-3.38804
-3.38804
-3.38804
-3.38743
-3.38728
-3.38773
-3.38803
-3.38848
-3.38863
-3.38939
-3.38985
-3.38985
-3.38939
-3.38954
-3.38969
-3.38939
-3.38924
-3.38894
-3.38848
-3.38803
-3.38954
-3.38894
-3.38939
-3.39
-3.39
-3.38909
-3.38879
-3.38879
-3.38773
-3.38818
-3.38667
-3.38667
-3.38637
-3.38713
-3.38667
-3.38652
-3.38652
-3.38577
-3.38501
-3.38576
-3.38607
-3.38712
-3.38712
-3.38728
-3.38728
-3.38864
-3.38788
-3.38743
-3.38698
-3.38788
-3.38864
-3.38743
-3.38804
-3.38789
-3.38713
-3.38773
-3.38788
-3.38804
-3.38788
-3.38819
-3.38728
-3.38758
-3.38683
-3.38637
-3.38547
-3.38486
-3.38396
-3.3835
-3.3838
-3.3835
-3.3838
-3.38501
-3.38516
-3.38517
-3.38517
-3.38577
-3.38592
-3.38622
-3.38637
-3.38637
-3.38743
-3.38743
-3.38713
-3.38743
-3.38848
-3.38743
-3.38713
-3.38698
-3.38759
-3.38834
-3.38819
-3.38834
-3.38849
-3.38728
-3.38667
-3.38562
-3.38637
-3.38653
-3.38668
-3.38653
-3.38623
-3.38668
-3.38622
-3.38592
-3.38547
-3.38547
-3.38607
-3.38562
-3.38607
-3.38547
-3.38577
-3.38577
-3.38457
-3.38381
-3.38381
-3.38335
-3.38335
-3.3832
-3.38426
-3.38517
-3.38577
-3.38698
-3.38774
-3.38849
-3.38834
-3.38955
-3.38864
-3.38849
-3.3888
-3.38895
-3.38865
-3.3891
-3.3888
-3.38865
-3.38895
-3.39031
-3.39031
-3.39061
-3.39001
-3.39001
-3.39016
-3.39121
-3.39091
-3.39091
-3.39091
-3.39061
-3.39076
-3.39076
-3.39136
-3.39106
-3.39243
-3.39319
-3.39289
-3.39334
-3.3944
-3.39349
-3.39288
-3.39227
-3.39136
-3.39212
-3.39227
-3.39212
-3.39273
-3.39182
-3.39137
-3.39197
-3.39076
-3.39182
-3.39091
-3.39136
-3.39091
-3.39031
-3.39091
-3.39061
-3.39046
-3.39091
-3.39076
-3.39197
-3.39273
-3.39212
-3.39182
-3.39107
-3.39122
-3.39107
-3.39076
-3.39091
-3.38955
-3.39016
-3.39061
-3.39091
-3.39106
-3.39091
-3.39031
-3.39121
-3.39151
-3.39121
-3.39242
-3.39303
-3.39257
-3.39258
-3.39348
-3.39364
-3.39394
-3.39409
-3.39273
-3.39136
-3.39197
-3.39166
-3.39152
-3.39106
-3.39031
-3.39106
-3.39212
-3.39212
-3.39197
-3.39333
-3.39196
-3.39227
-3.39166
-3.39181
-3.39151
-3.39211
-3.39287
-3.39272
-3.39166
-3.39197
-3.39212
-3.39242
-3.39211
-3.39211
-3.39302
-3.39256
-3.39181
-3.39075
-3.3903
-3.39076
-3.39182
-3.39091
-3.39151
-3.39151
-3.39317
-3.39362
-3.39257
-3.39242
-3.39227
-3.39182
-3.39348
-3.39408
-3.39483
-3.39453
-3.39393
-3.39378
-3.39408
-3.39438
-3.39453
-3.39348
-3.39317
-3.39438
-3.39483
-3.39468
-3.39544
-3.39514
-3.39604
-3.3968
-3.39665
-3.39574
-3.39665
-3.39589
-3.39544
-3.39498
-3.39483
-3.39317
-3.39333
-3.39257
-3.39242
-3.39197
-3.39288
-3.39348
-3.39242
-3.39257
-3.39166
-3.39151
-3.39211
-3.39196
-3.39196
-3.39136
-3.39106
-3.39015
-3.3903
-3.39015
-3.39106
-3.39166
-3.39227
-3.39302
-3.39333
-3.39363
-3.39408
-3.39378
-3.39377
-3.39483
-3.39483
-3.39438
-3.39378
-3.39362
-3.39332
-3.39242
-3.39317
-3.39197
-3.39227
-3.39137
-3.39137
-3.39076
-3.39076
-3.39075
-3.39136
-3.39196
-3.39317
-3.39347
-3.39226
-3.39151
-3.39181
-3.3909
-3.39121
-3.39106
-3.39076
-3.3897
-3.39
-3.3903
-3.39106
-3.39121
-3.39091
-3.39045
-3.39091
-3.39136
-3.39167
-3.39212
-3.39242
-3.39242
-3.39287
-3.39287
-3.39332
-3.39332
-3.39242
-3.39317
-3.39272
-3.39348
-3.39363
-3.39287
-3.39272
-3.39167
-3.39121
-3.39227
-3.39167
-3.39152
-3.39046
-3.38895
-3.39016
-3.38971
-3.39106
-3.39121
-3.39016
-3.39091
-3.39061
-3.39121
-3.39076
-3.39106
-3.39091
-3.39031
-3.39
-3.39016
-3.39106
-3.39076
-3.39001
-3.3888
-3.3891
-3.38955
-3.39061
-3.39046
-3.39121
-3.39182
-3.39137
-3.39152
-3.39091
-3.39046
-3.39136
-3.39212
-3.39287
-3.39272
-3.39182
-3.39151
-3.39227
-3.39212
-3.39257
-3.39167
-3.39227
-3.39227
-3.39257
-3.39137
-3.39227
-3.39227
-3.39243
-3.39258
-3.39227
-3.39212
-3.39272
-3.39454
-3.39559
-3.39544
-3.39529
-3.39514
-3.39484
-3.39409
-3.39409
-3.39394
-3.39273
-3.39288
-3.39288
-3.39288
-3.39273
-3.39258
-3.39213
-3.39273
-3.39243
-3.39258
-3.39227
-3.39287
-3.39212
-3.39257
-3.39303
-3.39318
-3.39333
-3.39379
-3.39333
-3.39303
-3.39348
-3.39393
-3.39333
-3.39333
-3.39333
-3.39378
-3.39348
-3.39409
-3.39529
-3.39499
-3.39514
-3.39544
-3.39589
-3.39544
-3.39514
-3.39529
-3.39514
-3.3956
-3.395
-3.39469
-3.39424
-3.39379
-3.39378
-3.39257
-3.39227
-3.39257
-3.39287
-3.39197
-3.39106
-3.39166
-3.39302
-3.39333
-3.39378
-3.39348
-3.39408
-3.39499
-3.39514
-3.3962
-3.39696
-3.39771
-3.39786
-3.39726
-3.39786
-3.39831
-3.39831
-3.39756
-3.39575
-3.39409
-3.39439
-3.39424
-3.39318
-3.39393
-3.39378
-3.39363
-3.39332
-3.39453
-3.39483
-3.39333
-3.39333
-3.39227
-3.39106
-3.39031
-3.39061
-3.3897
-3.3897
-3.39
-3.39106
-3.39136
-3.39076
-3.38955
-3.38986
-3.39046
-3.39122
-3.39047
-3.39046
-3.38956
-3.38895
-3.38804
-3.38864
-3.3897
-3.38985
-3.39015
-3.39136
-3.39046
-3.39016
-3.39061
-3.39151
-3.39197
-3.39212
-3.39212
-3.39303
-3.39274
-3.39394
-3.39394
-3.39364
-3.39394
-3.39378
-3.39438
-3.39393
-3.39348
-3.39454
-3.3953
-3.39454
-3.39379
-3.39394
-3.39469
-3.39484
-3.39454
-3.39424
-3.39394
-3.39334
-3.39394
-3.39379
-3.39454
-3.39409
-3.39394
-3.39333
-3.39288
-3.39182
-3.39258
-3.39333
-3.39243
-3.39303
-3.39364
-3.39454
-3.39591
-3.39727
-3.39712
-3.39727
-3.39757
-3.39802
-3.39787
-3.39893
-3.39817
-3.39787
-3.39787
-3.39742
-3.39666
-3.39711
-3.39636
-3.39697
-3.39576
-3.3944
-3.39364
-3.39425
-3.3944
-3.39409
-3.3944
-3.39455
-3.3947
-3.39409
-3.39334
-3.39303
-3.39258
-3.39198
-3.39213
-3.39183
-3.39213
-3.39123
-3.39198
-3.39213
-3.39228
-3.39213
-3.39198
-3.39259
-3.39258
-3.39228
-3.39138
-3.39168
-3.39168
-3.39168
-3.39214
-3.39183
-3.39213
-3.39228
-3.39303
-3.39348
-3.39424
-3.395
-3.39409
-3.39409
-3.3941
-3.39364
-3.39289
-3.39228
-3.39258
-3.39273
-3.39183
-3.39168
-3.39273
-3.39213
-3.39198
-3.39274
-3.39198
-3.39259
-3.39274
-3.39198
-3.39243
-3.39137
-3.39183
-3.39138
-3.39198
-3.39153
-3.39138
-3.39168
-3.39198
-3.39198
-3.39093
-3.39062
-3.39047
-3.39063
-3.39123
-3.39017
-3.39047
-3.39107
-3.39198
-3.39047
-3.39032
-3.39108
-3.39108
-3.39153
-3.39184
-3.39183
-3.39214
-3.39138
-3.39123
-3.39062
-3.39183
-3.39137
-3.39183
-3.39122
-3.39092
-3.39168
-3.39077
-3.39002
-3.39078
-3.39078
-3.39138
-3.39138
-3.39199
-3.39153
-3.39259
-3.39258
-3.39319
-3.39409
-3.39409
-3.39319
-3.39304
-3.39365
-3.39365
-3.39259
-3.39244
-3.39365
-3.3944
-3.39365
-3.39394
-3.3947
-3.39485
-3.39515
-3.39469
-3.39424
-3.39349
-3.39394
-3.39455
-3.39485
-3.39515
-3.39394
-3.39455
-3.3944
-3.39364
-3.3941
-3.3938
-3.3947
-3.3947
-3.39425
-3.3941
-3.39485
-3.39545
-3.3959
-3.39636
-3.39606
-3.39545
-3.3947
-3.39394
-3.39485
-3.39485
-3.39546
-3.39349
-3.39289
-3.39304
-3.39213
-3.39258
-3.39334
-3.39334
-3.39349
-3.39379
-3.39334
-3.39273
-3.39303
-3.39394
-3.3956
-3.39545
-3.39546
-3.3938
-3.3932
-3.39289
-3.39304
-3.39334
-3.39273
-3.39273
-3.39379
-3.39424
-3.39485
-3.395
-3.39485
-3.39485
-3.39561
-3.39606
-3.39591
-3.39516
-3.3947
-3.39591
-3.3941
-3.3944
-3.39485
-3.39529
-3.39544
-3.39514
-3.39575
-3.39651
-3.39561
-3.3947
-3.3941
-3.39289
-3.39229
-3.39304
-3.39319
-3.39349
-3.39455
-3.39455
-3.39379
-3.39364
-3.39334
-3.39334
-3.3944
-3.39364
-3.39409
-3.39243
-3.39273
-3.39288
-3.39379
-3.3941
-3.39349
-3.39319
-3.39304
-3.39259
-3.39168
-3.39062
-3.39122
-3.39198
-3.39152
-3.39107
-3.39122
-3.39062
-3.39092
-3.39122
-3.39289
-3.39319
-3.39394
-3.3944
-3.395
-3.3947
-3.39485
-3.39485
-3.39485
-3.39515
-3.3953
-3.39606
-3.39666
-3.39605
-3.39545
-3.39514
-3.395
-3.39545
-3.39546
-3.39591
-3.39591
-3.39561
-3.39576
-3.39546
-3.3953
-3.39485
-3.395
-3.39621
-3.39651
-3.39651
-3.39636
-3.3956
-3.39681
-3.39545
-3.39485
-3.39394
-3.39409
-3.39319
-3.39349
-3.39379
-3.39394
-3.39409
-3.39319
-3.39304
-3.39319
-3.39243
-3.39259
-3.39259
-3.39229
-3.39138
-3.39092
-3.39107
-3.39213
-3.39167
-3.39167
-3.39137
-3.39107
-3.39017
-3.39032
-3.38987
-3.38987
-3.39032
-3.39062
-3.39077
-3.38986
-3.38881
-3.38851
-3.38851
-3.38881
-3.38866
-3.38806
-3.3867
-3.38715
-3.3873
-3.38654
-3.38745
-3.38669
-3.38639
-3.38639
-3.38639
-3.38534
-3.38609
-3.38639
-3.38715
-3.38684
-3.38624
-3.38609
-3.38625
-3.38731
-3.38851
-3.38791
-3.38806
-3.38775
-3.38775
-3.38745
-3.38836
-3.38866
-3.38972
-3.39017
-3.38987
-3.38882
-3.38972
-3.38987
-3.39093
-3.39078
-3.39032
-3.38927
-3.39138
-3.39183
-3.39259
-3.39274
-3.39243
-3.39274
-3.39244
-3.39259
-3.39168
-3.39168
-3.39183
-3.39244
-3.39153
-3.39229
-3.39153
-3.39168
-3.39062
-3.39092
-3.39153
-3.39137
-3.39092
-3.39092
-3.39123
-3.39123
-3.39169
-3.39199
-3.39214
-3.39244
-3.39244
-3.39289
-3.3938
-3.3935
-3.39425
-3.39485
-3.39515
-3.39561
-3.39682
-3.39607
-3.39667
-3.39743
-3.39683
-3.39667
-3.39743
-3.39712
-3.39788
-3.39802
-3.39682
-3.39697
-3.39727
-3.39697
-3.39667
-3.39622
-3.39637
-3.39667
-3.39622
-3.39607
-3.39546
-3.39531
-3.39501
-3.39456
-3.3935
-3.39395
-3.39425
-3.39486
-3.39576
-3.39576
-3.39501
-3.39395
-3.39456
-3.39471
-3.39471
-3.39501
-3.39395
-3.39576
-3.39531
-3.3947
-3.39365
-3.3935
-3.3935
-3.39395
-3.39426
-3.3932
-3.3932
-3.39365
-3.39305
-3.3932
-3.3938
-3.3938
-3.39395
-3.39441
-3.39411
-3.39471
-3.39547
-3.39501
-3.39531
-3.39425
-3.39515
-3.395
-3.39501
-3.39531
-3.39516
-3.39471
-3.39441
-3.39441
-3.39562
-3.39562
-3.39577
-3.39607
-3.39652
-3.39697
-3.39622
-3.39591
-3.39561
-3.39546
-3.39622
-3.39622
-3.39561
-3.39486
-3.39426
-3.39441
-3.39396
-3.39456
-3.39441
-3.3929
-3.39275
-3.39274
-3.3932
-3.39274
-3.39305
-3.39441
-3.39305
-3.39335
-3.39365
-3.39365
-3.39411
-3.39411
-3.39426
-3.39411
-3.39351
-3.3929
-3.3929
-3.39305
-3.3938
-3.39426
-3.39501
-3.39486
-3.39516
-3.39486
-3.39456
-3.39395
-3.39289
-3.39244
-3.39154
-3.39109
-3.39215
-3.3923
-3.39138
-3.39229
-3.39274
-3.39425
-3.3938
-3.39456
-3.3938
-3.39396
-3.39365
-3.39426
-3.39471
-3.39381
-3.39441
-3.39486
-3.3944
-3.39485
-3.39516
-3.39516
-3.39486
-3.39546
-3.39456
-3.39259
-3.39304
-3.39244
-3.39259
-3.39289
-3.39259
-3.39093
-3.39123
-3.39093
-3.39093
-3.39032
-3.39093
-3.39063
-3.39184
-3.39184
-3.39199
-3.3929
-3.39335
-3.3935
-3.3929
-3.39275
-3.3929
-3.39244
-3.39259
-3.39259
-3.39244
-3.39168
-3.39183
-3.39153
-3.39123
-3.39108
-3.39214
-3.39199
-3.39244
-3.39183
-3.39183
-3.39168
-3.39108
-3.39228
-3.39047
-3.39108
-3.39138
-3.39078
-3.39168
-3.39153
-3.39153
-3.39137
-3.39183
-3.39198
-3.39183
-3.39273
-3.39364
-3.39274
-3.39228
-3.39153
-3.39228
-3.39243
-3.39198
-3.39258
-3.39213
-3.39273
-3.39318
-3.39228
-3.39258
-3.39318
-3.39364
-3.39424
-3.39379
-3.39319
-3.39379
-3.39364
-3.39364
-3.39349
-3.39364
-3.39424
-3.39469
-3.39439
-3.39515
-3.39485
-3.39424
-3.39409
-3.39409
-3.3944
-3.39228
-3.39153
-3.39198
-3.39168
-3.39212
-3.39273
-3.39318
-3.39303
-3.39243
-3.39182
-3.39183
-3.39228
-3.39349
-3.39319
-3.39274
-3.39455
-3.39485
-3.395
-3.39575
-3.39545
-3.39484
-3.39454
-3.39454
-3.39469
-3.39484
-3.39409
-3.39319
-3.39288
-3.39349
-3.39379
-3.39363
-3.39227
-3.39258
-3.39152
-3.39213
-3.39228
-3.39228
-3.39334
-3.39258
-3.39273
-3.39319
-3.39168
-3.39137
-3.39137
-3.39182
-3.39182
-3.39151
-3.39136
-3.39106
-3.39106
-3.39242
-3.39212
-3.39258
-3.39258
-3.39303
-3.39318
-3.39394
-3.39454
-3.3959
-3.3959
-3.39575
-3.39605
-3.3956
-3.39635
-3.39545
-3.39439
-3.39439
-3.3956
-3.3956
-3.39636
-3.39621
-3.39605
-3.39605
-3.39514
-3.39529
-3.39439
-3.3953
-3.3956
-3.39576
-3.39621
-3.39606
-3.39576
-3.3956
-3.39575
-3.3959
-3.3959
-3.39575
-3.3959
-3.39711
-3.39696
-3.39726
-3.39726
-3.39726
-3.39741
-3.39741
-3.39711
-3.39635
-3.39605
-3.39696
-3.39696
-3.39651
-3.39545
-3.39485
-3.3953
-3.3953
-3.3953
-3.39409
-3.39439
-3.39439
-3.39439
-3.39378
-3.39393
-3.39409
-3.39303
-3.39379
-3.39485
-3.39409
-3.39379
-3.3947
-3.39425
-3.39455
-3.39395
-3.3938
-3.39274
-3.39304
-3.39334
-3.39379
-3.39348
-3.39348
-3.39272
-3.39197
-3.39227
-3.39152
-3.39183
-3.39168
-3.39274
-3.39304
-3.39349
-3.39334
-3.39439
-3.39515
-3.39636
-3.39651
-3.39575
-3.39591
-3.39591
-3.39561
-3.39515
-3.39681
-3.39697
-3.39621
-3.39575
-3.3953
-3.39606
-3.39666
-3.39606
-3.39652
-3.39622
-3.39622
-3.39697
-3.39637
-3.39652
-3.39712
-3.39636
-3.39665
-3.39771
-3.39756
-3.39726
-3.39696
-3.39727
-3.39651
-3.39697
-3.39621
-3.39546
-3.39636
-3.39621
-3.39606
-3.39591
-3.3953
-3.39575
-3.395
-3.39575
-3.3956
-3.39606
-3.3956
-3.39485
-3.39575
-3.3959
-3.395
-3.3956
-3.39621
-3.39651
-3.39651
-3.39696
-3.39757
-3.39772
-3.39848
-3.39848
-3.39757
-3.39787
-3.39802
-3.39711
-3.39651
-3.39621
-3.39621
-3.39681
-3.3962
-3.3956
-3.3953
-3.39424
-3.39424
-3.39394
-3.3944
-3.39545
-3.39591
-3.39636
-3.39772
-3.39818
-3.39727
-3.39697
-3.39651
-3.39651
-3.39681
-3.39651
-3.39591
-3.3956
-3.39591
-3.39515
-3.3956
-3.39681
-3.39712
-3.39651
-3.39636
-3.39651
-3.39636
-3.3956
-3.39575
-3.395
-3.39545
-3.3953
-3.39696
-3.39787
-3.39772
-3.39666
-3.39666
-3.39621
-3.39621
-3.39591
-3.39546
-3.39576
-3.39561
-3.39561
-3.39409
-3.39379
-3.39364
-3.39454
-3.39439
-3.39409
-3.39409
-3.39454
-3.39363
-3.39469
-3.39575
-3.3968
-3.39711
-3.39741
-3.39771
-3.39651
-3.39651
-3.395
-3.39485
-3.39424
-3.39349
-3.39304
-3.39198
-3.39182
-3.39303
-3.39272
-3.39318
-3.39378
-3.39303
-3.39167
-3.39137
-3.39198
-3.39258
-3.39379
-3.39303
-3.39333
-3.39348
-3.39363
-3.39348
-3.39303
-3.39212
-3.39258
-3.39258
-3.39303
-3.39333
-3.39469
-3.39439
-3.39379
-3.39394
-3.39364
-3.39364
-3.39408
-3.39393
-3.39409
-3.395
-3.39575
-3.39621
-3.395
-3.39409
-3.39349
-3.39288
-3.39303
-3.39167
-3.39076
-3.39167
-3.39212
-3.39227
-3.39228
-3.39273
-3.39288
-3.39319
-3.3947
-3.3947
-3.39349
-3.39455
-3.39485
-3.39605
-3.3959
-3.39469
-3.39469
-3.39469
-3.39469
-3.39469
-3.39393
-3.39393
-3.39348
-3.39393
-3.39454
-3.39333
-3.39318
-3.39288
-3.39333
-3.39378
-3.39393
-3.39408
-3.39454
-3.39529
-3.39605
-3.39559
-3.39559
-3.39469
-3.39393
-3.39514
-3.39499
-3.39364
-3.39303
-3.39303
-3.39379
-3.39394
-3.39348
-3.39333
-3.39333
-3.39257
-3.39318
-3.39258
-3.39318
-3.39319
-3.39349
-3.39334
-3.39258
-3.39197
-3.39257
-3.39182
-3.39167
-3.39227
-3.39333
-3.39152
-3.39122
-3.39092
-3.39122
-3.39212
-3.39303
-3.39167
-3.39136
-3.39137
-3.39122
-3.39167
-3.39107
-3.39092
-3.38956
-3.39001
-3.38941
-3.39001
-3.38986
-3.39016
-3.39046
-3.39091
-3.39077
-3.38986
-3.38971
-3.39047
-3.39137
-3.39152
-3.39077
-3.39107
-3.39197
-3.39152
-3.39077
-3.39122
-3.39137
-3.39228
-3.39303
-3.39303
-3.39227
-3.39333
-3.39242
-3.39167
-3.39227
-3.39303
-3.39197
-3.39212
-3.39167
-3.39212
-3.39243
-3.39092
-3.39107
-3.39046
-3.39076
-3.39061
-3.39061
-3.39076
-3.39137
-3.39107
-3.39001
-3.39016
-3.39091
-3.39121
-3.39137
-3.39077
-3.39137
-3.39137
-3.39122
-3.39077
-3.39228
-3.39213
-3.39258
-3.39258
-3.39333
-3.39287
-3.39363
-3.39287
-3.39288
-3.39318
-3.39334
-3.39228
-3.39213
-3.39274
-3.39334
-3.39273
-3.39273
-3.39258
-3.39258
-3.39213
-3.39167
-3.39168
-3.39092
-3.39167
-3.39047
-3.39107
-3.39213
-3.39152
-3.39001
-3.38941
-3.38971
-3.38956
-3.39077
-3.39167
-3.39227
-3.39091
-3.39152
-3.39152
-3.39167
-3.39122
-3.39107
-3.39122
-3.39152
-3.39228
-3.39228
-3.39137
-3.39137
-3.39258
-3.39273
-3.39349
-3.39274
-3.39379
-3.39364
-3.39394
-3.39454
-3.39453
-3.39589
-3.39514
-3.39484
-3.39484
-3.39545
-3.39696
-3.39651
-3.39621
-3.39606
-3.39591
-3.39636
-3.39757
-3.39787
-3.39711
-3.39666
-3.39621
-3.39681
-3.39651
-3.39575
-3.39484
-3.39575
-3.39665
-3.39605
-3.39575
-3.3959
-3.3962
-3.39333
-3.39152
-3.39258
-3.39394
-3.39439
-3.39424
-3.39469
-3.39439
-3.39485
-3.39576
-3.39485
-3.39666
-3.39651
-3.39651
-3.39666
-3.3959
-3.395
-3.39591
-3.39651
-3.39651
-3.39606
-3.39606
-3.395
-3.39515
-3.39546
-3.39606
-3.39545
-3.395
-3.3953
-3.39545
-3.395
-3.39545
-3.3953
-3.39516
-3.39621
-3.39561
-3.39606
-3.39455
-3.39394
-3.39319
-3.39304
-3.3935
-3.39395
-3.39334
-3.39395
-3.39395
-3.39425
-3.39394
-3.39379
-3.39364
-3.39395
-3.3941
-3.39516
-3.3944
-3.39425
-3.3935
-3.39395
-3.39516
-3.3944
-3.39455
-3.3944
-3.3944
-3.39455
-3.39561
-3.3941
-3.39304
-3.39365
-3.3935
-3.39335
-3.39274
-3.39214
-3.39289
-3.39319
-3.39349
-3.3941
-3.39531
-3.39561
-3.39621
-3.39607
-3.39546
-3.39501
-3.39515
-3.39485
-3.39439
-3.39379
-3.39304
-3.39243
-3.39168
-3.39259
-3.39198
-3.39123
-3.38987
-3.38912
-3.38942
-3.38972
-3.38881
-3.38911
-3.38835
-3.38775
-3.38835
-3.38851
-3.38805
-3.38941
-3.39017
-3.39047
-3.39077
-3.39092
-3.39183
-3.39077
-3.39153
-3.39183
-3.39002
-3.39001
-3.38971
-3.39046
-3.39031
-3.39046
-3.39198
-3.39107
-3.39213
-3.39289
-3.39183
-3.39153
-3.39198
-3.39273
-3.39243
-3.39319
-3.39304
-3.39349
-3.39379
-3.39289
-3.39258
-3.39258
-3.39273
-3.39409
-3.39319
-3.39288
-3.39258
-3.39198
-3.39092
-3.39122
-3.39092
-3.39062
-3.39092
-3.38987
-3.39032
-3.38956
-3.39047
-3.39016
-3.39107
-3.39076
-3.39016
-3.39032
-3.39062
-3.39168
-3.39122
-3.39077
-3.39077
-3.39077
-3.39107
-3.39108
-3.39032
-3.39138
-3.39137
-3.39061
-3.39106
-3.39182
-3.39182
-3.39183
-3.39213
-3.39244
-3.39334
-3.39319
-3.39334
-3.39303
-3.39258
-3.39303
-3.39273
-3.39228
-3.39168
-3.39228
-3.39274
-3.39304
-3.39334
-3.39515
-3.39364
-3.39485
-3.39485
-3.39545
-3.39485
-3.39484
-3.39454
-3.39364
-3.39333
-3.39363
-3.39439
-3.39499
-3.39469
-3.39454
-3.39485
-3.3947
-3.39546
-3.39591
-3.39485
-3.395
-3.39515
-3.39515
-3.39621
-3.39591
-3.39454
-3.39454
-3.39424
-3.39318
-3.39258
-3.39182
-3.39152
-3.39213
-3.39198
-3.39273
-3.39243
-3.39153
-3.39153
-3.39274
-3.39273
-3.39168
-3.39152
-3.39137
-3.39152
-3.39348
-3.39454
-3.39546
-3.395
-3.39561
-3.39576
-3.39576
-3.39515
-3.39591
-3.39606
-3.39606
-3.39606
-3.39576
-3.39591
-3.39621
-3.395
-3.39379
-3.39304
-3.39319
-3.39424
-3.39455
-3.39424
-3.395
-3.39591
-3.39606
-3.39561
-3.39485
-3.39379
-3.39289
-3.39198
-3.39198
-3.39289
-3.39304
-3.39334
-3.39364
-3.39364
-3.39304
-3.39259
-3.39319
-3.3938
-3.3944
-3.39455
-3.3944
-3.39531
-3.39561
-3.3953
-3.39514
-3.39514
-3.39515
-3.39424
-3.39515
-3.39516
-3.39516
-3.39516
-3.395
-3.39606
-3.39757
-3.39787
-3.39802
-3.39772
-3.39651
-3.39636
-3.39605
-3.3956
-3.39515
-3.395
-3.39516
-3.39607
-3.39576
-3.39546
-3.39425
-3.39425
-3.39545
-3.39439
-3.39454
-3.39364
-3.39394
-3.39334
-3.39319
-3.39243
-3.39123
-3.39138
-3.39123
-3.39213
-3.39213
-3.39198
-3.39198
-3.39137
-3.39243
-3.39349
-3.39425
-3.39379
-3.39455
-3.39485
-3.39485
-3.39576
-3.39561
-3.39652
-3.39727
-3.39652
-3.39697
-3.39697
-3.39591
-3.39561
-3.39546
-3.395
-3.39561
-3.39455
-3.39365
-3.39395
-3.39455
-3.39425
-3.39349
-3.39425
-3.39334
-3.39304
-3.39274
-3.39335
-3.39425
-3.39425
-3.39335
-3.3941
-3.39425
-3.39395
-3.3941
-3.39455
-3.3938
-3.39274
-3.39168
-3.39138
-3.39108
-3.39168
-3.39214
-3.39259
-3.39244
-3.39153
-3.39047
-3.39243
-3.39304
-3.39289
-3.39364
-3.3947
-3.39501
-3.39455
-3.39379
-3.3941
-3.39425
-3.3947
-3.39455
-3.3941
-3.39456
-3.39546
-3.39531
-3.39622
-3.39652
-3.39651
-3.3956
-3.39515
-3.3956
-3.39515
-3.39636
-3.39591
-3.39455
-3.39531
-3.39471
-3.3941
-3.3941
-3.39456
-3.39425
-3.3941
-3.39334
-3.39258
-3.39213
-3.39228
-3.39274
-3.39304
-3.39274
-3.39335
-3.3935
-3.39199
-3.3935
-3.39334
-3.3944
-3.3941
-3.3944
-3.39334
-3.39289
-3.39335
-3.39289
-3.3938
-3.3938
-3.3938
-3.3932
-3.39259
-3.39184
-3.39184
-3.39123
-3.39168
-3.39047
-3.38941
-3.38941
-3.38987
-3.38987
-3.38926
-3.38881
-3.38851
-3.38776
-3.38745
-3.3873
-3.38745
-3.3876
-3.38745
-3.38806
-3.38791
-3.38866
-3.38866
-3.38866
-3.38866
-3.38896
-3.38911
-3.38941
-3.39032
-3.39063
-3.39048
-3.39139
-3.39093
-3.39184
-3.39214
-3.39274
-3.3938
-3.39349
-3.3938
-3.39395
-3.3944
-3.3941
-3.39365
-3.3941
-3.39441
-3.39426
-3.39259
-3.39335
-3.39289
-3.39274
-3.3935
-3.39334
-3.3935
-3.39334
-3.39425
-3.39531
-3.39485
-3.39485
-3.3947
-3.3941
-3.39455
-3.39471
-3.3938
-3.39425
-3.39289
-3.3938
-3.39425
-3.3944
-3.39365
-3.3935
-3.3941
-3.3941
-3.39395
-3.39516
-3.39486
-3.39501
-3.3947
-3.39621
-3.39666
-3.39681
-3.39742
-3.39697
-3.39757
-3.39788
-3.39818
-3.39833
-3.39818
-3.39864
-3.39833
-3.39712
-3.39773
-3.39622
-3.39606
-3.39546
-3.3947
-3.3953
-3.3953
-3.39515
-3.3956
-3.39591
-3.39575
-3.39576
-3.39621
-3.39576
-3.39591
-3.39697
-3.39606
-3.395
-3.39455
-3.39576
-3.39516
-3.39425
-3.3947
-3.39379
-3.39319
-3.39228
-3.39289
-3.39228
-3.39274
-3.39289
-3.39243
-3.39243
-3.3938
-3.3938
-3.3935
-3.39334
-3.39289
-3.39334
-3.39425
-3.39258
-3.39334
-3.39288
-3.39273
-3.39349
-3.39258
-3.39243
-3.39349
-3.39289
-3.39213
-3.39153
-3.39304
-3.39198
-3.39198
-3.39198
-3.39273
-3.39258
-3.39167
-3.39167
-3.39167
-3.39213
-3.39243
-3.39258
-3.39259
-3.39319
-3.3941
-3.3941
-3.39364
-3.39349
-3.39409
-3.39349
-3.39288
-3.39333
-3.39228
-3.39334
-3.39334
-3.39274
-3.39289
-3.39259
-3.39455
-3.39486
-3.3947
-3.3944
-3.39394
-3.39349
-3.39394
-3.39303
-3.39213
-3.39213
-3.39183
-3.39183
-3.39032
-3.38896
-3.38942
-3.39047
-3.39062
-3.39168
-3.39153
-3.39077
-3.39138
-3.39228
-3.39213
-3.39168
-3.39168
-3.39138
-3.39138
-3.39138
-3.39168
-3.39244
-3.39274
-3.39198
-3.39153
-3.39274
-3.39304
-3.39243
-3.39258
-3.39273
-3.39243
-3.39198
-3.39138
-3.39138
-3.39259
-3.39229
-3.39168
-3.39168
-3.39213
-3.39273
-3.39273
-3.39304
-3.39213
-3.39198
-3.39138
-3.39198
-3.39243
-3.39334
-3.39304
-3.39228
-3.39213
-3.39258
-3.39243
-3.39183
-3.39137
-3.39092
-3.39198
-3.39228
-3.39244
-3.39229
-3.39304
-3.39349
-3.39289
-3.39274
-3.39168
-3.39274
-3.39228
-3.39183
-3.39001
-3.38986
-3.39046
-3.39092
-3.39046
-3.38895
-3.38881
-3.38896
-3.38866
-3.38881
-3.38911
-3.38941
-3.39032
-3.39047
-3.39092
-3.39016
-3.39152
-3.39061
-3.38986
-3.38971
-3.39031
-3.38986
-3.39047
-3.38971
-3.38987
-3.39062
-3.39092
-3.39153
-3.39228
-3.39167
-3.39197
-3.39106
-3.39152
-3.39076
-3.39107
-3.39137
-3.39077
-3.39107
-3.39062
-3.38911
-3.38926
-3.3888
-3.38805
-3.38956
-3.38956
-3.39032
-3.39032
-3.39047
-3.39107
-3.39183
-3.39258
-3.39257
-3.39242
-3.39258
-3.39273
-3.39273
-3.39289
-3.39289
-3.39289
-3.39319
-3.39379
-3.39288
-3.39318
-3.39303
-3.39303
-3.39288
-3.39334
-3.39303
-3.39243
-3.39273
-3.39258
-3.39273
-3.39153
-3.39213
-3.39107
-3.39152
-3.39137
-3.39197
-3.39197
-3.39242
-3.39272
-3.39317
-3.39332
-3.39317
-3.39363
-3.39318
-3.39319
-3.39334
-3.39319
-3.39303
-3.39303
-3.39394
-3.39303
-3.39257
-3.39242
-3.39332
-3.39302
-3.39272
-3.39332
-3.39348
-3.39423
-3.39303
-3.39243
-3.39243
-3.39228
-3.39273
-3.39289
-3.39153
-3.39213
-3.39228
-3.39303
-3.39273
-3.39212
-3.39167
-3.39091
-3.39046
-3.39046
-3.39031
-3.39016
-3.39152
-3.39107
-3.39092
-3.39016
-3.39046
-3.3897
-3.38955
-3.39031
-3.39001
-3.39062
-3.39016
-3.39062
-3.39168
-3.39168
-3.39107
-3.39182
-3.39243
-3.39288
-3.39242
-3.39303
-3.39273
-3.39318
-3.39333
-3.39348
-3.39349
-3.39364
-3.39349
-3.39288
-3.39228
-3.39137
-3.39137
-3.39168
-3.39137
-3.39137
-3.39258
-3.39213
-3.39213
-3.39273
-3.39228
-3.39379
-3.39318
-3.39288
-3.39243
-3.39182
-3.39212
-3.39243
-3.39228
-3.39152
-3.39152
-3.39183
-3.39198
-3.39167
-3.39107
-3.39137
-3.39197
-3.39228
-3.39289
-3.39243
-3.39213
-3.39107
-3.39153
-3.39122
-3.39122
-3.39182
-3.39167
-3.39182
-3.39152
-3.39197
-3.39212
-3.39227
-3.39318
-3.39454
-3.39424
-3.39469
-3.39454
-3.39394
-3.39424
-3.39424
-3.39409
-3.39379
-3.39425
-3.3941
-3.39364
-3.39455
-3.3944
-3.39394
-3.39424
-3.39303
-3.39273
-3.39122
-3.39182
-3.39091
-3.39122
-3.39092
-3.39047
-3.39077
-3.39092
-3.39152
-3.39213
-3.39213
-3.39198
-3.39258
-3.39424
-3.39364
-3.39274
-3.39137
-3.39258
-3.39273
-3.39272
-3.39423
-3.39363
-3.39439
-3.39484
-3.39484
-3.39651
-3.3959
-3.39605
-3.39636
-3.39696
-3.39666
-3.39454
-3.39515
-3.39454
-3.3953
-3.39515
-3.3956
-3.39454
-3.39378
-3.39378
-3.39393
-3.39439
-3.39454
-3.39333
-3.39303
-3.39258
-3.39258
-3.39228
-3.39182
-3.39167
-3.39122
-3.39076
-3.39001
-3.38925
-3.38926
-3.3885
-3.3882
-3.38835
-3.38895
-3.3888
-3.38849
-3.38758
-3.38774
-3.38834
-3.38835
-3.3879
-3.3876
-3.387
-3.38715
-3.3879
-3.38835
-3.38941
-3.38835
-3.3885
-3.38668
-3.38638
-3.38683
-3.38668
-3.38653
-3.38623
-3.38608
-3.38563
-3.38594
-3.38533
-3.38548
-3.38578
-3.38608
-3.38714
-3.38774
-3.38714
-3.38653
-3.38608
-3.38578
-3.38563
-3.38744
-3.38729
-3.38835
-3.3882
-3.38925
-3.39016
-3.3888
-3.38955
-3.38985
-3.38955
-3.39106
-3.3897
-3.38956
-3.39001
-3.38986
-3.38925
-3.3888
-3.38925
-3.3888
-3.38789
-3.38774
-3.38789
-3.3888
-3.38835
-3.38835
-3.3891
-3.38955
-3.3897
-3.38879
-3.38819
-3.38789
-3.38759
-3.3882
-3.38819
-3.38819
-3.38789
-3.38743
-3.38819
-3.3891
-3.38895
-3.38955
-3.3891
-3.38955
-3.3897
-3.3897
-3.38985
-3.39091
-3.39016
-3.39076
-3.39197
-3.39257
-3.39317
-3.39287
-3.39302
-3.39317
-3.39272
-3.39257
-3.39287
-3.39272
-3.39257
-3.39257
-3.39423
-3.39514
-3.39499
-3.39499
-3.39439
-3.39454
-3.39499
-3.39484
-3.39438
-3.39438
-3.39438
-3.39468
-3.39468
-3.39438
-3.39362
-3.39302
-3.39303
-3.39393
-3.39423
-3.39378
-3.39378
-3.39453
-3.39333
-3.39333
-3.39348
-3.39333
-3.39303
-3.39288
-3.39302
-3.39333
-3.39318
-3.39318
-3.39257
-3.39287
-3.39121
-3.39076
-3.39122
-3.39122
-3.39152
-3.39076
-3.39152
-3.39152
-3.39107
-3.39092
-3.39122
-3.39227
-3.39167
-3.39197
-3.39272
-3.39317
-3.39378
-3.39408
-3.39409
-3.39424
-3.39258
-3.39182
-3.39182
-3.39257
-3.39287
-3.39212
-3.39167
-3.39273
-3.39227
-3.39318
-3.39408
-3.39393
-3.39453
-3.39362
-3.39347
-3.39287
-3.39287
-3.39287
-3.39227
-3.39257
-3.39378
-3.39484
-3.39454
-3.39484
-3.39469
-3.39454
-3.39409
-3.39348
-3.39438
-3.39333
-3.39257
-3.39227
-3.39227
-3.39182
-3.39121
-3.39106
-3.39046
-3.39031
-3.39091
-3.39106
-3.39137
-3.39167
-3.39077
-3.39107
-3.39212
-3.39152
-3.39076
-3.39031
-3.38925
-3.3888
-3.3879
-3.38775
-3.3873
-3.3873
-3.3876
-3.38865
-3.3885
-3.38744
-3.38668
-3.38713
-3.38653
-3.38728
-3.38849
-3.3891
-3.39031
-3.38956
-3.38986
-3.38956
-3.38971
-3.38956
-3.3894
-3.38835
-3.3885
-3.38774
-3.38789
-3.3888
-3.38971
-3.38971
-3.38971
-3.38986
-3.38956
-3.39016
-3.39001
-3.39061
-3.39122
-3.39152
-3.39197
-3.39062
-3.39122
-3.39107
-3.39198
-3.39197
-3.39243
-3.39152
-3.39091
-3.39137
-3.39197
-3.39197
-3.39167
-3.39243
-3.39198
-3.39288
-3.39213
-3.39243
-3.39212
-3.39137
-3.39076
-3.39061
-3.39167
-3.39182
-3.39062
-3.39152
-3.39182
-3.39212
-3.39242
-3.39212
-3.39212
-3.39167
-3.39137
-3.39152
-3.39167
-3.38985
-3.39
-3.39
-3.38971
-3.39001
-3.39001
-3.38895
-3.38865
-3.38941
-3.39001
-3.39031
-3.39062
-3.39062
-3.39167
-3.39212
-3.39303
-3.39287
-3.39287
-3.39348
-3.39348
-3.39378
-3.39379
-3.39409
-3.39288
-3.39273
-3.39288
-3.39212
-3.39212
-3.39257
-3.39197
-3.39182
-3.39228
-3.39258
-3.39258
-3.39227
-3.39242
-3.39242
-3.39212
-3.39136
-3.39031
-3.39001
-3.39046
-3.39076
-3.39197
-3.39227
-3.39106
-3.3903
-3.39167
-3.39212
-3.39197
-3.39152
-3.39091
-3.39016
-3.39016
-3.39106
-3.39182
-3.39197
-3.39046
-3.39122
-3.39167
-3.39061
-3.38956
-3.38865
-3.38925
-3.38985
-3.39045
-3.39015
-3.39045
-3.3894
-3.38895
-3.38834
-3.38834
-3.38895
-3.3888
-3.38865
-3.3894
-3.3894
-3.38955
-3.39001
-3.39046
-3.39061
-3.39
-3.38985
-3.38925
-3.38895
-3.38909
-3.39015
-3.38985
-3.38955
-3.38955
-3.39
-3.39001
-3.39001
-3.39061
-3.39091
-3.39016
-3.39137
-3.39031
-3.39031
-3.39016
-3.3897
-3.38955
-3.3894
-3.3897
-3.38955
-3.38834
-3.38668
-3.38683
-3.38683
-3.38743
-3.38743
-3.38698
-3.38834
-3.38835
-3.3888
-3.3882
-3.38774
-3.38819
-3.38774
-3.38834
-3.38819
-3.38759
-3.3897
-3.38985
-3.38849
-3.38925
-3.38955
-3.39031
-3.39076
-3.39046
-3.39076
-3.39061
-3.39076
-3.39061
-3.39031
-3.39046
-3.39136
-3.39076
-3.39061
-3.39046
-3.39152
-3.39228
-3.39333
-3.39212
-3.39061
-3.39076
-3.39166
-3.39212
-3.39318
-3.39257
-3.39318
-3.39303
-3.3944
-3.3944
-3.39379
-3.39439
-3.39424
-3.39514
-3.39468
-3.39469
-3.39409
-3.39334
-3.39274
-3.39289
-3.39273
-3.39288
-3.39363
-3.39347
-3.39362
-3.39287
-3.39211
-3.39212
-3.39303
-3.39348
-3.39454
-3.39455
-3.3956
-3.39621
-3.39605
-3.39575
-3.39589
-3.39619
-3.39604
-3.3965
-3.39635
-3.39559
-3.39514
-3.39408
-3.39499
-3.3953
-3.39439
-3.39364
-3.39424
-3.39409
-3.39363
-3.39408
-3.39423
-3.39363
-3.39408
-3.39423
-3.39363
-3.39363
-3.39348
-3.39348
-3.39469
-3.39484
-3.3956
-3.39574
-3.39589
-3.3962
-3.39635
-3.39604
-3.39635
-3.3962
-3.39559
-3.39499
-3.39529
-3.39499
-3.39438
-3.39469
-3.3962
-3.39665
-3.39559
-3.39499
-3.39544
-3.3956
-3.3956
-3.39575
-3.3959
-3.3953
-3.39711
-3.39681
-3.3965
-3.39544
-3.39363
-3.39363
-3.39302
-3.39302
-3.39212
-3.39151
-3.39106
-3.39076
-3.39121
-3.39015
-3.39121
-3.39181
-3.39121
-3.39061
-3.39031
-3.39015
-3.39091
-3.39151
-3.39226
-3.39257
-3.39393
-3.39408
-3.39393
-3.39348
-3.39348
-3.39363
-3.39272
-3.39197
-3.39182
-3.39015
-3.39227
-3.39242
-3.39227
-3.39257
-3.39257
-3.39196
-3.39241
-3.39196
-3.39227
-3.39212
-3.39363
-3.39393
-3.39423
-3.39363
-3.39363
-3.39302
-3.39257
-3.39257
-3.39181
-3.39197
-3.39182
-3.39242
-3.39121
-3.39046
-3.39015
-3.39091
-3.39106
-3.39166
-3.39257
-3.39438
-3.39393
-3.39302
-3.39408
-3.39408
-3.39378
-3.39439
-3.39439
-3.39348
-3.39484
-3.39574
-3.39499
-3.39332
-3.39272
-3.39227
-3.39257
-3.39287
-3.39318
-3.39303
-3.39333
-3.39303
-3.39288
-3.39303
-3.39212
-3.39287
-3.39211
-3.39226
-3.39242
-3.39242
-3.39318
-3.39318
-3.39288
-3.39212
-3.39091
-3.39061
-3.39197
-3.39242
-3.39211
-3.39226
-3.39257
-3.39257
-3.39242
-3.39257
-3.39136
-3.39257
-3.39287
-3.39242
-3.39181
-3.39106
-3.39076
-3.39227
-3.39227
-3.39227
-3.39212
-3.39136
-3.39121
-3.39045
-3.39181
-3.39227
-3.39242
-3.39227
-3.39166
-3.39106
-3.39121
-3.39045
-3.39121
-3.39121
-3.39046
-3.39
-3.39015
-3.39061
-3.3906
-3.39015
-3.38939
-3.38909
-3.38894
-3.39015
-3.3903
-3.39075
-3.39015
-3.39
-3.38955
-3.3897
-3.39015
-3.39121
-3.39121
-3.39121
-3.39015
-3.3903
-3.39075
-3.39106
-3.38955
-3.38984
-3.3903
-3.39075
-3.39105
-3.3906
-3.3906
-3.38985
-3.39075
-3.39045
-3.38985
-3.38985
-3.38969
-3.3903
-3.3897
-3.38939
-3.39
-3.38955
-3.39
-3.3897
-3.39075
-3.39135
-3.39105
-3.3903
-3.39076
-3.39121
-3.39151
-3.39181
-3.39196
-3.39347
-3.39317
-3.39317
-3.39317
-3.39347
-3.39287
-3.39317
-3.39242
-3.39211
-3.39181
-3.39166
-3.39075
-3.39121
-3.39151
-3.39166
-3.39241
-3.39271
-3.39286
-3.39332
-3.39302
-3.39256
-3.39257
-3.39302
-3.39317
-3.39196
-3.39105
-3.39181
-3.39332
-3.39332
-3.39241
-3.39226
-3.39241
-3.39211
-3.39241
-3.39332
-3.39302
-3.39317
-3.39332
-3.39317
-3.39211
-3.39226
-3.39166
-3.39302
-3.39287
-3.39332
-3.39483
-3.39407
-3.39347
-3.39377
-3.39377
-3.39438
-3.39408
-3.39332
-3.39393
-3.39378
-3.39272
-3.39211
-3.39317
-3.39287
-3.39332
-3.39363
-3.39348
-3.39317
-3.39378
-3.39393
-3.39453
-3.39392
-3.39452
-3.39483
-3.39619
-3.39634
-3.39589
-3.39619
-3.39604
-3.39634
-3.39589
-3.39635
-3.39725
-3.39665
-3.39634
-3.39649
-3.39679
-3.39694
-3.39679
-3.39649
-3.39574
-3.39619
-3.39634
-3.39604
-3.39619
-3.39649
-3.39664
-3.39589
-3.39574
-3.39574
-3.39574
-3.39513
-3.39498
-3.39558
-3.39483
-3.39377
-3.39392
-3.39468
-3.39453
-3.39317
-3.39332
-3.39362
-3.39347
-3.39363
-3.39453
-3.39317
-3.39347
-3.39423
-3.39528
-3.39483
-3.39438
-3.39468
-3.39347
-3.39377
-3.39392
-3.39437
-3.39362
-3.39362
-3.39407
-3.39408
-3.39408
-3.39362
-3.39332
-3.39407
-3.39468
-3.39483
-3.39513
-3.39438
-3.39438
-3.39468
-3.39483
-3.39589
-3.39619
-3.39528
-3.39407
-3.39377
-3.39422
-3.39377
-3.39256
-3.39302
-3.39196
-3.39196
-3.39135
-3.39166
-3.39121
-3.39151
-3.39121
-3.39166
-3.39257
-3.39347
-3.39407
-3.39407
-3.39377
-3.39362
-3.39392
-3.39331
-3.39331
-3.39346
-3.3924
-3.39256
-3.39347
-3.39362
-3.39317
-3.39317
-3.39272
-3.39347
-3.39362
-3.39332
-3.39241
-3.39226
-3.39332
-3.39256
-3.39241
-3.39211
-3.39317
-3.39332
-3.39347
-3.39287
-3.39271
-3.39196
-3.39256
-3.39256
-3.39317
-3.39332
-3.39377
-3.39331
-3.39271
-3.3921
-3.39135
-3.39151
-3.39181
-3.39151
-3.39136
-3.39241
-3.39181
-3.39211
-3.39211
-3.39302
-3.39227
-3.39242
-3.39363
-3.39271
-3.39407
-3.39423
-3.39333
-3.39408
-3.39378
-3.39378
-3.39453
-3.39348
-3.39257
-3.39227
-3.39091
-3.39166
-3.39091
-3.39121
-3.39121
-3.39181
-3.39151
-3.39136
-3.39076
-3.39167
-3.38985
-3.39015
-3.3903
-3.39136
-3.39181
-3.39151
-3.39166
-3.39151
-3.39136
-3.39211
-3.39211
-3.39317
-3.39242
-3.39211
-3.39287
-3.39196
-3.39227
-3.39287
-3.39438
-3.39362
-3.39377
-3.39422
-3.39347
-3.39377
-3.39468
-3.39407
-3.39543
-3.39604
-3.39695
-3.3971
-3.39665
-3.39816
-3.39831
-3.39966
-3.40012
-3.40012
-3.39936
-3.39846
-3.39831
-3.398
-3.39815
-3.3983
-3.39951
-3.39891
-3.3983
-3.39785
-3.39785
-3.398
-3.39875
-3.39921
-3.39891
-3.39876
-3.39936
-3.39785
-3.398
-3.39725
-3.39725
-3.39664
-3.3974
-3.39876
-3.39936
-3.39891
-3.40042
-3.40057
-3.40072
-3.40027
-3.39951
-3.39997
-3.40087
-3.39982
-3.39845
-3.3977
-3.3974
-3.39709
-3.39679
-3.39574
-3.39589
-3.39619
-3.39694
-3.39694
-3.39679
-3.39664
-3.39619
-3.3968
-3.39589
-3.39665
-3.39543
-3.39573
-3.39573
-3.39483
-3.39513
-3.39588
-3.39649
-3.39604
-3.39634
-3.39709
-3.39724
-3.39799
-3.39784
-3.39724
-3.39724
-3.39664
-3.39649
-3.39634
-3.3977
-3.39739
-3.39694
-3.39694
-3.39497
-3.39558
-3.39648
-3.39618
-3.39634
-3.39664
-3.39619
-3.39815
-3.398
-3.39739
-3.39709
-3.39754
-3.39633
-3.39618
-3.39573
-3.39543
-3.39543
-3.39558
-3.39528
-3.39528
-3.39452
-3.39422
-3.39528
-3.39543
-3.39422
-3.39377
-3.39407
-3.39482
-3.39437
-3.39376
-3.39482
-3.39467
-3.39452
-3.39512
-3.39587
-3.39648
-3.39527
-3.39527
-3.39451
-3.39437
-3.39406
-3.39391
-3.39467
-3.39437
-3.39331
-3.39316
-3.39331
-3.39211
-3.39135
-3.39135
-3.39135
-3.39165
-3.39089
-3.39119
-3.39134
-3.39044
-3.38999
-3.3906
-3.39135
-3.39135
-3.39256
-3.39392
-3.39376
-3.39391
-3.39331
-3.39271
-3.39301
-3.39362
-3.39467
-3.39437
-3.39467
-3.39422
-3.39513
-3.39558
-3.39422
-3.39527
-3.39467
-3.39467
-3.39437
-3.39347
-3.39302
-3.39272
-3.39226
-3.39226
-3.39226
-3.39271
-3.39316
-3.39346
-3.39331
-3.39392
-3.39407
-3.39423
-3.39408
-3.39347
-3.39362
-3.39271
-3.39331
-3.39316
-3.39407
-3.39332
-3.39287
-3.39242
-3.39181
-3.39197
-3.39196
-3.39196
-3.3921
-3.39255
-3.39316
-3.3912
-3.3912
-3.3909
-3.3903
-3.39015
-3.39015
-3.3903
-3.39015
-3.38999
-3.3906
-3.3918
-3.39271
-3.39362
-3.39422
-3.39407
-3.39452
-3.39316
-3.39346
-3.39225
-3.39225
-3.39195
-3.3918
-3.3924
-3.39286
-3.39331
-3.39346
-3.39301
-3.39241
-3.39256
-3.39195
-3.39331
-3.39331
-3.39347
-3.39483
-3.39483
-3.39453
-3.39453
-3.39438
-3.39604
-3.39634
-3.39649
-3.39634
-3.39543
-3.39558
-3.39422
-3.39422
-3.39346
-3.39422
-3.39346
-3.39301
-3.39226
-3.39317
-3.39302
-3.39393
-3.39378
-3.39393
-3.39438
-3.39468
-3.39513
-3.39573
-3.39543
-3.39559
-3.39453
-3.39407
-3.39498
-3.39558
-3.39483
-3.39589
-3.39573
-3.39619
-3.39588
-3.39588
-3.39634
-3.39695
-3.39695
-3.3971
-3.39649
-3.39574
-3.39558
-3.39543
-3.39528
-3.39467
-3.39422
-3.39468
-3.39453
-3.39407
-3.39482
-3.39467
-3.39467
-3.39482
-3.39376
-3.39286
-3.39255
-3.39346
-3.39316
-3.3921
-3.39256
-3.39241
-3.39302
-3.39332
-3.39407
-3.39437
-3.39452
-3.39452
-3.39407
-3.39407
-3.39437
-3.39346
-3.39271
-3.39286
-3.39271
-3.39226
-3.39271
-3.39377
-3.39286
-3.39241
-3.39166
-3.39075
-3.39136
-3.39287
-3.39393
-3.39241
-3.39347
-3.39392
-3.39361
-3.39331
-3.39301
-3.39377
-3.39347
-3.39256
-3.39362
-3.39422
-3.39423
-3.39362
-3.39453
-3.39408
-3.39453
-3.39438
-3.39377
-3.39362
-3.39271
-3.39362
-3.39331
-3.39301
-3.3924
-3.3921
-3.3918
-3.39135
-3.39105
-3.39105
-3.39196
-3.39181
-3.39241
-3.39196
-3.39286
-3.39317
-3.39407
-3.39437
-3.39528
-3.39558
-3.39619
-3.39588
-3.39603
-3.39573
-3.39603
-3.39664
-3.39588
-3.39498
-3.39483
-3.39392
-3.39317
-3.39347
-3.39468
-3.39543
-3.39573
-3.39633
-3.39513
-3.39679
-3.39664
-3.39695
-3.39664
-3.39573
-3.39573
-3.39633
-3.39588
-3.39528
-3.39468
-3.39468
-3.39498
-3.39377
-3.39453
-3.39528
-3.39423
-3.39332
-3.39332
-3.39317
-3.39377
-3.39438
-3.39423
-3.39438
-3.39468
-3.39543
-3.39528
-3.39513
-3.39468
-3.39513
-3.39483
-3.39619
-3.39649
-3.3974
-3.39664
-3.39649
-3.39664
-3.39604
-3.39649
-3.39513
-3.39498
-3.39438
-3.39332
-3.39407
-3.39362
-3.39317
-3.39347
-3.39302
-3.39302
-3.39302
-3.39256
-3.39377
-3.39543
-3.39467
-3.39437
-3.39362
-3.39362
-3.39241
-3.39211
-3.39197
-3.39257
-3.39348
-3.39332
-3.39302
-3.39287
-3.39226
-3.39211
-3.39256
-3.39226
-3.3918
-3.3918
-3.39225
-3.3909
-3.3903
-3.38999
-3.3903
-3.39181
-3.39226
-3.39257
-3.39226
-3.39121
-3.39105
-3.3909
-3.3915
-3.39211
-3.39256
-3.39256
-3.39196
-3.39256
-3.39271
-3.39302
-3.39271
-3.39301
-3.39256
-3.39226
-3.3918
-3.3912
-3.39105
-3.39166
-3.39181
-3.39045
-3.39135
-3.39226
-3.39317
-3.39347
-3.39287
-3.39332
-3.39362
-3.39286
-3.39271
-3.39286
-3.39256
-3.39256
-3.39317
-3.39332
-3.39332
-3.39286
-3.39226
-3.39226
-3.39287
-3.39453
-3.39453
-3.39543
-3.39513
-3.39558
-3.39543
-3.39377
-3.39226
-3.39362
-3.39256
-3.39271
-3.39256
-3.39377
-3.39483
-3.39452
-3.39452
-3.39483
-3.39362
-3.39286
-3.39332
-3.39332
-3.39347
-3.39453
-3.39453
-3.39543
-3.39544
-3.39468
-3.39377
-3.39423
-3.39408
-3.39468
-3.39347
-3.39362
-3.3921
-3.39195
-3.3915
-3.39165
-3.39165
-3.3918
-3.39181
-3.39151
-3.39196
-3.39257
-3.39257
-3.39151
-3.39241
-3.39332
-3.39362
-3.39438
-3.39423
-3.39347
-3.39257
-3.39317
-3.39257
-3.39181
-3.39181
-3.39226
-3.39286
-3.3921
-3.39181
-3.39181
-3.39121
-3.39061
-3.39076
-3.39091
-3.39106
-3.39045
-3.38954
-3.38984
-3.38939
-3.38909
-3.38833
-3.38833
-3.38848
-3.38984
-3.39075
-3.39226
-3.39302
-3.39272
-3.39272
-3.39302
-3.39332
-3.39468
-3.39498
-3.39528
-3.39498
-3.39483
-3.39438
-3.39392
-3.39392
-3.39393
-3.39332
-3.39302
-3.39256
-3.39196
-3.39075
-3.39151
-3.39121
-3.39136
-3.39136
-3.3903
-3.39075
-3.39045
-3.3906
-3.3906
-3.39015
-3.39
-3.38985
-3.38939
-3.39
-3.38909
-3.38895
-3.38895
-3.3897
-3.39076
-3.39076
-3.39
-3.38985
-3.38954
-3.38969
-3.39015
-3.39045
-3.38954
-3.38894
-3.38924
-3.38925
-3.39121
-3.3897
-3.38955
-3.38955
-3.38955
-3.38939
-3.39015
-3.39045
-3.3906
-3.39045
-3.39
-3.39121
-3.39121
-3.39105
-3.3906
-3.39045
-3.3906
-3.39015
-3.39015
-3.3894
-3.38819
-3.38729
-3.38698
-3.38729
-3.38834
-3.38894
-3.38894
-3.38909
-3.38939
-3.38848
-3.38803
-3.38773
-3.38803
-3.38804
-3.38864
-3.3897
-3.39076
-3.39182
-3.39227
-3.39212
-3.39181
-3.39106
-3.3903
-3.39105
-3.39105
-3.3912
-3.39045
-3.38985
-3.3906
-3.38985
-3.38909
-3.38985
-3.3909
-3.39151
-3.3906
-3.39
-3.38924
-3.38924
-3.38894
-3.38969
-3.3906
-3.39135
-3.3909
-3.39166
-3.39226
-3.39272
-3.39317
-3.39287
-3.39332
-3.39332
-3.39392
-3.39272
-3.39241
-3.39226
-3.39211
-3.39165
-3.3915
-3.39166
-3.3909
-3.39105
-3.39121
-3.39181
-3.39226
-3.39226
-3.3909
-3.39015
-3.38924
-3.38909
-3.39045
-3.3903
-3.38985
-3.3897
-3.3894
-3.38955
-3.38985
-3.3897
-3.38834
-3.38788
-3.38819
-3.38789
-3.38864
-3.38954
-3.39
-3.38985
-3.39136
-3.39227
-3.39257
-3.39226
-3.39241
-3.39347
-3.39377
-3.39257
-3.39287
-3.39242
-3.39242
-3.39197
-3.39152
-3.39121
-3.39091
-3.39121
-3.39121
-3.3906
-3.39
-3.39061
-3.39076
-3.39121
-3.39106
-3.39211
-3.39226
-3.39257
-3.39362
-3.39332
-3.39363
-3.39272
-3.39272
-3.39302
-3.39332
-3.39317
-3.39272
-3.39332
-3.39438
-3.39483
-3.39362
-3.39438
-3.39332
-3.39302
-3.39347
-3.39332
-3.39302
-3.39287
-3.39377
-3.39377
-3.39332
-3.39377
-3.39347
-3.39528
-3.39483
-3.39483
-3.39422
-3.39392
-3.39347
-3.39498
-3.39558
-3.39589
-3.39619
-3.39619
-3.39513
-3.39619
-3.3968
-3.3974
-3.39771
-3.3977
-3.39664
-3.39634
-3.39724
-3.398
-3.39815
-3.39815
-3.3977
-3.39604
-3.39574
-3.39423
-3.39423
-3.39393
-3.39423
-3.39393
-3.39438
-3.39408
-3.39438
-3.39513
-3.39483
-3.39589
-3.39604
-3.39528
-3.39543
-3.39528
-3.39468
-3.39438
-3.39513
-3.39468
-3.39468
-3.39468
-3.39438
-3.39347
-3.39377
-3.39317
-3.39362
-3.39377
-3.39332
-3.39332
-3.39332
-3.39302
-3.39317
-3.39271
-3.39332
-3.39301
-3.39241
-3.39211
-3.39211
-3.39181
-3.39181
-3.39121
-3.39075
-3.39091
-3.39075
-3.39075
-3.3903
-3.39
-3.38924
-3.38999
-3.39045
-3.3903
-3.39014
-3.3909
-3.3909
-3.3906
-3.39014
-3.39015
-3.39045
-3.39
-3.39045
-3.39045
-3.39015
-3.39015
-3.39061
-3.39136
-3.3912
-3.39165
-3.3912
-3.3912
-3.3915
-3.39105
-3.39181
-3.39211
-3.39226
-3.39121
-3.39015
-3.38909
-3.39
-3.3906
-3.3909
-3.39196
-3.39136
-3.39121
-3.39045
-3.39106
-3.39196
-3.39226
-3.39166
-3.39196
-3.39166
-3.39242
-3.39196
-3.39212
-3.39257
-3.39227
-3.39227
-3.39227
-3.39272
-3.39317
-3.39377
-3.39544
-3.39483
-3.39438
-3.39347
-3.39363
-3.39347
-3.39317
-3.39227
-3.39212
-3.39031
-3.39076
-3.39197
-3.39227
-3.39211
-3.39227
-3.39332
-3.39212
-3.39166
-3.39181
-3.39226
-3.39181
-3.39166
-3.39075
-3.39121
-3.39015
-3.3903
-3.39121
-3.39166
-3.39166
-3.39211
-3.39211
-3.39241
-3.39196
-3.39151
-3.39061
-3.39046
-3.39091
-3.39122
-3.39122
-3.39242
-3.39212
-3.39333
-3.39348
-3.39287
-3.39272
-3.39333
-3.39363
-3.39333
-3.39303
-3.39348
-3.39363
-3.39348
-3.39378
-3.39318
-3.39348
-3.39303
-3.39257
-3.39257
-3.39242
-3.39363
-3.39423
-3.39409
-3.39424
-3.39438
-3.39408
-3.39423
-3.39347
-3.39348
-3.39317
-3.39453
-3.39423
-3.39348
-3.39378
-3.39423
-3.39348
-3.39272
-3.39227
-3.39212
-3.39196
-3.39106
-3.39076
-3.3897
-3.38925
-3.38955
-3.3897
-3.3897
-3.38969
-3.39075
-3.3906
-3.39136
-3.39181
-3.39227
-3.39227
-3.39182
-3.39212
-3.39257
-3.39257
-3.39242
-3.39151
-3.39166
-3.39181
-3.39151
-3.3906
-3.3906
-3.39075
-3.3915
-3.39105
-3.39181
-3.39211
-3.39287
-3.39393
-3.39378
-3.39333
-3.39272
-3.39302
-3.39287
-3.39181
-3.39181
-3.39287
-3.39257
-3.39348
-3.39318
-3.39302
-3.39287
-3.39287
-3.39317
-3.39302
-3.39332
-3.39166
-3.39317
-3.39347
-3.39378
-3.39317
-3.39242
-3.39242
-3.39242
-3.39196
-3.39317
-3.39317
-3.39408
-3.39438
-3.39468
-3.39317
-3.39408
-3.39393
-3.39423
-3.39348
-3.39378
-3.39454
-3.39393
-3.39438
-3.39348
-3.39363
-3.39362
-3.39377
-3.39392
-3.39392
-3.39377
-3.39407
-3.39393
-3.39438
-3.39302
-3.39378
-3.39438
-3.39408
-3.39408
-3.39483
-3.39529
-3.39498
-3.39393
-3.39362
-3.39347
-3.39393
-3.39332
-3.39332
-3.39317
-3.39287
-3.39256
-3.39302
-3.39377
-3.39407
-3.39362
-3.39332
-3.39347
-3.39347
-3.39257
-3.39257
-3.39196
-3.3906
-3.39166
-3.39302
-3.39332
-3.39347
-3.39347
-3.39271
-3.39272
-3.39257
-3.39211
-3.39151
-3.39136
-3.39151
-3.39181
-3.39226
-3.39241
-3.39212
-3.39303
-3.39272
-3.39227
-3.39257
-3.39302
-3.39438
-3.39423
-3.39453
-3.39453
-3.39514
-3.39544
-3.39574
-3.39604
-3.39619
-3.39679
-3.39619
-3.39573
-3.39543
-3.39423
-3.39377
-3.39378
-3.39287
-3.39181
-3.39182
-3.39257
-3.39257
-3.39332
-3.39332
-3.39226
-3.39211
-3.39256
-3.39287
-3.39332
-3.39257
-3.39212
-3.39212
-3.39227
-3.39272
-3.39287
-3.39453
-3.39544
-3.39604
-3.39604
-3.39634
-3.39498
-3.39543
-3.39498
-3.39468
-3.39483
-3.39468
-3.39498
-3.39498
-3.39423
-3.39393
-3.39333
-3.39348
-3.39273
-3.39046
-3.39137
-3.39166
-3.39105
-3.39105
-3.39196
-3.3912
-3.39121
-3.39106
-3.39106
-3.39106
-3.39166
-3.39227
-3.39332
-3.39302
-3.39468
-3.39513
-3.39468
-3.39514
-3.39529
-3.39499
-3.39484
-3.39468
-3.39468
-3.39498
-3.39574
-3.39559
-3.39589
-3.39529
-3.39499
-3.39559
-3.39544
-3.39438
-3.39348
-3.39332
-3.39378
-3.39226
-3.39226
-3.39347
-3.39332
-3.39332
-3.39317
-3.39241
-3.39227
-3.39182
-3.39197
-3.39303
-3.39227
-3.39287
-3.39257
-3.39347
-3.39257
-3.39347
-3.39453
-3.39347
-3.39378
-3.39287
-3.39182
-3.39212
-3.39197
-3.39182
-3.39303
-3.39363
-3.39363
-3.39423
-3.39438
-3.39619
-3.39649
-3.3968
-3.39665
-3.3971
-3.39665
-3.3962
-3.3959
-3.3962
-3.39665
-3.39559
-3.39559
-3.39574
-3.39665
-3.3959
-3.39635
-3.39635
-3.3965
-3.39741
-3.39786
-3.39831
-3.39786
-3.39846
-3.3974
-3.39755
-3.39725
-3.39634
-3.39574
-3.39589
-3.39574
-3.39469
-3.3962
-3.3962
-3.3959
-3.39635
-3.3965
-3.39574
-3.39529
-3.39635
-3.3959
-3.39529
-3.39438
-3.39469
-3.39378
-3.39363
-3.39287
-3.39302
-3.39317
-3.39211
-3.39226
-3.39272
-3.39211
-3.39211
-3.39121
-3.39196
-3.39167
-3.39227
-3.39182
-3.39243
-3.39273
-3.39364
-3.39318
-3.39317
-3.39302
-3.39392
-3.39544
-3.39544
-3.39605
-3.39545
-3.39409
-3.39333
-3.39393
-3.39454
-3.39544
-3.39514
-3.3956
-3.39529
-3.39529
-3.3959
-3.3959
-3.39636
-3.39605
-3.3956
-3.39529
-3.39469
-3.39393
-3.39363
-3.39363
-3.39348
-3.39364
-3.39545
-3.39561
-3.39546
-3.3956
-3.39575
-3.39634
-3.3965
-3.3962
-3.39591
-3.39621
-3.39591
-3.395
-3.39439
-3.39394
-3.39454
-3.39409
-3.39348
-3.39394
-3.39258
-3.39242
-3.39333
-3.39317
-3.39348
-3.39378
-3.39364
-3.39288
-3.39318
-3.39454
-3.39409
-3.39394
-3.39379
-3.39288
-3.39318
-3.39318
-3.39318
-3.39378
-3.39469
-3.39273
-3.39212
-3.39182
-3.39122
-3.39288
-3.39198
-3.39243
-3.39288
-3.39288
-3.39333
-3.39272
-3.39302
-3.39363
-3.39409
-3.39349
-3.39318
-3.39379
-3.39349
-3.39349
-3.39288
-3.39364
-3.39394
-3.39379
-3.39318
-3.39288
-3.39288
-3.39303
-3.39394
-3.39363
-3.39409
-3.39349
-3.39349
-3.39454
-3.39454
-3.39394
-3.39424
-3.39333
-3.39424
-3.39454
-3.39318
-3.39197
-3.39137
-3.39122
-3.39182
-3.39182
-3.39152
-3.39107
-3.39183
-3.39243
-3.39334
-3.39319
-3.39364
-3.39364
-3.39454
-3.39469
-3.3953
-3.395
-3.39485
-3.39575
-3.3956
-3.395
-3.3953
-3.3944
-3.3947
-3.39485
-3.39545
-3.3953
-3.3947
-3.3953
-3.39454
-3.39545
-3.39575
-3.3959
-3.3965
-3.3962
-3.39605
-3.39621
-3.39576
-3.39591
-3.39576
-3.39576
-3.39591
-3.3956
-3.39605
-3.39545
-3.39439
-3.39424
-3.39515
-3.39485
-3.39425
-3.39394
-3.39515
-3.3959
-3.3953
-3.39636
-3.39606
-3.39727
-3.39802
-3.39757
-3.39711
-3.39741
-3.39681
-3.39666
-3.39756
-3.39741
-3.39711
-3.39696
-3.39666
-3.39651
-3.39605
-3.39605
-3.39665
-3.39801
-3.39817
-3.39802
-3.39817
-3.39727
-3.39742
-3.39742
-3.39697
-3.39757
-3.39757
-3.39757
-3.39787
-3.39802
-3.39696
-3.3965
-3.3971
-3.3965
-3.39711
-3.39666
-3.39681
-3.39606
-3.39576
-3.39636
-3.39605
-3.39696
-3.39575
-3.39636
-3.3953
-3.3959
-3.39666
-3.39635
-3.39545
-3.3953
-3.39514
-3.39575
-3.39515
-3.39575
-3.3959
-3.39666
-3.3962
-3.39756
-3.39635
-3.39711
-3.39665
-3.39756
-3.39817
-3.39787
-3.39892
-3.39877
-3.39787
-3.39772
-3.39681
-3.39606
-3.39606
-3.3953
-3.3956
-3.39379
-3.39228
-3.39092
-3.39107
-3.39107
-3.39106
-3.39046
-3.39106
-3.39076
-3.39212
-3.39182
-3.39198
-3.39183
-3.39168
-3.39093
-3.38957
-3.38971
-3.38971
-3.39016
-3.39092
-3.39092
-3.39167
-3.39303
-3.39303
-3.39212
-3.39182
-3.39197
-3.39122
-3.39152
-3.39137
-3.39077
-3.38986
-3.38986
-3.38941
-3.3885
-3.38835
-3.38805
-3.3882
-3.38941
-3.39047
-3.39122
-3.39152
-3.39288
-3.39242
-3.39258
-3.39363
-3.39318
-3.39318
-3.39334
-3.39273
-3.39258
-3.39273
-3.39363
-3.39318
-3.39288
-3.39303
-3.39303
-3.39363
-3.39288
-3.39257
-3.39378
-3.39409
-3.39409
-3.39348
-3.39303
-3.39197
-3.39122
-3.39182
-3.39197
-3.39152
-3.39137
-3.39227
-3.39182
-3.39212
-3.39182
-3.39151
-3.39242
-3.39348
-3.39469
-3.39545
-3.3953
-3.395
-3.39515
-3.39454
-3.39424
-3.39424
-3.39409
-3.39394
-3.39333
-3.39378
-3.39303
-3.39227
-3.39243
-3.39197
-3.39243
-3.39167
-3.39152
-3.39152
-3.39061
-3.39077
-3.39107
-3.39092
-3.39107
-3.39182
-3.39076
-3.39152
-3.39197
-3.39182
-3.39167
-3.39152
-3.39228
-3.39288
-3.39243
-3.39212
-3.39107
-3.39152
-3.39137
-3.39228
-3.39198
-3.39258
-3.39212
-3.39303
-3.39348
-3.39288
-3.39288
-3.39258
-3.3941
-3.39288
-3.39258
-3.39168
-3.39168
-3.39047
-3.39002
-3.39062
-3.39092
-3.39167
-3.39228
-3.39198
-3.39228
-3.39152
-3.39182
-3.39228
-3.39152
-3.39092
-3.39107
-3.39168
-3.39123
-3.39198
-3.39138
-3.39153
-3.39092
-3.39137
-3.39198
-3.39319
-3.39304
-3.39349
-3.39349
-3.39288
-3.39334
-3.39288
-3.39289
-3.39289
-3.39304
-3.39334
-3.39289
-3.39288
-3.39364
-3.39379
-3.39289
-3.39334
-3.39365
-3.3941
-3.39379
-3.39303
-3.39318
-3.39318
-3.39333
-3.39379
-3.39349
-3.3944
-3.39455
-3.3947
-3.39409
-3.3941
-3.39334
-3.39364
-3.39364
-3.39349
-3.39424
-3.3947
-3.39394
-3.39394
-3.39348
-3.39363
-3.39318
-3.39273
-3.39288
-3.39273
-3.39348
-3.39394
-3.39484
-3.39439
-3.39273
-3.39379
-3.39379
-3.3944
-3.39409
-3.39364
-3.39394
-3.39394
-3.39334
-3.39273
-3.39304
-3.39288
-3.39213
-3.39334
-3.39379
-3.39455
-3.39455
-3.39455
-3.3944
-3.3944
-3.39455
-3.39501
-3.39516
-3.3944
-3.39531
-3.39516
-3.39546
-3.39636
-3.39591
-3.39591
-3.39591
-3.39591
-3.39606
-3.39545
-3.39531
-3.3944
-3.39425
-3.39455
-3.3947
-3.39456
-3.39335
-3.39336
-3.3926
-3.3932
-3.39334
-3.39213
-3.39257
-3.39137
-3.39213
-3.39214
-3.3929
-3.39214
-3.39154
-3.39063
