-3.75171
-3.75186
-3.75201
-3.75171
-3.75201
-3.75065
-3.75095
-3.75141
-3.75095
-3.7505
-3.75065
-3.74944
-3.74853
-3.74793
-3.74793
-3.74777
-3.74687
-3.74612
-3.74672
-3.74748
-3.74703
-3.74642
-3.74733
-3.74823
-3.74778
-3.74763
-3.74733
-3.74854
-3.74884
-3.74853
-3.74929
-3.74928
-3.74898
-3.74913
-3.74989
-3.7505
-3.74974
-3.74884
-3.74959
-3.74884
-3.74914
-3.75004
-3.74914
-3.74823
-3.74732
-3.74792
-3.74792
-3.74641
-3.74626
-3.74611
-3.74657
-3.74778
-3.74732
-3.74793
-3.74808
-3.74793
-3.74717
-3.74748
-3.74612
-3.74612
-3.74627
-3.74627
-3.74596
-3.74536
-3.74536
-3.74461
-3.74521
-3.74522
-3.74552
-3.74657
-3.74702
-3.74626
-3.74505
-3.74506
-3.74415
-3.74506
-3.74491
-3.7437
-3.74385
-3.74385
-3.744
-3.74506
-3.74521
-3.74475
-3.74415
-3.74445
-3.74294
-3.74294
-3.74234
-3.74279
-3.74309
-3.74279
-3.744
-3.74476
-3.74416
-3.74415
-3.7434
-3.74294
-3.74294
-3.74324
-3.74385
-3.7446
-3.74536
-3.74445
-3.74505
-3.74626
-3.74778
-3.74823
-3.74899
-3.74899
-3.74733
-3.74718
-3.74612
-3.74657
-3.74611
-3.74627
-3.74627
-3.74717
-3.74748
-3.74687
-3.74612
-3.74597
-3.74627
-3.74612
-3.74582
-3.74642
-3.74597
-3.74551
-3.74491
-3.74551
-3.74596
-3.74642
-3.74627
-3.74642
-3.74627
-3.74672
-3.74733
-3.74672
-3.74748
-3.74732
-3.74732
-3.74732
-3.74717
-3.74702
-3.74763
-3.74748
-3.74702
-3.74793
-3.74808
-3.74868
-3.74883
-3.74838
-3.74778
-3.74778
-3.74808
-3.74823
-3.74884
-3.74884
-3.74853
-3.74808
-3.74853
-3.74883
-3.74808
-3.74898
-3.74913
-3.74928
-3.74838
-3.74762
-3.74747
-3.74808
-3.74898
-3.74868
-3.74823
-3.74778
-3.74793
-3.74793
-3.74793
-3.74687
-3.74717
-3.74581
-3.74657
-3.74626
-3.74611
-3.74672
-3.74687
-3.74626
-3.74702
-3.74657
-3.74626
-3.74535
-3.7455
-3.74551
-3.74596
-3.74626
-3.74566
-3.74506
-3.7446
-3.74415
-3.74385
-3.74249
-3.74354
-3.7437
-3.7449
-3.74521
-3.74475
-3.74535
-3.7455
-3.74581
-3.74611
-3.74701
-3.74702
-3.74581
-3.74687
-3.74732
-3.74732
-3.74793
-3.74884
-3.74823
-3.74823
-3.74853
-3.74822
-3.74943
-3.75033
-3.74988
-3.74988
-3.75033
-3.74988
-3.74928
-3.74913
-3.74944
-3.74808
-3.74884
-3.74899
-3.74838
-3.74793
-3.74868
-3.74929
-3.74959
-3.74838
-3.74838
-3.74807
-3.74701
-3.74686
-3.74716
-3.74731
-3.74671
-3.74656
-3.74626
-3.74671
-3.74777
-3.74807
-3.74762
-3.74777
-3.74762
-3.74838
-3.74822
-3.74792
-3.74732
-3.74807
-3.74928
-3.74837
-3.74958
-3.74883
-3.74943
-3.74928
-3.74958
-3.75079
-3.75064
-3.75049
-3.75064
-3.75049
-3.75064
-3.75034
-3.75003
-3.74988
-3.74928
-3.74898
-3.74822
-3.74777
-3.74823
-3.74853
-3.74929
-3.74883
-3.74823
-3.74747
-3.74626
-3.74566
-3.74521
-3.74581
-3.74581
-3.74596
-3.7452
-3.74581
-3.74686
-3.74671
-3.74641
-3.74671
-3.74732
-3.74732
-3.74702
-3.74793
-3.74793
-3.74793
-3.74672
-3.74702
-3.74717
-3.74763
-3.74732
-3.74778
-3.74823
-3.74898
-3.74883
-3.74852
-3.74777
-3.74761
-3.74807
-3.74883
-3.75004
-3.75019
-3.75004
-3.74989
-3.74868
-3.74868
-3.74959
-3.74883
-3.74823
-3.74762
-3.74732
-3.74868
-3.74838
-3.74777
-3.74853
-3.74792
-3.74762
-3.74657
-3.74732
-3.74868
-3.74762
-3.74808
-3.74838
-3.74792
-3.74732
-3.74731
-3.74762
-3.74792
-3.74731
-3.74732
-3.74807
-3.74852
-3.74822
-3.74777
-3.74731
-3.74762
-3.74687
-3.74656
-3.74823
-3.74868
-3.74762
-3.74747
-3.74822
-3.74747
-3.74626
-3.74702
-3.74702
-3.74656
-3.74626
-3.7455
-3.74459
-3.74459
-3.74429
-3.74384
-3.74414
-3.74354
-3.74384
-3.7452
-3.7446
-3.74445
-3.74369
-3.74293
-3.74339
-3.74324
-3.74384
-3.74309
-3.74264
-3.74354
-3.7443
-3.74581
-3.74566
-3.74626
-3.74717
-3.74701
-3.74686
-3.74596
-3.74641
-3.74626
-3.7455
-3.7449
-3.74399
-3.74429
-3.74384
-3.74444
-3.74429
-3.74505
-3.7455
-3.74626
-3.74611
-3.74626
-3.74611
-3.74657
-3.74641
-3.74732
-3.74762
-3.74807
-3.74746
-3.74731
-3.74747
-3.74686
-3.74702
-3.74702
-3.74702
-3.74732
-3.74612
-3.74642
-3.74687
-3.74627
-3.74672
-3.74792
-3.74852
-3.74897
-3.75033
-3.75109
-3.75125
-3.752
-3.7517
-3.75216
-3.75155
-3.75201
-3.7517
-3.75065
-3.7508
-3.75065
-3.75186
-3.75246
-3.75155
-3.75155
-3.75139
-3.75004
-3.75004
-3.74899
-3.74808
-3.74778
-3.74839
-3.74869
-3.74823
-3.74959
-3.74913
-3.74898
-3.74943
-3.74913
-3.75004
-3.74913
-3.74974
-3.74929
-3.74914
-3.74853
-3.74853
-3.74899
-3.74884
-3.74868
-3.74929
-3.74868
-3.74928
-3.74898
-3.74823
-3.74808
-3.74687
-3.74657
-3.74657
-3.74581
-3.7446
-3.74445
-3.74505
-3.74505
-3.74611
-3.74566
-3.74596
-3.74521
-3.74536
-3.74657
-3.74717
-3.74747
-3.74657
-3.74687
-3.74626
-3.74671
-3.74611
-3.74566
-3.74641
-3.74702
-3.74778
-3.74868
-3.74853
-3.74929
-3.74944
-3.75005
-3.7499
-3.74914
-3.74854
-3.74945
-3.74944
-3.74989
-3.74974
-3.75019
-3.7505
-3.75005
-3.75081
-3.75172
-3.75111
-3.75005
-3.75065
-3.74974
-3.75005
-3.75005
-3.74945
-3.7499
-3.7496
-3.74944
-3.74914
-3.74944
-3.74944
-3.74853
-3.74823
-3.74748
-3.74672
-3.74551
-3.74702
-3.74793
-3.74733
-3.74733
-3.74808
-3.74838
-3.74959
-3.74944
-3.74839
-3.74854
-3.74899
-3.74884
-3.74944
-3.74975
-3.75111
-3.75217
-3.75217
-3.75186
-3.75262
-3.75277
-3.75277
-3.75201
-3.75231
-3.75126
-3.75096
-3.75066
-3.7499
-3.7502
-3.75096
-3.75096
-3.75051
-3.75036
-3.75051
-3.75035
-3.75065
-3.74974
-3.74929
-3.74989
-3.75005
-3.7502
-3.7493
-3.749
-3.749
-3.74854
-3.74884
-3.74945
-3.7499
-3.7502
-3.74945
-3.74914
-3.74914
-3.74808
-3.74778
-3.74763
-3.74763
-3.74732
-3.74793
-3.74884
-3.74778
-3.74778
-3.74718
-3.74703
-3.74748
-3.74748
-3.74779
-3.74764
-3.74839
-3.74748
-3.74809
-3.74869
-3.74959
-3.7505
-3.7508
-3.7508
-3.75126
-3.7511
-3.7505
-3.75005
-3.74959
-3.74974
-3.74929
-3.74975
-3.74854
-3.7496
-3.74899
-3.74915
-3.74884
-3.74839
-3.74823
-3.74899
-3.74974
-3.7508
-3.75019
-3.74989
-3.74959
-3.74989
-3.74929
-3.74944
-3.74899
-3.74945
-3.74975
-3.75005
-3.7499
-3.74854
-3.74869
-3.74869
-3.74824
-3.74824
-3.74778
-3.74763
-3.74763
-3.74839
-3.74929
-3.7499
-3.7508
-3.74975
-3.74929
-3.7493
-3.74854
-3.749
-3.74854
-3.74915
-3.74884
-3.74793
-3.74763
-3.74808
-3.74688
-3.74733
-3.74718
-3.74582
-3.74552
-3.74582
-3.74416
-3.74476
-3.74446
-3.74446
-3.74431
-3.74476
-3.74386
-3.74401
-3.74416
-3.74431
-3.74613
-3.74673
-3.74628
-3.74673
-3.74658
-3.74703
-3.74703
-3.74673
-3.74718
-3.74748
-3.74703
-3.74688
-3.74627
-3.74718
-3.74672
-3.74657
-3.74642
-3.74687
-3.74763
-3.74778
-3.74748
-3.74778
-3.74688
-3.74703
-3.74642
-3.74627
-3.74688
-3.74672
-3.74718
-3.74778
-3.74672
-3.74733
-3.74612
-3.74612
-3.74582
-3.74551
-3.74642
-3.74627
-3.74597
-3.74567
-3.74536
-3.74597
-3.74597
-3.74612
-3.74672
-3.74718
-3.74763
-3.74824
-3.74854
-3.74748
-3.74673
-3.74718
-3.74794
-3.74824
-3.74824
-3.74764
-3.74824
-3.74869
-3.74914
-3.74899
-3.74823
-3.74884
-3.74778
-3.74718
-3.74778
-3.74688
-3.74627
-3.74673
-3.74778
-3.74809
-3.74839
-3.74869
-3.74914
-3.74899
-3.74808
-3.74808
-3.74869
-3.74929
-3.74914
-3.74899
-3.74975
-3.7496
-3.7502
-3.75005
-3.75005
-3.7502
-3.74989
-3.74974
-3.74974
-3.75065
-3.75096
-3.7505
-3.7499
-3.7505
-3.75111
-3.75035
-3.7508
-3.75095
-3.7505
-3.7508
-3.75186
-3.7511
-3.75095
-3.74914
-3.74823
-3.7499
-3.74944
-3.74929
-3.74914
-3.74914
-3.74839
-3.74763
-3.74642
-3.74688
-3.74672
-3.74612
-3.74521
-3.74642
-3.74672
-3.74627
-3.74687
-3.74642
-3.74748
-3.74748
-3.74793
-3.74763
-3.74899
-3.74854
-3.74854
-3.74899
-3.74824
-3.74884
-3.7499
-3.74989
-3.74944
-3.74899
-3.74929
-3.74989
-3.74869
-3.74899
-3.74899
-3.74884
-3.74854
-3.74793
-3.74793
-3.74763
-3.74703
-3.74642
-3.74793
-3.74808
-3.74763
-3.74808
-3.74793
-3.74838
-3.74717
-3.74748
-3.74778
-3.74839
-3.74839
-3.74869
-3.74808
-3.74763
-3.74733
-3.74703
-3.74748
-3.74733
-3.74748
-3.74778
-3.74793
-3.74853
-3.74823
-3.74793
-3.74718
-3.74733
-3.74748
-3.74763
-3.74914
-3.74823
-3.74899
-3.74974
-3.74914
-3.74898
-3.74944
-3.74898
-3.74853
-3.74808
-3.74853
-3.74748
-3.74733
-3.74793
-3.74914
-3.74854
-3.74824
-3.74793
-3.74839
-3.74944
-3.74944
-3.7508
-3.7502
-3.74959
-3.75065
-3.7511
-3.7511
-3.75171
-3.7502
-3.7508
-3.75035
-3.7502
-3.75155
-3.75125
-3.7517
-3.75095
-3.7514
-3.75156
-3.75035
-3.7505
-3.75035
-3.7508
-3.7508
-3.7508
-3.75049
-3.74898
-3.74974
-3.75065
-3.75065
-3.75065
-3.75005
-3.74884
-3.74914
-3.74929
-3.74899
-3.74853
-3.74823
-3.74793
-3.74762
-3.74747
-3.74717
-3.74732
-3.74808
-3.74717
-3.74672
-3.74657
-3.74732
-3.74657
-3.74717
-3.74581
-3.74581
-3.74641
-3.74611
-3.74687
-3.74823
-3.74928
-3.74898
-3.74838
-3.74899
-3.74974
-3.74974
-3.74944
-3.74883
-3.74944
-3.74823
-3.74868
-3.74747
-3.74762
-3.74762
-3.74626
-3.74626
-3.74747
-3.74762
-3.74792
-3.74943
-3.74868
-3.75034
-3.75064
-3.75049
-3.75034
-3.75064
-3.75064
-3.74944
-3.74898
-3.74944
-3.74929
-3.74898
-3.74868
-3.75034
-3.75094
-3.75064
-3.75124
-3.75094
-3.75215
-3.752
-3.7514
-3.75125
-3.75034
-3.74989
-3.75019
-3.74944
-3.75019
-3.75019
-3.74928
-3.74868
-3.74747
-3.74702
-3.74657
-3.74762
-3.74792
-3.74792
-3.74777
-3.74686
-3.74747
-3.74747
-3.74717
-3.74687
-3.74687
-3.74641
-3.74642
-3.74672
-3.74672
-3.74702
-3.74672
-3.74551
-3.74505
-3.74475
-3.74505
-3.74429
-3.7443
-3.7443
-3.7449
-3.74611
-3.74611
-3.74611
-3.74656
-3.74657
-3.74566
-3.74626
-3.74671
-3.74732
-3.74822
-3.74701
-3.74732
-3.74732
-3.74731
-3.74656
-3.74626
-3.74671
-3.74762
-3.74822
-3.74747
-3.74747
-3.74626
-3.74596
-3.7452
-3.74535
-3.7452
-3.7452
-3.7452
-3.74459
-3.74505
-3.7461
-3.74611
-3.74596
-3.74475
-3.74445
-3.7449
-3.7458
-3.7458
-3.7458
-3.7458
-3.74565
-3.74671
-3.74716
-3.74777
-3.74716
-3.7458
-3.74656
-3.74747
-3.74807
-3.74762
-3.74792
-3.74838
-3.74958
-3.74958
-3.74943
-3.74958
-3.74958
-3.75048
-3.75018
-3.75003
-3.75063
-3.75064
-3.75079
-3.75004
-3.75155
-3.7514
-3.75095
-3.75034
-3.75019
-3.75094
-3.75094
-3.75094
-3.7511
-3.75079
-3.75109
-3.75094
-3.75079
-3.75064
-3.75139
-3.75063
-3.75033
-3.74943
-3.74973
-3.74943
-3.74853
-3.74838
-3.74822
-3.74868
-3.74822
-3.74897
-3.74882
-3.74867
-3.74716
-3.74671
-3.74641
-3.7458
-3.74565
-3.74581
-3.74581
-3.74611
-3.74595
-3.74656
-3.74716
-3.74792
-3.74731
-3.74746
-3.74761
-3.74822
-3.74792
-3.74777
-3.74792
-3.74807
-3.74747
-3.74731
-3.74852
-3.74913
-3.75004
-3.75019
-3.74989
-3.74989
-3.75049
-3.75049
-3.75018
-3.74958
-3.74912
-3.74973
-3.74958
-3.74943
-3.74807
-3.74807
-3.74656
-3.74611
-3.7458
-3.7458
-3.74641
-3.74732
-3.74717
-3.74762
-3.74792
-3.74853
-3.74959
-3.74928
-3.75049
-3.75034
-3.75004
-3.74989
-3.75049
-3.75003
-3.75003
-3.75034
-3.75003
-3.7517
-3.75185
-3.75261
-3.75246
-3.7517
-3.75185
-3.7517
-3.7517
-3.75094
-3.75064
-3.75064
-3.75004
-3.74913
-3.74928
-3.74959
-3.74898
-3.74958
-3.74958
-3.75004
-3.74959
-3.74928
-3.74883
-3.74929
-3.75019
-3.75019
-3.74974
-3.74807
-3.74867
-3.74822
-3.74792
-3.74822
-3.74807
-3.74732
-3.74808
-3.74883
-3.74944
-3.74928
-3.74747
-3.74641
-3.74686
-3.74717
-3.74777
-3.74762
-3.74807
-3.74777
-3.74686
-3.74777
-3.74777
-3.74822
-3.74792
-3.74838
-3.74838
-3.74883
-3.74974
-3.74913
-3.74867
-3.74882
-3.74928
-3.74913
-3.74898
-3.74913
-3.74868
-3.74898
-3.74852
-3.74807
-3.74822
-3.74822
-3.74913
-3.74897
-3.74943
-3.74958
-3.74973
-3.75004
-3.75034
-3.75034
-3.74974
-3.75064
-3.74989
-3.74958
-3.75034
-3.75049
-3.74988
-3.75049
-3.75079
-3.75034
-3.75003
-3.74868
-3.74822
-3.74898
-3.74943
-3.74883
-3.74853
-3.74747
-3.74777
-3.74747
-3.74717
-3.74641
-3.74625
-3.74625
-3.74746
-3.74747
-3.74671
-3.74687
-3.74702
-3.74687
-3.74611
-3.74566
-3.7452
-3.74505
-3.7449
-3.74596
-3.74551
-3.74505
-3.74505
-3.7449
-3.7446
-3.74475
-3.744
-3.74384
-3.74339
-3.74354
-3.74338
-3.74369
-3.74354
-3.74354
-3.74309
-3.74264
-3.74309
-3.74279
-3.74279
-3.74279
-3.74309
-3.74324
-3.7443
-3.74445
-3.7449
-3.74505
-3.74475
-3.74506
-3.74551
-3.74521
-3.74415
-3.74415
-3.74445
-3.7449
-3.74385
-3.74309
-3.7431
-3.74325
-3.74431
-3.74491
-3.744
-3.74249
-3.74249
-3.74309
-3.74339
-3.74354
-3.74339
-3.74354
-3.74369
-3.74324
-3.74385
-3.744
-3.74385
-3.74445
-3.7443
-3.74596
-3.74536
-3.7449
-3.74581
-3.74611
-3.74535
-3.74565
-3.74566
-3.74384
-3.744
-3.7443
-3.74399
-3.74505
-3.74415
-3.74369
-3.74369
-3.74369
-3.74294
-3.74278
-3.74248
-3.74233
-3.74278
-3.74264
-3.74249
-3.74355
-3.74415
-3.74521
-3.74551
-3.74656
-3.74656
-3.7455
-3.74671
-3.74792
-3.74837
-3.74807
-3.74822
-3.74807
-3.74807
-3.74868
-3.74732
-3.74868
-3.74822
-3.74837
-3.74973
-3.74958
-3.75019
-3.75109
-3.752
-3.75306
-3.75396
-3.75291
-3.75291
-3.75336
-3.75442
-3.75396
-3.75321
-3.7529
-3.75291
-3.75215
-3.75109
-3.7517
-3.7514
-3.7517
-3.75261
-3.75201
-3.75201
-3.7517
-3.7511
-3.75019
-3.75079
-3.7514
-3.75124
-3.7517
-3.75154
-3.75018
-3.75094
-3.75109
-3.75004
-3.74928
-3.74913
-3.74883
-3.74929
-3.74898
-3.74898
-3.74853
-3.74898
-3.74928
-3.74928
-3.74898
-3.74974
-3.75049
-3.75095
-3.75049
-3.75049
-3.75034
-3.75095
-3.74989
-3.75019
-3.74928
-3.74898
-3.74958
-3.74958
-3.74898
-3.74959
-3.74883
-3.74989
-3.74974
-3.75019
-3.74914
-3.75035
-3.75019
-3.74944
-3.74913
-3.74943
-3.74988
-3.75124
-3.75049
-3.75034
-3.74898
-3.74823
-3.74777
-3.74838
-3.74838
-3.74808
-3.74777
-3.74672
-3.74641
-3.74656
-3.74747
-3.74732
-3.74641
-3.74535
-3.7449
-3.74429
-3.74475
-3.74475
-3.7443
-3.74445
-3.7443
-3.7443
-3.74445
-3.74445
-3.74415
-3.74324
-3.74369
-3.74369
-3.74369
-3.7446
-3.74611
-3.74686
-3.74641
-3.74656
-3.74656
-3.74747
-3.74837
-3.74837
-3.74807
-3.74747
-3.74732
-3.74793
-3.74808
-3.74808
-3.74732
-3.74702
-3.74687
-3.74732
-3.74747
-3.74777
-3.74761
-3.74655
-3.7464
-3.74671
-3.74626
-3.74626
-3.74581
-3.74656
-3.74566
-3.74596
-3.7446
-3.74536
-3.74551
-3.74596
-3.74626
-3.74732
-3.74701
-3.74717
-3.74701
-3.74822
-3.74837
-3.74883
-3.74898
-3.74853
-3.74838
-3.74898
-3.74807
-3.74792
-3.74822
-3.74792
-3.74883
-3.74868
-3.74868
-3.74868
-3.74807
-3.74837
-3.74867
-3.74897
-3.74912
-3.74942
-3.74761
-3.74822
-3.74792
-3.74807
-3.74777
-3.74762
-3.74732
-3.74792
-3.74777
-3.74837
-3.74807
-3.74822
-3.74791
-3.74776
-3.74807
-3.74761
-3.74731
-3.74731
-3.74732
-3.74822
-3.74807
-3.74777
-3.74838
-3.74838
-3.74837
-3.74807
-3.74958
-3.74897
-3.74897
-3.74822
-3.74807
-3.74731
-3.74686
-3.74626
-3.74641
-3.74686
-3.74792
-3.74717
-3.74822
-3.74838
-3.74762
-3.74762
-3.74807
-3.74807
-3.74822
-3.74867
-3.74973
-3.74882
-3.74943
-3.75019
-3.75049
-3.75094
-3.75004
-3.74852
-3.74822
-3.74852
-3.74943
-3.74867
-3.74928
-3.74988
-3.75018
-3.75003
-3.75094
-3.75094
-3.75094
-3.75184
-3.75079
-3.75018
-3.75124
-3.75079
-3.7514
-3.7523
-3.75185
-3.7517
-3.75185
-3.75245
-3.75215
-3.75109
-3.75124
-3.75139
-3.75079
-3.75003
-3.75064
-3.74974
-3.75034
-3.75018
-3.75124
-3.75124
-3.75094
-3.75094
-3.75049
-3.74988
-3.74943
-3.74882
-3.74807
-3.74852
-3.74807
-3.74716
-3.74656
-3.7455
-3.74565
-3.74595
-3.7458
-3.7458
-3.74474
-3.74474
-3.74444
-3.7455
-3.74565
-3.74626
-3.74596
-3.7455
-3.74596
-3.74641
-3.74535
-3.74565
-3.74444
-3.74459
-3.74504
-3.74444
-3.74474
-3.74414
-3.74414
-3.74459
-3.74595
-3.7452
-3.74504
-3.74429
-3.74429
-3.74399
-3.74459
-3.74535
-3.7461
-3.74625
-3.7458
-3.7464
-3.74625
-3.74505
-3.7452
-3.74535
-3.7452
-3.7458
-3.7455
-3.7452
-3.7452
-3.74445
-3.74535
-3.7455
-3.7461
-3.7461
-3.74656
-3.74716
-3.74625
-3.74655
-3.74686
-3.74731
-3.74731
-3.74686
-3.7467
-3.74716
-3.74776
-3.74641
-3.74686
-3.74716
-3.74777
-3.74792
-3.74837
-3.74792
-3.74822
-3.74792
-3.74913
-3.74958
-3.74897
-3.74973
-3.75034
-3.75004
-3.75004
-3.75034
-3.74973
-3.75018
-3.75033
-3.75018
-3.75033
-3.74958
-3.74973
-3.75094
-3.75124
-3.75169
-3.75245
-3.7523
-3.7523
-3.7526
-3.7526
-3.75245
-3.7517
-3.75276
-3.75306
-3.7526
-3.75306
-3.7529
-3.7526
-3.75154
-3.75078
-3.75033
-3.74988
-3.75064
-3.75034
-3.74913
-3.74974
-3.74974
-3.74853
-3.74852
-3.74898
-3.74792
-3.74762
-3.74776
-3.74761
-3.74852
-3.74791
-3.74807
-3.74777
-3.74777
-3.74822
-3.74913
-3.74868
-3.74762
-3.74717
-3.74823
-3.74822
-3.74852
-3.74837
-3.74822
-3.74792
-3.74776
-3.74777
-3.74807
-3.74852
-3.74943
-3.74913
-3.74928
-3.75004
-3.75019
-3.75064
-3.74959
-3.75004
-3.74913
-3.74868
-3.74959
-3.74989
-3.7511
-3.752
-3.75124
-3.75139
-3.75154
-3.75184
-3.75139
-3.7517
-3.75276
-3.75276
-3.75366
-3.75291
-3.7523
-3.7523
-3.75261
-3.75276
-3.75215
-3.75185
-3.75155
-3.7514
-3.75215
-3.75185
-3.7517
-3.75215
-3.7523
-3.75261
-3.75231
-3.7517
-3.75125
-3.75155
-3.75004
-3.74989
-3.74944
-3.74959
-3.74913
-3.74868
-3.74853
-3.74913
-3.74883
-3.74838
-3.74898
-3.74792
-3.74747
-3.74823
-3.74717
-3.74687
-3.74672
-3.74672
-3.74641
-3.7452
-3.74565
-3.74535
-3.74596
-3.7443
-3.7443
-3.74415
-3.74415
-3.7446
-3.74566
-3.74536
-3.74566
-3.74596
-3.74551
-3.74475
-3.74536
-3.74535
-3.74445
-3.744
-3.74339
-3.74324
-3.74354
-3.7446
-3.744
-3.74369
-3.74415
-3.74415
-3.744
-3.7446
-3.74581
-3.74611
-3.74596
-3.74596
-3.74626
-3.74626
-3.74626
-3.74656
-3.74717
-3.74732
-3.74717
-3.74657
-3.74657
-3.74657
-3.74672
-3.74792
-3.74883
-3.74822
-3.74868
-3.74853
-3.74838
-3.74883
-3.74838
-3.74808
-3.74748
-3.74657
-3.74627
-3.74596
-3.74551
-3.74551
-3.74536
-3.74582
-3.74536
-3.74551
-3.74597
-3.74762
-3.74792
-3.74762
-3.74626
-3.74763
-3.74778
-3.74748
-3.74808
-3.74808
-3.74854
-3.74838
-3.74884
-3.74884
-3.74868
-3.74808
-3.74762
-3.74793
-3.74823
-3.74823
-3.74823
-3.74868
-3.74823
-3.74763
-3.74748
-3.74717
-3.74717
-3.74763
-3.74778
-3.74717
-3.74702
-3.74747
-3.74914
-3.74763
-3.74808
-3.74914
-3.74944
-3.74944
-3.74959
-3.74899
-3.74974
-3.74884
-3.74884
-3.74899
-3.74868
-3.74823
-3.74808
-3.74868
-3.74853
-3.74778
-3.74672
-3.74612
-3.74687
-3.74612
-3.74582
-3.74612
-3.74612
-3.74643
-3.74613
-3.74703
-3.74643
-3.74658
-3.74643
-3.74643
-3.74658
-3.74597
-3.74658
-3.74748
-3.74839
-3.74839
-3.74914
-3.74869
-3.74854
-3.74763
-3.74808
-3.74914
-3.74808
-3.74748
-3.74718
-3.74779
-3.74764
-3.74718
-3.74688
-3.74628
-3.74567
-3.74522
-3.74522
-3.74476
-3.74507
-3.74537
-3.74552
-3.74522
-3.74431
-3.74461
-3.74431
-3.74386
-3.74385
-3.74416
-3.74416
-3.74491
-3.74567
-3.74597
-3.74597
-3.74582
-3.74582
-3.74582
-3.74522
-3.74597
-3.74567
-3.74612
-3.74597
-3.74507
-3.74492
-3.74446
-3.74537
-3.74522
-3.74507
-3.74567
-3.74567
-3.74537
-3.74552
-3.74507
-3.74477
-3.74597
-3.74537
-3.74461
-3.74627
-3.74763
-3.74733
-3.74733
-3.74793
-3.74884
-3.74929
-3.74899
-3.74944
-3.74899
-3.74899
-3.74868
-3.74944
-3.74929
-3.74899
-3.74823
-3.74899
-3.74884
-3.74808
-3.74914
-3.74914
-3.74899
-3.74959
-3.74884
-3.74899
-3.74929
-3.74898
-3.74883
-3.74883
-3.74823
-3.74883
-3.74823
-3.74823
-3.74809
-3.74718
-3.74733
-3.74748
-3.74793
-3.74793
-3.74763
-3.74748
-3.74778
-3.74839
-3.74959
-3.74959
-3.74944
-3.74944
-3.74959
-3.74959
-3.74899
-3.74914
-3.74899
-3.74959
-3.75035
-3.7505
-3.7511
-3.75095
-3.7499
-3.74899
-3.74824
-3.74793
-3.74748
-3.74748
-3.74763
-3.74687
-3.74627
-3.74627
-3.74552
-3.74506
-3.74461
-3.74476
-3.74582
-3.74642
-3.74642
-3.74567
-3.74612
-3.74597
-3.74672
-3.74718
-3.74748
-3.74687
-3.74748
-3.74612
-3.74642
-3.74627
-3.74658
-3.74763
-3.74688
-3.74658
-3.74597
-3.74657
-3.74657
-3.74581
-3.74611
-3.74611
-3.74596
-3.74657
-3.74612
-3.74567
-3.74582
-3.74642
-3.74567
-3.74582
-3.74491
-3.74506
-3.74506
-3.74506
-3.74521
-3.74506
-3.7446
-3.74339
-3.74339
-3.74385
-3.7437
-3.74551
-3.74596
-3.74611
-3.74717
-3.74702
-3.74762
-3.74853
-3.74883
-3.74868
-3.74974
-3.75005
-3.74899
-3.74974
-3.74974
-3.74929
-3.74763
-3.74657
-3.74551
-3.74551
-3.7443
-3.74384
-3.7443
-3.7443
-3.74521
-3.74521
-3.74536
-3.74627
-3.74612
-3.74627
-3.74581
-3.74461
-3.7446
-3.74415
-3.74324
-3.7446
-3.7449
-3.744
-3.74384
-3.74354
-3.74445
-3.744
-3.74445
-3.74475
-3.7446
-3.74491
-3.74551
-3.74536
-3.74596
-3.74687
-3.74581
-3.74566
-3.74566
-3.74596
-3.74596
-3.74596
-3.74657
-3.74777
-3.74762
-3.74853
-3.74898
-3.74898
-3.74868
-3.74974
-3.74898
-3.74929
-3.74898
-3.74898
-3.74913
-3.74959
-3.75064
-3.75095
-3.7511
-3.75065
-3.75019
-3.75019
-3.75004
-3.74944
-3.75064
-3.75094
-3.75125
-3.75064
-3.75094
-3.7514
-3.752
-3.7514
-3.75049
-3.7508
-3.75125
-3.75155
-3.7517
-3.75231
-3.75276
-3.75321
-3.75306
-3.75306
-3.75351
-3.75321
-3.75306
-3.75246
-3.7514
-3.75065
-3.75095
-3.75019
-3.74989
-3.74944
-3.74959
-3.74959
-3.74944
-3.74838
-3.74823
-3.74898
-3.74899
-3.74959
-3.75005
-3.7502
-3.74944
-3.74763
-3.74823
-3.74762
-3.74883
-3.74838
-3.74838
-3.74762
-3.74777
-3.74793
-3.74838
-3.74883
-3.74883
-3.74868
-3.74808
-3.74732
-3.74732
-3.74717
-3.74672
-3.74672
-3.74657
-3.74687
-3.74688
-3.74627
-3.74657
-3.74612
-3.74687
-3.74717
-3.74777
-3.74793
-3.74808
-3.74702
-3.74702
-3.74748
-3.74808
-3.74763
-3.74763
-3.74778
-3.74869
-3.74884
-3.74823
-3.74793
-3.74808
-3.74778
-3.74808
-3.74823
-3.74763
-3.74687
-3.74642
-3.74687
-3.74778
-3.74793
-3.74793
-3.74853
-3.74944
-3.74944
-3.74884
-3.74959
-3.7502
-3.75065
-3.75005
-3.7502
-3.74959
-3.75005
-3.7511
-3.74974
-3.7508
-3.75035
-3.75019
-3.7505
-3.75125
-3.75201
-3.75171
-3.7508
-3.7511
-3.75035
-3.7502
-3.74944
-3.74884
-3.74839
-3.74778
-3.74839
-3.74793
-3.74748
-3.74763
-3.74733
-3.74702
-3.74612
-3.74506
-3.74355
-3.74491
-3.74582
-3.74536
-3.74597
-3.74672
-3.74642
-3.74702
-3.74657
-3.74763
-3.74793
-3.74823
-3.74989
-3.7514
-3.7502
-3.75005
-3.75005
-3.7505
-3.75111
-3.75035
-3.74945
-3.74914
-3.74884
-3.74838
-3.74763
-3.74778
-3.74808
-3.74778
-3.74793
-3.74718
-3.74703
-3.74854
-3.74854
-3.74823
-3.74778
-3.74748
-3.74763
-3.74808
-3.74823
-3.74808
-3.74733
-3.74808
-3.74808
-3.74839
-3.74854
-3.74869
-3.74869
-3.74718
-3.74748
-3.74748
-3.74748
-3.74748
-3.74703
-3.74537
-3.74491
-3.74521
-3.74566
-3.74551
-3.74521
-3.74445
-3.74551
-3.74582
-3.74522
-3.74521
-3.74597
-3.74763
-3.74794
-3.74839
-3.749
-3.74764
-3.749
-3.74854
-3.74839
-3.74824
-3.74793
-3.74884
-3.74808
-3.74763
-3.74733
-3.74733
-3.74733
-3.74809
-3.74809
-3.74809
-3.74884
-3.74839
-3.74809
-3.74688
-3.74718
-3.74809
-3.74763
-3.74778
-3.74733
-3.74733
-3.74688
-3.74688
-3.74597
-3.74642
-3.74537
-3.74506
-3.74476
-3.74491
-3.74552
-3.74582
-3.74673
-3.74552
-3.74673
-3.74703
-3.74748
-3.74763
-3.74793
-3.74793
-3.74763
-3.74658
-3.74779
-3.7481
-3.74825
-3.74795
-3.74931
-3.7496
-3.75111
-3.75066
-3.75036
-3.75127
-3.75233
-3.75203
-3.75218
-3.75217
-3.75202
-3.75217
-3.75322
-3.75247
-3.75308
-3.75308
-3.75338
-3.75339
-3.75353
-3.75353
-3.75398
-3.75504
-3.75519
-3.75504
-3.75429
-3.75414
-3.75398
-3.75353
-3.75202
-3.75323
-3.75232
-3.75187
-3.75202
-3.75187
-3.75247
-3.75202
-3.75247
-3.75262
-3.75187
-3.75157
-3.75142
-3.75096
-3.75036
-3.75021
-3.7499
-3.7496
-3.74885
-3.74945
-3.7496
-3.74794
-3.7484
-3.74824
-3.74824
-3.74779
-3.74885
-3.749
-3.74885
-3.7487
-3.7493
-3.749
-3.7487
-3.74915
-3.74961
-3.74976
-3.74915
-3.74885
-3.74885
-3.74839
-3.7487
-3.7493
-3.7487
-3.74915
-3.74915
-3.7493
-3.74915
-3.749
-3.75066
-3.75066
-3.75111
-3.75217
-3.75217
-3.75096
-3.75111
-3.75021
-3.75157
-3.75157
-3.75202
-3.75248
-3.75142
-3.75112
-3.75081
-3.75096
-3.75157
-3.75081
-3.75096
-3.75051
-3.75021
-3.7493
-3.74885
-3.749
-3.74854
-3.74854
-3.74869
-3.74914
-3.7493
-3.74945
-3.75005
-3.7499
-3.75202
-3.75217
-3.75141
-3.75021
-3.7496
-3.7499
-3.75066
-3.75066
-3.75005
-3.75005
-3.75005
-3.7502
-3.7502
-3.75035
-3.75035
-3.7502
-3.7499
-3.74915
-3.75006
-3.75036
-3.7496
-3.74915
-3.74885
-3.74779
-3.74824
-3.74839
-3.74824
-3.74915
-3.7493
-3.74975
-3.7499
-3.74975
-3.74915
-3.74809
-3.74824
-3.74824
-3.74899
-3.74914
-3.74975
-3.74975
-3.74914
-3.74915
-3.74839
-3.749
-3.7493
-3.74885
-3.74795
-3.74795
-3.74779
-3.74719
-3.74688
-3.74733
-3.74733
-3.74809
-3.74839
-3.74839
-3.7487
-3.74915
-3.74976
-3.74961
-3.749
-3.74885
-3.74779
-3.74824
-3.74885
-3.74885
-3.74855
-3.7484
-3.74794
-3.74824
-3.74824
-3.74839
-3.74869
-3.749
-3.7487
-3.74824
-3.74809
-3.7487
-3.7484
-3.74764
-3.7481
-3.74764
-3.74885
-3.74854
-3.74809
-3.74808
-3.74733
-3.74733
-3.74809
-3.7487
-3.74855
-3.75036
-3.74976
-3.74946
-3.74991
-3.749
-3.749
-3.7496
-3.7499
-3.75005
-3.74945
-3.74975
-3.75021
-3.74855
-3.74765
-3.7478
-3.74764
-3.74794
-3.74734
-3.74733
-3.74673
-3.74718
-3.74763
-3.74809
-3.74809
-3.74884
-3.74885
-3.74839
-3.74734
-3.74749
-3.74764
-3.74734
-3.74719
-3.74734
-3.74704
-3.74689
-3.74749
-3.74809
-3.74809
-3.74704
-3.74628
-3.74507
-3.74537
-3.74613
-3.74522
-3.74582
-3.74734
-3.74734
-3.74779
-3.74659
-3.74719
-3.7481
-3.7484
-3.74915
-3.74961
-3.7487
-3.749
-3.74825
-3.7487
-3.74795
-3.74825
-3.74764
-3.74719
-3.74674
-3.74689
-3.74613
-3.74628
-3.74568
-3.74523
-3.74508
-3.74402
-3.74432
-3.74477
-3.74477
-3.74417
-3.74387
-3.74387
-3.74296
-3.74356
-3.74281
-3.74341
-3.74296
-3.74236
-3.74296
-3.74296
-3.74176
-3.7416
-3.74251
-3.74281
-3.74281
-3.74296
-3.74266
-3.74266
-3.74221
-3.74251
-3.74236
-3.74281
-3.74221
-3.74205
-3.74311
-3.74311
-3.74326
-3.74296
-3.74266
-3.74311
-3.74553
-3.74553
-3.74462
-3.74402
-3.74341
-3.74477
-3.74447
-3.74493
-3.74493
-3.74553
-3.74493
-3.74523
-3.74553
-3.74447
-3.74492
-3.74447
-3.74538
-3.74598
-3.74659
-3.74659
-3.74629
-3.74734
-3.74719
-3.74765
-3.74734
-3.74659
-3.74613
-3.74553
-3.74537
-3.74568
-3.74538
-3.74508
-3.74523
-3.74599
-3.74599
-3.74629
-3.74614
-3.74553
-3.74644
-3.74764
-3.74734
-3.74674
-3.74719
-3.74749
-3.74719
-3.74659
-3.74704
-3.74584
-3.74553
-3.74508
-3.74478
-3.74508
-3.74569
-3.74629
-3.74554
-3.74508
-3.74553
-3.74553
-3.74614
-3.74568
-3.74568
-3.74568
-3.74614
-3.74599
-3.74614
-3.74584
-3.74629
-3.74659
-3.74644
-3.74599
-3.74599
-3.7469
-3.74735
-3.74644
-3.74629
-3.74599
-3.7466
-3.74705
-3.74765
-3.74735
-3.74569
-3.74614
-3.74629
-3.74674
-3.74674
-3.74584
-3.74674
-3.74629
-3.74614
-3.74645
-3.74645
-3.7463
-3.7475
-3.7472
-3.74811
-3.7478
-3.74826
-3.74826
-3.74795
-3.7481
-3.7475
-3.74765
-3.74841
-3.74886
-3.74901
-3.74826
-3.74886
-3.74886
-3.74826
-3.75007
-3.74977
-3.75022
-3.74977
-3.74871
-3.74916
-3.74977
-3.74825
-3.74719
-3.74644
-3.74735
-3.74705
-3.74645
-3.7466
-3.7475
-3.7472
-3.74765
-3.74765
-3.74871
-3.75007
-3.74962
-3.74901
-3.74901
-3.74826
-3.74841
-3.74901
-3.74931
-3.74991
-3.74992
-3.75007
-3.74947
-3.74917
-3.74962
-3.74947
-3.74947
-3.74977
-3.74962
-3.74946
-3.74961
-3.74931
-3.74992
-3.74916
-3.74917
-3.74811
-3.74765
-3.7475
-3.74826
-3.74841
-3.7478
-3.74705
-3.7469
-3.7463
-3.7469
-3.7469
-3.74645
-3.74721
-3.74781
-3.74796
-3.74902
-3.74962
-3.74962
-3.74856
-3.74916
-3.74977
-3.75052
-3.75037
-3.75037
-3.74962
-3.74932
-3.74977
-3.75023
-3.74962
-3.74917
-3.74962
-3.74962
-3.74947
-3.74947
-3.75007
-3.75068
-3.75083
-3.74992
-3.75007
-3.75007
-3.74947
-3.74992
-3.75098
-3.75098
-3.75083
-3.75219
-3.75189
-3.75113
-3.75068
-3.75083
-3.75098
-3.75158
-3.75053
-3.75023
-3.75038
-3.75098
-3.75038
-3.75159
-3.75204
-3.75113
-3.75129
-3.75174
-3.75265
-3.75265
-3.75189
-3.75204
-3.75144
-3.75219
-3.75204
-3.75038
-3.74962
-3.75037
-3.75022
-3.75037
-3.74947
-3.74962
-3.74902
-3.74887
-3.74887
-3.74917
-3.74811
-3.74872
-3.74841
-3.74871
-3.74826
-3.74766
-3.74811
-3.74751
-3.74705
-3.7472
-3.74599
-3.74614
-3.74524
-3.74478
-3.74539
-3.74584
-3.74569
-3.74539
-3.74508
-3.74524
-3.7472
-3.74645
-3.7466
-3.7469
-3.74736
-3.74796
-3.74736
-3.74736
-3.7463
-3.74599
-3.74584
-3.74644
-3.74629
-3.74704
-3.74795
-3.74796
-3.74871
-3.74842
-3.74857
-3.74902
-3.74811
-3.74841
-3.74781
-3.74871
-3.74796
-3.74841
-3.74796
-3.74856
-3.74765
-3.74735
-3.74705
-3.7478
-3.7469
-3.7475
-3.7472
-3.74735
-3.74811
-3.74811
-3.74902
-3.74886
-3.74887
-3.74826
-3.74872
-3.74811
-3.74766
-3.7469
-3.74615
-3.7463
-3.74705
-3.74599
-3.74614
-3.74614
-3.74644
-3.74644
-3.74659
-3.74644
-3.74705
-3.74735
-3.74674
-3.74599
-3.74614
-3.74644
-3.74584
-3.74645
-3.74569
-3.7463
-3.7463
-3.74524
-3.74584
-3.74705
-3.74554
-3.7463
-3.7472
-3.7469
-3.74599
-3.74705
-3.74765
-3.74795
-3.74705
-3.7469
-3.7463
-3.74705
-3.74736
-3.74736
-3.7469
-3.7469
-3.74705
-3.74856
-3.74796
-3.7472
-3.74705
-3.74675
-3.74705
-3.74856
-3.74901
-3.74871
-3.74766
-3.74811
-3.74841
-3.74826
-3.74811
-3.74826
-3.74826
-3.74856
-3.74917
-3.74841
-3.74977
-3.74886
-3.74765
-3.7472
-3.7469
-3.7472
-3.7475
-3.7475
-3.74735
-3.74705
-3.74675
-3.74675
-3.74645
-3.74645
-3.7466
-3.7466
-3.74644
-3.74659
-3.74795
-3.7481
-3.7478
-3.7475
-3.74765
-3.74795
-3.74841
-3.74811
-3.74856
-3.74856
-3.75007
-3.75007
-3.74931
-3.74856
-3.74886
-3.74916
-3.74856
-3.74901
-3.74977
-3.74856
-3.74962
-3.74886
-3.7475
-3.74795
-3.74825
-3.74856
-3.74811
-3.74765
-3.74735
-3.74796
-3.74781
-3.74856
-3.74856
-3.74901
-3.74947
-3.75007
-3.74901
-3.74946
-3.74901
-3.74992
-3.75052
-3.75082
-3.75097
-3.75022
-3.74886
-3.74901
-3.74886
-3.74962
-3.74992
-3.75037
-3.75007
-3.75052
-3.75082
-3.75037
-3.75052
-3.75007
-3.74961
-3.74976
-3.74976
-3.74961
-3.74901
-3.74871
-3.74795
-3.74871
-3.74962
-3.74931
-3.74841
-3.74856
-3.74886
-3.74916
-3.74977
-3.74977
-3.75022
-3.74886
-3.74856
-3.7481
-3.74735
-3.74675
-3.7472
-3.7472
-3.74781
-3.74781
-3.74841
-3.74916
-3.74931
-3.74976
-3.74931
-3.74946
-3.74871
-3.7484
-3.74931
-3.74976
-3.75067
-3.75128
-3.75037
-3.75022
-3.75053
-3.75128
-3.75083
-3.75083
-3.74992
-3.74916
-3.74886
-3.74886
-3.74871
-3.75113
-3.75128
-3.75203
-3.75142
-3.75097
-3.75037
-3.74961
-3.74916
-3.74931
-3.74932
-3.74932
-3.74871
-3.74796
-3.74841
-3.74781
-3.74645
-3.74614
-3.74644
-3.74599
-3.74508
-3.74583
-3.74644
-3.74719
-3.74704
-3.74735
-3.74735
-3.7475
-3.74841
-3.74916
-3.74901
-3.74916
-3.74886
-3.74916
-3.75052
-3.75112
-3.75158
-3.75143
-3.75143
-3.75037
-3.75127
-3.75127
-3.75112
-3.75067
-3.75052
-3.75098
-3.75158
-3.75037
-3.75097
-3.75158
-3.75173
-3.75082
-3.75067
-3.75082
-3.75022
-3.75006
-3.74901
-3.74886
-3.74841
-3.7478
-3.7466
-3.7469
-3.7472
-3.7472
-3.74735
-3.74599
-3.7478
-3.7478
-3.7475
-3.74704
-3.7472
-3.74675
-3.7469
-3.74614
-3.74629
-3.7475
-3.74689
-3.74659
-3.74538
-3.74674
-3.74705
-3.74675
-3.7469
-3.74765
-3.74765
-3.74795
-3.74795
-3.74795
-3.7475
-3.7478
-3.74765
-3.7475
-3.74705
-3.74735
-3.74901
-3.74946
-3.75128
-3.75188
-3.75173
-3.75188
-3.75188
-3.75052
-3.75067
-3.75112
-3.75082
-3.75158
-3.75097
-3.75067
-3.75143
-3.75218
-3.75233
-3.75203
-3.75203
-3.75172
-3.75127
-3.75203
-3.75218
-3.75188
-3.75263
-3.75248
-3.75278
-3.75339
-3.75459
-3.75369
-3.75278
-3.75294
-3.75203
-3.75188
-3.75233
-3.75233
-3.75309
-3.75399
-3.75354
-3.75308
-3.75293
-3.75339
-3.75278
-3.75203
-3.75173
-3.75128
-3.75097
-3.75082
-3.75006
-3.75021
-3.75052
-3.75006
-3.74946
-3.75037
-3.74992
-3.74962
-3.74946
-3.74916
-3.74885
-3.749
-3.74915
-3.74945
-3.7487
-3.7481
-3.7487
-3.74825
-3.74886
-3.74871
-3.7475
-3.7472
-3.74825
-3.75006
-3.75052
-3.75112
-3.75142
-3.75097
-3.75142
-3.75082
-3.75203
-3.75157
-3.75172
-3.75203
-3.75187
-3.75187
-3.75172
-3.75081
-3.74976
-3.75036
-3.75051
-3.75142
-3.75112
-3.75097
-3.75142
-3.75112
-3.75112
-3.75202
-3.75278
-3.75247
-3.75277
-3.75368
-3.75323
-3.75232
-3.75187
-3.75217
-3.75217
-3.75263
-3.75202
-3.75218
-3.75203
-3.75218
-3.75112
-3.75187
-3.75202
-3.75218
-3.75187
-3.75187
-3.75202
-3.75157
-3.75187
-3.75127
-3.75142
-3.75142
-3.75172
-3.75187
-3.75127
-3.75082
-3.74946
-3.75037
-3.75022
-3.74976
-3.75022
-3.75112
-3.75188
-3.75172
-3.75218
-3.75112
-3.75127
-3.75126
-3.75127
-3.75142
-3.75067
-3.75112
-3.75082
-3.75067
-3.75097
-3.75142
-3.75127
-3.75096
-3.75172
-3.75278
-3.75308
-3.75368
-3.75414
-3.75398
-3.75429
-3.75384
-3.75338
-3.75248
-3.75338
-3.75218
-3.75157
-3.75127
-3.75097
-3.75217
-3.75263
-3.75383
-3.75383
-3.75338
-3.75262
-3.75308
-3.75459
-3.75459
-3.75444
-3.75459
-3.75429
-3.75429
-3.75414
-3.75414
-3.75262
-3.75262
-3.75292
-3.75337
-3.75307
-3.75308
-3.75368
-3.75353
-3.75217
-3.75187
-3.75157
-3.75142
-3.75127
-3.75202
-3.75202
-3.75293
-3.75278
-3.75233
-3.75172
-3.75142
-3.75217
-3.75217
-3.75157
-3.75126
-3.75141
-3.7496
-3.74885
-3.7481
-3.74901
-3.75037
-3.75052
-3.75097
-3.75232
-3.75247
-3.75338
-3.75217
-3.75233
-3.75248
-3.75217
-3.75232
-3.75142
-3.75142
-3.75097
-3.75173
-3.75173
-3.75128
-3.75127
-3.75173
-3.75142
-3.75142
-3.75157
-3.75142
-3.75263
-3.75127
-3.75187
-3.75051
-3.75112
-3.75157
-3.75066
-3.75036
-3.749
-3.7499
-3.7496
-3.74945
-3.749
-3.74824
-3.74885
-3.74885
-3.74854
-3.74854
-3.74779
-3.74749
-3.74764
-3.74719
-3.74643
-3.74598
-3.74598
-3.74477
-3.74401
-3.74431
-3.74462
-3.74401
-3.74553
-3.74583
-3.74507
-3.74401
-3.74432
-3.74477
-3.74507
-3.74477
-3.74567
-3.74522
-3.74537
-3.74401
-3.74401
-3.74462
-3.74492
-3.74537
-3.74492
-3.74462
-3.74432
-3.74537
-3.74537
-3.74477
-3.74492
-3.74462
-3.74492
-3.74492
-3.74447
-3.74417
-3.74508
-3.74553
-3.74598
-3.74628
-3.74583
-3.74522
-3.74432
-3.74447
-3.74326
-3.74341
-3.74387
-3.74387
-3.74417
-3.74432
-3.74523
-3.74508
-3.74463
-3.74463
-3.74432
-3.74447
-3.74432
-3.74311
-3.74387
-3.74402
-3.74402
-3.74402
-3.74432
-3.74387
-3.74477
-3.74523
-3.74417
-3.74326
-3.74326
-3.74341
-3.74371
-3.74326
-3.74401
-3.74552
-3.74613
-3.74734
-3.74689
-3.74764
-3.74795
-3.74795
-3.74795
-3.74734
-3.74749
-3.74749
-3.7481
-3.7487
-3.7487
-3.75036
-3.75036
-3.74991
-3.74975
-3.74991
-3.74991
-3.74976
-3.75051
-3.75051
-3.75097
-3.75127
-3.75021
-3.74916
-3.74885
-3.74794
-3.74658
-3.74538
-3.74462
-3.74417
-3.74432
-3.74553
-3.74568
-3.74583
-3.74568
-3.74583
-3.74598
-3.74598
-3.74568
-3.74689
-3.74825
-3.74885
-3.74915
-3.7487
-3.7487
-3.74885
-3.74839
-3.7487
-3.7484
-3.75006
-3.75082
-3.75082
-3.75052
-3.74976
-3.74976
-3.75007
-3.74976
-3.74991
-3.749
-3.7487
-3.7493
-3.75036
-3.75036
-3.74991
-3.75036
-3.75051
-3.75066
-3.75006
-3.74991
-3.74931
-3.7481
-3.7478
-3.74795
-3.7484
-3.74704
-3.74749
-3.74734
-3.74674
-3.74673
-3.74658
-3.74628
-3.74568
-3.74447
-3.74447
-3.74492
-3.74477
-3.74477
-3.74447
-3.74522
-3.74492
-3.74568
-3.74583
-3.74553
-3.74538
-3.74629
-3.74704
-3.74735
-3.74735
-3.74704
-3.74644
-3.74613
-3.74628
-3.74643
-3.74613
-3.74598
-3.74629
-3.74644
-3.74659
-3.74614
-3.74462
-3.74432
-3.74523
-3.74643
-3.74689
-3.74598
-3.74644
-3.74614
-3.74689
-3.74704
-3.74704
-3.74719
-3.74628
-3.74704
-3.74734
-3.74749
-3.74734
-3.74613
-3.74583
-3.74689
-3.74659
-3.74628
-3.74613
-3.74659
-3.74734
-3.7481
-3.74855
-3.7484
-3.74795
-3.7481
-3.74915
-3.74915
-3.749
-3.7484
-3.7484
-3.7478
-3.7475
-3.74855
-3.74855
-3.7481
-3.7493
-3.7493
-3.74885
-3.7484
-3.74795
-3.74916
-3.74916
-3.74855
-3.7487
-3.74991
-3.75006
-3.75006
-3.74976
-3.74991
-3.75021
-3.75051
-3.75082
-3.75066
-3.75066
-3.75051
-3.75006
-3.74976
-3.7493
-3.7484
-3.74931
-3.74885
-3.74901
-3.74886
-3.74901
-3.74946
-3.74976
-3.74945
-3.7493
-3.749
-3.74885
-3.74946
-3.74946
-3.74885
-3.74931
-3.74991
-3.75051
-3.74916
-3.75006
-3.75052
-3.74961
-3.74931
-3.74931
-3.74885
-3.74855
-3.74794
-3.74824
-3.74869
-3.749
-3.74975
-3.74991
-3.7493
-3.74976
-3.74961
-3.749
-3.74991
-3.75066
-3.75202
-3.75171
-3.75156
-3.75111
-3.75066
-3.75036
-3.749
-3.74855
-3.749
-3.74976
-3.75021
-3.75067
-3.75112
-3.75111
-3.75081
-3.75066
-3.75156
-3.75141
-3.75142
-3.75081
-3.75142
-3.75096
-3.75127
-3.75202
-3.75293
-3.75247
-3.75277
-3.75172
-3.75111
-3.75096
-3.75156
-3.75126
-3.75081
-3.75005
-3.74975
-3.75051
-3.75081
-3.75112
-3.75051
-3.75021
-3.75006
-3.75051
-3.75081
-3.75096
-3.75232
-3.75217
-3.75323
-3.75248
-3.75247
-3.75293
-3.75202
-3.75051
-3.74975
-3.74976
-3.74885
-3.749
-3.7484
-3.749
-3.74946
-3.7493
-3.7493
-3.74991
-3.75052
-3.74931
-3.74795
-3.74825
-3.74871
-3.74901
-3.74961
-3.74946
-3.7487
-3.74946
-3.74946
-3.74915
-3.7481
-3.74689
-3.74614
-3.74644
-3.74629
-3.74568
-3.74553
-3.74553
-3.74644
-3.74538
-3.74432
-3.74432
-3.74447
-3.74477
-3.74462
-3.74462
-3.74462
-3.74462
-3.74417
-3.74432
-3.74432
-3.74447
-3.74387
-3.74326
-3.74326
-3.74417
-3.74447
-3.74432
-3.74462
-3.74432
-3.74462
-3.74447
-3.74522
-3.74522
-3.74507
-3.74462
-3.74386
-3.74311
-3.74296
-3.74266
-3.74281
-3.74265
-3.74265
-3.74371
-3.74417
-3.74432
-3.74447
-3.74568
-3.74523
-3.74477
-3.74508
-3.74613
-3.74673
-3.74552
-3.74477
-3.74507
-3.74552
-3.74507
-3.74537
-3.74688
-3.74628
-3.74763
-3.74688
-3.74688
-3.74764
-3.7487
-3.74734
-3.74734
-3.74779
-3.74809
-3.74855
-3.74855
-3.7484
-3.74915
-3.74991
-3.74991
-3.75021
-3.74991
-3.75126
-3.75157
-3.75066
-3.75157
-3.75066
-3.75141
-3.75096
-3.75141
-3.75111
-3.75066
-3.74991
-3.75096
-3.75036
-3.7496
-3.74991
-3.75006
-3.74976
-3.7493
-3.749
-3.74915
-3.7487
-3.74824
-3.74764
-3.74824
-3.74839
-3.74824
-3.74688
-3.74673
-3.74674
-3.74689
-3.74613
-3.74583
-3.74674
-3.74704
-3.74704
-3.74718
-3.74703
-3.74749
-3.74779
-3.74794
-3.74825
-3.7484
-3.74945
-3.7496
-3.75005
-3.75111
-3.75127
-3.75218
-3.75294
-3.75369
-3.75369
-3.75339
-3.75308
-3.75293
-3.75217
-3.75262
-3.75368
-3.75292
-3.75232
-3.75217
-3.75097
-3.75082
-3.74976
-3.75021
-3.75052
-3.75006
-3.74961
-3.74946
-3.74931
-3.75006
-3.75051
-3.75036
-3.7493
-3.75021
-3.74976
-3.75097
-3.75067
-3.75112
-3.75051
-3.75097
-3.75203
-3.75173
-3.75249
-3.75218
-3.75218
-3.75127
-3.75157
-3.75097
-3.75052
-3.75006
-3.74885
-3.75006
-3.74961
-3.75037
-3.75173
-3.75127
-3.75128
-3.75052
-3.75067
-3.75007
-3.74946
-3.74931
-3.7484
-3.7478
-3.7484
-3.74946
-3.74885
-3.74885
-3.74749
-3.74689
-3.74629
-3.74599
-3.74584
-3.74523
-3.74538
-3.74554
-3.74584
-3.74599
-3.74569
-3.74569
-3.74659
-3.74629
-3.74644
-3.74584
-3.74795
-3.74825
-3.74871
-3.7481
-3.74765
-3.74886
-3.74841
-3.75037
-3.74977
-3.74901
-3.74931
-3.74946
-3.74961
-3.74886
-3.74856
-3.74931
-3.74962
-3.74916
-3.74856
-3.74901
-3.74825
-3.74871
-3.74961
-3.74916
-3.74931
-3.74962
-3.75007
-3.74992
-3.74992
-3.75037
-3.75203
-3.75369
-3.75339
-3.75399
-3.75324
-3.75248
-3.75128
-3.75203
-3.75203
-3.75218
-3.75158
-3.75264
-3.75294
-3.75309
-3.75173
-3.75264
-3.75324
-3.75339
-3.75339
-3.75248
-3.75248
-3.75293
-3.75324
-3.75293
-3.75339
-3.75293
-3.75324
-3.75293
-3.75278
-3.75233
-3.75112
-3.75097
-3.75158
-3.75158
-3.75219
-3.75037
-3.75098
-3.75098
-3.75052
-3.74976
-3.74901
-3.74795
-3.74871
-3.74901
-3.74931
-3.74916
-3.74871
-3.7475
-3.7478
-3.74826
-3.7472
-3.74735
-3.74705
-3.7478
-3.74749
-3.74704
-3.74659
-3.74568
-3.74538
-3.74478
-3.74569
-3.74554
-3.74538
-3.74553
-3.74584
-3.74538
-3.74614
-3.74614
-3.74614
-3.74478
-3.74523
-3.74417
-3.74387
-3.74448
-3.74433
-3.74372
-3.74373
-3.74418
-3.74388
-3.74418
-3.74448
-3.74448
-3.74417
-3.74372
-3.74326
-3.74447
-3.74508
-3.74553
-3.74462
-3.74372
-3.74296
-3.74447
-3.74508
-3.74538
-3.74569
-3.7469
-3.74735
-3.74826
-3.74825
-3.74795
-3.74719
-3.74765
-3.74855
-3.74856
-3.74916
-3.74916
-3.74841
-3.74795
-3.74765
-3.7475
-3.74871
-3.7472
-3.74704
-3.74674
-3.74689
-3.7472
-3.74689
-3.74674
-3.74599
-3.74584
-3.74508
-3.74433
-3.74387
-3.74402
-3.74342
-3.74387
-3.74403
-3.74493
-3.74402
-3.74387
-3.74463
-3.74448
-3.74554
-3.74554
-3.74629
-3.74584
-3.74659
-3.74614
-3.74629
-3.74659
-3.7472
-3.74659
-3.74644
-3.74584
-3.74629
-3.74659
-3.74599
-3.74584
-3.7469
-3.7478
-3.7478
-3.74735
-3.74644
-3.74719
-3.74704
-3.74825
-3.7484
-3.74886
-3.74825
-3.7478
-3.74765
-3.7472
-3.7472
-3.74705
-3.74735
-3.7475
-3.74705
-3.74705
-3.74781
-3.74796
-3.7478
-3.74825
-3.7478
-3.7478
-3.7478
-3.7487
-3.75007
-3.74961
-3.75052
-3.75188
-3.75143
-3.75082
-3.75112
-3.75142
-3.75097
-3.75082
-3.75128
-3.75188
-3.75158
-3.75173
-3.75203
-3.75128
-3.75158
-3.75188
-3.75097
-3.75143
-3.75158
-3.75158
-3.74932
-3.74916
-3.74916
-3.74946
-3.74931
-3.74871
-3.74916
-3.74901
-3.74916
-3.7487
-3.74825
-3.7481
-3.749
-3.7487
-3.7481
-3.7484
-3.74825
-3.74976
-3.74931
-3.74931
-3.75022
-3.75007
-3.75022
-3.74947
-3.74871
-3.74795
-3.74826
-3.74841
-3.74841
-3.74871
-3.74856
-3.7484
-3.74871
-3.74961
-3.74916
-3.75052
-3.75021
-3.75097
-3.75127
-3.75067
-3.75067
-3.75097
-3.75097
-3.75052
-3.75097
-3.75097
-3.75127
-3.75248
-3.75248
-3.75279
-3.75324
-3.75324
-3.75279
-3.75248
-3.75142
-3.75248
-3.75203
-3.75142
-3.75263
-3.75233
-3.75324
-3.75384
-3.75309
-3.75233
-3.75294
-3.75324
-3.75324
-3.75293
-3.75278
-3.75233
-3.75278
-3.75248
-3.75248
-3.75294
-3.75279
-3.75188
-3.75143
-3.75022
-3.74962
-3.74977
-3.75022
-3.74916
-3.74871
-3.74931
-3.74946
-3.74931
-3.74931
-3.74916
-3.74886
-3.74841
-3.74765
-3.7481
-3.74825
-3.7487
-3.74855
-3.74825
-3.74871
-3.74916
-3.74841
-3.7475
-3.74811
-3.74735
-3.74765
-3.7469
-3.74674
-3.74689
-3.7472
-3.74735
-3.74689
-3.74659
-3.74629
-3.74659
-3.74614
-3.74659
-3.74614
-3.74599
-3.74629
-3.74583
-3.74568
-3.74614
-3.74614
-3.74629
-3.74599
-3.74614
-3.74675
-3.74645
-3.7472
-3.7475
-3.74735
-3.74825
-3.7484
-3.74931
-3.74916
-3.74856
-3.74916
-3.74901
-3.74946
-3.74901
-3.75067
-3.74992
-3.74992
-3.74961
-3.75007
-3.75052
-3.75037
-3.75007
-3.75037
-3.74946
-3.74916
-3.74856
-3.74901
-3.74856
-3.74825
-3.74765
-3.74644
-3.74719
-3.74901
-3.74991
-3.74916
-3.7481
-3.74946
-3.74961
-3.75007
-3.74977
-3.75037
-3.75007
-3.74947
-3.74886
-3.74856
-3.74901
-3.74795
-3.74765
-3.7481
-3.74886
-3.74931
-3.74962
-3.74886
-3.74856
-3.74871
-3.74856
-3.74886
-3.74886
-3.74826
-3.74826
-3.74931
-3.74856
-3.74826
-3.7481
-3.74795
-3.74765
-3.74795
-3.74765
-3.7484
-3.74825
-3.74826
-3.74871
-3.74856
-3.74871
-3.74916
-3.75083
-3.74962
-3.74871
-3.74947
-3.75037
-3.75113
-3.75098
-3.75098
-3.75128
-3.75143
-3.75189
-3.75173
-3.75098
-3.75052
-3.75037
-3.75067
-3.75082
-3.74977
-3.74977
-3.74962
-3.74977
-3.74977
-3.74932
-3.74992
-3.75053
-3.75083
-3.75189
-3.75143
-3.75068
-3.75098
-3.74871
-3.74917
-3.74871
-3.74886
-3.74886
-3.74871
-3.74705
-3.74675
-3.74659
-3.74629
-3.74644
-3.7475
-3.74765
-3.74735
-3.74766
-3.74675
-3.746
-3.74509
-3.74539
-3.7463
-3.74585
-3.74584
-3.74539
-3.74539
-3.74569
-3.74508
-3.74539
-3.74569
-3.74569
-3.74569
-3.74478
-3.74493
-3.74493
-3.74463
-3.74554
-3.74569
-3.7463
-3.7466
-3.74706
-3.74721
-3.74599
-3.74629
-3.74509
-3.74539
-3.74539
-3.74555
-3.74509
-3.74585
-3.74539
-3.74509
-3.74388
-3.74297
-3.74357
-3.74327
-3.74373
-3.74403
-3.74357
-3.74372
-3.74403
-3.74448
-3.74448
-3.74524
-3.74463
-3.74388
-3.74403
-3.74448
-3.74448
-3.74569
-3.74569
-3.7466
-3.74735
-3.7472
-3.74856
-3.74872
-3.74902
-3.74977
-3.75037
-3.74992
-3.74962
-3.74931
-3.74946
-3.74916
-3.75021
-3.75022
-3.75142
-3.75203
-3.75173
-3.75203
-3.75158
-3.74932
-3.74992
-3.75038
-3.75128
-3.75098
-3.75128
-3.75113
-3.75113
-3.75249
-3.75385
-3.75339
-3.75324
-3.75279
-3.754
-3.75415
-3.75294
-3.75249
-3.75279
-3.75249
-3.75204
-3.75204
-3.75234
-3.75234
-3.75234
-3.75218
-3.75218
-3.75249
-3.75294
-3.75249
-3.75128
-3.75083
-3.75053
-3.75038
-3.75068
-3.74977
-3.74932
-3.74977
-3.74947
-3.75022
-3.74916
-3.74901
-3.7478
-3.74811
-3.74826
-3.74765
-3.7478
-3.74811
-3.74826
-3.74841
-3.74917
-3.74841
-3.74796
-3.74781
-3.7475
-3.74766
-3.74781
-3.74645
-3.7463
-3.74735
-3.74796
-3.74795
-3.74644
-3.74644
-3.74538
-3.74599
-3.74539
-3.74645
-3.74584
-3.74524
-3.74479
-3.74478
-3.74373
-3.74342
-3.74282
-3.74372
-3.74403
-3.74433
-3.74494
-3.74524
-3.74494
-3.74493
-3.74478
-3.74509
-3.74524
-3.74509
-3.74585
-3.7463
-3.74705
-3.7469
-3.74584
-3.7463
-3.74585
-3.74615
-3.74554
-3.74418
-3.74524
-3.74539
-3.74524
-3.74554
-3.74478
-3.74448
-3.74524
-3.74478
-3.74614
-3.74569
-3.74615
-3.74645
-3.74675
-3.74645
-3.7463
-3.74629
-3.74629
-3.74675
-3.74569
-3.74614
-3.7469
-3.74675
-3.74705
-3.74614
-3.74614
-3.74675
-3.74781
-3.74645
-3.74554
-3.74554
-3.74508
-3.74629
-3.74659
-3.74569
-3.74478
-3.74433
-3.74448
-3.74372
-3.74418
-3.74493
-3.74494
-3.74615
-3.74675
-3.7469
-3.74736
-3.74751
-3.74826
-3.74811
-3.74826
-3.7478
-3.74735
-3.74719
-3.74674
-3.74584
-3.74599
-3.746
-3.74539
-3.7466
-3.74554
-3.74569
-3.74494
-3.74569
-3.74614
-3.7472
-3.7466
-3.74614
-3.74523
-3.74539
-3.74644
-3.7472
-3.74659
-3.74644
-3.74629
-3.7463
-3.74675
-3.74751
-3.7472
-3.74766
-3.74811
-3.74841
-3.74871
-3.75007
-3.75007
-3.75052
-3.75188
-3.75158
-3.75188
-3.75143
-3.75158
-3.75188
-3.75158
-3.75128
-3.75219
-3.75143
-3.75188
-3.75098
-3.75052
-3.74961
-3.74901
-3.74931
-3.74901
-3.74886
-3.74946
-3.74841
-3.7481
-3.74765
-3.74795
-3.74825
-3.7481
-3.74871
-3.74871
-3.7481
-3.74931
-3.74931
-3.74886
-3.74871
-3.74931
-3.74961
-3.74991
-3.75021
-3.75052
-3.75052
-3.75112
-3.75082
-3.75037
-3.75037
-3.75082
-3.75007
-3.75037
-3.74946
-3.74916
-3.74825
-3.7487
-3.7481
-3.74841
-3.74795
-3.74871
-3.74901
-3.74947
-3.75067
-3.74991
-3.75082
-3.75143
-3.75188
-3.75218
-3.75188
-3.75248
-3.75309
-3.75249
-3.75279
-3.75249
-3.75203
-3.75157
-3.75203
-3.75218
-3.75142
-3.75052
-3.74931
-3.74977
-3.74962
-3.74901
-3.74886
-3.74962
-3.74962
-3.74946
-3.74916
-3.74795
-3.74659
-3.74659
-3.74644
-3.74765
-3.7472
-3.7469
-3.74675
-3.7472
-3.74599
-3.74599
-3.74508
-3.74554
-3.74493
-3.74478
-3.74523
-3.74554
-3.74644
-3.74659
-3.74569
-3.74629
-3.74629
-3.74584
-3.74569
-3.74554
-3.7469
-3.7466
-3.7463
-3.74599
-3.74735
-3.74675
-3.7469
-3.74705
-3.74704
-3.74644
-3.74508
-3.74478
-3.74448
-3.74538
-3.74478
-3.74538
-3.74508
-3.74478
-3.74584
-3.74674
-3.74705
-3.74674
-3.74659
-3.74614
-3.74674
-3.7478
-3.74765
-3.74841
-3.7478
-3.74705
-3.74675
-3.74675
-3.7472
-3.74599
-3.7466
-3.74584
-3.74524
-3.74569
-3.74493
-3.74433
-3.74418
-3.74448
-3.74463
-3.74463
-3.74433
-3.74418
-3.74509
-3.74493
-3.74523
-3.74569
-3.74538
-3.74614
-3.74584
-3.74569
-3.74554
-3.7463
-3.74645
-3.74615
-3.74766
-3.74811
-3.74841
-3.74811
-3.74811
-3.74871
-3.74856
-3.74826
-3.74886
-3.74826
-3.74675
-3.74645
-3.7466
-3.74645
-3.74614
-3.74599
-3.74659
-3.7484
-3.74871
-3.74917
-3.74932
-3.74902
-3.74947
-3.74962
-3.74932
-3.75022
-3.75052
-3.75188
-3.75143
-3.75082
-3.75067
-3.75112
-3.74976
-3.75037
-3.75037
-3.75037
-3.74992
-3.74977
-3.74931
-3.74947
-3.74901
-3.74916
-3.74826
-3.74871
-3.7475
-3.74795
-3.7478
-3.7478
-3.7472
-3.7478
-3.7472
-3.74765
-3.7478
-3.74826
-3.74917
-3.74901
-3.74841
-3.74735
-3.7478
-3.7478
-3.74931
-3.74962
-3.74992
-3.74947
-3.74977
-3.75022
-3.75068
-3.75037
-3.75098
-3.75022
-3.75022
-3.74961
-3.74856
-3.74916
-3.74901
-3.74901
-3.74811
-3.74886
-3.74841
-3.74886
-3.74826
-3.74781
-3.74766
-3.74902
-3.74917
-3.74917
-3.74872
-3.74871
-3.74962
-3.75007
-3.74992
-3.75007
-3.74946
-3.7484
-3.74856
-3.74962
-3.74871
-3.74781
-3.7472
-3.74705
-3.7478
-3.7475
-3.7475
-3.74735
-3.74796
-3.74811
-3.74735
-3.74674
-3.74614
-3.7478
-3.74765
-3.74795
-3.74675
-3.74675
-3.74796
-3.74826
-3.74872
-3.74826
-3.74766
-3.7469
-3.7466
-3.74765
-3.74871
-3.75037
-3.74961
-3.74992
-3.74977
-3.74901
-3.74917
-3.74902
-3.74811
-3.74811
-3.7469
-3.7475
-3.74735
-3.74765
-3.74689
-3.7472
-3.74704
-3.74644
-3.74599
-3.74509
-3.74494
-3.74524
-3.74464
-3.74252
-3.74358
-3.74342
-3.74478
-3.74539
-3.74523
-3.74569
-3.74644
-3.74629
-3.74675
-3.7475
-3.74735
-3.7472
-3.7466
-3.74705
-3.7472
-3.74887
-3.74871
-3.74841
-3.7478
-3.7472
-3.74841
-3.74841
-3.74931
-3.75128
-3.75053
-3.75022
-3.75038
-3.75038
-3.75053
-3.74947
-3.74947
-3.75037
-3.75128
-3.75128
-3.75113
-3.75098
-3.75143
-3.75113
-3.75143
-3.74992
-3.74992
-3.75023
-3.75083
-3.75038
-3.75083
-3.75098
-3.75037
-3.75128
-3.75082
-3.75143
-3.75158
-3.75098
-3.75189
-3.75189
-3.75219
-3.75264
-3.75189
-3.75204
-3.75158
-3.75158
-3.75234
-3.75309
-3.75369
-3.75309
-3.75294
-3.75188
-3.75233
-3.75234
-3.75279
-3.7534
-3.75401
-3.75385
-3.75355
-3.75415
-3.7546
-3.7543
-3.75384
-3.75384
-3.75339
-3.75385
-3.75415
-3.7549
-3.75506
-3.75506
-3.7543
-3.75445
-3.7549
-3.7543
-3.75475
-3.75399
-3.75445
-3.75491
-3.75491
-3.75506
-3.75476
-3.75461
-3.7546
-3.7534
-3.754
-3.75339
-3.75173
-3.75203
-3.75128
-3.75234
-3.75249
-3.75294
-3.75264
-3.75309
-3.75264
-3.75158
-3.75158
-3.75052
-3.75052
-3.74992
-3.75022
-3.74992
-3.75007
-3.74977
-3.74811
-3.74765
-3.74765
-3.7472
-3.74781
-3.74871
-3.74932
-3.74962
-3.75052
-3.75113
-3.75098
-3.75068
-3.75007
-3.75068
-3.75007
-3.74947
-3.74917
-3.74886
-3.74826
-3.74856
-3.74902
-3.74872
-3.74887
-3.74872
-3.74932
-3.74902
-3.74856
-3.7472
-3.7463
-3.74615
-3.746
-3.74524
-3.7457
-3.74705
-3.74736
-3.7472
-3.7472
-3.74766
-3.74826
-3.74796
-3.74826
-3.74766
-3.74811
-3.74796
-3.74751
-3.74812
-3.74902
-3.74932
-3.74856
-3.74826
-3.7472
-3.7475
-3.7469
-3.74691
-3.74751
-3.74752
-3.74872
-3.74888
-3.74872
-3.74842
-3.74887
-3.74887
-3.74782
-3.74781
-3.74751
-3.74705
-3.74796
-3.74871
-3.7481
-3.74795
-3.74917
-3.74766
-3.74781
-3.74812
-3.74751
-3.74661
-3.7457
-3.74555
-3.74555
-3.7457
-3.746
-3.74615
-3.74675
-3.74645
-3.7466
-3.74751
-3.74736
-3.74766
-3.74872
-3.74752
-3.74782
-3.74827
-3.74903
-3.74842
-3.74842
-3.74857
-3.74811
-3.74736
-3.74796
-3.74887
-3.74811
-3.74826
-3.74842
-3.74766
-3.74781
-3.74872
-3.74827
-3.74857
-3.74797
-3.74752
-3.74812
-3.74796
-3.74857
-3.74841
-3.74857
-3.74932
-3.74932
-3.74842
-3.74872
-3.74857
-3.74857
-3.74902
-3.74856
-3.74781
-3.74796
-3.74842
-3.74797
-3.74751
-3.74782
-3.74751
-3.74645
-3.74691
-3.74645
-3.74479
-3.7454
-3.74494
-3.74494
-3.74464
-3.74449
-3.7457
-3.74494
-3.74358
-3.74388
-3.74418
-3.74418
-3.74419
-3.74343
-3.74223
-3.74298
-3.74208
-3.74238
-3.74313
-3.74343
-3.74328
-3.74358
-3.74404
-3.74404
-3.74434
-3.74403
-3.74313
-3.74313
-3.74253
-3.74207
-3.74222
-3.74207
-3.74237
-3.74328
-3.74282
-3.74283
-3.74343
-3.74343
-3.74268
-3.74253
-3.74222
-3.74071
-3.74026
-3.74026
-3.74116
-3.74192
-3.74162
-3.74267
-3.74237
-3.74298
-3.74222
-3.74343
-3.74374
-3.74343
-3.74328
-3.74359
-3.74389
-3.74419
-3.74449
-3.74494
-3.74464
-3.74494
-3.74585
-3.74539
-3.74585
-3.7469
-3.74691
-3.74676
-3.74706
-3.74721
-3.74766
-3.74646
-3.74585
-3.74615
-3.74676
-3.74646
-3.74646
-3.7463
-3.74525
-3.746
-3.74646
-3.746
-3.74525
-3.74585
-3.7457
-3.74464
-3.74524
-3.74539
-3.7457
-3.74554
-3.74524
-3.74555
-3.7457
-3.7463
-3.74706
-3.74615
-3.74676
-3.74736
-3.74706
-3.7463
-3.74645
-3.74676
-3.74661
-3.74721
-3.74782
-3.74736
-3.74721
-3.74781
-3.74736
-3.74691
-3.74706
-3.74736
-3.74736
-3.74827
-3.74917
-3.74917
-3.74887
-3.74872
-3.74933
-3.74963
-3.74933
-3.74887
-3.74963
-3.75084
-3.75038
-3.75053
-3.74963
-3.74978
-3.75053
-3.75099
-3.75084
-3.75114
-3.75144
-3.75129
-3.75159
-3.75174
-3.75189
-3.75128
-3.75068
-3.75174
-3.75204
-3.7522
-3.75114
-3.75144
-3.75235
-3.75189
-3.75114
-3.75114
-3.75053
-3.75098
-3.74992
-3.74978
-3.74932
-3.74978
-3.74933
-3.74857
-3.74812
-3.74797
-3.74782
-3.74872
-3.74872
-3.74842
-3.74811
-3.74781
-3.74721
-3.7466
-3.74631
-3.74585
-3.74585
-3.74585
-3.74524
-3.7454
-3.74615
-3.746
-3.74615
-3.74646
-3.74797
-3.74797
-3.74827
-3.74902
-3.74872
-3.74827
-3.74827
-3.74721
-3.74661
-3.74691
-3.74691
-3.74706
-3.74782
-3.74857
-3.74857
-3.74781
-3.74812
-3.74766
-3.74736
-3.7466
-3.7463
-3.74691
-3.74766
-3.74796
-3.74902
-3.74902
-3.75068
-3.74993
-3.75008
-3.75008
-3.74993
-3.74963
-3.75008
-3.74933
-3.74781
-3.74766
-3.74691
-3.7466
-3.74675
-3.74555
-3.74555
-3.746
-3.74585
-3.74645
-3.74646
-3.74615
-3.7451
-3.74525
-3.74464
-3.74524
-3.74479
-3.74419
-3.74524
-3.74645
-3.74539
-3.74555
-3.74539
-3.7457
-3.74509
-3.74539
-3.74419
-3.74464
-3.74449
-3.74419
-3.74449
-3.74448
-3.74509
-3.74539
-3.74569
-3.74569
-3.74494
-3.74584
-3.746
-3.7463
-3.74524
-3.74554
-3.7463
-3.7463
-3.74615
-3.74615
-3.7463
-3.74615
-3.74706
-3.74706
-3.74645
-3.7463
-3.7463
-3.746
-3.7463
-3.7469
-3.7466
-3.74766
-3.7475
-3.7466
-3.7469
-3.74555
-3.746
-3.74585
-3.74616
-3.74586
-3.74676
-3.74721
-3.74721
-3.74766
-3.74721
-3.74736
-3.74691
-3.74706
-3.74676
-3.74616
-3.74631
-3.7457
-3.746
-3.74555
-3.7457
-3.74585
-3.74585
-3.74691
-3.74782
-3.74842
-3.74842
-3.74857
-3.74827
-3.74933
-3.74827
-3.74721
-3.74812
-3.74797
-3.74721
-3.74752
-3.74736
-3.74646
-3.74797
-3.74752
-3.74691
-3.74661
-3.74646
-3.74797
-3.74888
-3.74858
-3.74963
-3.74963
-3.74963
-3.74978
-3.75024
-3.75009
-3.75175
-3.75145
-3.75145
-3.7525
-3.75114
-3.75024
-3.74978
-3.75069
-3.75145
-3.75115
-3.75069
-3.75039
-3.75069
-3.75084
-3.751
-3.7513
-3.75175
-3.7522
-3.75296
-3.75311
-3.75341
-3.75296
-3.75296
-3.75296
-3.75296
-3.75235
-3.75235
-3.75175
-3.751
-3.751
-3.75039
-3.7504
-3.75009
-3.75115
-3.75055
-3.75009
-3.7504
-3.75055
-3.75055
-3.7507
-3.7513
-3.75054
-3.75084
-3.75084
-3.75084
-3.751
-3.75115
-3.74979
-3.74994
-3.75009
-3.74979
-3.74994
-3.74994
-3.74964
-3.74889
-3.74798
-3.74904
-3.74889
-3.74964
-3.74979
-3.74934
-3.7501
-3.74934
-3.74919
-3.74843
-3.74873
-3.74903
-3.74888
-3.74949
-3.74994
-3.74995
-3.74874
-3.74874
-3.74904
-3.74934
-3.74889
-3.74949
-3.74843
-3.74813
-3.74737
-3.74677
-3.74692
-3.74556
-3.74662
-3.74692
-3.74616
-3.74571
-3.74495
-3.74646
-3.74767
-3.74918
-3.74994
-3.74994
-3.75009
-3.75054
-3.75024
-3.75009
-3.75009
-3.74949
-3.74919
-3.74844
-3.74723
-3.74722
-3.74692
-3.74722
-3.74722
-3.74707
-3.74783
-3.74798
-3.74798
-3.74768
-3.74783
-3.74828
-3.74873
-3.74767
-3.74752
-3.74858
-3.74707
-3.74662
-3.74752
-3.74692
-3.74722
-3.74767
-3.74798
-3.74783
-3.74934
-3.75085
-3.7507
-3.75085
-3.7501
-3.75055
-3.7507
-3.75085
-3.751
-3.74994
-3.75069
-3.7513
-3.74994
-3.75084
-3.75085
-3.7504
-3.75131
-3.75131
-3.751
-3.74994
-3.74964
-3.74918
-3.74918
-3.74964
-3.74994
-3.74949
-3.75024
-3.751
-3.75039
-3.74948
-3.74978
-3.74963
-3.75024
-3.75114
-3.75175
-3.75205
-3.7516
-3.7513
-3.75175
-3.75145
-3.751
-3.75069
-3.75175
-3.75175
-3.75145
-3.75054
-3.75009
-3.75054
-3.75054
-3.75054
-3.75069
-3.75054
-3.75039
-3.74994
-3.75069
-3.75084
-3.75145
-3.75235
-3.7513
-3.75039
-3.75055
-3.75085
-3.7513
-3.751
-3.751
-3.75069
-3.75084
-3.75069
-3.74948
-3.74963
-3.74873
-3.74873
-3.74843
-3.74873
-3.74858
-3.74858
-3.74873
-3.74888
-3.74918
-3.74873
-3.74903
-3.74872
-3.74842
-3.74812
-3.74902
-3.74827
-3.74797
-3.74812
-3.74767
-3.74782
-3.74737
-3.74631
-3.74721
-3.74706
-3.74631
-3.74585
-3.74555
-3.74601
-3.74706
-3.74676
-3.74646
-3.74691
-3.74691
-3.74767
-3.74736
-3.74782
-3.74781
-3.74827
-3.74887
-3.74766
-3.74766
-3.74721
-3.74646
-3.74631
-3.74676
-3.74631
-3.74646
-3.74631
-3.74631
-3.74691
-3.74706
-3.74736
-3.74736
-3.74676
-3.74646
-3.74676
-3.74721
-3.74721
-3.74766
-3.74812
-3.74736
-3.74706
-3.74797
-3.74842
-3.74767
-3.74676
-3.7454
-3.74585
-3.746
-3.74585
-3.74585
-3.74751
-3.74766
-3.74781
-3.74781
-3.74781
-3.74721
-3.74721
-3.74721
-3.74782
-3.74857
-3.74857
-3.74888
-3.74902
-3.74948
-3.74917
-3.74857
-3.74827
-3.74917
-3.74948
-3.74872
-3.74827
-3.74902
-3.74978
-3.75008
-3.74933
-3.74918
-3.74857
-3.74767
-3.74873
-3.74873
-3.74842
-3.74782
-3.74782
-3.74767
-3.74842
-3.74888
-3.74918
-3.74827
-3.74827
-3.74797
-3.74842
-3.74812
-3.74782
-3.74797
-3.74706
-3.74721
-3.74706
-3.74706
-3.74616
-3.7457
-3.7454
-3.7454
-3.74555
-3.74646
-3.74707
-3.74661
-3.74616
-3.74661
-3.74631
-3.74646
-3.74676
-3.74706
-3.74616
-3.74646
-3.74767
-3.74782
-3.74706
-3.74691
-3.74736
-3.74736
-3.74721
-3.74661
-3.74706
-3.74631
-3.74661
-3.74646
-3.74616
-3.74556
-3.74616
-3.7454
-3.74495
-3.7448
-3.74419
-3.74419
-3.74388
-3.74312
-3.74252
-3.74328
-3.74328
-3.74344
-3.74269
-3.74269
-3.74284
-3.74314
-3.74268
-3.74253
-3.74283
-3.74313
-3.74358
-3.74358
-3.74268
-3.74283
-3.74253
-3.74238
-3.74223
-3.74283
-3.74299
-3.74359
-3.74389
-3.74298
-3.74313
-3.74313
-3.74267
-3.74283
-3.74359
-3.74314
-3.7442
-3.74389
-3.74299
-3.74283
-3.74329
-3.74238
-3.74268
-3.74253
-3.74313
-3.74359
-3.74298
-3.74343
-3.74313
-3.74328
-3.74328
-3.74298
-3.74298
-3.74389
-3.7448
-3.74359
-3.74313
-3.74268
-3.74268
-3.74268
-3.74313
-3.74419
-3.74495
-3.74525
-3.7457
-3.74615
-3.7457
-3.74524
-3.74555
-3.74404
-3.7448
-3.74449
-3.74449
-3.7448
-3.7451
-3.7454
-3.74585
-3.74646
-3.74676
-3.74766
-3.74751
-3.74675
-3.74736
-3.74766
-3.74705
-3.74751
-3.74812
-3.74752
-3.74797
-3.74797
-3.74767
-3.74767
-3.74691
-3.74782
-3.74767
-3.74811
-3.74841
-3.74917
-3.75038
-3.75068
-3.75053
-3.75053
-3.75083
-3.75008
-3.74993
-3.75159
-3.75099
-3.75023
-3.74978
-3.74887
-3.74948
-3.74993
-3.74902
-3.74902
-3.74947
-3.74902
-3.74932
-3.74917
-3.74796
-3.74781
-3.74857
-3.74872
-3.74812
-3.74842
-3.74827
-3.74872
-3.74857
-3.74842
-3.74691
-3.7469
-3.74751
-3.74811
-3.74856
-3.74826
-3.74826
-3.74721
-3.74554
-3.74464
-3.74343
-3.74358
-3.74298
-3.74237
-3.74207
-3.74283
-3.74313
-3.74268
-3.74268
-3.74268
-3.74207
-3.74177
-3.74222
-3.74237
-3.74192
-3.74267
-3.74207
-3.74389
-3.74494
-3.74464
-3.7457
-3.74554
-3.74585
-3.7457
-3.74555
-3.74615
-3.7466
-3.74675
-3.74766
-3.7469
-3.74736
-3.74645
-3.746
-3.74615
-3.74645
-3.74675
-3.74781
-3.74826
-3.74796
-3.74811
-3.74826
-3.74736
-3.74842
-3.74827
-3.74872
-3.74811
-3.74856
-3.74826
-3.74887
-3.74872
-3.74826
-3.74842
-3.74706
-3.74751
-3.74721
-3.74721
-3.74706
-3.74645
-3.74857
-3.74781
-3.74827
-3.74857
-3.74812
-3.74797
-3.74902
-3.74978
-3.75053
-3.75068
-3.75053
-3.74993
-3.75053
-3.74993
-3.74978
-3.74888
-3.74903
-3.74827
-3.74812
-3.74933
-3.74902
-3.74948
-3.74948
-3.74963
-3.74933
-3.74993
-3.74948
-3.74948
-3.74858
-3.74888
-3.74858
-3.74858
-3.74827
-3.74827
-3.74812
-3.74782
-3.74812
-3.74873
-3.74782
-3.74767
-3.74828
-3.74707
-3.74691
-3.74691
-3.74767
-3.74812
-3.74797
-3.74767
-3.74782
-3.74873
-3.74843
-3.74873
-3.74964
-3.74918
-3.74933
-3.74903
-3.74827
-3.74857
-3.74948
-3.74872
-3.74857
-3.74933
-3.74963
-3.74873
-3.74888
-3.74873
-3.74888
-3.74903
-3.74903
-3.74857
-3.74918
-3.74978
-3.74918
-3.74873
-3.74827
-3.74812
-3.74812
-3.74978
-3.74918
-3.74903
-3.74887
-3.74918
-3.74872
-3.74827
-3.74873
-3.74933
-3.74918
-3.74888
-3.74858
-3.74752
-3.74722
-3.74752
-3.74797
-3.74812
-3.74843
-3.74873
-3.74782
-3.74707
-3.74737
-3.74827
-3.74827
-3.74903
-3.74993
-3.75008
-3.74978
-3.74888
-3.74888
-3.75024
-3.74963
-3.74933
-3.74888
-3.74858
-3.74812
-3.74797
-3.74797
-3.74888
-3.74948
-3.75038
-3.75114
-3.75084
-3.75054
-3.75054
-3.75114
-3.74978
-3.74903
-3.74979
-3.74933
-3.74963
-3.74978
-3.75009
-3.75008
-3.74903
-3.74963
-3.74887
-3.74857
-3.74888
-3.74918
-3.74903
-3.74963
-3.74993
-3.74933
-3.74827
-3.74903
-3.74873
-3.74827
-3.74994
-3.74994
-3.75024
-3.75054
-3.75024
-3.74948
-3.75009
-3.74979
-3.75009
-3.75054
-3.75084
-3.75175
-3.75159
-3.75205
-3.7519
-3.75235
-3.75205
-3.75099
-3.75024
-3.74993
-3.75009
-3.74888
-3.74979
-3.74918
-3.74873
-3.74918
-3.74888
-3.74933
-3.74918
-3.74948
-3.74872
-3.74933
-3.74963
-3.74918
-3.74918
-3.74872
-3.74857
-3.74842
-3.74888
-3.74963
-3.74888
-3.74903
-3.74828
-3.74843
-3.74827
-3.74887
-3.74932
-3.75023
-3.74993
-3.74918
-3.74963
-3.75084
-3.7516
-3.7516
-3.75084
-3.75009
-3.74963
-3.75039
-3.75084
-3.74978
-3.75084
-3.75039
-3.74978
-3.74888
-3.74918
-3.75024
-3.75084
-3.74963
-3.74948
-3.74903
-3.74782
-3.74737
-3.74782
-3.74933
-3.74842
-3.74766
-3.74902
-3.74933
-3.74933
-3.74902
-3.74887
-3.74872
-3.74873
-3.74918
-3.74903
-3.74979
-3.74979
-3.74994
-3.75009
-3.74918
-3.75009
-3.75009
-3.75024
-3.74979
-3.75023
-3.75023
-3.75023
-3.75068
-3.75023
-3.75023
-3.74963
-3.74918
-3.74994
-3.75069
-3.75145
-3.7519
-3.751
-3.75069
-3.75039
-3.74978
-3.74978
-3.74933
-3.74948
-3.74978
-3.74827
-3.74857
-3.74872
-3.74842
-3.74797
-3.74812
-3.74827
-3.74812
-3.74948
-3.74978
-3.75024
-3.74888
-3.74873
-3.74888
-3.74827
-3.74767
-3.74812
-3.74812
-3.74797
-3.74842
-3.74782
-3.74706
-3.74661
-3.74616
-3.74616
-3.74661
-3.74706
-3.74661
-3.74676
-3.74691
-3.74676
-3.74676
-3.74691
-3.74631
-3.74691
-3.74812
-3.74812
-3.74842
-3.74857
-3.74857
-3.74812
-3.74752
-3.74706
-3.74752
-3.74661
-3.74616
-3.7457
-3.74631
-3.74616
-3.74676
-3.74736
-3.74751
-3.74812
-3.74797
-3.74752
-3.74752
-3.74692
-3.74601
-3.74647
-3.74586
-3.74556
-3.74631
-3.74616
-3.7451
-3.74555
-3.74494
-3.74555
-3.74449
-3.74479
-3.74434
-3.74495
-3.74374
-3.74404
-3.74404
-3.74465
-3.7445
-3.7445
-3.7445
-3.74404
-3.74374
-3.74465
-3.7454
-3.7448
-3.74465
-3.74465
-3.74434
-3.7442
-3.74314
-3.74314
-3.74389
-3.74389
-3.74374
-3.74344
-3.74374
-3.7439
-3.74389
-3.74435
-3.74313
-3.74344
-3.74268
-3.74389
-3.74299
-3.74329
-3.74329
-3.74299
-3.74314
-3.74389
-3.74359
-3.74329
-3.74283
-3.74373
-3.74343
-3.74389
-3.74283
-3.74223
-3.74253
-3.74283
-3.74163
-3.74148
-3.74087
-3.74223
-3.74269
-3.74269
-3.74374
-3.7442
-3.74404
-3.7445
-3.7445
-3.74359
-3.74299
-3.74344
-3.74329
-3.74389
-3.74283
-3.74329
-3.74329
-3.74449
-3.74479
-3.74404
-3.74495
-3.7454
-3.7457
-3.74616
-3.74601
-3.74571
-3.74631
-3.74646
-3.74631
-3.74586
-3.74541
-3.74661
-3.74661
-3.74721
-3.74646
-3.74782
-3.74782
-3.74797
-3.74782
-3.74812
-3.74873
-3.74782
-3.74843
-3.74752
-3.74722
-3.74828
-3.74858
-3.74752
-3.74797
-3.74827
-3.74797
-3.74691
-3.74661
-3.74616
-3.74525
-3.7454
-3.7457
-3.74555
-3.7451
-3.74646
-3.74646
-3.74691
-3.74767
-3.7451
-3.7457
-3.74586
-3.74586
-3.74691
-3.74707
-3.74692
-3.74797
-3.74812
-3.74888
-3.74964
-3.74888
-3.74918
-3.74994
-3.75084
-3.75114
-3.75114
-3.75069
-3.75099
-3.75069
-3.75024
-3.74948
-3.75039
-3.74964
-3.75039
-3.75054
-3.7519
-3.75175
-3.7519
-3.75145
-3.75145
-3.75175
-3.75054
-3.75069
-3.7519
-3.751
-3.75024
-3.75039
-3.75054
-3.75009
-3.74994
-3.74979
-3.75024
-3.74949
-3.74994
-3.74994
-3.75085
-3.75115
-3.7513
-3.75115
-3.7507
-3.7504
-3.75039
-3.75024
-3.75024
-3.74994
-3.75069
-3.74964
-3.75039
-3.751
-3.75115
-3.75191
-3.75221
-3.75236
-3.7513
-3.75175
-3.7522
-3.75084
-3.75054
-3.75145
-3.751
-3.7513
-3.75145
-3.7504
-3.74859
-3.74904
-3.74904
-3.74994
-3.75069
-3.7516
-3.75039
-3.75084
-3.7513
-3.75084
-3.74979
-3.74903
-3.74918
-3.74903
-3.74873
-3.74888
-3.74949
-3.74934
-3.74873
-3.74798
-3.74753
-3.74843
-3.74934
-3.74934
-3.74903
-3.74858
-3.74888
-3.74919
-3.74858
-3.74889
-3.74874
-3.74813
-3.74722
-3.74798
-3.74752
-3.74782
-3.74843
-3.74737
-3.74632
-3.74601
-3.74601
-3.74571
-3.74586
-3.74541
-3.74541
-3.74617
-3.74541
-3.74481
-3.74481
-3.74466
-3.74526
-3.74511
-3.74436
-3.74511
-3.74542
-3.74541
-3.74647
-3.74541
-3.74556
-3.74496
-3.74586
-3.74601
-3.74496
-3.74481
-3.74481
-3.74571
-3.74602
-3.74632
-3.74722
-3.74677
-3.74541
-3.74526
-3.74526
-3.74526
-3.74541
-3.74496
-3.74571
-3.74632
-3.74557
-3.74542
-3.74647
-3.74632
-3.74708
-3.74798
-3.74859
-3.74813
-3.74843
-3.74798
-3.74889
-3.74904
-3.74965
-3.7495
-3.74995
-3.75025
-3.74949
-3.74889
-3.74889
-3.74889
-3.74859
-3.74799
-3.74813
-3.74859
-3.74874
-3.74828
-3.74783
-3.74889
-3.74995
-3.75055
-3.74995
-3.74965
-3.7498
-3.74949
-3.74934
-3.74964
-3.74964
-3.74858
-3.74949
-3.74919
-3.74964
-3.74995
-3.7507
-3.7501
-3.75055
-3.7513
-3.75025
-3.75085
-3.75025
-3.7504
-3.751
-3.75055
-3.74965
-3.74949
-3.7501
-3.74934
-3.75009
-3.75025
-3.74904
-3.74904
-3.7501
-3.75085
-3.7501
-3.75024
-3.74873
-3.74949
-3.74888
-3.74888
-3.74934
-3.74934
-3.74964
-3.74904
-3.74904
-3.74919
-3.74965
-3.7504
-3.75116
-3.75146
-3.75176
-3.751
-3.7516
-3.75176
-3.75055
-3.75025
-3.74965
-3.7501
-3.74964
-3.7507
-3.75039
-3.75024
-3.74994
-3.75055
-3.7507
-3.75025
-3.75025
-3.7495
-3.74874
-3.75025
-3.7507
-3.7504
-3.74934
-3.74949
-3.74964
-3.74859
-3.74814
-3.74814
-3.74874
-3.74874
-3.74874
-3.74798
-3.74813
-3.74677
-3.74693
-3.74648
-3.74648
-3.74632
-3.74678
-3.74738
-3.74874
-3.74889
-3.74904
-3.74829
-3.74935
-3.74965
-3.74919
-3.74844
-3.74798
-3.74874
-3.74829
-3.74905
-3.74874
-3.7492
-3.7498
-3.7501
-3.74995
-3.7492
-3.74814
-3.74859
-3.74799
-3.74739
-3.74693
-3.74708
-3.74572
-3.74617
-3.74663
-3.74602
-3.74632
-3.74632
-3.74647
-3.74662
-3.74662
-3.74617
-3.74557
-3.74678
-3.74678
-3.74618
-3.74663
-3.74844
-3.74844
-3.74829
-3.74723
-3.74783
-3.74829
-3.74753
-3.74768
-3.74753
-3.74708
-3.74769
-3.74829
-3.74829
-3.74844
-3.74844
-3.74754
-3.74724
-3.74663
-3.74723
-3.74648
-3.74678
-3.74633
-3.74678
-3.74724
-3.74663
-3.74603
-3.74557
-3.74557
-3.74527
-3.74693
-3.74633
-3.74709
-3.74739
-3.74875
-3.74784
-3.74859
-3.74799
-3.74708
-3.74723
-3.74663
-3.74617
-3.74557
-3.74632
-3.74708
-3.74633
-3.74678
-3.74693
-3.74693
-3.74709
-3.74799
-3.74724
-3.74724
-3.74754
-3.74814
-3.74723
-3.74859
-3.74919
-3.74859
-3.7495
-3.74874
-3.74799
-3.74829
-3.74845
-3.7483
-3.7486
-3.7492
-3.74966
-3.74966
-3.75026
-3.74966
-3.74951
-3.7495
-3.74935
-3.74935
-3.74889
-3.74935
-3.75025
-3.75056
-3.75025
-3.7495
-3.7495
-3.74874
-3.74935
-3.75086
-3.75026
-3.74905
-3.7483
-3.7486
-3.74845
-3.74936
-3.74981
-3.74966
-3.74996
-3.75026
-3.75011
-3.74996
-3.7495
-3.7501
-3.7492
-3.74829
-3.7486
-3.74724
-3.74739
-3.74679
-3.74754
-3.74769
-3.7483
-3.7486
-3.7489
-3.7492
-3.74935
-3.7489
-3.75026
-3.74995
-3.7501
-3.7501
-3.74995
-3.7495
-3.74921
-3.75042
-3.74996
-3.74981
-3.75027
-3.75041
-3.74996
-3.74905
-3.74875
-3.74965
-3.7501
-3.74995
-3.74995
-3.74981
-3.74966
-3.74921
-3.7483
-3.74891
-3.74996
-3.75026
-3.75132
-3.75147
-3.75162
-3.75162
-3.75192
-3.74981
-3.74936
-3.75011
-3.75056
-3.75011
-3.74981
-3.74966
-3.74905
-3.7483
-3.74799
-3.74845
-3.74784
-3.74845
-3.74815
-3.7492
-3.75071
-3.75162
-3.75116
-3.75132
-3.75086
-3.75026
-3.75026
-3.74981
-3.75102
-3.75102
-3.75027
-3.75087
-3.75178
-3.75162
-3.75283
-3.75102
-3.75102
-3.75117
-3.75072
-3.75042
-3.75147
-3.75253
-3.75268
-3.75102
-3.75011
-3.75011
-3.75026
-3.74935
-3.74875
-3.74769
-3.7486
-3.74845
-3.74935
-3.74936
-3.7489
-3.7489
-3.74905
-3.74951
-3.75041
-3.75041
-3.75011
-3.75011
-3.75041
-3.75071
-3.75026
-3.74965
-3.74829
-3.74844
-3.74905
-3.74935
-3.75041
-3.75056
-3.7498
-3.75041
-3.74996
-3.75147
-3.75102
-3.75056
-3.75132
-3.75087
-3.74981
-3.74936
-3.74966
-3.75011
-3.75026
-3.75072
-3.75102
-3.74996
-3.75041
-3.74981
-3.74935
-3.7489
-3.74905
-3.75026
-3.75011
-3.74996
-3.74935
-3.74936
-3.74936
-3.74875
-3.74951
-3.74951
-3.74845
-3.7483
-3.74875
-3.74951
-3.74935
-3.7489
-3.74769
-3.74709
-3.74694
-3.74634
-3.74573
-3.74649
-3.74633
-3.74649
-3.74694
-3.74815
-3.74815
-3.74784
-3.74815
-3.74785
-3.74679
-3.74694
-3.74755
-3.7474
-3.74664
-3.74709
-3.74664
-3.74634
-3.74588
-3.74437
-3.74482
-3.74528
-3.74483
-3.74498
-3.74498
-3.74558
-3.74633
-3.74663
-3.74664
-3.74573
-3.74679
-3.74604
-3.74528
-3.74588
-3.74543
-3.74633
-3.74618
-3.74588
-3.74588
-3.74588
-3.74618
-3.74649
-3.74679
-3.74498
-3.74482
-3.74573
-3.74528
-3.74694
-3.74649
-3.74739
-3.74724
-3.74785
-3.74891
-3.74845
-3.74875
-3.74906
-3.74936
-3.74966
-3.74981
-3.74996
-3.74966
-3.74905
-3.74875
-3.74981
-3.74936
-3.74845
-3.74754
-3.74951
-3.74815
-3.74845
-3.7486
-3.74966
-3.74966
-3.74981
-3.75011
-3.75041
-3.75056
-3.75011
-3.74981
-3.74966
-3.74891
-3.7483
-3.7486
-3.748
-3.74724
-3.74799
-3.74709
-3.74694
-3.74724
-3.74739
-3.748
-3.748
-3.748
-3.74967
-3.74936
-3.74936
-3.74936
-3.74906
-3.7483
-3.7483
-3.748
-3.7483
-3.7489
-3.7486
-3.74845
-3.7486
-3.74921
-3.748
-3.7477
-3.74815
-3.7474
-3.74785
-3.74785
-3.7477
-3.74815
-3.74921
-3.7486
-3.74785
-3.74921
-3.7489
-3.74936
-3.74951
-3.74996
-3.74951
-3.74921
-3.7477
-3.74755
-3.74785
-3.748
-3.74815
-3.74754
-3.74678
-3.74724
-3.74754
-3.74814
-3.74799
-3.7483
-3.7486
-3.74906
-3.74876
-3.75042
-3.75087
-3.75057
-3.75117
-3.75117
-3.75056
-3.75071
-3.75056
-3.7498
-3.7498
-3.75041
-3.75011
-3.75102
-3.75072
-3.74981
-3.75072
-3.75042
-3.75011
-3.75087
-3.75071
-3.75101
-3.75116
-3.75101
-3.75026
-3.75056
-3.75026
-3.75087
-3.75041
-3.75057
-3.75057
-3.75102
-3.75163
-3.75148
-3.75163
-3.75209
-3.75133
-3.75268
-3.75223
-3.75192
-3.75328
-3.75222
-3.75207
-3.75147
-3.75102
-3.75117
-3.75192
-3.75223
-3.75132
-3.75147
-3.75147
-3.75163
-3.75132
-3.75162
-3.75192
-3.75253
-3.75207
-3.75192
-3.75283
-3.75359
-3.75389
-3.75359
-3.75405
-3.75374
-3.75344
-3.75268
-3.75298
-3.75298
-3.75374
-3.75419
-3.75374
-3.75374
-3.75328
-3.75162
-3.75132
-3.75087
-3.75026
-3.75071
-3.75056
-3.75132
-3.75071
-3.75056
-3.75071
-3.75117
-3.75087
-3.75162
-3.75132
-3.75162
-3.75132
-3.75177
-3.75102
-3.75132
-3.75238
-3.75207
-3.75253
-3.75208
-3.75223
-3.75238
-3.75328
-3.75223
-3.75192
-3.75207
-3.75238
-3.75207
-3.75207
-3.75237
-3.75207
-3.75313
-3.75283
-3.75253
-3.75147
-3.75208
-3.75057
-3.75087
-3.75163
-3.75117
-3.75117
-3.75208
-3.75117
-3.75102
-3.75056
-3.74996
-3.75071
-3.75162
-3.75087
-3.75087
-3.75072
-3.75147
-3.75117
-3.75132
-3.75223
-3.75253
-3.75132
-3.75057
-3.75057
-3.75147
-3.75086
-3.75026
-3.75116
-3.74965
-3.74965
-3.74905
-3.74845
-3.74724
-3.74724
-3.74724
-3.74694
-3.74709
-3.74815
-3.74785
-3.74679
-3.74603
-3.74664
-3.74679
-3.74679
-3.74739
-3.74709
-3.74724
-3.74694
-3.74739
-3.74724
-3.74664
-3.74679
-3.74679
-3.74679
-3.74709
-3.74709
-3.74815
-3.74784
-3.74769
-3.74694
-3.74664
-3.74558
-3.74603
-3.74528
-3.74558
-3.74513
-3.74512
-3.74512
-3.74603
-3.74709
-3.74724
-3.74754
-3.74769
-3.74603
-3.74679
-3.74679
-3.74754
-3.74754
-3.74845
-3.7483
-3.7489
-3.74951
-3.74936
-3.74981
-3.75011
-3.74966
-3.74936
-3.74951
-3.74996
-3.74981
-3.7489
-3.74935
-3.75056
-3.75011
-3.7495
-3.74935
-3.74951
-3.74996
-3.75011
-3.75072
-3.74996
-3.75026
-3.75011
-3.75056
-3.75071
-3.75117
-3.75026
-3.75072
-3.74921
-3.7489
-3.74996
-3.75102
-3.75057
-3.75026
-3.75027
-3.74951
-3.74951
-3.74951
-3.74891
-3.74921
-3.74981
-3.7489
-3.74663
-3.74663
-3.74694
-3.74663
-3.74663
-3.74739
-3.74784
-3.74799
-3.74724
-3.74784
-3.74724
-3.74709
-3.74649
-3.74724
-3.74679
-3.74679
-3.74618
-3.74754
-3.74573
-3.74573
-3.74588
-3.74649
-3.74603
-3.74573
-3.74558
-3.74573
-3.74603
-3.74664
-3.74618
-3.74633
-3.74603
-3.74603
-3.74634
-3.74664
-3.74724
-3.74754
-3.74709
-3.74815
-3.74996
-3.75041
-3.75011
-3.75011
-3.74966
-3.74921
-3.74936
-3.74981
-3.75041
-3.75072
-3.74981
-3.74966
-3.74921
-3.74921
-3.74981
-3.74966
-3.74951
-3.74951
-3.74951
-3.74951
-3.74891
-3.74966
-3.74951
-3.74936
-3.74891
-3.74936
-3.74982
-3.74876
-3.74906
-3.74906
-3.74966
-3.74845
-3.7486
-3.7486
-3.7489
-3.74951
-3.75012
-3.74891
-3.74861
-3.74876
-3.74816
-3.74861
-3.74876
-3.74861
-3.74891
-3.74845
-3.74845
-3.74891
-3.74891
-3.74845
-3.7486
-3.74815
-3.74664
-3.74679
-3.74694
-3.74694
-3.74755
-3.74724
-3.74755
-3.7477
-3.74664
-3.74709
-3.748
-3.74815
-3.74845
-3.7477
-3.74785
-3.748
-3.74936
-3.74936
-3.74966
-3.74997
-3.75057
-3.75132
-3.75147
-3.75117
-3.75102
-3.75072
-3.75026
-3.74996
-3.75042
-3.75027
-3.75012
-3.74967
-3.74816
-3.74936
-3.74981
-3.74981
-3.75027
-3.74996
-3.74966
-3.74921
-3.74921
-3.74861
-3.74846
-3.74876
-3.74846
-3.74816
-3.74861
-3.748
-3.74724
-3.74558
-3.74528
-3.74498
-3.74498
-3.74559
-3.74574
-3.74528
-3.74452
-3.74361
-3.74452
-3.74498
-3.74559
-3.74604
-3.74559
-3.74468
-3.74393
-3.74302
-3.74423
-3.74453
-3.74468
-3.74574
-3.74559
-3.74589
-3.7468
-3.74559
-3.74635
-3.74725
-3.74831
-3.74891
-3.7483
-3.7486
-3.74936
-3.74951
-3.74936
-3.74831
-3.74906
-3.74982
-3.74967
-3.74891
-3.74936
-3.75102
-3.74996
-3.74951
-3.74951
-3.75012
-3.75087
-3.74982
-3.74921
-3.74906
-3.74891
-3.7483
-3.74845
-3.748
-3.74679
-3.74724
-3.74679
-3.74543
-3.74589
-3.74634
-3.74679
-3.74634
-3.74649
-3.74755
-3.74815
-3.74846
-3.74815
-3.74815
-3.7477
-3.748
-3.74815
-3.74754
-3.74845
-3.74815
-3.74815
-3.74664
-3.74634
-3.74725
-3.74755
-3.7483
-3.74861
-3.74846
-3.74755
-3.7474
-3.7471
-3.74786
-3.74846
-3.74891
-3.74846
-3.7483
-3.74845
-3.748
-3.74845
-3.74845
-3.74921
-3.74981
-3.74951
-3.74981
-3.74921
-3.74951
-3.74951
-3.74921
-3.74921
-3.74876
-3.74906
-3.74921
-3.74755
-3.7477
-3.74679
-3.7471
-3.7474
-3.74589
-3.74649
-3.7471
-3.74771
-3.74891
-3.74785
-3.74755
-3.74634
-3.74634
-3.74664
-3.74604
-3.74573
-3.74452
-3.74513
-3.74589
-3.74604
-3.74634
-3.74725
-3.74755
-3.7468
-3.74604
-3.74619
-3.74619
-3.74665
-3.74619
-3.74664
-3.7471
-3.74785
-3.74922
-3.74891
-3.74906
-3.74906
-3.74861
-3.74815
-3.74725
-3.74709
-3.74845
-3.74861
-3.7483
-3.74906
-3.74906
-3.74846
-3.74891
-3.7477
-3.74695
-3.74635
-3.74544
-3.74559
-3.74559
-3.74543
-3.74559
-3.74498
-3.74498
-3.74513
-3.74544
-3.74559
-3.74589
-3.74604
-3.74695
-3.74634
-3.7468
-3.74694
-3.74755
-3.748
-3.74906
-3.74936
-3.74951
-3.74951
-3.74982
-3.7483
-3.74815
-3.748
-3.7477
-3.74709
-3.7474
-3.74815
-3.7477
-3.74664
-3.74619
-3.74574
-3.74604
-3.74649
-3.74649
-3.74604
-3.74588
-3.74543
-3.74513
-3.74498
-3.74604
-3.74589
-3.74574
-3.74664
-3.74604
-3.74634
-3.74664
-3.748
-3.7477
-3.7477
-3.74785
-3.748
-3.7483
-3.74876
-3.74861
-3.74906
-3.74997
-3.74997
-3.74982
-3.75042
-3.74967
-3.74982
-3.75012
-3.74936
-3.74891
-3.74815
-3.7477
-3.74755
-3.7474
-3.74634
-3.74725
-3.7474
-3.74649
-3.74801
-3.7477
-3.7477
-3.7474
-3.7477
-3.7474
-3.7474
-3.7477
-3.74936
-3.74906
-3.74816
-3.74786
-3.74801
-3.74771
-3.74786
-3.74846
-3.74846
-3.74906
-3.74785
-3.7474
-3.748
-3.74725
-3.74725
-3.74664
-3.7468
-3.74665
-3.74679
-3.74604
-3.74528
-3.74588
-3.74558
-3.74604
-3.74559
-3.74589
-3.7477
-3.74846
-3.74922
-3.74831
-3.74846
-3.74755
-3.7474
-3.74725
-3.74725
-3.74634
-3.74664
-3.74589
-3.74619
-3.74589
-3.74544
-3.74528
-3.74528
-3.74513
-3.74528
-3.74468
-3.74392
-3.74438
-3.74438
-3.74514
-3.74453
-3.74468
-3.74468
-3.74665
-3.7477
-3.748
-3.74966
-3.75042
-3.75027
-3.74921
-3.74936
-3.75027
-3.74951
-3.74951
-3.74951
-3.74891
-3.74952
-3.75043
-3.75088
-3.75133
-3.75073
-3.74952
-3.74906
-3.74861
-3.74861
-3.74816
-3.74755
-3.74816
-3.74891
-3.74891
-3.74937
-3.74891
-3.74937
-3.74816
-3.74831
-3.74876
-3.74831
-3.74846
-3.74831
-3.748
-3.7474
-3.74846
-3.74952
-3.75043
-3.75058
-3.75209
-3.75193
-3.75178
-3.75072
-3.75057
-3.75087
-3.75102
-3.75103
-3.75148
-3.75012
-3.75163
-3.75194
-3.75103
-3.75209
-3.75209
-3.75148
-3.75073
-3.75088
-3.75057
-3.75072
-3.75148
-3.75087
-3.75178
-3.75103
-3.75148
-3.75133
-3.75194
-3.7527
-3.753
-3.7536
-3.75179
-3.75103
-3.75042
-3.75057
-3.75087
-3.74966
-3.74996
-3.75057
-3.74981
-3.74967
-3.74906
-3.74937
-3.74937
-3.74922
-3.74907
-3.74922
-3.75012
-3.75133
-3.75103
-3.75057
-3.75178
-3.75178
-3.75178
-3.75208
-3.75239
-3.75178
-3.75178
-3.75179
-3.75073
-3.74997
-3.75027
-3.75118
-3.74981
-3.75012
-3.75012
-3.74997
-3.75057
-3.75193
-3.75117
-3.75178
-3.75178
-3.75253
-3.75284
-3.75254
-3.75284
-3.75374
-3.75268
-3.75223
-3.75238
-3.75268
-3.75283
-3.75268
-3.75268
-3.75208
-3.75148
-3.75193
-3.75163
-3.75148
-3.75118
-3.75117
-3.75012
-3.74951
-3.74876
-3.7483
-3.74876
-3.74876
-3.74951
-3.74876
-3.7483
-3.74861
-3.75012
-3.74967
-3.74906
-3.74997
-3.74937
-3.74891
-3.74921
-3.74936
-3.75011
-3.74951
-3.74906
-3.74861
-3.74831
-3.74876
-3.74755
-3.74589
-3.74619
-3.74513
-3.74498
-3.74589
-3.74619
-3.74619
-3.74679
-3.74755
-3.748
-3.7483
-3.74876
-3.748
-3.74906
-3.75027
-3.75072
-3.75072
-3.74997
-3.74921
-3.7483
-3.74906
-3.74966
-3.74996
-3.75027
-3.74936
-3.75012
-3.75102
-3.74966
-3.74936
-3.75042
-3.74936
-3.74861
-3.74936
-3.74966
-3.74861
-3.74815
-3.7474
-3.74785
-3.7477
-3.74815
-3.74876
-3.7477
-3.7486
-3.74906
-3.74906
-3.74951
-3.74952
-3.74936
-3.74861
-3.74921
-3.74845
-3.7477
-3.74785
-3.74785
-3.74815
-3.74785
-3.74815
-3.7483
-3.7486
-3.74906
-3.74921
-3.75027
-3.75087
-3.75087
-3.74997
-3.74982
-3.74967
-3.74891
-3.74982
-3.75012
-3.75012
-3.75027
-3.75042
-3.74996
-3.74996
-3.74996
-3.75011
-3.75011
-3.75057
-3.75057
-3.74996
-3.74966
-3.75057
-3.74967
-3.74906
-3.74967
-3.74921
-3.74861
-3.74936
-3.74982
-3.74967
-3.74997
-3.75012
-3.74997
-3.75042
-3.74921
-3.74891
-3.74906
-3.74845
-3.74997
-3.75012
-3.75087
-3.75072
-3.75042
-3.75042
-3.75057
-3.75012
-3.75072
-3.75239
-3.75254
-3.75193
-3.75118
-3.75163
-3.75117
-3.75148
-3.75178
-3.75102
-3.75102
-3.75042
-3.74951
-3.74876
-3.74906
-3.74876
-3.74831
-3.74891
-3.74906
-3.75012
-3.74951
-3.74966
-3.75027
-3.74921
-3.74906
-3.74966
-3.74966
-3.74921
-3.74936
-3.74922
-3.74967
-3.74952
-3.74907
-3.74861
-3.74876
-3.74785
-3.74785
-3.7477
-3.748
-3.748
-3.7474
-3.7474
-3.74755
-3.748
-3.748
-3.74815
-3.74846
-3.74936
-3.74921
-3.74891
-3.74966
-3.74966
-3.74981
-3.75042
-3.75193
-3.75253
-3.75329
-3.75284
-3.75253
-3.75344
-3.75435
-3.75269
-3.75284
-3.75238
-3.75208
-3.75148
-3.75012
-3.75042
-3.75012
-3.75117
-3.75117
-3.75208
-3.75268
-3.75283
-3.75117
-3.75178
-3.75193
-3.75148
-3.75133
-3.75208
-3.75193
-3.75102
-3.75072
-3.75178
-3.75178
-3.75133
-3.75148
-3.75133
-3.75133
-3.75072
-3.75223
-3.75283
-3.75223
-3.75223
-3.75298
-3.75298
-3.75283
-3.75283
-3.75344
-3.75344
-3.75329
-3.75344
-3.75344
-3.75344
-3.75238
-3.75268
-3.75253
-3.75253
-3.75238
-3.75328
-3.75359
-3.75329
-3.75253
-3.75253
-3.75223
-3.75178
-3.75223
-3.75208
-3.75193
-3.75238
-3.75223
-3.75178
-3.75132
-3.75147
-3.75193
-3.75253
-3.75359
-3.75314
-3.75253
-3.75208
-3.75072
-3.75087
-3.75087
-3.74935
-3.7492
-3.74845
-3.748
-3.74845
-3.74755
-3.74755
-3.74649
-3.7474
-3.7483
-3.74861
-3.74951
-3.74996
-3.74921
-3.748
-3.74739
-3.74724
-3.74724
-3.74694
-3.74709
-3.74785
-3.7477
-3.74815
-3.74996
-3.75027
-3.75072
-3.75102
-3.75162
-3.75177
-3.75177
-3.75177
-3.75177
-3.75313
-3.75314
-3.75238
-3.75223
-3.75268
-3.75223
-3.75192
-3.75147
-3.75253
-3.75313
-3.75313
-3.75222
-3.75162
-3.75117
-3.75071
-3.75056
-3.7492
-3.7483
-3.7483
-3.74921
-3.74981
-3.74996
-3.74921
-3.74951
-3.75026
-3.75011
-3.74996
-3.75026
-3.75072
-3.74981
-3.74951
-3.74966
-3.74966
-3.75026
-3.75041
-3.75086
-3.75116
-3.75162
-3.75071
-3.75102
-3.74996
-3.74966
-3.74966
-3.74906
-3.7486
-3.74845
-3.7486
-3.74906
-3.74905
-3.74996
-3.74966
-3.7486
-3.74815
-3.74754
-3.74724
-3.74785
-3.74785
-3.74785
-3.748
-3.7486
-3.74921
-3.74815
-3.748
-3.74785
-3.74875
-3.74845
-3.74785
-3.74785
-3.7483
-3.74785
-3.74815
-3.7477
-3.74619
-3.74664
-3.74603
-3.74558
-3.74513
-3.74649
-3.74709
-3.74875
-3.74891
-3.74815
-3.748
-3.74845
-3.7483
-3.74891
-3.74846
-3.74906
-3.748
-3.74754
-3.74679
-3.74709
-3.74558
-3.74664
-3.7483
-3.74815
-3.74739
-3.7483
-3.7483
-3.74815
-3.74875
-3.7483
-3.748
-3.74679
-3.74649
-3.74543
-3.74528
-3.74543
-3.74634
-3.74755
-3.74755
-3.74785
-3.74709
-3.74709
-3.74815
-3.74936
-3.75072
-3.75087
-3.75147
-3.75163
-3.75087
-3.75178
-3.75147
-3.75162
-3.75208
-3.75177
-3.75132
-3.75178
-3.75132
-3.75178
-3.75193
-3.75178
-3.75223
-3.75193
-3.75163
-3.75208
-3.75253
-3.75299
-3.75253
-3.75223
-3.75238
-3.75178
-3.75087
-3.75117
-3.75102
-3.75042
-3.75011
-3.74966
-3.74921
-3.74966
-3.74845
-3.74845
-3.74891
-3.74876
-3.74861
-3.74906
-3.74876
-3.74846
-3.74937
-3.74861
-3.74982
-3.74906
-3.74951
-3.74875
-3.74951
-3.74951
-3.74921
-3.74982
-3.74966
-3.75087
-3.75057
-3.75026
-3.74966
-3.74936
-3.74906
-3.74966
-3.74996
-3.74996
-3.74951
-3.75011
-3.75042
-3.74996
-3.75057
-3.75132
-3.75178
-3.75193
-3.75102
-3.75087
-3.75042
-3.75027
-3.75117
-3.75132
-3.75162
-3.75132
-3.75178
-3.75163
-3.75223
-3.75268
-3.75329
-3.75359
-3.75344
-3.75389
-3.75434
-3.75419
-3.75329
-3.75344
-3.75238
-3.75268
-3.75374
-3.75389
-3.75314
-3.75374
-3.7545
-3.75449
-3.7554
-3.75494
-3.75494
-3.75494
-3.75434
-3.75389
-3.75314
-3.75314
-3.75284
-3.75299
-3.75253
-3.75329
-3.75404
-3.75343
-3.75343
-3.75283
-3.75207
-3.75268
-3.75253
-3.75162
-3.75087
-3.75026
-3.74906
-3.74966
-3.74966
-3.74981
-3.74996
-3.75026
-3.74981
-3.75026
-3.74996
-3.75026
-3.75026
-3.75071
-3.74935
-3.7489
-3.7492
-3.75011
-3.75057
-3.75147
-3.75117
-3.75192
-3.75268
-3.75117
-3.75056
-3.75041
-3.75026
-3.74966
-3.74981
-3.75042
-3.74996
-3.74966
-3.74951
-3.7492
-3.74966
-3.74996
-3.75101
-3.75056
-3.75071
-3.75086
-3.75132
-3.75071
-3.75117
-3.75041
-3.75132
-3.75102
-3.75177
-3.75253
-3.75253
-3.75208
-3.75298
-3.75238
-3.75283
-3.75192
-3.75192
-3.75132
-3.75071
-3.75056
-3.75086
-3.75147
-3.75207
-3.75237
-3.75252
-3.75237
-3.75222
-3.75177
-3.75101
-3.75132
-3.75162
-3.75056
-3.74996
-3.74905
-3.7489
-3.7483
-3.74799
-3.74829
-3.74874
-3.74905
-3.74844
-3.74829
-3.74708
-3.74603
-3.74618
-3.74512
-3.74512
-3.74497
-3.74407
-3.74437
-3.74558
-3.74633
-3.74618
-3.74678
-3.74708
-3.74648
-3.74572
-3.74496
-3.74511
-3.74497
-3.74603
-3.74618
-3.74633
-3.74678
-3.74603
-3.74542
-3.74512
-3.74512
-3.74633
-3.74784
-3.74859
-3.74799
-3.74754
-3.74799
-3.74693
-3.74739
-3.7486
-3.7495
-3.7498
-3.7489
-3.74784
-3.74829
-3.74844
-3.74829
-3.74693
-3.74708
-3.74754
-3.74754
-3.74738
-3.74784
-3.74799
-3.74769
-3.74844
-3.74844
-3.74844
-3.74845
-3.74965
-3.75026
-3.75056
-3.75026
-3.74995
-3.75056
-3.75041
-3.75056
-3.74995
-3.7498
-3.7495
-3.7501
-3.74965
-3.75071
-3.75101
-3.75041
-3.75071
-3.75147
-3.75116
-3.75177
-3.75177
-3.75101
-3.75055
-3.74995
-3.7504
-3.7498
-3.7492
-3.74995
-3.75041
-3.74889
-3.74904
-3.74889
-3.74889
-3.74889
-3.74844
-3.74844
-3.74754
-3.74723
-3.74678
-3.74724
-3.74678
-3.74633
-3.74633
-3.74572
-3.74602
-3.74648
-3.74693
-3.74723
-3.74708
-3.74739
-3.74739
-3.74694
-3.74724
-3.74724
-3.74693
-3.74693
-3.74588
-3.74558
-3.74527
-3.74557
-3.74618
-3.74587
-3.74678
-3.74693
-3.74678
-3.74694
-3.74724
-3.74603
-3.74618
-3.74602
-3.74482
-3.74603
-3.74709
-3.74829
-3.74859
-3.74844
-3.74723
-3.74693
-3.74738
-3.74814
-3.74859
-3.74784
-3.74784
-3.74769
-3.74739
-3.74769
-3.74799
-3.74844
-3.74859
-3.74814
-3.74724
-3.74739
-3.74784
-3.74739
-3.74663
-3.74618
-3.74633
-3.74648
-3.74708
-3.74769
-3.74829
-3.74859
-3.74844
-3.74769
-3.74723
-3.74678
-3.74542
-3.74633
-3.74663
-3.74648
-3.74618
-3.74648
-3.74709
-3.74603
-3.74663
-3.74693
-3.74678
-3.74678
-3.74784
-3.74935
-3.74935
-3.7492
-3.74829
-3.74874
-3.74889
-3.74814
-3.74814
-3.74814
-3.74754
-3.74739
-3.74693
-3.74739
-3.74754
-3.74739
-3.74739
-3.74633
-3.74724
-3.74739
-3.74754
-3.74769
-3.74829
-3.7492
-3.7489
-3.7486
-3.74814
-3.74844
-3.74844
-3.74844
-3.74829
-3.74874
-3.74769
-3.74875
-3.74965
-3.74981
-3.74965
-3.7495
-3.75026
-3.75041
-3.7498
-3.74875
-3.74965
-3.74965
-3.7492
-3.74965
-3.7489
-3.74875
-3.74905
-3.7492
-3.74965
-3.74905
-3.7486
-3.74981
-3.74935
-3.74965
-3.7498
-3.7495
-3.74965
-3.7492
-3.74905
-3.74965
-3.7492
-3.74935
-3.75026
-3.75011
-3.75086
-3.74995
-3.74875
-3.74875
-3.74845
-3.74784
-3.74724
-3.74663
-3.74678
-3.74693
-3.74799
-3.74874
-3.74859
-3.74845
-3.7489
-3.7489
-3.74815
-3.74905
-3.7492
-3.74966
-3.75011
-3.74965
-3.7495
-3.74996
-3.74905
-3.7492
-3.74829
-3.7489
-3.74966
-3.74981
-3.74905
-3.74875
-3.74829
-3.74814
-3.74829
-3.7483
-3.74845
-3.7486
-3.7483
-3.74875
-3.74935
-3.7489
-3.74874
-3.7495
-3.7495
-3.7495
-3.7492
-3.74889
-3.74874
-3.74904
-3.74904
-3.74874
-3.74859
-3.7486
-3.74905
-3.74935
-3.74966
-3.74966
-3.7495
-3.74905
-3.74965
-3.75055
-3.75025
-3.7501
-3.75055
-3.75071
-3.75026
-3.75026
-3.74905
-3.74829
-3.74814
-3.74769
-3.74799
-3.74845
-3.74845
-3.74905
-3.74996
-3.7498
-3.75056
-3.75026
-3.75161
-3.75222
-3.75176
-3.75176
-3.75327
-3.75282
-3.75327
-3.75373
-3.75358
-3.75328
-3.75237
-3.75222
-3.75237
-3.75252
-3.75237
-3.75222
-3.75146
-3.75041
-3.75071
-3.7498
-3.74965
-3.74934
-3.74934
-3.7498
-3.7495
-3.75025
-3.7498
-3.74935
-3.7495
-3.7495
-3.74965
-3.75026
-3.75011
-3.74905
-3.7486
-3.74814
-3.7492
-3.74965
-3.74965
-3.74874
-3.74905
-3.74935
-3.75011
-3.75011
-3.75011
-3.75041
-3.75117
-3.75071
-3.75162
-3.75131
-3.75146
-3.75101
-3.75132
-3.75117
-3.75102
-3.75162
-3.75192
-3.75252
-3.75237
-3.75237
-3.75237
-3.75206
-3.75146
-3.75191
-3.75222
-3.75192
-3.75101
-3.75207
-3.75177
-3.75162
-3.75117
-3.75117
-3.75117
-3.75146
-3.75131
-3.75116
-3.75177
-3.75162
-3.75222
-3.75298
-3.75192
-3.75313
-3.75252
-3.75116
-3.75086
-3.75192
-3.75147
-3.75177
-3.75237
-3.75192
-3.75132
-3.75131
-3.75146
-3.75191
-3.75237
-3.75222
-3.75207
-3.75192
-3.75192
-3.75101
-3.75192
-3.75237
-3.75298
-3.75313
-3.75192
-3.75192
-3.75071
-3.75071
-3.7498
-3.75026
-3.7498
-3.7495
-3.7495
-3.74889
-3.74814
-3.74829
-3.74829
-3.74754
-3.74663
-3.74708
-3.74693
-3.74769
-3.74724
-3.74814
-3.74709
-3.74618
-3.74648
-3.74587
-3.74602
-3.74572
-3.74602
-3.74632
-3.74693
-3.74678
-3.74648
-3.74587
-3.74587
-3.74587
-3.74708
-3.74769
-3.74708
-3.74633
-3.74633
-3.74572
-3.74603
-3.74633
-3.74603
-3.74663
-3.74754
-3.74724
-3.74663
-3.74618
-3.74603
-3.74588
-3.74573
-3.74618
-3.74603
-3.74618
-3.74557
-3.74527
-3.74572
-3.74632
-3.74527
-3.74496
-3.74587
-3.74587
-3.74587
-3.74648
-3.74663
-3.74648
-3.74679
-3.74724
-3.74709
-3.74709
-3.74709
-3.74709
-3.74664
-3.74618
-3.74618
-3.74633
-3.74648
-3.74632
-3.74542
-3.74527
-3.74557
-3.74572
-3.74633
-3.74603
-3.74678
-3.74648
-3.74663
-3.74648
-3.74708
-3.74708
-3.74738
-3.74753
-3.74693
-3.74663
-3.74693
-3.74723
-3.74769
-3.74769
-3.74799
-3.74859
-3.74905
-3.74889
-3.74784
-3.74738
-3.74844
-3.74859
-3.74889
-3.7495
-3.74965
-3.7501
-3.74995
-3.7501
-3.7495
-3.74829
-3.74859
-3.74844
-3.74814
-3.74889
-3.74935
-3.75056
-3.75146
-3.75192
-3.75192
-3.75282
-3.75373
-3.75418
-3.75448
-3.75463
-3.75433
-3.75418
-3.75342
-3.75297
-3.75358
-3.75237
-3.75131
-3.75086
-3.75131
-3.75146
-3.75086
-3.75116
-3.75252
-3.75252
-3.75312
-3.75312
-3.75222
-3.75207
-3.75131
-3.75176
-3.75176
-3.75146
-3.75222
-3.75055
-3.75146
-3.75116
-3.75131
-3.75146
-3.7507
-3.7504
-3.7498
-3.7495
-3.74965
-3.75025
-3.75086
-3.75191
-3.75206
-3.75101
-3.7504
-3.74904
-3.74814
-3.74814
-3.74829
-3.74844
-3.74859
-3.74889
-3.74904
-3.74904
-3.74935
-3.75025
-3.7498
-3.75101
-3.75146
-3.75146
-3.75237
-3.75312
-3.75388
-3.75343
-3.75433
-3.75479
-3.75479
-3.75464
-3.75328
-3.75328
-3.75223
-3.75268
-3.75177
-3.75132
-3.75147
-3.75131
-3.75161
-3.75101
-3.7504
-3.75131
-3.75192
-3.75177
-3.75102
-3.75071
-3.75011
-3.75041
-3.75132
-3.75177
-3.75177
-3.75147
-3.75147
-3.75253
-3.75344
-3.75358
-3.75343
-3.75268
-3.75283
-3.75283
-3.75192
-3.75146
-3.75161
-3.75071
-3.75086
-3.75041
-3.75011
-3.75177
-3.75162
-3.75223
-3.75193
-3.75208
-3.75193
-3.75177
-3.75192
-3.75192
-3.75132
-3.75056
-3.7498
-3.7501
-3.74889
-3.75041
-3.75132
-3.75041
-3.75087
-3.75147
-3.75223
-3.75192
-3.75072
-3.75117
-3.75207
-3.75358
-3.75328
-3.75298
-3.75252
-3.75283
-3.75252
-3.75237
-3.75267
-3.75267
-3.75388
-3.75494
-3.75479
-3.75434
-3.75479
-3.75494
-3.75389
-3.75419
-3.75419
-3.75449
-3.75389
-3.75404
-3.75238
-3.75253
-3.75223
-3.75178
-3.75132
-3.74996
-3.74996
-3.7498
-3.7507
-3.74935
-3.74844
-3.74769
-3.74739
-3.74664
-3.74588
-3.74528
-3.74573
-3.74633
-3.74678
-3.74648
-3.74663
-3.74648
-3.74754
-3.74784
-3.74799
-3.7486
-3.7495
-3.74905
-3.7489
-3.74859
-3.74844
-3.74829
-3.74784
-3.74739
-3.74784
-3.74709
-3.74799
-3.74844
-3.74905
-3.7495
-3.74905
-3.7489
-3.75011
-3.75086
-3.75162
-3.75192
-3.75222
-3.75206
-3.75161
-3.7504
-3.75041
-3.75071
-3.75026
-3.74996
-3.74875
-3.7486
-3.7492
-3.74844
-3.74859
-3.74874
-3.74889
-3.74844
-3.74693
-3.74678
-3.74678
-3.74693
-3.74618
-3.74663
-3.74633
-3.74618
-3.74558
-3.74618
-3.74602
-3.74693
-3.74799
-3.74784
-3.7483
-3.74785
-3.74724
-3.74769
-3.74799
-3.74829
-3.74753
-3.74904
-3.74934
-3.74904
-3.74844
-3.74844
-3.7492
-3.74829
-3.74724
-3.74769
-3.74678
-3.74708
-3.74678
-3.74693
-3.74602
-3.74633
-3.74663
-3.74693
-3.74633
-3.74784
-3.74859
-3.74875
-3.74935
-3.7492
-3.74844
-3.74889
-3.74829
-3.74874
-3.74844
-3.7495
-3.74935
-3.74845
-3.74845
-3.7495
-3.75056
-3.7492
-3.74905
-3.74874
-3.74859
-3.74829
-3.74935
-3.74889
-3.7495
-3.7492
-3.7495
-3.7486
-3.74905
-3.74965
-3.75041
-3.75026
-3.74965
-3.74965
-3.7498
-3.75056
-3.75101
-3.75086
-3.75131
-3.75131
-3.75101
-3.75086
-3.75056
-3.75056
-3.75041
-3.75147
-3.75177
-3.75253
-3.75253
-3.75283
-3.75268
-3.75177
-3.75041
-3.75041
-3.75026
-3.7498
-3.7498
-3.75026
-3.74935
-3.74995
-3.7495
-3.7498
-3.7489
-3.74935
-3.75041
-3.7495
-3.74935
-3.7495
-3.74951
-3.74966
-3.74936
-3.74951
-3.7489
-3.74966
-3.74995
-3.75116
-3.75131
-3.75207
-3.75237
-3.75238
-3.75283
-3.75343
-3.75404
-3.75434
-3.75359
-3.75359
-3.75374
-3.75404
-3.75389
-3.75464
-3.75479
-3.75524
-3.75524
-3.75479
-3.75419
-3.75374
-3.75464
-3.75449
-3.75388
-3.75343
-3.75328
-3.75237
-3.75237
-3.75222
-3.75252
-3.75192
-3.75147
-3.75041
-3.75042
-3.74966
-3.74996
-3.74966
-3.74905
-3.74965
-3.7492
-3.7489
-3.74814
-3.74769
-3.74664
-3.74724
-3.74815
-3.748
-3.74694
-3.74709
-3.74708
-3.74769
-3.74844
-3.74844
-3.74814
-3.74709
-3.74754
-3.74739
-3.74709
-3.74664
-3.74679
-3.74663
-3.74603
-3.74603
-3.74633
-3.74543
-3.74649
-3.74558
-3.74633
-3.74694
-3.74724
-3.74678
-3.74648
-3.74724
-3.74784
-3.74814
-3.74799
-3.7486
-3.7492
-3.7492
-3.7486
-3.7483
-3.74845
-3.7489
-3.7486
-3.74845
-3.74814
-3.74754
-3.74769
-3.74754
-3.74799
-3.7483
-3.748
-3.74815
-3.7477
-3.7474
-3.74694
-3.74634
-3.74618
-3.74633
-3.74588
-3.74572
-3.74603
-3.74618
-3.74542
-3.74497
-3.74543
-3.74558
-3.74513
-3.74513
-3.74498
-3.74482
-3.74452
-3.74452
-3.74482
-3.74497
-3.74498
-3.74543
-3.74498
-3.74513
-3.74513
-3.74633
-3.74709
-3.74588
-3.74603
-3.74543
-3.74634
-3.74679
-3.74694
-3.74725
-3.74724
-3.74634
-3.74633
-3.74663
-3.74588
-3.74784
-3.74845
-3.7483
-3.748
-3.74739
-3.74724
-3.7477
-3.74725
-3.74755
-3.7489
-3.74815
-3.74829
-3.74769
-3.74845
-3.7489
-3.7486
-3.74936
-3.74996
-3.74981
-3.74906
-3.74951
-3.75026
-3.74966
-3.7486
-3.74935
-3.75026
-3.75087
-3.75132
-3.75071
-3.75223
-3.75193
-3.75162
-3.75102
-3.75117
-3.74996
-3.74905
-3.7489
-3.74844
-3.74829
-3.74859
-3.74935
-3.7492
-3.74905
-3.7489
-3.74815
-3.74754
-3.74739
-3.74724
-3.74678
-3.74663
-3.74739
-3.74754
-3.74723
-3.74618
-3.74724
-3.74769
-3.7486
-3.74739
-3.74663
-3.74633
-3.74542
-3.74467
-3.74452
-3.74452
-3.74482
-3.74467
-3.74452
-3.74406
-3.74361
-3.74331
-3.74286
-3.74256
-3.74301
-3.74346
-3.74482
-3.74573
-3.74603
-3.74693
-3.74633
-3.74723
-3.74769
-3.74829
-3.7483
-3.74905
-3.74936
-3.74966
-3.74906
-3.74906
-3.74936
-3.74981
-3.74936
-3.75056
-3.75087
-3.75192
-3.75162
-3.75283
-3.75283
-3.75328
-3.75343
-3.75328
-3.75344
-3.75283
-3.75359
-3.75193
-3.75238
-3.75102
-3.74996
-3.75027
-3.74891
-3.74875
-3.74785
-3.7477
-3.7477
-3.74815
-3.74724
-3.74739
-3.74679
-3.74679
-3.74815
-3.74679
-3.74724
-3.74694
-3.74694
-3.74754
-3.74739
-3.74754
-3.74724
-3.74648
-3.74694
-3.74769
-3.74875
-3.74845
-3.74784
-3.74709
-3.74785
-3.748
-3.74921
-3.74875
-3.74905
-3.74936
-3.7492
-3.74845
-3.74784
-3.74815
-3.7486
-3.7486
-3.74966
-3.74951
-3.75042
-3.74996
-3.75056
-3.75086
-3.74996
-3.75026
-3.75026
-3.75086
