-5.38968
-5.37162
-5.34878
-5.3225
-5.29637
-5.27059
-5.24956
-5.23084
-5.21122
-5.18974
-5.16672
-5.14166
-5.11874
-5.10085
-5.09136
-5.09232
-5.10394
-5.12433
-5.14953
-5.17364
-5.19294
-5.20823
-5.22182
-5.23294
-5.24048
-5.24563
-5.24702
-5.24546
-5.23851
-5.22811
-5.21937
-5.21493
-5.21873
-5.23225
-5.25309
-5.27588
-5.29456
-5.30666
-5.31202
-5.30727
-5.29618
-5.28034
-5.25969
-5.23822
-5.21766
-5.2007
-5.18593
-5.17269
-5.16361
-5.15677
-5.15214
-5.14955
-5.14683
-5.14739
-5.15034
-5.15573
-5.16229
-5.1703
-5.17605
-5.18237
-5.18865
-5.19555
-5.20357
-5.21255
-5.22209
-5.22857
-5.23138
-5.22615
-5.21274
-5.19308
-5.17081
-5.15282
-5.14581
-5.15167
-5.16309
-5.1762
-5.18326
-5.18173
-5.17331
-5.15727
-5.13594
-5.11316
-5.09082
-5.07303
-5.06335
-5.06452
-5.0735
-5.09151
-5.11348
-5.13824
-5.16231
-5.18346
-5.20224
-5.2152
-5.2202
-5.21862
-5.20939
-5.19487
-5.17723
-5.15859
-5.14096
-5.12558
-5.11326
-5.10318
-5.09935
-5.10127
-5.10795
-5.1161
-5.12421
-5.12846
-5.12628
-5.12069
-5.11054
-5.10031
-5.08961
-5.08116
-5.07444
-5.07019
-5.06654
-5.06312
-5.06062
-5.05923
-5.05755
-5.05289
-5.04403
-5.03136
-5.01354
-4.99343
-4.97338
-4.95728
-4.94556
-4.93908
-4.93678
-4.93832
-4.9416
-4.94646
-4.95212
-4.95753
-4.96581
-4.9753
-4.98771
-5.00344
-5.02238
-5.04397
-5.06767
-5.09056
-5.11187
-5.13231
-5.14926
-5.16396
-5.17625
-5.1873
-5.19861
-5.21083
-5.22217
-5.23012
-5.23367
-5.23125
-5.22362
-5.21199
-5.19871
-5.18409
-5.16859
-5.1563
-5.14613
-5.13992
-5.13725
-5.13949
-5.14682
-5.15874
-5.17376
-5.189
-5.20394
-5.21702
-5.22724
-5.23251
-5.23216
-5.225
-5.21401
-5.1973
-5.18019
-5.16116
-5.14297
-5.12729
-5.11342
-5.10094
-5.09145
-5.08187
-5.07361
-5.06678
-5.06447
-5.06643
-5.07301
-5.08215
-5.09125
-5.09988
-5.10747
-5.11364
-5.11839
-5.12033
-5.12263
-5.1216
-5.11888
-5.1125
-5.10318
-5.09405
-5.08566
-5.08092
-5.08154
-5.08872
-5.10008
-5.11325
-5.1291
-5.14209
-5.14987
-5.15113
-5.14368
-5.1247
-5.097
-5.06318
-5.02721
-4.99674
-4.97475
-4.96359
-4.96744
-4.98753
-5.02183
-5.06802
-5.12175
-5.1774
-5.22783
-5.27309
-5.30816
-5.33187
-5.34505
-5.34927
-5.34403
-5.33031
-5.30837
-5.28291
-5.25487
-5.22671
-5.20288
-5.18503
-5.17348
-5.16738
-5.16677
-5.16947
-5.17485
-5.18153
-5.1874
-5.19231
-5.19779
-5.20299
-5.20876
-5.21252
-5.21416
-5.21299
-5.21035
-5.20515
-5.19468
-5.18324
-5.16728
-5.15113
-5.13408
-5.1187
-5.10624
-5.09441
-5.08375
-5.07347
-5.06226
-5.05121
-5.04171
-5.03781
-5.04347
-5.06007
-5.08689
-5.11856
-5.14999
-5.17676
-5.19462
-5.203
-5.20066
-5.19011
-5.17326
-5.15161
-5.12771
-5.10237
-5.0779
-5.05426
-5.03387
-5.01726
-5.00819
-5.00714
-5.01352
-5.02865
-5.05228
-5.08196
-5.11428
-5.1473
-5.18073
-5.21097
-5.23732
-5.25679
-5.27023
-5.27425
-5.26806
-5.25018
-5.22281
-5.18718
-5.14693
-5.10528
-5.06791
-5.03915
-5.02329
-5.02141
-5.03203
-5.05231
-5.07708
-5.10391
-5.13093
-5.15582
-5.18
-5.20229
-5.21919
-5.23171
-5.23939
-5.24289
-5.2447
-5.24318
-5.24138
-5.24214
-5.24279
-5.24395
-5.24282
-5.24009
-5.23317
-5.21845
-5.2001
-5.17744
-5.15133
-5.12412
-5.09844
-5.07591
-5.0579
-5.04434
-5.03652
-5.03389
-5.03552
-5.04291
-5.059
-5.08361
-5.11312
-5.13991
-5.1616
-5.17886
-5.1898
-5.19617
-5.20204
-5.20807
-5.21137
-5.21168
-5.20998
-5.20275
-5.19055
-5.1755
-5.15935
-5.14501
-5.13558
-5.1308
-5.13028
-5.13317
-5.1356
-5.13768
-5.13914
-5.13796
-5.13832
-5.14075
-5.14658
-5.15675
-5.16835
-5.1811
-5.19105
-5.1981
-5.20201
-5.20072
-5.19544
-5.18484
-5.17281
-5.16021
-5.14633
-5.13206
-5.11589
-5.09922
-5.07995
-5.05888
-5.03847
-5.02045
-5.00839
-5.00178
-5.00307
-5.01028
-5.02415
-5.04167
-5.06084
-5.0774
-5.08973
-5.0954
-5.09502
-5.08886
-5.08185
-5.07662
-5.07778
-5.086
-5.10229
-5.12439
-5.14862
-5.17376
-5.19627
-5.21365
-5.22389
-5.22349
-5.21467
-5.19639
-5.1691
-5.13818
-5.1082
-5.08354
-5.0695
-5.06921
-5.07987
-5.09774
-5.11974
-5.14086
-5.1609
-5.17704
-5.19082
-5.19979
-5.20312
-5.2014
-5.19142
-5.1734
-5.14573
-5.11191
-5.08333
-5.06781
-5.06591
-5.07389
-5.08137
-5.0845
-5.08181
-5.07322
-5.05784
-5.03618
-5.01316
-4.98933
-4.97194
-4.96528
-4.96895
-4.98292
-5.00082
-5.02289
-5.04449
-5.0657
-5.08502
-5.10294
-5.1188
-5.13122
-5.14119
-5.151
-5.16116
-5.17659
-5.19606
-5.21855
-5.24188
-5.26102
-5.27574
-5.2847
-5.28729
-5.28496
-5.28065
-5.27552
-5.26938
-5.2646
-5.25863
-5.25329
-5.24599
-5.23789
-5.22867
-5.21661
-5.20251
-5.18645
-5.17227
-5.15942
-5.15117
-5.14617
-5.14579
-5.1507
-5.15893
-5.17023
-5.18409
-5.19872
-5.21534
-5.23146
-5.24696
-5.25921
-5.26678
-5.26902
-5.26679
-5.25904
-5.25088
-5.24651
-5.25171
-5.26688
-5.2879
-5.31014
-5.32608
-5.33063
-5.32563
-5.31729
-5.30706
-5.29984
-5.29301
-5.28336
-5.26999
-5.2505
-5.22773
-5.20503
-5.18651
-5.17279
-5.16313
-5.15851
-5.15745
-5.16009
-5.16544
-5.17606
-5.18797
-5.19964
-5.21244
-5.22571
-5.23727
-5.24744
-5.25307
-5.25414
-5.25295
-5.2496
-5.2447
-5.24101
-5.238
-5.23634
-5.23301
-5.2254
-5.21307
-5.19785
-5.18043
-5.16495
-5.15411
-5.15085
-5.15135
-5.15504
-5.15886
-5.16122
-5.16338
-5.16456
-5.16305
-5.15833
-5.15061
-5.14019
-5.128
-5.11766
-5.11135
-5.11436
-5.12884
-5.15148
-5.17829
-5.20304
-5.22349
-5.23729
-5.24326
-5.24319
-5.23764
-5.22723
-5.21289
-5.19459
-5.17472
-5.15433
-5.13353
-5.11588
-5.1025
-5.09486
-5.09339
-5.09943
-5.11166
-5.12658
-5.14573
-5.16597
-5.18699
-5.2076
-5.22538
-5.23973
-5.24871
-5.25299
-5.25016
-5.2446
-5.23705
-5.23043
-5.22651
-5.22544
-5.22701
-5.231
-5.23578
-5.24161
-5.24959
-5.25979
-5.27218
-5.28391
-5.29392
-5.29677
-5.29381
-5.27942
-5.25562
-5.22223
-5.1819
-5.13857
-5.09706
-5.06071
-5.03333
-5.01508
-5.00825
-5.0113
-5.02252
-5.03782
-5.05637
-5.07464
-5.09227
-5.10672
-5.11713
-5.1225
-5.12191
-5.11839
-5.11113
-5.10126
-5.09115
-5.08081
-5.07105
-5.06148
-5.05306
-5.04655
-5.04366
-5.04698
-5.05483
-5.06842
-5.08453
-5.09824
-5.10852
-5.112
-5.11149
-5.10757
-5.10385
-5.10437
-5.11071
-5.12006
-5.13404
-5.14817
-5.16006
-5.1712
-5.1814
-5.18914
-5.19989
-5.21135
-5.22493
-5.23974
-5.25568
-5.26994
-5.28405
-5.29604
-5.30499
-5.31172
-5.31286
-5.30862
-5.30171
-5.29199
-5.28236
-5.27328
-5.26562
-5.26006
-5.25431
-5.2459
-5.23423
-5.21777
-5.19901
-5.17678
-5.15511
-5.13598
-5.12155
-5.11211
-5.10633
-5.10348
-5.10371
-5.10464
-5.10831
-5.11264
-5.11826
-5.12457
-5.12914
-5.13258
-5.13385
-5.13079
-5.12664
-5.1183
-5.10967
-5.10049
-5.09239
-5.08756
-5.08419
-5.08313
-5.08424
-5.08723
-5.09286
-5.09953
-5.10779
-5.11765
-5.12838
-5.14025
-5.15353
-5.16756
-5.18045
-5.19266
-5.20375
-5.21148
-5.21386
-5.2101
-5.19954
-5.18474
-5.16686
-5.15043
-5.14007
-5.13948
-5.15077
-5.16802
-5.18962
-5.21323
-5.23407
-5.25257
-5.26857
-5.28106
-5.28849
-5.29182
-5.29167
-5.28911
-5.28444
-5.27846
-5.27354
-5.2697
-5.26621
-5.26189
-5.25679
-5.25113
-5.24267
-5.23345
-5.2232
-5.21494
-5.21091
-5.21211
-5.21959
-5.23262
-5.25027
-5.26866
-5.28521
-5.29859
-5.30921
-5.31579
-5.31756
-5.31792
-5.31614
-5.31251
-5.30874
-5.30502
-5.29891
-5.29311
-5.28583
-5.28015
-5.27776
-5.27334
-5.2681
-5.26037
-5.24924
-5.23333
-5.21357
-5.19022
-5.16647
-5.14133
-5.11626
-5.09306
-5.0761
-5.06448
-5.05992
-5.06444
-5.07458
-5.09055
-5.10727
-5.12434
-5.13939
-5.15433
-5.16557
-5.17542
-5.18391
-5.18947
-5.19484
-5.19958
-5.2029
-5.20625
-5.21075
-5.21734
-5.22511
-5.23097
-5.23698
-5.24014
-5.23973
-5.23526
-5.22639
-5.21406
-5.19753
-5.17716
-5.15417
-5.13251
-5.11096
-5.09192
-5.07723
-5.06501
-5.05662
-5.0508
-5.0516
-5.05727
-5.06654
-5.0764
-5.08622
-5.09435
-5.1023
-5.11068
-5.11968
-5.13012
-5.14064
-5.15223
-5.16481
-5.17814
-5.19286
-5.20743
-5.22213
-5.23523
-5.24624
-5.25226
-5.25168
-5.24521
-5.22971
-5.21126
-5.19105
-5.17071
-5.15459
-5.14462
-5.14041
-5.14332
-5.15297
-5.1691
-5.18748
-5.2082
-5.22852
-5.24583
-5.25572
-5.25928
-5.25637
-5.24919
-5.23997
-5.22957
-5.22228
-5.21549
-5.21114
-5.21061
-5.21125
-5.21253
-5.21414
-5.21155
-5.2074
-5.19787
-5.18504
-5.1724
-5.16016
-5.15381
-5.15257
-5.15746
-5.16403
-5.1685
-5.17212
-5.17301
-5.17268
-5.17114
-5.17009
-5.17045
-5.17239
-5.18009
-5.19144
-5.20455
-5.21866
-5.23099
-5.23948
-5.24476
-5.24448
-5.23865
-5.22868
-5.21649
-5.20362
-5.19136
-5.18044
-5.17042
-5.16135
-5.15286
-5.14257
-5.13277
-5.12348
-5.11525
-5.10575
-5.09847
-5.09118
-5.08802
-5.0883
-5.0902
-5.09565
-5.10478
-5.11712
-5.13108
-5.14598
-5.16103
-5.17322
-5.18074
-5.1843
-5.18474
-5.18449
-5.18093
-5.17741
-5.17017
-5.16189
-5.15127
-5.13812
-5.12684
-5.1191
-5.11401
-5.11332
-5.1178
-5.12299
-5.13226
-5.14042
-5.14719
-5.15217
-5.15535
-5.1559
-5.15302
-5.14868
-5.14276
-5.13311
-5.1194
-5.10158
-5.08272
-5.06267
-5.04567
-5.03727
-5.03729
-5.04701
-5.06049
-5.07506
-5.08883
-5.09919
-5.10732
-5.11456
-5.12042
-5.1284
-5.13623
-5.14298
-5.14832
-5.14937
-5.14561
-5.13546
-5.12127
-5.10343
-5.08619
-5.07348
-5.06722
-5.07026
-5.07935
-5.0927
-5.1084
-5.12485
-5.13967
-5.15239
-5.16146
-5.16487
-5.16198
-5.15152
-5.13436
-5.11499
-5.0966
-5.0829
-5.07384
-5.07099
-5.07234
-5.07717
-5.08456
-5.09218
-5.10069
-5.10961
-5.11664
-5.12022
-5.1227
-5.1237
-5.12554
-5.12999
-5.13518
-5.14428
-5.15482
-5.1669
-5.18011
-5.19604
-5.21455
-5.23365
-5.25006
-5.2603
-5.26514
-5.26241
-5.25505
-5.24314
-5.22975
-5.21564
-5.20334
-5.19467
-5.1904
-5.1923
-5.19855
-5.20497
-5.20974
-5.21003
-5.20731
-5.20233
-5.19651
-5.19018
-5.1852
-5.18146
-5.17798
-5.17536
-5.17185
-5.16951
-5.16917
-5.17319
-5.18495
-5.20104
-5.21813
-5.23225
-5.2427
-5.24758
-5.24737
-5.24084
-5.23035
-5.21797
-5.20508
-5.19471
-5.18674
-5.18435
-5.18936
-5.20043
-5.21691
-5.23524
-5.2558
-5.27226
-5.28436
-5.29144
-5.29391
-5.29241
-5.28577
-5.27534
-5.26194
-5.24553
-5.22769
-5.20783
-5.18708
-5.16665
-5.14948
-5.13601
-5.13109
-5.13478
-5.14715
-5.16226
-5.17556
-5.18522
-5.18941
-5.18966
-5.18673
-5.18539
-5.18569
-5.18985
-5.19687
-5.2087
-5.22302
-5.23709
-5.2491
-5.25671
-5.25829
-5.25423
-5.24461
-5.23211
-5.21797
-5.2046
-5.19255
-5.1853
-5.18232
-5.18322
-5.18512
-5.18747
-5.18907
-5.18891
-5.18618
-5.18243
-5.17891
-5.1736
-5.16689
-5.15681
-5.14283
-5.12536
-5.10525
-5.08296
-5.06139
-5.04341
-5.03152
-5.02723
-5.02817
-5.03411
-5.04304
-5.05692
-5.07229
-5.09096
-5.11116
-5.1322
-5.15358
-5.17413
-5.19141
-5.20588
-5.2157
-5.22065
-5.22069
-5.2142
-5.20449
-5.18933
-5.17086
-5.15076
-5.13154
-5.11372
-5.10123
-5.096
-5.09823
-5.11009
-5.12594
-5.14435
-5.16
-5.17019
-5.17499
-5.17334
-5.16695
-5.15669
-5.14552
-5.13457
-5.12351
-5.11251
-5.10259
-5.09272
-5.08237
-5.07471
-5.069
-5.06661
-5.06538
-5.06467
-5.06208
-5.05688
-5.04742
-5.03228
-5.01332
-4.993
-4.97948
-4.97422
-4.98121
-5.00038
-5.02724
-5.05676
-5.0864
-5.1113
-5.12967
-5.14096
-5.14557
-5.14777
-5.14993
-5.15138
-5.1529
-5.1535
-5.15477
-5.15593
-5.15776
-5.16294
-5.16825
-5.17379
-5.1766
-5.17662
-5.17165
-5.16247
-5.1499
-5.13362
-5.11746
-5.10412
-5.09494
-5.0896
-5.08804
-5.08904
-5.08995
-5.09085
-5.08959
-5.08685
-5.08363
-5.08008
-5.07878
-5.07972
-5.08615
-5.09769
-5.11367
-5.13208
-5.15023
-5.16568
-5.17682
-5.1853
-5.18813
-5.18802
-5.18634
-5.18232
-5.17686
-5.17318
-5.17106
-5.171
-5.17407
-5.17823
-5.18397
-5.19006
-5.19388
-5.19399
-5.19121
-5.184
-5.17411
-5.15969
-5.14254
-5.12521
-5.11373
-5.11322
-5.12762
-5.15231
-5.18175
-5.21128
-5.23585
-5.25338
-5.26355
-5.26809
-5.2677
-5.26338
-5.25511
-5.24412
-5.22773
-5.20777
-5.18513
-5.15962
-5.13152
-5.10175
-5.06977
-5.03884
-5.01105
-4.99128
-4.98246
-4.98775
-5.00609
-5.03537
-5.07061
-5.10743
-5.14254
-5.17137
-5.19346
-5.20824
-5.21667
-5.21967
-5.22026
-5.21878
-5.21827
-5.2189
-5.22001
-5.22117
-5.22047
-5.21651
-5.21034
-5.20593
-5.20481
-5.20805
-5.21353
-5.2209
-5.22738
-5.22924
-5.2254
-5.21475
-5.19844
-5.18058
-5.16624
-5.15626
-5.15003
-5.14722
-5.14713
-5.15004
-5.15526
-5.16122
-5.16807
-5.17273
-5.17431
-5.17346
-5.16865
-5.1623
-5.14996
-5.13392
-5.11621
-5.0969
-5.07797
-5.06318
-5.05113
-5.03904
-5.02934
-5.01968
-5.00961
-5.00198
-4.99438
-4.98983
-4.98852
-4.98994
-4.99348
-5.00136
-5.01455
-5.035
-5.0632
-5.09518
-5.1268
-5.1545
-5.17342
-5.18345
-5.18417
-5.17892
-5.16809
-5.15372
-5.14079
-5.12854
-5.11789
-5.1108
-5.11025
-5.11621
-5.1282
-5.1443
-5.15913
-5.17504
-5.18624
-5.19496
-5.20234
-5.20656
-5.21077
-5.21526
-5.22023
-5.2261
-5.23252
-5.2375
-5.24398
-5.25155
-5.26079
-5.27012
-5.28126
-5.2951
-5.31116
-5.32744
-5.34303
-5.35839
-5.36934
-5.37564
-5.37555
-5.36552
-5.34678
-5.31842
-5.28137
-5.2375
-5.19131
-5.14455
-5.09979
-5.06145
-5.03071
-5.0087
-4.99978
-5.00122
-5.01082
-5.02696
-5.04621
-5.06495
-5.08275
-5.09813
-5.11278
-5.12653
-5.14104
-5.15533
-5.16922
-5.18253
-5.19628
-5.20881
-5.21914
-5.22611
-5.23085
-5.23283
-5.23332
-5.23053
-5.22859
-5.2269
-5.22989
-5.23985
-5.2546
-5.27052
-5.28485
-5.29178
-5.29337
-5.28676
-5.27402
-5.25268
-5.22589
-5.19019
-5.14842
-5.10624
-5.07013
-5.04563
-5.03679
-5.03998
-5.05411
-5.0724
-5.09225
-5.11045
-5.12633
-5.1378
-5.14525
-5.14932
-5.14976
-5.14887
-5.14751
-5.14722
-5.14736
-5.14903
-5.15312
-5.16017
-5.16885
-5.17944
-5.18925
-5.19697
-5.20232
-5.20334
-5.19995
-5.19236
-5.18113
-5.1673
-5.15148
-5.13617
-5.11999
-5.1041
-5.09064
-5.08084
-5.07473
-5.073
-5.07819
-5.08992
-5.1092
-5.13452
-5.16368
-5.1953
-5.22683
-5.25616
-5.28073
-5.29674
-5.30252
-5.29635
-5.27961
-5.25363
-5.2221
-5.1886
-5.15851
-5.13555
-5.1221
-5.121
-5.13107
-5.1488
-5.17212
-5.1965
-5.2202
-5.2378
-5.25065
-5.25536
-5.25599
-5.25084
-5.24249
-5.23259
-5.22404
-5.21608
-5.21088
-5.20727
-5.20614
-5.20425
-5.20205
-5.19787
-5.19041
-5.18033
-5.16886
-5.15533
-5.14333
-5.13273
-5.12154
-5.11034
-5.096
-5.07953
-5.06108
-5.04086
-5.02213
-5.00701
-4.99929
-5.00183
-5.0157
-5.0367
-5.06566
-5.09533
-5.12393
-5.14861
-5.16889
-5.18399
-5.19489
-5.20023
-5.20235
-5.20086
-5.1988
-5.19711
-5.19802
-5.20283
-5.21046
-5.2209
-5.23256
-5.24293
-5.25065
-5.25188
-5.2464
-5.23495
-5.21675
-5.19398
-5.16879
-5.14618
-5.125
-5.11012
-5.10137
-5.10013
-5.10435
-5.11356
-5.12567
-5.13986
-5.15407
-5.16735
-5.17655
-5.18502
-5.18972
-5.19002
-5.18722
-5.18168
-5.17457
-5.16929
-5.16822
-5.17217
-5.17734
-5.18512
-5.19228
-5.19708
-5.19959
-5.1981
-5.19325
-5.18675
-5.17801
-5.16737
-5.15338
-5.14041
-5.12876
-5.1198
-5.1149
-5.11665
-5.12355
-5.13601
-5.15366
-5.17189
-5.19125
-5.2113
-5.22741
-5.24077
-5.24933
-5.25041
-5.24528
-5.23432
-5.21889
-5.19962
-5.17912
-5.16183
-5.14838
-5.13845
-5.13121
-5.12518
-5.1145
-5.10137
-5.08629
-5.0766
-5.0742
-5.0795
-5.08894
-5.09712
-5.10181
-5.10329
-5.10261
-5.10092
-5.09953
-5.09535
-5.08787
-5.07763
-5.06457
-5.05164
-5.03954
-5.0296
-5.02435
-5.0238
-5.02997
-5.03997
-5.053
-5.06413
-5.07248
-5.07512
-5.07186
-5.06324
-5.04849
-5.02743
-5.00592
-4.98509
-4.97083
-4.96255
-4.95742
-4.95582
-4.9553
-4.95748
-4.96244
-4.9707
-4.9791
-4.99006
-5.00187
-5.01516
-5.02792
-5.04059
-5.05249
-5.0649
-5.07961
-5.09854
-5.12319
-5.14962
-5.17501
-5.19988
-5.22168
-5.23932
-5.25308
-5.26053
-5.26193
-5.25716
-5.24521
-5.2291
-5.20749
-5.18307
-5.15641
-5.13017
-5.1055
-5.08209
-5.06387
-5.05077
-5.0439
-5.04327
-5.04905
-5.06173
-5.08091
-5.10487
-5.12978
-5.1573
-5.18346
-5.20703
-5.22613
-5.24098
-5.25022
-5.25565
-5.25626
-5.25475
-5.2498
-5.24218
-5.23514
-5.22717
-5.21653
-5.20299
-5.18544
-5.16261
-5.13773
-5.11193
-5.08833
-5.07043
-5.05878
-5.05557
-5.06027
-5.06988
-5.08451
-5.10359
-5.12518
-5.14925
-5.1742
-5.19708
-5.21546
-5.22654
-5.23115
-5.22625
-5.21273
-5.19461
-5.17424
-5.15662
-5.14535
-5.14415
-5.15319
-5.16985
-5.19123
-5.21032
-5.22328
-5.23043
-5.22885
-5.21888
-5.20466
-5.18718
-5.16614
-5.1456
-5.12731
-5.1128
-5.1056
-5.10468
-5.11277
-5.12769
-5.14772
-5.16938
-5.18859
-5.20001
-5.20215
-5.19556
-5.18205
-5.16102
-5.13662
-5.11134
-5.08897
-5.07226
-5.06342
-5.0629
-5.06991
-5.08232
-5.09815
-5.11359
-5.12861
-5.14214
-5.15218
-5.15922
-5.16147
-5.16221
-5.15885
-5.15323
-5.1458
-5.13397
-5.11909
-5.10099
-5.0809
-5.0652
-5.05662
-5.05718
-5.0653
-5.08009
-5.09875
-5.11733
-5.13651
-5.15304
-5.16825
-5.18222
-5.19445
-5.20454
-5.21223
-5.21896
-5.22451
-5.22897
-5.23305
-5.23525
-5.23767
-5.24171
-5.24691
-5.25328
-5.25897
-5.2629
-5.26425
-5.26278
-5.25576
-5.24674
-5.23497
-5.22239
-5.20887
-5.19607
-5.18543
-5.17841
-5.17394
-5.1726
-5.17471
-5.17609
-5.17748
-5.1782
-5.17448
-5.1686
-5.16009
-5.14979
-5.13928
-5.13122
-5.1315
-5.13889
-5.15291
-5.16627
-5.17927
-5.18852
-5.1946
-5.19905
-5.20323
-5.20591
-5.20918
-5.21218
-5.21377
-5.2141
-5.21475
-5.21386
-5.21133
-5.20853
-5.2046
-5.19968
-5.19313
-5.18462
-5.1712
-5.15455
-5.1352
-5.11248
-5.08777
-5.06356
-5.04161
-5.02218
-5.00674
-4.99591
-4.98914
-4.98524
-4.98464
-4.98843
-4.99725
-5.00975
-5.02372
-5.03539
-5.04237
-5.04232
-5.03606
-5.02715
-5.01775
-5.00977
-5.00783
-5.0111
-5.01997
-5.03397
-5.04993
-5.06693
-5.08263
-5.09555
-5.10581
-5.11272
-5.11647
-5.11787
-5.11605
-5.11099
-5.10043
-5.08593
-5.0688
-5.05335
-5.04135
-5.03698
-5.04054
-5.05391
-5.07008
-5.08726
-5.10534
-5.12195
-5.1372
-5.14872
-5.15659
-5.15957
-5.15913
-5.15695
-5.15543
-5.15588
-5.15728
-5.15874
-5.16035
-5.16285
-5.16524
-5.16836
-5.17246
-5.17642
-5.18028
-5.18408
-5.18727
-5.18974
-5.19293
-5.19695
-5.20207
-5.20329
-5.20485
-5.20434
-5.19938
-5.18979
-5.17597
-5.15757
-5.13761
-5.11407
-5.09047
-5.06702
-5.04435
-5.02434
-5.00939
-5.00187
-5.00153
-5.00884
-5.02346
-5.04468
-5.07153
-5.09913
-5.1276
-5.15561
-5.181
-5.20302
-5.21948
-5.23116
-5.23493
-5.23328
-5.22587
-5.21407
-5.19892
-5.18058
-5.16215
-5.1439
-5.1265
-5.10974
-5.09569
-5.08269
-5.07282
-5.06588
-5.06506
-5.07031
-5.0786
-5.09105
-5.10513
-5.11896
-5.1291
-5.13531
-5.13848
-5.13937
-5.13985
-5.14169
-5.14648
-5.15377
-5.1642
-5.17541
-5.18505
-5.19076
-5.1911
-5.18777
-5.18016
-5.17082
-5.16264
-5.15711
-5.15407
-5.15384
-5.1542
-5.1532
-5.15001
-5.14441
-5.13716
-5.12927
-5.12191
-5.11891
-5.1191
-5.1245
-5.1328
-5.14233
-5.15295
-5.16248
-5.17216
-5.17987
-5.18751
-5.19703
-5.20798
-5.22009
-5.23141
-5.23723
-5.23583
-5.22833
-5.21296
-5.19398
-5.17663
-5.16038
-5.14505
-5.13274
-5.12306
-5.11465
-5.10593
-5.0964
-5.08817
-5.08098
-5.07796
-5.07977
-5.08808
-5.09969
-5.11291
-5.12458
-5.13435
-5.13848
-5.13705
-5.133
-5.12434
-5.11304
-5.10114
-5.08779
-5.07687
-5.06948
-5.06673
-5.07074
-5.08202
-5.0994
-5.12346
-5.14977
-5.1775
-5.20291
-5.22266
-5.23676
-5.24372
-5.24505
-5.24212
-5.23654
-5.22859
-5.21735
-5.20216
-5.18461
-5.16536
-5.14733
-5.13094
-5.1151
-5.09868
-5.08171
-5.06718
-5.05605
-5.05117
-5.05314
-5.06151
-5.07664
-5.09575
-5.11662
-5.13809
-5.15818
-5.17574
-5.18948
-5.20006
-5.20771
-5.21201
-5.21438
-5.21522
-5.21267
-5.20708
-5.19745
-5.18389
-5.16657
-5.14468
-5.11971
-5.09418
-5.07315
-5.0571
-5.04838
-5.04545
-5.04771
-5.05368
-5.06459
-5.07584
-5.08905
-5.09983
-5.10705
-5.10969
-5.10471
-5.09443
-5.07851
-5.05936
-5.03719
-5.01569
-5.00205
-4.99992
-5.01149
-5.03532
-5.06416
-5.09304
-5.11811
-5.1372
-5.14882
-5.15679
-5.16059
-5.16269
-5.16114
-5.15516
-5.14476
-5.13076
-5.11565
-5.10163
-5.09223
-5.08679
-5.08365
-5.08521
-5.0887
-5.0961
-5.10933
-5.1265
-5.14915
-5.17582
-5.20411
-5.23227
-5.25988
-5.28295
-5.29901
-5.30977
-5.31183
-5.30552
-5.29128
-5.27326
-5.25408
-5.23818
-5.22598
-5.2206
-5.22169
-5.22617
-5.23323
-5.23909
-5.24345
-5.2461
-5.24483
-5.24073
-5.23267
-5.22032
-5.20568
-5.1875
-5.16669
-5.14729
-5.1275
-5.1087
-5.09424
-5.0844
-5.08162
-5.08393
-5.09319
-5.10649
-5.12067
-5.13394
-5.14455
-5.15126
-5.15629
-5.1602
-5.16154
-5.16348
-5.16507
-5.16605
-5.16549
-5.16384
-5.16232
-5.16169
-5.16059
-5.16145
-5.16222
-5.16216
-5.16073
-5.15934
-5.15508
-5.15142
-5.14741
-5.14451
-5.14287
-5.14275
-5.14446
-5.14665
-5.14989
-5.15331
-5.15658
-5.15878
-5.15797
-5.15311
-5.14684
-5.13799
-5.12994
-5.12457
-5.12585
-5.13371
-5.14706
-5.16207
-5.17685
-5.19051
-5.20054
-5.20612
-5.20744
-5.20552
-5.20019
-5.19204
-5.18115
-5.1695
-5.15919
-5.1511
-5.14779
-5.14932
-5.15506
-5.16415
-5.17522
-5.18409
-5.19063
-5.19335
-5.19301
-5.18991
-5.18595
-5.18247
-5.18285
-5.18744
-5.19355
-5.20065
-5.20584
-5.20728
-5.20362
-5.19502
-5.1861
-5.17464
-5.16471
-5.15323
-5.14221
-5.13026
-5.11918
-5.10852
-5.09917
-5.09126
-5.08444
-5.079
-5.07476
-5.07235
-5.07312
-5.07644
-5.0819
-5.08932
-5.09646
-5.10188
-5.103
-5.09857
-5.0906
-5.07952
-5.07041
-5.06482
-5.06587
-5.07375
-5.08843
-5.10713
-5.12997
-5.15406
-5.1771
-5.19625
-5.21167
-5.22187
-5.22655
-5.22385
-5.21429
-5.20042
-5.18444
-5.16755
-5.15226
-5.13838
-5.12516
-5.11269
-5.10104
-5.09083
-5.08221
-5.07504
-5.07118
-5.07243
-5.07869
-5.08776
-5.09787
-5.10853
-5.11619
-5.11975
-5.11831
-5.11446
-5.10779
-5.10122
-5.09525
-5.08745
-5.083
-5.07828
-5.07559
-5.07573
-5.07921
-5.08573
-5.09396
-5.10388
-5.1169
-5.1304
-5.14551
-5.16005
-5.17328
-5.18342
-5.18862
-5.18953
-5.18445
-5.17624
-5.16786
-5.16029
-5.1549
-5.15081
-5.14746
-5.14336
-5.14102
-5.13688
-5.13029
-5.12412
-5.11786
-5.1105
-5.10422
-5.09749
-5.09354
-5.09097
-5.09129
-5.09636
-5.10476
-5.11338
-5.12489
-5.13674
-5.14735
-5.15455
-5.15535
-5.15003
-5.13923
-5.12338
-5.10474
-5.08664
-5.07387
-5.06779
-5.06727
-5.07082
-5.07376
-5.0748
-5.07351
-5.06664
-5.05646
-5.0452
-5.03611
-5.0328
-5.03775
-5.05113
-5.0714
-5.09527
-5.12197
-5.14743
-5.17186
-5.1945
-5.21511
-5.23281
-5.24526
-5.2546
-5.25734
-5.25245
-5.23881
-5.21551
-5.18252
-5.14443
-5.10453
-5.06688
-5.0353
-5.01358
-5.00259
-5.00354
-5.01123
-5.02249
-5.03673
-5.05352
-5.07329
-5.09358
-5.11402
-5.13135
-5.14002
-5.14248
-5.13381
-5.11764
-5.09658
-5.07396
-5.05417
-5.03644
-5.02395
-5.01702
-5.01568
-5.01882
-5.02599
-5.03458
-5.04474
-5.05723
-5.07038
-5.08573
-5.10214
-5.12155
-5.14241
-5.16204
-5.18164
-5.19921
-5.21518
-5.2282
-5.23905
-5.24659
-5.25357
-5.25784
-5.26235
-5.26665
-5.27097
-5.27447
-5.27507
-5.27234
-5.26268
-5.25064
-5.23405
-5.21623
-5.19983
-5.18843
-5.18378
-5.18616
-5.1933
-5.20481
-5.21337
-5.21594
-5.2096
-5.19615
-5.17574
-5.15641
-5.14076
-5.1328
-5.13077
-5.12885
-5.12204
-5.11141
-5.09841
-5.08695
-5.0819
-5.08708
-5.10035
-5.12216
-5.14564
-5.16669
-5.18162
-5.19087
-5.19681
-5.20354
-5.2131
-5.2234
-5.23309
-5.24024
-5.24551
-5.24865
-5.25019
-5.25024
-5.25314
-5.25426
-5.25604
-5.25836
-5.26017
-5.26265
-5.2644
-5.26781
-5.27177
-5.27529
-5.27871
-5.28037
-5.27858
-5.2728
-5.26383
-5.25216
-5.23952
-5.22696
-5.21707
-5.20787
-5.1972
-5.18834
-5.17869
-5.17014
-5.16406
-5.16462
-5.171
-5.18404
-5.20268
-5.22491
-5.24577
-5.26331
-5.27644
-5.28376
-5.28524
-5.28132
-5.27425
-5.26529
-5.25485
-5.24493
-5.23535
-5.22435
-5.21384
-5.20229
-5.19094
-5.18059
-5.17305
-5.17134
-5.1726
-5.17882
-5.18954
-5.20227
-5.216
-5.23235
-5.24785
-5.26458
-5.27749
-5.28684
-5.29067
-5.2863
-5.27545
-5.25804
-5.23664
-5.21468
-5.19403
-5.17943
-5.16975
-5.16411
-5.15932
-5.15439
-5.1486
-5.14111
-5.13415
-5.12881
-5.12647
-5.12733
-5.132
-5.14084
-5.15202
-5.16756
-5.1818
-5.19412
-5.2032
-5.20863
-5.20992
-5.20673
-5.19877
-5.18748
-5.17528
-5.16251
-5.15018
-5.13881
-5.12955
-5.12269
-5.11843
-5.11684
-5.11738
-5.12126
-5.1246
-5.1252
-5.12361
-5.1203
-5.11606
-5.11501
-5.11648
-5.12061
-5.1282
-5.1367
-5.14656
-5.15645
-5.16524
-5.17128
-5.17345
-5.17341
-5.1713
-5.17071
-5.17338
-5.18287
-5.19922
-5.22174
-5.24926
-5.27691
-5.30282
-5.32176
-5.33048
-5.32754
-5.31379
-5.28933
-5.25721
-5.22352
-5.19472
-5.17395
-5.16357
-5.16102
-5.16447
-5.17274
-5.18395
-5.19619
-5.20704
-5.21613
-5.22446
-5.23077
-5.23705
-5.24093
-5.24025
-5.23402
-5.2221
-5.2045
-5.18394
-5.16197
-5.14197
-5.1263
-5.1159
-5.10965
-5.10611
-5.10311
-5.09848
-5.08851
-5.0726
-5.05258
-5.02776
-5.00338
-4.98
-4.96306
-4.95673
-4.96169
-4.9789
-5.00563
-5.03703
-5.06841
-5.09896
-5.12166
-5.13785
-5.14813
-5.15195
-5.15414
-5.15704
-5.16163
-5.16871
-5.17721
-5.1878
-5.19817
-5.20371
-5.20405
-5.19656
-5.179
-5.15412
-5.1249
-5.0979
-5.07609
-5.0636
-5.06023
-5.06559
-5.0781
-5.09731
-5.11986
-5.14415
-5.16813
-5.19181
-5.21247
-5.22855
-5.24014
-5.24749
-5.2504
-5.25022
-5.2483
-5.24455
-5.23873
-5.2306
-5.22191
-5.21274
-5.20661
-5.20448
-5.20592
-5.21461
-5.2288
-5.24363
-5.25814
-5.26796
-5.27546
-5.27934
-5.27975
-5.27905
-5.27742
-5.27416
-5.27153
-5.26667
-5.26121
-5.25212
-5.24143
-5.22733
-5.21166
-5.1956
-5.18141
-5.16913
-5.16152
-5.15697
-5.15548
-5.15569
-5.15484
-5.15418
-5.15239
-5.14965
-5.14699
-5.14625
-5.14781
-5.15041
-5.15632
-5.16254
-5.17164
-5.18065
-5.1894
-5.19754
-5.20135
-5.19864
-5.19095
-5.17881
-5.16226
-5.14398
-5.1268
-5.11184
-5.10064
-5.09245
-5.0879
-5.08499
-5.08393
-5.08241
-5.08162
-5.08247
-5.08328
-5.08602
-5.09062
-5.09742
-5.10633
-5.11738
-5.12512
-5.1308
-5.13626
-5.14215
-5.15082
-5.15795
-5.16443
-5.16742
-5.16673
-5.15994
-5.14931
-5.13481
-5.11664
-5.09966
-5.0835
-5.07203
-5.06433
-5.06033
-5.05814
-5.05644
-5.05568
-5.05281
-5.04976
-5.0456
-5.04136
-5.03909
-5.04029
-5.0476
-5.06198
-5.08117
-5.10256
-5.12287
-5.13934
-5.14924
-5.15361
-5.15266
-5.148
-5.14348
-5.13979
-5.13664
-5.13619
-5.14
-5.14638
-5.15389
-5.16159
-5.16971
-5.17493
-5.17973
-5.18331
-5.18592
-5.18735
-5.18627
-5.1815
-5.17145
-5.15835
-5.14402
-5.12867
-5.11498
-5.1027
-5.09436
-5.09014
-5.091
-5.09639
-5.10756
-5.1235
-5.14426
-5.16706
-5.18962
-5.21046
-5.22944
-5.2467
-5.26094
-5.27147
-5.28055
-5.28735
-5.2929
-5.29597
-5.29659
-5.29333
-5.28552
-5.27682
-5.26545
-5.25313
-5.24043
-5.22817
-5.21983
-5.2122
-5.20605
-5.19986
-5.19108
-5.17839
-5.16272
-5.1417
-5.11963
-5.09646
-5.07687
-5.06201
-5.05359
-5.05283
-5.05789
-5.069
-5.08441
-5.10151
-5.11848
-5.13292
-5.14552
-5.15328
-5.1559
-5.15667
-5.15152
-5.14349
-5.13087
-5.11438
-5.09788
-5.08337
-5.07274
-5.07181
-5.08119
-5.10041
-5.12333
-5.14737
-5.17076
-5.19155
-5.20665
-5.21761
-5.22325
-5.22525
-5.22301
-5.21462
-5.20213
-5.18712
-5.16958
-5.15306
-5.1393
-5.1297
-5.12648
-5.12918
-5.13724
-5.14682
-5.15541
-5.16078
-5.16076
-5.15734
-5.15329
-5.15073
-5.15214
-5.15843
-5.16813
-5.1811
-5.19333
-5.20538
-5.21436
-5.22149
-5.22662
-5.23096
-5.23382
-5.23577
-5.23785
-5.24078
-5.24306
-5.24566
-5.246
-5.24348
-5.23902
-5.23065
-5.21781
-5.20227
-5.18385
-5.16437
-5.14572
-5.13274
-5.1252
-5.12386
-5.12747
-5.13637
-5.1483
-5.16244
-5.17651
-5.18718
-5.19168
-5.19102
-5.18735
-5.18165
-5.17629
-5.17241
-5.16981
-5.16662
-5.16184
-5.15563
-5.15128
-5.14782
-5.14392
-5.14025
-5.13597
-5.12963
-5.12265
-5.11747
-5.11206
-5.10908
-5.11079
-5.11863
-5.13224
-5.15118
-5.17134
-5.19272
-5.21319
-5.23197
-5.24741
-5.26278
-5.27532
-5.28367
-5.28905
-5.28942
-5.28394
-5.27083
-5.2505
-5.22547
-5.19534
-5.16386
-5.13058
-5.0967
-5.06637
-5.04199
-5.02319
-5.01347
-5.01317
-5.02409
-5.04166
-5.06288
-5.08349
-5.10136
-5.11443
-5.12651
-5.13607
-5.14521
-5.15249
-5.1579
-5.1617
-5.16086
-5.15603
-5.14755
-5.13405
-5.11939
-5.1028
-5.08752
-5.07574
-5.06747
-5.06311
-5.0637
-5.06948
-5.08024
-5.09581
-5.10946
-5.12251
-5.13212
-5.13674
-5.13535
-5.12613
-5.11112
-5.08976
-5.0661
-5.0428
-5.02438
-5.01326
-5.01427
-5.02824
-5.05288
-5.08528
-5.11721
-5.14452
-5.16417
-5.17429
-5.17881
-5.17726
-5.17333
-5.16479
-5.15533
-5.14364
-5.1326
-5.12063
-5.11101
-5.1045
-5.10352
-5.10649
-5.11696
-5.13208
-5.15215
-5.17613
-5.20158
-5.2293
-5.25639
-5.28251
-5.3047
-5.32212
-5.33065
-5.3305
-5.32143
-5.30487
-5.28337
-5.25826
-5.22849
-5.19809
-5.16655
-5.13549
-5.10608
-5.081
-5.06203
-5.05177
-5.04937
-5.05302
-5.06153
-5.07411
-5.08897
-5.10474
-5.12334
-5.14134
-5.15976
-5.17451
-5.18345
-5.18862
-5.18933
-5.18341
-5.17744
-5.1711
-5.16505
-5.16195
-5.1663
-5.17687
-5.1937
-5.21412
-5.23708
-5.2578
-5.27499
-5.28472
-5.2863
-5.27997
-5.26811
-5.25258
-5.237
-5.22025
-5.20614
-5.19676
-5.19216
-5.19334
-5.20051
-5.21043
-5.22191
-5.23328
-5.2454
-5.25574
-5.2637
-5.26978
-5.2742
-5.27616
-5.27582
-5.27322
-5.26708
-5.26116
-5.25105
-5.23855
-5.22488
-5.21023
-5.19657
-5.18517
-5.17745
-5.17441
-5.17575
-5.18022
-5.18615
-5.19093
-5.19375
-5.19382
-5.19098
-5.18598
-5.18032
-5.17595
-5.17115
-5.16694
-5.16337
-5.16005
-5.15551
-5.14869
-5.138
-5.12496
-5.10901
-5.09345
-5.07704
-5.06255
-5.05239
-5.04862
-5.05018
-5.0552
-5.06413
-5.07477
-5.08396
-5.09579
-5.10683
-5.1194
-5.13696
-5.15794
-5.18193
-5.20679
-5.23124
-5.25298
-5.27036
-5.27963
-5.28118
-5.2732
-5.25798
-5.23732
-5.21418
-5.18937
-5.16791
-5.14825
-5.1331
-5.12137
-5.11379
-5.11097
-5.11171
-5.11498
-5.12121
-5.12713
-5.13297
-5.13672
-5.13849
-5.13706
-5.13396
-5.12872
-5.12157
-5.11494
-5.10874
-5.10445
-5.10317
-5.10428
-5.10756
-5.11221
-5.11811
-5.12328
-5.12833
-5.1309
-5.12952
-5.12558
-5.12185
-5.11819
-5.11486
-5.11285
-5.1124
-5.11598
-5.12229
-5.13425
-5.14967
-5.16664
-5.18342
-5.19866
-5.20886
-5.21353
-5.2106
-5.20165
-5.18812
-5.17249
-5.1588
-5.14743
-5.13987
-5.13446
-5.13335
-5.13869
-5.14974
-5.16696
-5.18779
-5.20842
-5.22863
-5.24634
-5.26069
-5.26991
-5.276
-5.27802
-5.2773
-5.27419
-5.26836
-5.25925
-5.24976
-5.23596
-5.22263
-5.21062
-5.20449
-5.20593
-5.21485
-5.22939
-5.24605
-5.26017
-5.269
-5.2705
-5.26501
-5.25452
-5.23757
-5.21523
-5.19026
-5.1637
-5.13651
-5.11202
-5.09541
-5.08699
-5.08752
-5.09464
-5.10705
-5.12079
-5.13336
-5.14325
-5.14862
-5.14887
-5.14622
-5.14135
-5.13664
-5.13324
-5.12929
-5.12469
-5.11819
-5.11044
-5.1012
-5.09538
-5.09188
-5.0921
-5.09513
-5.09985
-5.10486
-5.1087
-5.10919
-5.10999
-5.10914
-5.10579
-5.09885
-5.09011
-5.08005
-5.06986
-5.06401
-5.06411
-5.07289
-5.0874
-5.10422
-5.11915
-5.13153
-5.1385
-5.13981
-5.13705
-5.13056
-5.12742
-5.12483
-5.126
-5.13194
-5.14309
-5.1566
-5.17092
-5.18176
-5.18935
-5.19397
-5.1946
-5.19605
-5.19948
-5.2092
-5.22036
-5.2305
-5.23738
-5.23886
-5.23322
-5.22325
-5.21141
-5.20137
-5.19514
-5.19455
-5.19697
-5.20003
-5.20042
-5.19706
-5.18985
-5.17695
-5.16282
-5.1474
-5.13358
-5.12417
-5.11939
-5.11745
-5.11968
-5.12278
-5.12358
-5.12228
-5.1157
-5.10579
-5.09447
-5.08239
-5.07069
-5.06087
-5.05424
-5.05005
-5.04765
-5.04735
-5.04611
-5.04319
-5.03982
-5.03463
-5.03045
-5.02903
-5.03216
-5.03766
-5.04692
-5.05943
-5.07116
-5.08227
-5.09166
-5.09818
-5.1038
-5.10941
-5.11523
-5.12406
-5.13668
-5.15257
-5.16798
-5.18099
-5.18962
-5.19189
-5.18852
-5.18153
-5.17272
-5.16535
-5.15907
-5.15255
-5.14574
-5.13939
-5.12905
-5.11408
-5.09322
-5.06767
-5.04268
-5.02537
-5.01993
-5.02763
-5.04628
-5.07499
-5.11117
-5.1474
-5.18036
-5.20423
-5.21691
-5.22076
-5.21803
-5.21058
-5.19886
-5.18659
-5.17491
-5.16426
-5.15651
-5.14931
-5.14486
-5.13901
-5.13364
-5.12859
-5.12423
-5.12275
-5.1256
-5.13337
-5.14675
-5.1663
-5.1877
-5.20952
-5.22724
-5.24001
-5.24659
-5.24458
-5.2351
-5.22014
-5.20119
-5.18069
-5.16359
-5.15249
-5.14688
-5.14789
-5.1557
-5.16919
-5.18539
-5.20297
-5.21854
-5.23265
-5.24371
-5.25241
-5.25756
-5.26237
-5.26453
-5.26482
-5.26304
-5.2602
-5.25621
-5.25018
-5.24329
-5.23409
-5.22537
-5.21832
-5.21588
-5.21909
-5.22672
-5.23708
-5.24598
-5.25402
-5.25635
-5.25285
-5.24427
-5.23013
-5.21053
-5.18634
-5.16168
-5.13766
-5.12022
-5.11014
-5.10783
-5.11155
-5.11678
-5.12215
-5.12339
-5.12099
-5.11659
-5.11213
-5.10906
-5.10934
-5.1147
-5.12398
-5.13521
-5.14859
-5.16333
-5.179
-5.19661
-5.21425
-5.23125
-5.24536
-5.25725
-5.26191
-5.26163
-5.25644
-5.247
-5.23613
-5.22301
-5.21079
-5.19911
-5.19014
-5.18483
-5.18469
-5.18881
-5.19321
-5.19746
-5.2
-5.19809
-5.19097
-5.17758
-5.15913
-5.13661
-5.11699
-5.10309
-5.09723
-5.09861
-5.10663
-5.11969
-5.13537
-5.15308
-5.17523
-5.20035
-5.22717
-5.25321
-5.27675
-5.29412
-5.30593
-5.31027
-5.3087
-5.30262
-5.29387
-5.28452
-5.27394
-5.26355
-5.25593
-5.25317
-5.25406
-5.26052
-5.26777
-5.27286
-5.27146
-5.26167
-5.24765
-5.23422
-5.22303
-5.21763
-5.21431
-5.21464
-5.2162
-5.21919
-5.2261
-5.23618
-5.25021
-5.26402
-5.276
-5.28136
-5.2786
-5.26804
-5.25042
-5.2267
-5.20136
-5.1782
-5.1597
-5.14825
-5.13844
-5.13237
-5.12422
-5.11729
-5.11009
-5.10277
-5.09856
-5.09648
-5.0997
-5.10394
-5.10945
-5.1148
-5.11962
-5.12605
-5.13342
-5.14377
-5.15878
-5.17673
-5.19641
-5.21485
-5.22893
-5.23833
-5.24429
-5.2481
-5.24915
-5.24979
-5.25075
-5.25045
-5.2468
-5.24129
-5.22927
-5.21034
-5.18607
-5.16028
-5.13471
-5.1121
-5.09416
-5.08358
-5.0775
-5.07682
-5.07814
-5.08311
-5.08979
-5.09616
-5.10171
-5.1046
-5.10546
-5.10394
-5.10157
-5.09652
-5.09059
-5.0872
-5.08755
-5.09417
-5.1054
-5.1179
-5.12791
-5.13287
-5.1297
-5.12004
-5.10709
-5.09444
-5.08581
-5.08194
-5.0834
-5.08694
-5.09523
-5.10781
-5.1241
-5.14378
-5.16422
-5.18402
-5.1999
-5.21188
-5.22008
-5.22334
-5.22271
-5.21865
-5.21185
-5.20636
-5.19981
-5.19224
-5.18305
-5.17178
-5.15697
-5.14115
-5.12385
-5.10584
-5.09057
-5.08009
-5.07453
-5.07469
-5.08024
-5.09312
-5.11193
-5.1331
-5.15565
-5.17481
-5.19141
-5.20242
-5.20741
-5.20678
-5.20038
-5.19005
-5.17546
-5.15815
-5.13881
-5.11879
-5.10259
-5.08865
-5.07888
-5.07364
-5.07189
-5.07214
-5.07366
-5.0771
-5.08043
-5.08447
-5.08819
-5.0901
-5.09159
-5.09387
-5.0966
-5.10116
-5.10878
-5.11904
-5.12976
-5.13916
-5.14685
-5.15142
-5.15518
-5.15833
-5.16091
-5.16166
-5.16018
-5.15708
-5.15539
-5.15457
-5.15356
-5.15226
-5.15034
-5.15064
-5.1556
-5.16638
-5.18371
-5.20321
-5.22406
-5.24114
-5.25314
-5.259
-5.25676
-5.24628
-5.227
-5.19929
-5.16669
-5.13082
-5.09653
-5.067
-5.04395
-5.0273
-5.01853
-5.01939
-5.02843
-5.04475
-5.06545
-5.08902
-5.1117
-5.13087
-5.1461
-5.15554
-5.1582
-5.15192
-5.14129
-5.12604
-5.10929
-5.09502
-5.08439
-5.07758
-5.07311
-5.06902
-5.06627
-5.06445
-5.06371
-5.06601
-5.07154
-5.08164
-5.0936
-5.10867
-5.12426
-5.13956
-5.15407
-5.16737
-5.17686
-5.1808
-5.17822
-5.16895
-5.15453
-5.13957
-5.12987
-5.12932
-5.13766
-5.15194
-5.16792
-5.18163
-5.19154
-5.19689
-5.19826
-5.1996
-5.2026
-5.20743
-5.2129
-5.21704
-5.22081
-5.22109
-5.21996
-5.21713
-5.2151
-5.21635
-5.22123
-5.23255
-5.24649
-5.26063
-5.27216
-5.27873
-5.28203
-5.28352
-5.28222
-5.28132
-5.28223
-5.28557
-5.29028
-5.29482
-5.29778
-5.29838
-5.29726
-5.29648
-5.29797
-5.301
-5.30632
-5.31178
-5.31591
-5.31565
-5.31137
-5.30471
-5.29473
-5.28417
-5.27753
-5.27404
-5.27552
-5.28202
-5.2919
-5.30456
-5.31482
-5.32131
-5.3239
-5.32203
-5.31344
-5.29959
-5.28151
-5.26146
-5.2406
-5.21991
-5.19999
-5.18069
-5.16291
-5.14693
-5.13348
-5.12397
-5.11868
-5.11707
-5.12012
-5.12254
-5.1238
-5.12088
-5.11353
-5.10297
-5.09231
-5.08584
-5.08784
-5.09845
-5.11567
-5.13703
-5.15888
-5.17986
-5.20065
-5.21942
-5.23516
-5.24528
-5.2536
-5.2569
-5.25329
-5.24337
-5.22562
-5.19925
-5.16709
-5.13325
-5.10463
-5.08495
-5.0752
-5.07385
-5.0759
-5.07734
-5.07728
-5.07292
-5.06474
-5.05631
-5.04842
-5.04453
-5.04449
-5.05133
-5.06467
-5.08417
-5.10871
-5.13529
-5.1633
-5.18954
-5.21002
-5.22155
-5.2235
-5.21712
-5.2053
-5.19264
-5.18346
-5.18049
-5.18091
-5.18338
-5.18422
-5.18312
-5.17702
-5.16816
-5.15749
-5.14619
-5.134
-5.12384
-5.11403
-5.10667
-5.1023
-5.10222
-5.10581
-5.11445
-5.12764
-5.14463
-5.16388
-5.18169
-5.19693
-5.208
-5.21628
-5.22228
-5.22705
-5.2301
-5.23139
-5.23211
-5.22937
-5.22577
-5.21827
-5.20995
-5.20181
-5.19396
-5.18898
-5.1889
-5.19275
-5.19682
-5.2011
-5.20275
-5.20398
-5.20487
-5.20687
-5.21203
-5.22037
-5.22876
-5.23162
-5.22721
-5.21574
-5.19664
-5.17274
-5.14864
-5.12687
-5.10939
-5.0986
-5.09217
-5.09079
-5.09402
-5.10129
-5.11068
-5.12001
-5.12562
-5.12648
-5.12363
-5.11772
-5.11097
-5.10197
-5.09396
-5.08906
-5.08741
-5.09018
-5.09788
-5.11175
-5.13133
-5.15498
-5.17962
-5.20332
-5.22266
-5.23615
-5.24221
-5.24193
-5.23709
-5.22978
-5.22047
-5.21117
-5.20405
-5.19857
-5.1957
-5.19363
-5.19289
-5.19128
-5.18921
-5.18652
-5.18309
-5.17886
-5.17415
-5.16821
-5.1622
-5.15628
-5.15195
-5.15102
-5.15236
-5.15586
-5.1601
-5.16361
-5.16136
-5.15365
-5.14098
-5.1242
-5.1039
-5.081
-5.05961
-5.04116
-5.02473
-5.00938
-4.99757
-4.99123
-4.98858
-4.99471
-5.00567
-5.02352
-5.04659
-5.07219
-5.09526
-5.11772
-5.1379
-5.15542
-5.17109
-5.18426
-5.19437
-5.20126
-5.20323
-5.19959
-5.19234
-5.18201
-5.17237
-5.16194
-5.15167
-5.14577
-5.14189
-5.14449
-5.15084
-5.16226
-5.17562
-5.18996
-5.20373
-5.21791
-5.22806
-5.23479
-5.23853
-5.23753
-5.2314
-5.22105
-5.20832
-5.19577
-5.18466
-5.17696
-5.17263
-5.17257
-5.17518
-5.18117
-5.18985
-5.20263
-5.21598
-5.22666
-5.2306
-5.2274
-5.21788
-5.20215
-5.18363
-5.16611
-5.15159
-5.14213
-5.13668
-5.1338
-5.13183
-5.12882
-5.12554
-5.12187
-5.12247
-5.13104
-5.14672
-5.16789
-5.1878
-5.20097
-5.20324
-5.19452
-5.17722
-5.15549
-5.13349
-5.11777
-5.11118
-5.11281
-5.124
-5.14276
-5.16428
-5.18733
-5.20727
-5.22495
-5.23795
-5.24534
-5.24757
-5.24454
-5.23594
-5.22367
-5.20881
-5.19428
-5.18252
-5.177
-5.17224
-5.16752
-5.15684
-5.14322
-5.12999
-5.12534
-5.12987
-5.13636
-5.14047
-5.13672
-5.12728
-5.11432
-5.10386
-5.09672
-5.09518
-5.09888
-5.1063
-5.12025
-5.13644
-5.15668
-5.1781
-5.19569
-5.20977
-5.21789
-5.22094
-5.21688
-5.20676
-5.19216
-5.1737
-5.1546
-5.13792
-5.12486
-5.11491
-5.11144
-5.11287
-5.12077
-5.13292
-5.14769
-5.16288
-5.17619
-5.18771
-5.19622
-5.20173
-5.20396
-5.2026
-5.19844
-5.19243
-5.18316
-5.1733
-5.16271
-5.15574
-5.14822
-5.14182
-5.13437
-5.12559
-5.1154
-5.09943
-5.08207
-5.06046
-5.04038
-5.02638
-5.01936
-5.02002
-5.02651
-5.03793
-5.05192
-5.06427
-5.07322
-5.07949
-5.08554
-5.09082
-5.09911
-5.1101
-5.12141
-5.13365
-5.14467
-5.15299
-5.15699
-5.15743
-5.15539
-5.15317
-5.15156
-5.15051
-5.1542
-5.16053
-5.16984
-5.18013
-5.19243
-5.20322
-5.21306
-5.22075
-5.2281
-5.23179
-5.2314
-5.22475
-5.21532
-5.20097
-5.18279
-5.16288
-5.14249
-5.12515
-5.11151
-5.10153
-5.09495
-5.09327
-5.09504
-5.10237
-5.11434
-5.13197
-5.15429
-5.17917
-5.20561
-5.23034
-5.24976
-5.26388
-5.26915
-5.27016
-5.2641
-5.25261
-5.23915
-5.22806
-5.22125
-5.21994
-5.21954
-5.21908
-5.21811
-5.21708
-5.21501
-5.21242
-5.20556
-5.1906
-5.16936
-5.14136
-5.11179
-5.08401
-5.06428
-5.05554
-5.05643
-5.06443
-5.07441
-5.08517
-5.09294
-5.09907
-5.10491
-5.1114
-5.11824
-5.12732
-5.13601
-5.14415
-5.14973
-5.1561
-5.16095
-5.16788
-5.17769
-5.18797
-5.197
-5.20319
-5.20415
-5.19729
-5.18378
-5.16389
-5.13917
-5.11212
-5.08544
-5.06133
-5.04261
-5.02745
-5.01645
-5.00882
-5.00688
-5.01215
-5.02781
-5.05057
-5.07921
-5.11072
-5.14219
-5.1688
-5.19016
-5.20509
-5.21593
-5.22481
-5.2352
-5.24689
-5.25763
-5.26711
-5.27232
-5.27208
-5.26747
-5.25923
-5.24848
-5.23754
-5.22329
-5.2109
-5.20016
-5.19291
-5.18966
-5.18961
-5.19252
-5.19597
-5.19944
-5.20045
-5.19904
-5.1955
-5.19036
-5.18242
-5.17355
-5.16252
-5.15096
-5.13744
-5.12584
-5.11703
-5.10883
-5.10246
-5.09534
-5.0901
-5.08617
-5.08698
-5.09005
-5.09624
-5.10387
-5.11224
-5.11963
-5.12806
-5.13706
-5.14814
-5.15931
-5.16829
-5.17458
-5.17742
-5.17473
-5.166
-5.15282
-5.13697
-5.12254
-5.1088
-5.09937
-5.09254
-5.08972
-5.08923
-5.092
-5.09807
-5.10693
-5.11932
-5.13411
-5.15066
-5.16658
-5.17944
-5.18855
-5.19303
-5.19102
-5.18314
-5.17146
-5.15637
-5.14157
-5.12878
-5.12023
-5.11536
-5.11035
-5.10619
-5.10029
-5.09012
-5.07886
-5.07047
-5.0671
-5.06975
-5.07906
-5.09314
-5.10857
-5.12139
-5.13071
-5.13526
-5.13485
-5.13452
-5.13665
-5.1419
-5.15188
-5.16165
-5.16774
-5.16575
-5.15975
-5.14889
-5.13498
-5.11851
-5.10002
-5.08105
-5.06005
-5.03866
-5.01759
-4.99968
-4.98758
-4.98379
-4.98683
-4.99737
-5.01549
-5.03819
-5.06561
-5.09205
-5.11804
-5.14241
-5.16197
-5.17731
-5.18705
-5.19251
-5.19445
-5.19462
-5.19217
-5.18721
-5.18034
-5.17128
-5.16151
-5.15291
-5.14705
-5.14292
-5.14397
-5.14615
-5.151
-5.15544
-5.15786
-5.15978
-5.16272
-5.16898
-5.18041
-5.19779
-5.21686
-5.23504
-5.25052
-5.2599
-5.26424
-5.26335
-5.25686
-5.24517
-5.2297
-5.21095
-5.19368
-5.17617
-5.1611
-5.15079
-5.14142
-5.13484
-5.1287
-5.12137
-5.11393
-5.10778
-5.10172
-5.09677
-5.09455
-5.09738
-5.10651
-5.12384
-5.14689
-5.17457
-5.20419
-5.23205
-5.25595
-5.27561
-5.28877
-5.296
-5.29706
-5.29149
-5.27809
-5.26035
-5.24053
-5.21902
-5.19739
-5.17673
-5.15688
-5.13798
-5.12054
-5.10556
-5.09639
-5.09357
-5.09936
-5.1131
-5.13367
-5.15885
-5.18407
-5.20456
-5.2188
-5.22713
-5.2266
-5.22041
-5.20785
-5.19232
-5.17548
-5.15909
-5.14449
-5.13233
-5.12359
-5.1173
-5.11251
-5.10617
-5.09895
-5.08944
-5.08062
-5.07522
-5.07435
-5.08035
-5.09348
-5.11137
-5.13243
-5.15332
-5.1722
-5.18679
-5.19456
-5.19762
-5.19587
-5.19152
-5.18849
-5.18681
-5.18885
-5.19258
-5.19793
-5.2058
-5.21365
-5.22249
-5.23061
-5.24088
-5.24861
-5.25671
-5.26371
-5.2702
-5.275
-5.27715
-5.2768
-5.27434
-5.26755
-5.25789
-5.24436
-5.22875
-5.21038
-5.19243
-5.17703
-5.16622
-5.16378
-5.16861
-5.17767
-5.18887
-5.20231
-5.21946
-5.23539
-5.25028
-5.26195
-5.27128
-5.27595
-5.27608
-5.27122
-5.26105
-5.24664
-5.22838
-5.21256
-5.20229
-5.19746
-5.19562
-5.19488
-5.19347
-5.19328
-5.195
-5.19825
-5.20359
-5.20963
-5.21534
-5.22149
-5.22842
-5.23342
-5.23899
-5.24487
-5.25073
-5.25609
-5.26162
-5.26649
-5.27317
-5.28048
-5.28956
-5.29977
-5.30828
-5.31411
-5.31595
-5.31427
-5.30545
-5.29367
-5.28161
-5.26903
-5.25676
-5.24489
-5.23495
-5.22705
-5.22022
-5.21408
-5.20703
-5.19917
-5.19253
-5.18889
-5.18998
-5.19563
-5.20376
-5.21474
-5.22543
-5.23492
-5.24204
-5.24607
-5.24821
-5.24707
-5.24211
-5.23444
-5.22218
-5.20717
-5.19138
-5.17161
-5.1534
-5.1334
-5.11383
-5.09518
-5.07905
-5.0655
-5.05826
-5.05629
-5.05913
-5.06721
-5.08088
-5.09804
-5.11845
-5.14173
-5.16396
-5.18411
-5.1998
-5.21092
-5.21621
-5.21385
-5.20659
-5.19515
-5.18252
-5.1706
-5.15986
-5.15317
-5.15005
-5.15037
-5.15462
-5.16218
-5.17513
-5.19186
-5.21096
-5.23198
-5.25063
-5.26584
-5.27504
-5.27799
-5.2754
-5.26963
-5.26829
-5.27215
-5.28467
-5.30031
-5.31361
-5.31857
-5.31441
-5.29923
-5.27706
-5.25034
-5.22342
-5.19942
-5.1766
-5.15666
-5.1391
-5.12432
-5.11452
-5.10905
-5.10677
-5.10615
-5.10865
-5.1132
-5.1218
-5.13534
-5.15239
-5.17141
-5.19365
-5.21618
-5.2399
-5.26169
-5.27825
-5.28959
-5.29123
-5.28379
-5.26791
-5.24444
-5.21499
-5.18415
-5.15558
-5.13323
-5.1188
-5.11548
-5.12118
-5.13765
-5.16163
-5.19034
-5.22204
-5.25207
-5.27668
-5.29894
-5.31522
-5.32615
-5.33033
-5.32974
-5.3234
-5.31222
-5.2983
-5.28207
-5.26434
-5.25007
-5.24062
-5.23841
-5.23968
-5.24231
-5.24644
-5.2503
-5.25099
-5.24753
-5.23936
-5.22598
-5.20816
-5.19012
-5.17748
-5.1753
-5.18444
-5.20115
-5.21887
-5.2329
-5.24166
-5.24335
-5.23831
-5.22825
-5.2133
-5.19684
-5.18076
-5.16479
-5.15231
-5.14199
-5.13751
-5.13692
-5.14219
-5.15109
-5.16283
-5.17895
-5.19839
-5.21967
-5.24117
-5.26166
-5.27765
-5.29009
-5.29861
-5.30252
-5.30211
-5.29643
-5.28347
-5.26564
-5.24336
-5.21637
-5.18696
-5.15738
-5.13383
-5.11594
-5.10691
-5.10239
-5.10238
-5.10035
-5.09548
-5.08686
-5.07546
-5.06176
-5.05012
-5.04144
-5.03814
-5.03717
-5.0374
-5.03776
-5.03756
-5.03791
-5.04179
-5.05011
-5.06309
-5.07811
-5.09238
-5.10504
-5.11399
-5.11992
-5.12208
-5.12073
-5.11821
-5.11191
-5.10345
-5.09168
-5.07771
-5.06578
-5.05341
-5.04178
-5.03257
-5.02586
-5.0251
-5.03209
-5.04423
-5.06271
-5.08122
-5.09974
-5.11518
-5.12667
-5.13361
-5.13787
-5.14133
-5.14604
-5.15399
-5.16339
-5.17626
-5.18998
-5.20219
-5.21355
-5.22193
-5.22884
-5.23299
-5.23306
-5.22523
-5.2123
-5.19578
-5.17621
-5.15787
-5.14011
-5.12422
-5.11282
-5.10764
-5.10956
-5.11654
-5.12876
-5.14239
-5.15331
-5.16083
-5.16121
-5.15367
-5.13919
-5.11871
-5.09567
-5.07151
-5.05027
-5.03367
-5.02501
-5.02681
-5.03871
-5.05764
-5.08025
-5.10103
-5.11709
-5.13002
-5.13598
-5.13911
-5.13802
-5.13571
-5.13079
-5.12466
-5.11589
-5.1075
-5.10016
-5.09649
-5.09719
-5.10165
-5.10912
-5.12113
-5.13604
-5.15188
-5.16646
-5.17745
-5.18225
-5.18241
-5.17775
-5.16935
-5.1592
-5.15049
-5.14283
-5.13934
-5.14069
-5.14357
-5.14896
-5.15417
-5.15952
-5.16393
-5.16636
-5.16733
-5.16806
-5.16583
-5.1637
-5.15946
-5.15539
-5.15111
-5.14797
-5.14722
-5.14765
-5.14973
-5.15312
-5.15418
-5.1546
-5.15363
-5.15303
-5.15297
-5.15327
-5.15459
-5.15444
-5.15151
-5.14705
-5.13727
-5.12296
-5.10587
-5.08843
-5.07208
-5.05946
-5.0521
-5.05052
-5.05398
-5.06221
-5.07226
-5.08347
-5.0953
-5.10688
-5.11604
-5.12495
-5.13187
-5.13965
-5.14829
-5.16053
-5.1736
-5.18779
-5.19888
-5.2063
-5.20688
-5.2013
-5.19176
-5.17803
-5.16627
-5.15638
-5.1495
-5.14583
-5.14454
-5.14626
-5.14879
-5.14936
-5.14856
-5.14419
-5.13762
-5.13182
-5.13136
-5.13769
-5.15046
-5.16851
-5.18864
-5.20942
-5.22544
-5.23447
-5.23632
-5.232
-5.22189
-5.20958
-5.19791
-5.18799
-5.1809
-5.17727
-5.17406
-5.17133
-5.16514
-5.15698
-5.14687
-5.13526
-5.11996
-5.10429
-5.0874
-5.07348
-5.06176
-5.05437
-5.05097
-5.04996
-5.05146
-5.05375
-5.05637
-5.06219
-5.07005
-5.08125
-5.09698
-5.11617
-5.13834
-5.15758
-5.17269
-5.18128
-5.18359
-5.17616
-5.16386
-5.14967
-5.13724
-5.12819
-5.12211
-5.11962
-5.11901
-5.12175
-5.12563
-5.13354
-5.14316
-5.15498
-5.16978
-5.1853
-5.20016
-5.21344
-5.22529
-5.23501
-5.24416
-5.25257
-5.2591
-5.26624
-5.27173
-5.27644
-5.28039
-5.28266
-5.28255
-5.27726
-5.26997
-5.2579
-5.24372
-5.22998
-5.21598
-5.20378
-5.19322
-5.18304
-5.17107
-5.15629
-5.1385
-5.1192
-5.10121
-5.08471
-5.07347
-5.06895
-5.07114
-5.08163
-5.09683
-5.11551
-5.13463
-5.15247
-5.16546
-5.17224
-5.17423
-5.1685
-5.15703
-5.1417
-5.12661
-5.11529
-5.10847
-5.10692
-5.10987
-5.11222
-5.11125
-5.10691
-5.09793
-5.08528
-5.07302
-5.06655
-5.07092
-5.08854
-5.11505
-5.14743
-5.17932
-5.20546
-5.22363
-5.23114
-5.22762
-5.21557
-5.19506
-5.17076
-5.14395
-5.12081
-5.10541
-5.09881
-5.09701
-5.10105
-5.106
-5.11106
-5.1153
-5.11945
-5.1228
-5.12593
-5.1272
-5.12754
-5.12552
-5.12433
-5.12215
-5.12361
-5.12753
-5.13507
-5.14505
-5.15816
-5.17063
-5.18365
-5.19526
-5.20565
-5.2145
-5.21967
-5.22125
-5.21916
-5.21594
-5.21049
-5.2056
-5.19888
-5.19123
-5.18112
-5.16916
-5.15406
-5.13555
-5.11353
-5.09113
-5.06833
-5.0497
-5.03605
-5.02877
-5.03
-5.03629
-5.04709
-5.06006
-5.07726
-5.09595
-5.11845
-5.14224
-5.16662
-5.18873
-5.20637
-5.21404
-5.21127
-5.1978
-5.17613
-5.14963
-5.12089
-5.09412
-5.07403
-5.06165
-5.05709
-5.05993
-5.06706
-5.07322
-5.07895
-5.08419
-5.08934
-5.09529
-5.10025
-5.1052
-5.1089
-5.11147
-5.11157
-5.10963
-5.10867
-5.11087
-5.12019
-5.1327
-5.14919
-5.16504
-5.1801
-5.1919
-5.1968
-5.19532
-5.18676
-5.17294
-5.15545
-5.13678
-5.11995
-5.1059
-5.09756
-5.09408
-5.10043
-5.11511
-5.13594
-5.16037
-5.18239
-5.19753
-5.2052
-5.20318
-5.19601
-5.18374
-5.17076
-5.15884
-5.15291
-5.15339
-5.16069
-5.17383
-5.18858
-5.20152
-5.20809
-5.20452
-5.19016
-5.17186
-5.14868
-5.12688
-5.10704
-5.09112
-5.08167
-5.0788
-5.08072
-5.08761
-5.09794
-5.11028
-5.12602
-5.14442
-5.16472
-5.18187
-5.19462
-5.19867
-5.19683
-5.19152
-5.18602
-5.1848
-5.18678
-5.19464
-5.20759
-5.21972
-5.23174
-5.24172
-5.24803
-5.25073
-5.24861
-5.24423
-5.2378
-5.22908
-5.21819
-5.2073
-5.19808
-5.19236
-5.18941
-5.19043
-5.19196
-5.19535
-5.19686
-5.194
-5.18398
-5.16939
-5.15225
-5.13724
-5.1317
-5.13555
-5.15066
-5.17211
-5.19501
-5.21738
-5.2339
-5.24432
-5.24827
-5.24508
-5.23808
-5.22729
-5.21537
-5.20427
-5.19486
-5.18868
-5.18648
-5.19173
-5.20446
-5.22692
-5.25459
-5.28372
-5.30867
-5.32501
-5.32983
-5.32391
-5.31038
-5.29156
-5.2705
-5.25071
-5.23432
-5.22052
-5.2098
-5.19978
-5.18977
-5.17792
-5.16464
-5.15004
-5.1371
-5.12699
-5.12035
-5.12111
-5.12785
-5.14205
-5.15999
-5.1781
-5.19428
-5.20621
-5.2138
-5.21738
-5.21675
-5.21656
-5.21538
-5.21431
-5.21628
-5.21721
-5.21855
-5.21645
-5.21176
-5.20383
-5.1951
-5.18498
-5.17457
-5.16582
-5.1564
-5.14802
-5.13899
-5.13129
-5.12406
-5.11888
-5.11515
-5.11215
-5.11245
-5.11498
-5.11805
-5.12208
-5.12546
-5.12738
-5.12844
-5.13056
-5.13377
-5.13791
-5.14311
-5.14829
-5.15414
-5.15796
-5.16141
-5.16571
-5.17137
-5.17827
-5.18699
-5.1954
-5.20098
-5.20383
-5.2033
-5.2018
-5.19956
-5.19883
-5.19922
-5.20122
-5.20354
-5.20378
-5.20028
-5.19473
-5.18745
-5.17753
-5.16656
-5.15585
-5.14631
-5.13826
-5.13121
-5.1267
-5.12243
-5.11886
-5.11262
-5.1025
-5.08899
-5.07164
-5.05153
-5.03205
-5.01979
-5.01851
-5.03321
-5.06044
-5.09644
-5.1342
-5.16669
-5.19213
-5.20673
-5.2109
-5.20513
-5.19096
-5.168
-5.13662
-5.10021
-5.05943
-5.01785
-4.98212
-4.95669
-4.94487
-4.94943
-4.96863
-4.99391
-5.02505
-5.05686
-5.08549
-5.1094
-5.12737
-5.13952
-5.14575
-5.14767
-5.14754
-5.1474
-5.14971
-5.15427
-5.16267
-5.1744
-5.18597
-5.19673
-5.2049
-5.20594
-5.20286
-5.19424
-5.18062
-5.1611
-5.13884
-5.11526
-5.09213
-5.07242
-5.05992
-5.05474
-5.05517
-5.06363
-5.07886
-5.09904
-5.12383
-5.14966
-5.17059
-5.18558
-5.19118
-5.18833
-5.17952
-5.1663
-5.15453
-5.14594
-5.14169
-5.1393
-5.13417
-5.12421
-5.11129
-5.09498
-5.07872
-5.06702
-5.06285
-5.06866
-5.08354
-5.10218
-5.11889
-5.13215
-5.14235
-5.14898
-5.15305
-5.15769
-5.16076
-5.16163
-5.16298
-5.16044
-5.15454
-5.14389
-5.12898
-5.11193
-5.09158
-5.07276
-5.06213
-5.06203
-5.07391
-5.09643
-5.12445
-5.15313
-5.18075
-5.20126
-5.2166
-5.22596
-5.22873
-5.22536
-5.21752
-5.20623
-5.19302
-5.18129
-5.17244
-5.16751
-5.16746
-5.16892
-5.17041
-5.17056
-5.16755
-5.16251
-5.15702
-5.15095
-5.14726
-5.14579
-5.14369
-5.13868
-5.1306
-5.11838
-5.10204
-5.08587
-5.07157
-5.06149
-5.05573
-5.05381
-5.05831
-5.06656
-5.08067
-5.09759
-5.11895
-5.13936
-5.15626
-5.16784
-5.17283
-5.17041
-5.16133
-5.14711
-5.12982
-5.11062
-5.09304
-5.07932
-5.06959
-5.06755
-5.07323
-5.08412
-5.09937
-5.11757
-5.13627
-5.15441
-5.16887
-5.18104
-5.19078
-5.19758
-5.20087
-5.20275
-5.20349
-5.20238
-5.20156
-5.19806
-5.19052
-5.17923
-5.16622
-5.15036
-5.133
-5.1185
-5.10656
-5.09931
-5.09719
-5.10077
-5.11022
-5.12342
-5.13921
-5.15548
-5.16872
-5.18077
-5.18939
-5.1938
-5.19527
-5.19629
-5.19669
-5.19566
-5.19364
-5.1892
-5.18118
-5.17144
-5.16157
-5.15143
-5.14403
-5.14161
-5.1445
-5.15207
-5.1648
-5.18088
-5.19837
-5.21662
-5.23471
-5.25182
-5.26564
-5.27472
-5.27886
-5.27941
-5.2763
-5.26875
-5.26051
-5.25112
-5.24322
-5.23601
-5.22765
-5.21674
-5.20379
-5.18879
-5.17293
-5.15971
-5.15124
-5.14962
-5.15455
-5.16559
-5.18182
-5.19769
-5.21103
-5.2191
-5.2241
-5.22578
-5.22296
-5.21757
-5.21192
-5.20662
-5.20564
-5.20779
-5.21496
-5.22355
-5.23172
-5.2352
-5.23334
-5.22665
-5.21586
-5.20184
-5.18699
-5.17083
-5.15589
-5.14497
-5.14073
-5.14432
-5.15486
-5.16891
-5.18163
-5.19089
-5.19609
-5.19846
-5.20175
-5.20746
-5.21443
-5.2229
-5.2309
-5.23746
-5.23854
-5.23566
-5.22974
-5.2206
-5.2106
-5.2015
-5.19239
-5.18482
-5.17873
-5.17212
-5.1647
-5.15652
-5.14701
-5.13579
-5.12318
-5.11114
-5.09784
-5.0842
-5.06972
-5.05564
-5.043
-5.03183
-5.02229
-5.01607
-5.01157
-5.01173
-5.01293
-5.01927
-5.0302
-5.04509
-5.06188
-5.07875
-5.09155
-5.09969
-5.10556
-5.10842
-5.11105
-5.11514
-5.12005
-5.12875
-5.14004
-5.15177
-5.16391
-5.17379
-5.18081
-5.18422
-5.1862
-5.18546
-5.18493
-5.18318
-5.18178
-5.18278
-5.18451
-5.18424
-5.18523
-5.18606
-5.18773
-5.189
-5.19137
-5.19163
-5.19199
-5.18948
-5.1846
-5.17894
-5.17292
-5.16882
-5.16662
-5.16694
-5.16932
-5.17283
-5.17941
-5.1861
-5.19326
-5.19876
-5.20466
-5.20946
-5.21146
-5.21088
-5.20764
-5.20132
-5.19099
-5.17761
-5.15908
-5.13608
-5.1108
-5.08481
-5.05995
-5.03939
-5.02494
-5.0172
-5.02013
-5.0325
-5.05485
-5.08711
-5.1223
-5.15898
-5.19046
-5.21495
-5.23014
-5.23784
-5.23752
-5.23113
-5.2222
-5.21219
-5.20514
-5.20132
-5.20211
-5.20539
-5.20947
-5.21377
-5.21624
-5.21913
-5.22148
-5.22435
-5.22577
-5.22388
-5.21871
-5.2087
-5.19425
-5.1764
-5.15774
-5.13976
-5.12629
-5.11557
-5.11086
-5.11439
-5.12233
-5.13337
-5.14703
-5.16
-5.17094
-5.18279
-5.19158
-5.19963
-5.20768
-5.21537
-5.22347
-5.22872
-5.22987
-5.22948
-5.22593
-5.22157
-5.21761
-5.21457
-5.21096
-5.20808
-5.20127
-5.19258
-5.18332
-5.17102
-5.15945
-5.14903
-5.1405
-5.13183
-5.12159
-5.11054
-5.09925
-5.08869
-5.07878
-5.0702
-5.06349
-5.05886
-5.05614
-5.05534
-5.05519
-5.05615
-5.05738
-5.06056
-5.06621
-5.07541
-5.08844
-5.10674
-5.12842
-5.15245
-5.1777
-5.20065
-5.22056
-5.23506
-5.24486
-5.24644
-5.24146
-5.23072
-5.21393
-5.19218
-5.16755
-5.14278
-5.11879
-5.1005
-5.08819
-5.08263
-5.0833
-5.08863
-5.09562
-5.10602
-5.11755
-5.12928
-5.14154
-5.15266
-5.16105
-5.16514
-5.16442
-5.16136
-5.15444
-5.14819
-5.14317
-5.14006
-5.13991
-5.13858
-5.13742
-5.13598
-5.13818
-5.14562
-5.15932
-5.17976
-5.20347
-5.22696
-5.24665
-5.26308
-5.27448
-5.28078
-5.28238
-5.28267
-5.28033
-5.27847
-5.2757
-5.27168
-5.26571
-5.25425
-5.2403
-5.22045
-5.19501
-5.16671
-5.13691
-5.11036
-5.08656
-5.06784
-5.05459
-5.0478
-5.04885
-5.05764
-5.07194
-5.09053
-5.11059
-5.12841
-5.14244
-5.15061
-5.15315
-5.15352
-5.15312
-5.15587
-5.1628
-5.17409
-5.18884
-5.2023
-5.2115
-5.2136
-5.20814
-5.19552
-5.17772
-5.15682
-5.13916
-5.12824
-5.12176
-5.12298
-5.13066
-5.14009
-5.1523
-5.16568
-5.17926
-5.19176
-5.20386
-5.21214
-5.21325
-5.20798
-5.19496
-5.17738
-5.15602
-5.13429
-5.11516
-5.09927
-5.08995
-5.0848
-5.08227
-5.088
-5.09921
-5.11343
-5.12736
-5.13503
-5.13678
-5.13447
-5.13249
-5.13176
-5.13306
-5.13526
-5.13616
-5.13396
-5.13029
-5.12448
-5.11633
-5.10836
-5.10355
-5.10152
-5.10427
-5.11149
-5.12189
-5.13409
-5.14581
-5.15609
-5.16404
-5.16747
-5.1672
-5.16463
-5.16258
-5.16017
-5.15897
-5.15838
-5.15818
-5.15701
-5.15199
-5.14286
-5.13015
-5.11459
-5.09801
-5.08149
-5.06756
-5.05571
-5.04886
-5.04839
-5.05152
-5.05739
-5.06323
-5.06584
-5.06473
-5.05971
-5.05296
-5.04505
-5.03815
-5.0333
-5.03177
-5.03729
-5.04723
-5.06156
-5.07614
-5.08906
-5.09745
-5.10107
-5.09998
-5.0947
-5.08666
-5.0768
-5.06886
-5.06377
-5.06412
-5.07126
-5.0866
-5.10586
-5.12831
-5.15052
-5.16855
-5.18188
-5.18895
-5.19059
-5.19116
-5.18984
-5.189
-5.19033
-5.19308
-5.19611
-5.1974
-5.19397
-5.18743
-5.17962
-5.17053
-5.16213
-5.15308
-5.14575
-5.13987
-5.13742
-5.13878
-5.14193
-5.14912
-5.15753
-5.16626
-5.17535
-5.18413
-5.1904
-5.19499
-5.19648
-5.19509
-5.19145
-5.18514
-5.17775
-5.17009
-5.16338
-5.16016
-5.16227
-5.17028
-5.18358
-5.2019
-5.2227
-5.24236
-5.26025
-5.27516
-5.28388
-5.2845
-5.27759
-5.26311
-5.24446
-5.22147
-5.19677
-5.1736
-5.156
-5.14265
-5.13592
-5.13548
-5.14043
-5.14852
-5.15899
-5.16944
-5.17897
-5.18611
-5.18945
-5.18989
-5.18721
-5.18246
-5.17551
-5.16797
-5.16156
-5.15808
-5.15622
-5.15566
-5.15765
-5.16283
-5.16952
-5.17653
-5.18226
-5.18728
-5.18948
-5.18831
-5.18582
-5.17915
-5.16939
-5.1569
-5.14292
-5.12733
-5.11226
-5.09807
-5.08652
-5.07742
-5.07275
-5.07038
-5.07048
-5.07117
-5.07336
-5.07771
-5.08252
-5.08924
-5.09565
-5.10169
-5.10656
-5.11284
-5.12194
-5.13527
-5.15243
-5.17202
-5.18993
-5.20268
-5.20974
-5.21192
-5.20867
-5.20304
-5.19668
-5.19091
-5.18528
-5.18229
-5.18145
-5.18071
-5.18073
-5.18412
-5.1922
-5.20455
-5.22082
-5.23878
-5.25746
-5.27221
-5.28346
-5.28836
-5.28635
-5.27671
-5.26076
-5.23622
-5.20566
-5.17071
-5.13339
-5.09887
-5.07149
-5.05642
-5.05779
-5.07651
-5.10578
-5.13897
-5.16757
-5.18822
-5.19832
-5.19828
-5.18904
-5.17418
-5.15674
-5.13929
-5.12489
-5.11502
-5.10995
-5.11085
-5.11419
-5.11804
-5.11972
-5.11796
-5.11038
-5.09785
-5.08108
-5.06233
-5.04859
-5.04406
-5.05271
-5.07643
-5.11166
-5.15019
-5.18832
-5.21878
-5.24046
-5.2547
-5.26254
-5.26368
-5.2623
-5.25811
-5.25333
-5.24789
-5.24184
-5.23859
-5.23755
-5.24053
-5.24636
-5.25329
-5.25967
-5.26386
-5.26321
-5.25466
-5.24124
-5.22336
-5.20345
-5.18314
-5.16434
-5.14721
-5.12958
-5.10957
-5.08729
-5.06504
-5.04719
-5.03971
-5.04457
-5.05602
-5.07347
-5.09004
-5.1051
-5.11765
-5.12679
-5.13208
-5.13334
-5.13055
-5.1238
-5.11539
-5.10595
-5.09883
-5.09908
-5.1075
-5.12436
-5.15033
-5.18117
-5.21115
-5.23839
-5.25801
-5.26793
-5.26746
-5.25518
-5.23425
-5.20448
-5.17235
-5.14355
-5.12446
-5.11714
-5.11805
-5.12366
-5.13147
-5.13985
-5.14627
-5.15118
-5.15458
-5.15146
-5.14359
-5.13157
-5.11531
-5.09809
-5.08034
-5.06337
-5.05166
-5.04612
-5.0459
-5.05261
-5.06447
-5.07963
-5.09842
-5.11874
-5.13724
-5.15228
-5.16426
-5.17079
-5.17227
-5.1674
-5.15749
-5.1426
-5.12763
-5.11405
-5.10372
-5.09856
-5.09914
-5.1063
-5.1171
-5.12957
-5.14266
-5.1535
-5.16279
-5.16812
-5.1703
-5.16952
-5.16608
-5.15769
-5.14351
-5.12503
-5.1032
-5.07975
-5.05833
-5.04217
-5.03258
-5.03066
-5.03774
-5.04896
-5.06499
-5.08024
-5.09306
-5.10637
-5.11844
-5.13179
-5.14563
-5.15931
-5.17148
-5.17931
-5.18218
-5.18256
-5.18064
-5.18164
-5.18382
-5.18804
-5.1924
-5.19463
-5.19382
-5.19146
-5.18774
-5.18408
-5.18223
-5.18109
-5.17808
-5.17475
-5.16745
-5.15886
-5.14922
-5.14271
-5.13899
-5.14027
-5.14448
-5.15105
-5.15952
-5.16646
-5.17422
-5.17964
-5.18354
-5.18546
-5.18517
-5.18598
-5.18235
-5.17829
-5.17229
-5.16373
-5.154
-5.14484
-5.13613
-5.12991
-5.12722
-5.12929
-5.13562
-5.14619
-5.15616
-5.16483
-5.1692
-5.17018
-5.16573
-5.15803
-5.14914
-5.13786
-5.12816
-5.12027
-5.11561
-5.1135
-5.11434
-5.11456
-5.11393
-5.10966
-5.10279
-5.09084
-5.07461
-5.05479
-5.03519
-5.01973
-5.01176
-5.01266
-5.02009
-5.02915
-5.03922
-5.04826
-5.0526
-5.05513
-5.05604
-5.05782
-5.06126
-5.06699
-5.07505
-5.08443
-5.0933
-5.0977
-5.09814
-5.09422
-5.08472
-5.07327
-5.06095
-5.04985
-5.04303
-5.04098
-5.04198
-5.04847
-5.06047
-5.07558
-5.0915
-5.10898
-5.12573
-5.14213
-5.15796
-5.17303
-5.18671
-5.20001
-5.21151
-5.21967
-5.22528
-5.22708
-5.22412
-5.2157
-5.20429
-5.18846
-5.17424
-5.16398
-5.15938
-5.15875
-5.16136
-5.16662
-5.1728
-5.1785
-5.184
-5.1891
-5.19257
-5.19544
-5.197
-5.19627
-5.19239
-5.18556
-5.17563
-5.16181
-5.14632
-5.13137
-5.11807
-5.10641
-5.09924
-5.0967
-5.09811
-5.10338
-5.11135
-5.12202
-5.13419
-5.1431
-5.15004
-5.15394
-5.1546
-5.15112
-5.14337
-5.13119
-5.11665
-5.10172
-5.09173
-5.09063
-5.09927
-5.11676
-5.13931
-5.16304
-5.18236
-5.19793
-5.20944
-5.21353
-5.21211
-5.20496
-5.1939
-5.18062
-5.16669
-5.15689
-5.14955
-5.14702
-5.14908
-5.15402
-5.15997
-5.16704
-5.174
-5.18103
-5.18957
-5.20196
-5.21404
-5.22504
-5.23632
-5.24444
-5.25211
-5.25908
-5.26366
-5.26422
-5.26117
-5.25173
-5.23813
-5.22154
-5.2038
-5.18781
-5.17363
-5.16392
-5.15765
-5.1556
-5.15579
-5.1578
-5.16249
-5.16955
-5.17788
-5.18395
-5.18947
-5.18969
-5.18612
-5.18023
-5.17168
-5.16375
-5.15703
-5.1543
-5.15506
-5.16153
-5.17083
-5.18086
-5.19187
-5.20312
-5.21612
-5.23062
-5.24587
-5.25902
-5.26547
-5.26546
-5.25602
-5.23923
-5.21618
-5.19251
-5.17344
-5.16448
-5.16499
-5.17288
-5.18558
-5.19942
-5.2113
-5.21993
-5.22467
-5.22597
-5.22458
-5.22295
-5.222
-5.22292
-5.23048
-5.24031
-5.25169
-5.26207
-5.2711
-5.27737
-5.27959
-5.27708
-5.2738
-5.26949
-5.26439
-5.2602
-5.257
-5.25505
-5.25143
-5.24962
-5.25246
-5.25752
-5.26588
-5.27733
-5.29123
-5.30555
-5.31818
-5.32743
-5.33087
-5.3295
-5.32186
-5.30936
-5.29198
-5.26806
-5.2394
-5.20242
-5.15813
-5.10742
-5.05606
-5.00986
-4.97737
-4.96449
-4.97023
-4.99202
-5.02286
-5.05761
-5.09284
-5.12467
-5.15186
-5.17331
-5.18697
-5.19367
-5.19234
-5.18378
-5.17167
-5.15858
-5.14837
-5.14168
-5.13614
-5.13441
-5.13361
-5.13286
-5.13224
-5.13265
-5.13386
-5.13611
-5.14165
-5.1477
-5.15437
-5.15797
-5.16004
-5.15926
-5.1556
-5.15194
-5.15181
-5.15552
-5.16365
-5.17564
-5.18757
-5.19822
-5.20678
-5.21269
-5.21674
-5.21944
-5.22067
-5.21985
-5.21903
-5.21832
-5.21788
-5.21807
-5.21813
-5.2162
-5.21367
-5.20995
-5.20372
-5.19727
-5.19098
-5.18569
-5.18176
-5.17968
-5.17925
-5.17992
-5.17793
-5.17411
-5.16817
-5.16246
-5.15716
-5.15583
-5.15917
-5.16711
-5.1798
-5.1944
-5.20919
-5.22246
-5.23058
-5.2313
-5.22433
-5.2064
-5.17948
-5.1465
-5.109
-5.07129
-5.0401
-5.01632
-5.0041
-5.0004
-5.00627
-5.01648
-5.02957
-5.04011
-5.04999
-5.05701
-5.06226
-5.06471
-5.06554
-5.06491
-5.06277
-5.06026
-5.05906
-5.05837
-5.05738
-5.05816
-5.06041
-5.06339
-5.06676
-5.06819
-5.06846
-5.0666
-5.06127
-5.05388
-5.04531
-5.03681
-5.0277
-5.01815
-5.00997
-5.00355
-5.00485
-5.01261
-5.02828
-5.04405
-5.05908
-5.0689
-5.07215
-5.06949
-5.06179
-5.04891
-5.03436
-5.02149
-5.01581
-5.01808
-5.0317
-5.05373
-5.08397
-5.12009
-5.15831
-5.19424
-5.22766
-5.25456
-5.27536
-5.28615
-5.28735
-5.28138
-5.2682
-5.24982
-5.22922
-5.20647
-5.18154
-5.1558
-5.13055
-5.10504
-5.08149
-5.05791
-5.03753
-5.01875
-5.00455
-4.99497
-4.99187
-4.99876
-5.01241
-5.0306
-5.05084
-5.07036
-5.08847
-5.10529
-5.11836
-5.12673
-5.12992
-5.12871
-5.12639
-5.1228
-5.1225
-5.12502
-5.1333
-5.14193
-5.15041
-5.15703
-5.1621
-5.16545
-5.16537
-5.16488
-5.16076
-5.15452
-5.14625
-5.13358
-5.11671
-5.10058
-5.08617
-5.07505
-5.06745
-5.0636
-5.06058
-5.05687
-5.05453
-5.05465
-5.05845
-5.06618
-5.07834
-5.08966
-5.10099
-5.11273
-5.12262
-5.13807
-5.15547
-5.17454
-5.19568
-5.21627
-5.23627
-5.25634
-5.27296
-5.28581
-5.29249
-5.29038
-5.28212
-5.26834
-5.25094
-5.2318
-5.21385
-5.19903
-5.18968
-5.1844
-5.18259
-5.1824
-5.184
-5.18273
-5.18108
-5.17698
-5.17264
-5.16584
-5.15878
-5.15082
-5.14331
-5.13637
-5.12847
-5.12278
-5.11928
-5.11507
-5.11258
-5.11273
-5.11486
-5.11865
-5.12502
-5.13309
-5.14217
-5.1488
-5.154
-5.15564
-5.15558
-5.15323
-5.1496
-5.14431
-5.13664
-5.12651
-5.11429
-5.10087
-5.08868
-5.07964
-5.07694
-5.07844
-5.087
-5.09879
-5.11106
-5.12258
-5.13073
-5.13524
-5.13544
-5.13546
-5.13592
-5.1375
-5.14521
-5.16001
-5.17817
-5.19869
-5.21671
-5.22754
-5.22912
-5.22347
-5.20849
-5.1876
-5.16303
-5.13885
-5.11598
-5.09996
-5.08953
-5.08341
-5.08156
-5.08477
-5.09362
-5.10657
-5.12287
-5.1417
-5.16141
-5.1792
-5.19406
-5.20535
-5.2131
-5.21864
-5.22171
-5.22325
-5.22563
-5.2298
-5.23588
-5.24097
-5.2418
-5.23855
-5.22942
-5.2153
-5.19824
-5.18269
-5.16828
-5.15883
-5.15474
-5.15397
-5.15743
-5.16477
-5.17445
-5.18497
-5.19672
-5.20874
-5.22255
-5.23882
-5.25526
-5.27299
-5.29159
-5.3092
-5.32522
-5.33626
-5.34062
-5.33917
-5.32954
-5.31239
-5.29024
-5.26163
-5.23203
-5.20175
-5.17502
-5.15075
-5.12869
-5.11046
-5.09472
-5.08189
-5.07054
-5.06152
-5.0557
-5.05128
-5.04884
-5.05077
-5.05639
-5.06592
-5.07962
-5.09632
-5.11682
-5.13823
-5.15746
-5.17458
-5.18854
-5.19583
-5.19835
-5.19637
-5.19202
-5.18823
-5.19035
-5.19839
-5.21315
-5.22933
-5.24503
-5.2575
-5.26844
-5.2783
-5.28674
-5.2942
-5.29955
-5.30102
-5.29813
-5.29152
-5.28341
-5.27466
-5.26587
-5.25774
-5.25165
-5.24945
-5.24936
-5.25
-5.24932
-5.24761
-5.24439
-5.23879
-5.23207
-5.22541
-5.21896
-5.21265
-5.2099
-5.20772
-5.208
-5.20962
-5.213
-5.21613
-5.22113
-5.2268
-5.23049
-5.2352
-5.23771
-5.23968
-5.24015
-5.23658
-5.22848
-5.21649
-5.20107
-5.1817
-5.16364
-5.14702
-5.13204
-5.1205
-5.11053
-5.09949
-5.08634
-5.07521
-5.06604
-5.06508
-5.07008
-5.08313
-5.10308
-5.12705
-5.15325
-5.17767
-5.19921
-5.21532
-5.22484
-5.22735
-5.22312
-5.21326
-5.20059
-5.18674
-5.17626
-5.16807
-5.16035
-5.15322
-5.14325
-5.13076
-5.11463
-5.09994
-5.08725
-5.08092
-5.08181
-5.09009
-5.10187
-5.11356
-5.12278
-5.12573
-5.1221
-5.11522
-5.10498
-5.09595
-5.09156
-5.09462
-5.10197
-5.10889
-5.11398
-5.11554
-5.11421
-5.11098
-5.10931
-5.11067
-5.11727
-5.12556
-5.1365
-5.14598
-5.15372
-5.15859
-5.16143
-5.16219
-5.16195
-5.15907
-5.15472
-5.1478
-5.14108
-5.13265
-5.12389
-5.11675
-5.11268
-5.11237
-5.11226
-5.11343
-5.1128
-5.11261
-5.11391
-5.11825
-5.12649
-5.13768
-5.14997
-5.16273
-5.17166
-5.17697
-5.17883
-5.17853
-5.17543
-5.17444
-5.17442
-5.17376
-5.17338
-5.17149
-5.169
-5.16665
-5.16486
-5.16312
-5.16068
-5.15815
-5.1514
-5.14076
-5.12877
-5.11768
-5.10681
-5.09997
-5.09753
-5.10221
-5.11154
-5.12343
-5.13889
-5.15569
-5.17284
-5.19072
-5.20724
-5.22065
-5.23058
-5.23587
-5.23537
-5.23092
-5.22272
-5.21389
-5.20378
-5.19636
-5.19065
-5.18815
-5.18713
-5.18555
-5.18362
-5.18079
-5.17674
-5.17003
-5.16226
-5.14861
-5.13249
-5.11254
-5.09186
-5.07004
-5.05478
-5.04601
-5.04506
-5.05094
-5.05917
-5.06956
-5.08233
-5.09968
-5.11995
-5.14023
-5.16133
-5.17992
-5.1947
-5.20484
-5.21017
-5.20792
-5.20091
-5.19002
-5.1776
-5.16484
-5.15874
-5.15901
-5.16686
-5.1851
-5.20891
-5.23684
-5.26628
-5.29261
-5.31314
-5.32713
-5.3336
-5.33157
-5.32042
-5.30102
-5.27168
-5.23485
-5.19203
-5.14581
-5.10019
-5.05846
-5.025
-5.0009
-4.98518
-4.9772
-4.97665
-4.98478
-5
-5.02355
-5.05301
-5.08268
-5.11128
-5.13768
-5.16096
-5.17878
-5.19239
-5.2004
-5.20293
-5.20141
-5.19596
-5.18718
-5.17746
-5.16904
-5.16573
-5.16613
-5.17153
-5.18193
-5.19288
-5.20591
-5.21719
-5.2274
-5.23333
-5.23514
-5.23159
-5.22295
-5.20968
-5.19253
-5.17242
-5.15375
-5.13576
-5.12379
-5.11987
-5.12432
-5.13406
-5.14431
-5.15104
-5.14738
-5.134
-5.11227
-5.08396
-5.05228
-5.02093
-4.99409
-4.97506
-4.96475
-4.96531
-4.97873
-5.00374
-5.03679
-5.07235
-5.10527
-5.13456
-5.1588
-5.17854
-5.19749
-5.21541
-5.23345
-5.25121
-5.26895
-5.28367
-5.29854
-5.31166
-5.32017
-5.32273
-5.32049
-5.31416
-5.30411
-5.29152
-5.27749
-5.26236
-5.24406
-5.22465
-5.20226
-5.18009
-5.15878
-5.13919
-5.12257
-5.11259
-5.10907
-5.11234
-5.12175
-5.13401
-5.14892
-5.1618
-5.17203
-5.18134
-5.18883
-5.19357
-5.19855
-5.19962
-5.20131
-5.20118
-5.19768
-5.19115
-5.18322
-5.17366
-5.16283
-5.15057
-5.13955
-5.12978
-5.12075
-5.1121
-5.10639
-5.10382
-5.10702
-5.11235
-5.12059
-5.12806
-5.13373
-5.1375
-5.13878
-5.13796
-5.13542
-5.12981
-5.1215
-5.11099
-5.09871
-5.08542
-5.07183
-5.06006
-5.05069
-5.04675
-5.04768
-5.05305
-5.06393
-5.07819
-5.09483
-5.11493
-5.13504
-5.15733
-5.1769
-5.19453
-5.21018
-5.22048
-5.22552
-5.22631
-5.22299
-5.21507
-5.20248
-5.18676
-5.16894
-5.14964
-5.13322
-5.11767
-5.10377
-5.09059
-5.0785
-5.06872
-5.06026
-5.05573
-5.0549
-5.05794
-5.06265
-5.06703
-5.07235
-5.07668
-5.08033
-5.08584
-5.09315
-5.10186
-5.11027
-5.11825
-5.12431
-5.12864
-5.13002
-5.12693
-5.12
-5.11162
-5.10116
-5.09173
-5.08521
-5.08375
-5.08671
-5.09557
-5.1106
-5.12865
-5.14676
-5.16412
-5.17801
-5.18652
-5.19024
-5.19214
-5.19133
-5.18984
-5.18799
-5.18508
-5.18408
-5.18264
-5.17913
-5.17416
-5.16668
-5.15853
-5.15173
-5.14826
-5.14922
-5.15269
-5.15888
-5.16164
-5.16185
-5.16158
-5.15995
-5.1607
-5.16182
-5.1638
-5.16632
-5.16858
-5.17094
-5.1736
-5.17719
-5.18012
-5.18633
-5.19515
-5.20382
-5.21518
-5.22426
-5.23387
-5.24121
-5.24769
-5.25243
-5.25265
-5.24983
-5.24281
-5.23186
-5.21806
-5.20312
-5.18933
-5.17805
-5.17037
-5.16675
-5.16725
-5.16783
-5.16871
-5.17009
-5.17487
-5.1765
-5.17875
-5.17787
-5.17326
-5.16242
-5.1477
-5.13154
-5.11678
-5.10576
-5.09921
-5.09742
-5.09848
-5.09915
-5.09821
-5.09597
-5.09205
-5.09008
-5.09502
-5.10607
-5.12597
-5.15247
-5.18141
-5.20929
-5.23152
-5.24638
-5.25457
-5.25272
-5.24429
-5.23077
-5.21395
-5.1959
-5.17997
-5.16702
-5.15946
-5.15796
-5.16185
-5.17216
-5.18819
-5.20829
-5.22773
-5.24661
-5.26262
-5.27228
-5.27725
-5.27573
-5.26834
-5.25658
-5.24175
-5.22345
-5.20539
-5.19177
-5.17998
-5.17268
-5.16849
-5.16751
-5.16792
-5.16992
-5.17091
-5.17209
-5.1716
-5.1687
-5.16449
-5.16
-5.15819
-5.16273
-5.17389
-5.19241
-5.216
-5.24323
-5.2702
-5.29353
-5.30936
-5.31848
-5.317
-5.30585
-5.28815
-5.26459
-5.23772
-5.21146
-5.18702
-5.1658
-5.15013
-5.13995
-5.13303
-5.13004
-5.12701
-5.12325
-5.12044
-5.11528
-5.10915
-5.10386
-5.09873
-5.09673
-5.09875
-5.1057
-5.1176
-5.13578
-5.1577
-5.18363
-5.21012
-5.23726
-5.26247
-5.2841
-5.29916
-5.30416
-5.29833
-5.28135
-5.25306
-5.21983
-5.18184
-5.1452
-5.11464
-5.0879
-5.06906
-5.05699
-5.05219
-5.05458
-5.0631
-5.07529
-5.08892
-5.10485
-5.12068
-5.13582
-5.14926
-5.16249
-5.17645
-5.1938
-5.21505
-5.24153
-5.27158
-5.30021
-5.32356
-5.33898
-5.34657
-5.34458
-5.33466
-5.31839
-5.30015
-5.28146
-5.26512
-5.25015
-5.23509
-5.22052
-5.20524
-5.18849
-5.17285
-5.15692
-5.14113
-5.12767
-5.11632
-5.11009
-5.10771
-5.1112
-5.11996
-5.13312
-5.14858
-5.1671
-5.18567
-5.20526
-5.22419
-5.24344
-5.26058
-5.27735
-5.29271
-5.30361
-5.31112
-5.31257
-5.30864
-5.29835
-5.28268
-5.25986
-5.23432
-5.20811
-5.18374
-5.16343
-5.15074
-5.14725
-5.15194
-5.16491
-5.18053
-5.19721
-5.21183
-5.22521
-5.23248
-5.23677
-5.23621
-5.22906
-5.21767
-5.20434
-5.1891
-5.17744
-5.17026
-5.1682
-5.17212
-5.17984
-5.18887
-5.20118
-5.21513
-5.23049
-5.24337
-5.25307
-5.25794
-5.2553
-5.24392
-5.22662
-5.20564
-5.18411
-5.163
-5.14684
-5.13907
-5.13616
-5.1411
-5.15003
-5.16161
-5.1736
-5.1868
-5.19954
-5.21138
-5.22286
-5.23391
-5.24146
-5.24555
-5.2475
-5.24971
-5.25253
-5.25803
-5.26734
-5.27768
-5.28823
-5.29603
-5.30088
-5.30102
-5.29711
-5.29153
-5.2848
-5.27835
-5.27317
-5.2687
-5.2658
-5.26125
-5.2557
-5.24768
-5.23774
-5.22449
-5.21029
-5.19292
-5.17544
-5.15705
-5.14007
-5.12503
-5.11354
-5.10529
-5.09928
-5.09645
-5.09625
-5.09672
-5.10161
-5.10714
-5.11402
-5.12005
-5.12641
-5.13104
-5.13603
-5.14094
-5.14513
-5.14976
-5.15351
-5.15496
-5.15419
-5.15086
-5.14469
-5.13526
-5.12366
-5.1138
-5.10705
-5.10278
-5.10384
-5.11121
-5.12383
-5.13953
-5.15504
-5.16881
-5.17778
-5.18442
-5.18854
-5.19312
-5.19862
-5.20542
-5.21055
-5.21562
-5.21736
-5.22017
-5.22606
-5.23522
-5.24646
-5.26007
-5.27344
-5.28231
-5.28564
-5.28147
-5.26936
-5.25199
-5.23048
-5.20499
-5.1775
-5.15322
-5.13142
-5.11223
-5.0976
-5.0892
-5.08705
-5.09166
-5.10194
-5.11838
-5.13563
-5.15209
-5.16402
-5.17158
-5.17213
-5.1687
-5.16244
-5.1583
-5.15296
-5.15207
-5.15324
-5.15514
-5.15467
-5.1524
-5.14883
-5.14535
-5.14297
-5.14235
-5.14199
-5.1431
-5.14416
-5.1455
-5.14667
-5.14691
-5.14639
-5.14498
-5.1432
-5.14436
-5.14828
-5.15281
-5.15803
-5.16433
-5.1702
-5.17533
-5.17965
-5.18249
-5.18392
-5.18442
-5.1845
-5.18737
-5.1923
-5.19907
-5.20607
-5.21042
-5.21252
-5.21326
-5.21373
-5.21491
-5.21647
-5.21988
-5.22167
-5.2212
-5.21667
-5.20812
-5.19405
-5.17309
-5.14932
-5.12343
-5.09965
-5.07903
-5.06736
-5.06428
-5.06984
-5.08245
-5.09928
-5.11537
-5.13021
-5.14073
-5.14433
-5.1429
-5.13634
-5.12661
-5.11639
-5.10591
-5.09726
-5.09069
-5.08511
-5.07988
-5.07522
-5.06922
-5.06133
-5.05503
-5.05
-5.04748
-5.04894
-5.05264
-5.05925
-5.06699
-5.07415
-5.08324
-5.09329
-5.10305
-5.11299
-5.12099
-5.12787
-5.13164
-5.13287
-5.12885
-5.12158
-5.11155
-5.1001
-5.08842
-5.07731
-5.06867
-5.06482
-5.06679
-5.07524
-5.09017
-5.11083
-5.13358
-5.15618
-5.17561
-5.18936
-5.20108
-5.20878
-5.21512
-5.22307
-5.23244
-5.24384
-5.25627
-5.26912
-5.27991
-5.2881
-5.29202
-5.28916
-5.27947
-5.26448
-5.2448
-5.22477
-5.20627
-5.19176
-5.1777
-5.16157
-5.14217
-5.1193
-5.09597
-5.07703
-5.06684
-5.06944
-5.08134
-5.09897
-5.11691
-5.13046
-5.13852
-5.14251
-5.14415
-5.14758
-5.15056
-5.15373
-5.15792
-5.16108
-5.16471
-5.16779
-5.16535
-5.15884
-5.1446
-5.12247
-5.09396
-5.06285
-5.03745
-5.02307
-5.02139
-5.03113
-5.04689
-5.06597
-5.08235
-5.09277
-5.09691
-5.09761
-5.0973
-5.09518
-5.09697
-5.10298
-5.11178
-5.12042
-5.12491
-5.12679
-5.12664
-5.12548
-5.12443
-5.12579
-5.12852
-5.13207
-5.13811
-5.14332
-5.14719
-5.15213
-5.1561
-5.15889
-5.15922
-5.158
-5.15474
-5.14738
-5.13564
-5.11945
-5.10071
-5.08046
-5.0622
-5.04753
-5.038
-5.03718
-5.04257
-5.05479
-5.0705
-5.09079
-5.11438
-5.13865
-5.16403
-5.18874
-5.21125
-5.22928
-5.24233
-5.24787
-5.24614
-5.23582
-5.21767
-5.1926
-5.16412
-5.13492
-5.10663
-5.08283
-5.06348
-5.05025
-5.0421
-5.0379
-5.0391
-5.04454
-5.05624
-5.07206
-5.08985
-5.10771
-5.12311
-5.13674
-5.14827
-5.15724
-5.16853
-5.17997
-5.19358
-5.2068
-5.21579
-5.22235
-5.22283
-5.21657
-5.20447
-5.1849
-5.1629
-5.13929
-5.11876
-5.1026
-5.09114
-5.0864
-5.08746
-5.09702
-5.11307
-5.13404
-5.15915
-5.18655
-5.21238
-5.23383
-5.2504
-5.26249
-5.26949
-5.27306
-5.27301
-5.27193
-5.26907
-5.26404
-5.25595
-5.24136
-5.22208
-5.19888
-5.17456
-5.15332
-5.13726
-5.12787
-5.12451
-5.12312
-5.12419
-5.12974
-5.13805
-5.14833
-5.16025
-5.1688
-5.17425
-5.17523
-5.1712
-5.1643
-5.15484
-5.14477
-5.13656
-5.13072
-5.12943
-5.1321
-5.13766
-5.1441
-5.14972
-5.15245
-5.15209
-5.14636
-5.13926
-5.13227
-5.12934
-5.13162
-5.13905
-5.14787
-5.15649
-5.16387
-5.17032
-5.17392
-5.17816
-5.18216
-5.18647
-5.19175
-5.19949
-5.20862
-5.2161
-5.22096
-5.22347
-5.2229
-5.22077
-5.21766
-5.21416
-5.21106
-5.20931
-5.20787
-5.20627
-5.20336
-5.19924
-5.19101
-5.1801
-5.16853
-5.15515
-5.14376
-5.13419
-5.12759
-5.12105
-5.11669
-5.11498
-5.11656
-5.12184
-5.13013
-5.13921
-5.14852
-5.1565
-5.16103
-5.16273
-5.16267
-5.15907
-5.15458
-5.14899
-5.14181
-5.13519
-5.12914
-5.12449
-5.12112
-5.1185
-5.11565
-5.11559
-5.11568
-5.11539
-5.11755
-5.11717
-5.11589
-5.11311
-5.11033
-5.10742
-5.10691
-5.11074
-5.12179
-5.13741
-5.15748
-5.17974
-5.19994
-5.21418
-5.22228
-5.22474
-5.22165
-5.21542
-5.20463
-5.19259
-5.18018
-5.16527
-5.14989
-5.13224
-5.11317
-5.09145
-5.06828
-5.04401
-5.02196
-5.00598
-4.99559
-4.99269
-4.99407
-4.99857
-5.00401
-5.00581
-5.00459
-4.99958
-4.99519
-4.99092
-4.98954
-4.99032
-4.99279
-4.99525
-4.99979
-5.00465
-5.01237
-5.02105
-5.03037
-5.04037
-5.05137
-5.06414
-5.08007
-5.0982
-5.11824
-5.13987
-5.15928
-5.17534
-5.18374
-5.18507
-5.178
-5.16549
-5.14669
-5.12459
-5.10429
-5.086
-5.0712
-5.06043
-5.05576
-5.05664
-5.06092
-5.07154
-5.08803
-5.1091
-5.13444
-5.15993
-5.18192
-5.1994
-5.21154
-5.21999
-5.22741
-5.23377
-5.23969
-5.24418
-5.24739
-5.25048
-5.2521
-5.25087
-5.24756
-5.24048
-5.23141
-5.21823
-5.20503
-5.19228
-5.18051
-5.17257
-5.16809
-5.16672
-5.16688
-5.16855
-5.168
-5.16357
-5.15403
-5.14193
-5.12576
-5.10957
-5.09535
-5.08764
-5.08797
-5.09641
-5.11235
-5.13471
-5.15899
-5.18746
-5.21373
-5.23562
-5.25427
-5.26501
-5.26732
-5.26185
-5.25128
-5.23718
-5.22404
-5.21526
-5.21099
-5.21461
-5.22163
-5.23196
-5.24002
-5.24359
-5.23945
-5.22573
-5.20339
-5.17121
-5.13507
-5.09696
-5.06054
-5.0282
-5.00088
-4.98345
-4.9756
-4.97564
-4.98454
-4.99942
-5.01916
-5.03977
-5.05896
-5.07509
-5.08764
-5.0971
-5.10393
-5.10785
-5.11214
-5.12032
-5.13061
-5.14449
-5.16171
-5.18056
-5.19809
-5.21346
-5.22402
-5.2276
-5.22571
-5.22063
-5.21452
-5.20754
-5.20579
-5.20777
-5.21248
-5.21914
-5.22642
-5.23069
-5.23501
-5.23708
-5.23758
-5.23429
-5.2259
-5.21289
-5.19557
-5.17299
-5.1506
-5.1317
-5.11858
-5.11235
-5.11259
-5.1183
-5.1266
-5.13591
-5.14532
-5.15149
-5.15444
-5.15381
-5.15071
-5.14493
-5.13916
-5.13368
-5.12938
-5.12713
-5.12604
-5.12806
-5.13159
-5.13858
-5.14878
-5.16131
-5.17132
-5.17899
-5.18468
-5.18462
-5.18073
-5.17487
-5.16824
-5.16399
-5.16182
-5.16324
-5.16638
-5.16914
-5.17065
-5.16851
-5.16529
-5.16525
-5.16648
-5.17151
-5.1795
-5.18705
-5.19279
-5.19663
-5.19802
-5.19713
-5.19504
-5.19283
-5.18948
-5.18795
-5.18614
-5.18274
-5.1779
-5.17157
-5.16514
-5.15922
-5.15619
-5.15442
-5.15362
-5.15396
-5.15432
-5.15797
-5.16379
-5.16935
-5.17724
-5.1866
-5.19274
-5.19731
-5.20141
-5.2034
-5.20273
-5.20141
-5.19814
-5.1939
-5.18666
-5.17821
-5.16951
-5.16065
-5.1567
-5.15539
-5.15533
-5.15505
-5.15142
-5.14361
-5.13163
-5.11924
-5.1064
-5.09738
-5.0954
-5.09978
-5.10878
-5.11812
-5.12721
-5.13674
-5.15041
-5.17016
-5.19396
-5.21934
-5.24247
-5.26347
-5.28363
-5.30467
-5.32322
-5.33483
-5.33858
-5.33089
-5.31258
-5.28601
-5.25385
-5.21882
-5.18547
-5.15647
-5.13425
-5.1194
-5.1122
-5.11072
-5.11375
-5.12132
-5.13332
-5.14523
-5.15733
-5.16914
-5.17781
-5.18403
-5.18884
-5.18952
-5.18478
-5.17536
-5.16149
-5.14476
-5.12834
-5.11216
-5.10033
-5.09305
-5.08889
-5.09006
-5.09234
-5.09724
-5.10294
-5.10978
-5.11745
-5.12472
-5.1296
-5.13269
-5.13336
-5.12894
-5.12066
-5.10998
-5.0994
-5.08805
-5.07885
-5.07223
-5.06812
-5.06893
-5.07333
-5.08099
-5.09099
-5.10243
-5.11193
-5.11889
-5.12436
-5.12754
-5.13118
-5.13433
-5.14066
-5.1503
-5.16077
-5.17395
-5.18928
-5.20523
-5.22138
-5.23719
-5.24919
-5.25545
-5.25272
-5.2408
-5.22133
-5.19788
-5.17254
-5.15086
-5.13444
-5.12509
-5.12168
-5.12236
-5.12616
-5.13047
-5.13383
-5.13478
-5.13396
-5.13193
-5.12977
-5.12625
-5.12242
-5.1196
-5.11635
-5.11453
-5.11571
-5.12133
-5.12972
-5.14122
-5.15344
-5.16692
-5.18233
-5.19827
-5.21176
-5.22627
-5.23799
-5.24603
-5.24858
-5.24454
-5.2367
-5.22406
-5.21018
-5.19417
-5.17935
-5.16573
-5.15411
-5.14364
-5.13823
-5.13439
-5.13085
-5.12748
-5.12426
-5.11944
-5.11394
-5.11017
-5.10954
-5.10954
-5.11
-5.11098
-5.11062
-5.1087
-5.10434
-5.1011
-5.09771
-5.0961
-5.10007
-5.11075
-5.12619
-5.14532
-5.16624
-5.18745
-5.20627
-5.222
-5.23402
-5.24094
-5.24238
-5.23767
-5.2308
-5.22254
-5.21636
-5.21408
-5.21766
-5.22484
-5.23442
-5.2455
-5.25852
-5.27174
-5.28436
-5.29626
-5.30465
-5.30912
-5.3096
-5.3046
-5.29424
-5.27869
-5.25894
-5.23655
-5.21513
-5.1989
-5.18678
-5.17695
-5.16568
-5.15072
-5.13644
-5.12453
-5.11637
-5.11602
-5.12127
-5.13192
-5.14699
-5.16231
-5.17798
-5.18991
-5.19961
-5.20432
-5.20337
-5.19859
-5.19021
-5.17951
-5.16997
-5.16565
-5.16878
-5.17988
-5.1973
-5.21885
-5.24109
-5.2593
-5.27279
-5.28127
-5.28186
-5.27701
-5.26816
-5.25822
-5.24927
-5.24386
-5.24285
-5.24508
-5.24962
-5.2514
-5.24955
-5.24513
-5.23866
-5.22953
-5.2197
-5.20982
-5.20262
-5.19749
-5.1956
-5.19743
-5.20413
-5.21454
-5.22702
-5.24041
-5.25214
-5.26314
-5.27339
-5.28241
-5.28855
-5.29119
-5.28958
-5.28568
-5.27923
-5.26955
-5.25839
-5.24687
-5.23477
-5.21997
-5.2032
-5.18299
-5.15814
-5.13077
-5.10402
-5.08472
-5.07684
-5.08079
-5.09173
-5.10859
-5.12626
-5.14515
-5.16338
-5.1787
-5.19085
-5.19943
-5.20452
-5.20666
-5.20599
-5.2048
-5.20165
-5.19747
-5.19407
-5.19128
-5.19038
-5.19259
-5.19653
-5.20216
-5.2082
-5.2132
-5.21528
-5.21223
-5.20719
-5.20063
-5.19534
-5.1907
-5.18878
-5.19082
-5.19584
-5.2004
-5.2035
-5.20163
-5.19416
-5.18548
-5.17481
-5.16547
-5.15871
-5.15686
-5.15728
-5.16136
-5.16613
-5.17191
-5.17979
-5.18863
-5.19522
-5.19855
-5.19524
-5.18724
-5.17324
-5.15787
-5.14289
-5.13179
-5.1229
-5.12076
-5.12266
-5.12482
-5.12677
-5.12928
-5.12884
-5.1263
-5.12368
-5.12089
-5.12076
-5.12313
-5.12984
-5.13852
-5.14966
-5.16133
-5.17263
-5.18183
-5.18652
-5.18794
-5.18525
-5.1813
-5.17755
-5.174
-5.17109
-5.16756
-5.16499
-5.16228
-5.15879
-5.15706
-5.15452
-5.15354
-5.15508
-5.15932
-5.16759
-5.18058
-5.1952
-5.21142
-5.2262
-5.23783
-5.24588
-5.24811
-5.24505
-5.23784
-5.22661
-5.21252
-5.19599
-5.17921
-5.16316
-5.14688
-5.13093
-5.11719
-5.10475
-5.09446
-5.08769
-5.08418
-5.08388
-5.0873
-5.09154
-5.09917
-5.10902
-5.11938
-5.13
-5.14028
-5.14727
-5.14982
-5.14725
-5.13555
-5.11915
-5.09805
-5.0818
-5.0733
-5.07575
-5.08275
-5.0898
-5.09507
-5.09601
-5.09514
-5.09063
-5.08543
-5.08074
-5.0782
-5.07772
-5.07948
-5.08097
-5.08099
-5.07891
-5.07684
-5.07479
-5.07382
-5.07655
-5.0818
-5.08807
-5.09407
-5.09797
-5.10086
-5.10133
-5.10013
-5.09867
-5.09622
-5.09499
-5.09511
-5.09798
-5.10128
-5.10485
-5.10661
-5.10674
-5.10594
-5.10573
-5.10831
-5.11309
-5.11835
-5.12207
-5.12419
-5.12186
-5.11925
-5.11876
-5.1205
-5.1232
-5.12616
-5.12632
-5.12349
-5.12215
-5.1234
-5.13116
-5.14474
-5.16106
-5.1771
-5.1888
-5.19482
-5.19334
-5.18567
-5.17223
-5.15672
-5.14004
-5.12321
-5.11065
-5.10325
-5.1024
-5.10896
-5.11883
-5.12943
-5.13925
-5.14658
-5.15
-5.15215
-5.15147
-5.14965
-5.14705
-5.14358
-5.13763
-5.13021
-5.11981
-5.10902
-5.09896
-5.09255
-5.08916
-5.09214
-5.10065
-5.11279
-5.12526
-5.13727
-5.1467
-5.15675
-5.16806
-5.17981
-5.19543
-5.21347
-5.23171
-5.24784
-5.26156
-5.27157
-5.27587
-5.27548
-5.27037
-5.26039
-5.24695
-5.23022
-5.21303
-5.19536
-5.18119
-5.17081
-5.1644
-5.15994
-5.15874
-5.15786
-5.15963
-5.16071
-5.16289
-5.16458
-5.16448
-5.16239
-5.15989
-5.15446
-5.14969
-5.14452
-5.14224
-5.14143
-5.14201
-5.14349
-5.14516
-5.14655
-5.14743
-5.1479
-5.1487
-5.15016
-5.15286
-5.15644
-5.16073
-5.1668
-5.17327
-5.17825
-5.18264
-5.18444
-5.18355
-5.17835
-5.17035
-5.16177
-5.15467
-5.15096
-5.15093
-5.15544
-5.16117
-5.16712
-5.17264
-5.17445
-5.17468
-5.17225
-5.16643
-5.15867
-5.1479
-5.13212
-5.11093
-5.08717
-5.0624
-5.04001
-5.02526
-5.02165
-5.03065
-5.04848
-5.07223
-5.0953
-5.11549
-5.1319
-5.14341
-5.15273
-5.16149
-5.17071
-5.1818
-5.19365
-5.20446
-5.21251
-5.21823
-5.22172
-5.22055
-5.21833
-5.2154
-5.21191
-5.20868
-5.20589
-5.20501
-5.20774
-5.21189
-5.21671
-5.22021
-5.22386
-5.22551
-5.22427
-5.2214
-5.21939
-5.21905
-5.22113
-5.2266
-5.23182
-5.23511
-5.23432
-5.2295
-5.21913
-5.2053
-5.19054
-5.17832
-5.17145
-5.1687
-5.1703
-5.17375
-5.17892
-5.18432
-5.1906
-5.19563
-5.20139
-5.20462
-5.20398
-5.20043
-5.19346
-5.18243
-5.17078
-5.15876
-5.14787
-5.14037
-5.13619
-5.1359
-5.13575
-5.13475
-5.13277
-5.12788
-5.11939
-5.11249
-5.10647
-5.10227
-5.0995
-5.09725
-5.09623
-5.09514
-5.09546
-5.09589
-5.09648
-5.09449
-5.09075
-5.08676
-5.0834
-5.08429
-5.09013
-5.10098
-5.11557
-5.1315
-5.14715
-5.15929
-5.16601
-5.16809
-5.16584
-5.16165
-5.15798
-5.15328
-5.14753
-5.13833
-5.12648
-5.11427
-5.10466
-5.10328
-5.10859
-5.11792
-5.12728
-5.13378
-5.1366
-5.14208
-5.15125
-5.16251
-5.17586
-5.18586
-5.19213
-5.19455
-5.19503
-5.19413
-5.19462
-5.19681
-5.2005
-5.20507
-5.20922
-5.21438
-5.21904
-5.2229
-5.22679
-5.2305
-5.23445
-5.23793
-5.23959
-5.2381
-5.23371
-5.22522
-5.21197
-5.19587
-5.17918
-5.16378
-5.1503
-5.13997
-5.13268
-5.12846
-5.1267
-5.12663
-5.12723
-5.12853
-5.12957
-5.12929
-5.13123
-5.13303
-5.13493
-5.13664
-5.13806
-5.13851
-5.13643
-5.13598
-5.13581
-5.13579
-5.1361
-5.13698
-5.13732
-5.13511
-5.13247
-5.13037
-5.13294
-5.13989
-5.15076
-5.16598
-5.18296
-5.19945
-5.21543
-5.22961
-5.24293
-5.25388
-5.26208
-5.26746
-5.26836
-5.26739
-5.26157
-5.25155
-5.23746
-5.22019
-5.20041
-5.17774
-5.15446
-5.13129
-5.10994
-5.09043
-5.07467
-5.06418
-5.06056
-5.06115
-5.06782
-5.07602
-5.08323
-5.08883
-5.09302
-5.09738
-5.10151
-5.1062
-5.11226
-5.12191
-5.13166
-5.14132
-5.15202
-5.16194
-5.17319
-5.18539
-5.19692
-5.20676
-5.2122
-5.21373
-5.21307
-5.20786
-5.2019
-5.19556
-5.1893
-5.18419
-5.17891
-5.17388
-5.16896
-5.16175
-5.1535
-5.14428
-5.13267
-5.12141
-5.10888
-5.09716
-5.08785
-5.07879
-5.06889
-5.05755
-5.04471
-5.03231
-5.02176
-5.01644
-5.01666
-5.0217
-5.03081
-5.04224
-5.05285
-5.06115
-5.06941
-5.07578
-5.08221
-5.08923
-5.09659
-5.10594
-5.11787
-5.13038
-5.14545
-5.16002
-5.17537
-5.18887
-5.19899
-5.20565
-5.2116
-5.2181
-5.22643
-5.2354
-5.2418
-5.24327
-5.23854
-5.22773
-5.21383
-5.19843
-5.18231
-5.16832
-5.15786
-5.14966
-5.14463
-5.14259
-5.14408
-5.1496
-5.15967
-5.17332
-5.18942
-5.20638
-5.22151
-5.23238
-5.23618
-5.23194
-5.21953
-5.20068
-5.17792
-5.15618
-5.13862
-5.12728
-5.1257
-5.13424
-5.14958
-5.1675
-5.18501
-5.19763
-5.20622
-5.21185
-5.21491
-5.2165
-5.2146
-5.2068
-5.19333
-5.17443
-5.15041
-5.12544
-5.09975
-5.07799
-5.05947
-5.04552
-5.03919
-5.04261
-5.05243
-5.07048
-5.09375
-5.11901
-5.14395
-5.16566
-5.18357
-5.19596
-5.20206
-5.20199
-5.1972
-5.18874
-5.17871
-5.1705
-5.16307
-5.15968
-5.16049
-5.16665
-5.17845
-5.19393
-5.21326
-5.23199
-5.24918
-5.26392
-5.2748
-5.28216
-5.28659
-5.2871
-5.28354
-5.27738
-5.26825
-5.25832
-5.24668
-5.23517
-5.22505
-5.21962
-5.21754
-5.21774
-5.21658
-5.2125
-5.20452
-5.1931
-5.17826
-5.16489
-5.15231
-5.1428
-5.13443
-5.12676
-5.11671
-5.10357
-5.08808
-5.0705
-5.05364
-5.03913
-5.03057
-5.03026
-5.03982
-5.06048
-5.09362
-5.13638
-5.18491
-5.23449
-5.28254
-5.32118
-5.34876
-5.36376
-5.36838
-5.36604
-5.36211
-5.36012
-5.3619
-5.36651
-5.36905
-5.36779
-5.36028
-5.34448
-5.32594
-5.30305
-5.27933
-5.25807
-5.23947
-5.2194
-5.19864
-5.17601
-5.15044
-5.12433
-5.1009
-5.0829
-5.07355
-5.0744
-5.0846
-5.10263
-5.12537
-5.15001
-5.17315
-5.1957
-5.21399
-5.2275
-5.23513
-5.23626
-5.2345
-5.22865
-5.22177
-5.21147
-5.19924
-5.18265
-5.16392
-5.1458
-5.13039
-5.12017
-5.11645
-5.11722
-5.12076
-5.12701
-5.13703
-5.14815
-5.16056
-5.1704
-5.17852
-5.18028
-5.1772
-5.17064
-5.15976
-5.14829
-5.1374
-5.13037
-5.12794
-5.13053
-5.13602
-5.14351
-5.15144
-5.15978
-5.16742
-5.17531
-5.1815
-5.18531
-5.18775
-5.18961
-5.18931
-5.18791
-5.18406
-5.17691
-5.16819
-5.15795
-5.1455
-5.13235
-5.1192
-5.10576
-5.09064
-5.07237
-5.05028
-5.02276
-4.99159
-4.95792
-4.92599
-4.89984
-4.88224
-4.87384
-4.87818
-4.89558
-4.92299
-4.95981
-5.00449
-5.05288
-5.10132
-5.14642
-5.18423
-5.21136
-5.22737
-5.23231
-5.22726
-5.21353
-5.19387
-5.17188
-5.15098
-5.13442
-5.12371
-5.11849
-5.11984
-5.12762
-5.14177
-5.16247
-5.18617
-5.2116
-5.23353
-5.25139
-5.26341
-5.27065
-5.27243
-5.27091
-5.26718
-5.26195
-5.25702
-5.25276
-5.24809
-5.2425
-5.23472
-5.22491
-5.21286
-5.19854
-5.18258
-5.16614
-5.15209
-5.14229
-5.1348
-5.13084
-5.1305
-5.13272
-5.13759
-5.14323
-5.14951
-5.15447
-5.15776
-5.16154
-5.16426
-5.16678
-5.17052
-5.17364
-5.17609
-5.17537
-5.16998
-5.15917
-5.14443
-5.12604
-5.10568
-5.08662
-5.07233
-5.06601
-5.07073
-5.08596
-5.11032
-5.14062
-5.16985
-5.19681
-5.22007
-5.23932
-5.25366
-5.26358
-5.2719
-5.27977
-5.28529
-5.29032
-5.29305
-5.29228
-5.28891
-5.28119
-5.27109
-5.25762
-5.24208
-5.22728
-5.21114
-5.19975
-5.19006
-5.1841
-5.18136
-5.18058
-5.18232
-5.18473
-5.18709
-5.18841
-5.18816
-5.18631
-5.18463
-5.18344
-5.18353
-5.18654
-5.19022
-5.19464
-5.19977
-5.20541
-5.21245
-5.22154
-5.23242
-5.24332
-5.25229
-5.25809
-5.26015
-5.25655
-5.25119
-5.24305
-5.2341
-5.22735
-5.22309
-5.22245
-5.22466
-5.23206
-5.24184
-5.2521
-5.26053
-5.26316
-5.26002
-5.24712
-5.22688
-5.19783
-5.16481
-5.13225
-5.10427
-5.08644
-5.08079
-5.08922
-5.11166
-5.1429
-5.17853
-5.21507
-5.25085
-5.28341
-5.31299
-5.33869
-5.35897
-5.37332
-5.38136
-5.38327
-5.3796
-5.3693
-5.3524
-5.33048
-5.30479
-5.27865
-5.25296
-5.22899
-5.20999
-5.19776
-5.19163
-5.19386
-5.20189
-5.21468
-5.23154
-5.24593
-5.25781
-5.26341
-5.26273
-5.25449
-5.23937
-5.21894
-5.19472
-5.16896
-5.14539
-5.12764
-5.11965
-5.12011
-5.13205
-5.14883
-5.16507
-5.18036
-5.19128
-5.19694
-5.19624
-5.19013
-5.18228
-5.17281
-5.1633
-5.15267
-5.14383
-5.13741
-5.13485
-5.13524
-5.13987
-5.14942
-5.1632
-5.18217
-5.20384
-5.2256
-5.24676
-5.26731
-5.28545
-5.3002
-5.31435
-5.32631
-5.33627
-5.34204
-5.34384
-5.33742
-5.32493
-5.30316
-5.27225
-5.23305
-5.18651
-5.13855
-5.09378
-5.06165
-5.04559
-5.04815
-5.06132
-5.07623
-5.08655
-5.09176
-5.09332
-5.09391
-5.09381
-5.0933
-5.09201
-5.09118
-5.08983
-5.08888
-5.0857
-5.08071
-5.07524
-5.07087
-5.06813
-5.07045
-5.07819
-5.09117
-5.10761
-5.1249
-5.1413
-5.15655
-5.16848
-5.18045
-5.19075
-5.19974
-5.20604
-5.2073
-5.20326
-5.19431
-5.17918
-5.1602
-5.13978
-5.12156
-5.10768
-5.09968
-5.09716
-5.10094
-5.10819
-5.11553
-5.12166
-5.12384
-5.12338
-5.12077
-5.11628
-5.11574
-5.12196
-5.13711
-5.15989
-5.18661
-5.21551
-5.24185
-5.2634
-5.27804
-5.28733
-5.28886
-5.28313
-5.26983
-5.25312
-5.23699
-5.23039
-5.23421
-5.24003
-5.23903
-5.22282
-5.19135
-5.14972
-5.10325
-5.05945
-5.02382
-5.00396
-4.99752
-5.00342
-5.01854
-5.03996
-5.06437
-5.08652
-5.10576
-5.12216
-5.13175
-5.13654
-5.13469
-5.12796
-5.11639
-5.10478
-5.09501
-5.08983
-5.08966
-5.09673
-5.10561
-5.11324
-5.11811
-5.11806
-5.11423
-5.11113
-5.11002
-5.11576
-5.12707
-5.14411
-5.16057
-5.17297
-5.18008
-5.18086
-5.17496
-5.16227
-5.14981
-5.13998
-5.13658
-5.14156
-5.15664
-5.17687
-5.2014
-5.22451
-5.24459
-5.25773
-5.26562
-5.26748
-5.26478
-5.25857
-5.25129
-5.24522
-5.24015
-5.23615
-5.23189
-5.22727
-5.22466
-5.22491
-5.22978
-5.23958
-5.25153
-5.26208
-5.26718
-5.26634
-5.2579
-5.24491
-5.22826
-5.21026
-5.19043
-5.16855
-5.14563
-5.12512
-5.10755
-5.09442
-5.08736
-5.0864
-5.08929
-5.09821
-5.10981
-5.12491
-5.14033
-5.15729
-5.17378
-5.18646
-5.19764
-5.20665
-5.21262
-5.21488
-5.21154
-5.20275
-5.18802
-5.17233
-5.15831
-5.15159
-5.15235
-5.16154
-5.17528
-5.19091
-5.2081
-5.22752
-5.25036
-5.27571
-5.29965
-5.31997
-5.33333
-5.33914
-5.33788
-5.33298
-5.32514
-5.31701
-5.30856
-5.29926
-5.28801
-5.27381
-5.25798
-5.2403
-5.22488
-5.2148
-5.21029
-5.20914
-5.21257
-5.22016
-5.23282
-5.2476
-5.26237
-5.27281
-5.27791
-5.2747
-5.26583
-5.25249
-5.23929
-5.23183
-5.22983
-5.23377
-5.24087
-5.24949
-5.25638
-5.26149
-5.26135
-5.25355
-5.23897
-5.22238
-5.20625
-5.19496
-5.19028
-5.19158
-5.19815
-5.20744
-5.21917
-5.22863
-5.23431
-5.23554
-5.23399
-5.23079
-5.22792
-5.22751
-5.22856
-5.22763
-5.22576
-5.21775
-5.20708
-5.19277
-5.17614
-5.15832
-5.14159
-5.12777
-5.11619
-5.10704
-5.10047
-5.09795
-5.09869
-5.10144
-5.10491
-5.10832
-5.11029
-5.10987
-5.10615
-5.10116
-5.0965
-5.09426
-5.09751
-5.10624
-5.12096
-5.13892
-5.15665
-5.17203
-5.18159
-5.18479
-5.18136
-5.17249
-5.16088
-5.14911
-5.1393
-5.13535
-5.13971
-5.15244
-5.17123
-5.19378
-5.21657
-5.235
-5.24689
-5.25292
-5.25318
-5.2492
-5.24259
-5.2357
-5.23017
-5.22645
-5.22424
-5.2229
-5.21971
-5.21563
-5.21064
-5.20788
-5.20774
-5.21007
-5.21804
-5.22763
-5.23789
-5.24358
-5.24252
-5.23418
-5.21844
-5.19618
-5.17156
-5.14683
-5.12355
-5.10787
-5.09698
-5.09135
-5.09007
-5.09049
-5.09055
-5.088
-5.07995
-5.06829
-5.05556
-5.04269
-5.03726
-5.04068
-5.05537
-5.07732
-5.1023
-5.12821
-5.15075
-5.16746
-5.17803
-5.18514
-5.18957
-5.19167
-5.19403
-5.19989
-5.20782
-5.21714
-5.22764
-5.23796
-5.25053
-5.26009
-5.26663
-5.26796
-5.26388
-5.25211
-5.23552
-5.21702
-5.19873
-5.18426
-5.17582
-5.17408
-5.17697
-5.18363
-5.1917
-5.19813
-5.20173
-5.20187
-5.19841
-5.19241
-5.18632
-5.18247
-5.1805
-5.18092
-5.18301
-5.18864
-5.19379
-5.19824
-5.19847
-5.19677
-5.19358
-5.18886
-5.18444
-5.18153
-5.18002
-5.18003
-5.18059
-5.18189
-5.18321
-5.18446
-5.18527
-5.18473
-5.18235
-5.17792
-5.17007
-5.15967
-5.14626
-5.13159
-5.11939
-5.10996
-5.10799
-5.11194
-5.12163
-5.1347
-5.15061
-5.16652
-5.18173
-5.1946
-5.20597
-5.21475
-5.22025
-5.22163
-5.22257
-5.22203
-5.22296
-5.22385
-5.22767
-5.23149
-5.23668
-5.242
-5.24659
-5.24987
-5.24962
-5.24714
-5.23846
-5.22864
-5.21486
-5.20045
-5.18722
-5.17229
-5.15832
-5.14329
-5.12916
-5.11624
-5.10574
-5.09623
-5.08958
-5.08281
-5.07617
-5.06997
-5.06049
-5.05277
-5.04425
-5.03544
-5.02625
-5.01565
-5.00584
-4.99759
-4.99233
-4.99281
-4.99872
-5.00999
-5.0242
-5.04096
-5.05876
-5.07784
-5.09509
-5.11164
-5.12457
-5.13639
-5.1467
-5.1556
-5.16354
-5.17156
-5.18014
-5.18763
-5.1919
-5.19264
-5.18606
-5.17377
-5.15415
-5.13189
-5.10905
-5.0884
-5.07538
-5.07004
-5.07317
