1.64454
1.63226
1.61456
1.59252
1.56741
1.54109
1.51578
1.4934
1.47494
1.46011
1.44767
1.43618
1.42499
1.41491
1.40838
1.4086
1.41805
1.43686
1.46252
1.49089
1.51792
1.54071
1.55797
1.56983
1.5775
1.58282
1.58759
1.59311
1.59989
1.60772
1.61603
1.62415
1.63156
1.63799
1.64348
1.64815
1.65208
1.65477
1.65521
1.65264
1.64779
1.64344
1.64354
1.6512
1.6668
1.68771
1.70968
1.72868
1.74214
1.74933
1.75115
1.7498
1.74827
1.74973
1.75645
1.76883
1.78511
1.80177
1.81451
1.81936
1.81379
1.79766
1.7735
1.74613
1.72115
1.70325
1.69489
1.69598
1.7043
1.71627
1.72784
1.73556
1.73769
1.73483
1.7292
1.72264
1.7146
1.70253
1.68392
1.65838
1.62853
1.59956
1.57769
1.56788
1.5719
1.58783
1.6111
1.63645
1.65946
1.67766
1.69043
1.69824
1.70155
1.70019
1.69354
1.68134
1.66439
1.64478
1.6255
1.60977
1.60006
1.59742
1.60123
1.60934
1.6185
1.62517
1.62665
1.62192
1.61191
1.59922
1.58733
1.57968
1.57877
1.58556
1.59943
1.61849
1.64013
1.66148
1.67993
1.69358
1.70153
1.7039
1.70164
1.69615
1.68885
1.68097
1.67331
1.66611
1.6592
1.65235
1.64575
1.64013
1.63657
1.63598
1.63847
1.64329
1.64911
1.65455
1.65845
1.66
1.65871
1.65443
1.64734
1.63799
1.62736
1.61683
1.60791
1.60184
1.59919
1.59954
1.60162
1.60387
1.60505
1.605
1.60482
1.60667
1.61271
1.62407
1.6402
1.65892
1.67736
1.6929
1.70394
1.71031
1.71309
1.71385
1.71375
1.71312
1.71157
1.70863
1.70456
1.70099
1.70044
1.70487
1.71435
1.72708
1.74076
1.75369
1.76522
1.77543
1.78475
1.79358
1.80215
1.81018
1.81663
1.81976
1.81748
1.8081
1.79121
1.76828
1.74261
1.7189
1.70201
1.69533
1.69928
1.71097
1.72554
1.73839
1.74707
1.75173
1.75391
1.75481
1.75433
1.75133
1.74481
1.73476
1.72246
1.71007
1.69991
1.69345
1.69063
1.68973
1.68784
1.68166
1.66861
1.6476
1.61986
1.58917
1.56147
1.54327
1.53928
1.55042
1.57356
1.60338
1.63477
1.6643
1.69006
1.71088
1.72575
1.73363
1.73385
1.72652
1.71294
1.69548
1.67707
1.66025
1.64633
1.63517
1.62567
1.61667
1.60748
1.59804
1.58883
1.58058
1.57412
1.57024
1.56963
1.57298
1.58112
1.59466
1.61337
1.63582
1.65943
1.68119
1.6983
1.70853
1.7105
1.70395
1.6899
1.67051
1.64826
1.6253
1.60306
1.58249
1.56448
1.54982
1.53902
1.53218
1.52931
1.53048
1.53592
1.5457
1.55948
1.57617
1.59407
1.61122
1.62606
1.63798
1.64755
1.6563
1.66586
1.67686
1.68858
1.69985
1.70983
1.71779
1.72228
1.72176
1.71587
1.70531
1.69076
1.6725
1.65123
1.62872
1.60777
1.59155
1.58255
1.58189
1.58951
1.60481
1.62678
1.6533
1.68067
1.7045
1.72147
1.7304
1.73187
1.72728
1.71781
1.70396
1.68586
1.66379
1.63878
1.61283
1.58867
1.56886
1.5545
1.54451
1.53679
1.53036
1.52659
1.52818
1.53698
1.55241
1.57151
1.59019
1.60484
1.61332
1.61511
1.61113
1.60316
1.59316
1.58268
1.57271
1.56387
1.55667
1.5516
1.54894
1.54872
1.55066
1.55437
1.5597
1.56707
1.57754
1.5924
1.61202
1.63505
1.6583
1.67747
1.68837
1.68844
1.67784
1.65975
1.63968
1.62358
1.61568
1.61729
1.6268
1.64065
1.65443
1.66378
1.66532
1.65737
1.64084
1.61957
1.59977
1.58814
1.58889
1.60159
1.62167
1.6432
1.6615
1.67424
1.68115
1.68328
1.68232
1.68003
1.67783
1.67657
1.67645
1.677
1.6773
1.67612
1.67227
1.66503
1.65456
1.64208
1.6297
1.61931
1.6113
1.60389
1.59417
1.57984
1.56046
1.53762
1.51443
1.49438
1.48012
1.4725
1.47039
1.47134
1.47261
1.47242
1.47092
1.4702
1.47321
1.48228
1.49804
1.51947
1.54464
1.57138
1.59779
1.62227
1.64386
1.6623
1.67784
1.69067
1.7006
1.70729
1.71084
1.71184
1.71077
1.7075
1.70159
1.69307
1.68312
1.6739
1.66748
1.66466
1.66426
1.66377
1.66047
1.65255
1.63969
1.62284
1.60329
1.58147
1.5568
1.5291
1.50031
1.47499
1.45884
1.45614
1.46785
1.49153
1.5232
1.55898
1.5952
1.62813
1.65418
1.67079
1.6771
1.67426
1.66561
1.65618
1.65055
1.64983
1.65076
1.64829
1.6388
1.62205
1.60108
1.58089
1.56603
1.55883
1.5595
1.56753
1.58211
1.60168
1.62337
1.64361
1.65922
1.66811
1.6696
1.6643
1.65407
1.64156
1.62963
1.62046
1.61489
1.61261
1.61271
1.6145
1.61776
1.62271
1.62962
1.63851
1.64901
1.66051
1.67232
1.68396
1.69501
1.70531
1.71488
1.72388
1.73237
1.73976
1.74431
1.74312
1.73294
1.7118
1.68046
1.64302
1.60542
1.57269
1.5474
1.53012
1.52071
1.5188
1.52393
1.53542
1.55202
1.57151
1.5914
1.60988
1.62575
1.63768
1.64412
1.64397
1.63737
1.62601
1.61266
1.60054
1.59238
1.58987
1.59354
1.60287
1.61669
1.63333
1.65098
1.66779
1.68203
1.69223
1.69726
1.69623
1.68853
1.6738
1.65219
1.62479
1.59426
1.56502
1.54224
1.5292
1.52497
1.52507
1.52474
1.52186
1.51744
1.5144
1.51569
1.52301
1.53647
1.5549
1.57629
1.59832
1.619
1.63725
1.65338
1.66868
1.68429
1.70003
1.71389
1.72264
1.72315
1.71365
1.69456
1.66868
1.64073
1.61625
1.59999
1.59459
1.5998
1.61314
1.63098
1.64943
1.66469
1.67344
1.67355
1.66444
1.64698
1.62313
1.59552
1.56711
1.54044
1.51702
1.49708
1.48031
1.46702
1.45891
1.45914
1.47097
1.49532
1.52911
1.56591
1.59905
1.62457
1.64223
1.65428
1.66348
1.6714
1.67827
1.68352
1.68655
1.68703
1.68514
1.68159
1.6773
1.67303
1.66907
1.66537
1.6618
1.65855
1.6562
1.6557
1.65766
1.66166
1.66605
1.6686
1.66757
1.66239
1.65372
1.64322
1.63314
1.62586
1.6232
1.62563
1.63218
1.64085
1.64942
1.65605
1.65945
1.65877
1.65341
1.64304
1.62777
1.60836
1.58642
1.56428
1.54483
1.53101
1.52513
1.52822
1.53978
1.55793
1.57976
1.60205
1.62186
1.637
1.64618
1.6489
1.64542
1.63682
1.62529
1.61427
1.60783
1.60925
1.6194
1.63593
1.65382
1.66707
1.67058
1.6617
1.64089
1.61173
1.58032
1.55366
1.53764
1.53484
1.54382
1.56029
1.57927
1.59669
1.60962
1.61589
1.6138
1.60234
1.58145
1.5525
1.51872
1.4855
1.45965
1.44683
1.44866
1.46224
1.48256
1.50532
1.52812
1.55019
1.57162
1.5926
1.61282
1.63133
1.64667
1.65714
1.66111
1.65736
1.64527
1.62523
1.59895
1.5697
1.54201
1.52102
1.51128
1.51562
1.53406
1.56339
1.59775
1.63048
1.65626
1.67254
1.67988
1.68119
1.68049
1.68157
1.68697
1.69762
1.713
1.73143
1.75062
1.76792
1.78081
1.78732
1.78644
1.77819
1.76331
1.74291
1.7181
1.69
1.65997
1.62981
1.60196
1.57918
1.56369
1.55635
1.55686
1.56513
1.58212
1.60812
1.63968
1.66937
1.68921
1.69434
1.68443
1.66334
1.63746
1.61311
1.59449
1.58377
1.58241
1.59136
1.6097
1.63406
1.66001
1.6839
1.70378
1.71939
1.73153
1.74157
1.75086
1.76009
1.76912
1.77718
1.78356
1.78827
1.79222
1.79698
1.80396
1.81353
1.82462
1.83468
1.84034
1.83834
1.82634
1.80359
1.77118
1.73175
1.68884
1.64601
1.60627
1.57197
1.54508
1.52732
1.52004
1.52384
1.53811
1.56111
1.5905
1.62428
1.66126
1.70086
1.74219
1.78329
1.82082
1.85072
1.86918
1.87367
1.86357
1.84025
1.80685
1.76779
1.72796
1.69175
1.66225
1.6408
1.6272
1.6203
1.61907
1.62314
1.63257
1.64693
1.66473
1.68379
1.70192
1.71699
1.72678
1.72954
1.72448
1.71187
1.69266
1.66789
1.63827
1.60414
1.56562
1.52307
1.47801
1.43465
1.40061
1.38432
1.38928
1.41111
1.44041
1.46773
1.48665
1.49461
1.49259
1.48413
1.47393
1.46654
1.46547
1.4725
1.48772
1.50982
1.53649
1.56468
1.59087
1.6114
1.62316
1.62418
1.61406
1.59421
1.56772
1.53886
1.51237
1.49254
1.48224
1.48209
1.49016
1.50283
1.51609
1.52686
1.53366
1.53639
1.53627
1.53603
1.53977
1.55156
1.573
1.60129
1.63026
1.65336
1.66659
1.66972
1.66579
1.65928
1.65413
1.65257
1.65485
1.65943
1.66335
1.66282
1.65454
1.63726
1.61297
1.58687
1.56551
1.55368
1.55179
1.55639
1.56283
1.56792
1.57083
1.57271
1.57557
1.58095
1.58901
1.59834
1.60671
1.61237
1.61462
1.61381
1.61059
1.60519
1.59724
1.58626
1.57251
1.55773
1.5451
1.53845
1.54092
1.55335
1.57345
1.5964
1.61645
1.62895
1.63157
1.62475
1.61114
1.59453
1.57879
1.56693
1.56051
1.55989
1.56466
1.5742
1.5877
1.60412
1.62193
1.63893
1.65243
1.65953
1.65798
1.6473
1.62959
1.6094
1.59205
1.58107
1.57684
1.5775
1.58072
1.58477
1.58885
1.59301
1.59799
1.60505
1.61554
1.63021
1.64835
1.66784
1.68597
1.70046
1.70975
1.71277
1.70885
1.69803
1.68178
1.66335
1.64734
1.6382
1.63824
1.64649
1.65946
1.673
1.68373
1.68957
1.68948
1.683
1.66979
1.64947
1.62257
1.59258
1.56735
1.55633
1.56409
1.58621
1.61311
1.63645
1.65197
1.65862
1.65685
1.64774
1.63269
1.61347
1.59235
1.57214
1.55588
1.54622
1.54446
1.55012
1.56133
1.57567
1.59093
1.60551
1.61819
1.62782
1.63324
1.63345
1.62799
1.6175
1.60399
1.59064
1.5814
1.57998
1.58882
1.60827
1.63631
1.66902
1.70177
1.73056
1.75294
1.76831
1.77747
1.78166
1.78178
1.77783
1.76908
1.75429
1.73213
1.70148
1.66172
1.61296
1.55671
1.49669
1.43937
1.3926
1.36234
1.35032
1.35532
1.37571
1.40998
1.45522
1.50636
1.55711
1.60184
1.63656
1.65912
1.66913
1.66811
1.65957
1.6481
1.63748
1.62975
1.62645
1.63003
1.64307
1.66632
1.69781
1.73357
1.76907
1.80039
1.82504
1.8421
1.85189
1.85544
1.85402
1.84881
1.84079
1.8306
1.81861
1.80505
1.79001
1.77359
1.75605
1.73786
1.71992
1.70361
1.69058
1.68237
1.67962
1.68161
1.68642
1.6916
1.69492
1.69497
1.69121
1.68405
1.67468
1.66479
1.65614
1.65011
1.6472
1.64667
1.64631
1.64306
1.63428
1.61915
1.59884
1.57551
1.55068
1.52461
1.49788
1.47459
1.4643
1.47736
1.51528
1.56798
1.62178
1.66703
1.69955
1.71875
1.72562
1.72147
1.70749
1.68497
1.65585
1.62324
1.59125
1.56423
1.54531
1.5357
1.53481
1.54094
1.55216
1.56667
1.58287
1.59929
1.61464
1.62805
1.63921
1.64814
1.65486
1.6595
1.66246
1.6646
1.66691
1.67
1.67386
1.67788
1.6813
1.68359
1.68477
1.68542
1.68644
1.68862
1.69217
1.69646
1.69994
1.70033
1.69514
1.68218
1.66034
1.6303
1.59499
1.55933
1.52864
1.5068
1.49562
1.49564
1.50693
1.52847
1.5572
1.58841
1.61756
1.64175
1.66016
1.67339
1.6825
1.68833
1.69107
1.69037
1.68573
1.67688
1.66397
1.64761
1.62868
1.60812
1.58679
1.56547
1.54509
1.52689
1.51285
1.50562
1.50788
1.52116
1.54464
1.57465
1.60566
1.63215
1.65014
1.65798
1.6563
1.64767
1.63572
1.62402
1.61498
1.60947
1.6071
1.60707
1.60886
1.61277
1.62012
1.63277
1.65195
1.67694
1.70491
1.73201
1.75459
1.76997
1.77658
1.77385
1.7622
1.7432
1.71983
1.69615
1.67629
1.6631
1.65702
1.65591
1.65591
1.65287
1.64363
1.62704
1.60448
1.57965
1.55713
1.53995
1.52837
1.52139
1.51856
1.51982
1.52436
1.53019
1.5351
1.53796
1.53911
1.53979
1.54144
1.54512
1.55142
1.56036
1.57131
1.58307
1.5943
1.6043
1.61318
1.62154
1.62982
1.6379
1.64523
1.65092
1.65403
1.65406
1.65117
1.64621
1.64029
1.63439
1.62909
1.62457
1.62077
1.61743
1.61407
1.6101
1.60492
1.5981
1.58974
1.58057
1.57175
1.56419
1.55799
1.55224
1.54608
1.54029
1.53795
1.54317
1.55819
1.58129
1.6076
1.632
1.65136
1.66502
1.67398
1.6798
1.68366
1.68627
1.68844
1.69162
1.69805
1.70907
1.72298
1.73508
1.7404
1.73622
1.72296
1.70364
1.68254
1.66365
1.6497
1.64232
1.64235
1.64923
1.66058
1.67284
1.6828
1.68879
1.69088
1.69025
1.68779
1.68329
1.67577
1.66464
1.65054
1.63531
1.62125
1.61013
1.60289
1.5995
1.59915
1.60036
1.60133
1.60053
1.59719
1.59118
1.5828
1.5728
1.56264
1.55446
1.55065
1.55328
1.56376
1.5826
1.60898
1.64056
1.67365
1.70423
1.72899
1.74599
1.75461
1.75495
1.74727
1.73189
1.70988
1.6838
1.65783
1.63722
1.62683
1.62953
1.64501
1.66989
1.69897
1.7269
1.74935
1.76346
1.76787
1.76245
1.74818
1.72705
1.70185
1.6757
1.65141
1.6308
1.61454
1.60249
1.59393
1.58771
1.58214
1.57534
1.56609
1.55499
1.54566
1.54495
1.55991
1.59167
1.63275
1.67189
1.70062
1.71542
1.71673
1.70717
1.68989
1.66782
1.64387
1.62128
1.60292
1.58995
1.5813
1.57452
1.5672
1.55808
1.54747
1.5369
1.52811
1.5222
1.51956
1.5204
1.52542
1.53544
1.55051
1.56917
1.58846
1.60499
1.61617
1.6211
1.62091
1.618
1.61537
1.61567
1.62057
1.63054
1.64495
1.66254
1.68182
1.70148
1.72049
1.73817
1.75417
1.76831
1.78042
1.79001
1.79623
1.79789
1.79388
1.78369
1.76797
1.74886
1.72975
1.71453
1.70631
1.70637
1.7137
1.72553
1.73823
1.74865
1.75484
1.75681
1.75629
1.756
1.75832
1.7641
1.77219
1.7798
1.78361
1.78111
1.77197
1.75849
1.74442
1.73273
1.72407
1.7167
1.70785
1.69574
1.68048
1.66349
1.64609
1.62879
1.61128
1.59317
1.57447
1.55564
1.53723
1.52006
1.50667
1.50279
1.51553
1.54674
1.58939
1.63304
1.67112
1.70238
1.72858
1.75187
1.77323
1.79187
1.80622
1.81474
1.81636
1.81014
1.79511
1.77049
1.7362
1.69344
1.645
1.59524
1.54957
1.51315
1.48907
1.47723
1.47467
1.47746
1.48292
1.49103
1.50354
1.52146
1.543
1.56446
1.58284
1.59751
1.60962
1.62008
1.62824
1.63225
1.63038
1.62214
1.60842
1.59141
1.57433
1.56093
1.55459
1.55767
1.5711
1.59436
1.6255
1.66118
1.69715
1.72941
1.75531
1.77395
1.78571
1.79158
1.79257
1.78952
1.78349
1.77635
1.77025
1.7663
1.76398
1.76222
1.76095
1.7613
1.76457
1.77102
1.77971
1.78911
1.79793
1.80538
1.81118
1.81529
1.81776
1.81859
1.81789
1.81607
1.81371
1.81125
1.80869
1.80541
1.80045
1.79301
1.78304
1.77159
1.76067
1.75237
1.74798
1.74752
1.74997
1.75336
1.75509
1.75242
1.7433
1.72703
1.70446
1.67756
1.64889
1.62132
1.5977
1.58066
1.57205
1.57238
1.58035
1.59295
1.60664
1.61863
1.62756
1.63353
1.63771
1.64185
1.64774
1.65662
1.66857
1.68227
1.6953
1.70501
1.70926
1.70681
1.69721
1.68056
1.65746
1.62936
1.59943
1.5725
1.55292
1.54173
1.53638
1.5336
1.53207
1.53277
1.53768
1.54818
1.56376
1.58181
1.59847
1.61033
1.61611
1.61736
1.6177
1.62079
1.62895
1.64267
1.66118
1.6828
1.70529
1.72626
1.74345
1.75509
1.76032
1.75958
1.75469
1.74843
1.74344
1.74116
1.74123
1.74182
1.74075
1.73648
1.72882
1.71892
1.70867
1.69988
1.69352
1.68941
1.68639
1.68295
1.67785
1.67043
1.66067
1.6492
1.63725
1.62633
1.61773
1.61208
1.60908
1.60754
1.6059
1.60295
1.59839
1.59319
1.58898
1.58735
1.58892
1.59322
1.59916
1.60588
1.61302
1.62046
1.62787
1.63469
1.64026
1.64405
1.6458
1.64559
1.64368
1.64032
1.63584
1.63088
1.62661
1.6246
1.62622
1.63177
1.64026
1.64979
1.65836
1.66449
1.66746
1.6671
1.6634
1.65627
1.64551
1.63096
1.61277
1.59158
1.56863
1.54553
1.52399
1.50541
1.49082
1.48087
1.47562
1.47453
1.47718
1.48376
1.49486
1.51069
1.53069
1.55358
1.57791
1.60268
1.62758
1.65259
1.67728
1.70028
1.7193
1.73168
1.73512
1.7284
1.7117
1.6866
1.6558
1.62254
1.5902
1.56189
1.54009
1.52586
1.5184
1.51572
1.51611
1.51881
1.52361
1.5301
1.53736
1.54428
1.55017
1.55525
1.56054
1.56721
1.57569
1.58525
1.59419
1.60077
1.60383
1.60314
1.59921
1.59299
1.58549
1.57749
1.56949
1.56184
1.55509
1.55018
1.54818
1.55002
1.55601
1.56561
1.57748
1.58979
1.60078
1.60928
1.61478
1.6172
1.6164
1.61202
1.6037
1.59157
1.57672
1.56112
1.54709
1.53662
1.53077
1.52927
1.53042
1.53178
1.53139
1.52899
1.5263
1.52615
1.53098
1.54159
1.55698
1.57517
1.59413
1.61242
1.62919
1.644
1.65666
1.6671
1.67538
1.68179
1.68671
1.6903
1.6922
1.69151
1.68716
1.67839
1.66508
1.64777
1.62757
1.60587
1.58438
1.56517
1.55061
1.54329
1.5459
1.56061
1.58785
1.6248
1.66557
1.70321
1.73197
1.74854
1.75222
1.74447
1.72844
1.70832
1.6887
1.67359
1.66569
1.66564
1.67187
1.68097
1.6891
1.69334
1.6928
1.6888
1.68426
1.68239
1.68536
1.69365
1.70665
1.72383
1.74532
1.77103
1.79942
1.82708
1.84993
1.86504
1.87136
1.86904
1.85866
1.84133
1.81921
1.79527
1.77172
1.74827
1.72264
1.69345
1.66265
1.63557
1.61821
1.6136
1.61997
1.63206
1.64421
1.65273
1.65673
1.65762
1.65793
1.65997
1.66472
1.67126
1.67716
1.67894
1.67333
1.65839
1.63474
1.60586
1.5773
1.55498
1.54351
1.54523
1.5601
1.58614
1.61994
1.65749
1.69488
1.72879
1.75662
1.77618
1.7856
1.78361
1.77016
1.74704
1.71797
1.68807
1.66255
1.64495
1.63599
1.63372
1.63489
1.63666
1.63746
1.63676
1.6345
1.63076
1.62598
1.62128
1.61829
1.61823
1.62143
1.62742
1.63542
1.64449
1.65333
1.66005
1.66226
1.6576
1.64485
1.62497
1.60145
1.579
1.56101
1.54799
1.53881
1.53281
1.53104
1.5354
1.54667
1.5629
1.57972
1.59229
1.59722
1.59376
1.58395
1.57203
1.56317
1.56143
1.56792
1.58045
1.59483
1.60709
1.61478
1.61749
1.61635
1.61324
1.6099
1.60752
1.60676
1.60754
1.60868
1.60796
1.60325
1.59384
1.58085
1.56668
1.55367
1.54321
1.53566
1.5311
1.53016
1.53403
1.54339
1.55765
1.57473
1.59212
1.60801
1.62177
1.63388
1.64523
1.65644
1.6675
1.67772
1.68614
1.69206
1.69544
1.69716
1.69903
1.70318
1.71111
1.72268
1.73582
1.74737
1.75426
1.75438
1.74684
1.73188
1.71041
1.6838
1.65367
1.62212
1.59191
1.56604
1.54652
1.53349
1.52582
1.52235
1.52192
1.52267
1.5225
1.52063
1.51882
1.52121
1.53246
1.55512
1.58768
1.62505
1.66097
1.69052
1.71141
1.724
1.73068
1.73507
1.74109
1.75136
1.76572
1.78068
1.79067
1.79024
1.7758
1.74627
1.70271
1.64775
1.58501
1.51898
1.45496
1.39919
1.35908
1.34217
1.35165
1.38207
1.4218
1.46031
1.49248
1.51799
1.53884
1.55747
1.57522
1.59191
1.60612
1.61642
1.62286
1.6277
1.63474
1.64709
1.66521
1.68672
1.70809
1.72633
1.73983
1.74815
1.75157
1.75052
1.74552
1.73756
1.7283
1.71956
1.71233
1.70624
1.69985
1.69178
1.68155
1.66971
1.65736
1.64565
1.63538
1.62689
1.62008
1.61437
1.60898
1.60327
1.59722
1.5914
1.58666
1.58339
1.58087
1.57744
1.57146
1.56273
1.55308
1.5454
1.54148
1.54082
1.54132
1.54111
1.53977
1.5383
1.53804
1.53986
1.54394
1.55025
1.55912
1.57137
1.58788
1.60873
1.63263
1.65721
1.67976
1.69804
1.71065
1.71717
1.71788
1.71352
1.70492
1.69269
1.67731
1.6593
1.63974
1.62059
1.60451
1.59408
1.59079
1.59466
1.60488
1.62055
1.64096
1.66552
1.69343
1.72362
1.7547
1.78484
1.81191
1.8336
1.84774
1.8526
1.8472
1.83165
1.80759
1.7781
1.74705
1.71806
1.6937
1.67492
1.66102
1.65011
1.63983
1.62818
1.61389
1.59671
1.57747
1.55821
1.54206
1.53236
1.53091
1.53683
1.54714
1.5589
1.57112
1.58467
1.60048
1.61799
1.63474
1.64795
1.65603
1.6591
1.65846
1.65538
1.6505
1.64409
1.63682
1.63038
1.62727
1.62984
1.63893
1.65301
1.66867
1.68196
1.68987
1.69114
1.68656
1.6789
1.67157
1.66667
1.66431
1.66352
1.66352
1.66394
1.6644
1.6641
1.66204
1.65743
1.65009
1.64049
1.62943
1.61764
1.60571
1.59419
1.5837
1.5747
1.56741
1.56179
1.55781
1.55544
1.55472
1.55564
1.55824
1.5626
1.56906
1.57799
1.58942
1.60285
1.61731
1.6315
1.64406
1.6538
1.6595
1.6599
1.65363
1.63967
1.61819
1.59164
1.56549
1.54671
1.53991
1.54424
1.55434
1.56446
1.57153
1.57551
1.57811
1.5812
1.58605
1.59306
1.60188
1.61153
1.62049
1.62698
1.62925
1.62618
1.61758
1.60464
1.58967
1.57559
1.56516
1.56034
1.56185
1.5689
1.5797
1.59231
1.6051
1.61663
1.62534
1.63002
1.63027
1.62671
1.62065
1.61355
1.60666
1.60101
1.59742
1.59645
1.59829
1.60271
1.60898
1.61629
1.62416
1.6327
1.64234
1.65286
1.66282
1.67013
1.67319
1.67194
1.66812
1.66448
1.66325
1.66489
1.66836
1.67231
1.67625
1.68102
1.68805
1.69801
1.70967
1.7203
1.72697
1.72777
1.7222
1.71079
1.69435
1.67325
1.64725
1.61594
1.57977
1.54093
1.50374
1.47379
1.45624
1.45407
1.46704
1.49171
1.52289
1.55589
1.5882
1.61991
1.65243
1.68667
1.72157
1.75402
1.7802
1.79685
1.80217
1.79592
1.7792
1.75423
1.72394
1.69165
1.66063
1.63423
1.61603
1.60941
1.61609
1.63492
1.66245
1.69467
1.72822
1.76056
1.78938
1.81234
1.82712
1.83189
1.82612
1.81137
1.79149
1.77159
1.75589
1.74628
1.74207
1.74109
1.74063
1.73789
1.73037
1.71633
1.69507
1.66696
1.63355
1.59757
1.56278
1.53346
1.51311
1.50334
1.5036
1.51201
1.5265
1.54543
1.56742
1.59059
1.61224
1.62926
1.63933
1.64183
1.63795
1.63007
1.62078
1.61217
1.60555
1.60155
1.60046
1.60249
1.60772
1.61587
1.62611
1.6371
1.64728
1.65521
1.65988
1.66078
1.65769
1.6506
1.63968
1.62541
1.60873
1.59115
1.57475
1.56198
1.55529
1.55646
1.56586
1.58232
1.6035
1.62675
1.64956
1.66969
1.6856
1.69666
1.70328
1.70656
1.70769
1.70728
1.70509
1.70011
1.69135
1.67859
1.66262
1.6449
1.62679
1.6091
1.59214
1.5763
1.5627
1.55334
1.55026
1.55419
1.56373
1.57585
1.58695
1.59363
1.5933
1.58462
1.56812
1.54662
1.52493
1.50853
1.50177
1.50623
1.52056
1.5415
1.56548
1.58982
1.61332
1.6363
1.65971
1.68375
1.70715
1.72761
1.743
1.75231
1.75592
1.75512
1.75129
1.74509
1.73626
1.72416
1.7087
1.69086
1.67245
1.65556
1.64182
1.63248
1.62867
1.63102
1.63866
1.64916
1.65963
1.66778
1.67196
1.67103
1.6641
1.65116
1.63355
1.6141
1.59622
1.58244
1.57303
1.5661
1.55945
1.55247
1.54642
1.54343
1.5454
1.55332
1.56737
1.58697
1.61098
1.63754
1.66433
1.68901
1.70979
1.72579
1.7371
1.74448
1.74893
1.75131
1.75224
1.75232
1.75219
1.75248
1.75309
1.75282
1.74961
1.74137
1.72674
1.70589
1.68134
1.65848
1.64356
1.639
1.64172
1.6467
1.65108
1.65472
1.65869
1.66404
1.67107
1.67922
1.68758
1.69539
1.70219
1.70734
1.7094
1.70588
1.6937
1.67065
1.63712
1.59738
1.55925
1.53247
1.52591
1.54386
1.58254
1.63153
1.6799
1.72104
1.75276
1.7749
1.78741
1.79003
1.78272
1.7664
1.74363
1.71846
1.69555
1.67861
1.66926
1.66706
1.67057
1.67827
1.68895
1.70145
1.71416
1.725
1.73209
1.73444
1.73202
1.72519
1.71436
1.70008
1.6833
1.66565
1.64946
1.63759
1.63269
1.63627
1.64802
1.6657
1.68595
1.70509
1.71995
1.72836
1.72945
1.72372
1.71238
1.69641
1.67594
1.65055
1.62035
1.58703
1.5542
1.52654
1.50815
1.5011
1.50487
1.517
1.53435
1.55426
1.57494
1.59533
1.6149
1.63327
1.65004
1.66461
1.67612
1.68377
1.68731
1.68765
1.68687
1.68734
1.69035
1.69549
1.70102
1.70495
1.70563
1.70202
1.69392
1.68202
1.66786
1.65318
1.63912
1.62584
1.61286
1.59997
1.58816
1.57957
1.57673
1.58144
1.5938
1.6118
1.63156
1.64809
1.65625
1.65196
1.63365
1.60416
1.57125
1.5444
1.52856
1.52147
1.51816
1.51607
1.51592
1.51978
1.52909
1.54393
1.56345
1.58652
1.61193
1.63791
1.66185
1.68076
1.6922
1.69509
1.68993
1.67846
1.66336
1.64767
1.63425
1.62514
1.62101
1.6212
1.62433
1.62928
1.63551
1.64295
1.65147
1.66072
1.66994
1.67816
1.68446
1.68826
1.6895
1.68858
1.68578
1.68062
1.67177
1.65781
1.63875
1.61724
1.59861
1.58923
1.59327
1.61002
1.63411
1.65857
1.67793
1.68955
1.69306
1.68922
1.67904
1.66379
1.64515
1.62524
1.60598
1.58842
1.57245
1.55735
1.54283
1.52988
1.52085
1.51856
1.52508
1.5407
1.56354
1.5904
1.61767
1.64219
1.66156
1.67434
1.68027
1.68032
1.67628
1.67011
1.66295
1.65459
1.64385
1.62944
1.61118
1.59099
1.57271
1.56052
1.5567
1.56056
1.5699
1.58326
1.60103
1.62449
1.65396
1.68749
1.72119
1.75033
1.77049
1.77802
1.77047
1.74704
1.7091
1.66035
1.60657
1.55451
1.5101
1.47679
1.45543
1.44531
1.44491
1.45197
1.46358
1.47687
1.48968
1.5009
1.51038
1.51866
1.52668
1.53561
1.54663
1.56095
1.57981
1.6041
1.63341
1.66547
1.69662
1.72328
1.7431
1.75513
1.75943
1.75652
1.74707
1.73176
1.71153
1.68771
1.66186
1.63565
1.61086
1.58948
1.5731
1.56206
1.55534
1.55181
1.55158
1.55639
1.56894
1.59093
1.6213
1.656
1.68965
1.71758
1.73656
1.74483
1.7417
1.72749
1.70349
1.67173
1.63457
1.59451
1.5545
1.51811
1.48867
1.46762
1.45367
1.44364
1.43444
1.42442
1.41372
1.40377
1.39657
1.39401
1.39705
1.40535
1.41759
1.43263
1.45017
1.47055
1.49407
1.52061
1.54935
1.57899
1.60795
1.63483
1.65863
1.6786
1.6937
1.70216
1.70187
1.69142
1.6713
1.64441
1.61559
1.59049
1.574
1.56901
1.57572
1.59171
1.61255
1.63293
1.64811
1.65522
1.65418
1.64779
1.64081
1.63805
1.64251
1.65431
1.67093
1.68827
1.70272
1.71278
1.71922
1.72385
1.72817
1.73265
1.73677
1.73927
1.7387
1.73376
1.7236
1.70775
1.68606
1.65881
1.6272
1.59393
1.5631
1.53874
1.52308
1.51575
1.51466
1.51725
1.52151
1.5266
1.53299
1.54208
1.55533
1.57326
1.59454
1.616
1.63362
1.644
1.64552
1.63852
1.62483
1.60736
1.58957
1.57472
1.56488
1.56004
1.55815
1.55634
1.55225
1.54496
1.53505
1.52426
1.51464
1.50777
1.50435
1.5042
1.50706
1.51296
1.52221
1.535
1.55109
1.5699
1.59088
1.61343
1.63679
1.65989
1.6813
1.6995
1.71315
1.72129
1.72337
1.71919
1.70886
1.69293
1.67264
1.6501
1.62829
1.61056
1.59934
1.59451
1.59313
1.59086
1.58424
1.57209
1.5559
1.53932
1.52694
1.52279
1.52884
1.54396
1.56436
1.58512
1.6023
1.61428
1.62177
1.62665
1.63045
1.63368
1.63619
1.6381
1.64014
1.64342
1.64848
1.65482
1.66098
1.66545
1.66752
1.66775
1.66762
1.66874
1.67186
1.67639
1.6807
1.68287
1.68155
1.67633
1.66775
1.65701
1.64549
1.63417
1.6232
1.61181
1.59876
1.58356
1.56755
1.55398
1.54672
1.54822
1.55828
1.57435
1.59284
1.61033
1.62416
1.63275
1.63592
1.63497
1.63234
1.63054
1.63083
1.63247
1.63339
1.63181
1.62733
1.62097
1.61441
1.60942
1.60768
1.61063
1.61919
1.63295
1.6501
1.66813
1.68453
1.69675
1.702
1.69746
1.68138
1.65394
1.61762
1.57696
1.53803
1.5075
1.49105
1.49142
1.50717
1.53349
1.56461
1.59608
1.62561
1.65246
1.67645
1.69726
1.71421
1.72649
1.73352
1.73498
1.73087
1.72135
1.70674
1.68782
1.66606
1.64386
1.6242
1.61007
1.60366
1.60599
1.61685
1.6349
1.65795
1.6832
1.70745
1.72762
1.74133
1.7472
1.74484
1.73456
1.71717
1.69369
1.66539
1.63381
1.60109
1.57034
1.54554
1.53075
1.52866
1.53914
1.55915
1.58389
1.60854
1.62938
1.6442
1.65225
1.65422
1.65198
1.6479
1.64395
1.64109
1.63939
1.6387
1.63902
1.64035
1.64267
1.64586
1.65002
1.65546
1.66223
1.66954
1.67572
1.67868
1.67667
1.66881
1.65507
1.63623
1.6138
1.59018
1.56889
1.55426
1.55025
1.55893
1.57951
1.60881
1.64258
1.67678
1.70799
1.73347
1.75097
1.75897
1.75698
1.74568
1.72643
1.70042
1.66862
1.63264
1.59558
1.56208
1.53689
1.52312
1.52196
1.53322
1.5549
1.58218
1.60829
1.62722
1.63565
1.63284
1.61976
1.59876
1.57368
1.54969
1.53192
1.52334
1.52342
1.52926
1.5378
1.54716
1.55649
1.56504
1.57172
1.57528
1.57476
1.56994
1.56133
1.54974
1.53578
1.5197
1.50199
1.48447
1.47126
1.46723
1.47382
1.4875
1.50366
1.52107
1.54205
1.56956
1.6044
1.64443
1.68552
1.72341
1.75515
1.77952
1.79643
1.80593
1.80764
1.80103
1.78627
1.76527
1.74209
1.72196
1.70911
1.70491
1.70761
1.71385
1.72056
1.72619
1.73087
1.73565
1.74112
1.74678
1.75113
1.75238
1.74926
1.74137
1.72933
1.7146
1.69928
1.68548
1.67485
1.66836
1.66645
1.66912
1.67552
1.68357
1.69098
1.69648
1.70032
1.70365
1.70758
1.71242
1.71762
1.7221
1.72451
1.72315
1.71583
1.70018
1.67485
1.64086
1.60204
1.56398
1.53256
1.51277
1.50817
1.52039
1.54817
1.58657
1.62856
1.66776
1.7003
1.72464
1.74057
1.74831
1.74821
1.74086
1.72781
1.71156
1.69512
1.68113
1.67133
1.66633
1.66569
1.66796
1.67087
1.67198
1.66947
1.6626
1.65184
1.63851
1.62423
1.61063
1.59919
1.59125
1.58804
1.59063
1.59967
1.61504
1.63575
1.66011
1.68602
1.71106
1.73284
1.74943
1.75975
1.76388
1.76283
1.75802
1.75068
1.74146
1.73064
1.71866
1.70634
1.69504
1.68631
1.68146
1.6813
1.68591
1.6945
1.7056
1.71737
1.72779
1.73491
1.73693
1.73242
1.72093
1.70383
1.68477
1.66901
1.66166
1.66562
1.68061
1.70373
1.73103
1.75876
1.78388
1.80422
1.81824
1.82495
1.82395
1.81544
1.80015
1.77915
1.75385
1.72607
1.6981
1.67242
1.65114
1.63527
1.62456
1.61763
1.6125
1.60699
1.59915
1.58759
1.57174
1.55202
1.53027
1.50969
1.49443
1.48816
1.49233
1.50553
1.52452
1.54611
1.56838
1.59042
1.6112
1.62901
1.642
1.64923
1.65101
1.6485
1.64316
1.63625
1.62861
1.62056
1.61204
1.60321
1.59495
1.58895
1.58697
1.58991
1.59709
1.60632
1.61479
1.62013
1.62106
1.61752
1.61036
1.601
1.5911
1.58235
1.57637
1.57468
1.57873
1.58951
1.60707
1.62997
1.65518
1.67866
1.69646
1.70556
1.70464
1.6943
1.67713
1.65736
1.63998
1.62949
1.62847
1.63718
1.654
1.67637
1.70153
1.72654
1.74838
1.7639
1.7705
1.76695
1.75404
1.73459
1.7127
1.69253
1.67695
1.66713
1.66252
1.66142
1.66159
1.66106
1.65859
1.65418
1.64915
1.64567
1.64603
1.65166
1.66253
1.67708
1.69277
1.70696
1.71771
1.7242
1.72676
1.72633
1.72398
1.72044
1.71595
1.71047
1.70389
1.69633
1.68831
1.68061
1.67387
1.66837
1.66406
1.66092
1.659
1.6583
1.65828
1.65784
1.65563
1.65077
1.64335
1.63464
1.62658
1.62098
1.61881
1.61989
1.62326
1.62751
1.63124
1.63332
1.63301
1.63015
1.62506
1.61866
1.61213
1.60648
1.60228
1.59972
1.59905
1.60076
1.60509
1.61145
1.61852
1.62481
1.6291
1.63047
1.6281
1.62127
1.6092
1.59123
1.56691
1.53642
1.50129
1.46515
1.4338
1.41369
1.40871
1.41757
1.43451
1.45281
1.46816
1.48013
1.49151
1.50591
1.5253
1.54905
1.57507
1.60139
1.62674
1.65016
1.6707
1.68755
1.70057
1.71017
1.71678
1.72051
1.72138
1.71967
1.71602
1.71107
1.70525
1.69863
1.69112
1.68279
1.67427
1.66687
1.6625
1.66305
1.66964
1.6821
1.69878
1.71703
1.734
1.74731
1.75571
1.75906
1.75813
1.7543
1.74906
1.74363
1.73867
1.73422
1.72999
1.72582
1.72183
1.71846
1.71614
1.715
1.71463
1.71414
1.71257
1.70926
1.7044
1.69918
1.69546
1.69483
1.6977
1.70298
1.70874
1.71321
1.71554
1.71603
1.71539
1.71421
1.71228
1.70875
1.70266
1.6936
1.68219
1.67015
1.66002
1.65421
1.65395
1.65839
1.66498
1.67068
1.67329
1.6723
1.66866
1.66398
1.65953
1.65582
1.65294
1.65128
1.65184
1.65596
1.6645
1.67723
1.69263
1.70806
1.7204
1.72694
1.7264
1.71939
1.70815
1.69573
1.68492
1.67747
1.67375
1.67308
1.67431
1.67657
1.67958
1.68336
1.68763
1.69154
1.69386
1.69345
1.68954
1.68168
1.66969
1.65377
1.63485
1.61489
1.5969
1.58433
1.58003
1.58484
1.59699
1.61254
1.6269
1.63651
1.6398
1.63731
1.63129
1.6247
1.61988
1.61765
1.61751
1.61841
1.61954
1.62097
1.62434
1.6328
1.64902
1.67265
1.69967
1.72419
1.74095
1.74676
1.74095
1.72481
1.70077
1.67181
1.64103
1.61163
1.58657
1.56771
1.55502
1.54698
1.54208
1.54014
1.54183
1.54705
1.55435
1.56184
1.56849
1.57448
1.58061
1.58727
1.59393
1.59953
1.60348
1.6067
1.61104
1.61768
1.62627
1.63562
1.64482
1.65332
1.66031
1.66393
1.66092
1.64741
1.62128
1.58562
1.55032
1.5268
1.51929
1.52347
1.53373
1.54756
1.56422
1.58219
1.59831
1.60887
1.61125
1.6053
1.59351
1.58019
1.56987
1.56575
1.56899
1.57886
1.59341
1.61027
1.62735
1.64311
1.65649
1.66658
1.67237
1.67249
1.66551
1.65046
1.62735
1.59746
1.56345
1.52897
1.49793
1.47362
1.45821
1.45265
1.45682
1.46963
1.48899
1.51204
1.53563
1.55709
1.575
1.58971
1.60301
1.61695
1.63262
1.64956
1.66618
1.6804
1.69039
1.695
1.69384
1.68699
1.67484
1.65824
1.63881
1.61906
1.60204
1.59077
1.58771
1.59434
1.61091
1.6363
1.66795
1.70214
1.73445
1.7604
1.77622
1.77986
1.77168
1.75451
1.73292
1.71183
1.69462
1.68156
1.66996
1.65675
1.64091
1.62345
1.60613
1.5902
1.57607
1.56353
1.55209
1.5411
1.53005
1.51896
1.50859
1.50032
1.49575
1.49607
1.50177
1.51246
1.52722
1.54519
1.56592
1.58941
1.61537
1.64263
1.66886
1.69094
1.70584
1.71134
1.7066
1.69236
1.67082
1.64534
1.61984
1.59799
1.58245
1.57449
1.57421
1.58087
1.59319
1.60933
1.62677
1.64259
1.65395
1.65911
1.65824
1.6537
1.64886
1.64613
1.64525
1.64354
1.63767
1.6255
1.60694
1.58372
1.559
1.53676
1.52102
1.51474
1.51886
1.53235
1.55276
1.57686
1.60116
1.62238
1.63794
1.64627
1.64686
1.64003
1.62693
1.60957
1.59056
1.57271
1.55871
1.55112
1.55223
1.56297
1.58235
1.60765
1.6356
1.66322
1.68805
1.70815
1.72219
1.73004
1.7336
1.73696
1.74499
1.76027
1.78099
1.80221
1.81893
1.82793
1.82796
1.81928
1.80342
1.78295
1.76101
1.74049
1.72291
1.7082
1.69536
1.68354
1.6727
1.66359
1.65716
1.65407
1.65453
1.65867
1.66668
1.67851
1.6931
1.70818
1.72046
1.72658
1.7241
1.71238
1.69313
1.67002
1.64731
1.62823
1.61414
1.60463
1.59808
1.5923
1.58518
1.57539
1.56301
1.54971
1.53825
1.53107
1.52886
1.53032
1.53355
1.53776
1.54395
1.55425
1.57075
1.59436
1.62428
1.65828
1.69343
1.72665
1.75508
1.77622
1.78812
1.78968
1.78088
1.76294
1.73835
1.7106
1.68353
1.6606
1.6443
1.63579
1.63518
1.64155
1.65294
1.66638
1.67824
1.6851
1.68468
1.67658
1.66229
1.64443
1.62547
1.60685
1.58881
1.57116
1.55421
1.53926
1.52842
1.52375
1.52639
1.53626
1.55255
1.57427
1.6006
1.63057
1.6627
1.69492
1.72488
1.75042
1.77
1.78285
1.78884
1.7883
1.78168
1.76966
1.75335
1.73449
1.71555
1.69946
1.6886
1.6837
1.6832
1.68395
1.68256
1.67662
1.66522
1.64889
1.62918
1.60817
1.58794
1.57016
1.55601
1.54634
1.54189
1.5434
1.55123
1.56496
1.58322
1.60418
1.62601
1.64741
1.66765
1.68653
1.70398
1.71951
1.73185
1.73943
1.74102
1.73619
1.72529
1.7093
1.69019
1.67108
1.65549
1.6455
1.64033
1.63711
1.63312
1.62755
1.62161
1.61746
1.61678
1.61987
1.62546
1.63145
1.63574
1.63674
1.63356
1.62616
1.61561
1.60441
1.59586
1.59237
1.59368
1.59705
1.59959
1.60057
1.60199
1.60707
1.61803
1.63451
1.65358
1.67126
1.68447
1.69245
1.69637
1.6974
1.69517
1.68827
1.67607
1.66021
1.64459
1.63436
1.63412
1.64645
1.67095
1.70423
1.74096
1.77524
1.80181
1.81676
1.81791
1.80512
1.78029
1.74708
1.71011
1.67441
1.64503
1.62719
1.62496
1.63848
1.66327
1.6932
1.72364
1.7516
1.77456
1.78994
1.79535
1.78904
1.77021
1.7396
1.70006
1.65687
1.61718
1.58822
1.57501
1.5786
1.59575
1.62034
1.64577
1.66696
1.68093
1.6866
1.68412
1.67447
1.65927
1.64072
1.62162
1.60534
1.5953
1.59393
1.60172
1.61709
1.63743
1.6601
1.68296
1.70414
1.72189
1.73448
1.74035
1.73825
1.72745
1.7079
1.68038
1.64656
1.60906
1.57121
1.53659
1.50833
1.48862
1.47872
1.47913
1.48984
1.51046
1.53976
1.57541
1.61417
1.65252
1.68726
1.71558
1.73517
1.74457
1.74347
1.73305
1.7163
1.69772
1.6823
1.6737
1.67286
1.67798
1.68582
1.69312
1.69754
1.69785
1.69395
1.68664
1.67738
1.66773
1.65896
1.65164
1.64528
1.6384
1.62896
1.61512
1.59626
1.57365
1.55045
1.53101
1.51946
1.51815
1.52701
1.54418
1.56734
1.59466
1.625
1.65748
1.69081
1.72322
1.75271
1.7775
1.79619
1.8078
1.81164
1.80713
1.79397
1.77269
1.74532
1.71597
1.69027
1.67338
1.66784
1.6726
1.68364
1.69586
1.70482
1.70796
1.70467
1.69614
1.68463
1.67215
1.6595
1.64648
1.63333
1.62156
1.61358
1.61145
1.61591
1.62565
1.63732
1.64629
1.64836
1.64154
1.62708
1.60936
1.59421
1.58616
1.58637
1.59267
1.60142
1.60925
1.61376
1.61341
1.60749
1.59609
1.58015
1.5613
1.54168
1.52329
1.50735
1.49372
1.48115
1.46822
1.45497
1.44381
1.43835
1.44047
1.44853
1.4588
1.46828
1.47584
1.48163
1.486
1.48935
1.49287
1.49839
1.50724
1.51917
1.53213
1.54338
1.55093
1.55433
1.55457
1.55355
1.55348
1.5563
1.5634
1.57534
1.59178
1.61166
1.6334
1.65499
1.67409
1.68836
1.6959
1.69578
1.68844
1.67606
1.66268
1.65343
1.65295
1.66349
1.68404
1.71091
1.73928
1.76484
1.78463
1.79726
1.80267
1.80159
1.79497
1.78354
1.76762
1.74744
1.72385
1.69876
1.67522
1.65675
1.64613
1.64409
1.649
1.65742
1.66561
1.67083
1.67184
1.66886
1.663
1.65577
1.64866
1.64286
1.63935
1.63912
1.64336
1.65313
1.66866
1.68887
1.7115
1.73366
1.75236
1.76485
1.76913
1.76427
1.75059
1.72935
1.70271
1.67346
1.64456
1.61869
1.59761
1.582
1.57166
1.56623
1.56549
1.56911
1.57623
1.5854
1.59511
1.60423
1.61237
1.61963
1.6265
1.6336
1.64143
1.65021
1.65978
1.66964
1.67895
1.68653
1.69103
1.69153
1.68807
1.6817
1.67398
1.66634
1.65983
1.65512
1.65255
1.6523
1.65445
1.65914
1.66658
1.677
1.69046
1.70662
1.72447
1.74222
1.75771
1.76884
1.77374
1.77044
1.75703
1.73254
1.69837
1.65972
1.62505
1.6021
1.59275
1.59246
1.59505
1.59693
1.5979
1.59999
1.60607
1.61836
1.63682
1.65862
1.67921
1.69418
1.70063
1.69792
1.68764
1.67282
1.65652
1.64065
1.62592
1.61257
1.60089
1.59141
1.58474
1.5815
1.58196
1.58574
1.59161
1.59753
1.60132
1.60143
1.59756
1.59053
1.58163
1.57241
1.56486
1.56147
1.56473
1.57593
1.59413
1.61638
1.63898
1.65892
1.67505
1.68834
1.70085
1.71373
1.7259
1.73473
1.73759
1.73312
1.72156
1.70483
1.68638
1.67043
1.66056
1.65802
1.66109
1.66613
1.66992
1.67147
1.67236
1.6752
1.68198
1.69343
1.70932
1.72843
1.74859
1.76699
1.78087
1.78808
1.78777
1.78083
1.76968
1.75719
1.74519
1.73386
1.72275
1.71187
1.70172
1.69252
1.68366
1.67398
1.66277
1.65111
1.64241
1.64101
1.64929
1.66526
1.6831
1.69589
1.69851
1.68903
1.66864
1.64076
1.60975
1.57981
1.55411
1.53453
1.52179
1.51593
1.51688
1.5245
1.53829
1.55705
1.57916
1.60297
1.62697
1.64964
1.66928
1.68408
1.69243
1.69328
1.68651
1.67326
1.65596
1.63799
1.62288
1.61325
1.61013
1.61288
1.61964
1.62812
1.63638
1.64324
1.64839
1.6521
1.65444
1.65475
1.65146
1.64261
1.62698
1.60547
1.58197
1.56253
1.55257
1.55393
1.56419
1.57919
1.59637
1.616
1.63942
1.66634
1.69359
1.71623
1.73034
1.73569
1.7365
1.73873
1.74554
1.75477
1.76076
1.75804
1.74375
1.7184
1.68538
1.64982
1.6171
1.59165
1.57614
1.57132
1.57609
1.58801
1.60414
1.622
1.64012
1.65804
1.67589
1.69372
1.71059
1.72411
1.73103
1.72832
1.71449
1.69036
1.65962
1.62811
1.60144
1.58246
1.57129
1.56775
1.57294
1.58782
1.61115
1.63893
1.66587
1.68745
1.70106
1.70594
1.70225
1.69062
1.67232
1.64977
1.62696
1.60882
1.59954
1.60085
1.61151
1.62853
1.64857
1.66893
1.68779
1.70397
1.71673
1.72565
1.73051
1.73123
1.72779
1.72027
1.70879
1.69352
1.67476
1.6531
1.62951
1.60549
1.5835
1.56725
1.56079
1.56645
1.58307
1.60676
1.6331
1.65862
1.68119
1.69973
1.71395
1.72393
1.72976
1.7314
1.72883
1.72247
1.71335
1.70305
1.69348
1.68656
1.68368
1.68512
1.68967
1.69463
1.69642
1.69151
1.67747
1.65383
1.62284
1.5899
1.56263
1.54759
1.54662
1.5562
1.5705
1.58455
1.59542
1.6018
1.60335
1.60025
1.59279
1.58137
1.5666
1.54964
1.53232
1.51706
1.50633
1.50214
1.50563
1.51698
1.53545
1.5593
1.58576
1.61122
1.6318
1.64423
1.64659
1.63882
1.62263
1.60122
1.57863
1.55886
1.54508
1.53924
1.54207
1.55315
1.57093
1.59265
1.6147
1.63351
1.6464
1.6522
1.65128
1.64497
1.63487
1.62241
1.60873
1.5947
1.58084
1.56786
1.55734
1.55221
1.55585
1.57024
1.59436
1.62417
1.65456
1.68139
1.7027
1.71877
1.73133
1.74258
1.75408
1.76603
1.77723
1.78566
1.78946
1.78753
1.77967
1.76627
1.74834
1.72846
1.71149
1.70374
1.70958
1.728
1.75259
1.77438
1.78465
1.77648
1.74692
1.70169
1.65788
1.63302
1.62735
1.62742
1.62434
1.61893
1.61598
1.61909
1.62819
1.63951
1.64725
1.64619
1.63382
1.61107
1.58191
1.55212
1.52777
1.51381
1.51299
1.52515
1.54693
1.57253
1.59598
1.61358
1.62503
1.63275
1.64006
1.64932
1.66119
1.6751
1.69015
1.70524
1.71879
1.72864
1.73238
1.72789
1.71394
1.69063
1.65964
1.62395
1.58696
1.55138
1.5186
1.48892
1.46266
1.4411
1.42678
1.42239
1.42885
1.44403
1.46377
1.48414
1.50277
1.51906
1.53354
1.54719
1.56074
1.57427
1.58707
1.59771
1.60449
1.60611
1.60223
1.59359
1.58183
1.56906
1.55735
1.54827
1.54262
1.54032
1.54045
1.5413
1.54088
1.53773
1.53222
1.52734
1.5276
1.53596
1.5514
1.57006
1.58825
1.60427
1.61813
1.63035
1.64101
1.64989
1.65735
1.6646
1.67241
1.67959
1.68302
1.67945
1.66728
1.64705
1.62087
1.59143
1.56124
1.53264
1.50815
1.49119
1.48586
1.49566
1.52143
1.56011
1.60525
1.64919
1.68532
1.70949
1.72016
1.71774
1.70373
1.68028
1.65006
1.61647
1.58379
1.55712
1.54148
1.54008
1.5528
1.57587
1.6032
1.62828
1.64577
1.65248
1.64779
1.63362
1.614
1.59399
1.57836
1.57021
1.57034
1.57764
1.59004
1.60526
1.62134
1.63657
1.64939
1.65863
1.66369
1.66487
1.66356
1.66216
1.66354
1.66979
1.68091
1.69445
1.70649
1.71318
1.71177
1.70103
1.68158
1.65593
1.628
1.60229
1.58301
1.57269
1.57079
1.57338
1.57489
1.57053
1.55727
1.53451
1.50613
1.48393
1.48415
1.51162
1.55269
1.5901
1.61517
1.62631
1.62451
1.61188
1.59264
1.57356
1.56134
1.55856
1.56307
1.5717
1.58288
1.59557
1.60733
1.61453
1.61427
1.60557
1.58948
1.56864
1.54692
1.5287
1.51751
1.5147
1.51898
1.52759
1.53795
1.5486
1.55878
1.56764
1.57378
1.57556
1.57174
1.56218
1.54803
1.53152
1.51533
1.50151
1.49069
1.48219
1.47537
1.4708
1.47034
1.47608
1.48908
1.50871
1.53295
1.55915
1.58467
1.60736
1.62593
1.63996
1.64959
1.65489
1.65543
1.65045
1.63935
1.62239
1.60095
1.57762
1.55597
1.53993
1.53266
1.5352
1.546
1.56151
1.57782
1.59209
1.60329
1.61207
1.62014
1.62922
1.64002
1.65153
1.66105
1.66528
1.66153
1.64862
1.62762
1.60258
1.58013
1.56701
1.56613
1.57505
1.58801
1.59939
1.60566
1.60578
1.60041
1.59092
1.57885
1.56623
1.55615
1.55274
1.56032
1.58169
1.6165
1.66051
1.70627
1.74543
1.77092
1.77841
1.76651
1.73674
1.69368
1.64491
1.59995
1.56712
1.55051
1.54891
1.55771
1.57134
1.58471
1.59398
1.59714
1.59413
1.58636
1.5759
1.56502
1.55595
1.55086
1.55173
1.55965
1.5743
1.59375
1.61515
1.63571
1.65379
1.66925
1.68302
1.69614
1.70881
1.7201
1.72853
1.73318
1.73447
1.73399
1.73333
1.73304
1.73274
1.73198
1.73077
1.72941
1.72789
1.72558
1.72131
1.71396
1.703
1.6889
1.67284
1.65632
1.64066
1.6269
1.61563
1.60676
1.59967
1.59351
1.58774
1.58248
1.57854
1.57714
1.57943
1.58604
1.59713
1.61255
1.63197
1.65473
1.67964
1.70486
1.7281
1.74702
1.75956
1.76414
1.76017
1.74826
1.73032
1.70899
1.68681
1.66563
1.64692
1.63225
1.62326
1.6213
1.62695
1.64002
1.6595
1.68368
1.71018
1.73619
1.75859
1.7745
1.7818
1.77988
1.77004
1.75534
1.73978
1.72694
1.71862
1.71426
1.71151
1.70766
1.70116
1.69241
1.68345
1.67674
1.67356
1.67301
1.672
1.66654
1.65404
1.636
1.61877
1.61013
1.61395
1.62886
1.65158
1.67923
1.70905
1.73789
1.76258
1.78048
1.78981
1.78986
1.78094
1.76445
1.74319
1.72165
1.70543
1.69862
1.70091
1.70782
1.7138
1.71531
1.71165
1.70428
1.69567
1.6882
1.68341
1.6817
1.68231
1.68362
1.68352
1.67999
1.67175
1.65869
1.64202
1.624
1.60728
1.59411
1.58573
1.58216
1.58288
1.5877
1.59732
1.61244
1.63231
1.65424
1.67461
1.69026
1.69948
1.70206
1.69874
1.69078
1.67986
1.66827
1.65874
1.65354
1.65345
1.65743
1.66341
1.66936
1.67414
1.67761
1.68056
1.68445
1.69116
1.70281
1.72064
1.74334
1.76664
1.78491
1.79369
1.7911
1.77836
1.75976
1.74237
1.73382
1.73826
1.7539
1.77469
1.79384
1.80578
1.8066
1.79419
1.76857
1.73217
1.68982
1.64798
1.61275
1.58781
1.57357
1.56813
1.56861
1.57208
1.57613
1.57953
1.58246
1.5862
1.59241
1.6026
1.61789
1.6387
1.66445
1.69301
1.72105
1.74483
1.76139
1.76907
1.7676
1.75788
1.74157
1.72067
1.69715
1.67262
1.64835
1.62536
1.60464
1.58737
1.57492
1.56868
1.57001
1.58021
1.5995
1.62564
1.65401
1.67938
1.69796
1.70824
1.71054
1.70615
1.69675
1.68433
1.67145
1.66125
1.65657
1.65866
1.66651
1.67766
1.68966
1.70089
1.71044
1.71779
1.7228
1.7258
1.72763
1.72939
1.73198
1.73565
1.73976
1.74294
1.74348
1.74004
1.7321
1.72007
1.70489
1.68753
1.66871
1.64914
1.63009
1.61377
1.60292
1.59951
1.60369
1.6137
1.62669
1.63987
1.65137
1.66058
1.66782
1.67363
1.67842
1.68263
1.68706
1.69257
1.69924
1.70591
1.71071
1.71224
1.71016
1.70499
1.69729
1.68728
1.67494
1.66054
1.64482
1.62873
1.61293
1.59756
1.58266
1.56895
1.55836
1.55382
1.55789
1.57144
1.59299
1.61932
1.64654
1.67096
1.68965
1.70055
1.70255
1.6955
1.68028
1.65886
1.63399
1.60879
1.58609
1.56798
1.55556
1.54888
1.54726
1.54956
1.55462
1.56134
1.56857
1.57489
1.57869
1.57867
1.57448
1.56709
1.55844
1.55057
1.54489
1.54198
1.54172
1.54397
1.54881
1.5565
1.5673
1.5815
1.59951
1.6214
1.64628
1.67176
1.69411
1.70918
1.71367
1.706
1.68695
1.65961
1.62879
1.60013
1.57901
1.56938
1.57265
1.58701
1.60789
1.62977
1.64854
1.66265
1.6727
1.67988
1.68454
1.68598
1.68325
1.67618
1.66597
1.65481
1.64498
1.63758
1.63222
1.62781
1.62389
1.62128
1.62155
1.6259
1.63443
1.64645
1.66133
1.67901
1.69939
1.72107
1.74068
1.75391
1.75746
1.75072
1.73596
1.71731
1.69902
1.68412
1.67366
1.6669
1.66212
1.65747
1.65155
1.64351
1.63349
1.62317
1.61598
1.61586
1.6249
1.64192
1.66334
1.6856
1.70673
1.72589
1.74143
1.75016
1.74852
1.7345
1.70841
1.67274
1.63189
1.59264
1.56429
1.5555
1.56752
1.59171
1.6163
1.63439
1.64549
1.65277
1.6598
1.66874
1.68023
1.69395
1.70901
1.72396
1.7367
1.74496
1.74706
1.74277
1.73372
1.7228
1.71314
1.7067
1.70369
1.70285
1.70252
1.70129
1.69825
1.69272
1.68433
1.67334
1.66132
1.65142
1.64743
1.65123
1.66071
1.67086
1.6768
1.67591
1.66793
1.65441
1.63839
1.62415
1.61608
1.61667
1.62484
1.63655
1.64695
1.65247
1.65156
1.64495
1.63518
1.6256
1.61908
1.61695
1.61884
1.62359
1.63008
1.63725
1.6438
1.64861
1.65154
1.65345
1.65477
1.65456
1.65111
1.64374
1.63351
1.62296
1.61516
1.61268
1.61678
1.6271
1.64186
1.6586
1.6751
1.69
1.70281
1.71348
1.72171
1.72658
1.72676
1.72102
1.70873
1.69055
1.66859
1.64629
1.62735
1.61455
1.60869
1.60875
1.61308
1.62062
1.6312
1.6446
1.65946
1.67305
1.68209
1.6842
1.67872
1.66677
1.65078
1.63378
1.6187
1.60778
1.60205
1.60104
1.60282
1.60469
1.60449
1.60166
1.59759
1.59503
1.59667
1.60389
1.61585
1.62963
1.64129
1.64776
1.64794
1.64256
1.63334
1.62252
1.61269
1.60651
1.60551
1.60867
1.61218
1.61105
1.60219
1.58654
1.56867
1.55414
1.54645
1.54564
1.54901
1.55296
1.55453
1.55245
1.54716
1.54036
1.53394
1.52907
1.52579
1.52328
1.52055
1.51703
1.51302
1.50982
1.51007
1.51717
1.53367
1.55935
1.5907
1.62294
1.653
1.68128
1.71037
1.74174
1.77331
1.80027
1.8178
1.82285
1.81468
1.79492
1.76754
1.7385
1.71441
1.7001
1.69675
1.70178
1.71053
1.71837
1.72219
1.72084
1.71477
1.70546
1.6947
1.68421
1.67539
1.66909
1.66547
1.66385
1.66286
1.66077
1.6559
1.64716
1.63443
1.61865
1.60162
1.58555
1.5726
1.56466
1.5628
1.56673
1.5747
1.58406
1.59225
1.5978
1.60065
1.60186
1.6029
1.60509
1.6094
1.61622
1.62507
1.63489
1.64485
1.65504
1.66618
1.67827
1.68969
1.69765
1.69978
1.69547
1.68633
1.67564
1.66705
1.66307
1.6642
1.66918
1.67593
1.68239
1.68691
1.68848
1.68692
1.6828
1.67719
1.67118
1.66534
1.65952
1.65309
1.64564
1.63775
1.63102
1.62709
1.62645
1.62844
1.63218
1.63722
1.64327
1.64976
1.65568
1.66017
1.66288
1.66436
1.66564
1.66748
1.66958
1.6706
1.66871
1.66241
1.6512
1.63592
1.619
1.60395
1.59389
1.58962
1.58896
1.58805
1.5833
1.57273
1.55646
1.53661
1.51664
1.50016
1.48968
1.48627
1.4899
1.49991
1.51478
1.53198
1.54843
1.56146
1.5695
1.57226
1.57052
1.56582
1.5598
1.55353
1.54701
1.53955
1.53078
1.52154
1.51396
1.51076
1.51421
1.52529
1.54325
1.56557
1.5885
1.60783
1.61964
1.62106
1.61093
1.59041
1.56402
1.53946
1.52463
1.52302
1.53239
1.54815
1.56668
1.58568
1.60336
1.61817
1.629
1.63544
1.63774
1.63673
1.63352
1.62924
1.62476
1.62037
1.61604
1.61142
1.60572
1.5975
1.58518
1.56805
1.54707
1.52499
1.50586
1.49397
1.4921
1.50015
1.51497
1.53199
1.54716
1.55794
1.56331
1.5637
1.56081
1.55715
1.55498
1.55547
1.55836
1.56252
1.56659
1.56941
1.57001
1.5678
1.56261
1.55477
1.54511
1.535
1.52607
1.51989
1.51774
1.52016
1.52673
1.53606
1.54607
1.55465
1.56029
1.56255
1.562
1.56007
1.55869
1.55995
1.56576
1.57715
1.59377
1.61359
1.63342
1.64986
1.66018
1.66271
1.65708
1.64431
1.62683
1.60787
1.59039
1.57612
1.56548
1.5585
1.55585
1.55914
1.57007
1.58897
1.61416
1.64236
1.66995
1.69413
1.71348
1.72788
1.73795
1.74454
1.74827
1.74942
1.74799
1.74383
1.73698
1.72781
1.71723
1.7064
1.69649
1.68809
1.68101
1.67401
1.66489
1.65107
1.63067
1.60348
1.5714
1.53802
1.50769
1.4849
1.47373
1.47702
1.49535
1.52642
1.56572
1.60799
1.64873
1.68477
1.71409
1.73507
1.74598
1.74512
1.73164
1.70661
1.67361
1.63803
1.60505
1.57756
1.55549
1.53733
1.52254
1.5131
1.51245
1.52229
1.54032
1.56125
1.57942
1.59055
1.59193
1.58246
1.5629
1.53625
1.50776
1.48474
1.47577
1.48688
1.51657
1.55688
1.5998
1.64084
1.67775
1.70879
1.73209
1.74619
1.75059
1.74607
1.73485
1.72021
1.70582
1.69457
1.68759
1.68397
1.68141
1.67757
1.67142
1.66379
1.6568
1.65269
1.65257
1.65593
1.66085
1.66472
1.6652
1.66115
1.6532
1.64349
1.6344
1.62724
1.62181
1.6174
1.61404
1.61302
1.61626
1.62526
1.64009
1.65913
1.67953
1.69798
1.71159
1.71839
1.71767
1.70996
1.69705
1.68166
1.667
1.65593
1.65038
1.65106
1.6577
1.66929
1.68427
1.70049
1.71539
1.72641
1.7314
1.72922
1.71999
1.70506
1.68673
1.66759
1.64984
1.63475
1.62246
1.61225
1.60316
1.59451
1.58604
1.57741
1.56788
1.55695
1.5462
1.54026
1.54457
1.56032
1.58182
1.59951
1.60515
1.59489
1.56962
1.53414
1.49586
1.46283
1.44131
1.43372
1.43882
1.45338
1.47392
1.49724
1.52045
1.54129
1.55855
1.57232
1.58353
1.59331
1.60225
1.61039
1.61732
1.62224
1.62392
1.62076
1.61121
1.59446
1.57137
1.54503
1.52043
1.50334
1.49868
1.50901
1.53393
1.57043
1.6139
1.65946
1.70293
1.74124
1.77246
1.7954
1.80917
1.81302
1.80623
1.78844
1.75994
1.72203
1.67731
1.6295
1.58297
1.54189
1.50959
1.48816
1.47809
1.47795
1.48451
1.49368
1.50203
1.50802
1.51207
1.51572
1.52049
1.52721
1.53577
1.54506
1.55315
1.55788
1.55776
1.55266
1.54402
1.53429
1.52591
1.52027
1.5178
1.51887
1.52457
1.53648
1.55578
1.58236
1.61493
1.65179
1.69111
1.73054
1.76701
1.79739
1.81949
1.83263
1.8372
1.83398
1.82385
1.80796
1.78777
1.76506
1.74145
1.71808
1.69532
1.67274
1.64946
1.62453
1.59744
1.5683
1.53807
1.50858
1.4826
1.46392
1.45673
1.46376
1.48387
1.51179
1.54071
1.56492
1.58097
1.58726
1.58341
1.57007
1.54903
1.52365
1.49894
1.48074
1.4738
1.47935
1.49475
1.51594
1.54
1.56558
1.59236
1.62024
1.64876
1.67679
1.70246
1.72337
1.73729
1.74265
1.73884
1.72617
1.70569
1.67916
1.64906
1.61848
1.59098
1.57029
1.55965
1.56066
1.5726
1.59282
1.61778
1.64414
1.66921
1.69099
1.70821
1.72028
1.72721
1.7295
1.72805
1.72407
1.71903
1.71414
1.70983
1.70556
1.70039
1.6936
1.68494
1.67435
1.66173
1.64677
1.62893
1.6079
1.5839
1.5581
1.5324
1.50925
1.49136
1.48139
1.48148
1.49272
1.51487
1.54593
1.58167
1.6161
1.64318
1.65898
1.66287
1.65703
1.64495
1.62996
1.61467
1.60126
1.59151
1.58655
1.58656
1.59076
1.59764
1.60514
1.61105
1.61356
1.61197
1.60681
1.59925
1.58984
1.57833
1.56466
1.55022
1.53807
1.53204
1.53518
1.54837
1.56985
1.59614
1.6235
1.64916
1.67151
1.68985
1.70374
1.71251
1.71516
1.71066
1.6987
1.68029
1.65785
1.63462
1.61368
1.59701
1.58525
1.57802
1.5743
1.57286
1.57237
1.57184
1.5711
1.57084
1.572
1.57464
1.57732
1.57773
1.57394
1.56545
1.5534
1.54011
1.52838
1.5205
1.51725
1.51787
1.52096
1.52552
1.531
1.53667
1.54153
1.54533
1.54928
1.55528
1.56457
1.57711
1.59177
1.60694
1.62099
1.63263
1.64126
1.6473
1.65242
1.6591
1.66961
1.68473
1.7032
1.72232
1.73902
1.75094
1.75691
1.75695
1.75194
1.7431
1.73152
1.71808
1.70352
1.6885
1.67383
1.6604
1.64919
1.64092
1.63579
1.63319
1.63194
1.63072
1.62868
1.62571
1.62228
1.61915
1.61715
1.61696
1.61889
1.62284
1.6283
1.63445
1.64025
1.6444
1.64564
1.643
1.63628
1.6262
1.6142
1.60199
1.5911
1.58274
1.57798
1.57779
1.58275
1.59255
1.60604
1.62166
1.63822
1.65541
1.67382
1.69437
1.7175
1.74242
1.76696
1.78817
1.80323
1.8099
1.80673
1.79334
1.77062
1.74075
1.70689
1.67246
1.64088
1.61535
1.59856
1.59226
1.59649
1.60911
1.62627
1.64343
1.6566
1.6632
1.6625
1.65549
1.64467
1.63342
1.62508
1.62211
1.62572
1.63584
1.65133
1.67029
1.6904
1.70945
1.72594
1.73954
1.75098
1.76121
1.77047
1.77786
1.78164
1.77996
1.77163
1.75654
1.73586
1.71162
1.68642
1.66303
1.64403
1.63142
1.6263
1.62857
1.63687
1.64874
1.66131
1.67173
1.67772
1.67773
1.67087
1.6568
1.63545
1.60695
1.57161
1.53016
1.48412
1.43624
1.39072
1.35321
1.33074
1.3305
1.35613
1.40381
1.46309
1.52216
1.57232
1.60899
1.63061
1.6378
1.63273
1.61898
1.60108
1.58361
1.57001
1.56165
1.55808
1.55822
1.56186
1.57015
1.58439
1.60442
1.62823
1.65311
1.6765
1.69615
1.70976
1.71537
1.71211
1.7009
1.68458
1.66735
1.6534
1.64543
1.64362
1.64626
1.6512
1.65717
1.66396
1.67153
1.67897
1.68421
1.68491
1.68022
1.67227
1.66568
1.66423
1.66811
1.67443
1.68018
1.68382
1.68541
1.68581
1.68626
1.68758
1.6897
1.69149
1.69117
1.68704
1.67821
1.66511
1.64951
1.63401
1.62131
1.61325
1.61022
1.61107
1.61385
1.61662
1.61803
1.61733
1.61417
1.60852
1.60085
1.59238
1.58525
1.58188
1.58396
1.59143
1.60241
1.61415
1.62414
1.6308
1.63361
1.63297
1.62989
1.62589
1.62276
1.62211
1.62481
1.63034
1.63669
1.64085
1.63978
1.6316
1.61652
1.59738
1.57897
1.56629
1.5627
1.56895
1.58355
1.60342
1.62445
1.6424
1.65379
1.65678
1.65127
1.63866
1.62125
1.60169
1.58271
1.56653
1.55446
1.5467
1.54263
1.54143
1.54268
1.54699
1.55679
1.57595
1.60735
1.64982
1.69757
1.7432
1.78079
1.80708
1.82076
1.82155
1.81014
1.78833
1.75901
1.72531
1.68962
1.65305
1.61585
1.57825
1.54146
1.50848
1.48373
1.47118
1.4724
1.48616
1.50943
1.53855
1.56979
1.59983
1.6261
1.64701
1.66211
1.67223
1.67938
1.68628
1.69548
1.7084
1.72475
1.74258
1.7588
1.77022
1.77449
1.77048
1.75851
1.74032
1.71883
1.69757
1.6799
1.66845
1.66463
1.66804
1.67618
1.68512
1.69111
1.69164
1.68599
1.67517
1.66153
1.64804
1.6374
1.63118
1.62968
1.63193
1.63611
1.64001
1.6416
1.63941
1.63296
1.62299
1.61159
1.60173
1.59635
1.59723
1.60433
1.61591
1.62958
1.64341
1.65662
1.66911
1.68074
1.69096
1.69901
1.70416
1.7058
1.70354
1.6975
1.68866
1.67887
1.6703
1.66454
1.66194
1.66177
1.66311
1.66546
1.66861
1.67183
1.67369
1.6725
1.6674
1.65921
1.65049
1.64448
1.64358
1.64813
1.65669
1.66687
1.67618
1.6822
1.68253
1.67508
1.65865
1.63361
1.6021
1.56791
1.53587
1.5109
1.49694
1.49618
1.5092
1.53528
1.5724
1.61692
1.66371
1.70679
1.74044
1.76017
1.76367
1.75136
1.7267
1.6953
1.66297
1.6338
1.60974
1.59175
1.58052
1.57617
1.57734
1.58127
1.58511
1.58718
1.58729
1.58615
1.58472
1.58403
1.58522
1.58931
1.59687
1.60802
1.62243
1.63916
1.65618
1.67063
1.67961
1.68105
1.67405
1.6589
1.63704
1.6107
1.58254
1.5554
1.53185
1.51394
1.50311
1.50037
1.50587
1.51839
1.53509
1.55224
1.56637
1.57495
1.57664
1.57115
1.5592
1.54241
1.52317
1.50463
1.49025
1.48298
1.48431
1.49388
1.50999
1.53066
1.55454
1.58117
1.61066
1.64292
1.67669
1.70926
1.73712
1.75722
1.76814
1.77051
1.76658
1.75939
1.75178
1.74579
1.74226
1.74102
1.74116
1.74128
1.73973
1.73475
1.72506
1.71096
1.69494
1.68099
1.67234
1.6695
1.67035
1.67174
1.67121
1.6675
1.66042
1.65069
1.6399
1.63059
1.62572
1.62724
1.63508
1.64739
1.66173
1.67616
1.68981
1.70268
1.71499
1.72651
1.73598
1.74109
1.73908
1.72779
1.70657
1.67692
1.64223
1.60682
1.5748
1.54886
1.52986
1.51697
1.50871
1.50425
1.50434
1.5109
1.52571
1.5489
1.57857
1.61147
1.64418
1.67383
1.69839
1.71667
1.72813
1.73283
1.7313
1.72457
1.71434
1.70302
1.69345
1.68844
1.69018
1.69953
1.71556
1.73574
1.75677
1.77561
1.79037
1.80037
1.80586
1.80766
1.80669
1.80377
1.7993
1.79313
1.78463
1.77294
1.75719
1.73687
1.71223
1.6853
1.66109
1.64723
1.64994
1.66873
1.69657
1.72558
1.7513
1.77234
1.78783
1.79593
1.79442
1.7826
1.76272
1.73937
1.71703
1.69808
1.68273
1.67058
1.66161
1.65579
1.65223
1.64906
1.64404
1.6353
1.622
1.60461
1.58479
1.56464
1.54558
1.52767
1.50995
1.49192
1.47493
1.46149
1.45352
1.45175
1.45658
1.46851
1.48726
1.51101
1.53691
1.56227
1.58532
1.60521
1.62133
1.63302
1.63969
1.64122
1.63794
1.63063
1.62058
1.60954
1.59925
1.59079
1.58398
1.57752
1.56976
1.55966
1.54734
1.53408
1.5221
1.51411
1.51279
1.51997
1.536
1.5595
1.58775
1.61733
1.64462
1.66626
1.67975
1.6843
1.68132
1.67356
1.66348
1.65173
1.63739
1.61949
1.59836
1.57591
1.55486
1.53741
1.52442
1.51523
1.50863
1.50393
1.50165
1.50348
1.51148
1.52712
1.55063
1.58068
1.6146
1.64863
1.67858
1.70064
1.71227
1.71254
1.70227
1.68374
1.66041
1.63669
1.61734
1.60617
1.60447
1.61037
1.62
1.62938
1.63574
1.63776
1.6355
1.6303
1.62437
1.62
1.61851
1.61963
1.62151
1.62158
1.61763
1.60875
1.59595
1.58216
1.57135
1.56725
1.57197
1.58544
1.60576
1.63005
1.65522
1.67825
1.6965
1.70793
1.71151
1.70738
1.6969
1.68242
1.6665
1.65113
1.63728
1.62488
1.61353
1.60318
1.59439
1.58777
1.5832
1.57986
1.57735
1.57712
1.58222
1.59521
1.61573
1.64029
1.66418
1.68379
1.69759
1.70574
1.70931
1.70928
1.70613
1.69973
1.68959
1.67532
1.65681
1.6346
1.61
1.58513
1.56262
1.54513
1.53472
1.53234
1.53766
1.54924
1.56483
1.58171
1.59715
1.60876
1.615
1.61549
1.6112
1.60426
1.59746
1.59347
1.59391
1.59867
1.60595
1.61288
1.61672
1.6163
1.61316
1.61166
1.61636
1.6285
1.64498
1.6608
1.67198
1.67649
1.67399
1.66527
1.65181
1.63549
1.61849
1.60286
1.58999
1.57967
1.56997
1.55844
1.5438
1.52682
1.50988
1.49561
1.48581
1.48144
1.48319
1.49174
1.50732
1.52924
1.55571
1.5841
1.6113
1.63418
1.6504
1.65925
1.66211
1.66203
1.66261
1.66651
1.67472
1.68664
1.70052
1.71382
1.72372
1.72766
1.72392
1.71189
1.69228
1.66709
1.6396
1.61397
1.5943
1.58349
1.58232
1.58963
1.60308
1.62002
1.638
1.65493
1.66915
1.6796
1.68601
1.68876
1.68871
1.68696
1.68468
1.68268
1.68109
1.67926
1.67593
1.66979
1.66
1.64641
1.62976
1.61143
1.59289
1.57545
1.56021
1.54835
1.54137
1.54052
1.54613
1.55711
1.57133
1.58661
1.60149
1.61526
1.62745
1.63745
1.64448
1.64793
1.64774
1.64436
1.63821
1.62918
1.61641
1.59881
1.57631
1.55118
1.52824
1.51326
1.51029
1.51964
1.53787
1.55923
1.57775
1.58882
1.59033
1.58283
1.56897
1.55244
1.53672
1.52407
1.51561
1.51223
1.51544
1.52666
1.54549
1.56915
1.5941
1.61787
1.6394
1.65842
1.67463
1.68751
1.69635
1.70056
1.70005
1.69497
1.68511
1.66963
1.64733
1.61747
1.58047
1.53876
1.49718
1.46268
1.44234
1.44014
1.455
1.48202
1.51538
1.55018
1.58261
1.60953
1.62858
1.63849
1.63942
1.63306
1.62224
1.61029
1.59997
1.59288
1.58953
1.58982
1.5936
1.60055
1.60984
1.62034
1.63171
1.64505
1.66158
1.68009
1.69678
1.70813
1.71376
1.71645
1.72002
1.7269
1.7369
1.74766
1.75617
1.76045
1.76068
1.75938
1.75965
1.76244
1.76522
1.76351
1.75393
1.73605
1.71241
1.68675
1.66213
1.64037
1.62297
1.61191
1.60899
1.61408
1.62476
1.63721
1.64738
1.65194
1.64892
1.63814
1.62165
1.60358
1.5893
1.58396
1.59052
1.60879
1.63553
1.66599
1.69564
1.72142
1.74196
1.75723
1.76785
1.77463
1.77842
1.78002
1.78
1.77847
1.77502
1.76896
1.75976
1.74737
1.73214
1.71462
1.69517
1.67421
1.65293
1.63404
1.62165
1.61957
1.629
1.64724
1.66846
1.68599
1.69457
1.69146
1.67678
1.65314
1.62506
1.59795
1.57688
1.56513
1.56354
1.57068
1.58381
1.59994
1.61639
1.63082
1.64091
1.64453
1.64036
1.62881
1.61244
1.5954
1.58237
1.57722
1.58201
1.5964
1.61806
1.64339
1.66857
1.69013
1.70525
1.71162
1.70744
1.69221
1.66775
1.63886
1.61304
1.59842
1.6006
1.61979
1.65078
1.68561
1.71693
1.73982
1.75202
1.75354
1.74589
1.73133
1.71181
1.68845
1.66157
1.63143
1.59914
1.56712
1.53883
1.51807
1.50813
1.51122
1.52816
1.55777
1.59601
1.63665
1.67368
1.70337
1.72461
1.73813
1.74541
1.74789
1.74661
1.74227
1.73534
1.72625
1.71548
1.70377
1.69226
1.68237
1.67532
1.67159
1.67069
1.67129
1.67184
1.6711
1.66826
1.66291
1.65488
1.64406
1.63037
1.61379
1.59477
1.57446
1.55473
1.53789
1.52599
1.52023
1.52052
1.5256
1.5336
1.54276
1.55206
1.56169
1.57297
1.58754
1.60613
1.62766
1.64939
1.66798
1.68043
1.68462
1.67925
1.66348
1.63695
1.60072
1.55922
1.5217
1.49958
1.49896
1.51627
1.5423
1.56886
1.59147
1.60871
1.62086
1.62885
1.63379
1.63698
1.63981
1.64347
1.64835
1.65381
1.65899
1.66375
1.66893
1.67546
1.6832
1.69075
1.69648
1.69978
1.70161
1.70381
1.70763
1.7131
1.71965
1.7268
1.73435
1.74205
1.74962
1.75707
1.76487
1.77358
1.78343
1.79411
1.80477
1.8143
1.82142
1.82491
1.82381
1.81749
1.80575
1.78886
1.76752
1.74287
1.71661
1.69077
1.66741
1.64827
1.63459
1.62709
1.62575
1.62958
1.63671
1.64519
1.65355
1.66093
1.66659
1.6697
1.66988
1.6679
1.66549
1.66395
1.66293
1.66087
1.65665
1.6508
1.64526
1.64223
1.64294
1.64724
1.65405
1.66236
1.67118
1.6786
1.68177
1.6786
1.66949
1.65733
1.64592
1.6382
1.63545
1.63743
1.64264
1.64863
1.65241
1.6513
1.64415
1.63217
1.6188
1.6082
1.60316
1.60383
1.60826
1.61401
1.61935
1.62367
1.62711
1.62986
1.63162
1.63147
1.62812
1.62038
1.6076
1.59014
1.56949
1.54813
1.5291
1.51515
1.50801
1.50795
1.51389
1.5239
1.53577
1.54741
1.55722
1.56426
1.56836
1.57
1.56992
1.5688
1.5672
1.5654
1.56358
1.56181
1.56029
1.55947
1.55984
1.56148
1.56371
1.56514
1.5643
1.56045
1.5542
1.54773
1.54429
1.54714
1.55814
1.57685
1.60047
1.62471
1.64508
1.65791
1.66095
1.65368
1.63743
1.61554
1.59306
1.5758
1.56885
1.5749
1.59338
1.62127
1.65464
1.68973
1.72315
1.75168
1.77218
1.78223
1.7812
1.77087
1.75527
1.73947
1.72801
1.7234
1.72564
1.73273
1.74182
1.75034
1.75646
1.75918
1.7583
1.75417
1.74762
1.73971
1.73167
1.72471
1.71989
1.71803
1.71942
1.72376
1.73015
1.73735
1.74402
1.74907
1.75172
1.75132
1.74711
1.73818
1.72367
1.7035
1.67914
1.65389
1.63197
1.61643
1.6073
1.60202
1.59776
1.59368
1.59135
1.59366
1.60306
1.61997
1.64247
1.66696
1.68938
1.70625
1.71566
1.71811
1.71672
1.71597
1.71934
1.72735
1.73742
1.74569
1.74925
1.74709
1.73987
1.72904
1.71626
1.70314
1.69127
1.68223
1.6771
1.67576
1.67684
1.67838
1.67889
1.67828
1.67794
1.68008
1.68672
1.69851
1.71429
1.73115
1.74556
1.75462
1.75694
1.75255
1.74238
1.72771
1.7101
1.69157
1.6746
1.6616
1.65395
1.6513
1.65164
1.65219
1.65055
1.6454
1.63673
1.62583
1.61547
1.60959
1.6114
1.62069
1.63295
1.64199
1.64316
1.63451
1.61646
1.59092
1.56068
1.52945
1.50193
1.48328
1.47785
1.48763
1.51128
1.54454
1.58146
1.61594
1.64293
1.65922
1.66369
1.6569
1.64043
1.61639
1.58748
1.5576
1.53213
1.5169
1.51536
1.52651
1.54581
1.56835
1.59164
1.61604
1.64308
1.67276
1.70238
1.72783
1.74585
1.75508
1.75575
1.7488
1.73503
1.71494
1.68982
1.66361
1.64317
1.63476
1.63896
1.64947
1.65767
1.6577
1.6486
1.63332
1.61587
1.59885
1.58357
1.57221
1.56895
1.57742
1.59713
1.62321
1.64947
1.67119
1.68596
1.69337
1.69476
1.6931
1.69243
1.69665
1.70809
1.72653
1.74925
1.77223
1.79137
1.80326
1.8052
1.7951
1.77141
1.73358
1.68298
1.62397
1.56415
1.51263
1.47659
1.45842
1.45574
1.46372
1.47738
1.49245
1.50558
1.51463
1.51934
1.52174
1.52533
1.53325
1.54647
1.56325
1.57998
1.59299
1.60019
1.6017
1.59944
1.59604
1.5938
1.59393
1.59659
1.6013
1.60761
1.61563
1.62633
1.64089
1.65963
1.68135
1.70368
1.72385
1.73949
1.74889
1.75112
1.74597
1.73391
1.71607
1.69437
1.67156
1.65088
1.6354
1.62729
1.62755
1.63599
1.65133
1.67144
1.69372
1.71561
1.73484
1.74974
1.75925
1.76282
1.76023
1.75154
1.73724
1.71827
1.69626
1.67318
1.6513
1.63296
1.62023
1.61431
1.61492
1.62054
1.62861
1.6358
1.63859
1.63444
1.6228
1.60563
1.58673
1.57
1.55802
1.55203
1.55327
1.56313
1.58164
1.60637
1.6333
1.65876
1.68031
1.69636
1.70563
1.70724
1.70146
1.68991
1.67509
1.65961
1.64556
1.6346
1.6285
1.62941
1.63911
1.65723
1.68029
1.70264
1.71911
1.72701
1.72687
1.72121
1.71266
1.70282
1.69264
1.68306
1.67524
1.6699
1.66702
1.66593
1.6656
1.66518
1.66399
1.66151
1.65726
1.65074
1.64161
1.62989
1.61604
1.60101
1.58609
1.57281
1.56296
1.55876
1.56265
1.5763
1.59925
1.62832
1.65866
1.6856
1.70612
1.71971
1.72813
1.73459
1.74241
1.75361
1.76807
1.78344
1.79633
1.80365
1.80339
1.79487
1.77868
1.75635
1.72975
1.7006
1.67028
1.63988
1.61042
1.58275
1.55762
1.5359
1.51874
1.50751
1.50323
1.50596
1.5145
1.52646
1.53898
1.54971
1.55775
1.56387
1.56947
1.57488
1.5793
1.58208
1.58406
1.58716
1.59331
1.60355
1.61793
1.63566
1.65537
1.67535
1.69363
1.70827
1.71773
1.72139
1.71996
1.71533
1.70967
1.7042
1.69839
1.69005
1.67672
1.65724
1.63294
1.60734
1.58429
1.56581
1.55147
1.54003
1.53136
1.5268
1.52773
1.53398
1.54346
1.55314
1.56052
1.56446
1.5652
1.56398
1.56229
1.5611
1.56025
1.55886
1.55666
1.55513
1.55687
1.56341
1.57359
1.58401
1.5912
1.59325
1.59045
1.58472
1.57879
1.57529
1.57599
1.58145
1.59106
1.60354
1.61757
1.63225
1.64695
1.661
1.6734
1.68292
1.68836
1.68894
1.68456
1.67592
1.6646
1.65283
1.64293
1.63662
1.63465
1.63684
1.64267
1.65166
1.66336
1.67717
1.69222
1.70726
1.7208
1.73108
1.73632
1.73481
1.72524
1.70687
1.67995
1.64593
1.60759
1.56856
1.5326
1.50262
1.48012
1.46501
1.45576
1.44991
1.44564
1.44349
1.4461
1.45552
1.47137
1.49193
1.51627
1.54497
1.57887
1.61752
1.6585
1.69802
1.73226
1.75844
1.77532
1.78298
1.78229
1.77447
1.76075
1.74226
1.7201
1.69544
1.66971
1.64473
1.62277
1.60648
1.59871
1.60184
1.6167
1.64131
1.67091
1.69944
1.72151
1.73381
1.73539
1.72715
1.71107
1.68957
1.66515
1.6401
1.61654
1.59617
1.57987
1.56724
1.55689
1.54732
1.5381
1.53033
1.5259
1.52617
1.53093
1.53847
1.54643
1.55331
1.55903
1.56432
1.56937
1.5733
1.57469
1.57244
1.56666
1.55901
1.55262
1.55109
1.55682
1.56993
1.58865
1.61106
1.63651
1.66525
1.69683
1.72927
1.75981
1.78612
1.80668
1.82043
1.82662
1.82499
1.81604
1.801
1.78141
1.75867
1.73396
1.70831
1.68281
1.65873
1.63782
1.62232
1.61401
1.61288
1.61665
1.62159
1.62406
1.62178
1.61437
1.60301
1.58986
1.57743
1.5679
1.56282
1.56296
1.56847
1.57875
1.5926
1.60839
1.62449
1.63968
1.65333
1.66504
1.67424
1.67996
1.68085
1.67585
1.665
1.6502
1.63505
1.62361
1.61843
1.61935
1.62398
1.62938
1.63357
1.63634
1.63925
1.64474
1.65497
1.6708
1.69131
1.71387
1.73473
1.74997
1.75665
1.7537
1.74208
1.72445
1.70424
1.6845
1.66703
1.65257
1.64158
1.63501
1.6341
1.63938
1.64944
1.66116
1.67093
1.67599
1.67511
1.66854
1.65781
1.64522
1.63328
1.62403
1.61842
1.616
1.61514
1.61346
1.60873
1.59957
1.58604
1.57003
1.55519
1.54621
1.54725
1.55984
1.58156
1.60675
1.62882
1.64281
1.6469
1.64234
1.63255
1.62149
1.61202
1.60519
1.60034
1.59557
1.58818
1.57534
1.55507
1.52772
1.4974
1.4719
1.45955
1.46437
1.4843
1.51374
1.54682
1.57892
1.60693
1.62943
1.6466
1.65975
1.67025
1.67836
1.68277
1.68129
1.67252
1.65772
1.64149
1.63
1.62737
1.63318
1.64356
1.6538
1.66031
1.66125
1.65662
1.64813
1.63879
1.63199
1.63041
1.6353
1.64648
1.66279
1.68263
1.70417
1.7253
1.74361
1.75661
1.76226
1.75975
1.75001
1.73575
1.72052
1.70724
1.6969
1.68876
1.68175
1.67583
1.67225
1.67294
1.67937
1.69164
1.70828
1.7268
1.74464
1.75984
1.7713
1.77839
1.78056
1.77727
1.76837
1.75429
1.73591
1.71435
1.69086
1.66692
1.6439
1.62275
1.6041
1.58885
1.5786
1.57528
1.57977
1.59062
1.60408
1.61536
1.62038
1.61689
1.60485
1.58629
1.56501
1.54607
1.53448
1.53295
1.54012
1.5516
1.56274
1.57078
1.5752
1.57738
1.57987
1.58533
1.59548
1.61054
1.62933
1.65007
1.67098
1.69048
1.7075
1.72137
1.73188
1.73917
1.74351
1.74511
1.74389
1.73965
1.73209
1.72092
1.70592
1.68724
1.66596
1.6446
1.62705
1.61717
1.61663
1.62354
1.6334
1.64154
1.64505
1.64344
1.638
1.63093
1.62455
1.62073
1.62084
1.6257
1.63521
1.64763
1.65967
1.66757
1.66864
1.66218
1.64943
1.6328
1.61484
1.59763
1.58275
1.57171
1.5662
1.56783
1.57748
1.5943
1.61563
1.63745
1.65557
1.66662
1.66881
1.66224
1.64886
1.63203
1.61576
1.60379
1.59854
1.60068
1.60925
1.62246
1.63848
1.65591
1.67379
1.6913
1.7073
1.72034
1.72892
1.73212
1.73031
1.72543
1.72034
1.71713
1.71555
1.71326
1.70769
1.69784
1.68475
1.6712
1.66063
1.65554
1.65616
1.66029
1.66443
1.66537
1.66116
1.65168
1.63823
1.62284
1.60714
1.5915
1.57514
1.55698
1.53646
1.514
1.49088
1.46917
1.45152
1.44046
1.43776
1.44399
1.45862
1.48052
1.50831
1.54016
1.57359
1.60563
1.63307
1.6528
1.6625
1.66155
1.65158
1.63616
1.61971
1.60609
1.59784
1.59624
1.60146
1.61253
1.62741
1.64338
1.6578
1.66885
1.67573
1.67879
1.67915
1.67814
1.67676
1.6754
1.67395
1.67204
1.66936
1.66566
1.66081
1.65458
1.64655
1.63608
1.62265
1.60679
1.5906
1.57714
1.56875
1.56557
1.56613
1.56907
1.57408
1.58164
1.59216
1.60549
1.62074
1.6364
1.65061
1.66155
1.66793
1.66921
1.66553
1.6576
1.6468
1.6352
1.62491
1.61736
1.61268
1.61011
1.60885
1.60862
1.60963
1.61208
1.61593
1.62079
1.62615
1.63157
1.63668
1.64127
1.6454
1.64953
1.65443
1.66082
1.669
1.67872
1.68936
1.70031
1.71108
1.7211
1.72945
1.73476
1.73558
1.7309
1.72063
1.70587
1.68851
1.6707
1.65438
1.64102
1.63167
1.62681
1.62625
1.62884
1.6327
1.63564
1.63564
1.63121
1.62175
1.60756
1.58997
1.57137
1.55553
1.54772
1.55357
1.57627
1.614
1.66064
1.7091
1.75401
1.79221
1.82226
1.84364
1.85615
1.85974
1.85457
1.84146
1.82188
1.79781
1.77113
1.74311
1.71439
1.68559
1.65782
1.63279
1.61266
1.59982
1.59639
1.60334
1.61976
1.6427
1.66776
1.6901
1.7054
1.71055
1.70423
1.68741
1.66332
1.63651
1.61108
1.58926
1.57179
1.55908
1.55191
1.55096
1.55607
1.56616
1.57983
1.59616
1.61487
1.63578
1.65816
1.68036
1.70006
1.71497
1.72403
1.72788
1.72876
1.72957
1.73252
1.73791
1.74408
1.7484
1.74882
1.74455
1.73615
1.72487
1.71178
1.69728
1.6813
1.66384
1.64551
1.6276
1.61185
1.60003
1.5936
1.59336
1.59929
1.61041
1.62492
1.64081
1.6564
1.67066
1.68311
1.69369
1.70271
1.7107
1.71818
1.72558
1.73311
1.74082
1.74857
1.75598
1.76236
1.7669
1.76901
1.76871
1.76671
1.76434
1.76337
1.76567
1.7722
1.78206
1.79259
1.80066
1.80417
1.80256
1.79618
1.78551
1.77067
1.75145
1.72749
1.69869
1.66546
1.62899
1.59144
1.55582
1.52558
1.5039
1.49316
1.49466
1.50873
1.53468
1.57025
1.61149
1.65363
1.69239
1.72506
1.75079
1.77014
1.78419
1.79374
1.79913
1.80063
1.79854
1.79306
1.78411
1.77153
1.75558
1.73717
1.71784
1.69934
1.68326
1.67059
1.66157
1.65575
1.6522
1.64978
1.6474
1.64416
1.63915
1.63137
1.62004
1.60519
1.58821
1.5717
1.55896
1.55301
1.5554
1.5652
1.57934
1.59429
1.60782
1.61948
1.62997
1.64009
1.65034
1.66106
1.67226
1.6828
1.68966
1.68905
1.67844
1.65784
1.62995
1.59964
1.57303
1.55613
1.55282
1.56311
1.58327
1.60785
1.63239
1.65461
1.67393
1.69033
1.7036
1.71339
1.71977
1.72337
1.72538
1.72729
1.73051
1.73587
1.74313
1.7507
1.75603
1.75663
1.75112
1.7399
1.7249
1.70885
1.69434
1.68311
1.67566
1.67149
1.66978
1.66993
1.6717
1.67494
1.67927
1.68401
1.68838
1.69193
1.69492
1.69829
1.70313
1.71004
1.71852
1.72713
1.73415
1.73834
1.73933
1.73759
1.73411
1.73003
1.72624
1.72324
1.72103
1.7192
1.71692
1.71324
1.70748
1.69987
1.69185
1.6861
1.68555
1.69196
1.70441
1.71924
1.73121
1.73596
1.73198
1.72112
1.70648
1.6897
1.67101
1.65244
1.63921
1.63627
1.64354
1.65567
1.66625
1.67147
1.67082
1.66584
1.65859
1.65086
1.64411
1.63955
1.638
1.63969
1.64412
1.65005
1.65593
1.66027
1.66199
1.66045
1.65549
1.64763
1.63812
1.62851
1.62004
1.61312
1.60755
1.60333
1.60132
1.60313
1.61018
1.62283
1.6401
1.66007
1.68039
1.69859
1.71231
1.71965
1.71948
1.71193
1.69861
1.68244
1.66709
1.65589
1.65078
1.65159
1.65636
1.66247
1.66799
1.67223
1.67546
1.67801
1.67953
1.67899
1.67525
1.66794
1.65802
1.64747
1.63782
1.62857
1.61702
1.60029
1.57755
1.55094
1.52477
1.50389
1.49219
1.49182
1.50315
1.52505
1.55516
1.5902
1.62676
1.66206
1.69432
1.72273
1.74706
1.76731
1.78349
1.79586
1.80494
1.81123
1.81443
1.81345
1.8072
1.79538
1.77853
1.75755
1.7331
1.70541
1.6746
1.6413
1.60694
1.57366
1.54364
1.51849
1.4989
1.48501
1.47709
1.47606
1.48355
1.50088
1.52773
1.56112
1.59602
1.62682
1.64899
1.65993
1.65917
1.64821
1.63027
1.60974
1.59121
1.57802
1.57102
1.56841
1.56708
1.56409
1.55769
1.54753
1.53456
1.52077
1.50868
1.5007
1.49872
1.50383
1.51566
1.53165
1.54725
1.55783
1.56057
1.55533
1.5442
1.53056
1.51775
1.50794
1.5015
1.49745
1.49441
1.49149
1.48856
1.48645
1.48707
1.49318
1.50705
1.52885
1.55632
1.58623
1.616
1.64414
1.66983
1.6924
1.71118
1.72571
1.73586
1.74169
1.74318
1.74034
1.73371
1.7249
1.71654
1.71125
1.71032
1.71264
1.71516
1.71414
1.70668
1.69143
1.66885
1.64122
1.61229
1.58649
1.56758
1.55711
1.55401
1.55551
1.55885
1.5624
1.56585
1.5699
1.57558
1.58372
1.59438
1.60664
1.61885
1.6292
1.6365
1.64066
1.64276
1.64471
1.64867
1.6563
1.66811
1.68333
1.70023
1.71689
1.73178
1.74391
1.75284
1.7585
1.76132
1.76179
1.76028
1.75709
1.75248
1.74661
1.73923
1.72952
1.71632
1.69874
1.67683
1.65184
1.626
1.60222
1.58373
1.57369
1.57441
1.58661
1.60884
1.63752
1.66796
1.69564
1.71739
1.73185
1.73935
1.74145
1.74056
1.73963
1.74177
1.74931
1.76241
1.77865
1.79427
1.80613
1.8125
1.81284
1.80732
1.79639
1.78051
1.76009
1.73542
1.70675
1.67456
1.63981
1.60393
1.56854
1.53501
1.50428
1.47691
1.45343
1.43461
1.42154
1.41529
1.41649
1.42505
1.44018
1.46084
1.48642
1.51672
1.55138
1.589
1.62688
1.66203
1.69237
1.71717
1.73652
1.75066
1.75971
1.76363
1.76251
1.75669
1.74649
1.73227
1.71462
1.69479
1.67485
1.65713
1.64337
1.63429
1.62989
1.62998
1.63403
1.64096
1.64938
1.6581
1.66622
1.67258
1.67524
1.67197
1.66169
1.64643
1.63205
1.62575
1.63078
1.64385
1.6588
1.67144
1.68074
1.68708
1.69027
1.68908
1.68186
1.66754
1.6463
1.61986
1.59127
1.56447
1.54347
1.53128
1.52935
1.53785
1.55643
1.58409
1.61862
1.65651
1.69376
1.72697
1.7539
1.77328
1.78439
1.78667
1.77966
1.7631
1.7371
1.70247
1.66082
1.61464
1.5673
1.52271
1.48477
1.45658
1.43977
1.43431
1.43908
1.45276
1.4741
1.50177
1.53386
1.56777
1.60058
1.62948
1.65206
1.66665
1.67277
1.67165
1.66625
1.66037
1.65703
1.65707
1.65911
1.66051
1.65882
1.65253
1.64149
1.62686
1.61108
1.59712
1.58744
1.58302
1.58347
1.5878
1.59513
1.6044
1.61379
1.62058
1.62226
1.61785
1.60859
1.59761
1.58829
1.58213
1.57723
1.56891
1.5524
1.5257
1.49078
1.45294
1.41884
1.39438
1.38323
1.38628
1.40197
1.42701
1.45697
1.48698
1.51254
1.5303
1.53858
1.53738
1.52821
1.51408
1.49944
1.48944
1.48795
1.4956
1.50972
1.52601
1.54026
1.54917
1.5511
1.54643
1.53764
1.52843
1.52213
1.5202
1.5219
1.52542
1.52945
1.53378
1.53915
1.54631
1.55544
1.56587
1.57666
1.58729
1.59769
1.60793
1.61752
1.62522
1.62943
1.62897
1.62386
1.6153
1.60505
1.59453
1.58466
1.57588
1.5681
1.56054
1.55206
1.54237
1.53328
1.52871
1.53291
1.54784
1.57168
1.59972
1.62647
1.64731
1.65902
1.6598
1.64929
1.62885
1.60156
1.57182
1.54412
1.52174
1.50618
1.49753
1.49537
1.49946
1.50972
1.52588
1.54703
1.57126
1.59567
1.61708
1.63289
1.64193
1.64468
1.64316
1.64041
1.6395
1.64229
1.64869
1.65678
1.6642
1.66977
1.67418
1.67941
1.68739
1.69873
1.71209
1.72434
1.73203
1.73321
1.72856
1.71998
1.70811
1.69172
1.67007
1.64503
1.62105
1.60321
1.59515
1.59819
1.61163
1.63386
1.66302
1.69686
1.73235
1.76556
1.79238
1.80938
1.81461
1.808
1.79128
1.76772
1.74166
1.71785
1.70063
1.69297
1.69606
1.70934
1.73062
1.75652
1.78322
1.80719
1.82567
1.83688
1.83996
1.83502
1.82311
1.80626
1.787
1.76773
1.75011
1.73501
1.72307
1.7152
1.71246
1.71535
1.72303
1.73351
1.74445
1.75417
1.76189
1.76736
1.77013
1.7693
1.764
1.75421
1.74149
1.72869
1.7189
1.71387
1.71324
1.71488
1.71623
1.7155
1.71232
1.70769
1.70344
1.7015
1.70308
1.70785
1.71391
1.71849
1.71922
1.71493
1.70577
1.69276
1.67722
1.66049
1.64367
1.62746
1.61188
1.59646
1.58093
1.5659
1.55289
1.54384
1.54033
1.54305
1.55177
1.56563
1.5836
1.60463
1.62729
1.64952
1.66857
1.68157
1.68669
1.6841
1.67613
1.66648
1.65851
1.65374
1.65129
1.64872
1.64378
1.63552
1.62474
1.61364
1.60496
1.60092
1.60227
1.60814
1.61655
1.62534
1.63306
1.63909
1.64346
1.64658
1.64905
1.65179
1.65598
1.66266
1.67218
1.68395
1.69686
1.70975
1.7216
1.73124
1.73714
1.73801
1.73377
1.7264
1.71933
1.71557
1.71584
1.71875
1.72196
1.72375
1.72338
1.72071
1.7159
1.70924
1.70115
1.69223
1.68308
1.67414
1.66562
1.65746
1.64946
1.64152
1.63394
1.62747
1.62275
1.61998
1.61897
1.61982
1.62323
1.63053
1.64301
1.66126
1.68462
1.71116
1.73786
1.76141
1.77888
1.78848
1.78967
1.78323
1.77087
1.75467
1.7364
1.7173
1.69808
1.67916
1.66079
1.64303
1.62566
1.60833
1.59104
1.57479
1.56147
1.55316
1.55101
1.55495
1.56441
1.5795
1.60132
1.63072
1.66646
1.70459
1.73973
1.76706
1.78356
1.78829
1.78201
1.76686
1.74588
1.7226
1.70042
1.682
1.66874
1.66083
1.6576
1.65805
1.66133
1.66689
1.67432
1.6827
1.69011
1.69364
1.69025
1.67782
1.65613
1.627
1.59432
1.56336
1.53946
1.52567
1.52119
1.52221
1.52452
1.52588
1.5266
1.52861
1.53373
1.54243
1.55369
1.56587
1.5777
1.58854
1.59827
1.60689
1.61401
1.6185
1.61858
1.61269
1.60079
1.58522
1.57051
1.56215
1.56437
1.57856
1.60268
1.63203
1.6605
1.68165
1.68976
1.68121
1.65609
1.62012
1.58416
1.55879
1.54751
1.5467
1.55179
1.561
1.57438
1.59181
1.61205
1.63283
1.65152
1.66554
1.67295
1.67317
1.66802
1.66144
1.65707
1.65531
1.65388
1.65078
1.64579
1.6395
1.63213
1.62335
1.61292
1.60159
1.59124
1.5844
1.58332
1.58952
1.60348
1.62431
1.64922
1.67398
1.69454
1.70868
1.71655
1.71986
1.72061
1.72015
1.71881
1.716
1.71076
1.70237
1.691
1.67815
1.6662
1.65721
1.65135
1.64653
1.63957
1.62801
1.61131
1.59078
1.56872
1.54765
1.52952
1.51514
1.50411
1.49526
1.48716
1.47892
1.47051
1.46287
1.45754
1.45595
1.4587
1.46527
1.4744
1.48484
1.49604
1.5082
1.52198
1.53824
1.5577
1.5805
1.6056
1.6306
1.65208
1.66635
1.67033
1.66227
1.64252
1.61417
1.58305
1.55632
1.53983
1.53581
1.54218
1.55427
1.56745
1.57872
1.58673
1.59127
1.59293
1.59253
1.59052
1.58716
1.58335
1.58147
1.58489
1.59579
1.61331
1.63365
1.65225
1.6658
1.67285
1.67342
1.66835
1.65869
1.64565
1.63067
1.61582
1.60367
1.59689
1.59726
1.60499
1.61847
1.63461
1.64978
1.66096
1.66663
1.66714
1.66452
1.66187
1.66231
1.66799
1.67942
1.69529
1.71297
1.72947
1.7425
1.75101
1.75513
1.75559
1.75292
1.74701
1.73735
1.72354
1.70582
1.68536
1.66423
1.6451
1.63099
1.62461
1.62743
1.63856
1.65458
1.67039
1.68092
1.68286
1.67558
1.66138
1.64474
1.63076
1.62348
1.62472
1.63392
1.64869
1.66557
1.68089
1.6914
1.69504
1.69167
1.68326
1.67325
1.66467
1.65842
1.65299
1.64573
1.63445
1.61862
1.59992
1.58221
1.57053
1.56919
1.57975
1.60037
1.62692
1.65496
1.68093
1.70242
1.71784
1.7262
1.72733
1.72189
1.71155
1.69876
1.68653
1.67775
1.6745
1.67744
1.68551
1.69609
1.70583
1.71159
1.71143
1.70522
1.69462
1.68214
1.66999
1.65927
1.64999
1.64179
1.63477
1.62975
1.62776
1.62938
1.63434
1.64173
1.65048
1.65958
1.66787
1.67389
1.67633
1.67455
1.6691
1.66147
1.65337
1.64575
1.63819
1.6291
1.61658
1.59932
1.57722
1.55133
1.52356
1.49621
1.47173
1.45257
1.44086
1.43817
1.44503
1.4607
1.48334
1.51039
1.53893
1.56631
1.59041
1.60994
1.62431
1.63358
1.63826
1.63904
1.63659
1.63163
1.62527
1.61914
1.61486
1.61318
1.61365
1.61486
1.61508
1.61292
1.60754
1.599
1.58805
1.576
1.5646
1.55578
1.55145
1.55272
1.55936
1.56971
1.58124
1.59145
1.59847
1.60133
1.60006
1.59558
1.58953
1.58396
1.581
1.58234
1.58872
1.59965
1.61324
1.62664
1.6366
1.64023
1.63544
1.62176
1.60086
1.57663
1.554
1.53731
1.5294
1.53182
1.54511
1.56798
1.59665
1.6259
1.65141
1.67127
1.68586
1.69646
1.70404
1.70872
1.71025
1.70875
1.70503
1.70054
1.69677
1.6949
1.69522
1.69726
1.69995
1.70199
1.70193
1.6982
1.68929
1.67426
1.65362
1.62967
1.60623
1.5875
1.57675
1.57542
1.58315
1.59816
1.61746
1.63718
1.65356
1.66408
1.66805
1.66618
1.6599
1.65057
1.63936
1.62795
1.61936
1.61752
1.62505
1.6411
1.66166
1.68215
1.69953
1.71245
1.72041
1.72343
1.72245
1.71921
1.71516
1.71059
1.70507
1.69889
1.69368
1.69156
1.69337
1.69801
1.70308
1.70626
1.70618
1.7027
1.69636
1.68756
1.67598
1.66083
1.642
1.62143
1.60332
1.59241
1.59126
1.5988
1.61151
1.62568
1.63877
1.64947
1.65727
1.66198
1.66339
1.66118
1.65509
1.64516
1.63214
1.61766
1.60417
1.59444
1.59044
1.59215
1.59709
1.6014
1.60177
1.59712
1.58894
1.58035
1.57457
1.57391
1.57904
1.58914
1.60249
1.61713
1.63124
1.64326
1.6517
1.65521
1.65266
1.64359
1.6284
1.60856
1.58648
1.56511
1.54734
1.53556
1.53138
1.53514
1.54535
1.55872
1.57145
1.58098
1.58693
1.59041
1.59234
1.59205
1.58754
1.57746
1.56302
1.54813
1.53752
1.53363
1.53492
1.53739
1.53834
1.53908
1.54446
1.55982
1.5866
1.6203
1.65313
1.6784
1.69279
1.69623
1.69109
1.68128
1.6709
1.66263
1.65689
1.65215
1.64618
1.63713
1.62426
1.60809
1.59039
1.5741
1.56306
1.56069
1.56818
1.58371
1.60382
1.62502
1.64411
1.65809
1.66513
1.66588
1.66337
1.66081
1.65925
1.65714
1.65178
1.64126
1.62549
1.6062
1.58633
1.56923
1.55763
1.55278
1.55419
1.56013
1.56855
1.57783
1.58693
1.59514
1.60179
1.60616
1.60765
1.6059
1.60094
1.59323
1.58376
1.57381
1.56471
1.55764
1.55383
1.55474
1.56175
1.57568
1.59618
1.62167
1.64989
1.67874
1.70652
1.73207
1.75466
1.77391
1.78984
1.80236
1.81101
1.8147
1.81209
1.80188
1.78331
1.75683
1.72463
1.69077
1.66026
1.63764
1.62548
1.62371
1.62994
1.64027
1.6504
1.65667
1.65639
1.64794
1.63091
1.60654
1.57829
1.55167
1.53295
1.5267
1.53344
1.54959
1.56964
1.58892
1.60479
1.61639
1.62381
1.62733
1.62713
1.62341
1.61689
1.60924
1.60298
1.6009
1.60483
1.61461
1.62807
1.64211
1.65405
1.66234
1.66658
1.66701
1.66397
1.65746
1.64704
1.63217
1.61299
1.59076
1.56779
1.54684
1.53031
1.51926
1.513
1.50927
1.5053
1.49917
1.49075
1.48153
1.47382
1.46959
1.46991
1.47511
1.48504
1.49961
1.51884
1.54271
1.57074
1.6017
1.63345
1.66319
1.68783
1.70463
1.71178
1.70877
1.69651
1.67705
1.65319
1.62784
1.60368
1.58288
1.56711
1.55743
1.55435
1.55804
1.56846
1.58541
1.60799
1.63403
1.66004
1.68208
1.69715
1.70448
1.70575
1.70377
1.70065
1.69689
1.69184
1.68462
1.67491
1.6637
1.65369
1.64829
1.6496
1.65724
1.66912
1.68293
1.69686
1.70943
1.71923
1.72508
1.72644
1.72373
1.71798
1.7102
1.70076
1.68921
1.6749
1.65793
1.6396
1.62213
1.60728
1.59552
1.58615
1.57797
1.56977
1.56065
1.55045
1.54013
1.53134
1.52568
1.52406
1.52656
1.5331
1.54375
1.55864
1.57712
1.59725
1.61616
1.63108
1.64063
1.6453
1.64723
1.64916
1.65324
1.66015
1.66914
1.67859
1.68678
1.69269
1.69644
1.69944
1.70371
1.71023
1.71742
1.72162
1.71979
1.71178
1.7006
1.69064
1.68532
1.68544
1.68916
1.6933
1.6954
1.69474
1.69231
1.68983
1.68841
1.68771
1.68565
1.67934
1.66647
1.64639
1.62042
1.59169
1.56416
1.5413
1.52485
1.51466
1.50931
1.50719
1.5069
1.50707
1.5065
1.5045
1.50125
1.49793
1.49635
1.49854
1.50614
1.52023
1.5411
1.56818
1.59993
1.63399
1.66753
1.69778
1.72242
1.73981
1.7492
1.75088
1.74633
1.73794
1.72865
1.72106
1.71669
1.71551
1.71596
1.71543
1.71095
1.70015
1.68218
1.65827
1.63134
1.60476
1.58109
1.56147
1.54635
1.53649
1.53356
1.53962
1.55585
1.58147
1.6134
1.64701
1.67757
1.70162
1.71772
1.72618
1.72827
1.72525
1.71811
1.70774
1.69519
1.68169
1.66854
1.6569
1.64763
1.64125
1.63791
1.63759
1.64028
1.64604
1.65461
1.66496
1.67527
1.68364
1.68897
1.6912
1.69069
1.68744
1.68068
1.66925
1.65216
1.6291
1.60089
1.56933
1.53662
1.50477
1.47555
1.45067
1.43189
1.42047
1.41682
1.42054
1.43082
1.44675
1.46714
1.49013
1.51304
1.53293
1.54765
1.55682
1.56196
1.56581
1.57109
1.57927
1.58986
1.60049
1.60778
1.60857
1.60101
1.5852
1.56321
1.5386
1.51586
1.49972
1.49435
1.50221
1.52289
1.55288
1.58676
1.61885
1.64447
1.66069
1.66698
1.66564
1.66109
1.65758
1.65713
1.65943
1.66356
1.66925
1.67665
1.68548
1.69445
1.70162
1.70509
1.70357
1.69675
1.68538
1.67131
1.65739
1.64693
1.64257
1.6452
1.65341
1.66405
1.67327
1.67774
1.67514
1.6644
1.64556
1.61994
1.59033
1.56059
1.53459
1.51477
1.5016
1.49422
1.4915
1.49275
1.49788
1.50715
1.52044
1.53649
1.55286
1.56714
1.57838
1.58745
1.59615
1.60581
1.61636
1.62634
1.63373
1.6372
1.63686
1.6338
1.62886
1.6219
1.61252
1.6013
1.59033
1.58234
1.57919
1.5807
1.58469
1.58805
1.58802
1.58278
1.57169
1.5555
1.5366
1.51899
1.50763
1.50722
1.52072
1.5481
1.58635
1.63048
1.67491
1.71436
1.74428
1.76123
1.76335
1.75073
1.72557
1.69204
1.65566
1.62235
1.59719
1.58318
1.58023
1.58551
1.59509
1.60564
1.61501
1.6221
1.62632
1.6274
1.62554
1.62182
1.61815
1.61671
1.61881
1.62387
1.62954
1.63259
1.6303
1.62159
1.60754
1.59129
1.57736
1.57021
1.5726
1.5846
1.60409
1.62814
1.65417
1.68059
1.70696
1.73361
1.76098
1.78884
1.81583
1.83952
1.85693
1.86521
1.86214
1.84659
1.81888
1.78088
1.73562
1.68656
1.63703
1.5905
1.55091
1.52155
1.50266
1.49079
1.48127
1.47129
1.46084
1.45165
1.44556
1.44356
1.44595
1.45328
