1.63797
1.61976
1.59677
1.57079
1.54436
1.51994
1.49861
1.47943
1.46026
1.43924
1.41607
1.39222
1.37021
1.35293
1.34344
1.34455
1.35707
1.37822
1.40281
1.42616
1.44592
1.46181
1.47449
1.48471
1.4927
1.498
1.49969
1.49692
1.48968
1.47958
1.47009
1.46564
1.46975
1.48312
1.5032
1.52538
1.54482
1.55782
1.56243
1.55843
1.54704
1.5303
1.51056
1.49
1.47033
1.45277
1.43801
1.42627
1.41735
1.41066
1.40557
1.40178
1.39951
1.39947
1.40226
1.4078
1.41511
1.42283
1.42994
1.43625
1.44238
1.44928
1.45761
1.46719
1.47673
1.48396
1.48616
1.48094
1.46722
1.44651
1.42379
1.40656
1.40076
1.40661
1.41894
1.43114
1.43835
1.43802
1.42945
1.41342
1.39194
1.3681
1.34562
1.32827
1.3192
1.32007
1.33056
1.34857
1.37114
1.39545
1.41921
1.44067
1.45824
1.47044
1.47604
1.47446
1.46599
1.45193
1.43428
1.41535
1.39711
1.38098
1.36791
1.35873
1.3543
1.355
1.36018
1.36787
1.37522
1.37947
1.37896
1.37352
1.36442
1.35374
1.34349
1.33489
1.32818
1.32302
1.31907
1.31625
1.3145
1.31327
1.31128
1.30677
1.29821
1.28494
1.26757
1.24792
1.22848
1.21177
1.1996
1.19266
1.19052
1.1919
1.19533
1.19974
1.2048
1.21081
1.21833
1.22797
1.24039
1.25612
1.27521
1.29695
1.32004
1.34308
1.36484
1.38438
1.40118
1.41527
1.42742
1.43892
1.45083
1.46305
1.47409
1.48189
1.48484
1.48242
1.47509
1.46391
1.45018
1.43526
1.42051
1.40732
1.397
1.39064
1.38887
1.39187
1.39935
1.41067
1.42477
1.44032
1.45571
1.46925
1.47931
1.48458
1.48423
1.47813
1.46684
1.45149
1.43362
1.4149
1.39685
1.38057
1.36655
1.35468
1.34443
1.3353
1.32734
1.32143
1.31896
1.32093
1.32705
1.33588
1.3456
1.35482
1.36287
1.36949
1.37454
1.37785
1.37909
1.37791
1.37398
1.36729
1.35842
1.3487
1.34015
1.33512
1.33543
1.34171
1.35306
1.36744
1.38223
1.39477
1.40254
1.4032
1.39484
1.37646
1.34877
1.31465
1.27898
1.24731
1.22442
1.21371
1.21756
1.2372
1.27195
1.31874
1.37261
1.42796
1.47975
1.52426
1.55917
1.58348
1.59712
1.60059
1.59474
1.58072
1.55999
1.53453
1.50679
1.4797
1.45602
1.43786
1.42617
1.42067
1.42021
1.42321
1.42814
1.43375
1.43932
1.44469
1.45002
1.45537
1.46038
1.46429
1.46624
1.46567
1.46227
1.45587
1.4463
1.43366
1.41846
1.4017
1.3848
1.36911
1.35545
1.34377
1.33326
1.32283
1.31177
1.30057
1.29137
1.28777
1.2936
1.3108
1.33792
1.37034
1.40222
1.42853
1.44609
1.45372
1.45182
1.44188
1.42579
1.40535
1.38205
1.35717
1.33209
1.30845
1.28791
1.27205
1.26238
1.26027
1.26681
1.28224
1.30556
1.33465
1.36696
1.40028
1.43281
1.46304
1.48939
1.51007
1.52321
1.52708
1.52043
1.50285
1.47503
1.43896
1.39795
1.35645
1.31939
1.29139
1.27567
1.27334
1.28321
1.30227
1.32689
1.35387
1.38104
1.40714
1.43132
1.4527
1.47036
1.48348
1.49177
1.49557
1.49602
1.49481
1.49361
1.49361
1.49486
1.49633
1.49626
1.49277
1.48449
1.47083
1.45203
1.42906
1.4034
1.3768
1.35112
1.3283
1.30998
1.29702
1.28921
1.28582
1.287
1.29469
1.31124
1.33629
1.3655
1.39304
1.41504
1.43063
1.44112
1.44855
1.45457
1.45985
1.4639
1.46541
1.46297
1.45573
1.44399
1.42924
1.41385
1.40042
1.39099
1.3865
1.38644
1.38902
1.39206
1.39384
1.39393
1.39337
1.39388
1.39706
1.40364
1.41336
1.42511
1.43726
1.44796
1.45547
1.45847
1.45642
1.44964
1.43919
1.42656
1.41304
1.39932
1.38519
1.36993
1.35281
1.33369
1.31338
1.29357
1.27646
1.2641
1.25795
1.25863
1.26599
1.2791
1.29616
1.31458
1.33128
1.34346
1.34929
1.34846
1.34244
1.33453
1.32901
1.32971
1.33854
1.35498
1.37693
1.40175
1.42675
1.44925
1.46663
1.47657
1.47737
1.46825
1.44951
1.42284
1.39147
1.36028
1.33501
1.32052
1.31888
1.32878
1.34649
1.36774
1.38916
1.40874
1.42549
1.43881
1.44809
1.45247
1.4506
1.44077
1.42154
1.39327
1.36036
1.33178
1.31641
1.31587
1.32385
1.33238
1.33642
1.33403
1.32484
1.30916
1.28795
1.26357
1.24019
1.22296
1.21585
1.21982
1.23288
1.25168
1.27315
1.2952
1.31656
1.33648
1.35441
1.36981
1.38238
1.39251
1.40171
1.41248
1.4273
1.44708
1.47032
1.4938
1.51414
1.52917
1.53813
1.54148
1.54035
1.5362
1.53047
1.52433
1.51849
1.51297
1.50733
1.50078
1.49253
1.48211
1.46944
1.45504
1.43989
1.42541
1.41316
1.40445
1.40006
1.40013
1.40428
1.41191
1.42246
1.4354
1.45019
1.46605
1.48202
1.49691
1.50931
1.51764
1.52048
1.51734
1.5096
1.50098
1.49677
1.50151
1.51638
1.53785
1.55934
1.57437
1.57952
1.57558
1.56664
1.55732
1.54979
1.54297
1.53392
1.52009
1.5009
1.47829
1.45589
1.43707
1.42335
1.4146
1.41027
1.40998
1.41337
1.41993
1.42903
1.44004
1.45232
1.46512
1.47762
1.48888
1.49784
1.50363
1.50575
1.50442
1.50061
1.49586
1.49157
1.48825
1.48523
1.48085
1.47323
1.46121
1.44523
1.42766
1.41218
1.4021
1.39854
1.40009
1.40408
1.4082
1.41132
1.41317
1.4136
1.41209
1.40783
1.40026
1.38968
1.37765
1.36701
1.36161
1.36507
1.37894
1.40144
1.42808
1.45374
1.47449
1.48829
1.49472
1.49435
1.48819
1.47733
1.46269
1.44514
1.42558
1.40519
1.38545
1.3681
1.35487
1.34723
1.34607
1.3515
1.36282
1.3788
1.39795
1.41879
1.43997
1.46012
1.4779
1.49194
1.50107
1.5046
1.50267
1.49652
1.48836
1.48084
1.47601
1.47463
1.47621
1.47975
1.48467
1.49111
1.49954
1.51019
1.52244
1.53461
1.54417
1.54823
1.54421
1.53043
1.50647
1.47338
1.43351
1.39034
1.34808
1.31098
1.28254
1.26489
1.25836
1.26171
1.27263
1.28853
1.30693
1.32565
1.34282
1.35697
1.36708
1.3726
1.37337
1.3697
1.36244
1.35302
1.34292
1.33302
1.32341
1.31385
1.30467
1.29725
1.29377
1.29618
1.30508
1.31912
1.33523
1.3497
1.35953
1.36346
1.36235
1.35873
1.35591
1.35674
1.36263
1.37319
1.38671
1.40099
1.41424
1.42568
1.43558
1.44498
1.45512
1.46689
1.48047
1.49543
1.51092
1.52608
1.54004
1.55188
1.56067
1.56559
1.56613
1.56234
1.55498
1.54541
1.53533
1.52626
1.5189
1.51288
1.50683
1.49887
1.48735
1.4715
1.45183
1.43005
1.40854
1.38956
1.37468
1.36448
1.35855
1.356
1.35593
1.35777
1.36128
1.36622
1.37199
1.37769
1.38241
1.3854
1.38607
1.38406
1.37931
1.37218
1.36355
1.35467
1.34688
1.34114
1.33792
1.33716
1.33857
1.34186
1.34689
1.35356
1.36167
1.37093
1.3812
1.39261
1.4053
1.41902
1.43296
1.44593
1.45657
1.46354
1.46562
1.46186
1.4519
1.4365
1.41817
1.40129
1.39108
1.39125
1.40193
1.42024
1.44244
1.46545
1.48719
1.5063
1.52184
1.53328
1.5404
1.54343
1.54298
1.53997
1.53545
1.53037
1.52546
1.52101
1.51692
1.51274
1.5078
1.50138
1.49308
1.48324
1.47315
1.46489
1.46072
1.46222
1.46984
1.48288
1.49962
1.51771
1.53471
1.5487
1.55871
1.56468
1.56721
1.56712
1.56519
1.56201
1.55794
1.55316
1.54781
1.54216
1.5367
1.53191
1.52787
1.5239
1.51881
1.51123
1.50009
1.48494
1.46594
1.4438
1.4196
1.3946
1.37015
1.34785
1.32968
1.31776
1.31365
1.31757
1.32816
1.34307
1.35979
1.37641
1.39176
1.40534
1.41703
1.42688
1.43492
1.44123
1.44601
1.44969
1.453
1.4568
1.46177
1.46805
1.47521
1.48228
1.48799
1.49115
1.4909
1.48673
1.47846
1.46613
1.4499
1.43013
1.40775
1.38458
1.36288
1.34429
1.32915
1.31708
1.30824
1.30362
1.30412
1.30949
1.31815
1.32801
1.33753
1.34626
1.35467
1.36335
1.37265
1.38264
1.39332
1.40475
1.41703
1.43021
1.44433
1.45919
1.47419
1.48805
1.49891
1.50478
1.50405
1.49606
1.48148
1.46227
1.44131
1.42158
1.40561
1.39518
1.39143
1.39479
1.40489
1.42056
1.44
1.46087
1.48059
1.49668
1.50718
1.51104
1.50843
1.5008
1.49052
1.48013
1.47148
1.46529
1.46155
1.45996
1.46015
1.46143
1.46244
1.46135
1.4566
1.44752
1.43484
1.42084
1.40891
1.40211
1.40162
1.40606
1.41248
1.41815
1.42162
1.42266
1.42188
1.42035
1.41929
1.41996
1.42341
1.43035
1.4408
1.45391
1.46801
1.48094
1.49065
1.49562
1.49519
1.48966
1.48014
1.46826
1.45569
1.44373
1.43297
1.42325
1.41403
1.40478
1.39539
1.38605
1.37691
1.36792
1.35918
1.3513
1.34537
1.34221
1.34189
1.34408
1.34879
1.35655
1.36783
1.3821
1.3976
1.41205
1.42348
1.431
1.43486
1.43591
1.43506
1.4327
1.42873
1.4227
1.41427
1.40365
1.39186
1.38058
1.37163
1.36639
1.3654
1.36837
1.37431
1.38192
1.38978
1.3967
1.40183
1.40471
1.40526
1.40358
1.3997
1.39333
1.38382
1.37042
1.3529
1.33238
1.31173
1.29503
1.28602
1.28634
1.29486
1.30848
1.32366
1.33758
1.34884
1.35743
1.36437
1.37099
1.37821
1.38604
1.39369
1.39963
1.40189
1.39859
1.38889
1.37365
1.35551
1.33827
1.32571
1.32035
1.32279
1.33188
1.34553
1.36154
1.37798
1.39326
1.40597
1.41475
1.41815
1.41496
1.4048
1.38885
1.36994
1.35185
1.33785
1.32954
1.32669
1.32805
1.33227
1.33845
1.34607
1.35458
1.36304
1.37008
1.37456
1.37644
1.37699
1.37822
1.38176
1.38816
1.39696
1.4075
1.41958
1.43355
1.44978
1.46784
1.48603
1.50183
1.51283
1.51767
1.51615
1.5091
1.49793
1.4844
1.47044
1.45815
1.44948
1.4458
1.44726
1.45245
1.45886
1.46379
1.46528
1.46286
1.45743
1.45071
1.44438
1.4394
1.43565
1.43233
1.42865
1.42469
1.42174
1.42201
1.42739
1.43839
1.45358
1.47006
1.48463
1.49478
1.4992
1.49779
1.49126
1.48092
1.46839
1.4555
1.44422
1.43656
1.43432
1.43872
1.44979
1.46612
1.48521
1.50426
1.52086
1.53341
1.5411
1.54372
1.54147
1.53482
1.5244
1.51084
1.49474
1.47659
1.45689
1.43629
1.41601
1.39808
1.38538
1.38075
1.38535
1.39742
1.41283
1.42703
1.43684
1.44118
1.44099
1.43851
1.43642
1.43687
1.44117
1.4497
1.46199
1.47661
1.49129
1.50345
1.51091
1.51249
1.50813
1.49866
1.48555
1.47081
1.45668
1.44524
1.43784
1.43471
1.435
1.4372
1.4397
1.44115
1.44084
1.43871
1.43511
1.43038
1.42448
1.41685
1.40662
1.39294
1.37548
1.35476
1.33247
1.3112
1.29383
1.2824
1.27751
1.27859
1.28468
1.29497
1.30885
1.32573
1.34485
1.36536
1.38639
1.40717
1.42681
1.44424
1.45826
1.46777
1.47212
1.47111
1.46491
1.45399
1.43899
1.42082
1.40088
1.38105
1.36368
1.3512
1.34567
1.34819
1.3584
1.37409
1.39174
1.40754
1.41848
1.42313
1.42164
1.41525
1.40575
1.39488
1.38393
1.37347
1.36338
1.35331
1.34313
1.33338
1.32512
1.31942
1.31657
1.3158
1.31538
1.31325
1.30759
1.29723
1.28209
1.26358
1.24493
1.23081
1.226
1.23329
1.25216
1.27916
1.30944
1.33833
1.36246
1.38023
1.39168
1.3981
1.40136
1.40306
1.40422
1.40513
1.40588
1.4067
1.40816
1.4109
1.41517
1.42048
1.42556
1.42868
1.42824
1.42328
1.41364
1.40017
1.38449
1.36879
1.35529
1.34566
1.34048
1.33906
1.33991
1.34127
1.34187
1.34106
1.33878
1.33541
1.33186
1.32966
1.33075
1.33672
1.34811
1.36394
1.38204
1.39989
1.41534
1.42708
1.43465
1.43824
1.43843
1.436
1.43183
1.42698
1.42269
1.42027
1.42066
1.42403
1.42956
1.43575
1.44108
1.44445
1.44516
1.44268
1.43653
1.42633
1.41222
1.39538
1.3788
1.36748
1.36696
1.38016
1.40485
1.43503
1.46442
1.48883
1.50651
1.51743
1.52243
1.52249
1.51832
1.51021
1.49816
1.48223
1.46272
1.44008
1.41472
1.38692
1.35699
1.32577
1.295
1.26766
1.24774
1.23908
1.24407
1.26256
1.29183
1.32752
1.36479
1.39944
1.42858
1.45067
1.46545
1.47358
1.47643
1.47596
1.47433
1.47337
1.47385
1.47526
1.47611
1.47496
1.4713
1.46619
1.46178
1.46036
1.46314
1.46968
1.47781
1.48429
1.48599
1.48109
1.46984
1.45445
1.43809
1.42376
1.41317
1.40663
1.40367
1.40374
1.4065
1.41156
1.41798
1.42422
1.42874
1.43046
1.42901
1.42435
1.41634
1.4046
1.38901
1.37041
1.35079
1.33261
1.31753
1.30548
1.2952
1.28535
1.27538
1.26561
1.25693
1.25023
1.24614
1.24482
1.24624
1.25054
1.25858
1.27206
1.29267
1.32041
1.35254
1.38431
1.41095
1.42927
1.43824
1.43866
1.43236
1.42153
1.40821
1.39408
1.38062
1.36952
1.36273
1.36203
1.36814
1.38013
1.39563
1.41181
1.42637
1.43802
1.44658
1.4526
1.45697
1.46058
1.46417
1.46823
1.47305
1.47856
1.48459
1.49107
1.49819
1.50637
1.51616
1.52805
1.5422
1.55825
1.57529
1.59194
1.60669
1.61794
1.62394
1.62294
1.61351
1.59477
1.56671
1.53027
1.48731
1.44052
1.39315
1.34855
1.30975
1.27917
1.25852
1.24884
1.25012
1.26078
1.27767
1.29708
1.31612
1.33346
1.34915
1.3638
1.378
1.39206
1.40605
1.41993
1.43355
1.44655
1.45832
1.46819
1.47562
1.48035
1.48249
1.48237
1.48064
1.47841
1.47762
1.48091
1.49026
1.50502
1.52154
1.53527
1.54295
1.54347
1.53702
1.52382
1.50354
1.47555
1.44
1.39899
1.35711
1.3207
1.29575
1.28555
1.28949
1.30377
1.32342
1.34402
1.36268
1.37795
1.38942
1.39718
1.40155
1.40304
1.40246
1.40095
1.39976
1.40004
1.40262
1.40776
1.41528
1.42456
1.43469
1.4445
1.45267
1.45787
1.45904
1.45565
1.44791
1.43668
1.42315
1.40824
1.39248
1.37629
1.36041
1.34604
1.33473
1.32787
1.32659
1.33163
1.34336
1.36173
1.38615
1.4153
1.44723
1.47936
1.50884
1.5328
1.54866
1.55444
1.54903
1.53259
1.50676
1.47478
1.44113
1.41075
1.38794
1.37555
1.3746
1.38436
1.40254
1.42586
1.45069
1.47364
1.49214
1.50469
1.51076
1.51064
1.50533
1.49654
1.48633
1.47673
1.46907
1.46371
1.46026
1.45792
1.45588
1.45322
1.44889
1.44189
1.43195
1.41988
1.40726
1.39541
1.3845
1.37362
1.36151
1.34732
1.33085
1.3124
1.29279
1.27375
1.25834
1.25031
1.25271
1.26628
1.28909
1.31744
1.34741
1.37586
1.40084
1.42128
1.43668
1.44697
1.45246
1.45397
1.45279
1.45058
1.44919
1.45025
1.45477
1.46284
1.47358
1.48525
1.49562
1.50242
1.50381
1.49862
1.48658
1.46837
1.44561
1.42072
1.3966
1.37603
1.36115
1.35315
1.35206
1.35704
1.3667
1.37941
1.39345
1.40721
1.41942
1.42938
1.4368
1.44134
1.4424
1.4396
1.4336
1.4265
1.42107
1.41955
1.42244
1.42852
1.43569
1.44209
1.44659
1.44865
1.44807
1.44473
1.43853
1.42949
1.41794
1.40471
1.39114
1.37888
1.36962
1.36487
1.36572
1.37261
1.38507
1.40182
1.4211
1.44107
1.46006
1.47662
1.48938
1.49702
1.49856
1.49358
1.48247
1.46643
1.44747
1.42803
1.41059
1.39699
1.38767
1.38117
1.37454
1.36477
1.35103
1.33611
1.32537
1.32296
1.32856
1.338
1.34663
1.35193
1.35386
1.35379
1.35285
1.35101
1.34728
1.34071
1.33107
1.31907
1.30599
1.29359
1.2838
1.27855
1.27906
1.28522
1.29553
1.3075
1.31848
1.32622
1.32916
1.32635
1.31728
1.30208
1.28208
1.26027
1.24065
1.22624
1.21751
1.21298
1.21108
1.21116
1.21334
1.21785
1.22475
1.2339
1.24501
1.25758
1.27087
1.28393
1.296
1.30715
1.3188
1.33336
1.35275
1.37679
1.40337
1.42996
1.45468
1.47634
1.49412
1.50728
1.51503
1.51673
1.51196
1.50077
1.48374
1.46199
1.43697
1.4103
1.38361
1.35834
1.33584
1.31731
1.30391
1.29659
1.29596
1.30219
1.31503
1.33375
1.35711
1.38337
1.41044
1.4363
1.45926
1.47822
1.49261
1.50231
1.50743
1.50834
1.50563
1.50022
1.49321
1.48541
1.47683
1.4665
1.45295
1.4351
1.41288
1.38755
1.3616
1.33815
1.3201
1.30921
1.30585
1.30934
1.31864
1.33282
1.35114
1.37289
1.39696
1.4216
1.44448
1.463
1.47484
1.47839
1.47319
1.46012
1.44156
1.42134
1.40402
1.39381
1.39337
1.40286
1.41997
1.44059
1.45998
1.47415
1.4807
1.47911
1.47036
1.45614
1.4382
1.41822
1.39798
1.37954
1.36518
1.35708
1.35677
1.36471
1.37992
1.39995
1.42115
1.43946
1.45133
1.45452
1.44839
1.43382
1.41279
1.38809
1.36297
1.34075
1.32435
1.31565
1.31514
1.32184
1.3338
1.34871
1.36445
1.37932
1.39211
1.40199
1.40858
1.41188
1.41217
1.40972
1.40455
1.39621
1.38408
1.36799
1.34898
1.32966
1.31381
1.30508
1.30534
1.31391
1.32839
1.346
1.36457
1.38285
1.40013
1.41595
1.42992
1.44184
1.45179
1.46008
1.46711
1.47296
1.47757
1.4809
1.4834
1.48597
1.48956
1.4946
1.50067
1.50666
1.5112
1.513
1.51123
1.50572
1.49685
1.48553
1.4728
1.45973
1.44739
1.4369
1.42928
1.42511
1.42423
1.42573
1.42817
1.43
1.42997
1.42731
1.42173
1.41337
1.40307
1.39287
1.38601
1.38585
1.39353
1.40695
1.42197
1.43497
1.44437
1.45045
1.45445
1.45757
1.46055
1.46352
1.46622
1.46826
1.46935
1.46939
1.46851
1.46688
1.46453
1.46121
1.45644
1.44958
1.44002
1.4272
1.41085
1.39106
1.36833
1.34378
1.31896
1.2958
1.27607
1.26078
1.24996
1.24288
1.23898
1.23838
1.24187
1.25009
1.26243
1.27655
1.28882
1.2958
1.29575
1.28934
1.27922
1.26892
1.26155
1.25916
1.26258
1.2716
1.28514
1.30156
1.31885
1.33515
1.34898
1.35954
1.36676
1.37095
1.37236
1.37069
1.36518
1.35507
1.34041
1.32283
1.30572
1.29343
1.28936
1.29428
1.30629
1.3223
1.33979
1.35726
1.37387
1.38867
1.40034
1.40775
1.41073
1.41044
1.40888
1.40781
1.40795
1.40905
1.41051
1.41212
1.41417
1.41701
1.42073
1.42498
1.42924
1.43311
1.43645
1.43949
1.44256
1.44591
1.44947
1.45293
1.45566
1.45677
1.4552
1.44994
1.44034
1.42638
1.40858
1.38787
1.36524
1.34163
1.31804
1.29566
1.27611
1.26132
1.25318
1.25299
1.26107
1.27674
1.29857
1.32466
1.35301
1.38178
1.40949
1.43487
1.4566
1.47335
1.48413
1.4885
1.48671
1.47945
1.46765
1.45235
1.4346
1.41558
1.39641
1.37811
1.36135
1.34654
1.334
1.32428
1.31825
1.31697
1.32117
1.33052
1.34357
1.35795
1.37117
1.38146
1.38812
1.3916
1.39309
1.39418
1.39647
1.40126
1.40901
1.41914
1.43004
1.43953
1.44554
1.44678
1.44315
1.43585
1.42696
1.41878
1.41295
1.40991
1.40893
1.40853
1.40723
1.40403
1.39859
1.39133
1.38345
1.3767
1.37294
1.37343
1.37837
1.38683
1.39726
1.40803
1.41801
1.42679
1.43465
1.44245
1.45136
1.46231
1.47473
1.48589
1.49216
1.49107
1.48235
1.4676
1.44937
1.43036
1.41275
1.39772
1.38541
1.37513
1.36582
1.35664
1.34741
1.33873
1.332
1.32897
1.33109
1.33865
1.3504
1.36392
1.37635
1.38536
1.38964
1.38897
1.38386
1.3752
1.36405
1.35155
1.33896
1.32788
1.3202
1.31775
1.3219
1.33318
1.35117
1.37462
1.40154
1.42927
1.45483
1.47548
1.48943
1.49624
1.49712
1.49419
1.48891
1.4811
1.46956
1.45378
1.43501
1.41576
1.39789
1.3815
1.36551
1.34909
1.33272
1.31804
1.30706
1.30158
1.30279
1.31102
1.32554
1.34479
1.36672
1.3891
1.40995
1.4278
1.442
1.45258
1.46009
1.46513
1.46811
1.46895
1.46715
1.46201
1.45284
1.43912
1.42074
1.39826
1.37328
1.34851
1.32703
1.31114
1.30166
1.29827
1.30023
1.30681
1.31711
1.32972
1.34263
1.35356
1.36047
1.36205
1.35783
1.34786
1.33253
1.31278
1.29061
1.26988
1.25594
1.25381
1.26553
1.28875
1.31804
1.34738
1.37229
1.39078
1.40315
1.41098
1.41568
1.41763
1.41608
1.4101
1.39955
1.3857
1.37105
1.35823
1.34883
1.34294
1.33996
1.3397
1.34274
1.34999
1.36217
1.37948
1.40152
1.42729
1.45528
1.48358
1.51014
1.5329
1.55002
1.56003
1.56208
1.55623
1.54365
1.5267
1.50857
1.49268
1.48169
1.47676
1.47739
1.48187
1.48802
1.49389
1.49809
1.49984
1.49871
1.49446
1.48686
1.47571
1.46107
1.44335
1.42345
1.40269
1.3826
1.36471
1.3504
1.34086
1.33717
1.33994
1.34874
1.36173
1.37607
1.38903
1.39904
1.4059
1.41032
1.41333
1.41572
1.41782
1.41941
1.42008
1.41953
1.41788
1.41575
1.41392
1.41297
1.41292
1.41324
1.41317
1.41205
1.4096
1.40609
1.40214
1.39843
1.39553
1.39374
1.39316
1.39381
1.3957
1.39879
1.40266
1.40639
1.40859
1.40793
1.40368
1.39619
1.38704
1.3787
1.37393
1.3749
1.38232
1.39505
1.41067
1.42636
1.43971
1.44928
1.45457
1.45573
1.45321
1.44743
1.43882
1.42809
1.41643
1.40568
1.39789
1.39473
1.39686
1.40366
1.41351
1.42427
1.43389
1.44074
1.44391
1.44342
1.44032
1.43651
1.43409
1.43462
1.43845
1.44456
1.45105
1.45579
1.45709
1.45418
1.4474
1.43787
1.42701
1.41588
1.40486
1.39383
1.38264
1.3714
1.36059
1.35079
1.34243
1.3356
1.33032
1.32668
1.32503
1.3258
1.32926
1.33518
1.3426
1.34989
1.355
1.35613
1.3523
1.34403
1.33341
1.32354
1.31765
1.31809
1.32583
1.34035
1.36011
1.38294
1.40658
1.42902
1.44862
1.46404
1.47409
1.47786
1.47501
1.46606
1.45249
1.43636
1.41977
1.40418
1.39015
1.37753
1.36582
1.35462
1.34396
1.33444
1.32711
1.32325
1.32389
1.32925
1.33832
1.34904
1.35894
1.36599
1.3691
1.36827
1.36427
1.3582
1.35118
1.34414
1.3377
1.3322
1.32794
1.32539
1.32523
1.32796
1.33373
1.34225
1.35308
1.3658
1.38005
1.39531
1.41061
1.42444
1.43503
1.44084
1.44114
1.43652
1.42876
1.42024
1.41297
1.40787
1.4047
1.4024
1.39981
1.39611
1.39106
1.38493
1.37816
1.37113
1.36408
1.3572
1.35092
1.34592
1.34304
1.34306
1.34647
1.35335
1.36319
1.37484
1.3867
1.39684
1.40344
1.405
1.40058
1.39009
1.37454
1.35635
1.33901
1.32609
1.31972
1.31949
1.32289
1.32658
1.32777
1.32498
1.3181
1.30822
1.29742
1.28864
1.28517
1.28967
1.3029
1.32332
1.34794
1.37389
1.39934
1.42347
1.44596
1.46642
1.48412
1.49808
1.50712
1.50986
1.50496
1.49132
1.46848
1.43715
1.39952
1.35932
1.32121
1.28979
1.26837
1.25814
1.25803
1.26541
1.27728
1.29152
1.30755
1.32566
1.34564
1.36563
1.38235
1.39238
1.39348
1.38526
1.36925
1.34834
1.32602
1.30533
1.28836
1.27632
1.26969
1.26835
1.27149
1.27791
1.2865
1.29665
1.30839
1.32199
1.33765
1.35527
1.37437
1.39432
1.41441
1.43386
1.45188
1.46785
1.48132
1.49218
1.50061
1.50715
1.51248
1.51729
1.52189
1.52606
1.52895
1.52925
1.52561
1.51715
1.50391
1.48702
1.46874
1.45219
1.4405
1.43584
1.43853
1.44673
1.45702
1.46528
1.46769
1.46166
1.44684
1.42613
1.4053
1.3901
1.38244
1.3795
1.37653
1.37001
1.35923
1.34623
1.33493
1.32973
1.33386
1.34787
1.36908
1.39255
1.4133
1.42824
1.43734
1.44328
1.44955
1.45806
1.4682
1.47805
1.48596
1.49137
1.49467
1.49666
1.49822
1.49992
1.50194
1.50417
1.50634
1.5083
1.51018
1.51239
1.51534
1.51915
1.52343
1.52714
1.52896
1.52761
1.52244
1.51362
1.50226
1.48992
1.47811
1.46762
1.45826
1.44926
1.43995
1.43044
1.4219
1.41627
1.41578
1.422
1.4352
1.45398
1.4756
1.49676
1.51461
1.52729
1.53415
1.53548
1.53217
1.5254
1.51645
1.50645
1.49623
1.48605
1.47566
1.46469
1.45314
1.44164
1.43144
1.42405
1.42068
1.42194
1.42771
1.43737
1.4501
1.46504
1.48123
1.49764
1.51301
1.52592
1.53482
1.5382
1.53488
1.52434
1.50723
1.48568
1.46311
1.44322
1.42847
1.41924
1.4139
1.41002
1.40554
1.3996
1.39256
1.38561
1.38012
1.37732
1.37803
1.38256
1.39079
1.40212
1.41554
1.42964
1.44271
1.453
1.45903
1.46001
1.45607
1.44811
1.43742
1.42522
1.41246
1.39997
1.3886
1.3792
1.37233
1.36823
1.36694
1.36823
1.37121
1.37424
1.37559
1.37446
1.37145
1.36827
1.36676
1.36809
1.37237
1.37905
1.3874
1.39681
1.40655
1.41549
1.42213
1.42536
1.42517
1.42306
1.42172
1.42424
1.43312
1.44947
1.4726
1.50011
1.52852
1.55382
1.57246
1.58163
1.5796
1.56584
1.54153
1.51002
1.47664
1.44739
1.42661
1.41548
1.41263
1.41607
1.42404
1.4348
1.44643
1.45744
1.46713
1.47561
1.48297
1.4888
1.49208
1.4914
1.48547
1.4737
1.45655
1.43569
1.41373
1.39357
1.37761
1.3669
1.36095
1.35786
1.35501
1.34978
1.34011
1.32496
1.30448
1.28012
1.25454
1.23146
1.21497
1.20865
1.21436
1.23157
1.25754
1.28833
1.31987
1.3486
1.3719
1.38839
1.39822
1.40295
1.40514
1.40744
1.41173
1.41865
1.42776
1.43804
1.44796
1.45516
1.4564
1.44876
1.43135
1.40618
1.37756
1.35057
1.32936
1.31642
1.31259
1.31751
1.33001
1.34846
1.37101
1.39575
1.42079
1.44432
1.46483
1.48121
1.49295
1.50015
1.50336
1.50333
1.50081
1.49645
1.49063
1.48356
1.47563
1.46767
1.46124
1.45835
1.4607
1.46878
1.48147
1.49629
1.51035
1.52138
1.52827
1.53125
1.53136
1.5299
1.52782
1.52546
1.52253
1.51842
1.51251
1.50418
1.49318
1.47969
1.46447
1.44886
1.43453
1.423
1.41524
1.41129
1.41025
1.41061
1.41082
1.40985
1.40762
1.40488
1.40282
1.40238
1.40395
1.40745
1.41275
1.41973
1.42822
1.43769
1.44704
1.45458
1.45839
1.45688
1.44935
1.4363
1.41945
1.40117
1.38384
1.36919
1.35798
1.35024
1.3454
1.34263
1.34112
1.3402
1.33956
1.33935
1.34017
1.34276
1.34766
1.35476
1.36322
1.37185
1.37959
1.38618
1.39224
1.39874
1.40605
1.41348
1.4195
1.4225
1.4212
1.41502
1.40408
1.38928
1.37217
1.35474
1.33903
1.32666
1.31836
1.31375
1.31155
1.31015
1.30834
1.30562
1.30211
1.29825
1.29477
1.29296
1.29476
1.30222
1.31631
1.33579
1.35748
1.37764
1.39336
1.40326
1.40732
1.40653
1.40247
1.39704
1.39214
1.3893
1.38945
1.39281
1.39888
1.4067
1.415
1.42267
1.42909
1.4342
1.43822
1.44114
1.44227
1.44058
1.43521
1.42592
1.41327
1.39849
1.38313
1.36884
1.35702
1.34867
1.34445
1.34486
1.3504
1.36142
1.37766
1.39797
1.42047
1.44317
1.46447
1.48345
1.4998
1.51359
1.52502
1.53426
1.54136
1.5463
1.54892
1.54894
1.54598
1.53983
1.53068
1.51916
1.50638
1.49369
1.48233
1.47308
1.46591
1.4599
1.45342
1.44464
1.4321
1.41522
1.3945
1.37152
1.34866
1.32861
1.31375
1.30564
1.30472
1.31039
1.32135
1.336
1.35265
1.36947
1.38466
1.39666
1.40442
1.40764
1.4066
1.40175
1.39327
1.3811
1.36567
1.34871
1.3336
1.32449
1.32462
1.33475
1.35306
1.37628
1.40092
1.42417
1.44405
1.45945
1.46996
1.4756
1.47653
1.47294
1.465
1.45311
1.4381
1.42132
1.40466
1.39029
1.38039
1.37657
1.37926
1.38718
1.39735
1.40624
1.41116
1.41129
1.40787
1.40352
1.40112
1.40268
1.40882
1.41882
1.43118
1.44417
1.45622
1.46625
1.47384
1.47911
1.4827
1.48541
1.48796
1.4908
1.49388
1.49676
1.49876
1.4991
1.49703
1.49181
1.48284
1.46985
1.45325
1.43423
1.41475
1.39716
1.38357
1.37544
1.37334
1.3771
1.386
1.39868
1.41312
1.42673
1.43695
1.44206
1.44185
1.43773
1.43203
1.42682
1.42294
1.41974
1.41594
1.41101
1.40571
1.40121
1.39774
1.39445
1.39032
1.38498
1.37864
1.37182
1.36529
1.36018
1.35795
1.36012
1.36781
1.38127
1.39959
1.42081
1.44249
1.46282
1.48099
1.49703
1.51119
1.52328
1.53254
1.53776
1.53768
1.53129
1.51818
1.49861
1.47343
1.44391
1.41167
1.37854
1.34632
1.31675
1.29161
1.27296
1.2631
1.2637
1.27447
1.29265
1.31401
1.33463
1.35219
1.36632
1.37779
1.38766
1.3965
1.40423
1.41024
1.41359
1.41336
1.40898
1.40035
1.38805
1.37325
1.35756
1.34274
1.33036
1.32163
1.31742
1.31831
1.3244
1.335
1.3486
1.36301
1.37591
1.38522
1.38939
1.38739
1.37878
1.36376
1.34347
1.3201
1.29696
1.27794
1.26697
1.26722
1.28029
1.30493
1.33657
1.36879
1.39595
1.41515
1.42618
1.4304
1.42945
1.42461
1.41683
1.40692
1.39569
1.38404
1.37297
1.36366
1.35745
1.35572
1.3596
1.36946
1.38488
1.4048
1.42802
1.45347
1.48028
1.50752
1.53365
1.55643
1.57341
1.58253
1.58284
1.57452
1.55872
1.53707
1.51121
1.4825
1.45194
1.4204
1.38904
1.35963
1.3344
1.31559
1.30473
1.30202
1.30628
1.31553
1.32796
1.34253
1.3589
1.37689
1.39565
1.41347
1.42822
1.43821
1.44277
1.44228
1.43787
1.43114
1.4239
1.41815
1.41596
1.41925
1.42922
1.44574
1.46707
1.49018
1.5115
1.52793
1.53736
1.53894
1.53306
1.52121
1.50552
1.48844
1.47229
1.45894
1.44971
1.44541
1.44629
1.45195
1.46142
1.47319
1.48562
1.49729
1.50733
1.51544
1.52167
1.52594
1.5279
1.52725
1.52406
1.51867
1.51139
1.50218
1.4909
1.47768
1.46333
1.44937
1.43767
1.42996
1.42707
1.4287
1.43347
1.4394
1.44449
1.44731
1.44722
1.44439
1.43953
1.43373
1.428
1.42305
1.41913
1.41587
1.4124
1.40756
1.40028
1.3899
1.3764
1.36045
1.34338
1.32698
1.31323
1.30384
1.29977
1.30102
1.30664
1.31511
1.32501
1.3354
1.34617
1.35797
1.3719
1.38901
1.40968
1.43337
1.45869
1.48358
1.50562
1.5224
1.53182
1.53262
1.52463
1.50896
1.48785
1.46411
1.44036
1.41845
1.39924
1.38319
1.37085
1.36297
1.36
1.36149
1.36612
1.3722
1.37827
1.38336
1.38681
1.38812
1.38699
1.38344
1.37789
1.3712
1.36442
1.35868
1.35484
1.3534
1.35451
1.35795
1.3632
1.3694
1.37533
1.37962
1.38128
1.3802
1.37718
1.37329
1.36933
1.3657
1.36308
1.36264
1.36576
1.37343
1.38569
1.40156
1.41929
1.43667
1.45146
1.46166
1.46572
1.4628
1.45324
1.43896
1.42317
1.40904
1.39812
1.39041
1.38575
1.38495
1.38938
1.39998
1.41629
1.43651
1.45805
1.47841
1.49582
1.50941
1.51908
1.52517
1.5281
1.52814
1.52533
1.5195
1.51053
1.49863
1.48469
1.4706
1.4592
1.45352
1.45556
1.46524
1.48023
1.49673
1.51085
1.51968
1.52178
1.51705
1.50611
1.48976
1.46878
1.44411
1.41725
1.39052
1.36694
1.34957
1.34055
1.34032
1.3476
1.35971
1.37344
1.38586
1.39485
1.39946
1.39986
1.39705
1.39249
1.38748
1.38272
1.37816
1.37311
1.36677
1.35901
1.35083
1.34411
1.3406
1.34098
1.34446
1.34933
1.35389
1.35712
1.35882
1.35901
1.35756
1.35406
1.34802
1.33944
1.32922
1.31964
1.31395
1.3151
1.32404
1.33899
1.35642
1.37255
1.38463
1.3913
1.39261
1.3897
1.38458
1.37962
1.37703
1.3785
1.38489
1.39589
1.40985
1.42402
1.43562
1.44305
1.44647
1.44771
1.44946
1.4541
1.46246
1.47331
1.48376
1.49048
1.49121
1.48557
1.47529
1.46346
1.45342
1.44764
1.44675
1.44932
1.45253
1.45337
1.44971
1.44083
1.42749
1.41155
1.39553
1.38185
1.3723
1.36751
1.36693
1.36901
1.37165
1.37276
1.3707
1.36473
1.35512
1.34304
1.33021
1.31837
1.30884
1.30221
1.29832
1.29638
1.29532
1.29393
1.29131
1.28718
1.28214
1.27767
1.27564
1.27757
1.28397
1.29414
1.30649
1.31912
1.33039
1.33933
1.34584
1.35071
1.35542
1.36169
1.37098
1.38374
1.39918
1.41519
1.42896
1.43789
1.44061
1.43754
1.43071
1.42265
1.41513
1.40855
1.40248
1.39628
1.38903
1.37913
1.36447
1.34376
1.31851
1.29383
1.27637
1.27078
1.27818
1.29759
1.3269
1.36247
1.39914
1.4315
1.45552
1.46941
1.47356
1.46977
1.46051
1.44834
1.43547
1.42349
1.4133
1.40509
1.39849
1.39284
1.38743
1.38192
1.37657
1.37236
1.37088
1.37388
1.38255
1.39699
1.41594
1.43719
1.4581
1.47612
1.48904
1.49516
1.49346
1.48398
1.46811
1.44841
1.42821
1.41081
1.39881
1.39365
1.39557
1.40383
1.41702
1.43322
1.45034
1.46652
1.48047
1.49168
1.50024
1.50644
1.5105
1.51251
1.51264
1.51117
1.50832
1.50418
1.49861
1.49142
1.48282
1.47395
1.4669
1.46416
1.46722
1.47545
1.48626
1.49652
1.50366
1.50614
1.50309
1.49405
1.47901
1.45865
1.43462
1.4095
1.38655
1.36896
1.35888
1.35657
1.36013
1.36612
1.37103
1.37257
1.37033
1.36563
1.36071
1.35779
1.35838
1.36298
1.3712
1.38213
1.39491
1.4092
1.42502
1.44233
1.46042
1.47787
1.49288
1.50387
1.50973
1.51005
1.50518
1.49604
1.48395
1.47038
1.45695
1.44528
1.43676
1.43221
1.43162
1.43422
1.43862
1.44302
1.44541
1.4438
1.43668
1.42344
1.405
1.38399
1.36437
1.35016
1.34386
1.34554
1.35356
1.36601
1.38184
1.40091
1.42336
1.44878
1.47575
1.50194
1.52473
1.54209
1.553
1.55749
1.55638
1.5509
1.54245
1.53235
1.52177
1.51199
1.50466
1.50176
1.50446
1.51167
1.51967
1.52386
1.52109
1.51116
1.49669
1.4819
1.47056
1.46425
1.46213
1.46231
1.46373
1.46702
1.47378
1.48476
1.49879
1.51306
1.52427
1.52963
1.52733
1.51677
1.4987
1.47528
1.44994
1.42663
1.40828
1.39563
1.38718
1.3805
1.37371
1.36617
1.35852
1.35211
1.3482
1.34748
1.3498
1.35433
1.36
1.3658
1.37138
1.37721
1.38458
1.39523
1.41023
1.42894
1.44892
1.46721
1.48174
1.4919
1.49832
1.50212
1.50438
1.50578
1.50644
1.50584
1.50279
1.49576
1.48344
1.46526
1.44205
1.41596
1.38995
1.36703
1.34939
1.33791
1.33228
1.33145
1.33412
1.3391
1.34517
1.35124
1.35633
1.35968
1.36084
1.35962
1.35619
1.35115
1.34582
1.34229
1.34293
1.34925
1.36048
1.37343
1.38374
1.38779
1.38417
1.37405
1.3608
1.34861
1.34058
1.33762
1.33893
1.34367
1.35182
1.36394
1.38023
1.39961
1.4199
1.43879
1.45482
1.46725
1.47545
1.47901
1.47824
1.47432
1.46874
1.46249
1.45579
1.44822
1.43903
1.42746
1.4131
1.39638
1.37862
1.36167
1.34732
1.33683
1.33113
1.33098
1.33698
1.34911
1.36641
1.38697
1.40831
1.42792
1.44376
1.45447
1.45947
1.45883
1.45303
1.44255
1.42797
1.41005
1.39011
1.37009
1.35223
1.33829
1.32898
1.32388
1.32198
1.32223
1.32391
1.32659
1.32992
1.3335
1.33692
1.33989
1.34243
1.34502
1.34865
1.35458
1.3634
1.37441
1.38559
1.39484
1.40132
1.40574
1.40935
1.41265
1.41508
1.41568
1.4142
1.4114
1.40851
1.40632
1.4047
1.40311
1.40164
1.40194
1.40675
1.41799
1.43501
1.45481
1.474
1.49032
1.50232
1.50848
1.507
1.49652
1.47693
1.44953
1.41678
1.38182
1.34783
1.3177
1.29359
1.27694
1.26862
1.26903
1.27792
1.29408
1.31539
1.33911
1.36239
1.38277
1.3983
1.40759
1.4098
1.40487
1.39379
1.3787
1.36255
1.34829
1.3378
1.3313
1.32743
1.32455
1.3218
1.31953
1.31894
1.32124
1.32707
1.33642
1.34868
1.36299
1.37843
1.39404
1.40869
1.42108
1.42982
1.43345
1.43088
1.4219
1.40809
1.39344
1.38359
1.38289
1.39153
1.40595
1.42163
1.43519
1.44495
1.45076
1.45364
1.45528
1.45737
1.461
1.46601
1.47106
1.47437
1.47496
1.47307
1.47009
1.46806
1.46916
1.47495
1.48551
1.49915
1.51313
1.52481
1.5326
1.5362
1.53663
1.53563
1.53504
1.5361
1.53898
1.54293
1.54672
1.54923
1.54998
1.54932
1.54838
1.54882
1.55185
1.55732
1.56338
1.56751
1.56786
1.56388
1.55616
1.54618
1.53607
1.52822
1.52474
1.52667
1.53362
1.54396
1.55541
1.56567
1.57275
1.57519
1.57212
1.56338
1.54952
1.53175
1.51155
1.49039
1.46939
1.44918
1.43003
1.41225
1.39642
1.38342
1.37421
1.36938
1.36867
1.37081
1.37368
1.37479
1.37203
1.36452
1.35352
1.34256
1.33639
1.33854
1.34945
1.36681
1.38757
1.40943
1.431
1.45134
1.46951
1.48464
1.49612
1.50354
1.50639
1.50368
1.49406
1.47631
1.4504
1.41854
1.38531
1.35639
1.33626
1.32621
1.32409
1.32599
1.32803
1.32752
1.32331
1.31574
1.3064
1.29776
1.29251
1.29278
1.29976
1.31356
1.33351
1.35836
1.38629
1.41475
1.44054
1.46026
1.47134
1.47283
1.466
1.45419
1.44183
1.4328
1.42893
1.42949
1.43196
1.43341
1.4317
1.42605
1.41689
1.40547
1.39327
1.38153
1.37107
1.36232
1.35556
1.35134
1.35065
1.35455
1.36365
1.37758
1.39487
1.41337
1.43088
1.44582
1.45748
1.46607
1.47222
1.47654
1.47929
1.48042
1.47978
1.4772
1.47254
1.46579
1.45748
1.44888
1.44194
1.43847
1.43914
1.443
1.44797
1.4521
1.45435
1.45498
1.45541
1.45756
1.46272
1.47046
1.47824
1.48231
1.47925
1.46749
1.44793
1.42373
1.39903
1.37741
1.36069
1.34915
1.34271
1.34163
1.34593
1.3544
1.36454
1.37357
1.37933
1.3808
1.37809
1.37219
1.36454
1.35659
1.34964
1.34474
1.34294
1.34541
1.35326
1.36714
1.38671
1.41036
1.43545
1.459
1.47833
1.49168
1.49834
1.49866
1.49383
1.48561
1.47601
1.46686
1.45943
1.45425
1.45108
1.44916
1.44767
1.44606
1.44414
1.44191
1.43923
1.43575
1.43119
1.42555
1.41939
1.41362
1.4093
1.40731
1.4082
1.41154
1.41563
1.41793
1.41613
1.40888
1.3959
1.37807
1.35717
1.33547
1.31484
1.29609
1.27921
1.26431
1.2522
1.24435
1.2423
1.24707
1.25879
1.27664
1.29896
1.32349
1.34792
1.37038
1.39011
1.40733
1.42254
1.43572
1.44597
1.45211
1.45332
1.44968
1.44213
1.43211
1.42111
1.41038
1.40101
1.3942
1.39124
1.39308
1.39988
1.41084
1.42451
1.4393
1.45382
1.46695
1.4777
1.48518
1.48862
1.48747
1.48164
1.47175
1.45932
1.44662
1.43596
1.42871
1.42499
1.42433
1.42679
1.43292
1.44297
1.45589
1.46924
1.47977
1.48447
1.48156
1.47114
1.45511
1.4366
1.41892
1.40456
1.39464
1.38889
1.38586
1.38359
1.38043
1.37609
1.37227
1.37241
1.37992
1.39546
1.41572
1.43486
1.44728
1.44955
1.44113
1.42414
1.40255
1.38131
1.36514
1.3575
1.35988
1.37168
1.39059
1.41332
1.43651
1.45751
1.47473
1.48743
1.49528
1.49795
1.49508
1.48664
1.47361
1.4583
1.44392
1.43322
1.42679
1.42248
1.41655
1.40617
1.39209
1.37947
1.37437
1.37785
1.38463
1.38798
1.38454
1.3751
1.36305
1.35229
1.34575
1.34467
1.34881
1.35745
1.37019
1.38683
1.40632
1.42638
1.44442
1.4585
1.46737
1.47027
1.46681
1.4573
1.44285
1.42529
1.4068
1.38952
1.37541
1.36606
1.36259
1.36538
1.37388
1.38664
1.40171
1.41705
1.43096
1.44233
1.45068
1.4559
1.45797
1.45691
1.45276
1.44584
1.43687
1.42685
1.41687
1.40779
1.39997
1.39311
1.38627
1.37794
1.36654
1.35102
1.3317
1.31069
1.29137
1.27707
1.2699
1.27041
1.27765
1.28938
1.30261
1.31465
1.32406
1.33093
1.33653
1.34257
1.3504
1.36049
1.37225
1.38433
1.39505
1.40292
1.40707
1.40751
1.40502
1.40114
1.39786
1.39712
1.40021
1.40729
1.41736
1.42886
1.4404
1.45119
1.46088
1.46917
1.47546
1.47885
1.47831
1.47302
1.46269
1.44773
1.4294
1.40949
1.39001
1.37266
1.35858
1.3483
1.34202
1.33988
1.34211
1.34913
1.36141
1.37918
1.40196
1.42805
1.45464
1.47876
1.49818
1.51169
1.51878
1.51919
1.51312
1.50208
1.48938
1.47905
1.4733
1.47123
1.47053
1.46977
1.46895
1.46838
1.46752
1.46462
1.4573
1.4434
1.42201
1.39432
1.36399
1.33652
1.31724
1.30895
1.31075
1.31905
1.32963
1.33948
1.3474
1.35368
1.35937
1.36556
1.37285
1.38119
1.38987
1.39801
1.40495
1.41087
1.41678
1.42401
1.43321
1.44365
1.45328
1.45947
1.45997
1.45342
1.4396
1.41941
1.3947
1.36794
1.34172
1.31806
1.29814
1.28238
1.27092
1.26419
1.26317
1.26919
1.28334
1.3055
1.33383
1.36503
1.39529
1.42145
1.4419
1.45684
1.46798
1.47762
1.48756
1.49834
1.50907
1.51795
1.52316
1.52367
1.51952
1.51157
1.50098
1.48883
1.47609
1.46385
1.45341
1.44602
1.44247
1.44272
1.44578
1.44998
1.4536
1.45537
1.45471
1.45163
1.44634
1.439
1.42967
1.41849
1.40603
1.39342
1.38197
1.37241
1.36435
1.35692
1.34981
1.34381
1.34034
1.34039
1.34391
1.34995
1.35728
1.36504
1.37303
1.38162
1.39123
1.40185
1.41271
1.4223
1.42874
1.43053
1.42692
1.41819
1.40547
1.39053
1.37534
1.36175
1.35112
1.34414
1.34086
1.34098
1.3442
1.35042
1.35974
1.37213
1.38706
1.40331
1.41908
1.43239
1.4415
1.44523
1.44307
1.43534
1.42321
1.40857
1.39377
1.38098
1.37153
1.36529
1.36074
1.35567
1.3484
1.33869
1.32804
1.31935
1.31567
1.31878
1.32824
1.34187
1.35669
1.36981
1.37897
1.38322
1.38357
1.38295
1.38477
1.39093
1.40045
1.41007
1.41616
1.41644
1.41059
1.39973
1.38551
1.3692
1.35131
1.33189
1.31104
1.2895
1.26888
1.25143
1.23948
1.23478
1.23813
1.24927
1.26709
1.28994
1.31584
1.34274
1.36873
1.39219
1.41189
1.42708
1.43758
1.4438
1.44649
1.44637
1.44377
1.43881
1.43163
1.42272
1.41311
1.40421
1.39744
1.39376
1.39345
1.39594
1.40002
1.40417
1.40719
1.40911
1.41175
1.41801
1.42989
1.44682
1.46589
1.48376
1.49803
1.50742
1.51145
1.51011
1.50362
1.49238
1.47721
1.45952
1.4412
1.42415
1.40968
1.39816
1.38909
1.38161
1.37486
1.36829
1.3616
1.35484
1.34848
1.34354
1.34162
1.34459
1.35418
1.37106
1.39441
1.42208
1.45125
1.47926
1.50407
1.52419
1.53855
1.54639
1.5473
1.54126
1.52893
1.51164
1.49122
1.46956
1.44807
1.42742
1.40772
1.38912
1.37213
1.35792
1.34829
1.34532
1.35066
1.36455
1.38542
1.41014
1.43491
1.45616
1.47129
1.47902
1.47924
1.47276
1.46095
1.44558
1.42859
1.4119
1.39715
1.38544
1.37699
1.37101
1.36592
1.36003
1.35236
1.3433
1.33463
1.32893
1.32851
1.33467
1.34734
1.36523
1.38614
1.40733
1.42605
1.44004
1.44812
1.45042
1.44837
1.44417
1.44024
1.43841
1.43954
1.44342
1.44938
1.45664
1.46464
1.47303
1.4816
1.49021
1.49869
1.50679
1.51409
1.52014
1.52448
1.52678
1.52673
1.52397
1.51809
1.50873
1.4958
1.47974
1.46183
1.44417
1.42939
1.41979
1.41658
1.4196
1.42775
1.43971
1.45421
1.47
1.48577
1.50021
1.51218
1.52091
1.52588
1.52661
1.52235
1.51249
1.49763
1.48043
1.46491
1.45419
1.4486
1.44631
1.44526
1.44461
1.44472
1.44629
1.4497
1.45473
1.46077
1.46708
1.47323
1.47911
1.48486
1.49073
1.49676
1.50278
1.50844
1.51366
1.51884
1.52477
1.53223
1.5413
1.55106
1.55972
1.5654
1.56678
1.56344
1.55583
1.54496
1.53214
1.51866
1.50563
1.49392
1.48397
1.47577
1.46879
1.46219
1.4553
1.44819
1.442
1.43852
1.4393
1.4448
1.45399
1.46497
1.47581
1.48515
1.49226
1.49675
1.49829
1.49654
1.49128
1.48256
1.47075
1.45649
1.4404
1.4229
1.40423
1.38468
1.36496
1.34632
1.33034
1.31845
1.31151
1.3097
1.31284
1.32077
1.33338
1.35039
1.3711
1.39408
1.41721
1.43811
1.45471
1.46553
1.46991
1.46801
1.46075
1.44976
1.43713
1.42491
1.41478
1.40778
1.40436
1.40469
1.40893
1.41739
1.4302
1.44692
1.46633
1.48644
1.50494
1.51954
1.52844
1.53094
1.52819
1.52364
1.52199
1.52707
1.53928
1.55492
1.56807
1.57347
1.56856
1.55384
1.53197
1.50646
1.48044
1.45585
1.43333
1.41294
1.39508
1.38075
1.3708
1.36503
1.36229
1.36167
1.36341
1.36857
1.37792
1.39131
1.40791
1.42693
1.44796
1.47049
1.4933
1.51434
1.53105
1.54102
1.54251
1.53477
1.51814
1.49406
1.46507
1.43453
1.40626
1.38377
1.36964
1.36526
1.37096
1.38623
1.4096
1.43861
1.47001
1.50049
1.52737
1.54902
1.56484
1.57487
1.57935
1.57846
1.57227
1.56109
1.54581
1.52822
1.51095
1.49683
1.48784
1.48441
1.48553
1.48937
1.49395
1.49751
1.4985
1.49549
1.48732
1.47364
1.45582
1.43778
1.4253
1.42312
1.43196
1.4482
1.46638
1.48162
1.49083
1.49282
1.48793
1.47757
1.46353
1.44752
1.43099
1.41532
1.40209
1.39283
1.3885
1.38912
1.39408
1.40283
1.41518
1.43114
1.45028
1.47141
1.49276
1.5125
1.52924
1.54214
1.5508
1.55502
1.55445
1.54862
1.53702
1.51934
1.49601
1.46842
1.43901
1.41094
1.38739
1.37056
1.36093
1.357
1.35593
1.35451
1.35024
1.34208
1.33068
1.31804
1.3067
1.29862
1.29441
1.29314
1.29307
1.29282
1.29233
1.29298
1.29685
1.30532
1.31801
1.33288
1.34729
1.35919
1.36769
1.37287
1.37518
1.37488
1.37192
1.36606
1.3573
1.34614
1.33353
1.32054
1.30802
1.29654
1.28703
1.28108
1.28062
1.28685
1.29945
1.31657
1.33553
1.3536
1.36873
1.37991
1.38717
1.39157
1.39503
1.39974
1.40725
1.4177
1.43012
1.44308
1.45544
1.4665
1.47579
1.4827
1.48625
1.48525
1.47879
1.46676
1.45024
1.43113
1.41157
1.39352
1.37853
1.36804
1.36332
1.36508
1.37282
1.38458
1.39745
1.40837
1.41469
1.41446
1.40677
1.39183
1.3712
1.34741
1.3234
1.30202
1.28587
1.27766
1.27962
1.29197
1.3118
1.33425
1.35504
1.37169
1.38342
1.39044
1.39342
1.39309
1.39002
1.38464
1.37745
1.3693
1.36136
1.35492
1.35111
1.35074
1.35445
1.36253
1.37469
1.38975
1.40559
1.41971
1.42994
1.43504
1.43475
1.42964
1.42094
1.41049
1.40042
1.39277
1.38882
1.38881
1.39199
1.39708
1.40274
1.40794
1.41204
1.41478
1.41605
1.41588
1.4144
1.41182
1.40849
1.40487
1.40149
1.39896
1.3979
1.39864
1.40087
1.40365
1.40577
1.4065
1.40598
1.40508
1.40472
1.40517
1.40588
1.40573
1.40341
1.39773
1.38796
1.3741
1.35716
1.33912
1.32247
1.30955
1.30189
1.3
1.30346
1.31109
1.32143
1.3331
1.34493
1.35606
1.36597
1.37459
1.38241
1.39049
1.40004
1.41183
1.4255
1.43939
1.45093
1.45759
1.45786
1.45183
1.44109
1.42812
1.41545
1.40495
1.39762
1.39365
1.39266
1.39377
1.3957
1.39688
1.39578
1.3917
1.38559
1.38024
1.37934
1.38551
1.39903
1.418
1.43933
1.45965
1.47582
1.48546
1.48746
1.48238
1.47227
1.46012
1.44876
1.44004
1.43431
1.43068
1.42761
1.42367
1.41794
1.41008
1.40012
1.38806
1.37397
1.3583
1.34232
1.32794
1.31683
1.30959
1.30574
1.30442
1.30502
1.30716
1.31068
1.31589
1.32376
1.33541
1.35129
1.37063
1.39144
1.41098
1.42639
1.43528
1.43624
1.42941
1.41696
1.40262
1.3902
1.38175
1.37703
1.37484
1.37453
1.37637
1.38085
1.38815
1.39808
1.41021
1.42395
1.43856
1.45311
1.4667
1.4787
1.48887
1.49742
1.50477
1.51145
1.51784
1.52392
1.52939
1.53365
1.53591
1.53535
1.53127
1.52337
1.51206
1.49848
1.48429
1.47105
1.45945
1.44904
1.43855
1.42644
1.41166
1.39417
1.37502
1.35612
1.33978
1.32823
1.32326
1.32575
1.33549
1.35099
1.36982
1.38909
1.40617
1.41901
1.42609
1.42657
1.42038
1.40862
1.39359
1.37851
1.36658
1.35991
1.35866
1.361
1.36396
1.36449
1.36046
1.35133
1.33883
1.32688
1.32056
1.32433
1.34014
1.36634
1.39826
1.43
1.45644
1.47416
1.48152
1.4783
1.46535
1.44454
1.41888
1.39252
1.37
1.35475
1.34769
1.34724
1.35068
1.35563
1.36068
1.36538
1.36969
1.37349
1.37646
1.37818
1.37838
1.37726
1.37562
1.37464
1.37566
1.37973
1.38727
1.39785
1.41036
1.42343
1.436
1.44745
1.4574
1.46534
1.47065
1.47284
1.47181
1.46813
1.46268
1.45629
1.44926
1.44131
1.43166
1.41939
1.40383
1.38488
1.36315
1.34016
1.31811
1.29948
1.28644
1.28022
1.28083
1.28728
1.29808
1.31196
1.3284
1.34754
1.36959
1.39398
1.41881
1.44107
1.45735
1.46487
1.4621
1.44909
1.42742
1.40001
1.37082
1.3442
1.32396
1.31219
1.30869
1.31137
1.31745
1.3245
1.33114
1.33699
1.34229
1.34749
1.35275
1.3577
1.36155
1.36352
1.36346
1.36228
1.36192
1.36474
1.37239
1.38505
1.40123
1.4183
1.43335
1.44394
1.44854
1.4466
1.4385
1.42529
1.40855
1.39019
1.3723
1.35719
1.34719
1.34447
1.35051
1.36535
1.38693
1.4112
1.43337
1.44942
1.45709
1.45628
1.4485
1.43639
1.42311
1.41195
1.40572
1.40634
1.41425
1.42784
1.4435
1.45658
1.46285
1.45988
1.44764
1.42829
1.40525
1.3821
1.36165
1.34588
1.33599
1.33236
1.33443
1.34086
1.35044
1.36293
1.37882
1.39782
1.41767
1.43467
1.44576
1.44995
1.44842
1.44372
1.43882
1.4364
1.43837
1.44532
1.45631
1.46919
1.48152
1.49134
1.49765
1.5002
1.49914
1.49476
1.48743
1.4778
1.46691
1.45617
1.4471
1.44093
1.43829
1.439
1.44204
1.44543
1.44664
1.44317
1.4336
1.41856
1.40127
1.38687
1.38042
1.38473
1.39923
1.42053
1.44403
1.46549
1.48201
1.49213
1.49563
1.49319
1.48604
1.47571
1.46379
1.45193
1.44177
1.43499
1.43339
1.43879
1.45259
1.47459
1.50225
1.53092
1.55527
1.57101
1.57598
1.57035
1.55623
1.53696
1.5162
1.49687
1.48047
1.46713
1.45596
1.44563
1.43486
1.42286
1.40959
1.39574
1.38265
1.37209
1.36605
1.36637
1.37385
1.3876
1.40508
1.42319
1.43922
1.45145
1.4592
1.46278
1.46336
1.46257
1.46199
1.46258
1.46424
1.46593
1.46621
1.46396
1.45881
1.45119
1.44201
1.43234
1.42298
1.41424
1.40587
1.39749
1.38907
1.38106
1.37414
1.36881
1.36538
1.36404
1.3648
1.36733
1.37084
1.37427
1.37674
1.37806
1.37882
1.38004
1.38264
1.38693
1.39243
1.39822
1.40346
1.40789
1.41194
1.41655
1.4225
1.43001
1.43843
1.44638
1.45226
1.45496
1.45459
1.45249
1.45055
1.45027
1.45201
1.45493
1.45739
1.45778
1.45504
1.44903
1.4404
1.43018
1.41935
1.40865
1.39865
1.39
1.38325
1.37844
1.37477
1.37075
1.36466
1.35499
1.34087
1.32261
1.30221
1.28349
1.27153
1.27131
1.28571
1.31354
1.34953
1.38669
1.41917
1.4434
1.45785
1.46217
1.45671
1.44209
1.41913
1.3888
1.35239
1.31192
1.2708
1.23416
1.20798
1.19677
1.20148
1.21946
1.24625
1.27724
1.30875
1.33797
1.36279
1.38167
1.39397
1.4002
1.40197
1.40155
1.40125
1.40296
1.40782
1.41607
1.42689
1.43861
1.44907
1.45618
1.45843
1.45504
1.44597
1.43159
1.41268
1.39043
1.3667
1.34401
1.32506
1.31196
1.30587
1.30706
1.31536
1.33045
1.35138
1.37602
1.40094
1.42232
1.437
1.44321
1.44081
1.43141
1.41834
1.40596
1.39753
1.39313
1.38998
1.38485
1.37579
1.36257
1.34642
1.33015
1.31801
1.31429
1.32085
1.33558
1.35376
1.37092
1.38464
1.39453
1.40147
1.4066
1.41078
1.4143
1.41684
1.41758
1.41549
1.4096
1.39925
1.38449
1.36623
1.34663
1.32918
1.31825
1.31785
1.32973
1.35225
1.38102
1.41091
1.43777
1.45918
1.47422
1.48283
1.48529
1.48208
1.47393
1.46219
1.44898
1.43696
1.4284
1.42439
1.42433
1.42639
1.42834
1.42834
1.42548
1.42013
1.41374
1.40813
1.40444
1.40236
1.40026
1.396
1.38807
1.37615
1.36132
1.34561
1.33131
1.32033
1.31381
1.3122
1.31564
1.32418
1.33769
1.35537
1.37552
1.39563
1.41282
1.42456
1.42925
1.42652
1.41714
1.40262
1.38488
1.36598
1.3481
1.33347
1.3242
1.3217
1.32633
1.33721
1.35261
1.37051
1.38906
1.40675
1.42241
1.43519
1.44463
1.45082
1.45442
1.4563
1.45719
1.45713
1.45556
1.4516
1.44452
1.43399
1.42037
1.40466
1.38836
1.37326
1.36116
1.35362
1.35165
1.35553
1.36468
1.37772
1.39291
1.40843
1.42257
1.43401
1.44203
1.44674
1.44897
1.44983
1.44993
1.44905
1.44643
1.44139
1.43382
1.42423
1.41376
1.40407
1.39712
1.39456
1.39714
1.40471
1.41653
1.43171
1.44919
1.46775
1.48599
1.5025
1.51601
1.52539
1.52999
1.52978
1.52547
1.51837
1.50998
1.5015
1.49344
1.48548
1.47666
1.46591
1.45265
1.43735
1.42165
1.40812
1.39951
1.39773
1.40327
1.41491
1.43008
1.44564
1.45883
1.46796
1.47266
1.47343
1.47107
1.46643
1.46078
1.45609
1.45466
1.45787
1.46519
1.47423
1.48194
1.48587
1.48477
1.47853
1.46789
1.45402
1.43826
1.42211
1.40747
1.39685
1.39292
1.39712
1.40825
1.4226
1.43578
1.44504
1.45024
1.45322
1.45636
1.46131
1.46843
1.47675
1.48444
1.4895
1.49057
1.48739
1.48072
1.47188
1.46234
1.45323
1.44518
1.43821
1.43182
1.42521
1.41764
1.4087
1.39844
1.38722
1.37537
1.36302
1.35018
1.33684
1.32312
1.30934
1.29609
1.28417
1.27433
1.26705
1.26255
1.26105
1.263
1.26919
1.28013
1.29516
1.31225
1.32867
1.34222
1.35188
1.3579
1.36152
1.36444
1.36838
1.3745
1.3832
1.39404
1.40592
1.41746
1.42733
1.43466
1.43912
1.44095
1.44082
1.43968
1.43839
1.4376
1.43753
1.43806
1.43884
1.43968
1.44067
1.44203
1.44391
1.44598
1.44745
1.44735
1.44499
1.44042
1.43445
1.42843
1.42373
1.42123
1.42125
1.42362
1.4279
1.43357
1.4401
1.44696
1.45352
1.45911
1.46316
1.46516
1.46473
1.46149
1.45501
1.44484
1.43055
1.41202
1.38963
1.3645
1.33851
1.31395
1.29309
1.27804
1.2706
1.27247
1.28499
1.30826
1.3402
1.37675
1.41298
1.4446
1.46879
1.48428
1.49108
1.49031
1.48392
1.47453
1.46498
1.45778
1.45441
1.45505
1.45864
1.46331
1.46746
1.47054
1.47312
1.47593
1.47865
1.47991
1.47803
1.4718
1.46088
1.44583
1.42797
1.40917
1.3915
1.37697
1.36731
1.36365
1.36628
1.37436
1.38616
1.39952
1.41264
1.42448
1.43482
1.44407
1.45272
1.46107
1.46892
1.4755
1.47985
1.4813
1.47985
1.4763
1.47193
1.46783
1.46434
1.46088
1.45633
1.44982
1.44113
1.43082
1.41988
1.40921
1.39924
1.38981
1.38038
1.37045
1.35985
1.34886
1.338
1.32794
1.3192
1.31219
1.30711
1.30394
1.30238
1.30208
1.30274
1.30442
1.3076
1.31325
1.32245
1.33609
1.35438
1.37667
1.40145
1.4267
1.45026
1.47017
1.48496
1.4937
1.49589
1.49136
1.48033
1.46338
1.44163
1.41685
1.39148
1.36825
1.34966
1.33735
1.33179
1.3323
1.33749
1.34583
1.35608
1.36746
1.37949
1.3916
1.40272
1.41141
1.41625
1.41643
1.41232
1.40556
1.39855
1.39338
1.39073
1.38982
1.38924
1.38823
1.38754
1.38945
1.39659
1.41044
1.43027
1.45353
1.47701
1.49791
1.51434
1.52544
1.53144
1.53349
1.53318
1.5319
1.53034
1.52832
1.52491
1.51879
1.50869
1.49368
1.47353
1.44884
1.42099
1.39196
1.36389
1.33889
1.31866
1.30466
1.29786
1.29876
1.3071
1.3217
1.34044
1.3605
1.37892
1.39325
1.40217
1.40593
1.4063
1.4062
1.40865
1.41558
1.42702
1.44101
1.45432
1.46352
1.46592
1.46031
1.44724
1.42899
1.40914
1.39164
1.37966
1.37469
1.37637
1.38313
1.39317
1.40508
1.41801
1.43129
1.44393
1.45452
1.46129
1.46255
1.45713
1.44487
1.42683
1.40533
1.38344
1.36416
1.34933
1.33926
1.3335
1.33234
1.33716
1.34837
1.36303
1.37605
1.38372
1.38578
1.38453
1.38286
1.38257
1.38388
1.38562
1.38622
1.38448
1.38005
1.37349
1.36594
1.35887
1.35377
1.35189
1.35403
1.36034
1.37014
1.38204
1.39421
1.40479
1.41229
1.41602
1.41621
1.41393
1.41083
1.40842
1.40752
1.40784
1.40809
1.40647
1.40144
1.39232
1.37945
1.36404
1.34762
1.33155
1.31687
1.30486
1.29741
1.29603
1.30022
1.307
1.31269
1.31499
1.31343
1.30871
1.30196
1.29436
1.2873
1.28261
1.28229
1.28766
1.2985
1.31284
1.32771
1.34034
1.34887
1.3525
1.35125
1.34582
1.33748
1.32808
1.31984
1.31504
1.3157
1.32314
1.33757
1.35758
1.38034
1.40239
1.42088
1.43406
1.44158
1.44428
1.44394
1.44278
1.44269
1.44448
1.44753
1.4501
1.45033
1.44721
1.44098
1.43271
1.42361
1.41447
1.40572
1.39793
1.39206
1.38915
1.38991
1.39427
1.40146
1.41032
1.4198
1.42905
1.43737
1.44409
1.44853
1.45017
1.44878
1.44453
1.43808
1.43038
1.42273
1.41662
1.4137
1.41552
1.42307
1.43637
1.45423
1.47458
1.495
1.51319
1.52719
1.53545
1.53683
1.53083
1.51771
1.4986
1.47547
1.45092
1.42775
1.40849
1.39499
1.38811
1.38767
1.39262
1.40131
1.41178
1.42223
1.43115
1.43754
1.44088
1.44102
1.43819
1.43298
1.42634
1.4194
1.41329
1.4089
1.40674
1.40694
1.40938
1.41381
1.41974
1.42645
1.43293
1.4381
1.44091
1.44065
1.4371
1.43043
1.42097
1.40908
1.3951
1.37966
1.36384
1.3492
1.33734
1.32915
1.32448
1.32241
1.32206
1.32305
1.32554
1.32974
1.33546
1.34202
1.34858
1.35463
1.36041
1.36714
1.37654
1.38987
1.40688
1.42555
1.44287
1.45607
1.46358
1.46531
1.46236
1.45658
1.44992
1.44385
1.43912
1.43583
1.43378
1.43289
1.43367
1.43721
1.44483
1.45718
1.47361
1.49217
1.51039
1.5259
1.53684
1.5419
1.54019
1.53115
1.5146
1.49082
1.46071
1.42591
1.3892
1.35468
1.32761
1.3133
1.31527
1.33323
1.36249
1.39553
1.42488
1.44553
1.45548
1.45514
1.44635
1.43165
1.4139
1.39615
1.38131
1.37144
1.36728
1.36802
1.37166
1.37566
1.37749
1.37513
1.3674
1.35426
1.33719
1.31935
1.30546
1.30093
1.31004
1.3336
1.36808
1.40705
1.44413
1.47489
1.49747
1.51187
1.51926
1.5213
1.51962
1.51559
1.5102
1.5043
1.49886
1.49515
1.49442
1.49725
1.50307
1.51031
1.51669
1.51997
1.51841
1.51107
1.4981
1.48068
1.46077
1.44047
1.42121
1.40302
1.38464
1.36432
1.34158
1.31889
1.30149
1.29447
1.29903
1.31198
1.32867
1.34555
1.36061
1.37285
1.38169
1.38668
1.38749
1.38409
1.37704
1.36773
1.35844
1.35207
1.35173
1.35984
1.37731
1.40282
1.43305
1.46364
1.49042
1.51004
1.52026
1.51979
1.50826
1.48643
1.45682
1.42423
1.39514
1.3753
1.36677
1.36737
1.37313
1.38094
1.38901
1.39619
1.40125
1.40299
1.40047
1.39335
1.38179
1.36644
1.34861
1.33041
1.31436
1.30264
1.29665
1.29688
1.30329
1.3153
1.33167
1.35061
1.37017
1.38852
1.40416
1.41584
1.42252
1.42354
1.41883
1.40907
1.3957
1.38073
1.36654
1.35561
1.35
1.35088
1.35804
1.3699
1.38403
1.39802
1.41007
1.4192
1.42515
1.42792
1.42745
1.42326
1.41456
1.40084
1.38235
1.36053
1.33768
1.31656
1.29995
1.29022
1.28874
1.29507
1.30689
1.3211
1.3353
1.34842
1.36067
1.37289
1.38594
1.39993
1.41376
1.42532
1.43271
1.43543
1.4349
1.43374
1.43428
1.43737
1.44204
1.44625
1.44817
1.44707
1.44365
1.43948
1.43611
1.43411
1.43282
1.43072
1.42633
1.41918
1.41014
1.40111
1.39415
1.39073
1.3914
1.39577
1.40279
1.4111
1.4194
1.42671
1.43243
1.43633
1.4384
1.43872
1.43741
1.43454
1.43003
1.42372
1.41561
1.40603
1.39582
1.38635
1.37938
1.37654
1.37876
1.38569
1.39565
1.40623
1.41505
1.42033
1.42115
1.41746
1.40991
1.39981
1.38883
1.37869
1.37079
1.36598
1.36417
1.36441
1.36508
1.36445
1.36108
1.35391
1.34226
1.32604
1.30651
1.28692
1.27161
1.26395
1.26454
1.27137
1.28133
1.29155
1.29998
1.30553
1.30821
1.30913
1.31015
1.31314
1.31902
1.32738
1.33661
1.34457
1.34928
1.34941
1.34459
1.33554
1.32394
1.31192
1.30158
1.29446
1.29151
1.29325
1.2999
1.31114
1.32595
1.34278
1.3601
1.37701
1.39325
1.40894
1.42401
1.43814
1.45083
1.46173
1.47049
1.47655
1.4788
1.47599
1.46758
1.45451
1.43928
1.42522
1.41511
1.4102
1.41002
1.41309
1.41789
1.42347
1.42933
1.43513
1.44052
1.44505
1.44822
1.44948
1.4483
1.44426
1.43713
1.4269
1.41399
1.39926
1.38401
1.3698
1.35814
1.35021
1.34676
1.34803
1.3536
1.36248
1.37315
1.38395
1.39347
1.4007
1.40506
1.40602
1.403
1.3954
1.38321
1.36777
1.35224
1.34134
1.3395
1.34843
1.36623
1.38877
1.41189
1.43258
1.4489
1.45966
1.4642
1.46248
1.45517
1.44382
1.43053
1.41766
1.40726
1.40067
1.39845
1.40021
1.40484
1.41094
1.41741
1.42406
1.4317
1.4413
1.45293
1.46532
1.47676
1.48638
1.4945
1.50187
1.50854
1.51342
1.51474
1.51108
1.50194
1.48804
1.471
1.45296
1.43606
1.42204
1.41187
1.40576
1.40325
1.40375
1.40681
1.41225
1.41962
1.42779
1.43507
1.43968
1.44051
1.43739
1.43105
1.4228
1.41442
1.40785
1.40482
1.40633
1.4122
1.4212
1.43168
1.44269
1.4544
1.46755
1.4822
1.49699
1.50938
1.51659
1.51643
1.50775
1.49081
1.46791
1.44364
1.42411
1.41425
1.41506
1.4237
1.43595
1.44857
1.4597
1.46833
1.47383
1.47588
1.47495
1.47256
1.47116
1.47314
1.47964
1.48992
1.50191
1.51319
1.52191
1.52713
1.52875
1.52744
1.52432
1.52046
1.51657
1.51283
1.50918
1.50572
1.50301
1.50196
1.50344
1.50819
1.51655
1.5283
1.54235
1.55683
1.56946
1.57825
1.58184
1.57972
1.57208
1.55942
1.54189
1.51888
1.48931
1.45233
1.40789
1.35764
1.30582
1.25963
1.22715
1.21381
1.22
1.24179
1.27323
1.30843
1.3429
1.37398
1.40041
1.42141
1.43597
1.44297
1.44195
1.434
1.42189
1.40925
1.3989
1.3919
1.38787
1.38584
1.38489
1.38444
1.38427
1.38453
1.38559
1.38799
1.39217
1.39792
1.40413
1.40909
1.41131
1.41039
1.40733
1.40427
1.40369
1.4074
1.41568
1.42722
1.43975
1.45116
1.46017
1.46653
1.47058
1.47283
1.47361
1.47324
1.47228
1.47141
1.47112
1.47131
1.47122
1.46989
1.46676
1.46183
1.4556
1.44885
1.44241
1.43712
1.43364
1.43217
1.43219
1.4324
1.43132
1.42795
1.42247
1.41615
1.41101
1.40908
1.41181
1.41959
1.43168
1.44643
1.46167
1.47494
1.48366
1.48529
1.47787
1.46054
1.43392
1.40019
1.36284
1.32619
1.29455
1.27138
1.25855
1.25591
1.26148
1.27214
1.28462
1.29637
1.30595
1.31296
1.31761
1.32021
1.32105
1.32041
1.31873
1.31652
1.31442
1.31297
1.31258
1.31351
1.31576
1.31905
1.32256
1.32505
1.32532
1.3227
1.31738
1.31013
1.30187
1.29307
1.2838
1.27425
1.26562
1.26041
1.26142
1.26993
1.28439
1.30106
1.31579
1.32561
1.32916
1.32635
1.3179
1.30532
1.29108
1.27866
1.27208
1.27465
1.28782
1.3109
1.34174
1.37756
1.41547
1.45262
1.48619
1.51368
1.53313
1.54346
1.54466
1.53764
1.52401
1.50578
1.48473
1.46197
1.43795
1.41281
1.38711
1.36175
1.3376
1.31508
1.29425
1.27547
1.26006
1.25017
1.24783
1.25382
1.26701
1.28489
1.30468
1.32435
1.34276
1.35898
1.3719
1.38042
1.38406
1.3833
1.37978
1.37619
1.37529
1.37856
1.38548
1.39411
1.40244
1.40921
1.41398
1.41672
1.41755
1.41646
1.41324
1.4073
1.39798
1.385
1.36919
1.35261
1.3379
1.32708
1.32054
1.31699
1.31442
1.31162
1.30913
1.30894
1.3129
1.32108
1.33188
1.3432
1.35407
1.36506
1.37752
1.39236
1.40962
1.42868
1.44877
1.46921
1.48936
1.50836
1.52484
1.53693
1.54285
1.5415
1.53293
1.5184
1.50009
1.48066
1.46271
1.44834
1.43869
1.43371
1.43235
1.43291
1.43361
1.43309
1.43069
1.42643
1.42074
1.41409
1.40687
1.39937
1.39187
1.38462
1.37793
1.37208
1.36738
1.36407
1.36234
1.36234
1.36432
1.36856
1.37508
1.3833
1.39193
1.39931
1.40406
1.4057
1.40474
1.40208
1.3983
1.39316
1.38594
1.37611
1.36389
1.35063
1.33844
1.3297
1.32625
1.3288
1.33661
1.34779
1.35991
1.37067
1.37853
1.38288
1.38414
1.38371
1.38372
1.38666
1.39467
1.40857
1.42717
1.44739
1.46525
1.47714
1.48053
1.47444
1.45945
1.43765
1.41233
1.38725
1.36559
1.34912
1.33823
1.33257
1.33177
1.33574
1.34444
1.35754
1.37414
1.39282
1.41193
1.42986
1.44533
1.45737
1.46557
1.47021
1.47237
1.47391
1.4766
1.48122
1.48699
1.49178
1.49322
1.48966
1.48069
1.46717
1.45101
1.43471
1.42076
1.411
1.40631
1.4066
1.41111
1.41876
1.42843
1.43926
1.45086
1.46333
1.47714
1.49266
1.50985
1.52818
1.54678
1.56454
1.57996
1.59115
1.59626
1.59405
1.58412
1.56698
1.54377
1.51622
1.48647
1.45679
1.42916
1.40473
1.38373
1.36566
1.34991
1.33618
1.32452
1.3152
1.30848
1.3045
1.30343
1.30551
1.31113
1.32066
1.33421
1.35136
1.3711
1.39191
1.41189
1.42916
1.44206
1.4495
1.45127
1.44839
1.44343
1.4401
1.44192
1.45041
1.46426
1.48029
1.49538
1.508
1.51849
1.52805
1.53725
1.5453
1.55066
1.55213
1.54954
1.54354
1.53528
1.52607
1.51713
1.50946
1.50382
1.50056
1.49941
1.49945
1.49938
1.49797
1.4946
1.4893
1.48273
1.47576
1.46931
1.46406
1.46041
1.45853
1.45836
1.45968
1.4623
1.46603
1.47059
1.4755
1.48025
1.48434
1.48746
1.48928
1.48914
1.48603
1.47884
1.467
1.45097
1.43236
1.41355
1.39678
1.383
1.37146
1.36043
1.34863
1.33624
1.32496
1.31731
1.31559
1.32119
1.33425
1.35374
1.37771
1.40361
1.42863
1.45017
1.46613
1.4752
1.47695
1.47196
1.4618
1.44883
1.43574
1.42466
1.41632
1.4098
1.40297
1.39361
1.38066
1.36499
1.34924
1.33686
1.33068
1.33187
1.33955
1.35117
1.36331
1.37253
1.37623
1.37336
1.36497
1.35428
1.34555
1.34222
1.34513
1.35232
1.3603
1.36584
1.3674
1.36547
1.36224
1.36058
1.36269
1.36914
1.37878
1.38957
1.3995
1.40724
1.41226
1.41465
1.41481
1.41321
1.41017
1.40567
1.39951
1.39173
1.38301
1.3747
1.36831
1.36469
1.36363
1.36397
1.36438
1.36405
1.36341
1.36411
1.36815
1.37654
1.38849
1.40183
1.41414
1.42367
1.42958
1.4319
1.43145
1.42971
1.42827
1.42779
1.42774
1.42705
1.42517
1.42253
1.42002
1.41823
1.41695
1.41511
1.41137
1.40462
1.39459
1.38214
1.36924
1.35838
1.35168
1.3503
1.35437
1.36325
1.3759
1.39121
1.40816
1.42576
1.44304
1.45895
1.47236
1.48214
1.48742
1.48783
1.48369
1.47609
1.46666
1.4573
1.44958
1.44432
1.44137
1.4399
1.43892
1.43759
1.43522
1.43116
1.42476
1.41532
1.40228
1.3854
1.36515
1.34312
1.3222
1.30619
1.29803
1.29798
1.30371
1.31254
1.32339
1.33676
1.35335
1.37287
1.39391
1.41455
1.43299
1.44777
1.45776
1.46218
1.46069
1.45367
1.44248
1.42946
1.41761
1.41015
1.40982
1.41828
1.4356
1.46016
1.48885
1.51799
1.54417
1.56485
1.57853
1.58439
1.58191
1.57076
1.55076
1.52202
1.48535
1.44253
1.39646
1.35085
1.30957
1.27566
1.25065
1.23462
1.22694
1.22715
1.23528
1.25126
1.2742
1.30215
1.33242
1.36223
1.38938
1.41236
1.43033
1.44304
1.45059
1.45327
1.45146
1.4457
1.43707
1.4275
1.41954
1.41562
1.41693
1.42324
1.43333
1.44565
1.45852
1.47041
1.47986
1.48563
1.48684
1.48299
1.47405
1.46048
1.44318
1.42352
1.40349
1.38581
1.37369
1.36976
1.37436
1.38456
1.3951
1.40063
1.39741
1.38419
1.36201
1.33354
1.30232
1.27188
1.24534
1.22541
1.21464
1.21536
1.22878
1.25393
1.28713
1.32314
1.35697
1.38565
1.40884
1.42827
1.44617
1.46394
1.48183
1.49959
1.51703
1.53386
1.54919
1.56155
1.56961
1.57262
1.57068
1.5645
1.55506
1.54322
1.52949
1.51391
1.49622
1.4762
1.45411
1.43089
1.40806
1.38757
1.37141
1.36127
1.3582
1.36208
1.37149
1.3842
1.3979
1.41078
1.42176
1.43047
1.43705
1.44194
1.44571
1.4486
1.45029
1.45001
1.44696
1.44074
1.43175
1.42114
1.41015
1.39955
1.38944
1.37967
1.37049
1.36275
1.35764
1.35613
1.35842
1.36391
1.37124
1.37871
1.38483
1.3886
1.38973
1.38845
1.38501
1.3794
1.37139
1.36088
1.3483
1.3347
1.32157
1.31041
1.3024
1.29831
1.29864
1.3037
1.31352
1.32763
1.34503
1.36452
1.38509
1.40586
1.42589
1.44396
1.45886
1.46962
1.47571
1.47695
1.47333
1.46496
1.45222
1.43604
1.41792
1.39969
1.38281
1.36786
1.35441
1.34168
1.32944
1.31845
1.31015
1.30577
1.30555
1.30858
1.31329
1.31828
1.32284
1.32718
1.33188
1.33754
1.3444
1.35235
1.36092
1.36935
1.37662
1.38155
1.38307
1.3806
1.37427
1.36514
1.35482
1.34524
1.33827
1.3356
1.33856
1.34773
1.36245
1.3808
1.39997
1.41718
1.43046
1.43912
1.44359
1.44504
1.44469
1.44351
1.44211
1.44071
1.43925
1.43736
1.43431
1.42919
1.42171
1.41295
1.4054
1.40162
1.40258
1.40696
1.41209
1.4156
1.41657
1.4157
1.41452
1.41436
1.41564
1.41792
1.42044
1.4227
1.42476
1.42711
1.43041
1.43514
1.44151
1.44942
1.45854
1.46824
1.47777
1.48648
1.49397
1.49984
1.50352
1.5042
1.50108
1.49376
1.4825
1.4684
1.45331
1.43937
1.42839
1.42132
1.418
1.41744
1.41848
1.42026
1.42255
1.42536
1.42836
1.4303
1.42927
1.42359
1.41276
1.39789
1.38143
1.36636
1.3552
1.3491
1.34761
1.34882
1.35024
1.34991
1.34737
1.34405
1.34284
1.34702
1.35899
1.37903
1.40523
1.43402
1.46129
1.48352
1.49838
1.50491
1.50336
1.49493
1.48141
1.4649
1.4476
1.43167
1.41902
1.41116
1.40906
1.41325
1.42371
1.43959
1.45909
1.47973
1.49892
1.51446
1.52488
1.5294
1.52788
1.52064
1.50842
1.49254
1.47485
1.45754
1.44256
1.43107
1.42332
1.41898
1.41754
1.41841
1.42071
1.42321
1.42454
1.42375
1.4207
1.41634
1.41246
1.4114
1.4155
1.42635
1.44427
1.468
1.49493
1.5216
1.54448
1.56061
1.56806
1.56613
1.55528
1.53698
1.51343
1.48715
1.46075
1.43646
1.41599
1.40032
1.38955
1.38292
1.37902
1.37629
1.37344
1.36973
1.36486
1.35904
1.35299
1.34802
1.34571
1.34759
1.35468
1.36734
1.38522
1.40744
1.43276
1.45971
1.48669
1.5119
1.53307
1.54753
1.55267
1.5467
1.52926
1.50173
1.46715
1.42961
1.39327
1.36136
1.33567
1.31699
1.30552
1.30118
1.30341
1.31117
1.32306
1.3376
1.35338
1.36921
1.38419
1.39793
1.41087
1.42453
1.44127
1.46298
1.48961
1.51874
1.54662
1.56966
1.58539
1.59252
1.59083
1.58123
1.56571
1.54717
1.52848
1.51138
1.49596
1.48135
1.46678
1.45196
1.43687
1.42153
1.40605
1.39087
1.37695
1.36576
1.35878
1.357
1.36064
1.36924
1.38196
1.39771
1.41548
1.43435
1.45363
1.47287
1.49166
1.50957
1.52603
1.54033
1.55153
1.55859
1.56049
1.55641
1.54597
1.52939
1.50763
1.4824
1.45604
1.43137
1.41136
1.39867
1.39488
1.39987
1.41178
1.4277
1.44468
1.46036
1.47313
1.48191
1.4859
1.48459
1.47789
1.4665
1.45226
1.43793
1.42642
1.41969
1.41825
1.42141
1.42822
1.43801
1.45031
1.46442
1.47902
1.49219
1.50175
1.50571
1.50277
1.4926
1.47605
1.45508
1.43264
1.41214
1.39659
1.38791
1.38651
1.39145
1.40098
1.41316
1.42636
1.43956
1.4523
1.46444
1.47577
1.48576
1.49361
1.49876
1.50146
1.50307
1.50574
1.51125
1.51995
1.53059
1.54099
1.54909
1.55349
1.55378
1.55047
1.54474
1.53802
1.53156
1.52608
1.52161
1.51765
1.5134
1.50801
1.50074
1.4911
1.47891
1.46426
1.44765
1.42986
1.41193
1.39495
1.3799
1.36751
1.3582
1.35204
1.34891
1.34856
1.35069
1.35483
1.36035
1.36648
1.37251
1.37796
1.38275
1.38713
1.39144
1.39578
1.39995
1.4034
1.40531
1.40484
1.40135
1.39473
1.38545
1.37476
1.36445
1.35649
1.35267
1.35434
1.36186
1.37432
1.38957
1.40493
1.41809
1.42782
1.43416
1.43843
1.44256
1.4479
1.45425
1.46028
1.4649
1.46815
1.47126
1.4761
1.4842
1.49589
1.50981
1.52317
1.53279
1.53613
1.53196
1.52045
1.50278
1.48067
1.45608
1.43087
1.40659
1.38448
1.36559
1.35097
1.34181
1.33921
1.34367
1.3547
1.37054
1.38839
1.405
1.41754
1.42434
1.42534
1.42191
1.41626
1.41076
1.40723
1.40634
1.40736
1.40865
1.40864
1.40667
1.40325
1.39962
1.39693
1.39571
1.39581
1.39676
1.39813
1.39946
1.40033
1.40027
1.39915
1.39744
1.39611
1.39621
1.39832
1.4024
1.40792
1.41422
1.42054
1.42613
1.43029
1.43268
1.43351
1.43371
1.43469
1.43771
1.44309
1.44987
1.45625
1.46076
1.46301
1.46375
1.46422
1.4654
1.46756
1.47022
1.47216
1.47184
1.46776
1.45876
1.44424
1.42433
1.40026
1.37437
1.34999
1.33058
1.31876
1.31568
1.32094
1.33294
1.34916
1.36646
1.3816
1.39197
1.39617
1.39429
1.38758
1.378
1.36748
1.35746
1.3488
1.34179
1.3362
1.33143
1.32661
1.32107
1.31469
1.30824
1.30306
1.30054
1.30139
1.3054
1.3117
1.31929
1.32751
1.33615
1.34529
1.3549
1.36454
1.37329
1.38002
1.38364
1.38351
1.37949
1.37192
1.36158
1.34953
1.33709
1.32583
1.3175
1.31381
1.31608
1.32498
1.34021
1.36041
1.38331
1.40606
1.42594
1.44121
1.45172
1.45897
1.46531
1.47281
1.48247
1.49418
1.50706
1.51991
1.5313
1.53965
1.54326
1.5407
1.53131
1.51587
1.4968
1.47752
1.46068
1.44647
1.43272
1.41659
1.39659
1.37356
1.35069
1.33251
1.32322
1.32492
1.33636
1.35338
1.37087
1.38487
1.39384
1.39858
1.40113
1.40335
1.40603
1.40904
1.41218
1.41549
1.41882
1.421
1.41976
1.41249
1.39735
1.37416
1.34505
1.31455
1.28885
1.27371
1.27188
1.28177
1.29859
1.3169
1.33253
1.3431
1.348
1.34825
1.34628
1.34521
1.34746
1.35347
1.36167
1.36955
1.3751
1.37758
1.37758
1.37658
1.37613
1.37734
1.38052
1.38528
1.39086
1.39653
1.40176
1.40624
1.40976
1.4121
1.41288
1.4115
1.40719
1.39922
1.38718
1.3713
1.35256
1.33276
1.3142
1.29938
1.29045
1.28873
1.29442
1.30664
1.32386
1.34445
1.36713
1.3911
1.41573
1.44013
1.46279
1.48173
1.49493
1.50077
1.49829
1.48736
1.46876
1.44414
1.41582
1.38647
1.35863
1.33438
1.31502
1.30104
1.29229
1.28839
1.28928
1.29533
1.30673
1.32255
1.34064
1.3585
1.37435
1.38768
1.39906
1.40969
1.42083
1.43318
1.44648
1.4594
1.4699
1.47585
1.47572
1.46886
1.45556
1.43705
1.41535
1.39295
1.37242
1.35596
1.3451
1.34067
1.34294
1.35189
1.36718
1.388
1.41281
1.4393
1.46483
1.48703
1.50436
1.51629
1.5233
1.52642
1.52682
1.52529
1.52197
1.51619
1.50674
1.49245
1.47302
1.44982
1.42595
1.40517
1.39002
1.38078
1.37605
1.37451
1.37589
1.38068
1.38899
1.39987
1.41133
1.4211
1.4273
1.42888
1.42576
1.41872
1.40925
1.39934
1.39097
1.38574
1.38445
1.38697
1.39223
1.39852
1.40383
1.40641
1.40514
1.40002
1.39246
1.38532
1.38179
1.38361
1.38999
1.3985
1.40697
1.41436
1.4205
1.42561
1.43001
1.43415
1.43877
1.44465
1.45209
1.46047
1.4684
1.47432
1.47728
1.47717
1.47473
1.47117
1.46767
1.46503
1.46342
1.46244
1.46114
1.45838
1.4532
1.44513
1.43436
1.42188
1.40911
1.39742
1.38755
1.37959
1.37335
1.36899
1.36713
1.36856
1.37353
1.38137
1.3906
1.39946
1.40653
1.41106
1.41291
1.41225
1.4094
1.40476
1.39887
1.39245
1.38628
1.38099
1.37678
1.37357
1.3711
1.36931
1.36834
1.36828
1.36889
1.36954
1.36947
1.36819
1.36571
1.36262
1.36002
1.35951
1.36304
1.37243
1.38835
1.40933
1.43189
1.45193
1.46647
1.47443
1.47628
1.47319
1.46636
1.45677
1.44519
1.43218
1.41802
1.40264
1.38559
1.36638
1.34481
1.32148
1.29797
1.27667
1.26009
1.25001
1.24665
1.24848
1.25268
1.2563
1.25735
1.25537
1.25128
1.24673
1.24337
1.24214
1.24307
1.24554
1.2489
1.25315
1.25876
1.26618
1.27516
1.28494
1.29509
1.30609
1.31901
1.33479
1.35352
1.37432
1.39549
1.4149
1.4302
1.43921
1.44039
1.43332
1.41884
1.39899
1.37658
1.35463
1.33558
1.32093
1.31122
1.3064
1.30637
1.31141
1.32202
1.33851
1.36019
1.38492
1.4095
1.43104
1.44807
1.46081
1.47047
1.47835
1.48516
1.49108
1.49603
1.49984
1.50233
1.50319
1.50196
1.4982
1.49157
1.48204
1.47007
1.45672
1.44352
1.43221
1.42412
1.41979
1.41871
1.41948
1.42009
1.41848
1.41315
1.40345
1.38984
1.37382
1.35779
1.34462
1.33707
1.33709
1.34539
1.36133
1.38323
1.40887
1.43583
1.4618
1.48459
1.50218
1.51292
1.51584
1.51113
1.50041
1.48661
1.47331
1.46378
1.46012
1.46283
1.47061
1.48048
1.48868
1.49165
1.48675
1.47273
1.44979
1.41942
1.38404
1.34653
1.30997
1.27733
1.25121
1.23348
1.22504
1.22582
1.23488
1.25036
1.26979
1.29041
1.30974
1.32603
1.33842
1.34698
1.3526
1.35682
1.36157
1.36854
1.37883
1.39271
1.40963
1.42818
1.44631
1.46167
1.47224
1.47687
1.47574
1.47036
1.46335
1.45772
1.45567
1.45765
1.46251
1.46857
1.47449
1.47952
1.48323
1.4853
1.48504
1.48146
1.47337
1.46005
1.44183
1.42031
1.39837
1.37932
1.3659
1.35952
1.35991
1.36561
1.37452
1.38443
1.39339
1.39986
1.40296
1.40263
1.39954
1.39481
1.38965
1.38492
1.38107
1.37837
1.37729
1.37855
1.38283
1.39028
1.40017
1.41119
1.42165
1.42993
1.43471
1.43525
1.43182
1.42566
1.41888
1.41387
1.41231
1.41418
1.41777
1.42083
1.42189
1.42096
1.4194
1.41906
1.42135
1.42654
1.43361
1.44086
1.4466
1.44984
1.45047
1.44913
1.44674
1.44408
1.44148
1.43889
1.43587
1.43202
1.42717
1.4216
1.41593
1.41092
1.40713
1.40476
1.40366
1.40369
1.40496
1.40785
1.41277
1.41968
1.42788
1.43618
1.44337
1.44871
1.45205
1.45374
1.45413
1.45326
1.45074
1.44604
1.43896
1.43006
1.42076
1.41295
1.40809
1.40634
1.40627
1.40554
1.40191
1.39425
1.38302
1.37003
1.35794
1.34969
1.34755
1.35193
1.36063
1.37027
1.37906
1.38844
1.4018
1.4211
1.44475
1.46907
1.49159
1.5126
1.53367
1.55485
1.57355
1.58591
1.58875
1.58077
1.56246
1.53574
1.50343
1.46886
1.4355
1.40651
1.38413
1.36928
1.36163
1.36015
1.36379
1.37166
1.38275
1.39557
1.40827
1.41948
1.4286
1.43542
1.43947
1.43971
1.43511
1.42539
1.41137
1.39479
1.37793
1.36296
1.35143
1.34399
1.34044
1.3401
1.34223
1.34636
1.35222
1.35936
1.36703
1.37415
1.37948
1.38196
1.38097
1.37641
1.36873
1.3588
1.34778
1.33688
1.32738
1.32046
1.3171
1.31791
1.32291
1.33148
1.34223
1.35336
1.36317
1.37059
1.37545
1.37848
1.38107
1.38482
1.39099
1.40003
1.41156
1.42489
1.43961
1.45557
1.47217
1.48783
1.49997
1.50578
1.50321
1.49174
1.47272
1.44912
1.42469
1.40301
1.38675
1.37709
1.37368
1.37497
1.37877
1.38292
1.38583
1.38678
1.38581
1.38347
1.38041
1.37704
1.37351
1.36993
1.36669
1.36472
1.36529
1.3694
1.37719
1.38793
1.40061
1.41439
1.42889
1.44393
1.45907
1.47343
1.4856
1.49395
1.4971
1.49442
1.48628
1.47394
1.459
1.44299
1.42727
1.41305
1.40127
1.39247
1.38645
1.38246
1.37938
1.37616
1.37218
1.36751
1.36292
1.35945
1.35776
1.35776
1.35868
1.3595
1.3593
1.35737
1.35362
1.34887
1.34488
1.34387
1.34784
1.35777
1.3732
1.39248
1.41341
1.43401
1.45283
1.46871
1.48058
1.4875
1.48894
1.48529
1.47812
1.47001
1.46383
1.4617
1.46438
1.47126
1.48113
1.49297
1.50599
1.51951
1.53259
1.54403
1.55257
1.55719
1.55722
1.55237
1.54246
1.52737
1.50747
1.48462
1.4626
1.44532
1.43365
1.42441
1.4136
1.4
1.38557
1.37366
1.36702
1.36681
1.37282
1.38392
1.39853
1.41477
1.43043
1.44342
1.45222
1.45601
1.45476
1.44907
1.44025
1.4303
1.42198
1.41826
1.42154
1.43264
1.45036
1.47176
1.49324
1.5116
1.52463
1.53131
1.53159
1.5263
1.51714
1.5066
1.4975
1.49209
1.49107
1.49331
1.49649
1.49826
1.49717
1.4929
1.48598
1.4773
1.46778
1.45835
1.4501
1.44436
1.44247
1.44521
1.45251
1.46337
1.4763
1.48985
1.50293
1.51485
1.52509
1.5332
1.53874
1.54123
1.54038
1.53617
1.52896
1.51943
1.50843
1.49661
1.48406
1.47016
1.45369
1.43333
1.40848
1.3805
1.35361
1.33386
1.32568
1.32917
1.34102
1.35757
1.3763
1.39549
1.41372
1.42964
1.44224
1.45098
1.45591
1.4576
1.45693
1.45484
1.45199
1.44887
1.44592
1.44374
1.44314
1.44474
1.44868
1.45431
1.4602
1.46459
1.46607
1.46408
1.45919
1.45279
1.44659
1.44225
1.44094
1.44298
1.44754
1.45255
1.45534
1.45393
1.44797
1.43884
1.42878
1.41989
1.41358
1.41037
1.41019
1.41261
1.41722
1.42375
1.43179
1.44018
1.44692
1.44964
1.44678
1.43819
1.42524
1.41033
1.3961
1.3847
1.37732
1.37412
1.37437
1.37667
1.37938
1.38097
1.38053
1.37815
1.37493
1.37259
1.37276
1.37634
1.38336
1.39309
1.40438
1.4159
1.4263
1.43428
1.43897
1.44009
1.43815
1.4342
1.4294
1.42464
1.42037
1.4167
1.41352
1.41066
1.40792
1.40528
1.40305
1.40191
1.403
1.40755
1.41627
1.42881
1.44388
1.45965
1.47427
1.48605
1.49365
1.49618
1.49342
1.48576
1.47407
1.45954
1.44346
1.42698
1.41078
1.3951
1.38006
1.36602
1.35373
1.34405
1.33757
1.33452
1.33467
1.33764
1.34309
1.35072
1.36011
1.37063
1.38139
1.39122
1.39851
1.40136
1.39789
1.38694
1.36933
1.34899
1.33229
1.32455
1.32624
1.33324
1.34058
1.34526
1.34635
1.34426
1.34006
1.33517
1.33108
1.32884
1.32866
1.32982
1.33101
1.33102
1.3294
1.32672
1.32438
1.32386
1.32598
1.33047
1.33629
1.34215
1.34695
1.34999
1.35091
1.34987
1.34749
1.3449
1.34336
1.34379
1.34621
1.34966
1.35262
1.35392
1.35345
1.35236
1.3523
1.35442
1.35874
1.36416
1.36878
1.37075
1.36948
1.36656
1.36502
1.36661
1.37006
1.37242
1.37182
1.369
1.36675
1.36846
1.37622
1.3898
1.40671
1.42321
1.43566
1.44168
1.4405
1.43268
1.4197
1.40344
1.38601
1.36978
1.35722
1.35042
1.35032
1.35628
1.36631
1.37781
1.38838
1.39632
1.40094
1.40249
1.40181
1.39985
1.39709
1.39332
1.38781
1.37994
1.36985
1.35876
1.34869
1.34183
1.33981
1.34323
1.35145
1.36267
1.37469
1.3858
1.39553
1.40483
1.41539
1.42865
1.44487
1.46306
1.48145
1.49818
1.51175
1.52116
1.52591
1.52582
1.52086
1.51118
1.49729
1.48026
1.46201
1.4448
1.43048
1.41995
1.41308
1.40922
1.40757
1.40745
1.40832
1.40969
1.41112
1.41206
1.41196
1.41032
1.40691
1.40209
1.39686
1.3926
1.39032
1.39011
1.3913
1.39293
1.3943
1.39509
1.39536
1.39553
1.39617
1.39779
1.40063
1.40467
1.40971
1.41549
1.42165
1.42769
1.43269
1.43539
1.43465
1.43006
1.42236
1.41348
1.40592
1.40191
1.40249
1.40714
1.41408
1.4211
1.42646
1.42933
1.42956
1.42728
1.42237
1.41431
1.40232
1.38579
1.36475
1.34039
1.31532
1.29353
1.27954
1.27669
1.28553
1.30352
1.3262
1.34912
1.36916
1.38511
1.39738
1.40731
1.41637
1.4256
1.43547
1.44581
1.45587
1.46452
1.4707
1.47373
1.47362
1.47095
1.4668
1.46241
1.45888
1.457
1.45718
1.45945
1.46344
1.46842
1.47328
1.47677
1.47797
1.47674
1.47402
1.47155
1.47106
1.47344
1.47815
1.48337
1.48666
1.48588
1.47985
1.46887
1.45474
1.44029
1.42837
1.42089
1.41829
1.41974
1.4238
1.42912
1.43481
1.4405
1.44597
1.45068
1.45361
1.45357
1.44972
1.442
1.43126
1.41901
1.407
1.39686
1.38981
1.38624
1.38549
1.38595
1.38555
1.38282
1.37748
1.3705
1.36344
1.35758
1.35338
1.3506
1.34881
1.34779
1.34761
1.34823
1.34911
1.34924
1.34771
1.34442
1.34043
1.33768
1.33826
1.34365
1.35405
1.36833
1.38442
1.39976
1.4119
1.41907
1.42086
1.4186
1.41472
1.41105
1.4074
1.40195
1.39306
1.3809
1.36809
1.35879
1.3565
1.36166
1.37113
1.38034
1.38654
1.39057
1.3959
1.40523
1.41769
1.42983
1.43878
1.44383
1.44596
1.44659
1.4469
1.44769
1.44942
1.45237
1.45647
1.46139
1.46654
1.47135
1.47551
1.4791
1.48251
1.48601
1.48933
1.49145
1.49086
1.48632
1.47738
1.46458
1.44924
1.43301
1.41746
1.40382
1.39289
1.385
1.38017
1.37811
1.37819
1.37955
1.38129
1.38278
1.38386
1.3849
1.3864
1.38845
1.39046
1.39158
1.39142
1.3904
1.38935
1.38888
1.38901
1.38932
1.38914
1.38797
1.38576
1.38327
1.38208
1.38419
1.391
1.40262
1.41784
1.43482
1.45191
1.46804
1.48268
1.49554
1.50635
1.51469
1.52008
1.52203
1.52015
1.51418
1.50402
1.48977
1.47189
1.45121
1.42884
1.40587
1.38315
1.36149
1.34199
1.32623
1.31589
1.31181
1.31346
1.31907
1.32637
1.33343
1.33917
1.34352
1.34713
1.3511
1.3564
1.36351
1.37226
1.38201
1.39212
1.40237
1.41304
1.42445
1.43635
1.44772
1.45711
1.46315
1.46514
1.46326
1.45851
1.45224
1.44576
1.4398
1.43454
1.42971
1.42483
1.4193
1.41255
1.40414
1.39402
1.38257
1.37055
1.35893
1.34841
1.3391
1.33035
1.32105
1.31031
1.29808
1.28552
1.27483
1.26845
1.26791
1.27311
1.28237
1.29334
1.30394
1.31301
1.32036
1.32658
1.33255
1.33912
1.34694
1.35644
1.36791
1.38133
1.39625
1.41172
1.42647
1.43922
1.44918
1.45659
1.46285
1.4698
1.47828
1.48711
1.4935
1.49483
1.48994
1.47944
1.46508
1.44908
1.43342
1.41958
1.40836
1.40016
1.39513
1.39339
1.39519
1.40085
1.41063
1.42427
1.44068
1.45778
1.47291
1.48333
1.48683
1.48228
1.46988
1.45118
1.42887
1.40653
1.38806
1.37703
1.3756
1.38369
1.39887
1.41725
1.43475
1.44858
1.45793
1.4637
1.46722
1.46851
1.46615
1.45836
1.44428
1.42447
1.4006
1.37488
1.34949
1.32637
1.30725
1.29376
1.28743
1.28934
1.29961
1.31721
1.34003
1.36543
1.39067
1.41329
1.43135
1.44359
1.44954
1.44961
1.44498
1.43728
1.42831
1.41979
1.41327
1.41003
1.41115
1.41731
1.42865
1.44443
1.463
1.48219
1.49983
1.51442
1.5253
1.5325
1.53633
1.537
1.53449
1.52878
1.52011
1.50912
1.49703
1.48552
1.47631
1.47058
1.46819
1.46763
1.46647
1.46239
1.45411
1.44194
1.42755
1.41328
1.40099
1.39133
1.38342
1.37545
1.36554
1.35255
1.33647
1.31858
1.30112
1.28676
1.2782
1.27789
1.28776
1.30902
1.34171
1.38416
1.433
1.48347
1.53047
1.56941
1.59714
1.61259
1.61721
1.61487
1.61065
1.60881
1.61074
1.61474
1.61743
1.61557
1.6073
1.59256
1.57281
1.55053
1.52817
1.50721
1.48755
1.46793
1.44687
1.42364
1.39852
1.37301
1.34959
1.33144
1.32164
1.32203
1.33239
1.35056
1.37345
1.39809
1.42213
1.44378
1.46161
1.47452
1.482
1.48434
1.48258
1.47794
1.47106
1.46167
1.44899
1.43284
1.41442
1.39631
1.3815
1.37203
1.36816
1.36893
1.37323
1.38038
1.38995
1.40122
1.41287
1.42317
1.43038
1.43319
1.43102
1.42416
1.41389
1.40226
1.39168
1.38435
1.38162
1.3836
1.38924
1.39703
1.40556
1.41391
1.42154
1.42822
1.43381
1.43823
1.44142
1.44328
1.44358
1.44189
1.43773
1.43088
1.42156
1.41042
1.39826
1.38572
1.37303
1.35974
1.34476
1.32664
1.3041
1.27673
1.24541
1.21234
1.18072
1.15412
1.13591
1.12857
1.13322
1.14971
1.17712
1.21394
1.25801
1.30625
1.35484
1.39964
1.43699
1.46427
1.48028
1.48522
1.48017
1.46689
1.44769
1.4257
1.40465
1.38794
1.37738
1.37307
1.37457
1.38205
1.39605
1.41614
1.44014
1.46481
1.48705
1.50475
1.51693
1.52356
1.52535
1.52353
1.51965
1.51502
1.5104
1.50583
1.50086
1.49482
1.48704
1.47692
1.46427
1.44949
1.43369
1.4183
1.40471
1.39385
1.38621
1.38195
1.38101
1.38307
1.38748
1.39328
1.39941
1.40497
1.40947
1.41295
1.41582
1.41865
1.42162
1.42429
1.42553
1.4239
1.41806
1.40725
1.39161
1.37231
1.3515
1.33214
1.3177
1.31169
1.31655
1.33254
1.35735
1.38704
1.41748
1.4455
1.46921
1.48801
1.5022
1.51272
1.52074
1.52725
1.53277
1.5372
1.53993
1.54006
1.53684
1.52988
1.51932
1.50585
1.49062
1.47506
1.46059
1.44829
1.43891
1.43279
1.4299
1.42988
1.43192
1.43493
1.43759
1.43876
1.43791
1.43546
1.43272
1.43137
1.43253
1.43614
1.44118
1.4465
1.45163
1.45713
1.46402
1.47295
1.48352
1.49428
1.50324
1.50875
1.5099
1.50675
1.50018
1.49159
1.48264
1.47498
1.46997
1.46857
1.47123
1.47773
1.48705
1.49731
1.50589
1.50988
1.50673
1.49489
1.4742
1.44606
1.41349
1.38078
1.35296
1.33483
1.32978
1.33882
1.36034
1.39098
1.42676
1.46405
1.50014
1.5333
1.56257
1.58737
1.6072
1.62155
1.62989
1.6318
1.62707
1.61586
1.59881
1.57705
1.55211
1.52582
1.50014
1.47707
1.45853
1.44614
1.44092
1.443
1.45149
1.46457
1.47977
1.49431
1.50559
1.51149
1.51065
1.50256
1.4876
1.46701
1.4428
1.41764
1.39483
1.37783
1.36955
1.37121
1.38164
1.39752
1.41466
1.42949
1.43981
1.44471
1.44432
1.43941
1.43111
1.42074
1.40972
1.39939
1.39085
1.38489
1.38202
1.38272
1.3875
1.39675
1.41052
1.42828
1.4489
1.4708
1.49242
1.51251
1.5305
1.54631
1.56016
1.57212
1.58178
1.58815
1.5898
1.58504
1.5724
1.55093
1.52047
1.48172
1.43655
1.38859
1.34398
1.31094
1.29625
1.29971
1.31363
1.32883
1.33991
1.34588
1.34805
1.34818
1.34748
1.34652
1.34552
1.34455
1.34335
1.34134
1.33786
1.33272
1.32664
1.32137
1.31908
1.32155
1.32959
1.34273
1.35932
1.37706
1.39391
1.40871
1.4214
1.43246
1.4423
1.45069
1.45654
1.45825
1.45436
1.4442
1.42832
1.40859
1.38787
1.36934
1.35562
1.34807
1.34676
1.35054
1.35748
1.36528
1.37171
1.37509
1.37479
1.37157
1.36783
1.36715
1.37322
1.38822
1.41145
1.43968
1.46873
1.49506
1.51647
1.53186
1.5407
1.54253
1.53695
1.52426
1.50695
1.49097
1.48347
1.48622
1.49219
1.49073
1.47497
1.44411
1.40203
1.35527
1.31116
1.2763
1.25492
1.24818
1.25438
1.2701
1.29152
1.31517
1.33823
1.35853
1.37447
1.38497
1.38945
1.38791
1.38103
1.37037
1.35845
1.34838
1.3429
1.34333
1.34889
1.35702
1.3645
1.36876
1.36886
1.36579
1.36223
1.36174
1.36702
1.37863
1.39461
1.41122
1.42452
1.43163
1.43136
1.4244
1.41307
1.40076
1.39124
1.38799
1.39328
1.40729
1.42798
1.4519
1.47531
1.49509
1.50913
1.51657
1.51782
1.51437
1.50832
1.50164
1.49557
1.49035
1.48559
1.48087
1.47641
1.47334
1.4736
1.47877
1.48872
1.50096
1.51151
1.51676
1.51486
1.50613
1.49239
1.47574
1.45743
1.43776
1.41678
1.39522
1.37471
1.35729
1.34462
1.33756
1.33615
1.33994
1.34825
1.36031
1.37511
1.39144
1.40793
1.42337
1.43696
1.44829
1.45715
1.46311
1.46522
1.46219
1.45324
1.43912
1.42267
1.40835
1.40043
1.40104
1.40947
1.42291
1.43853
1.45527
1.47409
1.49632
1.52137
1.54606
1.56638
1.57959
1.5851
1.58399
1.57834
1.57035
1.56177
1.55331
1.54447
1.53382
1.52008
1.50333
1.48582
1.471
1.46137
1.45702
1.45677
1.4602
1.46794
1.48029
1.49568
1.51089
1.5224
1.52749
1.52504
1.51587
1.50284
1.49024
1.48218
1.48063
1.48487
1.49273
1.50179
1.50975
1.51424
1.5132
1.50556
1.49203
1.4753
1.45917
1.44728
1.44183
1.44314
1.45
1.46035
1.47162
1.48124
1.48721
1.4889
1.4872
1.48416
1.48189
1.48148
1.48223
1.4822
1.47928
1.47217
1.46075
1.44583
1.4289
1.41153
1.3951
1.38053
1.36835
1.35889
1.35247
1.34935
1.34949
1.35224
1.35631
1.36002
1.36184
1.36096
1.35755
1.35271
1.34835
1.34672
1.34982
1.3587
1.37297
1.39062
1.40865
1.42388
1.43389
1.43739
1.43441
1.42615
1.4147
1.40278
1.39342
1.38963
1.39368
1.40626
1.4258
1.44881
1.47114
1.48942
1.50176
1.50779
1.5082
1.50438
1.49807
1.49118
1.48535
1.48147
1.47927
1.47747
1.47473
1.4705
1.46551
1.46155
1.46066
1.46419
1.47201
1.4822
1.49155
1.49679
1.49558
1.48693
1.47119
1.44984
1.42523
1.4002
1.37767
1.36003
1.34853
1.34305
1.34207
1.3431
1.34331
1.3403
1.33271
1.32074
1.30666
1.29455
1.28897
1.29299
1.30693
1.32842
1.3537
1.37885
1.40079
1.41764
1.42898
1.43563
1.4393
1.44201
1.44543
1.45054
1.45756
1.46627
1.47632
1.48725
1.49831
1.50817
1.515
1.51694
1.51271
1.50214
1.48646
1.46812
1.45028
1.43597
1.42723
1.42473
1.42777
1.43458
1.4428
1.44999
1.45418
1.45448
1.45117
1.44562
1.43969
1.43509
1.43297
1.43369
1.43683
1.44141
1.4461
1.44964
1.45108
1.45014
1.44725
1.44344
1.43977
1.43701
1.4355
1.43521
1.43592
1.43737
1.43915
1.44085
1.44196
1.44187
1.4398
1.43491
1.4266
1.41485
1.40053
1.38556
1.37245
1.36363
1.36075
1.36425
1.37334
1.38641
1.40156
1.41716
1.43207
1.44555
1.45692
1.46539
1.47044
1.47227
1.472
1.47116
1.47103
1.47223
1.47484
1.47866
1.48339
1.48856
1.4933
1.49643
1.49679
1.49355
1.48653
1.47626
1.46384
1.45049
1.43696
1.42338
1.40957
1.39545
1.38146
1.36854
1.35759
1.34899
1.34219
1.33602
1.32938
1.32182
1.3137
1.30553
1.29731
1.2885
1.2787
1.26825
1.2583
1.25035
1.24585
1.24588
1.25102
1.26124
1.27575
1.29311
1.31167
1.33
1.3471
1.36243
1.37582
1.38734
1.39734
1.4064
1.41509
1.42371
1.432
1.43903
1.4433
1.44298
1.43655
1.42336
1.40419
1.38133
1.35818
1.33845
1.32512
1.31978
1.32231
