-6.77386
-6.77633
-6.77867
-6.78127
-6.78457
-6.7906
-6.79965
-6.809
-6.81312
-6.81522
-6.81131
-6.79984
-6.7887
-6.77065
-6.74946
-6.7286
-6.70889
-6.688
-6.66769
-6.64989
-6.63391
-6.62604
-6.62293
-6.62501
-6.63364
-6.64708
-6.66277
-6.67668
-6.69298
-6.70513
-6.71371
-6.7148
-6.70951
-6.70145
-6.69227
-6.68241
-6.67456
-6.66939
-6.66957
-6.67259
-6.68121
-6.69591
-6.70773
-6.71953
-6.73058
-6.73874
-6.74689
-6.75263
-6.76226
-6.77371
-6.78355
-6.79047
-6.79083
-6.78346
-6.77427
-6.76015
-6.74303
-6.72463
-6.70412
-6.67997
-6.65868
-6.64048
-6.62489
-6.6166
-6.61408
-6.61579
-6.61962
-6.62434
-6.6332
-6.64154
-6.65167
-6.66374
-6.67999
-6.69784
-6.71973
-6.7417
-6.76107
-6.77949
-6.79377
-6.8064
-6.81369
-6.82099
-6.82259
-6.82155
-6.81536
-6.8126
-6.80291
-6.79335
-6.78139
-6.7704
-6.75621
-6.74375
-6.73319
-6.72346
-6.71736
-6.71068
-6.70457
-6.69946
-6.6953
-6.6947
-6.69169
-6.69149
-6.68904
-6.68498
-6.67933
-6.67249
-6.66844
-6.66412
-6.66513
-6.66337
-6.6668
-6.67006
-6.67051
-6.67363
-6.67427
-6.67543
-6.6771
-6.67773
-6.67734
-6.68157
-6.68342
-6.68641
-6.69217
-6.70149
-6.71431
-6.72925
-6.74502
-6.76064
-6.76975
-6.77364
-6.77384
-6.76885
-6.76019
-6.74955
-6.73732
-6.72236
-6.707
-6.68965
-6.67546
-6.66528
-6.6642
-6.66927
-6.67983
-6.6897
-6.70031
-6.70916
-6.71161
-6.70729
-6.70152
-6.69209
-6.68361
-6.67391
-6.67006
-6.67162
-6.67709
-6.68833
-6.70056
-6.71804
-6.74066
-6.76054
-6.77567
-6.79083
-6.80124
-6.80216
-6.79806
-6.78596
-6.77424
-6.7626
-6.75583
-6.75544
-6.76005
-6.76703
-6.77236
-6.77685
-6.78233
-6.78088
-6.77716
-6.77292
-6.76928
-6.76498
-6.76222
-6.75892
-6.75722
-6.75429
-6.74603
-6.73517
-6.71647
-6.69296
-6.66725
-6.64232
-6.62122
-6.60676
-6.60393
-6.60502
-6.60852
-6.61326
-6.61505
-6.61644
-6.61602
-6.61395
-6.61246
-6.61324
-6.6179
-6.62553
-6.63666
-6.6503
-6.66693
-6.68524
-6.70026
-6.7097
-6.71801
-6.72199
-6.7212
-6.71676
-6.71335
-6.70835
-6.70814
-6.71104
-6.71737
-6.7274
-6.74308
-6.75846
-6.77617
-6.79409
-6.81025
-6.82468
-6.83483
-6.84098
-6.8386
-6.83095
-6.8157
-6.79698
-6.775
-6.75062
-6.73012
-6.71273
-6.70065
-6.69494
-6.69396
-6.6985
-6.70704
-6.71592
-6.72453
-6.72631
-6.72254
-6.71368
-6.69996
-6.68767
-6.67581
-6.66821
-6.662
-6.6594
-6.66075
-6.66355
-6.66742
-6.67197
-6.67758
-6.67836
-6.67513
-6.66516
-6.64502
-6.61789
-6.58677
-6.55341
-6.52527
-6.50949
-6.51042
-6.52802
-6.56274
-6.60891
-6.66366
-6.71563
-6.7606
-6.7976
-6.82542
-6.84116
-6.85293
-6.85747
-6.85875
-6.85772
-6.85142
-6.84174
-6.83023
-6.81387
-6.7976
-6.77634
-6.76255
-6.74881
-6.7381
-6.73375
-6.7313
-6.73603
-6.74171
-6.74897
-6.75525
-6.75705
-6.75627
-6.74888
-6.74059
-6.73218
-6.72416
-6.71669
-6.71125
-6.7046
-6.69434
-6.68386
-6.67304
-6.6583
-6.64445
-6.63034
-6.6177
-6.6101
-6.61115
-6.61789
-6.62628
-6.63685
-6.65145
-6.66365
-6.67123
-6.67843
-6.6782
-6.67756
-6.67654
-6.67884
-6.67902
-6.68426
-6.68992
-6.69612
-6.70272
-6.71083
-6.71735
-6.7225
-6.72606
-6.73161
-6.7328
-6.7355
-6.7343
-6.72803
-6.71931
-6.70565
-6.69292
-6.67731
-6.65867
-6.63882
-6.62094
-6.6069
-6.59642
-6.59466
-6.6021
-6.61958
-6.64725
-6.67874
-6.71295
-6.74137
-6.76582
-6.78524
-6.79924
-6.8115
-6.81592
-6.82132
-6.82064
-6.81603
-6.80592
-6.79026
-6.7683
-6.74433
-6.72095
-6.69881
-6.67903
-6.6669
-6.6565
-6.64779
-6.64385
-6.63681
-6.63257
-6.63498
-6.64288
-6.65805
-6.67854
-6.70018
-6.72445
-6.74173
-6.75498
-6.76182
-6.76933
-6.77296
-6.77494
-6.77568
-6.77363
-6.77187
-6.76724
-6.76084
-6.75578
-6.75158
-6.74829
-6.74765
-6.75077
-6.75763
-6.76017
-6.75808
-6.75198
-6.74481
-6.73048
-6.71097
-6.68935
-6.66267
-6.63479
-6.60605
-6.57958
-6.55589
-6.54102
-6.53407
-6.53836
-6.55415
-6.57939
-6.61177
-6.64599
-6.68065
-6.70695
-6.72179
-6.72993
-6.72976
-6.72233
-6.71372
-6.70362
-6.69368
-6.68432
-6.67877
-6.67378
-6.67283
-6.67643
-6.6921
-6.71505
-6.7432
-6.77621
-6.80981
-6.84037
-6.86629
-6.88538
-6.89449
-6.89395
-6.88234
-6.86202
-6.83158
-6.79293
-6.75377
-6.71689
-6.686
-6.66608
-6.65779
-6.65815
-6.66876
-6.68225
-6.69917
-6.71639
-6.72903
-6.73967
-6.74205
-6.73613
-6.72026
-6.69831
-6.67192
-6.64786
-6.6307
-6.6192
-6.61932
-6.62537
-6.63727
-6.64852
-6.66038
-6.67205
-6.6831
-6.69445
-6.7077
-6.71969
-6.73379
-6.74838
-6.76096
-6.7712
-6.77971
-6.78669
-6.79279
-6.79709
-6.80086
-6.80405
-6.79996
-6.78984
-6.77183
-6.74658
-6.71375
-6.67854
-6.64347
-6.6103
-6.58248
-6.56319
-6.55544
-6.55641
-6.56667
-6.58063
-6.59515
-6.61128
-6.62558
-6.64304
-6.66047
-6.68249
-6.71013
-6.74048
-6.77046
-6.80199
-6.82961
-6.85406
-6.87374
-6.88865
-6.89221
-6.88871
-6.87804
-6.85657
-6.82801
-6.79894
-6.76572
-6.73156
-6.70057
-6.67229
-6.64755
-6.62676
-6.60936
-6.59651
-6.58394
-6.57809
-6.57689
-6.58185
-6.59564
-6.61387
-6.64227
-6.67362
-6.70786
-6.74171
-6.77264
-6.79948
-6.81981
-6.83047
-6.83415
-6.83201
-6.82191
-6.80733
-6.78702
-6.76532
-6.7401
-6.71367
-6.68504
-6.66311
-6.6457
-6.6337
-6.62729
-6.62788
-6.63311
-6.63931
-6.64827
-6.65624
-6.66246
-6.66651
-6.66583
-6.66317
-6.65895
-6.6525
-6.64908
-6.64646
-6.64514
-6.64801
-6.65421
-6.66766
-6.68119
-6.69581
-6.70873
-6.7211
-6.73363
-6.74641
-6.75833
-6.76411
-6.76805
-6.76868
-6.76216
-6.7547
-6.74106
-6.72356
-6.70555
-6.68441
-6.66393
-6.64738
-6.64006
-6.63873
-6.64826
-6.66593
-6.69148
-6.72327
-6.75464
-6.78836
-6.81994
-6.8423
-6.85932
-6.86667
-6.86643
-6.8567
-6.84199
-6.82201
-6.79812
-6.76761
-6.73512
-6.70446
-6.67473
-6.65257
-6.63995
-6.635
-6.63779
-6.64957
-6.66563
-6.68157
-6.69671
-6.70701
-6.71329
-6.71609
-6.71
-6.69944
-6.68504
-6.66501
-6.64347
-6.6264
-6.61356
-6.60944
-6.61356
-6.62398
-6.63852
-6.6554
-6.67388
-6.69549
-6.71561
-6.73895
-6.76051
-6.77846
-6.79301
-6.80498
-6.81118
-6.8125
-6.80666
-6.79587
-6.77607
-6.7485
-6.71723
-6.68218
-6.65481
-6.6379
-6.63582
-6.64881
-6.67335
-6.70901
-6.74392
-6.77395
-6.79346
-6.80383
-6.79837
-6.77821
-6.74906
-6.71681
-6.68574
-6.66214
-6.64974
-6.6489
-6.65781
-6.67199
-6.69123
-6.7029
-6.70838
-6.70994
-6.70373
-6.69559
-6.68764
-6.68399
-6.68563
-6.69446
-6.70252
-6.71105
-6.71673
-6.71904
-6.71639
-6.71396
-6.7038
-6.69445
-6.68498
-6.67995
-6.6818
-6.68774
-6.7009
-6.72221
-6.74367
-6.75845
-6.76782
-6.76619
-6.75564
-6.73957
-6.71991
-6.70578
-6.6932
-6.68539
-6.68479
-6.68163
-6.6761
-6.67037
-6.66293
-6.65681
-6.65224
-6.65289
-6.65585
-6.66546
-6.6781
-6.69549
-6.71462
-6.72846
-6.7387
-6.74331
-6.7417
-6.73459
-6.72415
-6.71335
-6.70292
-6.69244
-6.68237
-6.67486
-6.67457
-6.67737
-6.68447
-6.69838
-6.71229
-6.72919
-6.74369
-6.75735
-6.7687
-6.77999
-6.78571
-6.78847
-6.78824
-6.78066
-6.76609
-6.74854
-6.72839
-6.70274
-6.68187
-6.66044
-6.64509
-6.63387
-6.62958
-6.63131
-6.64024
-6.65513
-6.67258
-6.68689
-6.69966
-6.7091
-6.71507
-6.72223
-6.73005
-6.73649
-6.73816
-6.74046
-6.74181
-6.74428
-6.75138
-6.76176
-6.7737
-6.77959
-6.78225
-6.78035
-6.77316
-6.76071
-6.74399
-6.72666
-6.70569
-6.6893
-6.67874
-6.67088
-6.66551
-6.66575
-6.66735
-6.67066
-6.67482
-6.68042
-6.68537
-6.68693
-6.69121
-6.69567
-6.69989
-6.7068
-6.71452
-6.7227
-6.72899
-6.73198
-6.73152
-6.72924
-6.72454
-6.7214
-6.71862
-6.71658
-6.71573
-6.71191
-6.70687
-6.70221
-6.6952
-6.68474
-6.67346
-6.6651
-6.65866
-6.65895
-6.66492
-6.67952
-6.69499
-6.71358
-6.72815
-6.7361
-6.74213
-6.74057
-6.73779
-6.72967
-6.72319
-6.71831
-6.71677
-6.72071
-6.72767
-6.73807
-6.75112
-6.76802
-6.77934
-6.78715
-6.78679
-6.77902
-6.76799
-6.76049
-6.75364
-6.74821
-6.74494
-6.74015
-6.73179
-6.71884
-6.69964
-6.68154
-6.6673
-6.65362
-6.64451
-6.64033
-6.64108
-6.6481
-6.65705
-6.66528
-6.66858
-6.66806
-6.66126
-6.65329
-6.64659
-6.64838
-6.65433
-6.66643
-6.68202
-6.70182
-6.72158
-6.73708
-6.75314
-6.76189
-6.76406
-6.76474
-6.75585
-6.73961
-6.72126
-6.69882
-6.67893
-6.65673
-6.63679
-6.62198
-6.61036
-6.6056
-6.608
-6.61944
-6.63719
-6.65908
-6.68657
-6.71177
-6.73355
-6.74922
-6.76132
-6.7651
-6.75671
-6.74275
-6.72136
-6.69672
-6.66994
-6.64318
-6.62139
-6.60866
-6.60569
-6.60796
-6.62104
-6.64367
-6.66983
-6.70135
-6.73627
-6.77077
-6.80294
-6.83523
-6.86098
-6.87677
-6.88577
-6.88386
-6.87278
-6.85354
-6.83129
-6.80166
-6.76757
-6.73172
-6.69485
-6.65997
-6.62824
-6.60618
-6.58823
-6.58128
-6.58477
-6.59566
-6.61177
-6.63128
-6.65462
-6.67431
-6.69307
-6.70798
-6.7213
-6.73324
-6.74265
-6.74682
-6.74802
-6.74923
-6.75001
-6.74812
-6.74253
-6.73948
-6.73178
-6.72502
-6.71636
-6.70446
-6.6914
-6.67572
-6.66131
-6.64959
-6.65122
-6.65662
-6.67083
-6.68486
-6.7014
-6.71534
-6.72264
-6.72452
-6.71846
-6.70761
-6.69764
-6.69366
-6.69529
-6.70299
-6.71798
-6.73391
-6.75002
-6.76171
-6.76744
-6.76842
-6.76298
-6.75268
-6.7408
-6.72766
-6.71475
-6.69995
-6.68567
-6.67228
-6.66228
-6.65244
-6.64702
-6.64752
-6.6532
-6.6603
-6.67195
-6.68494
-6.69975
-6.71371
-6.72245
-6.73226
-6.73826
-6.74838
-6.7566
-6.76481
-6.77303
-6.77564
-6.77276
-6.76386
-6.75289
-6.74505
-6.74331
-6.74738
-6.756
-6.76361
-6.76781
-6.7665
-6.75862
-6.74743
-6.73555
-6.71777
-6.70456
-6.69496
-6.68533
-6.68155
-6.68009
-6.68078
-6.68137
-6.68585
-6.69413
-6.70314
-6.71381
-6.72633
-6.73474
-6.73905
-6.73699
-6.72829
-6.71015
-6.68942
-6.66523
-6.63824
-6.61112
-6.58703
-6.56795
-6.56017
-6.55969
-6.57411
-6.59883
-6.6323
-6.6711
-6.70777
-6.74017
-6.7689
-6.78702
-6.79411
-6.79479
-6.79175
-6.77903
-6.76254
-6.74658
-6.72762
-6.71079
-6.69328
-6.67716
-6.66253
-6.64967
-6.63656
-6.62884
-6.62445
-6.62579
-6.63637
-6.64995
-6.66586
-6.68266
-6.69955
-6.71458
-6.72481
-6.73419
-6.7425
-6.74486
-6.74619
-6.74987
-6.75253
-6.75938
-6.76513
-6.77392
-6.78112
-6.78778
-6.79128
-6.79613
-6.79889
-6.80018
-6.79713
-6.7912
-6.78107
-6.76601
-6.74934
-6.73055
-6.71118
-6.69353
-6.67775
-6.66678
-6.65555
-6.64304
-6.63762
-6.63039
-6.62564
-6.62252
-6.62369
-6.62602
-6.62847
-6.6336
-6.64169
-6.65607
-6.67367
-6.69406
-6.71198
-6.73055
-6.74535
-6.7527
-6.75409
-6.7491
-6.74081
-6.7356
-6.72908
-6.72186
-6.71881
-6.71634
-6.71351
-6.70836
-6.70982
-6.71829
-6.73167
-6.75171
-6.77286
-6.79177
-6.80258
-6.80124
-6.78891
-6.76448
-6.73288
-6.69967
-6.66935
-6.64705
-6.63536
-6.63477
-6.63977
-6.64562
-6.65266
-6.6558
-6.6523
-6.64488
-6.63499
-6.62487
-6.61774
-6.61372
-6.61734
-6.62795
-6.64577
-6.66886
-6.69348
-6.72395
-6.75314
-6.77871
-6.79727
-6.8092
-6.81095
-6.80693
-6.79586
-6.78152
-6.77103
-6.76142
-6.75559
-6.75627
-6.75854
-6.76546
-6.76564
-6.76605
-6.76217
-6.75451
-6.74373
-6.73362
-6.72476
-6.71438
-6.70558
-6.69302
-6.68275
-6.67219
-6.65932
-6.64815
-6.63924
-6.63272
-6.62688
-6.625
-6.6278
-6.63689
-6.65096
-6.66696
-6.68552
-6.70199
-6.7186
-6.73197
-6.74321
-6.74986
-6.75419
-6.7583
-6.75489
-6.74793
-6.73898
-6.72629
-6.70989
-6.69147
-6.67889
-6.66832
-6.66
-6.65849
-6.6593
-6.66499
-6.67315
-6.68777
-6.70359
-6.71976
-6.73371
-6.74765
-6.75945
-6.76672
-6.77182
-6.77726
-6.77455
-6.76884
-6.75792
-6.74513
-6.72882
-6.70958
-6.68721
-6.66749
-6.6472
-6.63151
-6.61436
-6.60107
-6.59618
-6.59625
-6.60456
-6.62133
-6.64622
-6.67467
-6.7057
-6.7324
-6.75522
-6.77391
-6.78401
-6.78399
-6.77861
-6.76646
-6.74968
-6.73049
-6.70835
-6.69081
-6.67529
-6.66761
-6.66852
-6.67515
-6.68758
-6.70322
-6.71421
-6.72417
-6.73077
-6.73238
-6.72991
-6.72586
-6.71887
-6.71252
-6.71107
-6.70991
-6.71182
-6.71532
-6.71763
-6.72005
-6.72128
-6.72192
-6.72278
-6.72307
-6.72034
-6.71501
-6.71052
-6.7054
-6.69803
-6.69122
-6.68691
-6.68387
-6.6781
-6.67222
-6.6685
-6.66774
-6.67079
-6.67955
-6.69526
-6.71773
-6.73926
-6.76449
-6.78608
-6.80018
-6.80516
-6.7966
-6.77889
-6.75104
-6.71834
-6.68628
-6.66088
-6.64565
-6.63862
-6.64291
-6.65058
-6.66309
-6.67979
-6.6966
-6.7136
-6.72688
-6.73205
-6.73143
-6.72427
-6.71295
-6.69929
-6.68546
-6.674
-6.66884
-6.66825
-6.67186
-6.68257
-6.69507
-6.70965
-6.72553
-6.73612
-6.74682
-6.75775
-6.76891
-6.78121
-6.78933
-6.79664
-6.79939
-6.79788
-6.79034
-6.77918
-6.76304
-6.74412
-6.72546
-6.70161
-6.67685
-6.65411
-6.63108
-6.61304
-6.59889
-6.59208
-6.5919
-6.6001
-6.61521
-6.63483
-6.65436
-6.67443
-6.69438
-6.7166
-6.73309
-6.74559
-6.75174
-6.75493
-6.74779
-6.73446
-6.72046
-6.70707
-6.6977
-6.69085
-6.69269
-6.70148
-6.71352
-6.72843
-6.74199
-6.75306
-6.75931
-6.7647
-6.76698
-6.76855
-6.77027
-6.77176
-6.77355
-6.77135
-6.76597
-6.75574
-6.74421
-6.73269
-6.72029
-6.70369
-6.6872
-6.67259
-6.6574
-6.64639
-6.63846
-6.63411
-6.63258
-6.63301
-6.63171
-6.63313
-6.63639
-6.64137
-6.64391
-6.6518
-6.6607
-6.67105
-6.68524
-6.69547
-6.70578
-6.71144
-6.7137
-6.71448
-6.71496
-6.71325
-6.71164
-6.70952
-6.70512
-6.70083
-6.69613
-6.69319
-6.68899
-6.68702
-6.68981
-6.69774
-6.7112
-6.73066
-6.75124
-6.77215
-6.7926
-6.80335
-6.81141
-6.80764
-6.79847
-6.78509
-6.77173
-6.75971
-6.75151
-6.74613
-6.74517
-6.74227
-6.74209
-6.74075
-6.74118
-6.73665
-6.73559
-6.73775
-6.73774
-6.73973
-6.7431
-6.74326
-6.74485
-6.74488
-6.74111
-6.73457
-6.72362
-6.71068
-6.69584
-6.68773
-6.67931
-6.67565
-6.67763
-6.68096
-6.687
-6.69788
-6.70683
-6.71418
-6.71813
-6.7189
-6.71362
-6.70263
-6.68676
-6.66536
-6.64726
-6.63724
-6.63526
-6.64056
-6.65597
-6.67642
-6.69956
-6.72318
-6.73567
-6.73917
-6.73106
-6.70949
-6.68054
-6.64996
-6.6237
-6.61445
-6.62374
-6.65404
-6.69867
-6.75139
-6.81163
-6.86968
-6.91888
-6.95647
-6.97805
-6.97798
-6.96062
-6.93031
-6.88939
-6.84115
-6.79072
-6.74401
-6.70118
-6.67292
-6.65651
-6.64883
-6.65057
-6.6614
-6.67817
-6.69101
-6.70232
-6.70747
-6.70401
-6.69408
-6.682
-6.66628
-6.64987
-6.63486
-6.62336
-6.61613
-6.61061
-6.60684
-6.60963
-6.6153
-6.62516
-6.63428
-6.64473
-6.65769
-6.66618
-6.67121
-6.67184
-6.67361
-6.67097
-6.66487
-6.65592
-6.65136
-6.6454
-6.64493
-6.64464
-6.65187
-6.66514
-6.68161
-6.70559
-6.72924
-6.75573
-6.77993
-6.79772
-6.80487
-6.808
-6.80818
-6.80234
-6.79313
-6.78312
-6.77647
-6.7728
-6.77043
-6.76816
-6.7627
-6.75649
-6.74206
-6.72358
-6.70377
-6.68011
-6.66176
-6.64851
-6.63804
-6.63573
-6.63975
-6.64892
-6.659
-6.66779
-6.6756
-6.6874
-6.69945
-6.71256
-6.72921
-6.74344
-6.75667
-6.76587
-6.77039
-6.7689
-6.76522
-6.76125
-6.75855
-6.75437
-6.75171
-6.74434
-6.7387
-6.72764
-6.71402
-6.69869
-6.68205
-6.66568
-6.65042
-6.63567
-6.62162
-6.61102
-6.60473
-6.60747
-6.6216
-6.64254
-6.66896
-6.6995
-6.72921
-6.75665
-6.78316
-6.80675
-6.82016
-6.82907
-6.83078
-6.82831
-6.82219
-6.80993
-6.79308
-6.77611
-6.7526
-6.7318
-6.7073
-6.6879
-6.67105
-6.65733
-6.65286
-6.65505
-6.66176
-6.67098
-6.67995
-6.68738
-6.68917
-6.68918
-6.68978
-6.68925
-6.68732
-6.68649
-6.68692
-6.68797
-6.68429
-6.6818
-6.67811
-6.67549
-6.67506
-6.67806
-6.67763
-6.67807
-6.67908
-6.6827
-6.68716
-6.69415
-6.70467
-6.71713
-6.73356
-6.75208
-6.77233
-6.78764
-6.80203
-6.81088
-6.80985
-6.80397
-6.78922
-6.76808
-6.74082
-6.7106
-6.68076
-6.65868
-6.64306
-6.6413
-6.64807
-6.66644
-6.69043
-6.71929
-6.7477
-6.76848
-6.78028
-6.77921
-6.76941
-6.74985
-6.7242
-6.70221
-6.68687
-6.68515
-6.69369
-6.70661
-6.72213
-6.73545
-6.74398
-6.74811
-6.74721
-6.74795
-6.7505
-6.75502
-6.75519
-6.75605
-6.7496
-6.74225
-6.73164
-6.72186
-6.71245
-6.70547
-6.70321
-6.70382
-6.7016
-6.69608
-6.68786
-6.6761
-6.66078
-6.6513
-6.64219
-6.64133
-6.64963
-6.66083
-6.67748
-6.69788
-6.7214
-6.7435
-6.76133
-6.77573
-6.78344
-6.78645
-6.78799
-6.78179
-6.77437
-6.76435
-6.75736
-6.74968
-6.74275
-6.73534
-6.72565
-6.71471
-6.70306
-6.69266
-6.68241
-6.67563
-6.67007
-6.66771
-6.66759
-6.66984
-6.67143
-6.67188
-6.66994
-6.66573
-6.65738
-6.64854
-6.63989
-6.6323
-6.62663
-6.62416
-6.63039
-6.64112
-6.65178
-6.66584
-6.68129
-6.69877
-6.72157
-6.74361
-6.76625
-6.78028
-6.78996
-6.79055
-6.78221
-6.76639
-6.74568
-6.7234
-6.70211
-6.68836
-6.68113
-6.68197
-6.6882
-6.69758
-6.70505
-6.71043
-6.71456
-6.71572
-6.71599
-6.71995
-6.72693
-6.73336
-6.74334
-6.75366
-6.75989
-6.76229
-6.76473
-6.76445
-6.76393
-6.76084
-6.76093
-6.75704
-6.74967
-6.73708
-6.71892
-6.69807
-6.68047
-6.6681
-6.66151
-6.66622
-6.67996
-6.69986
-6.71937
-6.73702
-6.74631
-6.74806
-6.74301
-6.73356
-6.71629
-6.69639
-6.6761
-6.65847
-6.64446
-6.6316
-6.61915
-6.60701
-6.5997
-6.59748
-6.59366
-6.59694
-6.60438
-6.6144
-6.62875
-6.64763
-6.6674
-6.69217
-6.71854
-6.74598
-6.77229
-6.79755
-6.81621
-6.83086
-6.8371
-6.84146
-6.84651
-6.84851
-6.85092
-6.85121
-6.84869
-6.8468
-6.8391
-6.82681
-6.80613
-6.77955
-6.75079
-6.72382
-6.70166
-6.68646
-6.68093
-6.68069
-6.68922
-6.69965
-6.7062
-6.70904
-6.70337
-6.6941
-6.67634
-6.65547
-6.63249
-6.60664
-6.58
-6.55301
-6.53207
-6.51899
-6.51795
-6.52965
-6.55846
-6.60005
-6.64428
-6.69334
-6.7352
-6.76968
-6.7931
-6.80088
-6.79791
-6.78441
-6.76827
-6.74816
-6.73233
-6.72346
-6.71552
-6.71508
-6.71856
-6.72449
-6.72878
-6.7336
-6.73177
-6.72974
-6.72538
-6.71779
-6.71689
-6.71763
-6.72142
-6.72838
-6.7346
-6.74043
-6.74683
-6.74982
-6.74845
-6.74324
-6.7373
-6.73447
-6.7357
-6.74503
-6.76228
-6.77744
-6.79095
-6.79898
-6.80204
-6.80066
-6.79739
-6.78779
-6.77813
-6.76433
-6.74911
-6.73227
-6.71384
-6.69337
-6.66921
-6.64409
-6.61725
-6.59921
-6.59003
-6.59257
-6.60691
-6.62993
-6.65342
-6.67617
-6.69344
-6.70283
-6.70604
-6.70873
-6.7069
-6.70739
-6.71011
-6.71464
-6.72118
-6.72962
-6.7369
-6.74482
-6.75088
-6.75285
-6.74745
-6.73645
-6.71938
-6.69795
-6.67738
-6.65958
-6.64777
-6.64481
-6.65118
-6.66627
-6.69316
-6.72238
-6.74926
-6.77003
-6.78723
-6.79203
-6.78907
-6.78165
-6.77532
-6.76552
-6.76127
-6.75524
-6.75168
-6.74789
-6.74368
-6.73425
-6.72348
-6.71167
-6.70209
-6.69359
-6.68574
-6.68572
-6.68977
-6.70093
-6.71576
-6.73248
-6.74397
-6.74694
-6.74379
-6.73011
-6.70479
-6.6725
-6.6413
-6.60882
-6.5809
-6.56277
-6.55255
-6.55663
-6.57023
-6.59647
-6.62901
-6.66529
-6.70136
-6.73383
-6.7642
-6.78737
-6.79893
-6.80181
-6.80264
-6.79842
-6.78997
-6.78309
-6.77609
-6.77396
-6.77326
-6.77468
-6.77613
-6.77194
-6.76165
-6.74615
-6.72364
-6.69841
-6.6723
-6.65009
-6.63752
-6.63482
-6.64339
-6.65539
-6.66613
-6.67457
-6.67838
-6.67694
-6.67268
-6.6682
-6.6627
-6.66005
-6.66165
-6.66811
-6.67386
-6.68576
-6.69426
-6.7054
-6.71313
-6.72356
-6.73358
-6.73887
-6.74579
-6.75327
-6.75782
-6.75761
-6.75244
-6.74745
-6.74034
-6.72981
-6.72338
-6.7173
-6.71745
-6.72489
-6.73262
-6.74318
-6.75497
-6.76703
-6.77987
-6.79252
-6.80208
-6.81052
-6.8158
-6.81696
-6.81494
-6.81083
-6.80091
-6.78907
-6.77255
-6.74909
-6.71826
-6.68419
-6.64922
-6.61958
-6.5987
-6.58291
-6.57403
-6.57053
-6.57223
-6.58022
-6.59274
-6.61072
-6.63185
-6.65392
-6.67594
-6.70317
-6.72519
-6.7399
-6.74808
-6.75049
-6.74199
-6.72827
-6.70861
-6.6826
-6.65682
-6.63143
-6.61333
-6.60163
-6.60118
-6.61007
-6.62654
-6.65118
-6.68117
-6.71616
-6.74661
-6.77245
-6.79902
-6.81991
-6.83543
-6.84603
-6.84911
-6.84597
-6.83774
-6.82737
-6.8151
-6.80179
-6.79332
-6.785
-6.7808
-6.77527
-6.77319
-6.76756
-6.76369
-6.75987
-6.75536
-6.75032
-6.74705
-6.74085
-6.72977
-6.71693
-6.70289
-6.69156
-6.68057
-6.67188
-6.66402
-6.65872
-6.65606
-6.65138
-6.64999
-6.64922
-6.65227
-6.65658
-6.66237
-6.66742
-6.67041
-6.67624
-6.68035
-6.68807
-6.69552
-6.70138
-6.70769
-6.71136
-6.71506
-6.71778
-6.72088
-6.72049
-6.71975
-6.71764
-6.71332
-6.70966
-6.70209
-6.69654
-6.68876
-6.6846
-6.68066
-6.68211
-6.68526
-6.68905
-6.69061
-6.68857
-6.67873
-6.6701
-6.66745
-6.67006
-6.67828
-6.69012
-6.70633
-6.71724
-6.72665
-6.73132
-6.73066
-6.73101
-6.72839
-6.72385
-6.72267
-6.7264
-6.73582
-6.75201
-6.76736
-6.77869
-6.78559
-6.78205
-6.77293
-6.75788
-6.74131
-6.72634
-6.71485
-6.70681
-6.70519
-6.70424
-6.70596
-6.70769
-6.71304
-6.71994
-6.7316
-6.74003
-6.74932
-6.75364
-6.75275
-6.74892
-6.74374
-6.73542
-6.72095
-6.70284
-6.68347
-6.6604
-6.63803
-6.6147
-6.59492
-6.5816
-6.57487
-6.57819
-6.59128
-6.61511
-6.64737
-6.68112
-6.71099
-6.72972
-6.74151
-6.74294
-6.73946
-6.73086
-6.7235
-6.71839
-6.72121
-6.72615
-6.73727
-6.74655
-6.75529
-6.7596
-6.75658
-6.75071
-6.73923
-6.72541
-6.71626
-6.71362
-6.71504
-6.72382
-6.73638
-6.74812
-6.75833
-6.76433
-6.76607
-6.76102
-6.74972
-6.73313
-6.71446
-6.69356
-6.6766
-6.6624
-6.65234
-6.65009
-6.6506
-6.65934
-6.67253
-6.69247
-6.71694
-6.74249
-6.76827
-6.78795
-6.79636
-6.79624
-6.78826
-6.77323
-6.75442
-6.73075
-6.70962
-6.68619
-6.66529
-6.65198
-6.63911
-6.63444
-6.63793
-6.64657
-6.65831
-6.6715
-6.68155
-6.69053
-6.69297
-6.69254
-6.68817
-6.68375
-6.68095
-6.67836
-6.67911
-6.6798
-6.68513
-6.69297
-6.70419
-6.71613
-6.73234
-6.74956
-6.76546
-6.77923
-6.78946
-6.79062
-6.79064
-6.78149
-6.76465
-6.74614
-6.72093
-6.69477
-6.66883
-6.64737
-6.6317
-6.62329
-6.62515
-6.63528
-6.6531
-6.67561
-6.6979
-6.71701
-6.7316
-6.73994
-6.74323
-6.73946
-6.72986
-6.71172
-6.69476
-6.67978
-6.67224
-6.67283
-6.68081
-6.69282
-6.70739
-6.72101
-6.73215
-6.73989
-6.74493
-6.74548
-6.74199
-6.73518
-6.72666
-6.71666
-6.70891
-6.70388
-6.70506
-6.71044
-6.71759
-6.72496
-6.72921
-6.73181
-6.73173
-6.7305
-6.72929
-6.73
-6.73321
-6.73969
-6.74313
-6.74924
-6.75491
-6.76073
-6.7625
-6.7606
-6.75902
-6.75218
-6.74361
-6.73315
-6.71946
-6.70493
-6.68911
-6.67064
-6.64633
-6.61929
-6.59691
-6.57505
-6.56373
-6.56494
-6.58006
-6.60654
-6.64388
-6.67926
-6.71697
-6.74491
-6.76712
-6.77837
-6.77833
-6.77296
-6.75936
-6.73884
-6.71412
-6.69261
-6.67092
-6.65918
-6.65075
-6.65075
-6.65515
-6.66653
-6.68195
-6.7005
-6.71876
-6.73591
-6.74975
-6.75769
-6.75815
-6.75289
-6.73885
-6.72413
-6.70803
-6.69249
-6.68498
-6.68083
-6.68227
-6.68695
-6.69184
-6.69748
-6.70006
-6.69948
-6.69759
-6.69065
-6.68713
-6.68592
-6.68694
-6.69383
-6.70316
-6.71923
-6.73421
-6.75251
-6.77175
-6.79154
-6.81058
-6.82395
-6.83357
-6.83283
-6.82715
-6.81839
-6.80123
-6.7792
-6.75369
-6.7261
-6.69828
-6.67308
-6.64953
-6.63242
-6.62493
-6.62597
-6.63319
-6.64325
-6.65583
-6.66352
-6.66788
-6.67055
-6.67372
-6.67493
-6.67676
-6.67735
-6.67743
-6.67782
-6.68018
-6.68299
-6.68489
-6.68718
-6.68516
-6.68111
-6.67989
-6.68055
-6.68045
-6.68832
-6.69357
-6.70154
-6.71003
-6.7159
-6.71634
-6.71447
-6.71075
-6.70696
-6.7016
-6.70064
-6.69919
-6.69866
-6.69875
-6.69616
-6.69156
-6.68393
-6.67618
-6.67284
-6.67011
-6.67058
-6.67432
-6.68122
-6.69426
-6.70819
-6.72126
-6.73591
-6.75173
-6.76584
-6.77614
-6.7841
-6.79402
-6.79949
-6.80608
-6.81007
-6.80808
-6.80287
-6.7934
-6.77846
-6.76307
-6.75113
-6.74255
-6.73507
-6.72997
-6.72383
-6.71511
-6.70697
-6.69942
-6.69498
-6.69188
-6.69146
-6.69427
-6.69812
-6.69961
-6.69907
-6.69598
-6.68697
-6.6747
-6.66046
-6.64655
-6.63815
-6.63588
-6.63837
-6.64663
-6.65655
-6.67022
-6.68211
-6.69227
-6.6977
-6.70271
-6.70394
-6.70397
-6.70242
-6.69678
-6.68968
-6.67972
-6.66758
-6.65417
-6.6398
-6.63049
-6.62763
-6.62822
-6.63569
-6.6515
-6.67292
-6.69718
-6.72099
-6.73937
-6.75339
-6.75782
-6.75718
-6.7505
-6.74021
-6.73084
-6.72001
-6.70931
-6.70434
-6.6986
-6.6944
-6.68895
-6.68755
-6.68421
-6.68455
-6.68657
-6.69304
-6.6962
-6.69719
-6.69853
-6.69854
-6.69715
-6.69584
-6.69408
-6.68826
-6.68315
-6.67873
-6.68037
-6.68914
-6.69896
-6.71026
-6.71894
-6.73014
-6.73875
-6.74442
-6.75321
-6.76078
-6.7707
-6.78061
-6.79221
-6.80195
-6.80734
-6.81261
-6.81438
-6.81058
-6.80254
-6.79711
-6.78685
-6.77648
-6.76433
-6.75357
-6.74611
-6.73853
-6.72937
-6.72041
-6.71015
-6.69675
-6.6812
-6.66666
-6.65737
-6.65379
-6.65396
-6.65858
-6.66496
-6.66819
-6.67223
-6.67406
-6.67489
-6.67206
-6.66771
-6.65967
-6.65033
-6.64614
-6.64332
-6.64619
-6.65669
-6.67418
-6.69687
-6.72
-6.74055
-6.75505
-6.7607
-6.75781
-6.74431
-6.728
-6.70568
-6.68361
-6.66703
-6.65714
-6.65766
-6.6691
-6.68907
-6.71259
-6.73639
-6.75933
-6.77747
-6.7881
-6.79069
-6.78407
-6.76885
-6.74786
-6.72624
-6.70179
-6.68098
-6.66673
-6.66131
-6.66506
-6.67387
-6.69253
-6.71583
-6.74165
-6.76546
-6.78811
-6.80045
-6.80466
-6.80058
-6.79181
-6.77724
-6.76367
-6.75065
-6.74323
-6.7376
-6.73754
-6.73928
-6.74218
-6.74553
-6.74839
-6.74953
-6.74679
-6.73768
-6.72032
-6.69603
-6.66421
-6.62698
-6.58963
-6.55202
-6.51858
-6.49039
-6.4731
-6.46507
-6.46771
-6.47869
-6.49606
-6.52105
-6.54955
-6.57922
-6.61136
-6.64646
-6.68057
-6.71297
-6.74113
-6.76239
-6.77698
-6.78385
-6.7865
-6.78322
-6.77994
-6.77699
-6.77619
-6.78108
-6.78628
-6.79341
-6.80252
-6.81222
-6.82011
-6.82633
-6.82763
-6.82536
-6.816
-6.80253
-6.78454
-6.7647
-6.74154
-6.72046
-6.70087
-6.68043
-6.66438
-6.65046
-6.63744
-6.62347
-6.61256
-6.60667
-6.60765
-6.61706
-6.63167
-6.65198
-6.67229
-6.69129
-6.70881
-6.72369
-6.73429
-6.7411
-6.74372
-6.74319
-6.74387
-6.74232
-6.74235
-6.74345
-6.74141
-6.73337
-6.71758
-6.69957
-6.67452
-6.64787
-6.62905
-6.61628
-6.61557
-6.62686
-6.65032
-6.68151
-6.71582
-6.74931
-6.7775
-6.79791
-6.81434
-6.81828
-6.81133
-6.79246
-6.76694
-6.73569
-6.70649
-6.68034
-6.66201
-6.65203
-6.64953
-6.65075
-6.65532
-6.6634
-6.67467
-6.68539
-6.69531
-6.71024
-6.7261
-6.74194
-6.75632
-6.76901
-6.77569
-6.77549
-6.76841
-6.75529
-6.73582
-6.71549
-6.69623
-6.68601
-6.67915
-6.6774
-6.68058
-6.68304
-6.68566
-6.68733
-6.68789
-6.68671
-6.6888
-6.69891
-6.71574
-6.73685
-6.76136
-6.7821
-6.79748
-6.80484
-6.80607
-6.7994
-6.78805
-6.7796
-6.7681
-6.75789
-6.7551
-6.75548
-6.74921
-6.74078
-6.7229
-6.70079
-6.67493
-6.65231
-6.63447
-6.62985
-6.63494
-6.64838
-6.66669
-6.68935
-6.71118
-6.72785
-6.73872
-6.74283
-6.74008
-6.72907
-6.71351
-6.69648
-6.68291
-6.67337
-6.66875
-6.66895
-6.66817
-6.66825
-6.66928
-6.66523
-6.66133
-6.6606
-6.66459
-6.67431
-6.68845
-6.70893
-6.73114
-6.75333
-6.77223
-6.78746
-6.79735
-6.80158
-6.80129
-6.79278
-6.78167
-6.76738
-6.75472
-6.74624
-6.74283
-6.74858
-6.75752
-6.77087
-6.78419
-6.79629
-6.80209
-6.80349
-6.79559
-6.78063
-6.76022
-6.7342
-6.70935
-6.68606
-6.66919
-6.6596
-6.6587
-6.66342
-6.67232
-6.67873
-6.68532
-6.68603
-6.68042
-6.6697
-6.66035
-6.65427
-6.65114
-6.65329
-6.66389
-6.67948
-6.69883
-6.71843
-6.73562
-6.7484
-6.75369
-6.75196
-6.73841
-6.7207
-6.69583
-6.67134
-6.64817
-6.62914
-6.61716
-6.619
-6.63452
-6.66007
-6.69088
-6.72991
-6.76594
-6.79416
-6.81487
-6.82748
-6.83041
-6.82426
-6.81174
-6.79273
-6.77579
-6.75901
-6.73779
-6.7186
-6.70438
-6.69534
-6.69237
-6.69776
-6.70533
-6.7184
-6.7347
-6.74931
-6.75469
-6.75101
-6.73867
-6.71589
-6.68319
-6.644
-6.60577
-6.57296
-6.55067
-6.54102
-6.54634
-6.56601
-6.59516
-6.63365
-6.6742
-6.71271
-6.74531
-6.77232
-6.78942
-6.79486
-6.79261
-6.78171
-6.76927
-6.75512
-6.74316
-6.73291
-6.72749
-6.7239
-6.72205
-6.71931
-6.71756
-6.71452
-6.70902
-6.70118
-6.69377
-6.68698
-6.68548
-6.6823
-6.68093
-6.68267
-6.68657
-6.68665
-6.69248
-6.69949
-6.70856
-6.71615
-6.71834
-6.71764
-6.71253
-6.69952
-6.6824
-6.66076
-6.63649
-6.61726
-6.60407
-6.59677
-6.60144
-6.61424
-6.63546
-6.65995
-6.69235
-6.72117
-6.75202
-6.77964
-6.80211
-6.81565
-6.822
-6.81791
-6.80481
-6.78595
-6.76063
-6.73262
-6.70371
-6.6797
-6.66847
-6.66452
-6.66911
-6.68165
-6.69787
-6.71045
-6.72219
-6.72954
-6.73425
-6.73687
-6.73351
-6.7263
-6.72025
-6.71359
-6.70813
-6.704
-6.7013
-6.69943
-6.70472
-6.7123
-6.72779
-6.7483
-6.77174
-6.79265
-6.80354
-6.80606
-6.79895
-6.77994
-6.75435
-6.72854
-6.70391
-6.68915
-6.68492
-6.69097
-6.70157
-6.71663
-6.72987
-6.7361
-6.73815
-6.73372
-6.72387
-6.71207
-6.69669
-6.67627
-6.65539
-6.63371
-6.6119
-6.59705
-6.58886
-6.59105
-6.60158
-6.61728
-6.64067
-6.66572
-6.69331
-6.72003
-6.74558
-6.76888
-6.78931
-6.80466
-6.81222
-6.81222
-6.80892
-6.79846
-6.77921
-6.75492
-6.73306
-6.7173
-6.71156
-6.70766
-6.70789
-6.70776
-6.70583
-6.70118
-6.70044
-6.69784
-6.69769
-6.70247
-6.71155
-6.72039
-6.72797
-6.73313
-6.7333
-6.7306
-6.72741
-6.72182
-6.71971
-6.7174
-6.71917
-6.72361
-6.726
-6.7319
-6.73641
-6.73773
-6.73927
-6.74003
-6.74261
-6.74055
-6.73682
-6.73087
-6.71901
-6.70298
-6.67992
-6.65191
-6.61911
-6.59096
-6.56941
-6.55698
-6.55563
-6.56735
-6.58447
-6.6041
-6.62494
-6.64339
-6.65929
-6.67101
-6.67932
-6.69104
-6.70652
-6.7226
-6.74598
-6.77429
-6.79944
-6.82372
-6.84281
-6.85501
-6.85913
-6.8531
-6.83958
-6.82357
-6.80268
-6.78309
-6.76419
-6.74163
-6.71708
-6.69554
-6.67422
-6.65725
-6.64158
-6.63166
-6.6264
-6.62934
-6.63651
-6.65024
-6.66391
-6.67925
-6.68961
-6.69633
-6.70083
-6.70364
-6.70422
-6.70369
-6.70577
-6.70824
-6.71652
-6.7304
-6.74666
-6.76349
-6.77834
-6.78834
-6.78948
-6.77919
-6.76318
-6.73831
-6.70995
-6.68072
-6.65582
-6.63745
-6.62599
-6.62059
-6.61788
-6.6188
-6.62189
-6.6316
-6.64289
-6.6589
-6.67512
-6.69358
-6.7128
-6.72972
-6.74307
-6.75476
-6.75773
-6.75737
-6.75555
-6.75102
-6.74412
-6.73997
-6.73722
-6.7342
-6.73489
-6.73361
-6.73389
-6.73585
-6.74168
-6.75231
-6.76416
-6.77111
-6.77586
-6.77539
-6.76965
-6.75529
-6.73399
-6.71038
-6.67943
-6.64938
-6.61917
-6.59497
-6.5834
-6.58193
-6.59544
-6.62295
-6.65503
-6.68792
-6.71329
-6.73035
-6.73547
-6.7294
-6.72507
-6.7186
-6.72072
-6.72718
-6.73757
-6.75011
-6.75815
-6.76432
-6.76755
-6.76833
-6.76755
-6.76428
-6.76081
-6.75537
-6.7499
-6.74246
-6.73172
-6.72
-6.70722
-6.69291
-6.68229
-6.66743
-6.655
-6.64672
-6.639
-6.63771
-6.63817
-6.63926
-6.64251
-6.651
-6.66159
-6.67573
-6.69418
-6.71063
-6.72495
-6.73665
-6.7409
-6.73922
-6.72733
-6.71333
-6.69577
-6.6738
-6.65359
-6.63071
-6.61793
-6.61343
-6.62001
-6.63919
-6.6691
-6.70511
-6.74538
-6.78198
-6.81514
-6.84344
-6.86097
-6.86822
-6.86363
-6.84932
-6.82133
-6.78935
-6.75239
-6.71643
-6.68623
-6.66239
-6.64617
-6.64074
-6.64362
-6.65421
-6.66934
-6.6846
-6.6987
-6.70953
-6.71289
-6.71342
-6.71024
-6.70154
-6.69567
-6.68914
-6.68173
-6.67677
-6.67893
-6.68638
-6.70016
-6.71621
-6.73836
-6.76067
-6.77984
-6.79515
-6.80834
-6.81879
-6.8274
-6.83024
-6.83468
-6.83537
-6.83113
-6.81992
-6.80316
-6.77986
-6.75033
-6.72224
-6.69513
-6.67278
-6.65204
-6.63909
-6.63385
-6.63524
-6.641
-6.65279
-6.66777
-6.68183
-6.69181
-6.69401
-6.6955
-6.68575
-6.66863
-6.64642
-6.61908
-6.59391
-6.57153
-6.55486
-6.55059
-6.55864
-6.57618
-6.60746
-6.64738
-6.6943
-6.74704
-6.79939
-6.84751
-6.89196
-6.9257
-6.94577
-6.95126
-6.94245
-6.92024
-6.88899
-6.85061
-6.8082
-6.76403
-6.72296
-6.68552
-6.65549
-6.63463
-6.62037
-6.61321
-6.6084
-6.60978
-6.617
-6.6271
-6.63789
-6.64775
-6.6579
-6.66627
-6.67517
-6.67643
-6.67375
-6.66903
-6.66163
-6.65407
-6.64857
-6.6437
-6.64133
-6.64076
-6.64259
-6.64883
-6.65677
-6.66921
-6.68354
-6.70154
-6.72064
-6.73941
-6.75443
-6.76431
-6.76985
-6.77398
-6.76927
-6.76368
-6.75411
-6.74387
-6.73426
-6.72605
-6.71503
-6.70567
-6.69597
-6.68708
-6.67643
-6.67167
-6.66666
-6.6641
-6.66755
-6.67952
-6.69408
-6.7123
-6.73207
-6.74981
-6.76696
-6.77845
-6.78764
-6.78943
-6.792
-6.79441
-6.79564
-6.79522
-6.79035
-6.77611
-6.75598
-6.73265
-6.70704
-6.68451
-6.66324
-6.6461
-6.63822
-6.64008
-6.64566
-6.65872
-6.67107
-6.68726
-6.69858
-6.70747
-6.70959
-6.7076
-6.70032
-6.69083
-6.68109
-6.67735
-6.67504
-6.68595
-6.70006
-6.71664
-6.73295
-6.74709
-6.75534
-6.75773
-6.75389
-6.7464
-6.73837
-6.72986
-6.72344
-6.71791
-6.70504
-6.68695
-6.66679
-6.65129
-6.64061
-6.64008
-6.65124
-6.67279
-6.70232
-6.73595
-6.76884
-6.80182
-6.82744
-6.84536
-6.8559
-6.85665
-6.84445
-6.82583
-6.80193
-6.77824
-6.75165
-6.72282
-6.69603
-6.67289
-6.6523
-6.63576
-6.62122
-6.60771
-6.59883
-6.59225
-6.58968
-6.59328
-6.59611
-6.60668
-6.61605
-6.62599
-6.63735
-6.64583
-6.65354
-6.66112
-6.67074
-6.68673
-6.70878
-6.72982
-6.75322
-6.7777
-6.79426
-6.80562
-6.80942
-6.80584
-6.80187
-6.79389
-6.78193
-6.76968
-6.75559
-6.74036
-6.72079
-6.70418
-6.68686
-6.67309
-6.66508
-6.66016
-6.65863
-6.66321
-6.6722
-6.68266
-6.69279
-6.7001
-6.70671
-6.70846
-6.7115
-6.71362
-6.71455
-6.71374
-6.70983
-6.70849
-6.70817
-6.71276
-6.72202
-6.73642
-6.75351
-6.77031
-6.78579
-6.79805
-6.80277
-6.80422
-6.79997
-6.79272
-6.77634
-6.75767
-6.73892
-6.71641
-6.69974
-6.68568
-6.67535
-6.66658
-6.65687
-6.64655
-6.63677
-6.62743
-6.61977
-6.61102
-6.60538
-6.6055
-6.60466
-6.60835
-6.61452
-6.6251
-6.63884
-6.65536
-6.67559
-6.69555
-6.7154
-6.72996
-6.73941
-6.73976
-6.73278
-6.72291
-6.71089
-6.7004
-6.69578
-6.69525
-6.7014
-6.71439
-6.73321
-6.75492
-6.77736
-6.79988
-6.81959
-6.8359
-6.84429
-6.84622
-6.83855
-6.81978
-6.78755
-6.75179
-6.70817
-6.66752
-6.62876
-6.59814
-6.57841
-6.56569
-6.56913
-6.58299
-6.60173
-6.62391
-6.64852
-6.67597
-6.70423
-6.72571
-6.74279
-6.75182
-6.75728
-6.75506
-6.74947
-6.73903
-6.7303
-6.72107
-6.71364
-6.7071
-6.70694
-6.70669
-6.70912
-6.71363
-6.72087
-6.73137
-6.74518
-6.76288
-6.77773
-6.79287
-6.79993
-6.80062
-6.79135
-6.77852
-6.76046
-6.7387
-6.72132
-6.70652
-6.697
-6.68827
-6.68144
-6.67933
-6.67715
-6.67682
-6.67602
-6.67335
-6.67378
-6.67123
-6.67108
-6.6711
-6.67264
-6.67372
-6.67697
-6.67785
-6.67908
-6.67981
-6.68004
-6.68384
-6.68775
-6.6947
-6.7004
-6.70824
-6.71425
-6.7181
-6.72381
-6.7289
-6.73179
-6.73856
-6.74517
-6.75147
-6.75405
-6.75228
-6.74628
-6.73169
-6.71351
-6.69015
-6.67046
-6.65145
-6.63695
-6.62762
-6.62489
-6.62568
-6.63304
-6.64498
-6.66812
-6.69672
-6.72725
-6.76246
-6.79262
-6.81798
-6.83507
-6.83991
-6.83567
-6.82194
-6.79608
-6.76729
-6.73318
-6.70077
-6.67325
-6.65525
-6.64609
-6.64349
-6.64683
-6.65285
-6.6586
-6.66383
-6.66717
-6.67221
-6.67812
-6.68674
-6.69763
-6.70748
-6.71585
-6.71887
-6.72239
-6.72128
-6.71779
-6.71144
-6.70489
-6.69802
-6.68841
-6.67652
-6.66364
-6.65447
-6.64507
-6.64078
-6.64132
-6.64926
-6.66092
-6.68
-6.69665
-6.71071
-6.72115
-6.72724
-6.72938
-6.72931
-6.73701
-6.74816
-6.76189
-6.77531
-6.79308
-6.80586
-6.81329
-6.82195
-6.82487
-6.82448
-6.81864
-6.80806
-6.79086
-6.77072
-6.74801
-6.72128
-6.69584
-6.67266
-6.65428
-6.63614
-6.62331
-6.61262
-6.60646
-6.60383
-6.61029
-6.6225
-6.64038
-6.6626
-6.68453
-6.70752
-6.7243
-6.73882
-6.74707
-6.74966
-6.74821
-6.74104
-6.73529
-6.72801
-6.72102
-6.71537
-6.71478
-6.71659
-6.72345
-6.73292
-6.74727
-6.76242
-6.77871
-6.79106
-6.80393
-6.81443
-6.81924
-6.81977
-6.80809
-6.79015
-6.76789
-6.73904
-6.71167
-6.68769
-6.6645
-6.64547
-6.62905
-6.61908
-6.61009
-6.60264
-6.59569
-6.5902
-6.57848
-6.56612
-6.55683
-6.55319
-6.55529
-6.57176
-6.60036
-6.63845
-6.68589
-6.73503
-6.77718
-6.8115
-6.83519
-6.85084
-6.85694
-6.8537
-6.84524
-6.83084
-6.81029
-6.78886
-6.77087
-6.75514
-6.74542
-6.74822
-6.75642
-6.77037
-6.78058
-6.78816
-6.78989
-6.78723
-6.77805
-6.76583
-6.74368
-6.72047
-6.69237
-6.66445
-6.64344
-6.62967
-6.62133
-6.61517
-6.61143
-6.61098
-6.61346
-6.62306
-6.64141
-6.66937
-6.69971
-6.73421
-6.76821
-6.79526
-6.81379
-6.82567
-6.82853
-6.82271
-6.80867
-6.78824
-6.76636
-6.74421
-6.72153
-6.70257
-6.68731
-6.68096
-6.68014
-6.6867
-6.69491
-6.70505
-6.71062
-6.71368
-6.71476
-6.71284
-6.70393
-6.69589
-6.68534
-6.67623
-6.66932
-6.66663
-6.67003
-6.67576
-6.68307
-6.68849
-6.69453
-6.70031
-6.70389
-6.70385
-6.70116
-6.69485
-6.68295
-6.67004
-6.65431
-6.63631
-6.6204
-6.61102
-6.60592
-6.60749
-6.61401
-6.6223
-6.63257
-6.64616
-6.66031
-6.67767
-6.69287
-6.70939
-6.71978
-6.7286
-6.73286
-6.73433
-6.73478
-6.7389
-6.7437
-6.75427
-6.76715
-6.77882
-6.78884
-6.78886
-6.78674
-6.77903
-6.76282
-6.74572
-6.73045
-6.71472
-6.70429
-6.69701
-6.69649
-6.70285
-6.71262
-6.7236
-6.73499
-6.74589
-6.75467
-6.76225
-6.76514
-6.76548
-6.7627
-6.75147
-6.74089
-6.7282
-6.71789
-6.70991
-6.70852
-6.70621
-6.70706
-6.70679
-6.70821
-6.70836
-6.71214
-6.71283
-6.71689
-6.72188
-6.72423
-6.723
-6.72012
-6.70781
-6.68852
-6.66022
-6.62822
-6.59803
-6.57055
-6.55418
-6.54865
-6.55577
-6.57076
-6.59969
-6.6326
-6.6714
-6.71099
-6.74724
-6.77871
-6.80139
-6.81024
-6.80877
-6.79678
-6.78001
-6.75883
-6.73916
-6.71682
-6.69674
-6.68019
-6.66886
-6.66407
-6.66743
-6.67816
-6.69526
-6.71712
-6.73782
-6.75479
-6.76666
-6.77247
-6.77266
-6.76778
-6.76018
-6.74827
-6.73942
-6.73647
-6.73613
-6.73953
-6.74433
-6.74913
-6.75397
-6.75415
-6.74843
-6.73739
-6.72411
-6.71567
-6.71196
-6.71978
-6.72937
-6.74652
-6.76553
-6.78041
-6.79215
-6.79524
-6.79023
-6.77648
-6.75295
-6.722
-6.68681
-6.64927
-6.61089
-6.58189
-6.56115
-6.5534
-6.55885
-6.57745
-6.60187
-6.62782
-6.65677
-6.68152
-6.70362
-6.72287
-6.73604
-6.74472
-6.74732
-6.74253
-6.73303
-6.72292
-6.71189
-6.70009
-6.69121
-6.68245
-6.67917
-6.67944
-6.68205
-6.68795
-6.69558
-6.7054
-6.71162
-6.71696
-6.72037
-6.71667
-6.71002
-6.70068
-6.68649
-6.67273
-6.66239
-6.65738
-6.65689
-6.66235
-6.67322
-6.68363
-6.69294
-6.70062
-6.70417
-6.70233
-6.70014
-6.69302
-6.68585
-6.68332
-6.68368
-6.68674
-6.69399
-6.70229
-6.70848
-6.71398
-6.71833
-6.72386
-6.73257
-6.74301
-6.7536
-6.768
-6.78089
-6.78692
-6.79307
-6.79266
-6.7893
-6.7846
-6.77796
-6.77519
-6.77378
-6.7705
-6.76789
-6.76521
-6.76211
-6.75595
-6.74373
-6.73103
-6.71385
-6.69689
-6.68281
-6.6678
-6.65442
-6.64224
-6.62873
-6.61593
-6.60638
-6.60191
-6.59489
-6.59255
-6.59264
-6.59436
-6.59775
-6.60502
-6.61286
-6.62678
-6.64373
-6.66441
-6.68993
-6.71825
-6.74958
-6.77922
-6.80354
-6.82464
-6.8406
-6.84647
-6.85072
-6.8484
-6.84261
-6.83305
-6.82067
-6.80722
-6.79299
-6.77779
-6.76008
-6.74012
-6.71711
-6.69246
-6.66294
-6.63566
-6.61002
-6.59049
-6.57572
-6.57267
-6.58063
-6.5978
-6.6222
-6.65048
-6.67936
-6.70706
-6.72979
-6.75054
-6.76631
-6.77881
-6.78606
-6.79536
-6.80103
-6.80531
-6.80293
-6.79883
-6.79018
-6.77634
-6.76267
-6.74295
-6.72222
-6.70173
-6.68116
-6.66566
-6.65448
-6.65323
-6.65466
-6.66274
-6.67502
-6.68611
-6.70087
-6.71536
-6.72731
-6.73768
-6.7421
-6.74026
-6.72982
-6.71371
-6.69503
-6.67651
-6.66219
-6.65143
-6.65057
-6.65615
-6.66342
-6.67324
-6.67946
-6.68401
-6.68411
-6.68189
-6.67491
-6.67193
-6.66898
-6.66822
-6.66722
-6.67079
-6.67937
-6.692
-6.70597
-6.72333
-6.7384
-6.75426
-6.76269
-6.76552
-6.76353
-6.75638
-6.74662
-6.73422
-6.72253
-6.71272
-6.70639
-6.70543
-6.70358
-6.70961
-6.71436
-6.72354
-6.72857
-6.73192
-6.7255
-6.71296
-6.69495
-6.66828
-6.63667
-6.60898
-6.58786
-6.57984
-6.58812
-6.60653
-6.6352
-6.66734
-6.70288
-6.73431
-6.76037
-6.78128
-6.79716
-6.80844
-6.81554
-6.81814
-6.81961
-6.81338
-6.7998
-6.78426
-6.76076
-6.73611
-6.71145
-6.68843
-6.67036
-6.65888
-6.65247
-6.64883
-6.64865
-6.65115
-6.65822
-6.66727
-6.6766
-6.68592
-6.69617
-6.70261
-6.70527
-6.70754
-6.71
-6.71554
-6.71645
-6.71559
-6.71698
-6.71189
-6.70742
-6.70019
-6.69134
-6.68064
-6.67678
-6.67422
-6.67463
-6.67576
-6.6775
-6.67564
-6.67332
-6.66884
-6.66324
-6.66097
-6.66478
-6.67536
-6.69633
-6.7226
-6.7543
-6.7854
-6.80939
-6.82805
-6.837
-6.83556
-6.82517
-6.80568
-6.78238
-6.75457
-6.73105
-6.71369
-6.70436
-6.70097
-6.7027
-6.70763
-6.71249
-6.7183
-6.72073
-6.71704
-6.71042
-6.70058
-6.68693
-6.66971
-6.65407
-6.63549
-6.6222
-6.61283
-6.60565
-6.60213
-6.60029
-6.60331
-6.60734
-6.6153
-6.62641
-6.6391
-6.65648
-6.67658
-6.70038
-6.72601
-6.75671
-6.78419
-6.81256
-6.83676
-6.85384
-6.8642
-6.86141
-6.8494
-6.83046
-6.80436
-6.77816
-6.75124
-6.72259
-6.69829
-6.67426
-6.65005
-6.63182
-6.61723
-6.60589
-6.59773
-6.59628
-6.59895
-6.6099
-6.62245
-6.64151
-6.66363
-6.68411
-6.7065
-6.72455
-6.74093
-6.75133
-6.75704
-6.75704
-6.75228
-6.73993
-6.72529
-6.7125
-6.7017
-6.69757
-6.70192
-6.71575
-6.73679
-6.76536
-6.79745
-6.82475
-6.84287
-6.85258
-6.84682
-6.83063
-6.8038
-6.77333
-6.73791
-6.7066
-6.68093
-6.65883
-6.64403
-6.64222
-6.64795
-6.66179
-6.68034
-6.7001
-6.71864
-6.73337
-6.74771
-6.75581
-6.76085
-6.7632
-6.76239
-6.7615
-6.75644
-6.75057
-6.73919
-6.72782
-6.71139
-6.69836
-6.68646
-6.67667
-6.67165
-6.67155
-6.674
-6.68148
-6.6925
-6.70854
-6.72162
-6.73576
-6.74658
-6.74914
-6.74813
-6.74272
-6.73198
-6.71897
-6.70394
-6.68705
-6.67472
-6.66262
-6.65506
-6.64977
-6.64454
-6.63886
-6.63733
-6.6335
-6.6336
-6.63301
-6.63426
-6.63829
-6.64417
-6.65666
-6.67529
-6.70281
-6.73034
-6.7588
-6.78525
-6.80275
-6.81696
-6.82136
-6.82218
-6.81253
-6.80136
-6.78941
-6.77419
-6.76039
-6.74973
-6.74148
-6.73368
-6.72783
-6.7225
-6.71772
-6.71376
-6.71055
-6.70764
-6.70191
-6.69306
-6.67922
-6.6612
-6.63827
-6.61473
-6.59282
-6.57666
-6.57011
-6.57141
-6.58305
-6.60393
-6.63183
-6.65937
-6.68611
-6.70721
-6.72435
-6.73093
-6.73337
-6.73084
-6.72348
-6.71778
-6.71274
-6.71537
-6.72534
-6.74145
-6.75922
-6.77322
-6.78551
-6.78791
-6.78469
-6.77348
-6.75634
-6.73047
-6.70319
-6.67631
-6.65596
-6.6425
-6.64007
-6.65176
-6.674
-6.70057
-6.72468
-6.74173
-6.75028
-6.75052
-6.74144
-6.72883
-6.71389
-6.70176
-6.6906
-6.6837
-6.67958
-6.68428
-6.69786
-6.71429
-6.73207
-6.74607
-6.75291
-6.75051
-6.74145
-6.7235
-6.70683
-6.68956
-6.67259
-6.65784
-6.65268
-6.65309
-6.65561
-6.66394
-6.67761
-6.6939
-6.70968
-6.71825
-6.72586
-6.72834
-6.72752
-6.72396
-6.71696
-6.70765
-6.69818
-6.69081
-6.68586
-6.68372
-6.68913
-6.69459
-6.70551
-6.72312
-6.74271
-6.76202
-6.77937
-6.7877
-6.79099
-6.78782
-6.77814
-6.76308
-6.7443
-6.72074
-6.69618
-6.6728
-6.65149
-6.63327
-6.6248
-6.62122
-6.6265
-6.63635
-6.64923
-6.66373
-6.6785
-6.69307
-6.70482
-6.71241
-6.71907
-6.72274
-6.72234
-6.71754
-6.71002
-6.70213
-6.69331
-6.68783
-6.68686
-6.69093
-6.70073
-6.71202
-6.72437
-6.73703
-6.7471
-6.75479
-6.75863
-6.7628
-6.76607
-6.77031
-6.77417
-6.77243
-6.77283
-6.76605
-6.75492
-6.73915
-6.71787
-6.69229
-6.66656
-6.64508
-6.62844
-6.61943
-6.61616
-6.62005
-6.62913
-6.64013
-6.65435
-6.67253
-6.68831
-6.70331
-6.71584
-6.72158
-6.72246
-6.72049
-6.71803
-6.71587
-6.71872
-6.72565
-6.73029
-6.73737
-6.7424
-6.74673
-6.74887
-6.74804
-6.74302
-6.73954
-6.7326
-6.72979
-6.72805
-6.72462
-6.7235
-6.71809
-6.71208
-6.70518
-6.69838
-6.68715
-6.67712
-6.66554
-6.6554
-6.64841
-6.64429
-6.64358
-6.64425
-6.64839
-6.65594
-6.66716
-6.68524
-6.70503
-6.72856
-6.74973
-6.76623
-6.77881
-6.78646
-6.79203
-6.79332
-6.79012
-6.78725
-6.78178
-6.77065
-6.75907
-6.74079
-6.71852
-6.69553
-6.67426
-6.65503
-6.64237
-6.63836
-6.64125
-6.64919
-6.66313
-6.68293
-6.70704
-6.7341
-6.7629
-6.79078
-6.81509
-6.83312
-6.84269
-6.8379
-6.82069
-6.79429
-6.76173
-6.73207
-6.70617
-6.68834
-6.67957
-6.67323
-6.66913
-6.66418
-6.65638
-6.64436
-6.63558
-6.62959
-6.62809
-6.63435
-6.64784
-6.67079
-6.69604
-6.72208
-6.74348
-6.76033
-6.77019
-6.7706
-6.76567
-6.75673
-6.74252
-6.72648
-6.70566
-6.68011
-6.65131
-6.62762
-6.60927
-6.60048
-6.60321
-6.61519
-6.63548
-6.66541
-6.69433
-6.72093
-6.7432
-6.75501
-6.75848
-6.74972
-6.73621
-6.71686
-6.69438
-6.67925
-6.67165
-6.67094
-6.68275
-6.70098
-6.72437
-6.74942
-6.77356
-6.79203
-6.8031
-6.80924
-6.80784
-6.8009
-6.78956
-6.77459
-6.75348
-6.72995
-6.70233
-6.67564
-6.65368
-6.6317
-6.61409
-6.60499
-6.60477
-6.61383
-6.6287
-6.64945
-6.67477
-6.70075
-6.72032
-6.73928
-6.75374
-6.75864
-6.754
-6.74191
-6.72434
-6.70283
-6.6782
-6.66297
-6.65254
-6.65365
-6.65974
-6.67673
-6.69471
-6.71502
-6.73466
-6.75163
-6.7671
-6.77855
-6.78743
-6.79153
-6.79151
-6.78459
-6.77018
-6.74819
-6.72186
-6.69234
-6.65911
-6.63214
-6.60975
-6.5961
-6.5909
-6.596
-6.61027
-6.63081
-6.65709
-6.68262
-6.70861
-6.7285
-6.74627
-6.75319
-6.75374
-6.74486
-6.73415
-6.72441
-6.71359
-6.7073
-6.7058
-6.70692
-6.71208
-6.72129
-6.73344
-6.74641
-6.76054
-6.77394
-6.78813
-6.79664
-6.80208
-6.80061
-6.79526
-6.7878
-6.78265
-6.77852
-6.7727
-6.76532
-6.75906
-6.75203
-6.75113
-6.74924
-6.74715
-6.74148
-6.73263
-6.71894
-6.70617
-6.68933
-6.67114
-6.65421
-6.64467
-6.64194
-6.64133
-6.64578
-6.65103
-6.65774
-6.66398
-6.67125
-6.67753
-6.68277
-6.68246
-6.67923
-6.67129
-6.65953
-6.6495
-6.63816
-6.62899
-6.62668
-6.6302
-6.64043
-6.65362
-6.67238
-6.69379
-6.71559
-6.73896
-6.76051
-6.78736
-6.81259
-6.83437
-6.84732
-6.85109
-6.84452
-6.8301
-6.80768
-6.78172
-6.75386
-6.73001
-6.70978
-6.6951
-6.68561
-6.68157
-6.67873
-6.67719
-6.67624
-6.67565
-6.67924
-6.68681
-6.69489
-6.70518
-6.71704
-6.72949
-6.74014
-6.75201
-6.76271
-6.77145
-6.77949
-6.78357
-6.7838
-6.783
-6.78112
-6.77701
-6.76813
-6.75937
-6.74871
-6.73402
-6.7175
-6.69374
-6.66937
-6.64282
-6.6175
-6.59696
-6.58459
-6.57771
-6.57763
-6.58156
-6.59254
-6.60587
-6.6196
-6.63733
-6.65085
-6.66402
-6.67586
-6.68334
-6.69048
-6.6968
-6.70546
-6.70958
-6.71703
-6.72597
-6.73407
-6.74347
-6.75911
-6.77275
-6.79104
-6.80944
-6.82472
-6.83827
-6.84817
-6.85186
-6.85191
-6.84135
-6.82285
-6.79906
-6.77121
-6.74146
-6.7158
-6.69438
-6.67831
-6.66712
-6.66558
-6.66475
-6.67039
-6.67715
-6.6837
-6.69149
-6.70139
-6.71463
-6.72546
-6.7367
-6.74475
-6.74761
-6.74442
-6.74047
-6.73239
-6.72207
-6.71011
-6.70275
-6.6981
-6.69858
-6.70403
-6.71199
-6.72189
-6.7315
-6.73816
-6.73998
-6.73563
-6.72425
-6.70936
-6.69289
-6.67313
-6.65525
-6.63758
-6.62301
-6.61357
-6.60294
-6.60098
-6.60513
-6.61304
-6.62526
-6.63746
-6.65246
-6.66919
-6.68982
-6.71167
-6.73198
-6.75417
-6.769
-6.77683
-6.7755
-6.76593
-6.75252
-6.73133
-6.71072
-6.69647
-6.68861
-6.68914
-6.70027
-6.71325
-6.72929
-6.74465
-6.75278
-6.7594
-6.76035
-6.75227
-6.74264
-6.73225
-6.7213
-6.71435
-6.70996
-6.70771
-6.70711
-6.70688
-6.70379
-6.70473
-6.70327
-6.70749
-6.71524
-6.72673
-6.74185
-6.75627
-6.77218
-6.78555
-6.79793
-6.80552
-6.80771
-6.80611
-6.79635
-6.78214
-6.76594
-6.74833
-6.73071
-6.71131
-6.69699
-6.68465
-6.67266
-6.65987
-6.64861
-6.64035
-6.63404
-6.63265
-6.63646
-6.64736
-6.66048
-6.67685
-6.69308
-6.70689
-6.71847
-6.72298
-6.71901
-6.71062
-6.69943
-6.68759
-6.6788
-6.67263
-6.67001
-6.66681
-6.66152
-6.6554
-6.65055
-6.64634
-6.64705
-6.6482
-6.65296
-6.66328
-6.67204
-6.68184
-6.68941
-6.69515
-6.698
-6.70104
-6.7034
-6.70894
-6.71706
-6.72615
-6.73643
-6.74223
-6.74427
-6.74277
-6.74199
-6.73779
-6.73465
-6.73103
-6.73076
-6.72991
-6.73147
-6.73688
-6.74058
-6.74728
-6.75837
-6.76847
-6.7774
-6.77951
-6.78024
-6.77477
-6.76463
-6.75063
-6.73719
-6.72598
-6.71642
-6.70802
-6.70192
-6.69166
-6.68118
-6.6655
-6.64985
-6.63589
-6.62386
-6.61547
-6.61381
-6.61647
-6.61827
-6.62576
-6.63401
-6.64881
-6.66635
-6.68448
-6.70354
-6.72211
-6.73845
-6.75685
-6.77262
-6.79069
-6.80737
-6.82027
-6.82717
-6.82751
-6.82172
-6.81347
-6.80388
-6.79302
-6.77844
-6.75614
-6.73026
-6.70145
-6.67224
-6.65109
-6.63796
-6.63649
-6.64548
-6.6638
-6.68652
-6.70478
-6.71433
-6.71779
-6.71559
-6.70858
-6.6939
-6.67801
-6.662
-6.64676
-6.63867
-6.63167
-6.63109
-6.63643
-6.64604
-6.65647
-6.668
-6.68603
-6.70616
-6.7261
-6.74502
-6.75861
-6.77035
-6.77872
-6.78515
-6.78997
-6.79235
-6.7979
-6.8009
-6.80316
-6.80055
-6.79496
-6.7858
-6.77095
-6.75225
-6.73163
-6.70779
-6.68559
-6.66614
-6.64714
-6.63167
-6.61865
-6.61174
-6.61005
-6.61477
-6.62826
-6.64617
-6.66936
-6.69273
-6.71521
-6.73124
-6.73943
-6.73737
-6.72886
-6.71689
-6.70178
-6.69034
-6.68024
-6.67198
-6.6654
-6.66323
-6.66682
-6.67524
-6.68771
-6.70389
-6.72025
-6.74048
-6.76386
-6.78425
-6.80149
-6.81509
-6.82325
-6.82293
-6.8163
-6.80324
-6.78636
-6.76916
-6.75072
-6.73266
-6.7193
-6.70802
-6.69979
-6.69447
-6.68695
-6.6817
-6.67464
-6.66846
-6.65717
-6.64547
-6.63191
-6.61846
-6.60428
-6.59068
-6.57732
-6.57367
-6.57553
-6.58501
-6.6021
-6.62732
-6.65684
-6.68968
-6.72049
-6.74618
-6.76774
-6.7829
-6.78802
-6.78564
-6.77577
-6.76252
-6.74737
-6.73695
-6.73009
-6.72503
-6.72622
-6.72875
-6.73515
-6.74327
-6.75087
-6.75965
-6.77388
-6.78603
-6.79325
-6.79149
-6.7857
-6.77563
-6.76478
-6.75381
-6.7443
-6.73508
-6.72377
-6.71134
-6.694
-6.67716
-6.65677
-6.63823
-6.62753
-6.6227
-6.62685
-6.63867
-6.65915
-6.68734
-6.71778
-6.74717
-6.77613
-6.79968
-6.81772
-6.82349
-6.81798
-6.79739
-6.76755
-6.72746
-6.68343
-6.63676
-6.59721
-6.56636
-6.55279
-6.55509
-6.57137
-6.59565
-6.62986
-6.66897
-6.70626
-6.73165
-6.75186
-6.76037
-6.75927
-6.74824
-6.73166
-6.71466
-6.69619
-6.68444
-6.67712
-6.67422
-6.67748
-6.6857
-6.69456
-6.70474
-6.71088
-6.71602
-6.71634
-6.71644
-6.718
-6.72413
-6.73455
-6.74776
-6.7615
-6.77087
-6.77828
-6.78107
-6.77706
-6.76187
-6.74819
-6.73096
-6.71525
-6.70416
-6.69891
-6.70148
-6.70985
-6.72133
-6.73672
-6.75435
-6.77195
-6.78582
-6.79906
-6.80838
-6.81407
-6.81262
-6.80393
-6.79146
-6.77538
-6.75406
-6.73033
-6.70614
-6.6819
-6.66236
-6.64764
-6.63739
-6.63482
-6.63961
-6.64875
-6.66163
-6.67759
-6.69439
-6.70962
-6.72375
-6.73444
-6.73823
-6.738
-6.73545
-6.72723
-6.71883
-6.70949
-6.69926
-6.6874
-6.67433
-6.66061
-6.645
-6.63348
-6.62564
-6.61999
-6.62208
-6.63327
-6.64994
-6.67256
-6.69754
-6.71942
-6.73607
-6.74743
-6.75026
-6.75241
-6.75124
-6.74851
-6.74245
-6.73197
-6.72098
-6.70183
-6.67594
-6.65076
-6.62579
-6.61098
-6.60755
-6.62007
-6.64278
-6.67754
-6.71629
-6.75627
-6.79129
-6.81764
-6.83932
-6.85192
-6.86368
-6.86677
-6.8613
-6.84511
-6.82384
-6.79742
-6.77011
-6.74461
-6.72302
-6.70701
-6.69671
-6.68718
-6.68015
-6.67399
-6.66648
-6.6631
-6.65935
-6.65393
-6.64966
-6.64416
-6.64077
-6.63804
-6.63436
-6.63
-6.62901
-6.62686
-6.6271
-6.63192
-6.63878
-6.65127
-6.66265
-6.67602
-6.69306
-6.70689
-6.71912
-6.72566
-6.72723
-6.72238
-6.71147
-6.70267
-6.69583
-6.68745
-6.68634
-6.68682
-6.68719
-6.69197
-6.70038
-6.71923
-6.74535
-6.77641
-6.80948
-6.835
-6.85388
-6.85923
-6.84874
-6.82653
-6.79948
-6.76553
-6.73392
-6.70857
-6.69078
-6.68528
-6.68743
-6.69546
-6.7043
-6.71089
-6.71634
-6.71541
-6.71225
-6.71109
-6.71086
-6.71081
-6.71383
-6.71745
-6.7215
-6.72598
-6.73035
-6.735
-6.73882
-6.73855
-6.73699
-6.73349
-6.72705
-6.72199
-6.71832
-6.71692
-6.71412
-6.71492
-6.71702
-6.72083
-6.72637
-6.72863
-6.72832
-6.7236
-6.71343
-6.69779
-6.6846
-6.66805
-6.65552
-6.64434
-6.63603
-6.63138
-6.63104
-6.63339
-6.63875
-6.65553
-6.67336
-6.69509
-6.71308
-6.73179
-6.7476
-6.76101
-6.76978
-6.77759
-6.77917
-6.77875
-6.77312
-6.76646
-6.75587
-6.74539
-6.73224
-6.71919
-6.70662
-6.69455
-6.68142
-6.66823
-6.65672
-6.6474
-6.64197
-6.64248
-6.64758
-6.65632
-6.66794
-6.67953
-6.68806
-6.69356
-6.70121
-6.70565
-6.71167
-6.71635
-6.71956
-6.72414
-6.731
-6.73715
-6.74218
-6.74571
-6.74605
-6.74327
-6.73486
-6.72453
-6.71322
-6.70468
-6.69974
-6.6995
-6.70468
-6.71525
-6.72896
-6.73969
-6.75029
-6.7574
-6.75962
-6.75706
-6.75412
-6.74564
-6.73458
-6.72108
-6.70826
-6.69563
-6.68532
-6.67981
-6.67977
-6.68674
-6.69446
-6.70464
-6.71069
-6.71238
-6.7083
-6.70023
-6.68772
-6.67324
-6.65852
-6.6517
-6.64439
-6.64832
-6.65569
-6.66832
-6.68432
-6.69777
-6.7164
-6.73403
-6.75027
-6.76543
-6.77518
-6.7851
-6.78768
-6.78106
-6.7684
-6.74946
-6.72587
-6.70371
-6.68142
-6.66229
-6.64707
-6.63914
-6.63872
-6.64433
-6.65508
-6.672
-6.69074
-6.71205
-6.72823
-6.73915
-6.74278
-6.74473
-6.73972
-6.7312
-6.7237
-6.7174
-6.70762
-6.6981
-6.69153
-6.68746
-6.68544
-6.68656
-6.68789
-6.68903
-6.69029
-6.69082
-6.68674
-6.68076
-6.67188
-6.6656
-6.6625
-6.66041
-6.66132
-6.66788
-6.67544
-6.68145
-6.68927
-6.69784
-6.70623
-6.71629
-6.72402
-6.73128
-6.73643
-6.7408
-6.73797
-6.73396
-6.72721
-6.72001
-6.71279
-6.7118
-6.71312
-6.71713
-6.72202
-6.7262
-6.72908
-6.73217
-6.73549
-6.73649
-6.72978
-6.72182
-6.70914
-6.69087
-6.66988
-6.64893
-6.63075
-6.62327
-6.62663
-6.63709
-6.65649
-6.6784
-6.69537
-6.70637
-6.71152
-6.71191
-6.71368
-6.717
-6.72335
-6.73351
-6.7437
-6.75151
-6.75184
-6.74737
-6.73269
-6.71261
-6.68756
-6.66511
-6.63946
-6.62184
-6.61195
-6.60781
-6.61141
-6.61599
-6.62555
-6.63285
-6.64219
-6.65149
-6.66007
-6.66842
-6.67846
-6.6889
-6.69823
-6.71174
-6.72819
-6.74466
-6.75827
-6.76959
-6.77976
-6.78269
-6.78113
-6.77543
-6.76376
-6.75115
-6.74197
-6.73832
-6.74222
-6.75597
-6.77785
-6.80708
-6.8389
-6.87094
-6.89269
-6.90753
-6.90651
-6.89617
-6.86923
-6.83242
-6.78524
-6.73528
-6.68476
-6.63852
-6.59792
-6.56874
-6.54977
-6.54718
-6.5532
-6.56929
-6.59117
-6.61594
-6.63899
-6.65937
-6.67386
-6.68141
-6.6859
-6.68638
-6.68419
-6.67828
-6.67339
-6.6689
-6.66301
-6.65809
-6.65165
-6.64505
-6.64126
-6.63374
-6.63023
-6.6308
-6.63476
-6.65004
-6.66777
-6.69403
-6.72496
-6.7531
-6.77933
-6.79847
-6.81236
-6.81621
-6.81501
-6.80788
-6.79728
-6.78513
-6.77306
-6.76082
-6.7506
-6.73716
-6.72484
-6.70891
-6.69426
-6.68185
-6.67419
-6.67445
-6.68607
-6.70754
-6.73316
-6.76203
-6.78631
-6.80102
-6.80796
-6.80355
-6.79121
-6.77133
-6.75095
-6.73013
-6.7107
-6.69884
-6.69441
-6.69087
-6.693
-6.69633
-6.69636
-6.69312
-6.68958
-6.68189
-6.67096
-6.65972
-6.64858
-6.63801
-6.6331
-6.62997
-6.63242
-6.63733
-6.6427
-6.65363
-6.66421
-6.67408
-6.69045
-6.70931
-6.73045
-6.74694
-6.76191
-6.76906
-6.77392
-6.77392
-6.76993
-6.76279
-6.75308
-6.74182
-6.73147
-6.7186
-6.70468
-6.69195
-6.68348
-6.68424
-6.6936
-6.70982
-6.73076
-6.75096
-6.76632
-6.77696
-6.7801
-6.77574
-6.76611
-6.74989
-6.73666
-6.72157
-6.70859
-6.70045
-6.69894
-6.70171
-6.70634
-6.70854
-6.7079
-6.70138
-6.69231
-6.68501
-6.68099
-6.6836
-6.68644
-6.69481
-6.70489
-6.71253
-6.71823
-6.71684
-6.71321
-6.70465
-6.69509
-6.68604
-6.67776
-6.67287
-6.66829
-6.66755
-6.67352
-6.68404
-6.70015
-6.71941
-6.73833
-6.75285
-6.76266
-6.76663
-6.76407
-6.75619
-6.74849
-6.74002
-6.72989
-6.7196
-6.70999
-6.70107
-6.69796
-6.69781
-6.70659
-6.72259
-6.74021
-6.75976
-6.77231
-6.78172
-6.78274
-6.77281
-6.75126
-6.72013
-6.68618
-6.65353
-6.63401
-6.629
-6.64332
-6.67135
-6.70476
-6.74049
-6.77085
-6.78859
-6.79665
-6.7909
-6.77541
-6.75206
-6.72489
-6.69695
-6.67672
-6.65676
-6.64386
-6.63523
-6.63632
-6.63883
-6.64656
-6.65571
-6.66242
-6.66974
-6.67737
-6.68386
-6.6881
-6.69282
-6.69411
-6.69499
-6.694
-6.69109
-6.68728
-6.6865
-6.69167
-6.70012
-6.71348
-6.72913
-6.7472
-6.76381
-6.77844
-6.79032
-6.79741
-6.79237
-6.78405
-6.76719
-6.74246
-6.71763
-6.68976
-6.66796
-6.64994
-6.64633
-6.64982
-6.6632
-6.67882
-6.69945
-6.71926
-6.7351
-6.73934
-6.73487
-6.7189
-6.69776
-6.67775
-6.66182
-6.65496
-6.65479
-6.66037
-6.67183
-6.68436
-6.70099
-6.71279
-6.72474
-6.73128
-6.74034
-6.74667
-6.75315
-6.75595
-6.76204
-6.76737
-6.77084
-6.77059
-6.76777
-6.7611
-6.74811
-6.72865
-6.70739
-6.68259
-6.65822
-6.63856
-6.62671
-6.6245
-6.63196
-6.64946
-6.66959
-6.69652
-6.72311
-6.74531
-6.7598
-6.76789
-6.76783
-6.7669
-6.76126
-6.75254
-6.7463
-6.73892
-6.73217
-6.72344
-6.71418
-6.70785
-6.70197
-6.69726
-6.69507
-6.69191
-6.69265
-6.69617
-6.70543
-6.71773
-6.73131
-6.74498
-6.75493
-6.75909
-6.75475
-6.74769
-6.73413
-6.7179
-6.70262
-6.68983
-6.67653
-6.66176
-6.64888
-6.63312
-6.61757
-6.61245
-6.61769
-6.63335
-6.65525
-6.68822
-6.72141
-6.75555
-6.78809
-6.81491
-6.83971
-6.85526
-6.86017
-6.85455
-6.84579
-6.82874
-6.80597
-6.77941
-6.7507
-6.71922
-6.68829
-6.65996
-6.63269
-6.61607
-6.60682
-6.60934
-6.62172
-6.64361
-6.67041
-6.70022
-6.72563
-6.74538
-6.75822
-6.76393
-6.76546
-6.76018
-6.75277
-6.74088
-6.73005
-6.71682
-6.69929
-6.68671
-6.66834
-6.64974
-6.63427
-6.62026
-6.61064
-6.60469
-6.60006
-6.59531
-6.59444
-6.59612
-6.60113
-6.61114
-6.62488
-6.64527
-6.66956
-6.69361
-6.7175
-6.73797
-6.75732
-6.77534
-6.78978
-6.80014
-6.80609
-6.8058
-6.80113
-6.79474
-6.78586
-6.7747
-6.76331
-6.75133
-6.7402
-6.73072
-6.71958
-6.7142
-6.70899
-6.70492
-6.69535
-6.68767
-6.67238
-6.65671
-6.64735
-6.64379
-6.64932
-6.66632
-6.68917
-6.71954
-6.75124
-6.77694
-6.79459
-6.80524
-6.80364
-6.79195
-6.77097
-6.74852
-6.72539
-6.70241
-6.68737
-6.67793
-6.67964
-6.68949
-6.70321
-6.72032
-6.73593
-6.74771
-6.75288
-6.75352
-6.74356
-6.72455
-6.69883
-6.67156
-6.65034
-6.63568
-6.63026
-6.62872
-6.63442
-6.64582
-6.65869
-6.66833
-6.67762
-6.68283
-6.68286
-6.67707
-6.66726
-6.65847
-6.65267
-6.65325
-6.66136
-6.67599
-6.69391
-6.71628
-6.73785
-6.76401
-6.7867
-6.80398
-6.81612
-6.82106
-6.81864
-6.81074
-6.79371
-6.77324
-6.75012
-6.73039
-6.71135
-6.69566
-6.68518
-6.6824
-6.68235
-6.69031
-6.70621
-6.723
-6.73966
-6.75474
-6.76687
-6.76954
-6.76542
-6.75318
-6.73498
-6.71492
-6.69417
-6.67574
-6.65991
-6.65215
-6.64861
-6.64953
-6.65574
-6.6663
-6.67904
-6.6878
-6.69467
-6.69608
-6.69127
-6.68654
-6.67944
-6.67317
-6.66745
-6.66417
-6.66526
-6.67036
-6.68432
-6.69883
-6.71116
-6.72181
-6.72703
-6.72661
-6.71814
-6.70442
-6.68687
-6.66733
-6.64537
-6.63444
-6.62839
-6.63256
-6.64445
-6.66273
-6.68666
-6.71009
-6.72896
-6.74563
-6.76135
-6.7679
-6.7658
-6.75909
-6.7498
-6.73672
-6.72189
-6.70633
-6.6927
-6.68172
-6.67873
-6.68193
-6.69139
-6.70403
-6.71542
-6.7269
-6.73837
-6.75022
-6.75768
-6.76486
-6.7645
-6.76401
-6.75985
-6.75137
-6.74178
-6.73013
-6.71768
-6.70551
-6.69678
-6.69178
-6.6939
-6.70114
-6.71312
-6.72673
-6.73746
-6.74528
-6.74795
-6.7446
-6.73756
-6.72582
-6.71067
-6.69477
-6.67449
-6.65187
-6.62739
-6.60625
-6.59051
-6.58398
-6.58519
-6.58935
-6.60076
-6.61851
-6.64131
-6.66928
-6.70177
-6.73476
-6.76555
-6.795
-6.81856
-6.83041
-6.83678
-6.83173
-6.81991
-6.80354
-6.7858
-6.76894
-6.75675
-6.75211
-6.75652
-6.75977
-6.76634
-6.76731
-6.7669
-6.75864
-6.74545
-6.72725
-6.70779
-6.69037
-6.67791
-6.67551
-6.6756
-6.68079
-6.68644
-6.69264
-6.69674
-6.6995
-6.70136
-6.70268
-6.70097
-6.6989
-6.69338
-6.68552
-6.67856
-6.66947
-6.66281
-6.6575
-6.65278
-6.65215
-6.65414
-6.66026
-6.66818
-6.6815
-6.69851
-6.71793
-6.73322
-6.74843
-6.75912
-6.76353
-6.76432
-6.76192
-6.75721
-6.75068
-6.7412
-6.73577
-6.72757
-6.71942
-6.71265
-6.70605
-6.70135
-6.69647
-6.69306
-6.6875
-6.68494
-6.68311
-6.67951
-6.67614
-6.67241
-6.66691
-6.66043
-6.65453
-6.65077
-6.65257
-6.65913
-6.67273
-6.68821
-6.7064
-6.72818
-6.74724
-6.76264
-6.774
-6.78304
-6.79021
-6.79444
-6.79608
-6.79624
-6.79115
-6.78256
-6.77112
-6.75414
-6.73647
-6.71811
-6.70031
-6.6852
-6.67581
-6.67188
-6.67214
-6.67624
-6.68143
-6.68462
-6.68191
-6.67766
-6.6684
-6.65695
-6.64268
-6.62971
-6.61826
-6.6083
-6.60305
-6.60932
-6.62406
-6.64289
-6.66593
-6.68831
-6.70761
-6.72262
-6.73179
-6.73774
-6.73952
-6.74416
-6.74861
-6.75473
-6.7638
-6.77126
-6.77744
-6.78331
-6.78436
-6.77746
-6.7666
-6.74992
-6.73251
-6.71287
-6.69226
-6.67275
-6.65729
-6.6405
-6.6313
-6.62769
-6.62557
-6.6341
-6.64559
-6.66161
-6.67854
-6.69447
-6.70948
-6.72434
-6.7355
-6.74368
-6.75162
-6.75538
-6.75943
-6.76199
-6.7664
-6.7664
-6.7599
-6.74685
-6.73025
-6.71239
-6.69417
-6.68077
-6.66909
-6.66464
-6.66322
-6.66114
-6.65623
-6.65068
-6.64125
-6.63019
-6.62127
-6.61771
-6.62169
-6.63092
-6.64482
-6.66253
-6.68358
-6.70359
-6.72596
-6.74392
-6.75632
-6.76629
-6.77482
-6.77856
-6.77754
-6.77628
-6.77273
-6.76545
-6.75644
-6.74379
-6.73247
-6.72256
-6.71293
-6.70397
-6.69742
-6.69456
-6.69013
-6.68392
-6.67483
-6.66852
-6.65792
-6.65467
-6.65691
-6.6651
-6.67728
-6.69576
-6.71677
-6.73688
-6.75984
-6.77973
-6.80047
-6.81615
-6.82079
-6.82064
-6.81367
-6.8003
-6.78458
-6.76652
-6.74723
-6.73341
-6.72132
-6.71364
-6.70633
-6.70332
-6.6993
-6.69719
-6.69906
-6.70333
-6.71097
-6.71995
-6.72854
-6.73455
-6.73932
-6.73458
-6.72499
-6.70938
-6.68859
-6.66816
-6.64518
-6.62546
-6.60904
-6.59839
-6.5915
-6.59259
-6.59899
-6.60986
-6.62367
-6.64801
-6.673
-6.69862
-6.72098
-6.73654
-6.74525
-6.74248
-6.73206
-6.71791
-6.69841
-6.68044
-6.66494
-6.65368
-6.6531
-6.66115
-6.67298
-6.68907
-6.71131
-6.73447
-6.75476
-6.77384
-6.78542
-6.79007
-6.78738
-6.77829
-6.76516
-6.74594
-6.72985
-6.7208
-6.71848
-6.72465
-6.7383
-6.75787
-6.77764
-6.79318
-6.80393
-6.80639
-6.80127
-6.79404
-6.7818
-6.76712
-6.75443
-6.74273
-6.72853
-6.71534
-6.7001
-6.68505
-6.67162
-6.66369
-6.65526
-6.65155
-6.64948
-6.64721
-6.64335
-6.63925
-6.63388
-6.63424
-6.63451
-6.6399
-6.64625
-6.65591
-6.66639
-6.67682
-6.68534
-6.69144
-6.69054
-6.68859
-6.67924
-6.66557
-6.65285
-6.64713
-6.65004
-6.66279
-6.68596
-6.71642
-6.74696
-6.77617
-6.79672
-6.81033
-6.81568
-6.81593
-6.80908
-6.79708
-6.77693
-6.75483
-6.73361
-6.71841
-6.70756
-6.70523
-6.7095
-6.72006
-6.73188
-6.74569
-6.75513
-6.76201
-6.76533
-6.76571
-6.75907
-6.74866
-6.73665
-6.7211
-6.70735
-6.69322
-6.68247
-6.67576
-6.67166
-6.67093
-6.67602
-6.67987
-6.68513
-6.69438
-6.70449
-6.71762
-6.73363
-6.74751
-6.75838
-6.7664
-6.76673
-6.76267
-6.75299
-6.74207
-6.73133
-6.72259
-6.71663
-6.71315
-6.71135
-6.70729
-6.70447
-6.70249
-6.70159
-6.6985
-6.7022
-6.71085
-6.72166
-6.73435
-6.74591
-6.75683
-6.76455
-6.77092
-6.77417
-6.77044
-6.76088
-6.746
-6.7229
-6.69965
-6.6772
-6.65835
-6.64255
-6.63228
-6.62987
-6.63054
-6.63694
-6.64232
-6.64639
-6.65453
-6.66467
-6.67181
-6.682
-6.68868
-6.69566
-6.69957
-6.7063
-6.7101
-6.7123
-6.70752
-6.69629
-6.68063
-6.66419
-6.65071
-6.63973
-6.63541
-6.64191
-6.65439
-6.67284
-6.69366
-6.71565
-6.73621
-6.75185
-6.7617
-6.76631
-6.76714
-6.75639
-6.74762
-6.73688
-6.72893
-6.72616
-6.73065
-6.73805
-6.74956
-6.75933
-6.76514
-6.76636
-6.76269
-6.75694
-6.75012
-6.74168
-6.73568
-6.73208
-6.72793
-6.72495
-6.71545
-6.70298
-6.69229
-6.68099
-6.67446
-6.67373
-6.6732
-6.67302
-6.67274
-6.66992
-6.66865
-6.6699
-6.67102
-6.67325
-6.68136
-6.69351
-6.70868
-6.72079
-6.73547
-6.746
-6.75642
-6.75799
-6.75178
-6.73556
-6.71057
-6.68234
-6.64997
-6.61737
-6.58771
-6.56518
-6.55574
-6.55671
-6.57301
-6.60199
-6.63964
-6.68129
-6.72466
-6.76355
-6.79615
-6.82055
-6.84027
-6.85316
-6.86333
-6.86922
-6.86889
-6.86262
-6.84885
-6.82879
-6.80686
-6.78523
-6.76485
-6.74796
-6.73365
-6.72504
-6.72063
-6.72039
-6.72389
-6.72862
-6.73528
-6.7391
-6.73999
-6.73917
-6.73431
-6.72663
-6.71371
-6.7001
-6.68611
-6.66747
-6.65001
-6.63264
-6.61552
-6.59997
-6.5843
-6.57396
-6.56796
-6.57173
-6.58471
-6.60536
-6.63394
-6.66881
-6.70846
-6.74937
-6.78291
-6.81137
-6.83036
-6.83906
-6.83652
-6.83021
-6.81734
-6.80039
-6.78229
-6.75923
-6.73618
-6.70759
-6.68283
-6.66543
-6.65591
-6.65326
-6.65687
-6.65753
-6.66271
-6.67142
-6.67851
-6.68882
-6.69977
-6.7065
-6.71394
-6.71984
-6.72009
-6.72029
-6.72074
-6.72031
-6.71722
-6.71718
-6.71894
-6.71793
-6.71768
-6.71391
-6.71039
-6.7075
-6.70669
-6.7098
-6.71625
-6.7296
-6.74056
-6.75641
-6.77305
-6.78973
-6.80564
-6.81729
-6.82622
-6.82916
-6.82752
-6.81698
-6.79781
-6.77246
-6.73749
-6.6989
-6.65687
-6.61727
-6.58234
-6.55696
-6.54153
-6.5402
-6.54911
-6.57028
-6.5985
-6.63078
-6.66591
-6.69706
-6.72133
-6.73385
-6.73562
-6.72396
-6.70518
-6.68246
-6.65994
-6.64071
-6.62861
-6.62688
-6.63268
-6.65014
-6.6759
-6.70626
-6.74249
-6.77391
-6.80189
-6.82166
-6.83044
-6.83176
-6.81876
-6.80163
-6.77989
-6.757
-6.7352
-6.71781
-6.7058
-6.70161
-6.70135
-6.70407
-6.70773
-6.71484
-6.71847
-6.72137
-6.7232
-6.71989
-6.71229
-6.70151
-6.69063
-6.67862
-6.66562
-6.65337
-6.6412
-6.63407
-6.63395
-6.64067
-6.65836
-6.68251
-6.71299
-6.74238
-6.77226
-6.79805
-6.81695
-6.83057
-6.83363
-6.83113
-6.81819
-6.79622
-6.76945
-6.73848
-6.70496
-6.67152
-6.63971
-6.60839
-6.58353
-6.56421
-6.55183
-6.54585
-6.5494
-6.56339
-6.58459
-6.61434
-6.64676
-6.67959
-6.70959
-6.7342
-6.74591
-6.7568
-6.76002
-6.76136
-6.76135
-6.7583
-6.75658
-6.75442
-6.75471
-6.7557
-6.75611
-6.75413
-6.75254
-6.74758
-6.74569
-6.74588
-6.75266
-6.76161
-6.7727
-6.78258
-6.79064
-6.79302
-6.78967
-6.78063
-6.77149
-6.75921
-6.74472
-6.73096
-6.71671
-6.70519
-6.69874
-6.69529
-6.69473
-6.6962
-6.69559
-6.69835
-6.69476
-6.69368
-6.69284
-6.69137
-6.69326
-6.69335
-6.69429
-6.69423
-6.69431
-6.69241
-6.68242
-6.67372
-6.66181
-6.65084
-6.64181
-6.63584
-6.63612
-6.64134
-6.64698
-6.65238
-6.6571
-6.66133
-6.66653
-6.67277
-6.67947
-6.68706
-6.69195
-6.69918
-6.70535
-6.71007
-6.71348
-6.71639
-6.72178
-6.7272
-6.73223
-6.73901
-6.74173
-6.73683
-6.72683
-6.71369
-6.69597
-6.67797
-6.66494
-6.65922
-6.66177
-6.67269
-6.69256
-6.71847
-6.74886
-6.77741
-6.80169
-6.81929
-6.82749
-6.82569
-6.81544
-6.80081
-6.7827
-6.76282
-6.74774
-6.72995
-6.71776
-6.70546
-6.69397
-6.68195
-6.67011
-6.65734
-6.64777
-6.64065
-6.63647
-6.63584
-6.64001
-6.64648
-6.65319
-6.65779
-6.66319
-6.66564
-6.66496
-6.66446
-6.66444
-6.66685
-6.67154
-6.67933
-6.69093
-6.70561
-6.71886
-6.72911
-6.73598
-6.73905
-6.73643
-6.72495
-6.71269
-6.70268
-6.69479
-6.69429
-6.70114
-6.71725
-6.74067
-6.76664
-6.79232
-6.82033
-6.84457
-6.85645
-6.85801
-6.84492
-6.8214
-6.78271
-6.73303
-6.68114
-6.63312
-6.59811
-6.57844
-6.57221
-6.57937
-6.59054
-6.60418
-6.619
-6.63388
-6.6499
-6.66732
-6.68058
-6.6943
-6.70777
-6.71743
-6.72442
-6.73038
-6.73237
-6.7341
-6.73673
-6.7366
-6.74008
-6.74694
-6.75565
-6.76688
-6.78019
-6.79737
-6.81709
-6.83038
-6.83875
-6.83778
-6.82847
-6.81092
-6.78416
-6.75573
-6.72541
-6.69536
-6.66939
-6.64807
-6.6305
-6.61803
-6.60765
-6.59837
-6.58998
-6.58541
-6.58536
-6.59609
-6.61735
-6.64724
-6.67681
-6.70536
-6.72693
-6.74238
-6.75156
-6.7552
-6.75436
-6.75161
-6.75016
-6.75215
-6.75612
-6.76547
-6.7769
-6.79321
-6.80662
-6.82011
-6.82952
-6.83181
-6.82559
-6.81294
-6.79929
-6.78389
-6.77018
-6.75617
-6.74096
-6.72544
-6.71426
-6.7051
-6.69642
-6.69296
-6.69015
-6.69318
-6.69646
-6.69581
-6.69569
-6.69299
-6.68737
-6.68256
-6.67848
-6.67202
-6.66794
-6.66696
-6.66625
-6.66564
-6.66917
-6.66779
-6.6644
-6.65796
-6.65014
-6.63721
-6.62863
-6.61896
-6.61232
-6.61342
-6.62224
-6.63829
-6.6642
-6.69188
-6.7205
-6.7438
-6.75888
-6.76127
-6.75342
-6.73694
-6.71165
-6.68903
-6.66447
-6.64729
-6.64004
-6.64111
-6.65222
-6.67481
-6.70481
-6.73495
-6.7671
-6.79456
-6.81772
-6.83441
-6.84216
-6.84195
-6.83486
-6.82496
-6.81007
-6.78839
-6.7637
-6.74124
-6.72256
-6.71343
-6.70832
-6.70361
-6.70181
-6.70179
-6.70007
-6.69816
-6.69916
-6.70115
-6.70669
-6.71144
-6.71945
-6.73006
-6.74039
-6.74914
-6.75387
-6.75075
-6.74767
-6.73851
-6.72222
-6.70823
-6.69367
-6.68333
-6.67386
-6.66663
-6.66695
-6.6729
-6.68534
-6.70679
-6.7324
-6.7576
-6.77822
-6.79165
-6.79272
-6.78312
-6.7626
-6.73097
-6.69328
-6.65202
-6.61625
-6.58979
-6.57452
-6.56828
-6.57249
-6.58361
-6.60069
-6.61836
-6.635
-6.65174
-6.66117
-6.66782
-6.67579
-6.68712
-6.70302
-6.722
-6.74498
-6.77109
-6.79375
-6.81466
-6.83171
-6.83819
-6.83882
-6.83337
-6.82451
-6.81121
-6.80096
-6.79918
-6.80058
-6.80318
-6.80625
-6.8093
-6.80871
-6.79918
-6.7813
-6.75691
-6.72334
-6.69073
-6.65764
-6.63105
-6.60907
-6.59491
-6.58886
-6.5893
-6.59254
-6.60368
-6.6164
-6.63465
-6.65217
-6.66817
-6.68484
-6.69638
-6.70527
-6.70883
-6.71212
-6.71248
-6.71785
-6.72163
-6.72539
-6.73224
-6.73908
-6.74547
-6.74801
-6.74823
-6.74913
-6.7438
-6.73578
-6.72567
-6.71598
-6.70567
-6.69679
-6.69118
-6.68627
-6.68457
-6.68538
-6.68711
-6.69209
-6.70086
-6.71289
-6.7278
-6.75112
-6.76946
-6.78479
-6.79565
-6.80344
-6.80285
-6.79854
-6.78336
-6.76879
-6.75457
-6.73883
-6.72196
-6.70776
-6.69607
-6.67968
-6.66521
-6.64819
-6.6377
-6.63195
-6.63205
-6.63846
-6.65364
-6.67471
-6.69871
-6.72583
-6.74693
-6.76351
-6.77437
-6.77878
-6.77452
-6.7655
-6.75384
-6.737
-6.71638
-6.69745
-6.67973
-6.6673
-6.66032
-6.65865
-6.6657
-6.68305
-6.70755
-6.73388
-6.75885
-6.7802
-6.79602
-6.79965
-6.78687
-6.76668
-6.74288
-6.72758
-6.72159
-6.71693
-6.7136
-6.70978
-6.70024
-6.69009
-6.6804
-6.6723
-6.66463
-6.65961
-6.65647
-6.65897
-6.66672
-6.67901
-6.6935
-6.70689
-6.71739
-6.72214
-6.71989
-6.71607
-6.7093
-6.69895
-6.69286
-6.68641
-6.68393
-6.68705
-6.69473
-6.70699
-6.72057
-6.73351
-6.74118
-6.74288
-6.74035
-6.73518
-6.73181
-6.7346
-6.74422
-6.7588
-6.77734
-6.79398
-6.80642
-6.8124
-6.80794
-6.7935
-6.76907
-6.74154
-6.71046
-6.68575
-6.66669
-6.65842
-6.65789
-6.66356
-6.67073
-6.67726
-6.67817
-6.67453
-6.66124
-6.6369
-6.607
-6.57474
-6.54489
-6.52398
-6.51636
-6.52505
-6.54776
-6.5823
-6.62513
-6.67459
-6.72356
-6.76878
-6.80536
-6.8343
-6.85291
-6.86363
-6.86367
-6.85523
-6.83967
-6.81599
-6.78844
-6.7568
-6.7248
-6.69353
-6.66866
-6.65236
-6.64206
-6.63982
-6.64686
-6.652
-6.66297
-6.67184
-6.67676
-6.68184
-6.68575
-6.69105
-6.69809
-6.70787
-6.71703
-6.72685
-6.73812
-6.74947
-6.76152
-6.76777
-6.76921
-6.76389
-6.75664
-6.7458
-6.7358
-6.72078
-6.71071
-6.70078
-6.69371
-6.68632
-6.68344
-6.68097
-6.68225
-6.68568
-6.68946
-6.69918
-6.71063
-6.72679
-6.74446
-6.76034
-6.77014
-6.7728
-6.76666
-6.75056
-6.72893
-6.70379
-6.67872
-6.65833
-6.64208
-6.63308
-6.63274
-6.63978
-6.65249
-6.67033
-6.69402
-6.71579
-6.732
-6.74299
-6.74854
-6.74387
-6.73094
-6.71026
-6.68537
-6.66228
-6.64551
-6.63951
-6.64267
-6.65157
-6.66553
-6.68373
-6.70338
-6.72491
-6.74394
-6.76299
-6.78168
-6.80117
-6.81586
-6.83207
-6.839
-6.8398
-6.83293
-6.81845
-6.80169
-6.78456
-6.76494
-6.74635
-6.73025
-6.71652
-6.70196
-6.68671
-6.67226
-6.65779
-6.64231
-6.62521
-6.60829
-6.59194
-6.58214
-6.57762
-6.58065
-6.59299
-6.61374
-6.63388
-6.65636
-6.68048
-6.70391
-6.72755
-6.74855
-6.76948
-6.78687
-6.79731
-6.80072
-6.79385
-6.77725
-6.75279
-6.72506
-6.69901
-6.67823
-6.66707
-6.6657
-6.66993
-6.68322
-6.69894
-6.71385
-6.72577
-6.73727
-6.7438
-6.74822
-6.7476
-6.74376
-6.73967
-6.73478
-6.72903
-6.72132
-6.71196
-6.7021
-6.69489
-6.69073
-6.69043
-6.69917
-6.71499
-6.7362
-6.75739
-6.77753
-6.79416
-6.80534
-6.81185
-6.80952
-6.79984
-6.78334
-6.76141
-6.73325
-6.71002
-6.68989
-6.67876
-6.67761
-6.68811
-6.7071
-6.72362
-6.73744
-6.74723
-6.745
-6.74046
-6.72668
-6.70655
-6.68611
-6.66907
-6.6592
-6.65556
-6.6619
-6.67007
-6.67974
-6.68955
-6.69797
-6.7033
-6.715
-6.72372
-6.73004
-6.73655
-6.73818
-6.7388
-6.7341
-6.72606
-6.719
-6.70916
-6.7001
-6.69234
-6.68425
-6.68222
-6.68337
-6.68746
-6.69128
-6.69596
-6.69915
-6.70073
-6.70197
-6.70478
-6.7039
-6.70557
-6.70884
-6.71391
-6.72279
-6.73287
-6.74595
-6.75894
-6.76754
-6.77334
-6.77171
-6.76119
-6.74464
-6.72191
-6.70194
-6.68569
-6.67972
-6.6821
-6.69329
-6.71316
-6.73305
-6.74876
-6.76048
-6.76763
-6.76401
-6.7512
-6.73261
-6.7092
-6.68268
-6.66042
-6.64767
-6.64431
-6.65208
-6.66646
-6.68696
-6.70758
-6.72501
-6.73793
-6.74765
-6.75027
-6.74573
-6.73589
-6.71997
-6.70043
-6.6778
-6.65707
-6.64036
-6.63185
-6.62813
-6.62834
-6.63124
-6.63531
-6.64117
-6.64865
-6.65682
-6.6648
-6.67205
-6.67819
-6.68808
-6.69705
-6.70339
-6.70946
-6.71513
-6.71758
-6.72209
-6.72723
-6.73522
-6.74529
-6.75932
-6.77403
-6.7895
-6.80496
-6.82172
-6.83554
-6.84634
-6.84909
-6.84461
-6.83473
-6.81829
-6.79786
-6.77467
-6.75214
-6.72968
-6.71044
-6.69493
-6.67989
-6.67047
-6.66281
-6.65554
-6.65114
-6.64683
-6.64072
-6.63036
-6.61934
-6.60676
-6.59695
-6.5885
-6.59136
-6.60059
-6.61232
-6.63412
-6.65893
-6.68526
-6.71078
-6.73211
-6.74915
-6.76094
-6.76572
-6.75987
-6.7533
-6.73987
-6.72704
-6.70919
-6.69267
-6.67912
-6.67073
-6.66523
-6.66449
-6.66901
-6.67256
-6.67843
-6.68156
-6.68351
-6.68063
-6.674
-6.66556
-6.66087
-6.65897
-6.66516
-6.67627
-6.6892
-6.70459
-6.72099
-6.73822
-6.75693
-6.77708
-6.79578
-6.81163
-6.82354
-6.82637
-6.82228
-6.80784
-6.78662
-6.75642
-6.72771
-6.70259
-6.68415
-6.67581
-6.68079
-6.69155
-6.7072
-6.71986
-6.73341
-6.7421
-6.74602
-6.7459
-6.74516
-6.74433
-6.74335
-6.74215
-6.74001
-6.73323
-6.71985
-6.70096
-6.67654
-6.65313
-6.6317
-6.61964
-6.61362
-6.62048
-6.63093
-6.64606
-6.66505
-6.6844
-6.69999
-6.70981
-6.71559
-6.71697
-6.71727
-6.71997
-6.72115
-6.7245
-6.73024
-6.74007
-6.74716
-6.7542
-6.76221
-6.77042
-6.78301
-6.7952
-6.8064
-6.81521
-6.81953
-6.81693
-6.8098
-6.79574
-6.78096
-6.75994
-6.73379
-6.70537
-6.67643
-6.65076
-6.6319
-6.61972
-6.61907
-6.62387
-6.63887
-6.66236
-6.68854
-6.71615
-6.74486
-6.76923
-6.7913
-6.80713
-6.81557
-6.81413
-6.807
-6.79435
-6.7776
-6.75339
-6.72648
-6.6987
-6.67165
-6.64225
-6.61387
-6.58841
-6.57042
-6.56291
-6.56572
-6.57508
-6.5945
-6.61721
-6.63943
-6.66091
-6.68054
-6.69452
-6.70389
-6.70817
-6.70787
-6.70887
-6.70665
-6.70305
-6.69784
-6.69519
-6.69136
-6.69005
-6.69266
-6.69565
-6.70403
-6.71865
-6.73234
-6.74697
-6.76139
-6.77201
-6.78297
-6.79256
-6.80091
-6.80665
-6.81024
-6.80581
-6.79402
-6.77292
-6.74565
-6.71341
-6.67928
-6.64769
-6.62228
-6.60568
-6.60028
-6.60254
-6.61343
-6.62733
-6.64434
-6.66125
-6.67681
-6.69244
-6.70263
-6.71493
-6.72203
-6.72856
-6.73182
-6.73675
-6.73773
-6.73557
-6.73046
-6.72685
-6.72064
-6.71453
-6.71
-6.71048
-6.71234
-6.71296
-6.7145
-6.71538
-6.71546
-6.71548
-6.71467
-6.71153
-6.70928
-6.70352
-6.69937
-6.69493
-6.68684
-6.67682
-6.66623
-6.6598
-6.65311
-6.65191
-6.65417
-6.66015
-6.66442
-6.67048
-6.67439
-6.68016
-6.68926
-6.70006
-6.71408
-6.73032
-6.74556
-6.75924
-6.77314
-6.78407
-6.79079
-6.79267
-6.78457
-6.77706
-6.76474
-6.75007
-6.73452
-6.71954
-6.70779
-6.70353
-6.70098
-6.7026
-6.70553
-6.70928
-6.71328
-6.71254
-6.71079
-6.70574
-6.70225
-6.69961
-6.69713
-6.69723
-6.70075
-6.70391
-6.70613
-6.7143
-6.71894
-6.72198
-6.72675
-6.73166
-6.73729
-6.74238
-6.74816
-6.74881
-6.74474
-6.73236
-6.71716
-6.70024
-6.67932
-6.6599
-6.64394
-6.6337
-6.63362
-6.64096
-6.65432
-6.67235
-6.69583
-6.71985
-6.73849
-6.75326
-6.76297
-6.76859
-6.76826
-6.76343
-6.75179
-6.73336
-6.71042
-6.68788
-6.66832
-6.6538
-6.64642
-6.64445
-6.65117
-6.65752
-6.66389
-6.6666
-6.6667
-6.66418
-6.65964
-6.65442
-6.65524
-6.6586
-6.66547
-6.67509
-6.688
-6.70405
-6.72099
-6.74068
-6.76135
-6.78147
-6.79993
-6.81428
-6.82115
-6.81806
-6.80581
-6.78807
-6.7644
-6.73677
-6.71057
-6.68782
-6.6699
-6.65918
-6.65746
-6.6639
-6.67533
-6.69125
-6.70614
-6.71638
-6.71975
-6.71525
-6.70783
-6.70402
-6.70029
-6.69962
-6.70404
-6.7078
-6.70871
-6.70388
-6.69518
-6.68686
-6.67986
-6.67293
-6.66956
-6.67099
-6.67658
-6.6847
-6.69531
-6.70421
-6.71281
-6.71643
-6.71476
-6.71123
-6.70725
-6.70484
-6.70251
-6.70463
-6.70659
-6.70575
-6.70422
-6.69958
-6.69069
-6.67813
-6.66445
-6.65174
-6.63813
-6.6256
-6.6157
-6.61094
-6.61183
-6.62009
-6.63499
-6.65754
-6.68803
-6.72192
-6.75947
-6.79393
-6.82052
-6.83487
-6.84127
-6.83418
-6.81874
-6.79553
-6.77097
-6.75079
-6.74093
-6.73902
-6.74761
-6.76435
-6.77873
-6.79447
-6.80048
-6.80171
-6.79895
-6.78971
-6.77343
-6.7533
-6.72864
-6.70363
-6.6766
-6.65417
-6.63554
-6.61923
-6.6099
-6.60831
-6.6145
-6.6249
-6.63927
-6.65586
-6.6702
-6.68194
-6.69404
-6.70343
-6.71213
-6.7215
-6.73015
-6.73956
-6.74673
-6.75084
-6.75075
-6.74812
-6.74293
-6.7354
-6.73151
-6.72404
-6.71896
-6.71242
-6.70502
-6.69568
-6.6847
-6.66878
-6.64989
-6.63192
-6.61326
-6.59892
-6.59164
-6.59516
-6.60884
-6.63165
-6.66059
-6.69169
-6.71866
-6.74061
-6.7537
-6.7584
-6.7554
-6.74507
-6.73279
-6.72184
-6.70946
-6.70187
-6.70045
-6.70418
-6.71671
-6.73257
-6.74885
-6.75983
-6.7697
-6.77417
-6.77298
-6.76444
-6.748
-6.7273
-6.7042
-6.68258
-6.66329
-6.6521
-6.64622
-6.65087
-6.66465
-6.68797
-6.71214
-6.7378
-6.75776
-6.77709
-6.79085
-6.79403
-6.79064
-6.78223
-6.7686
-6.74962
-6.73059
-6.71317
-6.69827
-6.68796
-6.67957
-6.67085
-6.66556
-6.65864
-6.65484
-6.65162
-6.64742
-6.64391
-6.64113
-6.63876
-6.63871
-6.64018
-6.64716
-6.65862
-6.67324
-6.68789
-6.70447
-6.71957
-6.73274
-6.75069
-6.77173
-6.79679
-6.82384
-6.8511
-6.87063
-6.88525
-6.8895
-6.88645
-6.87335
-6.85366
-6.82671
-6.79325
-6.75644
-6.71465
-6.67127
-6.62907
-6.59386
-6.56631
-6.55001
-6.54477
-6.54719
-6.5604
-6.58028
-6.60436
-6.63189
-6.65853
-6.68271
-6.70511
-6.72954
-6.75131
-6.76935
-6.78314
-6.7909
-6.79309
-6.78859
-6.77821
-6.76707
-6.75206
-6.73776
-6.72264
-6.70951
-6.69679
-6.68445
-6.67539
-6.67205
-6.67336
-6.68007
-6.69095
-6.70397
-6.71777
-6.72999
-6.74272
-6.75618
-6.76786
-6.77516
-6.77703
-6.7729
-6.76163
-6.74058
-6.71806
-6.69195
-6.67284
-6.66227
-6.65976
-6.66561
-6.6763
-6.6871
-6.69847
-6.70778
-6.71285
-6.71182
-6.70854
-6.70194
-6.69531
-6.69011
-6.68666
-6.68755
-6.69225
-6.70052
-6.71125
-6.71879
-6.72097
-6.71694
-6.70712
-6.69231
-6.67747
-6.66395
-6.65848
-6.66416
-6.67735
-6.70003
-6.72902
-6.75704
-6.77904
-6.79301
-6.79878
-6.79629
-6.78998
-6.77695
-6.76042
-6.74703
-6.73574
-6.72773
-6.72521
-6.72835
-6.73447
-6.74357
-6.75061
-6.75
-6.75075
-6.74642
-6.73837
-6.72985
-6.72014
-6.7113
-6.70159
-6.689
-6.67816
-6.66776
-6.65571
-6.64766
-6.64
-6.63488
-6.63261
-6.62888
-6.62613
-6.62846
-6.63698
-6.65003
-6.67012
-6.69244
-6.71446
-6.72922
-6.73364
-6.72752
-6.7137
-6.69413
-6.67208
-6.65181
-6.63821
-6.63409
-6.64271
-6.66414
-6.69541
-6.73188
-6.76432
-6.79268
-6.81246
-6.82203
-6.82251
-6.81346
-6.79762
-6.77411
-6.74552
-6.71533
-6.68832
-6.66864
-6.65936
-6.65937
-6.67205
-6.69009
-6.71311
-6.73514
-6.75298
-6.76683
-6.77189
-6.77127
-6.76498
-6.75698
-6.75069
-6.74225
-6.7387
-6.73205
-6.7249
-6.71537
-6.70391
-6.69482
-6.6874
-6.6847
-6.68377
-6.68795
-6.69313
-6.70027
-6.71387
-6.72595
-6.73743
-6.74651
-6.75143
-6.75366
-6.75014
-6.74164
-6.73032
-6.7169
-6.70266
-6.68994
-6.68024
-6.67483
-6.67295
-6.66914
-6.66725
-6.66327
-6.64994
-6.63878
-6.62618
-6.61426
-6.60848
-6.60846
-6.61549
-6.6306
-6.65197
-6.67583
-6.69934
-6.72201
-6.73993
-6.74848
-6.75311
-6.75431
-6.75327
-6.75508
-6.76013
-6.76305
-6.76575
-6.76679
-6.76147
-6.75196
-6.73822
-6.72652
-6.71813
-6.71774
-6.72127
-6.73012
-6.74169
-6.75493
-6.76405
-6.76988
-6.76616
-6.75685
-6.73544
-6.7085
-6.68409
-6.65905
-6.64121
-6.63118
-6.63058
-6.63708
-6.65175
-6.67224
-6.69495
-6.71877
-6.742
-6.76619
-6.79146
-6.8152
-6.8312
-6.84485
-6.84986
-6.84442
-6.83153
-6.81006
-6.78387
-6.75204
-6.71875
-6.68764
-6.66157
-6.64159
-6.62903
-6.61943
-6.6196
-6.62248
-6.63174
-6.642
-6.65711
-6.6715
-6.68617
-6.69928
-6.70805
-6.71212
-6.71364
-6.71449
-6.71631
-6.7162
-6.71379
-6.70505
-6.69089
-6.67203
-6.65035
-6.63008
-6.61338
-6.60399
-6.60738
-6.62726
-6.66288
-6.70893
-6.75411
-6.79727
-6.83288
-6.85672
-6.87353
-6.88059
-6.8816
-6.87442
-6.86157
-6.84631
-6.82671
-6.80883
-6.78863
-6.76598
-6.74271
-6.71676
-6.68934
-6.66679
-6.64955
-6.64125
-6.64041
-6.64767
-6.65642
-6.66121
-6.66596
-6.66553
-6.66209
-6.6568
-6.64993
-6.64377
-6.63677
-6.63368
-6.628
-6.62267
-6.61442
-6.60787
-6.60448
-6.6011
-6.60141
-6.60873
-6.6165
-6.62603
-6.64331
-6.66557
-6.68975
-6.7171
-6.74357
-6.76847
-6.79524
-6.82017
-6.8387
-6.85507
-6.86343
-6.8637
-6.85555
-6.84206
-6.8211
-6.80016
-6.77698
-6.7585
-6.74084
-6.72968
-6.72324
-6.72108
-6.71963
-6.71692
-6.70831
-6.69567
-6.67839
-6.65488
-6.63037
-6.60346
-6.57666
-6.55719
-6.54855
-6.54855
-6.56323
-6.58769
-6.6166
-6.64963
-6.6838
-6.71488
-6.7458
-6.77316
-6.7936
-6.80863
-6.81614
-6.81221
-6.80792
-6.79795
-6.78797
-6.77428
-6.7572
-6.73811
-6.71609
-6.6954
-6.67726
-6.66396
-6.65701
-6.65635
-6.66107
-6.66819
-6.67803
-6.68256
-6.68526
-6.68659
-6.68951
-6.69212
-6.69845
-6.70302
-6.70634
-6.7067
-6.7078
-6.70814
-6.70888
-6.70823
-6.70837
-6.70393
-6.70166
-6.70066
-6.69778
-6.69732
-6.69851
-6.70049
-6.70715
-6.71507
-6.72273
-6.73459
-6.74534
-6.75245
-6.76225
-6.76943
-6.77195
-6.77381
-6.77222
-6.7659
-6.75491
-6.73828
-6.71714
-6.69361
-6.67277
-6.65925
-6.659
-6.66474
-6.67742
-6.69694
-6.71788
-6.74139
-6.76532
-6.78134
-6.79143
-6.78987
-6.77645
-6.7526
-6.71944
-6.68195
-6.64349
-6.60974
-6.5871
-6.57506
-6.57417
-6.58408
-6.60012
-6.62189
-6.64489
-6.67007
-6.69908
-6.72598
-6.75376
-6.77609
-6.7934
-6.80585
-6.81508
-6.82052
-6.81965
-6.81483
-6.80555
-6.79212
-6.77449
-6.75049
-6.7277
-6.70063
-6.67297
-6.64358
-6.61804
-6.59383
-6.57611
-6.56774
-6.57184
-6.58947
-6.61356
-6.64466
-6.67797
-6.71238
-6.74137
-6.76579
-6.78468
-6.80001
-6.81021
-6.80994
-6.8106
-6.80743
-6.80471
-6.80074
-6.79557
-6.79035
-6.78239
-6.7735
-6.76068
-6.74606
-6.72748
-6.70922
-6.69351
-6.68037
-6.67178
-6.66336
-6.65835
-6.65153
-6.64542
-6.64209
-6.64273
-6.63774
-6.63187
-6.62821
-6.62729
-6.62485
-6.62751
-6.63109
-6.63603
-6.63888
-6.64701
-6.66188
-6.68575
-6.71254
-6.74274
-6.77079
-6.79397
-6.81004
-6.82049
-6.82609
-6.83103
-6.83087
-6.82651
-6.82087
-6.81333
-6.80379
-6.78878
-6.7658
-6.74087
-6.71255
-6.68178
-6.65108
-6.62844
-6.60981
-6.60223
-6.60031
-6.6028
-6.60702
-6.61498
-6.62409
-6.63741
-6.65508
-6.67188
-6.69552
-6.71839
-6.73915
-6.7592
-6.77398
-6.78512
-6.79404
-6.80167
-6.80383
-6.805
-6.80742
-6.80886
-6.80442
-6.79625
-6.78396
-6.76665
-6.74724
-6.72809
-6.70591
-6.69212
-6.68475
-6.68264
-6.68941
-6.70009
-6.71119
-6.7179
-6.72349
-6.72299
-6.72394
-6.71835
-6.71488
-6.70991
-6.70734
-6.7026
-6.69434
-6.68328
-6.67061
-6.65658
-6.64283
-6.63282
-6.62565
-6.62669
-6.63089
-6.63562
-6.63917
-6.64016
-6.64673
-6.65974
-6.67853
-6.70257
-6.7322
-6.75679
-6.77831
-6.79549
-6.80454
-6.80846
-6.8056
-6.79405
-6.77407
-6.7487
-6.71946
-6.6914
-6.6663
-6.65223
-6.64767
-6.65592
-6.67301
-6.69901
-6.72865
-6.75315
-6.77292
-6.78268
-6.78053
-6.77032
-6.75569
-6.741
-6.73297
-6.7278
-6.72483
-6.72057
-6.71464
-6.70825
-6.70431
-6.70448
-6.71377
-6.72764
-6.74326
-6.75913
-6.76918
-6.77495
-6.77586
-6.76829
-6.75632
-6.74082
-6.72136
-6.69941
-6.67435
-6.65003
-6.62596
-6.60586
-6.59163
-6.58712
-6.58949
-6.59747
-6.61194
-6.63272
-6.65264
-6.67439
-6.70337
-6.73688
-6.7706
-6.80231
-6.8341
-6.85278
-6.85856
-6.8538
-6.83345
-6.80486
-6.77515
-6.74452
-6.71515
-6.68936
-6.66986
-6.66014
-6.65665
-6.6593
-6.66669
-6.67586
-6.68747
-6.6989
-6.71138
-6.72182
-6.73268
-6.74053
-6.74824
-6.75012
-6.75098
-6.74776
-6.74011
-6.73071
-6.72159
-6.7111
-6.70117
-6.69222
-6.68267
-6.67131
-6.66118
-6.65423
-6.65127
-6.65634
-6.66381
-6.67672
-6.68908
-6.70444
-6.71703
-6.72188
-6.72182
-6.71432
-6.70207
-6.68376
-6.66049
-6.63929
-6.62335
-6.61068
-6.60162
-6.60311
-6.60954
-6.6175
-6.63241
-6.65003
-6.66893
-6.68882
-6.71453
-6.73553
-6.75835
-6.77947
-6.80183
-6.81886
-6.83382
-6.8422
-6.84374
-6.84002
-6.82573
-6.80331
-6.77166
-6.73203
-6.68661
-6.63816
-6.5935
-6.56104
-6.53981
-6.54135
-6.56148
-6.59868
-6.6499
-6.70495
-6.76203
-6.81349
-6.85449
-6.88676
-6.90848
-6.92079
-6.92367
-6.9214
-6.91278
-6.89737
-6.87241
-6.8392
-6.79611
-6.75178
-6.70431
-6.66037
-6.62249
-6.5932
-6.56994
-6.55518
-6.55364
-6.56359
-6.58221
-6.60808
-6.63845
-6.67061
-6.7007
-6.72461
-6.7414
-6.74799
-6.74269
-6.72717
-6.70654
-6.68209
-6.65831
-6.63973
-6.63093
-6.62964
-6.63333
-6.64327
-6.6554
-6.67119
-6.6894
-6.71433
-6.73666
-6.75962
-6.77935
-6.79548
-6.80201
-6.8001
-6.78924
-6.77109
-6.74277
-6.70942
-6.6723
-6.63945
-6.6165
-6.60172
-6.59883
-6.6129
-6.63531
-6.66468
-6.70131
-6.73531
-6.77026
-6.79441
-6.81059
-6.81749
-6.8147
-6.80673
-6.79251
-6.77809
-6.76676
-6.75296
-6.74141
-6.73207
-6.72841
-6.72908
-6.73341
-6.73987
-6.74741
-6.75929
-6.77275
-6.78796
-6.7998
-6.8095
-6.81479
-6.81372
-6.80354
-6.77985
-6.75267
-6.72503
-6.70175
-6.68579
-6.67754
-6.67689
-6.6838
-6.69332
-6.70155
-6.70579
-6.70456
-6.69554
-6.68204
-6.66806
-6.65486
-6.64721
-6.64152
-6.6386
-6.63929
-6.63943
-6.64072
-6.64165
-6.64667
-6.65702
-6.67369
-6.698
-6.72435
-6.75139
-6.77243
-6.79067
-6.79981
-6.80292
-6.79986
-6.78654
-6.76307
-6.73642
-6.70975
-6.68521
-6.66506
-6.65246
-6.64822
-6.65101
-6.66022
-6.67242
-6.68587
-6.70219
-6.72034
-6.7375
-6.75504
-6.76402
-6.77264
-6.77912
-6.77623
-6.76777
-6.7554
-6.74177
-6.7255
-6.71142
-6.69893
-6.69141
-6.68516
-6.68369
-6.68329
-6.68747
-6.69584
-6.70453
-6.71884
-6.72868
-6.74092
-6.75235
-6.76179
-6.76957
-6.77521
-6.77701
-6.77595
-6.76791
-6.7601
-6.75026
-6.74071
-6.72937
-6.71912
-6.70198
-6.68459
-6.66534
-6.64804
-6.63713
-6.63517
-6.64002
-6.65417
-6.67505
-6.69521
-6.71473
-6.72825
-6.73558
-6.73965
-6.73739
-6.73025
-6.72129
-6.71213
-6.70584
-6.70134
-6.70087
-6.70201
-6.70429
-6.70394
-6.70397
-6.70472
-6.70366
-6.70893
-6.72092
-6.73783
-6.75304
-6.76604
-6.77391
-6.77767
-6.78208
-6.78595
-6.78819
-6.79081
-6.79554
-6.79492
-6.78979
-6.7801
-6.76787
-6.75387
-6.74073
-6.72716
-6.71675
-6.70962
-6.70372
-6.69627
-6.68645
-6.67384
-6.66284
-6.64961
-6.63871
-6.63214
-6.63093
-6.6326
-6.63801
-6.64584
-6.65221
-6.66197
-6.66886
-6.67711
-6.68491
-6.69343
-6.70252
-6.71253
-6.72143
-6.72884
-6.73852
-6.74835
-6.75576
-6.76
-6.76027
-6.75439
-6.74647
-6.73267
-6.7167
-6.6995
-6.68221
-6.66691
-6.65155
-6.63857
-6.62591
-6.6155
-6.6064
-6.60094
-6.59748
-6.59704
-6.59824
-6.60492
-6.61864
-6.63955
-6.66549
-6.69327
-6.72221
-6.75172
-6.78083
-6.80386
-6.82349
-6.83625
-6.84432
-6.84648
-6.83981
-6.82572
-6.80569
-6.7825
-6.76122
-6.74501
-6.73702
-6.73623
-6.73585
-6.7377
-6.73853
-6.73883
-6.73376
-6.72394
-6.70597
-6.68638
-6.66373
-6.64196
-6.62559
-6.61776
-6.61913
-6.6291
-6.64773
-6.66929
-6.69659
-6.71974
-6.73843
-6.75106
-6.75859
-6.76353
-6.76807
-6.77332
-6.77934
-6.78787
-6.79166
-6.79577
-6.78937
-6.78002
-6.76756
-6.75615
-6.74083
-6.72703
-6.71228
-6.69727
-6.68411
-6.67099
-6.65953
-6.65298
-6.65124
-6.66236
-6.67997
-6.69898
-6.71604
-6.72518
-6.72828
-6.72117
-6.70891
-6.69394
-6.67901
-6.6628
-6.65149
-6.64158
-6.63608
-6.62956
-6.62831
-6.62526
-6.61942
-6.61602
-6.61284
-6.61297
-6.61612
-6.62949
-6.65005
-6.67975
-6.71489
-6.75202
-6.7927
-6.82743
-6.85555
-6.87074
-6.87513
-6.86938
-6.85127
-6.82599
-6.79653
-6.76157
-6.72786
-6.69941
-6.67465
-6.65755
-6.65087
-6.65254
-6.6625
-6.67632
-6.68655
-6.6947
-6.69965
-6.70555
-6.70664
-6.70824
-6.71522
-6.72873
-6.74411
-6.75824
-6.77569
-6.78695
-6.79687
-6.80412
-6.80608
-6.80422
-6.80066
-6.79016
-6.77325
-6.75283
-6.72582
-6.7018
-6.68131
-6.66475
-6.65876
-6.65826
-6.66216
-6.66058
-6.65302
-6.64112
-6.62217
-6.60344
-6.58171
-6.56664
-6.56043
-6.56408
-6.5783
-6.60367
-6.63529
-6.66985
-6.69877
-6.72301
-6.73953
-6.74973
-6.75814
-6.76545
-6.77585
-6.7847
-6.7896
-6.78909
-6.77901
-6.76609
-6.74641
-6.72607
-6.71288
-6.71094
-6.71513
-6.72678
-6.74495
-6.76466
-6.78562
-6.80402
-6.81735
-6.82129
-6.81823
-6.80547
-6.78256
-6.75639
-6.72608
-6.69635
-6.66831
-6.6461
-6.6286
-6.61625
-6.61429
-6.62011
-6.63109
-6.65057
-6.67251
-6.69623
-6.71593
-6.73176
-6.74422
-6.75231
-6.75469
-6.75465
-6.74878
-6.73864
-6.72429
-6.70905
-6.69405
-6.68538
-6.68281
-6.68657
-6.69288
-6.69995
-6.70447
-6.70559
-6.70247
-6.69114
-6.68008
-6.66722
-6.65457
-6.64563
-6.63696
-6.62793
-6.61977
-6.61736
-6.61776
-6.6215
-6.63005
-6.64157
-6.65675
-6.67441
-6.69128
-6.70278
-6.71257
-6.71795
-6.72156
-6.71953
-6.71369
-6.70928
-6.70103
-6.69779
-6.69561
-6.69178
-6.69108
-6.692
-6.69044
-6.69293
-6.69826
-6.70841
-6.71889
-6.73399
-6.7532
-6.76649
-6.77387
-6.77401
-6.76765
-6.75726
-6.73911
-6.71826
-6.69408
-6.67101
-6.65182
-6.63593
-6.62548
-6.62049
-6.62298
-6.62659
-6.62953
-6.62924
-6.62918
-6.63113
-6.6359
-6.6444
-6.6579
-6.67823
-6.70358
-6.73818
-6.7794
-6.82092
-6.85498
-6.87723
-6.88323
-6.87113
-6.84607
-6.81051
-6.77068
-6.73415
-6.70144
-6.67531
-6.66005
-6.6578
-6.66613
-6.68284
-6.70392
-6.72885
-6.75068
-6.77109
-6.78811
-6.80032
-6.8048
-6.8011
-6.79254
-6.77655
-6.75581
-6.73257
-6.7129
-6.69718
-6.68631
-6.68387
-6.68733
-6.69342
-6.69987
-6.70744
-6.71254
-6.71511
-6.71486
-6.71304
-6.70521
-6.69143
-6.67292
-6.65343
-6.63283
-6.61394
-6.60241
-6.60061
-6.60926
-6.62971
-6.65922
-6.69503
-6.73635
-6.77656
-6.80999
-6.83112
-6.84618
-6.84924
-6.84031
-6.82353
-6.7991
-6.76878
-6.73462
-6.70307
-6.6771
-6.65855
-6.64691
-6.64818
-6.65604
-6.6722
-6.69558
-6.72565
-6.7568
-6.78656
-6.80486
-6.8166
-6.81767
-6.8089
-6.79476
-6.77988
-6.76503
-6.75522
-6.7449
-6.73699
-6.72535
-6.70825
-6.6861
-6.66009
-6.63249
-6.60962
-6.59479
-6.59222
-6.60285
-6.62257
-6.65127
-6.67839
-6.70415
-6.72142
-6.73182
-6.72967
-6.72076
-6.70471
-6.69051
-6.67518
-6.66608
-6.66628
-6.67287
-6.69003
-6.71033
-6.73347
-6.75251
-6.76877
-6.77921
-6.78579
-6.79047
-6.79314
-6.78936
-6.78432
-6.77701
-6.76836
-6.76277
-6.75965
-6.7627
-6.76616
-6.77418
-6.78108
-6.78424
-6.78215
-6.77655
-6.76217
-6.74393
-6.72654
-6.70834
-6.69018
-6.67756
-6.66727
-6.66174
-6.66183
-6.66846
-6.67541
-6.68221
-6.68933
-6.69631
-6.70091
-6.7042
-6.69998
-6.68704
-6.67206
-6.65279
-6.6343
-6.61935
-6.6067
-6.60361
-6.60959
-6.61825
-6.6306
-6.64637
-6.65887
-6.67479
-6.68298
-6.6864
-6.68716
-6.68405
-6.67788
-6.67148
-6.66369
-6.65513
-6.64985
-6.64857
-6.65118
-6.65759
-6.66914
-6.68191
-6.69363
-6.70771
-6.72293
-6.73397
-6.74237
-6.74977
-6.75409
-6.76098
-6.76678
-6.77162
-6.77468
-6.77606
-6.77554
-6.77215
-6.76972
-6.7644
-6.75865
-6.75168
-6.74443
-6.73611
-6.72881
-6.72019
-6.71249
-6.70804
-6.70605
-6.70467
-6.70151
-6.70123
-6.6997
-6.69844
-6.69471
-6.69327
-6.6934
-6.68922
-6.68544
-6.6808
-6.67263
-6.66431
-6.65689
-6.64773
-6.64056
-6.63451
-6.63478
-6.63597
-6.64264
-6.64997
-6.66031
-6.6756
-6.69777
-6.7244
-6.75719
-6.79015
-6.81809
-6.8406
-6.85173
-6.85302
-6.84526
-6.82826
-6.80722
-6.77928
-6.75175
-6.72831
-6.7043
-6.68686
-6.67435
-6.67042
-6.67563
-6.68881
-6.70603
-6.72252
-6.73482
-6.74327
-6.74893
-6.75169
-6.74831
-6.74435
-6.73656
-6.7287
-6.72157
-6.7191
-6.71638
-6.71474
-6.71844
-6.72385
-6.73007
-6.73081
-6.7274
-6.72048
-6.70762
-6.69173
-6.67409
-6.65826
-6.6466
-6.64327
-6.64521
-6.65256
-6.66334
-6.677
-6.6907
-6.70275
-6.7123
-6.71932
-6.72035
-6.71805
-6.71644
-6.71397
-6.7178
-6.72109
-6.73017
-6.74203
-6.74955
-6.75095
-6.75153
-6.74549
-6.73586
-6.72559
-6.71935
-6.71599
-6.7147
-6.7196
-6.72208
-6.72343
-6.72281
-6.71207
-6.69599
-6.67578
-6.65625
-6.63931
-6.6303
-6.63024
-6.63419
-6.64179
-6.65418
-6.66844
-6.68499
-6.70133
-6.71839
-6.73635
-6.75131
-6.76182
-6.77085
-6.77797
-6.77829
-6.77808
-6.77162
-6.76109
-6.74579
-6.73121
-6.7147
-6.70285
-6.69239
-6.68753
-6.68459
-6.68611
-6.69055
-6.69581
-6.70441
-6.71177
-6.71924
-6.72625
-6.73521
-6.74386
-6.75204
-6.75443
-6.75423
-6.75521
-6.75377
-6.75435
-6.75243
-6.74335
-6.73627
-6.72062
-6.70261
-6.68356
-6.66594
-6.65583
-6.6493
-6.65064
-6.66072
-6.67535
-6.68851
-6.70074
-6.71273
-6.72682
-6.74281
-6.75197
-6.76165
-6.76996
-6.76763
-6.75732
-6.7416
-6.72259
-6.69873
-6.68252
-6.67143
-6.66424
-6.66732
-6.67656
-6.68881
-6.70322
-6.71117
-6.7167
-6.71775
-6.71302
-6.70536
-6.70034
-6.69499
-6.69089
-6.69031
-6.68933
-6.69653
-6.7089
-6.72746
-6.74829
-6.77165
-6.79503
-6.81963
-6.84147
-6.86077
-6.87035
-6.87467
-6.86929
-6.85738
-6.83758
-6.80843
-6.77692
-6.73808
-6.6971
-6.6544
-6.61762
-6.5847
-6.55882
-6.5453
-6.53946
-6.54106
-6.55004
-6.55906
-6.56941
-6.57853
-6.58904
-6.59747
-6.60572
-6.6102
-6.61259
-6.61716
-6.62515
-6.63688
-6.66115
-6.69077
-6.7294
-6.77183
-6.81
-6.8376
-6.85807
-6.86552
-6.85961
-6.84413
-6.82133
-6.79599
-6.77278
-6.7517
