-6.73703
-6.73062
-6.73094
-6.73565
-6.74193
-6.74483
-6.74822
-6.74629
-6.74159
-6.73189
-6.71942
-6.70578
-6.69608
-6.69316
-6.70154
-6.7177
-6.73881
-6.76303
-6.78292
-6.79341
-6.79331
-6.77744
-6.75378
-6.72226
-6.68443
-6.64405
-6.60688
-6.57579
-6.55334
-6.54065
-6.54397
-6.55893
-6.58323
-6.61466
-6.648
-6.68059
-6.70412
-6.71777
-6.71917
-6.71122
-6.69606
-6.67536
-6.65557
-6.63814
-6.62615
-6.62243
-6.6243
-6.63965
-6.66247
-6.69054
-6.71967
-6.74639
-6.7661
-6.78007
-6.7842
-6.77752
-6.76852
-6.75663
-6.73865
-6.71878
-6.69745
-6.67745
-6.66263
-6.65327
-6.64966
-6.65249
-6.65915
-6.66927
-6.68221
-6.69698
-6.70855
-6.72128
-6.73143
-6.7358
-6.73715
-6.73685
-6.7347
-6.7315
-6.7323
-6.73222
-6.73449
-6.73467
-6.73653
-6.73508
-6.73546
-6.73529
-6.73504
-6.73324
-6.73099
-6.72836
-6.72333
-6.72116
-6.71522
-6.70779
-6.69787
-6.68485
-6.67091
-6.65343
-6.6356
-6.61853
-6.60483
-6.59778
-6.59126
-6.58754
-6.58335
-6.58258
-6.5813
-6.58367
-6.59348
-6.60646
-6.62754
-6.65381
-6.68221
-6.71248
-6.74166
-6.77483
-6.80345
-6.8299
-6.85009
-6.86387
-6.86899
-6.86276
-6.8517
-6.83441
-6.81353
-6.78996
-6.76535
-6.74105
-6.71952
-6.6991
-6.68533
-6.6728
-6.66589
-6.65653
-6.64695
-6.63271
-6.61844
-6.60312
-6.59266
-6.58801
-6.5909
-6.60564
-6.62764
-6.65134
-6.6712
-6.68579
-6.68874
-6.68046
-6.66445
-6.64724
-6.63281
-6.62777
-6.63006
-6.64248
-6.65952
-6.68115
-6.70445
-6.72469
-6.74055
-6.74915
-6.75305
-6.75442
-6.75663
-6.76182
-6.77165
-6.78201
-6.79247
-6.8015
-6.81019
-6.81048
-6.80515
-6.79471
-6.78113
-6.76637
-6.7546
-6.74829
-6.74403
-6.74029
-6.73183
-6.72117
-6.70892
-6.69323
-6.67471
-6.65655
-6.63992
-6.62316
-6.61021
-6.60057
-6.59203
-6.5909
-6.5939
-6.60138
-6.61281
-6.62911
-6.64924
-6.67347
-6.69502
-6.72037
-6.74112
-6.76115
-6.77551
-6.78509
-6.78591
-6.78041
-6.76973
-6.75731
-6.73794
-6.72004
-6.70261
-6.68967
-6.68417
-6.68505
-6.69276
-6.70138
-6.71022
-6.72123
-6.73372
-6.74314
-6.7536
-6.76492
-6.77785
-6.79039
-6.79828
-6.80118
-6.79383
-6.77852
-6.75516
-6.72504
-6.69553
-6.66932
-6.6453
-6.62417
-6.60883
-6.59885
-6.59188
-6.59276
-6.60188
-6.61974
-6.64265
-6.66765
-6.69201
-6.71262
-6.72825
-6.73978
-6.74664
-6.74675
-6.7429
-6.73116
-6.71773
-6.70564
-6.69566
-6.69315
-6.69547
-6.70108
-6.70774
-6.71084
-6.71223
-6.70745
-6.69729
-6.6836
-6.66327
-6.63915
-6.61674
-6.59631
-6.58335
-6.57644
-6.57935
-6.58873
-6.60788
-6.62671
-6.64878
-6.67
-6.68677
-6.70189
-6.71203
-6.71955
-6.72885
-6.73694
-6.74809
-6.75996
-6.77296
-6.78499
-6.79472
-6.8082
-6.82002
-6.82888
-6.8401
-6.84306
-6.84351
-6.84076
-6.82783
-6.81187
-6.78989
-6.76295
-6.73182
-6.70294
-6.67777
-6.6557
-6.64397
-6.63673
-6.63618
-6.63917
-6.63953
-6.63804
-6.63023
-6.6196
-6.60464
-6.58615
-6.56827
-6.55432
-6.55015
-6.55505
-6.57125
-6.59661
-6.63026
-6.67044
-6.71147
-6.74797
-6.77634
-6.79862
-6.80925
-6.81306
-6.80706
-6.79548
-6.78222
-6.76576
-6.75244
-6.74147
-6.73727
-6.73383
-6.72956
-6.72701
-6.72374
-6.71727
-6.7091
-6.69761
-6.68742
-6.68027
-6.67703
-6.6799
-6.68993
-6.70092
-6.71326
-6.72821
-6.74199
-6.7494
-6.75302
-6.7503
-6.74139
-6.72186
-6.69753
-6.6692
-6.64617
-6.63102
-6.62358
-6.63196
-6.64823
-6.66938
-6.69363
-6.71302
-6.72423
-6.73105
-6.73011
-6.72074
-6.70439
-6.6855
-6.66557
-6.64609
-6.63242
-6.62346
-6.62713
-6.64508
-6.67149
-6.70298
-6.7341
-6.76132
-6.78149
-6.7943
-6.7983
-6.79681
-6.78501
-6.77007
-6.75617
-6.74884
-6.7455
-6.74908
-6.75352
-6.759
-6.76306
-6.76235
-6.75419
-6.74515
-6.73652
-6.72593
-6.71713
-6.7114
-6.70361
-6.69509
-6.6906
-6.68126
-6.67245
-6.66315
-6.6469
-6.62671
-6.60081
-6.57674
-6.55454
-6.53884
-6.53513
-6.54096
-6.55471
-6.57954
-6.61301
-6.65022
-6.6876
-6.71734
-6.73964
-6.75596
-6.76478
-6.76764
-6.76589
-6.75889
-6.75012
-6.7387
-6.72911
-6.71917
-6.71331
-6.71198
-6.71232
-6.72066
-6.7334
-6.75019
-6.7708
-6.79034
-6.80839
-6.82301
-6.83536
-6.83748
-6.83136
-6.81399
-6.78667
-6.74847
-6.70518
-6.66201
-6.62556
-6.59992
-6.59225
-6.59571
-6.60679
-6.62016
-6.63259
-6.64099
-6.64932
-6.6538
-6.65723
-6.66061
-6.66287
-6.66403
-6.66758
-6.67437
-6.6834
-6.69344
-6.70358
-6.71445
-6.72014
-6.71986
-6.71124
-6.69836
-6.68017
-6.66021
-6.64459
-6.63501
-6.63765
-6.64709
-6.66311
-6.68181
-6.69825
-6.70972
-6.716
-6.71831
-6.71958
-6.72183
-6.72621
-6.73327
-6.74111
-6.75003
-6.75999
-6.76487
-6.76834
-6.76772
-6.77155
-6.77431
-6.77856
-6.78727
-6.79225
-6.79079
-6.78047
-6.76464
-6.74018
-6.71009
-6.68141
-6.65102
-6.62664
-6.60804
-6.59658
-6.59529
-6.60076
-6.6076
-6.62063
-6.63736
-6.6523
-6.6699
-6.68398
-6.69964
-6.71756
-6.73716
-6.75383
-6.76616
-6.77539
-6.77933
-6.77427
-6.76467
-6.75245
-6.73636
-6.71606
-6.69681
-6.67573
-6.65432
-6.63429
-6.61854
-6.61
-6.60715
-6.60942
-6.62016
-6.63302
-6.64858
-6.66822
-6.68864
-6.70563
-6.72201
-6.7376
-6.75128
-6.76037
-6.76536
-6.76682
-6.76256
-6.75292
-6.73876
-6.71917
-6.70043
-6.68365
-6.67744
-6.67685
-6.68089
-6.6904
-6.7004
-6.71172
-6.71864
-6.72275
-6.72251
-6.72458
-6.72657
-6.72799
-6.72571
-6.72103
-6.71332
-6.70239
-6.69068
-6.67709
-6.66724
-6.65866
-6.65705
-6.6568
-6.65743
-6.66167
-6.6653
-6.66848
-6.67271
-6.67864
-6.68685
-6.69787
-6.71341
-6.72797
-6.74474
-6.75976
-6.76941
-6.77209
-6.77271
-6.76784
-6.7606
-6.74479
-6.72511
-6.69951
-6.66813
-6.63634
-6.60953
-6.59332
-6.59161
-6.60666
-6.6361
-6.67369
-6.71191
-6.7444
-6.76742
-6.77157
-6.7665
-6.75174
-6.72847
-6.70432
-6.68174
-6.66471
-6.6531
-6.64544
-6.64752
-6.65181
-6.65769
-6.6654
-6.67569
-6.68045
-6.68318
-6.6872
-6.68918
-6.69196
-6.69474
-6.69809
-6.70499
-6.70925
-6.71722
-6.72246
-6.72567
-6.72632
-6.72256
-6.71464
-6.70214
-6.69096
-6.679
-6.66884
-6.65603
-6.64432
-6.63213
-6.61997
-6.60833
-6.60045
-6.59822
-6.60296
-6.61641
-6.6416
-6.67875
-6.72491
-6.77223
-6.81751
-6.85578
-6.88552
-6.90267
-6.90514
-6.89899
-6.88035
-6.85135
-6.81053
-6.76389
-6.71248
-6.66166
-6.62052
-6.5884
-6.57592
-6.57875
-6.59572
-6.61852
-6.64099
-6.65715
-6.66584
-6.67169
-6.66986
-6.6666
-6.66354
-6.6626
-6.66098
-6.66018
-6.65836
-6.66086
-6.66449
-6.67002
-6.68011
-6.69568
-6.71674
-6.73961
-6.76553
-6.78972
-6.80916
-6.82387
-6.83112
-6.82681
-6.81506
-6.79428
-6.77053
-6.74479
-6.72248
-6.70439
-6.69317
-6.68977
-6.69489
-6.70485
-6.71566
-6.72113
-6.72187
-6.71892
-6.71423
-6.70933
-6.70481
-6.69978
-6.69332
-6.68889
-6.67984
-6.67102
-6.66203
-6.64941
-6.63939
-6.63203
-6.6309
-6.63737
-6.65021
-6.66764
-6.68959
-6.71356
-6.73342
-6.74596
-6.75542
-6.75537
-6.75047
-6.7411
-6.73073
-6.7201
-6.7119
-6.7063
-6.69947
-6.69506
-6.68698
-6.68245
-6.68037
-6.6784
-6.67951
-6.68301
-6.68782
-6.69383
-6.70005
-6.70665
-6.71049
-6.71045
-6.70537
-6.69376
-6.67887
-6.66049
-6.64012
-6.61886
-6.60264
-6.59883
-6.60767
-6.62748
-6.65909
-6.69659
-6.73393
-6.76326
-6.78647
-6.799
-6.79378
-6.78069
-6.7592
-6.73424
-6.70732
-6.68374
-6.66951
-6.66112
-6.66249
-6.66856
-6.67392
-6.68434
-6.69235
-6.69837
-6.70351
-6.70551
-6.704
-6.7037
-6.70057
-6.69726
-6.6956
-6.6941
-6.69776
-6.69979
-6.70379
-6.70544
-6.70419
-6.70465
-6.70245
-6.69998
-6.6937
-6.6875
-6.68114
-6.68065
-6.68385
-6.6927
-6.70496
-6.7162
-6.72534
-6.73127
-6.7324
-6.7346
-6.73484
-6.72988
-6.72207
-6.71484
-6.70218
-6.6854
-6.666
-6.64416
-6.62523
-6.60715
-6.59503
-6.59358
-6.59927
-6.61468
-6.63492
-6.65779
-6.68176
-6.70057
-6.71268
-6.71562
-6.71634
-6.71393
-6.70956
-6.70652
-6.70749
-6.70879
-6.71248
-6.72262
-6.7396
-6.76213
-6.78878
-6.82057
-6.84464
-6.86142
-6.86655
-6.86036
-6.84079
-6.80954
-6.77095
-6.72518
-6.67668
-6.62986
-6.58962
-6.56043
-6.54588
-6.54606
-6.55811
-6.58006
-6.60956
-6.6395
-6.66764
-6.69213
-6.70773
-6.7161
-6.71713
-6.7079
-6.69407
-6.67277
-6.64889
-6.62892
-6.61706
-6.61485
-6.61873
-6.63224
-6.64936
-6.66755
-6.68195
-6.69672
-6.71053
-6.72008
-6.73003
-6.73787
-6.74526
-6.75305
-6.7589
-6.76248
-6.76598
-6.76357
-6.76117
-6.75982
-6.75339
-6.74475
-6.73108
-6.71444
-6.69854
-6.67808
-6.66307
-6.65339
-6.64978
-6.64936
-6.65509
-6.66384
-6.67001
-6.67668
-6.67977
-6.6834
-6.68648
-6.68836
-6.6911
-6.69458
-6.69746
-6.69916
-6.69879
-6.69741
-6.69608
-6.69615
-6.69869
-6.70434
-6.71199
-6.72
-6.72493
-6.72651
-6.72041
-6.70838
-6.69002
-6.66622
-6.64248
-6.62346
-6.61292
-6.60843
-6.60984
-6.61452
-6.6244
-6.63376
-6.64101
-6.64677
-6.65421
-6.66167
-6.67238
-6.6895
-6.71049
-6.73461
-6.75937
-6.78235
-6.80089
-6.81173
-6.81519
-6.80993
-6.80106
-6.78835
-6.77141
-6.75533
-6.74225
-6.72999
-6.7197
-6.70897
-6.70155
-6.69121
-6.68372
-6.68154
-6.68482
-6.69025
-6.70178
-6.71509
-6.72869
-6.74024
-6.75081
-6.75653
-6.75613
-6.74946
-6.73913
-6.72716
-6.71112
-6.69737
-6.68248
-6.6703
-6.66243
-6.65734
-6.65389
-6.64987
-6.64695
-6.64585
-6.64084
-6.63374
-6.62811
-6.62502
-6.62424
-6.62608
-6.62598
-6.62881
-6.6317
-6.63437
-6.63742
-6.63764
-6.63624
-6.63681
-6.6385
-6.64394
-6.65403
-6.67047
-6.69023
-6.71309
-6.73253
-6.74795
-6.75649
-6.76124
-6.75813
-6.75034
-6.73934
-6.72563
-6.71293
-6.70083
-6.69291
-6.6907
-6.69313
-6.69893
-6.7076
-6.7141
-6.71449
-6.71166
-6.70466
-6.69517
-6.68974
-6.68723
-6.6887
-6.69453
-6.70345
-6.71214
-6.72019
-6.7291
-6.73547
-6.74205
-6.74345
-6.74243
-6.73869
-6.73808
-6.73522
-6.73105
-6.73082
-6.73098
-6.73388
-6.73382
-6.73288
-6.73016
-6.7233
-6.71418
-6.70073
-6.68719
-6.67257
-6.6594
-6.64832
-6.63907
-6.63263
-6.63018
-6.63387
-6.64608
-6.6694
-6.6958
-6.72289
-6.74461
-6.75783
-6.76388
-6.75684
-6.74341
-6.72279
-6.70497
-6.68592
-6.66779
-6.65628
-6.65372
-6.65782
-6.66641
-6.68084
-6.6937
-6.70485
-6.71399
-6.72001
-6.73292
-6.74862
-6.76758
-6.78898
-6.80662
-6.81606
-6.81439
-6.80379
-6.785
-6.76096
-6.7368
-6.71621
-6.70379
-6.69861
-6.70092
-6.70885
-6.72115
-6.73114
-6.74096
-6.74492
-6.74583
-6.74091
-6.73361
-6.72368
-6.71504
-6.70447
-6.69289
-6.68139
-6.67009
-6.66115
-6.65708
-6.65332
-6.65032
-6.65076
-6.65022
-6.65178
-6.65793
-6.66445
-6.67667
-6.68559
-6.6941
-6.7005
-6.70334
-6.70454
-6.70488
-6.70157
-6.69655
-6.6845
-6.66722
-6.64667
-6.62474
-6.6033
-6.58153
-6.56239
-6.54979
-6.54347
-6.5489
-6.56404
-6.58868
-6.619
-6.64842
-6.67905
-6.70783
-6.73123
-6.75286
-6.77151
-6.78497
-6.79963
-6.8078
-6.80988
-6.80305
-6.78985
-6.77393
-6.75513
-6.7354
-6.71821
-6.70249
-6.69178
-6.68458
-6.67847
-6.67414
-6.66974
-6.66563
-6.66942
-6.6743
-6.68157
-6.69379
-6.70577
-6.71637
-6.72515
-6.7318
-6.72972
-6.72959
-6.72602
-6.71745
-6.70758
-6.69686
-6.69151
-6.69024
-6.69389
-6.70226
-6.71417
-6.72308
-6.7304
-6.73059
-6.72711
-6.7205
-6.71498
-6.71202
-6.71288
-6.72039
-6.7307
-6.74155
-6.75027
-6.75483
-6.75166
-6.74421
-6.73067
-6.71428
-6.69664
-6.67973
-6.66473
-6.65572
-6.65399
-6.6585
-6.66446
-6.67308
-6.68174
-6.69115
-6.70038
-6.70792
-6.71196
-6.71401
-6.70901
-6.69831
-6.68539
-6.67376
-6.66423
-6.66013
-6.66025
-6.66735
-6.67798
-6.68984
-6.70357
-6.722
-6.73985
-6.75559
-6.76443
-6.76803
-6.76711
-6.76133
-6.75423
-6.73979
-6.72346
-6.70505
-6.68798
-6.67135
-6.65588
-6.64356
-6.63131
-6.62404
-6.61688
-6.61311
-6.60774
-6.60587
-6.60384
-6.60733
-6.61117
-6.61671
-6.62671
-6.63636
-6.6474
-6.66073
-6.68217
-6.70866
-6.73656
-6.76769
-6.79596
-6.82054
-6.83664
-6.8414
-6.83453
-6.8152
-6.78718
-6.7512
-6.71761
-6.68671
-6.66864
-6.66339
-6.66832
-6.68758
-6.71092
-6.73515
-6.75924
-6.7777
-6.78992
-6.79587
-6.7903
-6.77321
-6.75084
-6.72194
-6.6935
-6.67008
-6.64905
-6.63544
-6.63219
-6.63495
-6.6413
-6.64927
-6.66153
-6.67369
-6.68555
-6.69401
-6.69464
-6.68842
-6.68003
-6.67211
-6.66378
-6.66327
-6.66563
-6.67216
-6.67764
-6.68289
-6.68242
-6.67642
-6.66641
-6.65343
-6.6414
-6.6279
-6.62077
-6.62039
-6.62487
-6.63465
-6.65027
-6.67019
-6.68833
-6.71201
-6.73408
-6.75404
-6.76721
-6.77494
-6.77555
-6.76632
-6.75241
-6.7332
-6.71606
-6.70554
-6.70408
-6.7087
-6.71939
-6.73688
-6.75306
-6.77035
-6.78638
-6.79952
-6.80922
-6.81569
-6.81693
-6.81506
-6.81058
-6.80476
-6.79507
-6.79099
-6.78754
-6.78371
-6.77967
-6.77205
-6.75953
-6.73976
-6.70905
-6.67735
-6.64271
-6.61195
-6.58594
-6.57073
-6.56621
-6.57023
-6.58319
-6.60185
-6.62744
-6.65393
-6.67948
-6.69943
-6.71636
-6.72413
-6.72584
-6.71774
-6.70538
-6.68655
-6.66417
-6.64159
-6.62309
-6.61158
-6.60974
-6.62004
-6.64224
-6.67232
-6.70373
-6.73594
-6.76754
-6.79274
-6.81472
-6.82728
-6.83182
-6.83238
-6.82197
-6.80677
-6.78614
-6.75598
-6.71887
-6.6821
-6.64586
-6.61839
-6.5971
-6.58952
-6.59467
-6.61046
-6.6313
-6.65428
-6.67529
-6.69003
-6.6979
-6.70039
-6.69955
-6.69185
-6.68592
-6.67983
-6.68134
-6.68926
-6.70729
-6.73016
-6.75615
-6.78049
-6.80093
-6.81153
-6.81741
-6.82041
-6.82063
-6.81771
-6.80615
-6.79425
-6.77604
-6.75914
-6.74059
-6.725
-6.71522
-6.70797
-6.70336
-6.69853
-6.69182
-6.68598
-6.6744
-6.66059
-6.64253
-6.62816
-6.61609
-6.61149
-6.61148
-6.61544
-6.62591
-6.6396
-6.65424
-6.66841
-6.68127
-6.68782
-6.69231
-6.69589
-6.69983
-6.7035
-6.70836
-6.71448
-6.7226
-6.73143
-6.73862
-6.74348
-6.74533
-6.74295
-6.73684
-6.72652
-6.71606
-6.70671
-6.69536
-6.68325
-6.66992
-6.65346
-6.63494
-6.61297
-6.59475
-6.5808
-6.5752
-6.57996
-6.5929
-6.61418
-6.64535
-6.68186
-6.721
-6.75783
-6.79035
-6.81454
-6.83137
-6.83273
-6.82071
-6.80449
-6.7791
-6.75069
-6.71993
-6.68743
-6.65695
-6.63169
-6.60957
-6.59527
-6.58629
-6.58597
-6.58917
-6.6003
-6.61896
-6.64135
-6.66588
-6.69545
-6.72658
-6.75796
-6.7872
-6.80932
-6.8286
-6.83725
-6.84173
-6.83836
-6.83203
-6.81911
-6.80462
-6.78595
-6.76637
-6.74379
-6.71965
-6.70008
-6.68169
-6.66321
-6.64537
-6.63022
-6.61683
-6.60584
-6.59906
-6.59954
-6.6035
-6.61582
-6.62983
-6.64794
-6.66538
-6.67796
-6.6861
-6.69071
-6.69147
-6.69109
-6.69195
-6.69259
-6.69859
-6.70479
-6.71046
-6.71734
-6.72308
-6.72593
-6.72878
-6.73724
-6.74701
-6.76016
-6.779
-6.79702
-6.81418
-6.82879
-6.83371
-6.83371
-6.82667
-6.81346
-6.79551
-6.77397
-6.75181
-6.73166
-6.71246
-6.69954
-6.68687
-6.67424
-6.65982
-6.64623
-6.63251
-6.62165
-6.60586
-6.59213
-6.58005
-6.56531
-6.55442
-6.54442
-6.54039
-6.54548
-6.56119
-6.58483
-6.61226
-6.6448
-6.67668
-6.70672
-6.73443
-6.75507
-6.7692
-6.77767
-6.78098
-6.77813
-6.76977
-6.75782
-6.74438
-6.72984
-6.71746
-6.71097
-6.70809
-6.71132
-6.7183
-6.72782
-6.73649
-6.74322
-6.74347
-6.74092
-6.73127
-6.71287
-6.69124
-6.66948
-6.64825
-6.63429
-6.62403
-6.61793
-6.61879
-6.62068
-6.62377
-6.62577
-6.62753
-6.62709
-6.62749
-6.62487
-6.62891
-6.63751
-6.65411
-6.6793
-6.70988
-6.74495
-6.78086
-6.81304
-6.83954
-6.85939
-6.87658
-6.8861
-6.88939
-6.88733
-6.87732
-6.86744
-6.85097
-6.82863
-6.80223
-6.77056
-6.73687
-6.70541
-6.67706
-6.65255
-6.63616
-6.62552
-6.62103
-6.61778
-6.61699
-6.61706
-6.61688
-6.61536
-6.61614
-6.61949
-6.62496
-6.62539
-6.62717
-6.62024
-6.60426
-6.5866
-6.56611
-6.548
-6.53805
-6.53736
-6.5479
-6.56443
-6.58761
-6.611
-6.63457
-6.65836
-6.6832
-6.70714
-6.73068
-6.75425
-6.77442
-6.79652
-6.81105
-6.82378
-6.83265
-6.83765
-6.83692
-6.82995
-6.81785
-6.79838
-6.77912
-6.75781
-6.73787
-6.71995
-6.70413
-6.69451
-6.68914
-6.68611
-6.68335
-6.67897
-6.66994
-6.65959
-6.64841
-6.64004
-6.62984
-6.6233
-6.61729
-6.61936
-6.62984
-6.64891
-6.67421
-6.69707
-6.71466
-6.72619
-6.7283
-6.72514
-6.71526
-6.70161
-6.68928
-6.68081
-6.68013
-6.68414
-6.69101
-6.70585
-6.72215
-6.74035
-6.75741
-6.77012
-6.77647
-6.77655
-6.7706
-6.76021
-6.74198
-6.72194
-6.70159
-6.68271
-6.66629
-6.6547
-6.65116
-6.6505
-6.65743
-6.66632
-6.67448
-6.68013
-6.68158
-6.68022
-6.67416
-6.66959
-6.66624
-6.66808
-6.67606
-6.68757
-6.70184
-6.72042
-6.73872
-6.75689
-6.77181
-6.78502
-6.7941
-6.79436
-6.78591
-6.77266
-6.7578
-6.74435
-6.73183
-6.72512
-6.72029
-6.71748
-6.71573
-6.71148
-6.70671
-6.70182
-6.69588
-6.68582
-6.67629
-6.66886
-6.66313
-6.66139
-6.6582
-6.66287
-6.66887
-6.67719
-6.68355
-6.68938
-6.69119
-6.68914
-6.6863
-6.6776
-6.66709
-6.65818
-6.65392
-6.65349
-6.66413
-6.68388
-6.70806
-6.73494
-6.76127
-6.78085
-6.79456
-6.80375
-6.80538
-6.79962
-6.78959
-6.77612
-6.7621
-6.74836
-6.73685
-6.72918
-6.72145
-6.71875
-6.71547
-6.71218
-6.70972
-6.71089
-6.71266
-6.71909
-6.72413
-6.73198
-6.73662
-6.74098
-6.73885
-6.73107
-6.71489
-6.69061
-6.66452
-6.63795
-6.61343
-6.5971
-6.58567
-6.57817
-6.57712
-6.57913
-6.58409
-6.5975
-6.61278
-6.63376
-6.65465
-6.67485
-6.69431
-6.70765
-6.72067
-6.72659
-6.7302
-6.72802
-6.72335
-6.71457
-6.70672
-6.69527
-6.68812
-6.68463
-6.68339
-6.68885
-6.69582
-6.7058
-6.71849
-6.73166
-6.74585
-6.75946
-6.76699
-6.77221
-6.7716
-6.76365
-6.75397
-6.73544
-6.71514
-6.69329
-6.67141
-6.65064
-6.63793
-6.63216
-6.6381
-6.65396
-6.67479
-6.70197
-6.72871
-6.75697
-6.78246
-6.80214
-6.81245
-6.81972
-6.81592
-6.80457
-6.78498
-6.75855
-6.72768
-6.69131
-6.65707
-6.62642
-6.59937
-6.58503
-6.57788
-6.5764
-6.58261
-6.59439
-6.6109
-6.63254
-6.65637
-6.68175
-6.70743
-6.73079
-6.75055
-6.76543
-6.77768
-6.78503
-6.78638
-6.78297
-6.77858
-6.76464
-6.75136
-6.73534
-6.71954
-6.705
-6.69274
-6.68506
-6.67864
-6.67901
-6.6834
-6.68797
-6.69329
-6.69809
-6.70623
-6.71221
-6.72263
-6.73132
-6.73759
-6.7394
-6.73929
-6.73456
-6.72516
-6.71149
-6.69392
-6.67768
-6.66034
-6.64648
-6.63969
-6.63902
-6.64691
-6.66405
-6.689
-6.71597
-6.74389
-6.77109
-6.79557
-6.80789
-6.81424
-6.81255
-6.80369
-6.78488
-6.75814
-6.73039
-6.69427
-6.65857
-6.61916
-6.58959
-6.56695
-6.55602
-6.55684
-6.57501
-6.6009
-6.63527
-6.66756
-6.7002
-6.72528
-6.74613
-6.76459
-6.77552
-6.78361
-6.78542
-6.78439
-6.78174
-6.77965
-6.77926
-6.77937
-6.77861
-6.77819
-6.77363
-6.76184
-6.74802
-6.73359
-6.72369
-6.71695
-6.71506
-6.71981
-6.72559
-6.73241
-6.73846
-6.73941
-6.73674
-6.73701
-6.74019
-6.74151
-6.73935
-6.73634
-6.73063
-6.71758
-6.69964
-6.67809
-6.65661
-6.64029
-6.63144
-6.62979
-6.63289
-6.63992
-6.64824
-6.65452
-6.6591
-6.66012
-6.65809
-6.65289
-6.6519
-6.64893
-6.65043
-6.65522
-6.66627
-6.68048
-6.69454
-6.70682
-6.71351
-6.7188
-6.71713
-6.71143
-6.69996
-6.68702
-6.67272
-6.66434
-6.65901
-6.66001
-6.66593
-6.68009
-6.69396
-6.7056
-6.71587
-6.72416
-6.72861
-6.73559
-6.74394
-6.7538
-6.76465
-6.77596
-6.78508
-6.79212
-6.79689
-6.79116
-6.78086
-6.76398
-6.74315
-6.71866
-6.69219
-6.66805
-6.64622
-6.62914
-6.62176
-6.62409
-6.63173
-6.64687
-6.66619
-6.68784
-6.70626
-6.72442
-6.74149
-6.75586
-6.76438
-6.7679
-6.76723
-6.7588
-6.74565
-6.7269
-6.70661
-6.68171
-6.66159
-6.64353
-6.62985
-6.62334
-6.62802
-6.64006
-6.65767
-6.67999
-6.70014
-6.71684
-6.72963
-6.73695
-6.73371
-6.72909
-6.72009
-6.71037
-6.70085
-6.68838
-6.67911
-6.67246
-6.66917
-6.67491
-6.68951
-6.71071
-6.73804
-6.77082
-6.80112
-6.82716
-6.84386
-6.85087
-6.84239
-6.81827
-6.78584
-6.74903
-6.70912
-6.67177
-6.64191
-6.61912
-6.60292
-6.59257
-6.58906
-6.58429
-6.58574
-6.59178
-6.60495
-6.62142
-6.63914
-6.66086
-6.6807
-6.6975
-6.70645
-6.71182
-6.71263
-6.70782
-6.69667
-6.68256
-6.66467
-6.64833
-6.6374
-6.63034
-6.63093
-6.63827
-6.6539
-6.67571
-6.70137
-6.72411
-6.74487
-6.76227
-6.77219
-6.77556
-6.77339
-6.76701
-6.75516
-6.74446
-6.73687
-6.72825
-6.72141
-6.71728
-6.71642
-6.71626
-6.71872
-6.72043
-6.72254
-6.72502
-6.72599
-6.72527
-6.7217
-6.71433
-6.70096
-6.68557
-6.66438
-6.6394
-6.6175
-6.59681
-6.58237
-6.57663
-6.57834
-6.59097
-6.60852
-6.63315
-6.6621
-6.69291
-6.72321
-6.74911
-6.76989
-6.78567
-6.7941
-6.79791
-6.79936
-6.8027
-6.80243
-6.80586
-6.8093
-6.81085
-6.81086
-6.80737
-6.80075
-6.78985
-6.77372
-6.75369
-6.73243
-6.71402
-6.69725
-6.68683
-6.68104
-6.67991
-6.67931
-6.67565
-6.66898
-6.65821
-6.64613
-6.63252
-6.62211
-6.61801
-6.6168
-6.62318
-6.63539
-6.64711
-6.6585
-6.66407
-6.66272
-6.65568
-6.64299
-6.62873
-6.61518
-6.60181
-6.59534
-6.5924
-6.59566
-6.60694
-6.62289
-6.63961
-6.6609
-6.68282
-6.70001
-6.70939
-6.7147
-6.70504
-6.69423
-6.68134
-6.66863
-6.65777
-6.65533
-6.65974
-6.6724
-6.68889
-6.71026
-6.73325
-6.75546
-6.77601
-6.79273
-6.80378
-6.80897
-6.80736
-6.80284
-6.79427
-6.78642
-6.77893
-6.77988
-6.78031
-6.78331
-6.78438
-6.78545
-6.78337
-6.77907
-6.77143
-6.75752
-6.74429
-6.73061
-6.72162
-6.71477
-6.7112
-6.70882
-6.706
-6.70256
-6.69587
-6.68707
-6.67489
-6.66212
-6.64908
-6.64071
-6.63176
-6.62613
-6.62489
-6.62469
-6.62142
-6.61648
-6.61195
-6.60696
-6.6017
-6.59645
-6.59086
-6.58869
-6.59075
-6.59541
-6.60223
-6.61108
-6.62199
-6.63568
-6.64963
-6.66275
-6.67167
-6.67944
-6.68565
-6.68759
-6.68787
-6.68753
-6.68697
-6.68843
-6.68945
-6.69525
-6.70313
-6.71555
-6.72879
-6.74292
-6.75963
-6.77758
-6.79198
-6.80666
-6.82095
-6.83237
-6.84415
-6.85254
-6.85792
-6.86056
-6.85946
-6.85745
-6.85031
-6.83682
-6.81767
-6.79443
-6.76389
-6.73246
-6.69719
-6.66299
-6.63049
-6.6036
-6.58529
-6.5782
-6.57908
-6.58158
-6.58996
-6.59506
-6.60187
-6.61248
-6.62456
-6.63755
-6.64938
-6.65349
-6.6588
-6.65968
-6.66172
-6.6658
-6.6728
-6.68199
-6.69467
-6.70881
-6.72025
-6.73192
-6.7404
-6.74198
-6.73884
-6.72796
-6.7095
-6.6894
-6.66409
-6.64255
-6.62567
-6.61567
-6.61059
-6.61309
-6.62377
-6.63997
-6.65646
-6.67876
-6.70507
-6.72902
-6.74601
-6.75922
-6.77035
-6.77275
-6.76963
-6.76136
-6.75046
-6.7353
-6.72181
-6.70986
-6.7013
-6.69718
-6.69999
-6.70555
-6.71366
-6.71959
-6.72284
-6.72547
-6.71981
-6.71143
-6.7045
-6.69947
-6.69801
-6.70182
-6.70602
-6.71267
-6.71834
-6.72191
-6.72471
-6.72444
-6.72045
-6.71608
-6.7133
-6.70921
-6.70742
-6.70926
-6.71408
-6.71943
-6.72543
-6.73059
-6.73
-6.7296
-6.72635
-6.72182
-6.71596
-6.71031
-6.70266
-6.69275
-6.68165
-6.66755
-6.65166
-6.63576
-6.62456
-6.61342
-6.60769
-6.60876
-6.61992
-6.639
-6.66333
-6.69076
-6.71671
-6.74304
-6.76429
-6.77935
-6.78639
-6.78677
-6.77991
-6.76951
-6.75473
-6.73947
-6.72657
-6.72093
-6.71706
-6.71719
-6.71843
-6.71966
-6.71552
-6.70708
-6.69787
-6.68422
-6.66841
-6.65758
-6.6537
-6.65327
-6.66504
-6.68463
-6.70968
-6.73951
-6.76674
-6.78346
-6.79148
-6.78508
-6.7703
-6.75241
-6.73658
-6.72392
-6.71632
-6.71318
-6.7136
-6.71849
-6.72292
-6.7241
-6.72601
-6.72406
-6.72048
-6.71518
-6.71225
-6.70884
-6.70195
-6.69268
-6.68399
-6.67071
-6.6572
-6.64631
-6.63512
-6.6282
-6.62154
-6.61937
-6.62019
-6.62507
-6.63066
-6.63989
-6.6522
-6.66681
-6.679
-6.69267
-6.70356
-6.71403
-6.72074
-6.72325
-6.72099
-6.72227
-6.7202
-6.723
-6.73033
-6.73935
-6.7524
-6.76533
-6.77565
-6.78564
-6.79391
-6.79786
-6.80044
-6.79602
-6.78926
-6.78289
-6.77104
-6.76106
-6.74719
-6.73334
-6.71597
-6.69562
-6.67339
-6.65456
-6.63116
-6.60683
-6.58305
-6.56594
-6.55766
-6.55965
-6.57826
-6.60436
-6.63724
-6.67161
-6.70618
-6.73431
-6.75321
-6.76445
-6.7722
-6.7707
-6.7602
-6.75007
-6.73694
-6.72536
-6.71897
-6.71565
-6.71845
-6.72403
-6.73518
-6.74634
-6.75303
-6.75693
-6.7564
-6.75179
-6.74628
-6.73504
-6.72174
-6.70749
-6.68877
-6.67066
-6.65151
-6.62772
-6.60831
-6.59173
-6.57835
-6.56873
-6.56567
-6.56793
-6.57622
-6.5916
-6.60696
-6.62529
-6.64492
-6.66378
-6.68443
-6.70352
-6.72187
-6.73872
-6.7523
-6.76275
-6.76615
-6.76832
-6.76747
-6.76492
-6.75889
-6.74693
-6.7343
-6.71971
-6.70293
-6.68689
-6.6721
-6.66322
-6.65896
-6.65555
-6.65734
-6.66119
-6.67019
-6.68693
-6.70939
-6.73396
-6.75426
-6.77064
-6.77892
-6.78043
-6.77315
-6.76228
-6.74593
-6.72352
-6.69921
-6.67841
-6.66064
-6.6494
-6.64589
-6.64902
-6.65844
-6.66886
-6.68092
-6.69472
-6.70544
-6.71321
-6.71725
-6.71847
-6.71378
-6.70482
-6.69095
-6.67706
-6.66702
-6.66045
-6.6598
-6.6674
-6.67913
-6.68916
-6.70238
-6.71605
-6.7265
-6.73213
-6.73566
-6.73337
-6.72579
-6.72042
-6.7146
-6.70394
-6.69062
-6.6784
-6.66594
-6.65745
-6.65699
-6.66553
-6.6759
-6.68865
-6.70146
-6.70851
-6.71139
-6.71327
-6.71248
-6.70957
-6.70926
-6.71053
-6.71336
-6.71857
-6.72253
-6.72729
-6.73166
-6.73388
-6.73421
-6.7273
-6.71652
-6.70162
-6.68438
-6.66787
-6.65448
-6.64634
-6.64389
-6.64824
-6.65421
-6.66363
-6.67449
-6.68812
-6.70374
-6.72391
-6.74523
-6.76667
-6.78612
-6.80245
-6.81423
-6.81925
-6.81859
-6.80951
-6.79345
-6.76874
-6.74182
-6.71329
-6.68413
-6.65786
-6.63714
-6.62171
-6.61349
-6.61099
-6.61686
-6.62823
-6.64272
-6.65699
-6.66559
-6.66673
-6.65421
-6.63333
-6.60502
-6.5756
-6.55175
-6.54147
-6.54809
-6.57045
-6.60324
-6.64191
-6.67977
-6.71433
-6.74004
-6.757
-6.76571
-6.7716
-6.77205
-6.76846
-6.76709
-6.76535
-6.76752
-6.76888
-6.76608
-6.75913
-6.74938
-6.73693
-6.72809
-6.71871
-6.71222
-6.70893
-6.7071
-6.70529
-6.70678
-6.7121
-6.72025
-6.73077
-6.74131
-6.75163
-6.75821
-6.75932
-6.75536
-6.7449
-6.7293
-6.71143
-6.69641
-6.68414
-6.67484
-6.66793
-6.66289
-6.66543
-6.67055
-6.68338
-6.697
-6.71402
-6.73232
-6.74346
-6.7475
-6.74404
-6.73003
-6.70945
-6.6829
-6.65451
-6.62766
-6.60297
-6.58502
-6.57221
-6.56633
-6.57097
-6.57714
-6.58782
-6.59895
-6.61499
-6.63002
-6.64502
-6.66397
-6.68569
-6.70923
-6.73299
-6.7576
-6.77706
-6.79404
-6.80373
-6.80745
-6.80782
-6.8057
-6.79877
-6.79042
-6.78165
-6.77271
-6.76621
-6.75906
-6.75464
-6.75093
-6.74863
-6.74471
-6.73987
-6.7318
-6.72114
-6.71054
-6.69804
-6.6879
-6.67554
-6.66236
-6.64918
-6.63674
-6.6255
-6.61902
-6.61592
-6.61802
-6.62392
-6.62974
-6.63441
-6.63907
-6.63952
-6.6394
-6.64004
-6.64172
-6.65183
-6.66961
-6.69326
-6.71944
-6.7408
-6.7604
-6.77279
-6.78104
-6.78309
-6.78102
-6.77197
-6.76358
-6.75155
-6.7371
-6.72412
-6.70971
-6.70029
-6.69075
-6.68374
-6.68507
-6.6902
-6.69892
-6.71159
-6.72289
-6.73248
-6.73516
-6.73012
-6.71543
-6.69763
-6.67885
-6.66564
-6.65912
-6.65362
-6.64908
-6.64685
-6.64088
-6.63428
-6.62926
-6.62427
-6.62748
-6.63539
-6.64499
-6.65912
-6.67437
-6.69646
-6.72208
-6.75256
-6.78322
-6.81457
-6.83764
-6.84903
-6.84725
-6.83558
-6.81088
-6.77384
-6.73498
-6.69334
-6.65988
-6.63536
-6.62499
-6.62327
-6.63334
-6.64792
-6.66477
-6.68218
-6.69329
-6.70173
-6.70634
-6.70894
-6.70819
-6.70271
-6.69777
-6.69239
-6.68708
-6.68346
-6.67393
-6.66438
-6.65456
-6.64227
-6.62829
-6.61373
-6.60282
-6.59548
-6.59157
-6.5959
-6.60747
-6.62871
-6.65303
-6.68419
-6.71695
-6.7491
-6.77959
-6.8044
-6.82431
-6.83614
-6.84023
-6.83207
-6.81549
-6.79202
-6.76168
-6.72799
-6.69473
-6.66507
-6.64531
-6.63825
-6.64267
-6.6578
-6.68296
-6.71206
-6.74001
-6.76569
-6.78079
-6.7935
-6.79379
-6.78983
-6.77807
-6.76223
-6.7418
-6.71911
-6.69224
-6.66531
-6.64017
-6.61827
-6.60403
-6.59876
-6.60209
-6.614
-6.63405
-6.656
-6.676
-6.69068
-6.69546
-6.69514
-6.68684
-6.677
-6.66486
-6.65996
-6.66334
-6.67601
-6.69415
-6.71144
-6.72448
-6.73641
-6.74602
-6.75228
-6.75594
-6.76276
-6.7652
-6.76594
-6.76789
-6.77172
-6.77504
-6.77913
-6.78376
-6.7831
-6.77773
-6.76727
-6.75402
-6.73341
-6.71182
-6.68564
-6.65511
-6.62532
-6.5967
-6.57308
-6.55599
-6.55104
-6.55744
-6.57526
-6.59991
-6.62821
-6.66079
-6.69625
-6.73286
-6.76844
-6.80171
-6.83141
-6.85286
-6.86208
-6.86252
-6.85023
-6.83243
-6.80685
-6.77702
-6.7477
-6.72211
-6.70153
-6.69142
-6.68782
-6.68906
-6.69004
-6.68933
-6.68647
-6.67831
-6.66112
-6.63674
-6.61095
-6.58536
-6.56268
-6.54908
-6.54726
-6.55575
-6.57705
-6.60471
-6.63773
-6.67186
-6.70229
-6.72783
-6.7469
-6.75929
-6.76037
-6.75446
-6.74659
-6.73509
-6.7268
-6.71969
-6.71182
-6.7079
-6.71015
-6.71431
-6.71643
-6.71824
-6.71868
-6.7183
-6.71528
-6.70886
-6.69961
-6.68704
-6.67392
-6.66388
-6.65543
-6.64896
-6.64119
-6.63571
-6.62928
-6.62874
-6.63426
-6.64633
-6.66532
-6.686
-6.70884
-6.73282
-6.7482
-6.76062
-6.76803
-6.76929
-6.76572
-6.75972
-6.7537
-6.74292
-6.73418
-6.72515
-6.71724
-6.70953
-6.70254
-6.69868
-6.69085
-6.68074
-6.6684
-6.65296
-6.6379
-6.62165
-6.61035
-6.60492
-6.60517
-6.6125
-6.62769
-6.65112
-6.67737
-6.70132
-6.7192
-6.72729
-6.72478
-6.71784
-6.71259
-6.71191
-6.71179
-6.71764
-6.72626
-6.73535
-6.7463
-6.75656
-6.76713
-6.77963
-6.79037
-6.79847
-6.8015
-6.7979
-6.7885
-6.77322
-6.75594
-6.73601
-6.71488
-6.69603
-6.68265
-6.67344
-6.66314
-6.65672
-6.65153
-6.6532
-6.65878
-6.66862
-6.6795
-6.6896
-6.69445
-6.69136
-6.68537
-6.67574
-6.66466
-6.6544
-6.64679
-6.6455
-6.65139
-6.66365
-6.68059
-6.70124
-6.72013
-6.73825
-6.75299
-6.76462
-6.7698
-6.7691
-6.76002
-6.7492
-6.73142
-6.71256
-6.69261
-6.6771
-6.67013
-6.67143
-6.67783
-6.6897
-6.70562
-6.72057
-6.72937
-6.73407
-6.73259
-6.7241
-6.70914
-6.69257
-6.67505
-6.66275
-6.6552
-6.65347
-6.65869
-6.67056
-6.68473
-6.69927
-6.7125
-6.71983
-6.72034
-6.71534
-6.70719
-6.6987
-6.69475
-6.68957
-6.69047
-6.69351
-6.69605
-6.69776
-6.69313
-6.69042
-6.68902
-6.69098
-6.694
-6.69683
-6.70054
-6.70484
-6.70788
-6.70742
-6.70632
-6.70014
-6.69056
-6.68085
-6.66694
-6.65125
-6.63499
-6.62041
-6.61099
-6.60791
-6.61395
-6.63066
-6.65704
-6.69
-6.7209
-6.74681
-6.76415
-6.77673
-6.7855
-6.78765
-6.7841
-6.78297
-6.78264
-6.78517
-6.78809
-6.79582
-6.80515
-6.81536
-6.82416
-6.83137
-6.83173
-6.82733
-6.81801
-6.79913
-6.77048
-6.737
-6.70076
-6.66545
-6.63093
-6.60422
-6.58463
-6.56714
-6.55666
-6.55018
-6.55205
-6.5595
-6.57396
-6.59074
-6.61056
-6.63173
-6.65086
-6.66506
-6.67768
-6.68357
-6.68764
-6.68743
-6.68268
-6.67441
-6.66418
-6.65298
-6.64289
-6.63307
-6.62924
-6.63026
-6.63452
-6.64271
-6.65577
-6.67065
-6.68917
-6.70775
-6.72986
-6.75496
-6.77682
-6.79647
-6.80801
-6.81384
-6.80659
-6.7908
-6.7656
-6.73777
-6.71521
-6.6994
-6.69387
-6.69495
-6.69846
-6.70076
-6.69756
-6.69671
-6.69169
-6.68721
-6.68525
-6.6837
-6.69068
-6.703
-6.72254
-6.74474
-6.76638
-6.78651
-6.79871
-6.80213
-6.79852
-6.78823
-6.77338
-6.75572
-6.73691
-6.71584
-6.69361
-6.67421
-6.66012
-6.64811
-6.63812
-6.63138
-6.62801
-6.62736
-6.62813
-6.63902
-6.6555
-6.6696
-6.68547
-6.69857
-6.70652
-6.71157
-6.70739
-6.69936
-6.6909
-6.68335
-6.68219
-6.68789
-6.70284
-6.72428
-6.74963
-6.77271
-6.79025
-6.79727
-6.79684
-6.78583
-6.76761
-6.74272
-6.71588
-6.68883
-6.66439
-6.64438
-6.63001
-6.62532
-6.63128
-6.64488
-6.66333
-6.68857
-6.71494
-6.74072
-6.76142
-6.77614
-6.77675
-6.76688
-6.74383
-6.71249
-6.67528
-6.63717
-6.60549
-6.57685
-6.56212
-6.55739
-6.56692
-6.59069
-6.62345
-6.66205
-6.70167
-6.73957
-6.77245
-6.79475
-6.80256
-6.80068
-6.79008
-6.77099
-6.7471
-6.71727
-6.68569
-6.6548
-6.63055
-6.61234
-6.60427
-6.60584
-6.61296
-6.62228
-6.63211
-6.64113
-6.64812
-6.65591
-6.67238
-6.69479
-6.72238
-6.74907
-6.77125
-6.78515
-6.78836
-6.78364
-6.76876
-6.74723
-6.7222
-6.6976
-6.67567
-6.66078
-6.64915
-6.64304
-6.63918
-6.63558
-6.63517
-6.63964
-6.64545
-6.65564
-6.66436
-6.67147
-6.67559
-6.67415
-6.66755
-6.66133
-6.66071
-6.66392
-6.67761
-6.69414
-6.7162
-6.73337
-6.74583
-6.75211
-6.7503
-6.74196
-6.727
-6.71316
-6.70471
-6.70268
-6.71254
-6.72901
-6.75049
-6.76766
-6.78008
-6.77992
-6.76914
-6.74663
-6.71519
-6.68571
-6.65862
-6.6393
-6.62791
-6.62655
-6.63446
-6.6488
-6.66724
-6.68362
-6.69782
-6.70793
-6.71417
-6.7161
-6.71799
-6.7213
-6.72459
-6.72801
-6.73149
-6.7325
-6.73243
-6.73161
-6.73174
-6.73562
-6.73487
-6.73698
-6.73746
-6.73821
-6.73579
-6.73494
-6.73167
-6.73058
-6.73049
-6.72645
-6.71996
-6.71116
-6.6978
-6.67881
-6.65893
-6.63681
-6.618
-6.60383
-6.5952
-6.59573
-6.60642
-6.62214
-6.64507
-6.67589
-6.70768
-6.73886
-6.76674
-6.79107
-6.80655
-6.81738
-6.82093
-6.81743
-6.80844
-6.79484
-6.77713
-6.75738
-6.74094
-6.7261
-6.71347
-6.70476
-6.69848
-6.69487
-6.69749
-6.70006
-6.69928
-6.6943
-6.68934
-6.67835
-6.66655
-6.65558
-6.65034
-6.6492
-6.65108
-6.66107
-6.6762
-6.6926
-6.71177
-6.72571
-6.73464
-6.73791
-6.73634
-6.7307
-6.72453
-6.71746
-6.70966
-6.70195
-6.69366
-6.6831
-6.67013
-6.65742
-6.64768
-6.64167
-6.6428
-6.6503
-6.66302
-6.68112
-6.69969
-6.71545
-6.72113
-6.71646
-6.70394
-6.68164
-6.65474
-6.61974
-6.58671
-6.56015
-6.5405
-6.52947
-6.53023
-6.53805
-6.55399
-6.57518
-6.6026
-6.63621
-6.67382
-6.71396
-6.75529
-6.79315
-6.82542
-6.84875
-6.863
-6.86792
-6.86034
-6.8426
-6.81467
-6.786
-6.75611
-6.72676
-6.7014
-6.68185
-6.66949
-6.66805
-6.67461
-6.69101
-6.70901
-6.7305
-6.74962
-6.766
-6.77173
-6.76825
-6.7498
-6.72117
-6.68459
-6.64485
-6.61485
-6.60102
-6.60593
-6.62494
-6.64888
-6.67333
-6.6949
-6.71607
-6.7291
-6.73766
-6.73933
-6.73353
-6.72256
-6.70903
-6.69726
-6.68485
-6.67554
-6.67007
-6.67327
-6.679
-6.68582
-6.69697
-6.70891
-6.72007
-6.72912
-6.73727
-6.74303
-6.74663
-6.7491
-6.74886
-6.74089
-6.7312
-6.71962
-6.70707
-6.69495
-6.68408
-6.67552
-6.67082
-6.6665
-6.66348
-6.65951
-6.65244
-6.64095
-6.62597
-6.61641
-6.61722
-6.62072
-6.63637
-6.65493
-6.67824
-6.6985
-6.71836
-6.73703
-6.75522
-6.76954
-6.78352
-6.79946
-6.80712
-6.81125
-6.80505
-6.79561
-6.78218
-6.76655
-6.74996
-6.73783
-6.72823
-6.7242
-6.72221
-6.72448
-6.7243
-6.71684
-6.70054
-6.67344
-6.63936
-6.59871
-6.55898
-6.52926
-6.51322
-6.51268
-6.52783
-6.54889
-6.57525
-6.60324
-6.63435
-6.66964
-6.71013
-6.75364
-6.79609
-6.83201
-6.86388
-6.88557
-6.89861
-6.89953
-6.88948
-6.86986
-6.83912
-6.80427
-6.76866
-6.73031
-6.69652
-6.67322
-6.65341
-6.64543
-6.64201
-6.64268
-6.64306
-6.64497
-6.64383
-6.6401
-6.63486
-6.63211
-6.6272
-6.62202
-6.61896
-6.61871
-6.62362
-6.63516
-6.64829
-6.66552
-6.68251
-6.69674
-6.70159
-6.70184
-6.69486
-6.68582
-6.67581
-6.66935
-6.66541
-6.67169
-6.67768
-6.69127
-6.70454
-6.71609
-6.72188
-6.72773
-6.72558
-6.71683
-6.70563
-6.69009
-6.67385
-6.65851
-6.64497
-6.63688
-6.64014
-6.65363
-6.67475
-6.7031
-6.73143
-6.75967
-6.78537
-6.80482
-6.81518
-6.81579
-6.8053
-6.78727
-6.76562
-6.73841
-6.70533
-6.67289
-6.64973
-6.63016
-6.6219
-6.62244
-6.62992
-6.63847
-6.65119
-6.66336
-6.67356
-6.68269
-6.68642
-6.68646
-6.68606
-6.68682
-6.69073
-6.69826
-6.71302
-6.72746
-6.7455
-6.76091
-6.77075
-6.77518
-6.77094
-6.76611
-6.75699
-6.74236
-6.72573
-6.70929
-6.69316
-6.67974
-6.6699
-6.66405
-6.66294
-6.66657
-6.67867
-6.69587
-6.71475
-6.73159
-6.74321
-6.74668
-6.74381
-6.73471
-6.71952
-6.70335
-6.68116
-6.65978
-6.63843
-6.61963
-6.60592
-6.60301
-6.6103
-6.62464
-6.64527
-6.67195
-6.70024
-6.72778
-6.75006
-6.76612
-6.77356
-6.77486
-6.76932
-6.75195
-6.7287
-6.70143
-6.67172
-6.64488
-6.62194
-6.60249
-6.59427
-6.59043
-6.59844
-6.61204
-6.63425
-6.65804
-6.68554
-6.71855
-6.74991
-6.77711
-6.80312
-6.82175
-6.82824
-6.82475
-6.81272
-6.79757
-6.78054
-6.76053
-6.7426
-6.72882
-6.72323
-6.72022
-6.72072
-6.71914
-6.71729
-6.71575
-6.71173
-6.70345
-6.69301
-6.67986
-6.66515
-6.65032
-6.64466
-6.64172
-6.647
-6.66148
-6.67779
-6.69712
-6.71536
-6.73445
-6.75086
-6.76369
-6.77009
-6.77451
-6.77094
-6.76143
-6.74708
-6.7281
-6.70671
-6.68427
-6.66621
-6.65147
-6.64106
-6.63886
-6.64665
-6.66435
-6.68647
-6.71003
-6.73167
-6.74362
-6.74543
-6.73654
-6.71623
-6.69067
-6.66298
-6.64007
-6.6216
-6.61357
-6.61658
-6.63119
-6.65425
-6.68239
-6.71255
-6.74228
-6.76402
-6.77445
-6.77491
-6.76688
-6.74526
-6.71837
-6.68681
-6.65828
-6.63528
-6.61824
-6.61181
-6.6172
-6.63142
-6.65158
-6.67975
-6.70292
-6.7192
-6.72413
-6.71477
-6.69644
-6.67356
-6.64971
-6.64063
-6.6442
-6.66237
-6.68636
-6.70816
-6.72575
-6.73567
-6.735
-6.73486
-6.73126
-6.73192
-6.73632
-6.74615
-6.75891
-6.77124
-6.78136
-6.78715
-6.79213
-6.79126
-6.78646
-6.77885
-6.76891
-6.75327
-6.73248
-6.71111
-6.6924
-6.67757
-6.67345
-6.67972
-6.69254
-6.71015
-6.72862
-6.74459
-6.752
-6.74958
-6.73807
-6.72026
-6.70013
-6.67915
-6.66545
-6.65651
-6.65367
-6.65177
-6.65045
-6.64881
-6.64382
-6.63742
-6.63446
-6.63386
-6.63936
-6.65223
-6.66951
-6.68592
-6.70366
-6.71481
-6.71962
-6.72197
-6.71964
-6.71358
-6.70573
-6.69978
-6.69467
-6.69514
-6.70062
-6.71215
-6.72692
-6.74329
-6.76197
-6.77577
-6.78531
-6.79017
-6.79177
-6.78658
-6.78037
-6.77337
-6.76165
-6.74465
-6.72273
-6.69833
-6.67342
-6.65376
-6.6403
-6.63541
-6.63995
-6.64943
-6.65944
-6.67153
-6.68129
-6.69346
-6.70394
-6.71559
-6.72766
-6.73448
-6.74281
-6.75161
-6.75827
-6.76195
-6.7633
-6.75628
-6.74675
-6.72853
-6.7059
-6.67837
-6.65034
-6.62763
-6.61011
-6.60114
-6.59758
-6.60237
-6.60765
-6.61497
-6.62325
-6.63392
-6.64506
-6.65464
-6.6684
-6.67801
-6.69127
-6.70536
-6.72047
-6.73443
-6.74017
-6.74744
-6.75162
-6.75368
-6.75818
-6.76178
-6.76378
-6.76491
-6.76157
-6.75468
-6.74943
-6.74753
-6.74739
-6.7467
-6.74795
-6.74793
-6.73814
-6.72093
-6.69544
-6.66397
-6.63116
-6.59894
-6.57121
-6.5536
-6.5445
-6.54532
-6.55979
-6.58153
-6.60541
-6.62768
-6.64745
-6.65838
-6.66602
-6.67155
-6.67964
-6.68512
-6.68798
-6.69112
-6.69162
-6.69178
-6.69047
-6.6881
-6.6896
-6.69695
-6.70574
-6.71986
-6.73423
-6.74751
-6.75534
-6.7571
-6.75799
-6.7557
-6.751
-6.7469
-6.74538
-6.74085
-6.73867
-6.73332
-6.7242
-6.71543
-6.70814
-6.70283
-6.70096
-6.70375
-6.70577
-6.70977
-6.71232
-6.71542
-6.71357
-6.70556
-6.69779
-6.68497
-6.67305
-6.66565
-6.66249
-6.66688
-6.67685
-6.68972
-6.70806
-6.72378
-6.73526
-6.73933
-6.73837
-6.73215
-6.72423
-6.71472
-6.7043
-6.69325
-6.68465
-6.67735
-6.67209
-6.66823
-6.66031
-6.65576
-6.6518
-6.6496
-6.64633
-6.64206
-6.63352
-6.62501
-6.61706
-6.61255
-6.61426
-6.62396
-6.63534
-6.65113
-6.66599
-6.68037
-6.6956
-6.70665
-6.71722
-6.72226
-6.72352
-6.72363
-6.72191
-6.72416
-6.72918
-6.74319
-6.76208
-6.78505
-6.80957
-6.83051
-6.84679
-6.85855
-6.86649
-6.87003
-6.8644
-6.85268
-6.83414
-6.8068
-6.77378
-6.73757
-6.70063
-6.66854
-6.63489
-6.60458
-6.58041
-6.5593
-6.5429
-6.53725
-6.54184
-6.55622
-6.57893
-6.60974
-6.6423
-6.67578
-6.70212
-6.72277
-6.73392
-6.73928
-6.73239
-6.71904
-6.69805
-6.67585
-6.6519
-6.6326
-6.61535
-6.61004
-6.61009
-6.61645
-6.62688
-6.64307
-6.65892
-6.67668
-6.69188
-6.705
-6.71731
-6.73232
-6.74287
-6.75534
-6.77103
-6.78625
-6.79863
-6.80677
-6.80824
-6.80799
-6.80136
-6.79443
-6.78165
-6.76581
-6.75151
-6.73469
-6.72119
-6.70903
-6.70115
-6.69607
-6.69864
-6.70308
-6.70896
-6.7161
-6.71967
-6.72048
-6.72181
-6.71918
-6.71945
-6.72047
-6.71733
-6.71457
-6.70633
-6.69786
-6.68551
-6.67128
-6.65645
-6.64369
-6.63045
-6.62235
-6.61323
-6.61022
-6.60978
-6.61299
-6.61983
-6.63128
-6.64467
-6.66291
-6.68183
-6.69922
-6.71849
-6.73434
-6.74912
-6.76457
-6.77681
-6.78449
-6.78942
-6.7846
-6.77556
-6.76222
-6.74282
-6.71966
-6.69353
-6.67057
-6.64535
-6.62135
-6.60189
-6.5888
-6.57946
-6.57292
-6.57274
-6.57915
-6.58849
-6.60238
-6.61324
-6.62568
-6.64313
-6.66249
-6.68322
-6.69972
-6.71614
-6.73021
-6.74474
-6.76111
-6.77403
-6.78821
-6.80072
-6.80832
-6.81195
-6.80896
-6.80269
-6.79666
-6.78845
-6.77921
-6.76988
-6.76074
-6.74826
-6.73485
-6.71837
-6.70016
-6.68018
-6.65794
-6.63644
-6.61346
-6.59275
-6.5781
-6.57159
-6.57622
-6.58882
-6.61062
-6.63951
-6.67152
-6.70202
-6.72951
-6.74943
-6.76115
-6.76202
-6.75096
-6.72946
-6.69865
-6.664
-6.63672
-6.61845
-6.61931
-6.63444
-6.66851
-6.70833
-6.75012
-6.78693
-6.81057
-6.81895
-6.81429
-6.79579
-6.77064
-6.74223
-6.71381
-6.69167
-6.67407
-6.66004
-6.65311
-6.6518
-6.65593
-6.66222
-6.67148
-6.68075
-6.68243
-6.67747
-6.66751
-6.6539
-6.63559
-6.62042
-6.60848
-6.60336
-6.60822
-6.62079
-6.64318
-6.67017
-6.7042
-6.73886
-6.77265
-6.80054
-6.82205
-6.83813
-6.84546
-6.84643
-6.84124
-6.83121
-6.81436
-6.79251
-6.76759
-6.73979
-6.70753
-6.67785
-6.6501
-6.63229
-6.62633
-6.63702
-6.65255
-6.67422
-6.69458
-6.70976
-6.7192
-6.72193
-6.72215
-6.71891
-6.71735
-6.71272
-6.70612
-6.69747
-6.68703
-6.67706
-6.66405
-6.65384
-6.64338
-6.63282
-6.6262
-6.62187
-6.62002
-6.62228
-6.62766
-6.6401
-6.65697
-6.67934
-6.7076
-6.741
-6.76968
-6.79424
-6.81571
-6.82792
-6.83129
-6.8239
-6.80855
-6.7842
-6.75708
-6.72997
-6.70144
-6.68071
-6.66183
-6.64541
-6.63042
-6.61931
-6.61183
-6.60238
-6.59554
-6.59566
-6.60171
-6.61418
-6.63351
-6.65633
-6.67832
-6.69809
-6.71258
-6.72029
-6.72315
-6.71844
-6.71229
-6.70264
-6.69394
-6.6884
-6.68516
-6.67995
-6.67739
-6.67381
-6.67013
-6.67149
-6.67256
-6.67819
-6.68829
-6.69831
-6.70778
-6.7144
-6.71635
-6.71561
-6.71309
-6.71414
-6.71692
-6.72183
-6.73153
-6.7448
-6.75541
-6.76456
-6.76837
-6.76696
-6.76221
-6.75141
-6.74488
-6.7396
-6.7399
-6.74501
-6.74975
-6.75676
-6.76561
-6.76995
-6.77033
-6.76958
-6.7684
-6.76377
-6.75655
-6.74684
-6.73224
-6.71322
-6.69322
-6.67062
-6.65103
-6.63563
-6.6232
-6.61377
-6.60695
-6.60082
-6.59591
-6.58872
-6.58214
-6.57697
-6.57544
-6.57893
-6.5908
-6.60798
-6.63065
-6.65224
-6.67865
-6.70475
-6.7251
-6.74007
-6.74789
-6.75145
-6.7505
-6.74754
-6.74294
-6.74097
-6.73575
-6.73235
-6.72876
-6.72353
-6.71674
-6.70752
-6.69152
-6.6728
-6.65319
-6.63587
-6.62398
-6.62434
-6.63645
-6.65856
-6.68916
-6.72251
-6.75659
-6.78531
-6.80506
-6.81595
-6.81844
-6.81275
-6.79782
-6.78138
-6.76401
-6.74568
-6.72519
-6.70961
-6.70036
-6.69048
-6.68549
-6.67868
-6.67885
-6.68183
-6.68658
-6.69401
-6.70102
-6.70831
-6.71218
-6.71604
-6.71218
-6.70267
-6.68924
-6.67469
-6.65744
-6.64555
-6.64403
-6.64722
-6.6591
-6.67526
-6.69678
-6.71829
-6.74013
-6.75741
-6.77616
-6.78648
-6.79114
-6.79273
-6.78792
-6.77886
-6.76636
-6.75271
-6.736
-6.72079
-6.70726
-6.6954
-6.68369
-6.67371
-6.66526
-6.66009
-6.65481
-6.65226
-6.64992
-6.6514
-6.65808
-6.66775
-6.67827
-6.69151
-6.70422
-6.71595
-6.7242
-6.73139
-6.73596
-6.7343
-6.72809
-6.72142
-6.71128
-6.70237
-6.69745
-6.6963
-6.69461
-6.69365
-6.6952
-6.69608
-6.7014
-6.71129
-6.72346
-6.7303
-6.73468
-6.73518
-6.73386
-6.73096
-6.72244
-6.71377
-6.70516
-6.69716
-6.69102
-6.685
-6.68177
-6.67989
-6.6825
-6.6793
-6.67143
-6.6654
-6.65942
-6.65677
-6.655
-6.65749
-6.6574
-6.65914
-6.66113
-6.66578
-6.67307
-6.68127
-6.68916
-6.69838
-6.70421
-6.71019
-6.71769
-6.72656
-6.73242
-6.74141
-6.74463
-6.74521
-6.74342
-6.74152
-6.73843
-6.73506
-6.72973
-6.72731
-6.72232
-6.71965
-6.72158
-6.72192
-6.72572
-6.73098
-6.73397
-6.734
-6.73399
-6.72893
-6.72426
-6.71281
-6.69754
-6.6763
-6.653
-6.62936
-6.6055
-6.58038
-6.55556
-6.53475
-6.5243
-6.53092
-6.55131
-6.5908
-6.64825
-6.71535
-6.78403
-6.85083
-6.90494
-6.93928
-6.95676
-6.95288
-6.93182
-6.8963
-6.85242
-6.79843
-6.74483
-6.69281
-6.64335
-6.60609
-6.57743
-6.56108
-6.55745
-6.56024
-6.57027
-6.58393
-6.59875
-6.6147
-6.63018
-6.64218
-6.65207
-6.65512
-6.65412
-6.64915
-6.64575
-6.64399
-6.64521
-6.65352
-6.66543
-6.67866
-6.68877
-6.69937
-6.70924
-6.71339
-6.71224
-6.70638
-6.69392
-6.68329
-6.67197
-6.66716
-6.6652
-6.6711
-6.68619
-6.70776
-6.73128
-6.75388
-6.77112
-6.78054
-6.77945
-6.76734
-6.7488
-6.72399
-6.69525
-6.67211
-6.6552
-6.64881
-6.65279
-6.66062
-6.67273
-6.68661
-6.70016
-6.71202
-6.71783
-6.72005
-6.71971
-6.71741
-6.71652
-6.7138
-6.71251
-6.71103
-6.70795
-6.7094
-6.70924
-6.70934
-6.71029
-6.71583
-6.71852
-6.71713
-6.71292
-6.70461
-6.69264
-6.68295
-6.67523
-6.67619
-6.68553
-6.69457
-6.70106
-6.7042
-6.70252
-6.69394
-6.67893
-6.66245
-6.64691
-6.63214
-6.62266
-6.62153
-6.62728
-6.64111
-6.65719
-6.67766
-6.6943
-6.70791
-6.72015
-6.72786
-6.73033
-6.73516
-6.73409
-6.73561
-6.73667
-6.7356
-6.73401
-6.73292
-6.72918
-6.73011
-6.73446
-6.74279
-6.75461
-6.76637
-6.77621
-6.77984
-6.77824
-6.76836
-6.75432
-6.7325
-6.70157
-6.66377
-6.62338
-6.58568
-6.55167
-6.53059
-6.52559
-6.53844
-6.56653
-6.60278
-6.64401
-6.68469
-6.72167
-6.74965
-6.77081
-6.78409
-6.79032
-6.79029
-6.79112
-6.79007
-6.78886
-6.78788
-6.78607
-6.78566
-6.7824
-6.77285
-6.75974
-6.74229
-6.72152
-6.70251
-6.68441
-6.67249
-6.66566
-6.66371
-6.66491
-6.66863
-6.67447
-6.68098
-6.6871
-6.69204
-6.69954
-6.70425
-6.7074
-6.70489
-6.70731
-6.70682
-6.71018
-6.71628
-6.72382
-6.73219
-6.73892
-6.74511
-6.74695
-6.74575
-6.73942
-6.73204
-6.72477
-6.71631
-6.70615
-6.69717
-6.68877
-6.68201
-6.67253
-6.66643
-6.66346
-6.66392
-6.66072
-6.65961
-6.65519
-6.6497
-6.64333
-6.63692
-6.632
-6.62782
-6.62689
-6.62814
-6.63012
-6.63708
-6.64464
-6.65721
-6.67044
-6.68362
-6.70078
-6.71814
-6.73282
-6.74655
-6.75718
-6.76945
-6.78105
-6.79063
-6.79899
-6.80079
-6.8031
-6.79771
-6.78655
-6.76932
-6.74532
-6.72442
-6.70938
-6.69786
-6.69608
-6.70279
-6.71199
-6.7212
-6.72748
-6.73243
-6.73371
-6.73359
-6.73432
-6.73334
-6.73453
-6.73454
-6.73035
-6.72457
-6.71544
-6.70918
-6.70178
-6.69468
-6.68822
-6.68239
-6.67756
-6.67215
-6.66733
-6.6652
-6.66401
-6.66405
-6.66686
-6.6732
-6.6751
-6.67577
-6.67466
-6.67148
-6.66384
-6.65775
-6.65069
-6.64422
-6.64574
-6.65059
-6.65767
-6.67056
-6.68697
-6.70299
-6.71861
-6.72957
-6.7356
-6.7409
-6.74391
-6.74129
-6.73706
-6.72711
-6.7153
-6.70698
-6.70077
-6.69629
-6.69904
-6.70706
-6.71891
-6.73458
-6.74913
-6.76564
-6.77913
-6.78389
-6.78084
-6.77192
-6.75705
-6.73423
-6.70413
-6.67782
-6.65159
-6.63463
-6.62403
-6.62379
-6.63139
-6.64476
-6.66019
-6.67435
-6.6865
-6.69271
-6.6941
-6.69027
-6.68755
-6.68141
-6.6771
-6.67083
-6.6683
-6.66617
-6.66709
-6.6712
-6.67808
-6.6847
-6.69022
-6.69661
-6.69835
-6.69856
-6.69594
-6.69738
-6.70549
-6.71908
-6.74349
-6.77058
-6.80137
-6.8264
-6.84433
-6.84811
-6.84036
-6.81936
-6.78728
-6.7444
-6.69527
-6.64062
-6.59193
-6.55481
-6.533
-6.53095
-6.54389
-6.57357
-6.61022
-6.65239
-6.69245
-6.7249
-6.74354
-6.74922
-6.74351
-6.72963
-6.70923
-6.68859
-6.66797
-6.6486
-6.63546
-6.63005
-6.6325
-6.63898
-6.64585
-6.65108
-6.65428
-6.65785
-6.66536
-6.67313
-6.68687
-6.70533
-6.72354
-6.74167
-6.75338
-6.75918
-6.75853
-6.75302
-6.74421
-6.73352
-6.72287
-6.7156
-6.71139
-6.70876
-6.70822
-6.70762
-6.70853
-6.70963
-6.71045
-6.71351
-6.71804
-6.72344
-6.72878
-6.73495
-6.74048
-6.74584
-6.74604
-6.74562
-6.73935
-6.72861
-6.71764
-6.70459
-6.69237
-6.68333
-6.67696
-6.67122
-6.66441
-6.65655
-6.64955
-6.63383
-6.61848
-6.60207
-6.5864
-6.57568
-6.5682
-6.56915
-6.57961
-6.59609
-6.61896
-6.64722
-6.67512
-6.70415
-6.7302
-6.74998
-6.76594
-6.77683
-6.78247
-6.78688
-6.79031
-6.78756
-6.7792
-6.76715
-6.75308
-6.74029
-6.73412
-6.73103
-6.73391
-6.73886
-6.74662
-6.75258
-6.75702
-6.7589
-6.7576
-6.75074
-6.73919
-6.72573
-6.7049
-6.6821
-6.66308
-6.64875
-6.64537
-6.64965
-6.65565
-6.66496
-6.67233
-6.67123
-6.66656
-6.6579
-6.64795
-6.63634
-6.62615
-6.61945
-6.61826
-6.62091
-6.63205
-6.64987
-6.67195
-6.69535
-6.71992
-6.73905
-6.75191
-6.76559
-6.77588
-6.78241
-6.78248
-6.77814
-6.76825
-6.75032
-6.72829
-6.70371
-6.68341
-6.66717
-6.65804
-6.65262
-6.64964
-6.64679
-6.63907
-6.63071
-6.62002
-6.60913
-6.59862
-6.59202
-6.59244
-6.59844
-6.61308
-6.63608
-6.66717
-6.69893
-6.73433
-6.76578
-6.7877
-6.80058
-6.80278
-6.7942
-6.77582
-6.75725
-6.73305
-6.71597
-6.70333
-6.698
-6.70042
-6.70587
-6.71281
-6.72321
-6.73096
-6.73695
-6.73711
-6.7342
-6.72464
-6.71519
-6.70396
-6.69655
-6.68722
-6.68081
-6.67952
-6.67493
-6.67508
-6.67376
-6.67392
-6.67722
-6.68079
-6.6827
-6.68752
-6.69157
-6.69391
-6.69605
-6.69699
-6.6975
-6.69868
-6.70199
-6.70815
-6.71408
-6.71747
-6.72421
-6.7293
-6.73499
-6.73748
-6.73533
-6.7247
-6.70676
-6.67847
-6.64783
-6.61337
-6.58554
-6.56439
-6.55782
-6.56456
-6.58688
-6.61795
-6.6555
-6.69455
-6.7263
-6.74535
-6.75263
-6.74925
-6.7373
-6.72253
-6.70792
-6.6963
-6.692
-6.69798
-6.70698
-6.72103
-6.73689
-6.74975
-6.76363
-6.76885
-6.76906
-6.76787
-6.7609
-6.75113
-6.74225
-6.73062
-6.7192
-6.70614
-6.69707
-6.68812
-6.67915
-6.67582
-6.6721
-6.67585
-6.68077
-6.68439
-6.6844
-6.68034
-6.67408
-6.66363
-6.65203
-6.63833
-6.62451
-6.61569
-6.61063
-6.61209
-6.62044
-6.635
-6.6506
-6.67118
-6.69212
-6.71004
-6.72051
-6.72313
-6.72079
-6.71713
-6.71753
-6.71609
-6.71969
-6.72569
-6.73208
-6.73942
-6.74559
-6.75206
-6.75685
-6.75913
-6.75793
-6.75389
-6.74568
-6.73202
-6.71401
-6.69131
-6.66449
-6.641
-6.61859
-6.60725
-6.60916
-6.62606
-6.65008
-6.68665
-6.72484
-6.76397
-6.79339
-6.81296
-6.8233
-6.82576
-6.81786
-6.80194
-6.77673
-6.74819
-6.71875
-6.6897
-6.66241
-6.63525
-6.61174
-6.59093
-6.57007
-6.55034
-6.54012
-6.53515
-6.53699
-6.54534
-6.56155
-6.58563
-6.61162
-6.63717
-6.6662
-6.69146
-6.71716
-6.7424
-6.76956
-6.79443
-6.81581
-6.83361
-6.84349
-6.84812
-6.84399
-6.83634
-6.81977
-6.80012
-6.77897
-6.75495
-6.73334
-6.70906
-6.68421
-6.66539
-6.65047
-6.64354
-6.64376
-6.65299
-6.6652
-6.68026
-6.6936
-6.70758
-6.71252
-6.71592
-6.71193
-6.69895
-6.68067
-6.6573
-6.63154
-6.60183
-6.57927
-6.56227
-6.55579
-6.56431
-6.58354
-6.61276
-6.64567
-6.68114
-6.716
-6.74728
-6.77353
-6.78903
-6.80291
-6.80952
-6.80853
-6.80424
-6.79117
-6.7764
-6.7569
-6.73493
-6.7126
-6.69465
-6.68155
-6.66984
-6.66259
-6.65948
-6.65768
-6.66147
-6.66776
-6.68123
-6.69808
-6.72074
-6.74563
-6.7695
-6.78848
-6.80173
-6.80104
-6.79214
-6.76882
-6.73803
-6.70332
-6.66884
-6.63773
-6.61546
-6.60243
-6.60253
-6.61352
-6.63116
-6.65939
-6.69305
-6.72718
-6.75834
-6.78368
-6.80414
-6.8133
-6.81043
-6.79884
-6.77769
-6.75359
-6.73045
-6.70852
-6.6904
-6.68129
-6.68037
-6.68638
-6.69389
-6.69907
-6.70104
-6.69646
-6.6845
-6.66664
-6.64352
-6.62258
-6.60148
-6.58514
-6.5764
-6.57485
-6.58186
-6.5947
-6.61169
-6.63576
-6.66111
-6.68581
-6.71157
-6.73357
-6.75542
-6.77194
-6.78848
-6.8033
-6.81241
-6.81503
-6.81121
-6.80424
-6.78825
-6.77072
-6.75062
-6.72611
-6.70247
-6.6782
-6.65498
-6.63882
-6.62763
-6.62083
-6.61742
-6.6181
-6.62259
-6.63061
-6.64207
-6.65807
-6.67538
-6.69245
-6.7081
-6.71925
-6.7277
-6.72856
-6.72651
-6.72188
-6.71827
-6.71547
-6.71316
-6.71176
-6.70599
-6.69734
-6.6883
-6.67607
-6.67153
-6.67336
-6.68129
-6.69653
-6.71246
-6.7268
-6.73764
-6.73967
-6.73228
-6.71895
-6.69996
-6.67517
-6.65344
-6.63665
-6.62919
-6.63172
-6.65122
-6.67952
-6.71381
-6.74743
-6.77181
-6.78526
-6.78646
-6.77762
-6.75935
-6.73585
-6.71349
-6.69507
-6.68787
-6.68859
-6.6973
-6.70567
-6.71484
-6.71932
-6.72004
-6.71517
-6.70207
-6.69297
-6.68628
-6.68125
-6.67968
-6.68005
-6.67807
-6.67574
-6.67301
-6.67465
-6.67534
-6.67793
-6.6835
-6.68819
-6.69513
-6.70582
-6.71299
-6.72172
-6.7244
-6.72327
-6.71929
-6.71083
-6.70108
-6.69267
-6.68506
-6.67615
-6.67024
-6.6612
-6.65057
-6.63586
-6.61912
-6.60447
-6.59693
-6.59758
-6.60538
-6.62036
-6.64131
-6.66699
-6.69605
-6.72162
-6.75021
-6.77362
-6.79115
-6.80128
-6.8029
-6.79741
-6.78574
-6.77494
-6.76424
-6.75663
-6.75383
-6.75293
-6.74839
-6.74456
-6.74063
-6.73395
-6.72438
-6.71332
-6.70135
-6.69013
-6.67834
-6.67054
-6.66537
-6.66738
-6.67286
-6.68271
-6.69343
-6.70392
-6.7139
-6.7178
-6.71574
-6.70754
-6.69638
-6.68188
-6.66993
-6.65823
-6.65328
-6.65258
-6.65711
-6.66582
-6.67516
-6.6853
-6.69138
-6.69441
-6.68945
-6.6837
-6.67056
-6.65918
-6.65059
-6.64728
-6.65134
-6.66697
-6.68529
-6.70593
-6.72465
-6.74064
-6.75274
-6.7591
-6.7622
-6.75945
-6.75522
-6.75254
-6.75014
-6.74966
-6.7498
-6.74846
-6.74848
-6.74782
-6.74796
-6.74646
-6.74855
-6.75005
-6.7515
-6.75622
-6.7609
-6.76478
-6.76644
-6.75927
-6.7496
-6.73435
-6.7134
-6.68893
-6.66611
-6.64461
-6.63044
-6.62359
-6.62296
-6.62721
-6.63201
-6.63713
-6.64447
-6.65127
-6.66058
-6.6736
-6.68731
-6.70112
-6.71647
-6.72901
-6.74022
-6.74824
-6.75364
-6.75597
-6.75575
-6.75262
-6.74661
-6.7393
-6.72825
-6.71944
-6.7125
-6.70708
-6.70066
-6.69624
-6.69154
-6.69153
-6.6888
-6.69
-6.69069
-6.69101
-6.69042
-6.68938
-6.68788
-6.68714
-6.68493
-6.67844
-6.6718
-6.6674
-6.66019
-6.65218
-6.6481
-6.64546
-6.64598
-6.64981
-6.66015
-6.6763
-6.70079
-6.72943
-6.75789
-6.7837
-6.79934
-6.80407
-6.79432
-6.77534
-6.74577
-6.70612
-6.66167
-6.61656
-6.58179
-6.56009
-6.5564
-6.57158
-6.59922
-6.63404
-6.66745
-6.69942
-6.72323
-6.73672
-6.74252
-6.73949
-6.73184
-6.724
-6.71232
-6.70714
-6.70373
-6.70062
-6.69992
-6.70226
-6.70669
-6.71456
-6.72303
-6.73347
-6.74141
-6.74786
-6.75267
-6.75373
-6.75243
-6.75118
-6.74464
-6.73699
-6.72894
-6.72472
-6.72108
-6.72344
-6.72719
-6.73147
-6.73697
-6.74079
-6.74187
-6.74193
-6.73679
-6.73172
-6.72263
-6.71194
-6.69485
-6.67226
-6.6498
-6.62864
-6.6087
-6.59551
-6.59006
-6.59261
-6.6039
-6.6203
-6.63775
-6.6584
-6.67741
-6.6962
-6.71036
-6.72215
-6.72684
-6.73128
-6.73391
-6.73252
-6.72908
-6.72439
-6.7202
-6.71525
-6.71076
-6.70923
-6.71039
-6.71218
-6.71402
-6.71556
-6.71429
-6.71271
-6.71289
-6.71384
-6.71293
-6.70975
-6.7039
-6.69567
-6.68868
-6.68361
-6.67974
-6.6775
-6.67307
-6.67117
-6.66554
-6.6611
-6.66238
-6.67245
-6.68885
-6.70962
-6.73523
-6.75745
-6.77599
-6.78611
-6.79137
-6.78946
-6.78445
-6.77566
-6.7688
-6.76926
-6.77408
-6.78636
-6.80202
-6.81842
-6.83135
-6.83647
-6.83362
-6.82029
-6.79388
-6.75793
-6.71765
-6.67293
-6.63277
-6.59377
-6.56037
-6.53385
-6.51547
-6.50501
-6.50745
-6.51674
-6.53324
-6.55271
-6.57632
-6.60419
-6.63369
-6.66673
-6.70124
-6.73404
-6.761
-6.78175
-6.79119
-6.79006
-6.78085
-6.76476
-6.74528
-6.73071
-6.72163
-6.7179
-6.72092
-6.72465
-6.73219
-6.73883
-6.74589
-6.74766
-6.7456
-6.74581
-6.74244
-6.74162
-6.74267
-6.74194
-6.73883
-6.73362
-6.73033
-6.71799
-6.70381
-6.68821
-6.67292
-6.65856
-6.64488
-6.63189
-6.62355
-6.61982
-6.62419
-6.63257
-6.64523
-6.66062
-6.67989
-6.69671
-6.70731
-6.7131
-6.71202
-6.70951
-6.70111
-6.69503
-6.68731
-6.68018
-6.67711
-6.67468
-6.67748
-6.68572
-6.69422
-6.70452
-6.71136
-6.71512
-6.71726
-6.71497
-6.71018
-6.70635
-6.7017
-6.69891
-6.69685
-6.70147
-6.71148
-6.72246
-6.7341
-6.74272
-6.74728
-6.74237
-6.72726
-6.70553
-6.68043
-6.65744
-6.64603
-6.64402
-6.65293
-6.66563
-6.68256
-6.69866
-6.70676
-6.70758
-6.70484
-6.69827
-6.68765
-6.67979
-6.67533
-6.6763
-6.68021
-6.69144
-6.71129
-6.73134
-6.74986
-6.76657
-6.77835
-6.78308
-6.77934
-6.76912
-6.75162
-6.73578
-6.72379
-6.71872
-6.7214
-6.72733
-6.72942
-6.72922
-6.72864
-6.72218
-6.71419
-6.70838
-6.69445
-6.68117
-6.66779
-6.65136
-6.63749
-6.62858
-6.62529
-6.63127
-6.6418
-6.65095
-6.6614
-6.67033
-6.67761
-6.68139
-6.6857
-6.68929
-6.69561
-6.70671
-6.72309
-6.7429
-6.75994
-6.77292
-6.78064
-6.78021
-6.76777
-6.74573
-6.71231
-6.67304
-6.63195
-6.59545
-6.56872
-6.554
-6.55527
-6.57063
-6.59612
-6.63007
-6.66798
-6.70327
-6.73305
-6.75833
-6.7739
-6.78225
-6.78041
-6.77083
-6.75496
-6.73292
-6.70712
-6.68631
-6.67009
-6.66036
-6.66184
-6.6749
-6.69082
-6.71183
-6.73409
-6.75381
-6.76912
-6.78092
-6.79025
-6.79719
-6.79533
-6.78407
-6.76597
-6.74346
-6.71426
-6.68641
-6.66355
-6.64542
-6.63425
-6.62998
-6.6315
-6.63798
-6.6455
-6.65063
-6.65623
-6.66175
-6.66833
-6.66979
-6.66952
-6.66847
-6.66918
-6.66987
-6.66985
-6.67045
-6.67248
-6.67453
-6.67777
-6.68392
-6.69236
-6.70091
-6.70932
-6.71661
-6.71801
-6.71824
-6.71443
-6.70768
-6.70267
-6.69503
-6.6878
-6.67928
-6.67382
-6.6717
-6.67307
-6.67722
-6.68421
-6.69061
-6.69626
-6.69754
-6.69716
-6.69252
-6.68785
-6.68497
-6.68692
-6.69648
-6.71058
-6.73083
-6.75518
-6.77629
-6.79513
-6.80519
-6.81215
-6.81169
-6.80829
-6.80215
-6.7966
-6.78703
-6.77934
-6.76975
-6.76054
-6.752
-6.74204
-6.73147
-6.71798
-6.69968
-6.67633
-6.65237
-6.63188
-6.6176
-6.61046
-6.61506
-6.6269
-6.64587
-6.66612
-6.68168
-6.68746
-6.68751
-6.68323
-6.68214
-6.68194
-6.68242
-6.6843
-6.68537
-6.68264
-6.68524
-6.68519
-6.68813
-6.689
-6.69538
-6.70076
-6.70776
-6.72011
-6.73327
-6.74704
-6.75962
-6.76748
-6.77113
-6.7702
-6.76235
-6.74946
-6.73557
-6.71947
-6.70552
-6.69638
-6.68936
-6.68375
-6.6801
-6.67805
-6.67285
-6.66951
-6.66844
-6.66951
-6.67101
-6.67447
-6.67914
-6.68205
-6.68184
-6.6807
-6.67852
-6.67706
-6.67494
-6.66996
-6.66855
-6.6704
-6.67928
-6.69285
-6.70893
-6.73269
-6.7553
-6.77546
-6.7941
-6.80702
-6.81713
-6.81832
-6.81071
-6.79815
-6.78052
-6.7577
-6.73588
-6.71617
-6.70437
-6.69572
-6.69068
-6.69224
-6.69256
-6.68933
-6.68444
-6.6768
-6.66884
-6.65989
-6.65487
-6.65595
-6.66217
-6.66798
-6.67697
-6.6857
-6.69306
-6.69543
-6.69521
-6.68982
-6.68528
-6.68072
-6.67822
-6.67667
-6.68038
-6.6842
-6.69532
-6.70704
-6.72104
-6.73693
-6.75001
-6.75828
-6.7563
-6.74478
-6.72632
-6.70104
-6.67856
-6.66103
-6.65208
-6.65304
-6.66047
-6.67597
-6.69402
-6.7108
-6.72369
-6.73173
-6.73113
-6.72467
-6.70888
-6.68958
-6.66316
-6.63741
-6.61405
-6.59722
-6.5877
-6.58831
-6.59919
-6.61922
-6.6408
-6.66275
-6.68295
-6.70201
-6.72159
-6.74014
-6.75646
-6.77182
-6.78283
-6.78839
-6.78709
-6.78441
-6.77802
-6.77218
-6.7676
-6.76794
-6.76517
-6.76432
-6.76396
-6.76412
-6.76412
-6.76354
-6.76354
-6.76552
-6.76726
-6.76567
-6.76117
-6.75226
-6.74109
-6.72202
-6.70328
-6.68511
-6.66247
-6.64112
-6.61856
-6.59719
-6.57561
-6.55842
-6.55143
-6.54767
-6.55187
-6.56207
-6.57391
-6.59279
-6.61068
-6.62984
-6.65088
-6.67117
-6.69195
-6.7072
-6.71945
-6.72134
-6.7158
-6.70826
-6.69861
-6.69571
-6.69854
-6.71015
-6.73062
-6.75781
-6.784
-6.81134
-6.83709
-6.855
-6.86631
-6.87093
-6.86616
-6.85268
-6.82353
-6.78706
-6.74298
-6.6922
-6.64359
-6.5988
-6.56402
-6.54326
-6.53699
-6.54432
-6.56533
-6.59507
-6.62895
-6.66349
-6.69842
-6.73434
-6.76203
-6.78533
-6.80096
-6.80771
-6.80313
-6.79014
-6.76922
-6.74244
-6.71092
-6.68577
-6.66512
-6.65051
-6.64352
-6.64356
-6.64662
-6.65564
-6.66956
-6.6841
-6.70035
-6.71528
-6.72766
-6.7377
-6.74256
-6.74013
-6.73375
-6.71934
-6.69767
-6.66511
-6.62707
-6.58556
-6.55222
-6.52854
-6.52116
-6.52782
-6.55307
-6.59023
-6.63516
-6.68044
-6.72133
-6.75112
-6.77148
-6.77792
-6.77581
-6.76705
-6.75225
-6.73643
-6.72296
-6.71801
-6.72186
-6.7367
-6.75929
-6.78736
-6.81359
-6.83243
-6.8442
-6.84216
-6.83373
-6.81753
-6.79196
-6.76626
-6.74283
-6.71941
-6.70268
-6.68721
-6.68032
-6.67909
-6.67979
-6.68261
-6.69078
-6.6956
-6.69784
-6.6967
-6.69389
-6.68223
-6.67076
-6.65677
-6.64431
-6.62834
-6.61862
-6.61014
-6.60508
-6.61285
-6.62754
-6.65247
-6.68051
-6.70484
-6.7269
-6.7435
-6.74767
-6.74297
-6.731
-6.71298
-6.6921
-6.67008
-6.64963
-6.63576
-6.62897
-6.62899
-6.63564
-6.64604
-6.65914
-6.67252
-6.6838
-6.69511
-6.70246
-6.70598
-6.71012
-6.71309
-6.71536
-6.71635
-6.7125
-6.71093
-6.70399
-6.69518
-6.68426
-6.67239
-6.65873
-6.64753
-6.64414
-6.64245
-6.64848
-6.6566
-6.66914
-6.68891
-6.70644
-6.72444
-6.73802
-6.74608
-6.75249
-6.75664
-6.76207
-6.76605
-6.76944
-6.7745
-6.77799
-6.78063
-6.78257
-6.78071
-6.77405
-6.7623
-6.7495
-6.73551
-6.72192
-6.71304
-6.70862
-6.70518
-6.70102
-6.69753
-6.69046
-6.68436
-6.67266
-6.65928
-6.64556
-6.634
-6.62433
-6.62042
-6.62242
-6.63107
-6.64337
-6.6566
-6.66888
-6.68004
-6.68634
-6.6864
-6.68164
-6.66913
-6.65368
-6.63906
-6.62925
-6.6305
-6.64302
-6.66266
-6.68578
-6.71495
-6.7457
-6.77729
-6.81178
-6.84582
-6.87665
-6.89985
-6.9152
-6.9222
-6.91814
-6.90239
-6.88043
-6.84994
-6.81221
-6.77284
-6.73195
-6.69463
-6.65986
-6.62999
-6.60732
-6.59042
-6.58358
-6.58424
-6.59124
-6.60761
-6.62536
-6.65062
-6.67627
-6.69892
-6.72016
-6.74028
-6.75111
-6.75784
-6.75688
-6.74996
-6.73758
-6.72182
-6.70186
-6.67745
-6.65284
-6.63019
-6.61153
-6.60009
-6.59133
-6.58843
-6.58996
-6.59791
-6.61299
-6.63358
-6.6547
-6.67793
-6.69713
-6.71338
-6.72483
-6.7346
-6.73999
-6.74182
-6.74192
-6.74074
-6.73806
-6.73326
-6.72778
-6.72105
-6.71254
-6.70222
-6.69764
-6.6914
-6.68619
-6.68248
-6.6793
-6.67946
-6.68554
-6.6948
-6.70472
-6.7116
-6.71194
-6.71198
-6.70473
-6.69881
-6.69168
-6.68772
-6.69187
-6.70117
-6.71542
-6.72997
-6.74135
-6.74763
-6.74627
-6.74113
-6.72916
-6.71237
-6.69394
-6.67404
-6.65877
-6.65346
-6.65067
-6.65627
-6.66607
-6.67667
-6.68398
-6.68846
-6.69208
-6.69337
-6.69908
-6.70794
-6.71903
-6.73389
-6.74878
-6.76091
-6.7714
-6.78
-6.78001
-6.77502
-6.76377
-6.74739
-6.72692
-6.70637
-6.68604
-6.66668
-6.65551
-6.64857
-6.64278
-6.64266
-6.64345
-6.64357
-6.64522
-6.64823
-6.64947
-6.6504
-6.65457
-6.65604
-6.65942
-6.65887
-6.65785
-6.65693
-6.65452
-6.65055
-6.6486
-6.64395
-6.64329
-6.64308
-6.64433
-6.64432
-6.64307
-6.63979
-6.6383
-6.63977
-6.64877
-6.66857
-6.69421
-6.71994
-6.7407
-6.75823
-6.76559
-6.7633
-6.75554
-6.739
-6.72903
-6.71835
-6.71162
-6.71173
-6.71821
-6.72914
-6.74266
-6.75666
-6.7643
-6.76898
-6.7725
-6.77869
-6.77729
-6.77897
-6.77919
-6.77677
-6.77722
-6.7748
-6.77835
-6.77992
-6.77776
-6.77282
-6.76388
-6.74939
-6.73457
-6.71634
-6.70101
-6.6843
-6.66703
-6.65397
-6.64223
-6.63846
-6.64359
-6.65515
-6.67226
-6.68922
-6.70453
-6.71751
-6.72394
-6.72224
-6.71308
-6.69588
-6.67608
-6.65523
-6.63647
-6.61875
-6.60476
-6.59304
-6.58414
-6.57615
-6.57115
-6.56551
-6.56302
-6.56908
-6.58073
-6.59961
-6.62274
-6.64973
-6.67709
-6.7027
-6.7285
-6.75056
-6.76258
-6.76771
-6.7624
-6.74761
-6.73104
-6.71394
-6.70259
-6.69392
-6.69225
-6.69896
-6.70976
-6.72273
-6.73408
-6.74381
-6.75329
-6.7594
-6.76031
-6.75825
-6.75532
-6.75525
-6.76018
-6.76715
-6.77591
-6.78467
-6.79028
-6.7929
-6.78995
-6.78115
-6.76944
-6.75557
-6.73539
-6.71546
-6.69433
-6.6752
-6.65585
-6.64189
-6.63109
-6.62837
-6.62903
-6.63207
-6.63835
-6.64552
-6.65613
-6.66597
-6.67504
-6.68275
-6.69083
-6.69778
-6.70111
-6.70394
-6.70688
-6.70789
-6.70457
-6.70085
-6.69496
-6.69067
-6.68256
-6.6769
-6.67373
-6.67257
-6.67236
-6.67563
-6.68147
-6.69002
-6.70099
-6.71364
-6.72505
-6.73363
-6.73658
-6.72689
-6.70752
-6.68092
-6.65241
-6.6295
-6.62086
-6.62973
-6.65606
-6.6939
-6.73915
-6.78711
-6.82598
-6.85622
-6.87323
-6.88001
-6.8714
-6.85366
-6.82492
-6.79124
-6.75418
-6.71792
-6.6834
-6.6494
-6.62527
-6.60512
-6.59255
-6.58484
-6.58347
-6.58622
-6.59466
-6.6071
-6.62681
-6.65259
-6.68132
-6.70619
-6.72254
-6.72927
-6.72708
-6.71757
-6.7035
-6.68909
-6.67907
-6.67784
-6.68371
-6.69769
-6.71123
-6.72547
-6.73901
-6.75033
-6.75872
-6.76475
-6.77341
-6.78155
-6.78793
-6.79245
-6.7938
-6.78893
-6.77858
-6.76665
-6.74857
-6.7294
-6.71128
-6.68978
-6.66591
-6.64391
-6.62324
-6.60384
-6.58591
-6.57194
-6.56468
-6.55747
-6.55339
-6.5555
-6.56141
-6.5723
-6.59137
-6.61825
-6.65008
-6.68392
-6.71459
-6.74584
-6.77026
-6.79039
-6.79957
-6.79829
-6.78849
-6.77114
-6.74926
-6.72562
-6.70838
-6.69843
-6.69614
-6.70303
-6.71468
-6.72657
-6.73467
-6.73569
-6.73842
-6.7356
-6.73165
-6.72786
-6.72989
-6.7312
-6.73298
-6.73651
-6.73531
-6.72934
-6.7203
-6.70519
-6.68483
-6.65835
-6.62926
-6.59759
-6.57537
-6.56302
-6.56658
-6.58424
-6.61237
-6.64932
-6.68895
-6.72679
-6.75613
-6.77556
-6.78632
-6.79154
-6.78815
-6.7821
-6.77372
-6.76091
-6.74537
-6.72683
-6.70537
-6.68353
-6.66158
-6.64341
-6.62886
-6.62231
-6.62382
-6.629
-6.64514
-6.66701
-6.68992
-6.71438
-6.73762
-6.75415
-6.76229
-6.76514
-6.75938
-6.75264
-6.74295
-6.73359
-6.72653
-6.71616
-6.7065
-6.69728
-6.69138
-6.68868
-6.68945
-6.69306
-6.69529
-6.69722
-6.69712
-6.69414
-6.6895
-6.68436
-6.6767
-6.66805
-6.6596
-6.6501
-6.64485
-6.63983
-6.63715
-6.64484
-6.65642
-6.67552
-6.7036
-6.73404
-6.75734
-6.77645
-6.78788
-6.79466
-6.79097
-6.78307
-6.77469
-6.76684
-6.753
-6.74376
-6.73574
-6.72941
-6.72375
-6.71457
-6.70691
-6.70148
-6.69959
-6.69841
-6.70147
-6.70098
-6.69752
-6.69187
-6.68167
-6.67163
-6.65746
-6.63876
-6.61698
-6.59771
-6.5863
-6.58481
-6.59187
-6.6096
-6.63471
-6.66169
-6.69009
-6.71219
-6.72922
-6.74154
-6.7495
-6.75325
-6.75429
-6.75402
-6.757
-6.76265
-6.77438
-6.79231
-6.81268
-6.83226
-6.85098
-6.8616
-6.86343
-6.85735
-6.84246
-6.81719
-6.78654
-6.74909
-6.7079
-6.66769
-6.62729
-6.59458
-6.56721
-6.54769
-6.53444
-6.52718
-6.52699
-6.53355
-6.54671
-6.56405
-6.58367
-6.60449
-6.62443
-6.64241
-6.65694
-6.66959
-6.6794
-6.68774
-6.69382
-6.69679
-6.69836
-6.69883
-6.70258
-6.71088
-6.7198
-6.7358
-6.75684
-6.77822
-6.79932
-6.81961
-6.83498
-6.84617
-6.84773
-6.84288
-6.8326
-6.81956
-6.80363
-6.78739
-6.77071
-6.75322
-6.73753
-6.72246
-6.70815
-6.69471
-6.6812
-6.67197
-6.66247
-6.65
-6.63321
-6.61208
-6.58912
-6.56819
-6.55172
-6.54244
-6.54393
-6.55653
-6.57394
-6.59482
-6.61452
-6.62963
-6.639
-6.63949
-6.63541
-6.62741
-6.62025
-6.62111
-6.63137
-6.65192
-6.68264
-6.7194
-6.75578
-6.7928
-6.82222
-6.84439
-6.8535
-6.8512
-6.84114
-6.82217
-6.79425
-6.76458
-6.73646
-6.70978
-6.68572
-6.66464
-6.64673
-6.63046
-6.62026
-6.61146
-6.60781
-6.6074
-6.61437
-6.6258
-6.64177
-6.6618
-6.68469
-6.70929
-6.72983
-6.74712
-6.7595
-6.76157
-6.75196
-6.73595
-6.7154
-6.69467
-6.67355
-6.65197
-6.63436
-6.62246
-6.61928
-6.62261
-6.63541
-6.65666
-6.68395
-6.71045
-6.73445
-6.75373
-6.7661
-6.77189
-6.76799
-6.75999
-6.74963
-6.73454
-6.71776
-6.70183
-6.69013
-6.68066
-6.67721
-6.67645
-6.68257
-6.69209
-6.70632
-6.72221
-6.73866
-6.75029
-6.75712
-6.75843
-6.75652
-6.74634
-6.72987
-6.70866
-6.68476
-6.65969
-6.63439
-6.61687
-6.60674
-6.60722
-6.60975
-6.61663
-6.62369
-6.63079
-6.63588
-6.63836
-6.64068
-6.64058
-6.63926
-6.63693
-6.63608
-6.63679
-6.64491
-6.66344
-6.69174
-6.72733
-6.76487
-6.79851
-6.82818
-6.8469
-6.85538
-6.85466
-6.84681
-6.82819
-6.80589
-6.78274
-6.76071
-6.73871
-6.71963
-6.70721
-6.69775
-6.69312
-6.68831
-6.68213
-6.67237
-6.6677
-6.66742
-6.68155
-6.70536
-6.73587
-6.76258
-6.77936
-6.77843
-6.76377
-6.73867
-6.7104
-6.68196
-6.6599
-6.64407
-6.6346
-6.62918
-6.62693
-6.62351
-6.62109
-6.61482
-6.60393
-6.59579
-6.58936
-6.58625
-6.58435
-6.58898
-6.59646
-6.60777
-6.62005
-6.63955
-6.65981
-6.68176
-6.70782
-6.73219
-6.76006
-6.78449
-6.80599
-6.82194
-6.83144
-6.83222
-6.82737
-6.81742
-6.80665
-6.79468
-6.78048
-6.76621
-6.74912
-6.7265
-6.69966
-6.67086
-6.63624
-6.60186
-6.57312
-6.55046
-6.53774
-6.53967
-6.54861
-6.5682
-6.5997
-6.63814
-6.68046
-6.72519
-6.76698
-6.80472
-6.83217
-6.8504
-6.85906
-6.85526
-6.84158
-6.81929
-6.79086
-6.76219
-6.73238
-6.70577
-6.68486
-6.6702
-6.65973
-6.65419
-6.65364
-6.65621
-6.66255
-6.66961
-6.67228
-6.67516
-6.67771
-6.68005
-6.68608
-6.69654
-6.70793
-6.71676
-6.72553
-6.7297
-6.72959
-6.72889
-6.72511
-6.72231
-6.72059
-6.71869
-6.71676
-6.71755
-6.71782
-6.71687
-6.71968
-6.71582
-6.71422
-6.71185
-6.71254
-6.71603
-6.72126
-6.72517
-6.72719
-6.72995
-6.72679
-6.7203
-6.70801
-6.69689
-6.68766
-6.68082
-6.6793
-6.68175
-6.68643
-6.69363
-6.70275
-6.70929
-6.71521
-6.71729
-6.71454
-6.7063
-6.69104
-6.67508
-6.65619
-6.64043
-6.63053
-6.62561
-6.63274
-6.64313
-6.65962
-6.67814
-6.69644
-6.71234
-6.72742
-6.73625
-6.7386
-6.73772
-6.73204
-6.72236
-6.71384
-6.70456
-6.69555
-6.69068
-6.68748
-6.68765
-6.6897
-6.69639
-6.70273
-6.7137
-6.72363
-6.73338
-6.73996
-6.7443
-6.74076
-6.73388
-6.72673
-6.71305
-6.69867
-6.68434
-6.67348
-6.66452
-6.66028
-6.65939
-6.65732
-6.65625
-6.6515
-6.64721
-6.6402
-6.63323
-6.62685
-6.62683
-6.63532
-6.64934
-6.6702
-6.69114
-6.71003
-6.72418
-6.7265
-6.71961
-6.7081
-6.69232
-6.67717
-6.66208
-6.64878
-6.64169
-6.64144
-6.64565
-6.65634
-6.66898
-6.68091
-6.69119
-6.69555
-6.69384
-6.69209
-6.68784
-6.68649
-6.69101
-6.70801
-6.7315
-6.76031
-6.78983
-6.81531
-6.83022
-6.83462
-6.82701
-6.80777
-6.78066
-6.74996
-6.72206
-6.69691
-6.67787
-6.66845
-6.66704
-6.67355
-6.68345
-6.69329
-6.70274
-6.71004
-6.71709
-6.72051
-6.72524
-6.72832
-6.73601
-6.74329
-6.74977
-6.75671
-6.75794
-6.75378
-6.74165
-6.72656
-6.70532
-6.68334
-6.66003
-6.64114
-6.62575
-6.61744
-6.61666
-6.62072
-6.62533
-6.63215
-6.64013
-6.64539
-6.65604
-6.66258
-6.67122
-6.68136
-6.69028
-6.69778
-6.70206
-6.70405
-6.69918
-6.6932
-6.68607
-6.6747
-6.6637
-6.65579
-6.653
-6.65338
-6.65776
-6.66366
-6.67574
-6.6894
-6.70105
-6.71261
-6.71995
-6.72623
-6.72956
-6.72675
-6.72238
-6.71762
-6.71245
-6.70565
-6.70047
-6.69446
-6.68396
-6.66856
-6.65005
-6.63007
-6.61389
-6.60512
-6.61067
-6.62916
-6.656
-6.69251
-6.72915
-6.75994
-6.78129
-6.7892
-6.78562
-6.77043
-6.74602
-6.71776
-6.69094
-6.6688
-6.65146
-6.63851
-6.63139
-6.62676
-6.62122
-6.61933
-6.62315
-6.63038
-6.64482
-6.66522
-6.6895
-6.71164
-6.73132
-6.74791
-6.76325
-6.77241
-6.7751
-6.77323
-6.76663
-6.75386
-6.73756
-6.72283
-6.7066
-6.69569
-6.68844
-6.68866
-6.69219
-6.70168
-6.71098
-6.72229
-6.72685
-6.7277
-6.72766
-6.72018
-6.71187
-6.70616
-6.70005
-6.69799
-6.69314
-6.69175
-6.69358
-6.69933
-6.69902
-6.69777
-6.69227
-6.6849
-6.67831
-6.67374
-6.67453
-6.6809
-6.69424
-6.7118
-6.73209
-6.74957
-6.76121
-6.76775
-6.76458
-6.75196
-6.73359
-6.71062
-6.68478
-6.66572
-6.65593
-6.65459
-6.66145
-6.67809
-6.69749
-6.71605
-6.73979
-6.75701
-6.76869
-6.77789
-6.77877
-6.77553
-6.76294
-6.74403
-6.72495
-6.70862
-6.6972
-6.69018
-6.68889
-6.6863
-6.68039
-6.67658
-6.67011
-6.6665
-6.66706
-6.66667
-6.67215
-6.68021
-6.6877
-6.69405
-6.69912
-6.70001
-6.69891
-6.69636
-6.69389
-6.69606
-6.70068
-6.70753
-6.71566
-6.72566
-6.73125
-6.73128
-6.72212
-6.70829
-6.68963
-6.66831
-6.64745
-6.63093
-6.61898
-6.6137
-6.61589
-6.62041
-6.63099
-6.64534
-6.66118
-6.67714
-6.68882
-6.69571
-6.70067
-6.70269
-6.70377
-6.70653
-6.71185
-6.72472
-6.73952
-6.7539
-6.76946
-6.77814
-6.78403
-6.78462
-6.78355
-6.78115
-6.77695
-6.76925
-6.75808
-6.74379
-6.7267
-6.71299
-6.70132
-6.6915
-6.687
-6.69006
-6.69499
-6.70263
-6.71166
-6.72036
-6.72309
-6.71754
-6.70101
-6.67805
-6.64847
-6.61962
-6.59315
-6.57507
-6.56452
-6.55855
-6.55735
-6.55918
-6.56762
-6.57632
-6.5906
-6.61207
-6.63045
-6.6521
-6.67102
-6.68815
-6.70358
-6.71645
-6.72922
-6.73933
-6.75139
-6.76494
-6.77961
-6.79395
-6.81166
-6.82782
-6.83788
-6.8467
-6.85259
-6.85033
-6.8439
-6.83132
-6.81124
-6.795
-6.7823
-6.77143
-6.76275
-6.75584
-6.74906
-6.73812
-6.71978
-6.69321
-6.66156
-6.62994
-6.59986
-6.57637
-6.56501
-6.56322
-6.57005
-6.58375
-6.60658
-6.63257
-6.66061
-6.68757
-6.71023
-6.73112
-6.74422
-6.75398
-6.75778
-6.75987
-6.76621
-6.77408
-6.78408
-6.78696
-6.78594
-6.77328
-6.74916
-6.71692
-6.68033
-6.64174
-6.61147
-6.58671
-6.57034
-6.56414
-6.56567
-6.56835
-6.57457
-6.57952
-6.58645
-6.58943
-6.5934
-6.60114
-6.60809
-6.61936
-6.63379
-6.65088
-6.66988
-6.69328
-6.71473
-6.73433
-6.74741
-6.75709
-6.76526
-6.77253
-6.77682
-6.78701
-6.79874
-6.80964
-6.81916
-6.82432
-6.82137
-6.81243
-6.79576
-6.77343
-6.74872
-6.72726
-6.71241
-6.70419
-6.70397
-6.70803
-6.71479
-6.72419
-6.73245
-6.73854
-6.73893
-6.73381
-6.72033
-6.69959
-6.67179
-6.63968
-6.60631
-6.57485
-6.54841
-6.5302
-6.52128
-6.52811
-6.54642
-6.57309
-6.60457
-6.63506
-6.66513
-6.69091
-6.71306
-6.7285
-6.7393
-6.74739
-6.75141
-6.75263
-6.75547
-6.75994
-6.76601
-6.77105
-6.77767
-6.7793
-6.77695
-6.76904
-6.75482
-6.73903
-6.72087
-6.70211
-6.68319
-6.66519
-6.65146
-6.63963
-6.63038
-6.61701
-6.60663
-6.60161
-6.60033
-6.60652
-6.6175
-6.63079
-6.64574
-6.65727
-6.6661
-6.66865
-6.66675
-6.66031
-6.65481
-6.65312
-6.65713
-6.67496
-6.69721
-6.72484
-6.7509
-6.77291
-6.78794
-6.79929
-6.80366
-6.79771
-6.78656
-6.76897
-6.74884
-6.72523
-6.70231
-6.67779
-6.65889
-6.65007
-6.64753
-6.65375
-6.66272
-6.67102
-6.67735
-6.6799
-6.68426
-6.6834
-6.68496
-6.68602
-6.68564
-6.68674
-6.68703
-6.68997
-6.69125
-6.69501
-6.69756
-6.6961
-6.69817
-6.69524
-6.69003
-6.68056
-6.66903
-6.66257
-6.65918
-6.66268
-6.67232
-6.68496
-6.69765
-6.70969
-6.71603
-6.71409
-6.70513
-6.68565
-6.66198
-6.63543
-6.61446
-6.60439
-6.60824
-6.62518
-6.65475
-6.68928
-6.72299
-6.75194
-6.76797
-6.77133
-6.76617
-6.75629
-6.74266
-6.72969
-6.72483
-6.72657
-6.7303
-6.73628
-6.74207
-6.74442
-6.74723
-6.74493
-6.73894
-6.73238
-6.72562
-6.72017
-6.72263
-6.72943
-6.73751
-6.74908
-6.75816
-6.76299
-6.76607
-6.76724
-6.76073
-6.75173
-6.74034
-6.73274
-6.72418
-6.71718
-6.71168
-6.70957
-6.71004
-6.70868
-6.70317
-6.6958
-6.68474
-6.67415
-6.66138
-6.65296
-6.65331
-6.66289
-6.67871
-6.69699
-6.71377
-6.73139
-6.74053
-6.74469
-6.74018
-6.73187
-6.71661
-6.69897
-6.67818
-6.65453
-6.63027
-6.60809
-6.59081
-6.58028
-6.58007
-6.58923
-6.60471
-6.63099
-6.6575
-6.68384
-6.71177
-6.73606
-6.75713
-6.77208
-6.78466
-6.79168
-6.79304
-6.78595
-6.77617
-6.75999
-6.74187
-6.72237
-6.70314
-6.6859
-6.67738
-6.67473
-6.67859
-6.68878
-6.70551
-6.72381
-6.73926
-6.75238
-6.75835
-6.75663
-6.74588
-6.72843
-6.70631
-6.68269
-6.658
-6.63471
-6.60943
-6.582
-6.55574
-6.53299
-6.51814
-6.5127
-6.51709
-6.53429
-6.56206
-6.59332
-6.62655
-6.65666
-6.68767
-6.71303
-6.73359
-6.74917
-6.76062
-6.76659
-6.76994
-6.77431
-6.78043
-6.78846
-6.80005
-6.81654
-6.83221
-6.84785
-6.86081
-6.86578
-6.86238
-6.84747
-6.81848
-6.7818
-6.74325
-6.70425
-6.66782
-6.63686
-6.61669
-6.60667
-6.60287
-6.60712
-6.616
-6.62474
-6.63268
-6.6386
-6.64653
-6.65741
-6.67252
-6.6884
-6.70783
-6.72484
-6.73568
-6.74164
-6.74518
-6.74565
-6.74673
-6.74578
-6.74261
-6.74045
-6.74114
-6.74251
-6.74609
-6.75242
-6.76297
-6.77802
-6.79167
-6.80322
-6.80925
-6.80978
-6.79817
-6.77947
-6.74853
-6.71019
-6.66679
-6.62531
-6.587
-6.56115
-6.55008
-6.55707
-6.58008
-6.61278
-6.64742
-6.68087
-6.70765
-6.72587
-6.72666
-6.71746
-6.70211
-6.67786
-6.65109
-6.62269
-6.60236
-6.58601
-6.57783
-6.57887
-6.59363
-6.61887
-6.65579
-6.70615
-6.75953
-6.81752
-6.86675
-6.90313
-6.92338
-6.92421
-6.90649
-6.87093
-6.82766
-6.77883
-6.73094
-6.68531
-6.64575
-6.613
-6.59065
-6.57762
-6.57839
-6.58565
-6.60332
-6.62262
-6.64173
-6.66197
-6.67533
-6.68286
-6.6873
-6.68371
-6.67874
-6.67202
-6.66862
-6.66923
-6.67819
-6.69055
-6.70828
-6.72823
-6.74274
-6.75367
-6.75675
-6.7554
-6.74743
-6.73273
-6.71539
-6.69397
-6.67368
-6.65418
-6.64385
-6.63797
-6.64407
-6.65785
-6.67708
-6.69557
-6.71805
-6.73684
-6.75431
-6.76965
-6.77947
-6.78442
-6.78878
-6.79306
-6.79458
-6.79552
-6.79121
-6.78368
-6.77253
-6.75877
-6.74282
-6.72749
-6.7132
-6.70213
-6.6919
-6.68365
-6.67678
-6.66682
-6.65745
-6.65257
-6.64977
-6.65243
-6.66614
-6.68294
-6.70032
-6.71951
-6.73333
-6.74445
-6.75128
-6.75474
-6.75254
-6.74188
-6.72149
-6.69441
-6.66155
-6.62938
-6.60135
-6.57998
-6.56913
-6.56562
-6.57257
-6.58399
-6.60043
-6.61483
-6.62743
-6.63413
-6.6375
-6.6357
-6.63143
-6.62662
-6.62667
-6.6303
-6.63622
-6.64753
-6.66309
-6.67867
-6.6959
-6.71177
-6.72372
-6.73012
-6.73014
-6.72592
-6.72036
-6.71878
-6.72394
-6.73209
-6.74316
-6.75415
-6.76553
-6.77962
-6.79014
-6.79636
-6.80011
-6.79931
-6.79348
-6.78079
-6.77014
-6.75806
-6.74365
-6.7306
-6.72125
-6.70974
-6.70198
-6.68973
-6.67874
-6.67074
-6.66739
-6.66374
-6.66291
-6.66065
-6.66094
-6.66016
-6.66315
-6.66523
-6.66777
-6.67056
-6.67533
-6.67969
-6.67904
-6.6764
-6.67072
-6.66819
-6.66778
-6.67393
-6.68241
-6.6944
-6.70889
-6.72073
-6.73145
-6.73911
-6.74726
-6.74786
-6.74858
-6.74527
-6.74244
-6.73657
-6.7302
-6.72767
-6.72242
-6.72141
-6.72589
-6.73201
-6.74124
-6.75046
-6.7567
-6.75757
-6.74986
-6.73863
-6.71977
-6.69962
-6.68376
-6.66671
-6.65501
-6.65011
-6.6473
-6.64828
-6.65356
-6.6552
-6.65276
-6.6482
-6.64057
-6.63148
-6.62601
-6.62418
-6.62969
-6.63774
-6.65111
-6.66406
-6.67883
-6.69389
-6.70802
-6.71836
-6.72714
-6.73304
-6.73736
-6.74123
-6.74292
-6.74274
-6.74165
-6.7402
-6.74184
-6.74354
-6.74658
-6.75263
-6.75922
-6.76121
-6.75957
-6.75483
-6.74469
-6.73028
-6.70965
-6.68897
-6.66916
-6.65393
-6.64073
-6.63225
-6.6261
-6.62497
-6.63001
-6.64101
-6.65685
-6.67422
-6.69487
-6.71407
-6.72945
-6.74032
-6.7479
-6.75063
-6.75266
-6.7544
-6.75674
-6.76239
-6.76464
-6.76245
-6.7556
-6.7435
-6.72505
-6.70671
-6.68657
-6.66496
-6.64808
-6.63373
-6.62544
-6.62605
-6.63171
-6.63811
-6.64286
-6.64398
-6.63736
-6.62577
-6.61427
-6.60149
-6.59901
-6.60663
-6.62623
-6.65111
-6.67651
-6.70007
-6.71814
-6.73595
-6.75229
-6.76649
-6.77742
-6.78514
-6.78731
-6.78381
-6.77456
-6.75795
-6.73995
-6.72235
-6.70282
-6.68693
-6.67815
-6.67456
-6.67391
-6.67673
-6.68336
-6.69013
-6.70124
-6.71414
-6.72844
-6.74397
-6.76035
-6.77553
-6.79076
-6.79815
-6.80297
-6.80166
-6.79443
-6.77936
-6.76095
-6.74122
-6.71718
-6.69414
-6.67441
-6.65555
-6.63918
-6.62913
-6.62297
-6.62148
-6.62497
-6.63388
-6.64536
-6.66111
-6.67835
-6.69695
-6.71355
-6.72519
-6.73202
-6.73235
-6.72578
-6.71315
-6.69447
-6.67187
-6.64925
-6.62355
-6.6048
-6.59419
-6.59144
-6.59945
-6.61547
-6.6357
-6.65966
-6.68016
-6.69607
-6.71012
-6.71708
-6.717
-6.71792
-6.7164
-6.71377
-6.71092
-6.71087
-6.71181
-6.71618
-6.71703
-6.71579
-6.7168
-6.71984
-6.71971
-6.71702
-6.71782
-6.72264
-6.72865
-6.7397
-6.75015
-6.75813
-6.76476
-6.77076
-6.77619
-6.77934
-6.77932
-6.77267
-6.75836
-6.73974
-6.71577
-6.69292
-6.67471
-6.66095
-6.65341
-6.64906
-6.6487
-6.64768
-6.64849
-6.65109
-6.65505
-6.66232
-6.67896
-6.69521
-6.71343
-6.73071
-6.74566
-6.75656
-6.76693
-6.77114
-6.76968
-6.76114
-6.74513
-6.72772
-6.71145
-6.69337
-6.68164
-6.67642
-6.67652
-6.68028
-6.68778
-6.69357
-6.69876
-6.70035
-6.69963
-6.69857
-6.69628
-6.69503
-6.69299
-6.69157
-6.68859
-6.68297
-6.67856
-6.67645
-6.67561
-6.67855
-6.68468
-6.69076
-6.69928
-6.70809
-6.71531
-6.71922
-6.72194
-6.7234
-6.72084
-6.71451
-6.7063
-6.70007
-6.70273
-6.70986
-6.7216
-6.73693
-6.75056
-6.75425
-6.75149
-6.73764
-6.71607
-6.6899
-6.65849
-6.63073
-6.60912
-6.59884
-6.60388
-6.62061
-6.64889
-6.6832
-6.71563
-6.74309
-6.76603
-6.77701
-6.77884
-6.77248
-6.75549
-6.73773
-6.71969
-6.70337
-6.69678
-6.69531
-6.70083
-6.70731
-6.71262
-6.71355
-6.71357
-6.71137
-6.70879
-6.71176
-6.71394
-6.71817
-6.71657
-6.71236
-6.69978
-6.68523
-6.66369
-6.64083
-6.61977
-6.60386
-6.59676
-6.5969
-6.5998
-6.61152
-6.62953
-6.64895
-6.67452
-6.69985
-6.72126
-6.73697
-6.7417
-6.73612
-6.72522
-6.70973
-6.69013
-6.67668
-6.66129
-6.65035
-6.64053
-6.6378
-6.64037
-6.64577
-6.66003
-6.67969
-6.70278
-6.72571
-6.75186
-6.7782
-6.80511
-6.82757
-6.84725
-6.86211
-6.86646
-6.86236
-6.84738
-6.82589
-6.8028
-6.77622
-6.75266
-6.72727
-6.70171
-6.68284
-6.66929
-6.65671
-6.64939
-6.64911
-6.65278
-6.66015
-6.66449
-6.6743
-6.68613
-6.70024
-6.71214
-6.72324
-6.73035
-6.73559
-6.73197
-6.71962
-6.6939
-6.66691
-6.63678
-6.60907
-6.5917
-6.58725
-6.59548
-6.61452
-6.63755
-6.65517
-6.67139
-6.68311
-6.69206
-6.70066
-6.70261
-6.70188
-6.697
-6.69528
-6.68832
-6.68028
-6.66753
-6.65447
-6.64178
-6.62975
-6.62005
-6.61511
-6.61048
-6.60929
-6.61039
-6.61556
-6.6234
-6.63117
-6.64087
-6.65303
-6.66851
-6.68569
-6.70544
-6.72749
-6.75145
-6.7749
-6.79263
-6.80822
-6.8186
-6.82331
-6.81905
-6.80809
-6.79471
-6.78013
-6.76183
-6.74481
-6.72612
-6.70777
-6.68676
-6.66669
-6.64911
-6.63893
-6.64124
-6.65038
-6.66461
-6.68701
-6.70877
-6.72626
-6.7346
-6.73259
-6.72126
-6.70158
-6.68258
-6.66683
-6.66131
-6.66575
-6.67732
-6.69271
-6.7068
-6.71487
-6.72164
-6.72804
-6.73409
-6.73785
-6.73977
-6.73649
-6.72621
-6.71482
-6.69601
-6.67099
-6.64811
-6.62531
-6.61021
-6.60142
-6.59462
-6.5858
-6.58095
-6.58026
-6.5861
-6.60521
-6.63374
-6.66965
-6.70974
-6.75003
-6.78644
-6.81625
-6.83918
-6.85383
-6.86001
-6.85735
-6.84622
-6.83048
-6.80953
-6.78394
-6.75292
-6.72678
-6.70161
-6.6843
-6.67244
-6.66596
-6.66011
-6.65887
-6.65929
-6.65968
-6.65981
-6.65673
-6.65198
-6.64332
-6.63235
-6.62168
-6.61039
-6.60274
-6.59818
-6.60014
-6.60584
-6.61604
-6.63037
-6.64538
-6.66362
-6.68327
-6.7028
-6.7224
-6.74375
-6.76545
-6.78771
-6.80597
-6.81695
-6.82153
-6.81608
-6.80077
-6.78039
-6.75979
-6.74059
-6.72626
-6.71474
-6.71034
-6.7114
-6.72238
-6.73686
-6.75641
-6.77413
-6.78744
-6.79527
-6.7953
-6.78913
-6.78037
-6.76685
-6.75076
-6.73608
-6.71931
-6.70634
-6.69348
-6.6809
-6.66678
-6.65344
-6.63975
-6.62514
-6.61184
-6.599
-6.58917
-6.57915
-6.57663
-6.57714
-6.58347
-6.59124
-6.60236
-6.61822
-6.63768
-6.66207
-6.68909
-6.71314
-6.73381
-6.75063
-6.7604
-6.76455
-6.76219
-6.75475
-6.7436
-6.73517
-6.72557
-6.71935
-6.71424
-6.71202
-6.70824
-6.70297
-6.69748
-6.69022
-6.68029
-6.6674
-6.6539
-6.64081
-6.62881
-6.61776
-6.61475
-6.61586
-6.62344
-6.63813
-6.65806
-6.68508
-6.71137
-6.73788
-6.76029
-6.77992
-6.79217
-6.79057
-6.78166
-6.76652
-6.74512
-6.72044
-6.69303
-6.66918
-6.64781
-6.63313
-6.62368
-6.62106
-6.62318
-6.63027
-6.64272
-6.65542
-6.66588
-6.67467
-6.67821
-6.68143
-6.68587
-6.6915
-6.70411
-6.72006
-6.74541
-6.7763
-6.80625
-6.83264
-6.8477
-6.85361
-6.84637
-6.83372
-6.81561
-6.79188
-6.77174
-6.74794
-6.72669
-6.70871
-6.69321
-6.68037
-6.67139
-6.66855
-6.66807
-6.66693
-6.66563
-6.66623
-6.66766
-6.6733
-6.67799
-6.68578
-6.69848
-6.71505
-6.72792
-6.73756
-6.73926
-6.73425
-6.71713
-6.69312
-6.66978
-6.64641
-6.62949
-6.62058
-6.61816
-6.62147
-6.63078
-6.64155
-6.64865
-6.65782
-6.66459
-6.67228
-6.6779
-6.68449
-6.68543
-6.68485
-6.67581
-6.65888
-6.63541
-6.60986
-6.58939
-6.57588
-6.57244
-6.58057
-6.5967
-6.62286
-6.6525
-6.68434
-6.72373
-6.76292
-6.79838
-6.83072
-6.85771
-6.87466
-6.88643
-6.88835
-6.8793
-6.8627
-6.84008
-6.80931
-6.7805
-6.75339
-6.73175
-6.71855
-6.71192
-6.71091
-6.71725
-6.72158
-6.72482
-6.72686
-6.72702
-6.72677
-6.72172
-6.71665
-6.71091
-6.69939
-6.6785
-6.6533
-6.62862
-6.60957
-6.59911
-6.59485
-6.59997
-6.60912
-6.61934
-6.62924
-6.63889
-6.64626
-6.64817
-6.64858
-6.64544
-6.64351
-6.64145
-6.64333
-6.64815
-6.65517
-6.66572
-6.67621
-6.68498
-6.69312
-6.70254
-6.71038
-6.7184
-6.72912
-6.74008
-6.75395
-6.7707
-6.78403
-6.79446
-6.79701
-6.79199
-6.78174
-6.76346
-6.74416
-6.7216
-6.70044
-6.68022
-6.66856
-6.66296
-6.66475
-6.67149
-6.67509
-6.67428
-6.67156
-6.66477
-6.65763
-6.64991
-6.64741
-6.64982
-6.65667
-6.66628
-6.67227
-6.67972
-6.68486
-6.68715
-6.69284
-6.69973
-6.70844
-6.72524
-6.74695
-6.76982
-6.79337
-6.81225
-6.82212
-6.82079
-6.80894
-6.78522
-6.7488
-6.71237
-6.67713
-6.65199
-6.63402
-6.63405
-6.64432
-6.66316
-6.68757
-6.70789
-6.7207
-6.72578
-6.72771
-6.72427
-6.71878
-6.71651
-6.71528
-6.71723
-6.71901
-6.72138
-6.72511
-6.7211
-6.71524
-6.70587
-6.69428
-6.68108
-6.67059
-6.66232
-6.65988
-6.66007
-6.66864
-6.67779
-6.69151
-6.69921
-6.70392
-6.70463
-6.70067
-6.69023
-6.67804
-6.66784
-6.65846
-6.64995
-6.64676
-6.64699
-6.65032
-6.65548
-6.66098
-6.66796
-6.67391
-6.68024
-6.68592
-6.69222
-6.69921
-6.71002
-6.72569
-6.73899
-6.75086
-6.76031
-6.76156
-6.76118
-6.75649
-6.7553
-6.75349
-6.75242
-6.75419
-6.75725
-6.76185
-6.76325
-6.76415
-6.76251
-6.7534
-6.74236
-6.731
-6.71657
-6.70236
-6.69038
-6.67864
-6.66552
-6.65395
-6.63941
-6.62189
-6.60747
-6.5945
-6.58256
-6.57639
-6.57509
-6.5819
-6.59462
-6.6129
-6.63793
-6.66835
-6.70009
-6.72982
-6.75103
-6.76721
-6.77161
-6.76412
-6.74744
-6.72624
-6.70264
-6.67996
-6.66585
-6.65885
-6.6626
-6.67247
-6.68874
-6.71113
-6.73641
-6.76164
-6.78211
-6.79432
-6.79427
-6.78778
-6.7727
-6.7519
-6.73111
-6.71546
-6.70136
-6.69268
-6.68932
-6.69269
-6.70234
-6.71384
-6.72463
-6.73572
-6.74264
-6.74615
-6.74617
-6.74592
-6.74085
-6.73234
-6.72662
-6.71597
-6.70555
-6.69975
-6.69761
-6.69964
-6.70293
-6.71035
-6.7149
-6.71759
-6.71302
-6.70603
-6.69166
-6.67638
-6.66174
-6.64938
-6.63731
-6.63603
-6.64335
-6.65456
-6.66948
-6.68801
-6.70976
-6.72885
-6.74778
-6.76682
-6.78143
-6.78969
-6.79226
-6.78629
-6.77392
-6.7545
-6.7273
-6.7031
-6.68484
-6.67289
-6.66671
-6.66769
-6.66943
-6.66843
-6.6648
-6.65989
-6.65579
-6.65314
-6.65648
-6.66727
-6.68143
-6.69767
-6.71261
-6.72584
-6.73431
-6.73986
-6.74119
-6.73759
-6.73094
-6.72392
-6.71092
-6.69648
-6.68091
-6.66679
-6.65168
-6.63925
-6.63103
-6.62546
-6.62676
-6.63036
-6.63916
-6.65354
-6.67249
-6.69341
-6.71299
-6.73402
-6.75071
-6.76532
-6.77276
-6.77271
-6.76585
-6.7557
-6.74351
-6.73001
-6.71587
-6.70516
-6.69512
-6.68487
-6.67433
-6.66291
-6.65198
-6.64024
-6.63242
-6.63012
-6.63353
-6.64511
-6.66501
-6.69158
-6.71966
-6.75107
-6.77514
-6.79383
-6.80984
-6.81825
-6.81789
-6.80688
-6.78958
-6.76707
-6.74139
-6.71687
-6.69799
-6.6812
-6.67393
-6.67369
-6.67893
-6.68512
-6.69294
-6.70209
-6.70623
-6.70671
-6.70262
-6.69512
-6.68496
-6.66649
-6.64788
-6.6292
-6.61655
-6.60828
-6.60544
-6.61249
-6.62295
-6.63802
-6.6519
-6.66129
-6.6635
-6.65963
-6.64968
-6.63801
-6.62426
-6.61198
-6.60494
-6.60694
-6.61715
-6.63565
-6.65935
-6.68878
-6.71663
-6.74019
-6.76087
-6.77449
-6.78202
-6.78503
-6.77974
-6.77367
-6.76741
-6.7582
-6.7461
-6.73605
-6.72322
-6.71432
-6.70207
-6.69424
-6.68579
-6.68025
-6.67554
-6.67158
-6.67314
-6.67681
-6.68443
-6.69441
-6.70671
-6.72266
-6.73996
-6.75592
-6.76847
-6.78119
-6.78593
-6.78687
-6.78373
-6.77711
-6.76976
-6.75785
-6.74517
-6.73354
-6.72259
-6.71502
-6.70889
-6.69854
-6.68516
-6.666
-6.64454
-6.6237
-6.60453
-6.58892
-6.58207
-6.58317
-6.59549
-6.61425
-6.63971
-6.66377
-6.68741
-6.70739
-6.71707
-6.7185
-6.70849
-6.69121
-6.66965
-6.64732
-6.63145
-6.62537
-6.62889
-6.64225
-6.66081
-6.68557
-6.7054
-6.72567
-6.74771
-6.76201
-6.77646
-6.78239
-6.7872
-6.78496
-6.77895
-6.77005
-6.76317
-6.75507
-6.74927
-6.74342
-6.74035
-6.73404
-6.72918
-6.72524
-6.71903
-6.71057
-6.69988
-6.68523
-6.66828
-6.64749
-6.62899
-6.61293
-6.60496
-6.60573
-6.61461
-6.63097
-6.64819
-6.66653
-6.67753
-6.68789
-6.69369
-6.6915
-6.68892
-6.68331
-6.67848
-6.67271
-6.66847
-6.66783
-6.67113
-6.67364
-6.67669
-6.6792
-6.68071
-6.68124
-6.68301
-6.6852
-6.68905
-6.69339
-6.69952
-6.70561
-6.70873
-6.71022
-6.71187
-6.70868
-6.70618
-6.70185
-6.69661
-6.6927
-6.69093
-6.68926
-6.68875
-6.6921
-6.70386
-6.71844
-6.73713
-6.76102
-6.78159
-6.79494
-6.7974
-6.79331
-6.78118
-6.76565
-6.7495
-6.73632
-6.72511
-6.72056
-6.71878
-6.72198
-6.7285
-6.73895
-6.75069
-6.76259
-6.77213
-6.77987
-6.77969
-6.77665
-6.76556
-6.75304
-6.73559
-6.71117
-6.68609
-6.65342
-6.62209
-6.59171
-6.56455
-6.54346
-6.52685
-6.51705
-6.51519
-6.52114
-6.53147
-6.55206
-6.57935
-6.61148
-6.64942
-6.68861
-6.72568
-6.75958
-6.78677
-6.80662
-6.81485
-6.81343
-6.80491
-6.78639
-6.76637
-6.74428
-6.72199
-6.70058
-6.68602
-6.67345
-6.66733
-6.66591
-6.67021
-6.67948
-6.69242
-6.70774
-6.72169
-6.7318
-6.73439
-6.7294
-6.71401
-6.69607
-6.67619
-6.65324
-6.63299
-6.62093
-6.62043
-6.63321
-6.65577
-6.68211
-6.70737
-6.72951
-6.74636
-6.75624
-6.75879
-6.75415
-6.74295
-6.731
-6.72236
-6.71401
-6.70612
-6.69909
-6.69055
-6.67653
-6.6638
-6.6514
-6.6456
-6.64321
-6.64435
-6.6487
-6.6555
-6.66816
-6.67697
-6.68623
-6.69564
-6.70486
-6.71218
-6.71602
-6.72231
-6.72771
-6.72556
-6.72042
-6.71595
-6.70867
-6.70886
-6.71701
-6.7333
-6.75227
-6.77645
-6.80095
-6.81661
-6.82266
-6.81719
-6.80316
-6.78184
-6.76123
-6.74283
-6.72425
-6.71203
-6.70367
-6.70201
-6.7049
-6.71204
-6.71996
-6.7269
-6.73022
-6.72947
-6.72525
-6.72071
-6.71908
-6.71774
-6.71508
-6.71471
-6.71099
-6.70706
-6.69867
-6.68762
-6.67584
-6.66177
-6.64426
-6.62685
-6.61179
-6.60176
-6.59699
-6.59809
-6.59906
-6.6057
-6.60955
-6.61319
-6.61454
-6.61307
-6.61182
-6.60696
-6.60266
-6.5972
-6.59132
-6.58936
-6.59258
-6.59859
-6.60676
-6.61706
-6.63208
-6.64761
-6.66247
-6.67202
-6.67958
-6.69052
-6.70155
-6.71524
-6.73238
-6.7517
-6.77136
-6.78756
-6.79979
-6.80387
-6.80545
-6.79959
-6.78866
-6.77791
-6.76973
-6.76687
-6.76805
-6.76754
-6.76379
-6.76215
-6.75591
-6.75276
-6.75445
-6.75619
-6.75755
-6.76356
-6.76672
-6.77044
-6.77001
-6.7673
-6.7657
-6.7631
-6.75898
-6.75271
-6.74628
-6.74106
-6.73217
-6.7129
-6.68869
-6.66235
-6.63286
-6.60271
-6.575
-6.55484
-6.5458
-6.55158
-6.56572
-6.5878
-6.60864
-6.62322
-6.63096
-6.63131
-6.62732
-6.61667
-6.60773
-6.5993
-6.59093
-6.58381
-6.5814
-6.58153
-6.58729
-6.599
-6.61838
-6.64394
-6.67403
-6.70479
-6.7366
-6.76293
-6.7828
-6.79286
-6.79144
-6.78121
-6.76551
-6.74529
-6.72425
-6.70719
-6.69628
-6.69384
-6.69293
-6.69621
-6.7006
-6.70531
-6.7057
-6.70435
-6.6979
-6.68948
-6.68133
-6.67571
-6.67176
-6.67715
-6.68811
-6.7096
-6.73779
-6.76367
-6.78665
-6.80172
-6.80592
-6.80205
-6.78911
-6.77403
-6.75541
-6.73828
-6.72407
-6.71337
-6.71131
-6.70837
-6.70899
-6.71239
-6.71867
-6.72521
-6.73333
-6.74255
-6.74986
-6.75213
-6.74947
-6.74273
-6.7285
-6.70686
-6.68142
-6.65207
-6.62305
-6.59858
-6.57841
-6.56818
-6.57222
-6.5856
-6.60478
-6.63242
-6.66384
-6.6875
-6.70771
-6.71964
-6.72007
-6.70865
-6.69289
-6.67231
-6.64673
-6.62287
-6.6021
-6.58775
-6.57966
-6.58324
-6.59641
-6.61951
-6.64838
-6.68251
-6.71216
-6.74029
-6.76367
-6.77634
-6.78399
-6.78441
-6.77892
-6.7714
-6.76051
-6.74917
-6.73662
-6.72529
-6.71503
-6.70638
-6.69547
-6.68914
-6.68163
-6.67441
-6.67161
-6.66867
-6.66862
-6.67295
-6.67776
-6.68855
-6.70316
-6.71831
-6.73301
-6.74325
-6.75205
-6.75705
-6.76036
-6.76195
-6.76477
-6.76647
-6.76795
-6.76786
-6.76527
-6.75762
-6.74935
-6.73571
-6.71864
-6.69984
-6.67926
-6.66
-6.64765
-6.63798
-6.63686
-6.64385
-6.65093
-6.65763
-6.65787
-6.6534
-6.6505
-6.64759
-6.64893
-6.65575
-6.66205
-6.67292
-6.68408
-6.69151
-6.69481
-6.69311
-6.68877
-6.68189
-6.67445
-6.66861
-6.66284
-6.66414
-6.66742
-6.67568
-6.68961
-6.70278
-6.72169
-6.73915
-6.75665
-6.77606
-6.79438
-6.80695
-6.81316
-6.8135
-6.80649
-6.7911
-6.77305
-6.75152
-6.72761
-6.70707
-6.69028
-6.67918
-6.6749
-6.67395
-6.67411
-6.67059
-6.66488
-6.65536
-6.64116
-6.62544
-6.60799
-6.59143
-6.58057
-6.57805
-6.58497
-6.59985
-6.62047
-6.64213
-6.66495
-6.68529
-6.6992
-6.71294
-6.72108
-6.72682
-6.73004
-6.7326
-6.73355
-6.73541
-6.74008
-6.74521
-6.74867
-6.74706
-6.74102
-6.7305
-6.71552
-6.69561
-6.66869
-6.64085
-6.61413
-6.5916
-6.57912
-6.57556
-6.58909
-6.60852
-6.63121
-6.65499
-6.67246
-6.67953
-6.67543
-6.66589
-6.65163
-6.63834
-6.63407
-6.63941
-6.65638
-6.68667
-6.72543
-6.76754
-6.8045
-6.83382
-6.85743
-6.87044
-6.88016
-6.88431
-6.88095
-6.87383
-6.86133
-6.84438
-6.82435
-6.80298
-6.78095
-6.75789
-6.73688
-6.71857
-6.69768
-6.67483
-6.65409
-6.6342
-6.61607
-6.598
-6.58422
-6.57243
-6.56767
-6.57125
-6.58439
-6.60652
-6.63615
-6.67061
-6.70388
-6.73315
-6.74808
-6.75243
-6.74435
-6.72709
-6.70602
-6.68768
-6.67046
-6.65748
-6.65485
-6.65989
-6.67553
-6.69779
-6.72214
-6.74453
-6.76175
-6.77312
-6.77888
-6.77422
-6.76428
-6.75109
-6.73636
-6.72558
-6.713
-6.70297
-6.69933
-6.69715
-6.69625
-6.69549
-6.69582
-6.69731
-6.70018
-6.70542
-6.70957
-6.71436
-6.71614
-6.71491
-6.70918
-6.69708
-6.68133
-6.666
-6.65026
-6.64047
-6.6349
-6.63387
-6.63323
-6.6319
-6.63166
-6.63122
-6.63679
-6.64408
-6.66092
-6.67865
-6.70184
-6.72164
-6.74275
-6.7604
-6.77504
-6.77746
-6.77058
-6.75983
-6.74328
-6.7269
-6.71435
-6.7063
-6.70342
-6.70674
-6.71588
-6.72351
-6.72804
-6.72816
-6.72257
-6.71567
-6.70837
-6.70109
-6.69232
-6.68591
-6.6842
-6.68459
-6.68909
-6.69749
-6.7062
-6.71937
-6.73063
-6.73778
-6.74255
-6.74305
-6.74234
-6.73937
-6.73488
-6.73196
-6.72697
-6.72348
-6.72139
-6.7204
-6.71788
-6.7151
-6.7093
-6.70039
-6.68949
-6.67493
-6.6578
-6.63729
-6.61722
-6.59979
-6.5864
-6.5821
-6.58818
-6.60313
-6.62178
-6.64109
-6.65951
-6.67186
-6.67971
-6.687
-6.69334
-6.70017
-6.71204
-6.72642
-6.74331
-6.76385
-6.77973
-6.78996
-6.79253
-6.78419
-6.77166
-6.75455
-6.73472
-6.71511
-6.70199
-6.68963
