1.18962
1.16897
1.14145
1.11077
1.0804
1.05295
1.02981
1.01128
0.997068
0.986898
0.980854
0.979239
0.982192
0.989328
0.9997
1.01199
1.02472
1.03646
1.04591
1.05205
1.0543
1.05256
1.0472
1.03906
1.02943
1.02003
1.01298
1.01039
1.01387
1.02379
1.03924
1.05834
1.0788
1.09836
1.11508
1.1275
1.13495
1.13739
1.13549
1.13045
1.12334
1.11473
1.10443
1.09172
1.0759
1.05689
1.03522
1.01205
0.988822
0.967231
0.949114
0.936281
0.930207
0.931414
0.939095
0.951175
0.965004
0.978235
0.989404
0.997938
1.00384
1.00743
1.00926
1.01009
1.01083
1.01253
1.01612
1.02203
1.03011
1.03967
1.04964
1.05896
1.06671
1.07207
1.07437
1.07305
1.06779
1.05894
1.04747
1.03467
1.02172
1.00924
0.997396
0.98601
0.975233
0.965948
0.959845
0.958987
0.965083
0.978759
0.999168
1.02406
1.05022
1.0741
1.09239
1.10282
1.1045
1.09811
1.08571
1.07018
1.0547
1.04223
1.03485
1.03357
1.03812
1.04683
1.05712
1.06618
1.07167
1.07244
1.06847
1.06047
1.04929
1.03553
1.01969
1.00247
0.985013
0.969069
0.956852
0.950916
0.953409
0.965225
0.985371
1.01112
1.03887
1.0649
1.08613
1.10043
1.10691
1.10594
1.09881
1.08718
1.07284
1.05721
1.04133
1.02589
1.0113
0.998116
0.987076
0.979304
0.976001
0.978142
0.986021
0.999039
1.01572
1.03416
1.05254
1.06954
1.08449
1.09708
1.10708
1.11393
1.11681
1.1148
1.1073
1.0946
1.07802
1.05982
1.04266
1.02878
1.01918
1.01335
1.00947
1.00523
0.998869
0.989794
0.978951
0.968385
0.960463
0.95697
0.958781
0.965911
0.977743
0.99323
1.01095
1.02921
1.04608
1.05962
1.06833
1.07135
1.06855
1.06041
1.04812
1.03327
1.01759
1.00275
0.990193
0.981214
0.976831
0.977435
0.982319
0.989796
0.997672
1.00418
1.00839
1.01037
1.0107
1.00999
1.00852
1.00625
1.00284
0.997878
0.991164
0.982971
0.97411
0.965899
0.959982
0.957851
0.960575
0.968689
0.982176
1.00062
1.02341
1.04954
1.07747
1.10492
1.12917
1.14742
1.15723
1.15701
1.14635
1.12597
1.09765
1.06397
1.02807
0.993531
0.964169
0.943573
0.934495
0.93801
0.953176
0.977236
1.0065
1.03718
1.06606
1.09077
1.10958
1.12169
1.12726
1.12742
1.12365
1.11689
1.10725
1.09432
1.07804
1.05928
1.03981
1.02184
1.00746
0.998076
0.994084
0.994953
0.999364
1.00563
1.01201
1.0172
1.02059
1.02223
1.02264
1.02239
1.02184
1.02097
1.01942
1.01678
1.01285
1.00799
1.00318
0.999922
0.999603
1.00295
1.00973
1.01894
1.02919
1.03909
1.04747
1.05318
1.05525
1.05301
1.04611
1.03469
1.01933
1.00101
0.980919
0.960342
0.940572
0.92282
0.90811
0.897177
0.890611
0.888905
0.892591
0.90226
0.918321
0.940445
0.967459
0.997494
1.02849
1.05868
1.08684
1.11211
1.13393
1.15177
1.16521
1.17397
1.1781
1.17804
1.17458
1.16862
1.16075
1.15099
1.13895
1.12428
1.1072
1.0888
1.07075
1.05479
1.04234
1.03391
1.02892
1.02583
1.02273
1.01799
1.01055
1.00024
0.987929
0.975367
0.964798
0.95815
0.956497
0.959602
0.966035
0.973743
0.981015
0.987196
0.992972
0.999807
1.00893
1.02044
1.03322
1.04549
1.05553
1.06205
1.06432
1.06211
1.05586
1.047
1.03772
1.03082
1.02862
1.03197
1.03993
1.0501
1.05988
1.06733
1.07145
1.07196
1.06908
1.06316
1.05484
1.04506
1.03515
1.0266
1.02051
1.0173
1.01661
1.01761
1.0194
1.02168
1.02478
1.0292
1.03527
1.04264
1.05031
1.05701
1.06157
1.06332
1.06219
1.0588
1.05418
1.04953
1.04572
1.04259
1.03891
1.03292
1.02366
1.01162
0.998604
0.987016
0.978858
0.975121
0.975622
0.979331
0.985023
0.991864
0.999838
1.0097
1.02249
1.03876
1.05786
1.07793
1.09628
1.11023
1.11758
1.11718
1.10896
1.09394
1.07407
1.0519
1.02981
1.00985
0.993381
0.981007
0.97283
0.968779
0.968761
0.97282
0.981039
0.993212
1.0086
1.02588
1.04328
1.05904
1.07156
1.07969
1.08275
1.08084
1.07484
1.06625
1.05682
1.04828
1.04195
1.03863
1.03865
1.04189
1.04797
1.05605
1.06489
1.07271
1.07755
1.07783
1.07284
1.06293
1.04937
1.03397
1.01871
1.00538
0.995367
0.989408
0.987522
0.988968
0.992435
0.99641
0.999361
1.00026
0.998808
0.995515
0.991405
0.987713
0.985252
0.984308
0.984577
0.985553
0.986832
0.988085
0.989206
0.990323
0.991874
0.994526
0.999014
1.00589
1.01522
1.02651
1.03896
1.05163
1.06365
1.07419
1.08245
1.08747
1.08848
1.08501
1.07745
1.06683
1.05479
1.04304
1.03293
1.02515
1.01958
1.01545
1.01168
1.00755
1.00336
1.00052
1.00096
1.00599
1.01546
1.02791
1.04115
1.05279
1.06057
1.06286
1.05879
1.0485
1.03337
1.01598
0.99959
0.987517
0.982409
0.985734
0.997645
1.01701
1.04154
1.06831
1.09398
1.11508
1.12849
1.13199
1.12474
1.10767
1.08343
1.05606
1.03001
1.00932
0.996507
0.992
0.994125
0.999844
1.00572
1.00885
1.00762
1.00237
0.995387
0.990559
0.992027
1.00234
1.02119
1.04535
1.07021
1.0917
1.10764
1.11781
1.12341
1.12586
1.12605
1.12387
1.11869
1.11006
1.09803
1.08339
1.06726
1.05104
1.03633
1.02464
1.01734
1.01512
1.01748
1.02255
1.02762
1.02989
1.02747
1.01995
1.00857
0.995981
0.985602
0.980746
0.983501
0.99406
1.01055
1.02959
1.04742
1.06076
1.06767
1.06762
1.06142
1.05085
1.03804
1.02493
1.01284
1.0026
0.994716
0.989753
0.988291
0.990575
0.996066
1.00334
1.01055
1.01583
1.01779
1.01605
1.01143
1.00568
1.00124
1.00056
1.00534
1.01608
1.0318
1.05022
1.06836
1.08317
1.09225
1.09427
1.08924
1.0784
1.0637
1.04735
1.03152
1.01787
1.0074
1.00042
0.99671
0.99582
0.9972
1.00035
1.00474
1.0099
1.01564
1.02214
1.02983
1.03928
1.05092
1.06505
1.08143
1.09885
1.1149
1.12634
1.13025
1.12502
1.11092
1.09001
1.06539
1.04055
1.01856
1.00157
0.990567
0.98556
0.985938
0.990756
0.998939
1.00914
1.02013
1.03114
1.04225
1.05392
1.06606
1.07703
1.08399
1.08405
1.07564
1.05906
1.03632
1.01046
0.984796
0.962373
0.945587
0.935804
0.933317
0.937388
0.9466
0.959071
0.973069
0.987208
1.00056
1.0125
1.02247
1.02991
1.03416
1.03473
1.03154
1.02529
1.0174
1.00961
1.00335
0.999364
0.997444
0.996667
0.995863
0.994398
0.992709
0.992337
0.995363
1.00346
1.01725
1.03637
1.05995
1.08665
1.11473
1.14181
1.165
1.18122
1.18792
1.18354
1.16776
1.14173
1.10813
1.07107
1.03551
1.00585
0.984568
0.971868
0.966049
0.964742
0.965995
0.968745
0.972674
0.977798
0.984119
0.991347
0.999066
1.00696
1.0147
1.02181
1.02781
1.03233
1.03523
1.03674
1.03749
1.03829
1.03993
1.04301
1.04773
1.05408
1.06188
1.07097
1.0812
1.09219
1.10311
1.11239
1.11801
1.11791
1.11072
1.09636
1.07644
1.05412
1.03337
1.01772
1.00923
1.00807
1.01287
1.02126
1.03043
1.03757
1.0404
1.03782
1.0302
1.01928
1.00764
0.997862
0.991901
0.99066
0.993966
1.00067
1.00927
1.01857
1.02803
1.03767
1.04763
1.05789
1.06815
1.07781
1.08599
1.09147
1.09307
1.08976
1.08121
1.06821
1.05236
1.03567
1.01981
1.00567
0.993421
0.982929
0.974076
0.966694
0.960673
0.956078
0.953367
0.953485
0.957578
0.966362
0.979564
0.995715
1.01255
1.02784
1.03991
1.04806
1.05217
1.05257
1.05011
1.04635
1.04349
1.04372
1.04809
1.05574
1.06447
1.07204
1.07687
1.07846
1.077
1.07291
1.06658
1.05822
1.04794
1.03591
1.02247
1.00823
0.993985
0.980671
0.969305
0.960769
0.955676
0.954229
0.956318
0.961626
0.969855
0.980745
0.993833
1.00841
1.02358
1.03843
1.0522
1.0641
1.07348
1.07966
1.08214
1.08082
1.07579
1.06733
1.05599
1.04269
1.02881
1.01616
1.0067
1.00213
1.00332
1.01013
1.02145
1.03571
1.0513
1.06701
1.08189
1.09525
1.1064
1.11453
1.11856
1.11733
1.10967
1.09488
1.07336
1.04691
1.01875
0.992972
0.973616
0.963265
0.96214
0.968214
0.978142
0.988618
0.997362
1.0035
1.00737
1.00987
1.01194
1.01411
1.01599
1.01611
1.01232
1.00261
0.986156
0.964221
0.940533
0.920894
0.911633
0.917376
0.93899
0.973243
1.01458
1.05728
1.09659
1.12905
1.15206
1.1639
1.16389
1.15286
1.13312
1.10815
1.08209
1.05893
1.04196
1.03294
1.03184
1.03693
1.04528
1.05353
1.05883
1.05953
1.05558
1.04819
1.03939
1.03131
1.0256
1.02333
1.02492
1.03019
1.03852
1.04898
1.06077
1.07339
1.08645
1.09923
1.11052
1.1185
1.12116
1.11695
1.10511
1.08587
1.06041
1.0306
0.998618
0.966628
0.93673
0.91104
0.891734
0.881143
0.881371
0.893744
0.918158
0.952692
0.993577
1.03585
1.07441
1.10501
1.12486
1.13295
1.12987
1.11729
1.09743
1.0728
1.04602
1.01954
0.995209
0.974248
0.957422
0.944983
0.93685
0.932751
0.932506
0.936263
0.944586
0.957987
0.976496
0.999329
1.02488
1.05105
1.07575
1.09717
1.11411
1.12587
1.13218
1.13318
1.12927
1.12098
1.10914
1.09484
1.07942
1.06448
1.0518
1.04301
1.03918
1.04052
1.04623
1.05479
1.06425
1.07257
1.07785
1.07845
1.07322
1.06165
1.04401
1.02149
0.996251
0.971285
0.95007
0.935912
0.931288
0.937217
0.953025
0.976539
1.0045
1.03307
1.05824
1.07665
1.08616
1.08629
1.07818
1.0644
1.04805
1.03212
1.01881
1.00928
1.00376
1.00182
1.00254
1.00461
1.00668
1.00754
1.00652
1.00335
0.998076
0.990803
0.981777
0.97175
0.962567
0.956999
0.957529
0.964746
0.977055
0.991859
1.00689
1.02067
1.03254
1.0424
1.05053
1.05721
1.06263
1.06697
1.0707
1.0748
1.08028
1.08764
1.09642
1.10565
1.11419
1.12113
1.12582
1.12815
1.12829
1.12644
1.12265
1.1169
1.10924
1.09976
1.08834
1.07451
1.05764
1.03772
1.01601
0.995417
0.980007
0.973769
0.979075
0.995724
1.02092
1.05025
1.07902
1.10339
1.12107
1.13139
1.13507
1.13352
1.12815
1.11987
1.10875
1.09429
1.07568
1.05247
1.02504
0.994995
0.965226
0.93953
0.921203
0.91164
0.909951
0.914041
0.922013
0.932533
0.944563
0.956955
0.968443
0.977619
0.983233
0.984408
0.981088
0.974373
0.96639
0.959715
0.956642
0.958518
0.965479
0.976483
0.989938
1.00408
1.01756
1.02953
1.03966
1.04797
1.05456
1.05953
1.06285
1.06448
1.06444
1.06317
1.06176
1.06176
1.0649
1.0723
1.08388
1.09827
1.11328
1.12662
1.13627
1.14119
1.14143
1.13789
1.13202
1.12542
1.11927
1.11389
1.10869
1.10244
1.09367
1.08155
1.06635
1.04935
1.03212
1.01575
1.00032
0.985437
0.970727
0.95639
0.943165
0.932048
0.923832
0.918835
0.917078
0.918376
0.922565
0.929508
0.938922
0.95037
0.963086
0.975981
0.987794
0.997408
1.00422
1.00825
1.01004
1.0104
1.01013
1.00989
1.01019
1.01124
1.01307
1.0156
1.01878
1.02256
1.02703
1.03221
1.03795
1.04384
1.04929
1.05377
1.05697
1.05902
1.06033
1.06125
1.06184
1.06209
1.06185
1.06094
1.05924
1.05668
1.0533
1.04956
1.04644
1.04535
1.04754
1.05312
1.06081
1.06838
1.07379
1.07614
1.07578
1.07388
1.07157
1.06952
1.06792
1.06662
1.06539
1.06402
1.06217
1.05943
1.05531
1.04942
1.04162
1.032
1.02091
1.00865
0.995538
0.982222
0.970035
0.961044
0.957386
0.960146
0.968419
0.979523
0.990209
0.998178
1.00281
1.00492
1.00602
1.0076
1.01071
1.01576
1.02252
1.03043
1.03894
1.0477
1.05668
1.06592
1.07544
1.08489
1.09339
1.09973
1.10267
1.1012
1.0948
1.08362
1.06857
1.05112
1.03327
1.01722
1.00507
0.998363
0.997815
1.00325
1.01358
1.02682
1.04034
1.05122
1.05697
1.0559
1.04763
1.03314
1.01422
0.99285
0.970565
0.948311
0.926754
0.906827
0.890239
0.879531
0.877097
0.883986
0.899159
0.919853
0.942882
0.965931
0.988273
1.01052
1.03378
1.05862
1.08461
1.11021
1.1332
1.15136
1.1628
1.16653
1.16255
1.15169
1.13532
1.11502
1.09259
1.06997
1.04925
1.03265
1.02203
1.01856
1.02229
1.03206
1.04575
1.06071
1.0743
1.08417
1.08837
1.08552
1.07502
1.0574
1.03464
1.01002
0.987494
0.970533
0.961119
0.959483
0.964637
0.974982
0.988716
1.00418
1.01989
1.03448
1.04672
1.05566
1.06092
1.06268
1.06176
1.05927
1.05623
1.05344
1.05123
1.04965
1.0485
1.04742
1.046
1.04368
1.03996
1.03441
1.0269
1.01769
1.00744
0.996979
0.987064
0.978287
0.971007
0.965433
0.961792
0.960349
0.961274
0.964461
0.96937
0.975003
0.979968
0.983023
0.983698
0.982741
0.981828
0.982717
0.986476
0.99322
1.00263
1.01438
1.02834
1.04428
1.06156
1.0791
1.09552
1.10938
1.1195
1.12536
1.12702
1.12513
1.1206
1.11445
1.10755
1.10052
1.09379
1.08775
1.08252
1.07795
1.07349
1.06813
1.06053
1.04948
1.03409
1.01416
0.99066
0.965932
0.943359
0.926527
0.918071
0.918936
0.928328
0.944238
0.964169
0.985695
1.00667
1.02546
1.04094
1.0528
1.06126
1.06704
1.0709
1.07348
1.07509
1.07599
1.07631
1.07617
1.07543
1.07373
1.07066
1.06585
1.05923
1.05112
1.04215
1.03317
1.02494
1.01808
1.01265
1.00815
1.0037
0.998583
0.992702
0.987199
0.984443
0.987358
0.997837
1.01523
1.03612
1.0555
1.0686
1.07227
1.06563
1.04998
1.02825
1.00436
0.982574
0.96673
0.95956
0.962138
0.973351
0.990326
1.0093
1.02669
1.04002
1.04826
1.05162
1.05125
1.04862
1.04515
1.04204
1.04029
1.04076
1.04433
1.05173
1.06327
1.07845
1.09562
1.11212
1.12465
1.13007
1.12627
1.11266
1.0905
1.0627
1.03347
1.00749
0.989051
0.980681
0.982044
0.990377
1.00197
1.01366
1.0233
1.02976
1.03268
1.03206
1.02796
1.02047
1.00979
0.996613
0.982272
0.969066
0.960225
0.959489
0.97004
0.993116
1.02702
1.06745
1.10871
1.14521
1.17245
1.18771
1.18975
1.17888
1.15669
1.12567
1.08892
1.04989
1.01187
0.977736
0.949597
0.928671
0.915455
0.909828
0.911271
0.918927
0.93186
0.949094
0.969573
0.991968
1.01462
1.03566
1.05347
1.06698
1.07606
1.08148
1.08446
1.08635
1.08837
1.0913
1.09518
1.09925
1.10197
1.10135
1.09552
1.08338
1.065
1.04173
1.0161
0.991322
0.970889
0.957934
0.954458
0.9607
0.975067
0.994714
1.01646
1.03745
1.05558
1.06954
1.07883
1.08353
1.08434
1.08227
1.07853
1.07419
1.06998
1.0659
1.06149
1.05587
1.04801
1.03723
1.02353
1.0078
0.991855
0.977832
0.967865
0.963505
0.965289
0.97257
0.983592
0.996005
1.00738
1.01607
1.02154
1.02412
1.02464
1.02395
1.02275
1.02152
1.02062
1.02045
1.02148
1.02403
1.02812
1.03329
1.03881
1.04364
1.0468
1.0478
1.04687
1.04513
1.04439
1.04636
1.05167
1.05967
1.06868
1.07653
1.08123
1.08123
1.07563
1.06436
1.04836
1.02964
1.01108
0.996054
0.987556
0.987129
0.994093
1.00581
1.01848
1.02867
1.03443
1.03591
1.03514
1.03495
1.0379
1.04542
1.05734
1.07225
1.08811
1.10293
1.11514
1.12377
1.12834
1.12851
1.12414
1.11514
1.10157
1.08393
1.06321
1.04108
1.01956
1.00064
0.985758
0.975582
0.970253
0.96966
0.973628
0.981751
0.992853
1.00482
1.01503
1.02117
1.02199
1.01762
1.00944
0.999669
0.99068
0.984154
0.980663
0.979749
0.980481
0.981925
0.98354
0.985336
0.987778
0.991745
0.998293
1.00822
1.02166
1.03783
1.05502
1.07102
1.08339
1.09003
1.08961
1.08188
1.06784
1.04957
1.02991
1.01171
0.997092
0.986947
0.981038
0.97861
0.979087
0.982348
0.988571
0.997845
1.01001
1.02488
1.04239
1.06256
1.08513
1.10933
1.13366
1.15584
1.17321
1.18309
1.18336
1.17286
1.15177
1.12174
1.08575
1.04783
1.01239
0.983197
0.962233
0.949514
0.943597
0.942811
0.946237
0.953991
0.966445
0.983386
1.0036
1.02478
1.04416
1.05908
1.06745
1.06806
1.06066
1.04613
1.02629
1.00393
0.982586
0.965941
0.957339
0.959121
0.972111
0.995315
1.02594
1.0598
1.09212
1.11835
1.13475
1.13901
1.13053
1.11077
1.08341
1.05363
1.02681
1.00695
0.995521
0.991668
0.993096
0.997112
1.00132
1.004
1.00438
1.00259
0.999227
0.994994
0.990107
0.984445
0.977809
0.970179
0.962058
0.954625
0.949619
0.949026
0.954825
0.968454
0.990248
1.019
1.05215
1.0863
1.11798
1.14427
1.16313
1.17345
1.17481
1.16749
1.15225
1.13049
1.10399
1.07486
1.04553
1.01849
0.995968
0.97948
0.969798
0.966878
0.970083
0.978391
0.990442
1.00468
1.01922
1.03217
1.04203
1.04809
1.05063
1.05063
1.04921
1.04715
1.04482
1.04259
1.04134
1.04249
1.0474
1.05647
1.06859
1.08108
1.0907
1.09477
1.09199
1.08276
1.06875
1.0523
1.03574
1.02098
1.00947
1.00224
0.999893
1.0023
1.00869
1.01758
1.02708
1.03544
1.04129
1.04402
1.04365
1.0407
1.03583
1.02966
1.02269
1.01514
1.00715
0.998807
0.99043
0.9826
0.976316
0.972858
0.97353
0.979153
0.989725
1.0042
1.02082
1.03769
1.05311
1.06589
1.07523
1.08063
1.08202
1.07966
1.07434
1.0674
1.06059
1.05561
1.05354
1.05422
1.05627
1.0576
1.05616
1.05032
1.03921
1.02293
1.00275
0.981077
0.961149
0.946129
0.938277
0.938574
0.946659
0.961166
0.980233
1.00189
1.02432
1.04587
1.06493
1.08004
1.09002
1.09409
1.09214
1.0849
1.07381
1.06084
1.04809
1.03724
1.02922
1.02406
1.02089
1.0184
1.0152
1.01043
1.004
0.996702
0.989971
0.985563
0.984903
0.988882
0.99785
1.01156
1.02914
1.04908
1.06943
1.0884
1.10474
1.11764
1.12652
1.13066
1.12952
1.12312
1.11206
1.09751
1.08107
1.06448
1.04937
1.03704
1.02821
1.02281
1.01981
1.01756
1.01421
1.00823
0.998716
0.985486
0.969357
0.952141
0.936425
0.924856
0.91932
0.920423
0.927602
0.93981
0.956145
0.976159
0.999615
1.02618
1.05503
1.08461
1.11289
1.13764
1.15705
1.16992
1.17571
1.17447
1.16667
1.15306
1.13456
1.11219
1.08717
1.06101
1.03549
1.01248
0.993654
0.979967
0.971673
0.968332
0.969065
0.972651
0.977701
0.983081
0.988288
0.993551
0.999627
1.00736
1.01712
1.02869
1.04133
1.05412
1.06626
1.07733
1.08724
1.0959
1.10304
1.10795
1.10954
1.1066
1.09825
1.08427
1.06547
1.04352
1.02088
0.999998
0.983106
0.971611
0.965973
0.965624
0.969211
0.974959
0.98111
0.986344
0.989807
0.991228
0.990795
0.989023
0.986689
0.984597
0.983578
0.984528
0.988416
0.99596
1.0074
1.02208
1.03834
1.05395
1.06659
1.07457
1.07742
1.07598
1.07216
1.06847
1.06727
1.07013
1.07755
1.08882
1.10222
1.11555
1.12662
1.13371
1.13598
1.13324
1.12592
1.1147
1.10026
1.08334
1.06474
1.04518
1.02523
1.00544
0.986477
0.969395
0.955471
0.945672
0.940319
0.938789
0.939547
0.940924
0.941665
0.941334
0.940574
0.940735
0.943528
0.950451
0.962243
0.978605
0.998307
1.01942
1.03989
1.05814
1.07355
1.08629
1.09705
1.10634
1.11404
1.11935
1.12126
1.11894
1.11215
1.10167
1.08894
1.07549
1.0626
1.05098
1.04108
1.03322
1.02782
1.02505
1.02471
1.02588
1.02719
1.02701
1.02406
1.0177
1.00838
0.997885
0.989618
0.987839
0.996082
1.0151
1.04201
1.07156
1.09851
1.11943
1.13293
1.13913
1.13895
1.13342
1.12343
1.10972
1.09298
1.07422
1.05483
1.03627
1.01972
1.00568
0.993865
0.983517
0.973667
0.963636
0.953241
0.942861
0.933545
0.926901
0.924585
0.927756
0.936649
0.950524
0.967954
0.987136
1.00626
1.02379
1.03849
1.04948
1.05637
1.05936
1.05926
1.0574
1.05531
1.05451
1.0563
1.06157
1.0708
1.08398
1.10041
1.11863
1.13662
1.15204
1.16237
1.16515
1.15837
1.14106
1.11381
1.07895
1.0405
1.00355
0.973374
0.954169
0.948113
0.955298
0.973976
1.0004
1.02909
1.05402
1.07038
1.07564
1.06969
1.05413
1.03182
1.00646
0.981941
0.961803
0.948493
0.94292
0.944559
0.952034
0.963716
0.978246
0.994968
1.01385
1.03512
1.05878
1.08392
1.10849
1.12961
1.14422
1.14994
1.14534
1.13025
1.10568
1.07369
1.03718
0.999598
0.964613
0.935383
0.913923
0.900802
0.895443
0.896652
0.90304
0.913429
0.92696
0.943161
0.961687
0.982119
1.00374
1.02548
1.04591
1.06347
1.07662
1.08429
1.08615
1.08287
1.07604
1.06777
1.06011
1.05481
1.05324
1.05628
1.06427
1.07683
1.09283
1.11038
1.12707
1.1404
1.14809
1.14858
1.14119
1.12631
1.10527
1.08008
1.05328
1.02757
1.00574
0.990245
0.982754
0.983608
0.991885
1.00577
1.02324
1.04247
1.06201
1.08063
1.09734
1.1111
1.12084
1.12562
1.1246
1.1174
1.10445
1.08701
1.0673
1.04803
1.0318
1.02019
1.01323
1.00947
1.00663
1.0025
0.995651
0.985547
0.972559
0.957782
0.942588
0.928508
0.916882
0.908732
0.904693
0.905174
0.910468
0.920713
0.935849
0.955247
0.977519
1.00038
1.02091
1.03621
1.04395
1.04295
1.03362
1.01784
0.998589
0.9792
0.962662
0.950959
0.944902
0.94424
0.948138
0.955487
0.965245
0.976554
0.98886
1.00175
1.01492
1.0281
1.04107
1.05367
1.06587
1.07757
1.08856
1.09856
1.10721
1.11418
1.11938
1.12288
1.1248
1.12526
1.12434
1.12201
1.11826
1.11322
1.1072
1.10062
1.09419
1.08867
1.08475
1.08295
1.08322
1.08477
1.08604
1.08496
1.07951
1.06812
1.05014
1.02622
0.99832
0.969489
0.943024
0.921979
0.908423
0.902959
0.904609
0.911248
0.920176
0.929167
0.937428
0.946096
0.957823
0.975438
1.00017
1.03054
1.06286
1.09273
1.11664
1.13257
1.1402
1.14043
1.13509
1.12643
1.11664
1.10724
1.09875
1.09068
1.0817
1.07038
1.05583
1.03805
1.01821
0.998453
0.981456
0.969823
0.9655
0.969208
0.980217
0.996529
1.01554
1.03471
1.05205
1.06647
1.07756
1.08518
1.08913
1.08887
1.0837
1.0733
1.05822
1.04024
1.02213
1.00693
0.996928
0.992826
0.993558
0.996897
1.00053
1.00278
1.0031
1.00197
1.00056
1.00005
1.00138
1.00474
1.00967
1.01529
1.02078
1.02597
1.03148
1.03852
1.04821
1.06104
1.07646
1.09296
1.10814
1.11924
1.12363
1.11944
1.10608
1.08436
1.05624
1.02441
0.991786
0.96133
0.935943
0.918398
0.911149
0.915709
0.931901
0.957592
0.989071
1.02209
1.05275
1.07847
1.09791
1.11091
1.11805
1.12004
1.11745
1.11061
1.09967
1.08489
1.06694
1.04695
1.02646
1.00715
0.990608
0.977966
0.969716
0.965699
0.965265
0.967566
0.971881
0.978041
0.986636
0.998836
1.01567
1.03725
1.06226
1.08827
1.11221
1.13129
1.14316
1.14633
1.14018
1.12504
1.10225
1.07417
1.04379
1.01438
0.988943
0.969803
0.958398
0.955167
0.959899
0.97169
0.989095
1.01023
1.03296
1.05509
1.07456
1.08939
1.09798
1.09938
1.09348
1.08137
1.06512
1.04749
1.03098
1.01715
1.00625
0.997775
0.991295
0.986851
0.98483
0.985624
0.989112
0.994423
1.00012
1.00458
1.00639
1.00471
0.999394
0.991314
0.982357
0.975197
0.972522
0.97611
0.986138
1.0013
1.01934
1.03794
1.05532
1.07015
1.08154
1.08871
1.09078
1.08697
1.07667
1.05986
1.03747
1.01168
0.985902
0.964296
0.950703
0.947531
0.9551
0.971785
0.994679
1.02023
1.04499
1.06591
1.08065
1.08774
1.08675
1.07842
1.06481
1.04883
1.03361
1.02165
1.01403
1.01004
1.00771
1.00497
1.00106
0.997023
0.995218
0.997882
1.00567
1.01755
1.03162
1.04589
1.05868
1.06862
1.07471
1.07643
1.0739
1.06801
1.06025
1.05236
1.04577
1.04109
1.0379
1.03534
1.03289
1.03104
1.03101
1.03416
1.04103
1.05077
1.06132
1.07011
1.07485
1.07395
1.06666
1.05309
1.03411
1.01123
0.986233
0.961003
0.937224
0.916357
0.899604
0.887954
0.881985
0.881706
0.886599
0.895564
0.90741
0.921217
0.936581
0.953473
0.971896
0.991652
1.01231
1.03347
1.05482
1.07601
1.09654
1.11559
1.13232
1.14604
1.15646
1.16356
1.16753
1.16882
1.16773
1.16458
1.15944
1.1524
1.14353
1.13301
1.12109
1.10793
1.09352
1.07781
1.06087
1.04294
1.0246
1.00664
0.989824
0.974871
0.962175
0.951928
0.94413
0.938728
0.935717
0.935174
0.937183
0.941749
0.948601
0.957045
0.966037
0.974154
0.97994
0.98227
0.980679
0.975686
0.968872
0.962606
0.959475
0.961784
0.970986
0.987321
1.0097
1.03589
1.06304
1.0883
1.10927
1.1242
1.13194
1.132
1.12448
1.11037
1.09154
1.07056
1.05031
1.03333
1.02112
1.01388
1.01064
1.00961
1.00877
1.00644
1.00153
0.993679
0.983266
0.971188
0.958788
0.947785
0.940397
0.93921
0.946933
0.965465
0.994611
1.03153
1.07134
1.1086
1.13861
1.15815
1.16561
1.16097
1.14574
1.1226
1.09515
1.06743
1.04342
1.02639
1.01807
1.01828
1.02514
1.03589
1.04761
1.0576
1.06357
1.06396
1.05819
1.04723
1.03315
1.01845
1.00494
0.993343
0.983982
0.977513
0.97472
0.976045
0.981249
0.989443
0.999066
1.00811
1.01457
1.017
1.01499
1.00915
1.00106
0.993085
0.98821
0.989563
0.999482
1.01853
1.04485
1.07441
1.10213
1.12331
1.13469
1.13516
1.12565
1.10904
1.0894
1.07135
1.0591
1.0552
1.05991
1.0712
1.08529
1.0978
1.10497
1.1044
1.09571
1.08016
1.06008
1.0382
1.017
0.998275
0.983142
0.972033
0.96507
0.962508
0.964722
0.972067
0.984479
1.00134
1.0215
1.04358
1.06597
1.08679
1.10407
1.11594
1.12092
1.11827
1.10827
1.09245
1.07342
1.05429
1.03793
1.02635
1.02023
1.01907
1.02168
1.02667
1.03271
1.0387
1.04395
1.04811
1.05119
1.05309
1.05344
1.05147
1.04631
1.03753
1.02531
1.01045
0.994126
0.97762
0.961926
0.947688
0.935436
0.926079
0.921138
0.92238
0.9308
0.945921
0.965908
0.988389
1.01102
1.03176
1.04887
1.06084
1.06646
1.06491
1.05585
1.03954
1.01728
0.991367
0.965139
0.942624
0.927849
0.923835
0.931863
0.951459
0.980638
1.01654
1.05597
1.09556
1.13213
1.16283
1.18527
1.19777
1.19952
1.19083
1.17357
1.15115
1.12783
1.10722
1.09077
1.07766
1.06582
1.05366
1.04085
1.02822
1.01711
1.00858
1.00281
0.999131
0.99647
0.994072
0.991978
0.99101
0.99238
0.997179
1.00587
1.01813
1.03275
1.04799
1.06189
1.07262
1.0786
1.0787
1.07231
1.05945
1.04099
1.0187
0.994944
0.972661
0.954619
0.943067
0.939504
0.944438
0.957462
0.977323
1.00208
1.02928
1.0563
1.08034
1.09882
1.10968
1.11204
1.10648
1.09491
1.07976
1.06305
1.04576
1.02787
1.00889
0.98853
0.967274
0.946503
0.928282
0.914888
0.908259
0.909777
0.920238
0.939709
0.967615
1.00254
1.04211
1.08308
1.12181
1.15481
1.17926
1.19334
1.1963
1.18834
1.1705
1.14446
1.11254
1.07757
1.04254
1.01017
0.982635
0.961421
0.947597
0.942027
0.945343
0.957553
0.977481
1.00279
1.03032
1.05662
1.07864
1.09395
1.10094
1.09892
1.08824
1.07035
1.04782
1.02417
1.00327
0.988488
0.981902
0.983496
0.991394
1.00271
1.01467
1.02519
1.03319
1.03801
1.03921
1.03666
1.03076
1.02264
1.01424
1.00785
1.00545
1.00823
1.01636
1.02897
1.04441
1.06075
1.07608
1.08878
1.09753
1.10127
1.09902
1.08984
1.07299
1.0487
1.01899
0.987894
0.960633
0.941531
0.932552
0.933319
0.942363
0.957919
0.978086
1.00083
1.02392
1.04526
1.06325
1.0768
1.08516
1.08767
1.08365
1.07279
1.05564
1.03386
1.01022
0.988169
0.97113
0.961773
0.961283
0.968847
0.982091
0.998395
1.01599
1.0341
1.05269
1.07178
1.09104
1.1098
1.12715
1.1422
1.15414
1.16237
1.16632
1.16541
1.15905
1.14674
1.1284
1.10456
1.07658
1.04652
1.01672
0.989565
0.966855
0.949415
0.937037
0.928719
0.923017
0.918634
0.914955
0.912344
0.912024
0.91555
0.924121
0.938141
0.95696
0.978864
1.00159
1.02266
1.03991
1.05196
1.05833
1.05965
1.05748
1.05384
1.05069
1.04929
1.04978
1.05126
1.05246
1.05232
1.0505
1.0476
1.04491
1.04402
1.04635
1.05245
1.06131
1.07058
1.0768
1.0767
1.06826
1.05156
1.02912
1.00558
0.986707
0.977671
0.981146
0.995945
1.01742
1.03988
1.05881
1.07199
1.07914
1.08109
1.07921
1.07484
1.06882
1.06168
1.05344
1.04382
1.03262
1.02011
1.0074
0.996403
0.989201
0.987261
0.990762
0.998528
1.00867
1.01928
1.02904
1.03731
1.04388
1.04863
1.05134
1.05179
1.05017
1.04724
1.04417
1.04204
1.04128
1.04138
1.04129
1.0401
1.03733
1.033
1.02732
1.02042
1.01231
1.00322
0.994025
0.986384
0.98232
0.983372
0.989695
1.00003
1.01245
1.0252
1.03752
1.04951
1.06177
1.07463
1.08765
1.09931
1.10751
1.11034
1.10687
1.09737
1.08336
1.0671
1.05082
1.03622
1.02441
1.01586
1.01061
1.00824
1.0078
1.00826
1.00901
1.01013
1.01227
1.01602
1.0216
1.02864
1.03632
1.04371
1.04985
1.0541
1.05611
1.05593
1.05401
1.0509
1.04714
1.04295
1.03833
1.03316
1.02739
1.02111
1.01456
1.00803
1.00169
0.995681
0.990236
0.985696
0.982415
0.980742
0.980877
0.983019
0.987366
0.994016
1.00267
1.01249
1.02217
1.03061
1.03734
1.0424
1.04615
1.04895
1.05135
1.05401
1.05765
1.06288
1.06992
1.07858
1.08821
1.09783
1.10614
1.11165
1.11297
1.10908
1.09959
1.08484
1.06587
1.04431
1.02218
1.00162
0.98485
0.973906
0.970512
0.975583
0.98864
1.00753
1.02883
1.04873
1.06383
1.07172
1.07112
1.06186
1.04485
1.02225
0.997522
0.975144
0.959795
0.954908
0.96114
0.976279
0.996358
1.01757
1.03757
1.05559
1.07182
1.08671
1.10045
1.11269
1.12267
1.12944
1.13219
1.1303
1.1234
1.11164
1.09549
1.07583
1.05398
1.03152
1.01028
0.992112
0.978617
0.970808
0.969064
0.972909
0.981197
0.992357
1.00486
1.01752
1.02939
1.03958
1.04715
1.05097
1.05
1.04364
1.03207
1.01631
0.998122
0.979818
0.963952
0.952793
0.948092
0.951064
0.962528
0.982737
1.01105
1.0456
1.08323
1.11989
1.15143
1.17421
1.18557
1.18433
1.17088
1.1474
1.11757
1.08583
1.05581
1.0294
1.00669
0.986794
0.968754
0.952234
0.937616
0.926001
0.919068
0.918572
0.925868
0.941254
0.963581
0.990443
1.01858
1.0445
1.06501
1.0777
1.08124
1.07576
1.06258
1.04425
1.02414
1.006
0.99328
0.988426
0.992247
1.00383
1.02088
1.04052
1.05996
1.07693
1.08953
1.09633
1.09636
1.08945
1.07654
1.05948
1.04055
1.02178
1.00459
0.990114
0.979744
0.975089
0.977432
0.986998
1.00265
1.02227
1.04336
1.06364
1.08114
1.09425
1.10188
1.10352
1.09937
1.09037
1.07815
1.06449
1.05113
1.03942
1.03013
1.02376
1.02043
1.01987
1.02143
1.02414
1.02689
1.02877
1.02937
1.02896
1.02839
1.02876
1.03088
1.03485
1.04011
1.04567
1.05058
1.05432
1.05682
1.0582
1.05854
1.05752
1.05458
1.04901
1.04033
1.02857
1.01428
0.998525
0.982632
0.967832
0.955055
0.944924
0.93799
0.934903
0.936433
0.943215
0.955372
0.972074
0.991367
1.01066
1.0275
1.04015
1.0482
1.05244
1.05428
1.05526
1.05649
1.05817
1.05976
1.06021
1.05861
1.05465
1.04911
1.0439
1.04165
1.04463
1.05359
1.0671
1.08202
1.09441
1.10073
1.09884
1.08829
1.07067
1.04901
1.02697
1.00769
0.992947
0.982938
0.976744
0.973189
0.971487
0.971453
0.973287
0.977339
0.983798
0.992608
1.00367
1.01685
1.03188
1.04835
1.06567
1.08325
1.1005
1.11679
1.13127
1.14262
1.14911
1.14902
1.1413
1.12588
1.10395
1.07781
1.05034
1.02415
1.00105
0.981927
0.967354
0.957974
0.954585
0.957665
0.966496
0.978812
0.991419
1.00138
1.00696
1.00776
1.00463
0.999061
0.992613
0.986574
0.981695
0.978115
0.975496
0.973248
0.971178
0.969856
0.970746
0.975868
0.986881
1.00436
1.02739
1.05382
1.08099
1.10637
1.12802
1.14466
1.15522
1.15871
1.1543
1.14157
1.12075
1.09308
1.06072
1.02671
0.994343
0.966792
0.946506
0.935207
0.933877
0.942652
0.96069
0.985959
1.01545
1.04572
1.07332
1.09547
1.11041
1.11733
1.11617
1.10755
1.09255
1.07266
1.04973
1.0259
1.00343
0.984351
0.97039
0.962852
0.962427
0.969071
0.981752
0.998536
1.01709
1.0351
1.05108
1.06446
1.07553
1.085
1.09339
1.10062
1.10588
1.10802
1.10587
1.09852
1.08562
1.06741
1.04474
1.01927
0.993302
0.969638
0.951195
0.940389
0.93842
0.944863
0.957642
0.973518
0.989052
1.00159
1.00995
1.01471
1.01782
1.02187
1.02902
1.04002
1.05381
1.06824
1.08095
1.09005
1.09453
1.09419
1.08954
1.08136
1.07052
1.05786
1.04415
1.03035
1.01769
1.00759
1.00141
1.00005
1.00379
1.01218
1.02394
1.037
1.04891
1.05741
1.06076
1.05813
1.0497
1.03642
1.01984
1.0021
0.985751
0.973447
0.967094
0.967121
0.972349
0.980505
0.989325
0.99734
1.00431
1.01125
1.0199
1.03184
1.0475
1.06561
1.08355
1.09835
1.10773
1.1109
1.10854
1.10253
1.09532
1.08911
1.08532
1.0844
1.08577
1.0881
1.08978
1.08931
1.08568
1.07838
1.06755
1.05395
1.03863
1.02285
1.00771
0.993957
0.981735
0.970959
0.96145
0.95321
0.946564
0.942164
0.940859
0.943595
0.950903
0.962706
0.978168
0.995922
1.01435
1.03193
1.04744
1.05993
1.06868
1.07339
1.07429
1.07207
1.06779
1.06249
1.05701
1.05196
1.0477
1.04439
1.04189
1.03972
1.03716
1.03332
1.02737
1.01886
1.00806
0.996164
0.984982
0.97645
0.971969
0.972173
0.976744
0.984857
0.995626
1.00832
1.02231
1.03692
1.05141
1.06485
1.07614
1.08408
1.08759
1.08573
1.07823
1.06582
1.05045
1.03496
1.02215
1.01356
1.00887
1.00606
1.00282
0.997684
0.990853
0.984089
0.979921
0.980651
0.987541
1.00052
1.01825
1.03853
1.05895
1.07729
1.09199
1.10236
1.10834
1.11036
1.10884
1.10413
1.0964
1.08593
1.07342
1.05982
1.04599
1.03223
1.01832
1.004
0.989495
0.975695
0.963898
0.955389
0.950923
0.950457
0.953233
0.958169
0.964496
0.972128
0.981467
0.99291
1.00616
1.02006
1.03307
1.04396
1.05218
1.05803
1.06251
1.06705
1.07303
1.08125
1.0917
1.1034
1.11489
1.12453
1.13081
1.13262
1.12943
1.12133
1.10909
1.09405
1.07789
1.06226
1.04864
1.03804
1.03084
1.02663
1.02434
1.02255
1.0199
1.01553
1.00933
1.00215
0.995502
0.991121
0.99021
0.992947
0.998458
1.0053
1.0118
1.01664
1.01906
1.01907
1.01729
1.01472
1.01264
1.01239
1.01512
1.02169
1.03214
1.04553
1.06003
1.07341
1.08368
1.08986
1.09192
1.0905
1.08636
1.0799
1.07134
1.06113
1.05029
1.04021
1.0323
1.02748
1.02593
1.02717
1.03012
1.03334
1.0352
1.0343
1.02987
1.02215
1.01267
1.00382
0.997898
0.996155
0.998352
1.00313
1.00856
1.0127
1.01401
1.01168
1.00589
0.997657
0.98866
0.980836
0.975879
0.974789
0.977764
0.984393
0.993924
1.00557
1.01849
1.03155
1.04315
1.05148
1.05507
1.05341
1.04698
1.03705
1.02523
1.0131
1.00213
0.993734
0.98953
0.991405
1.00101
1.01863
1.04223
1.06782
1.09105
1.10865
1.11905
1.12208
1.11865
1.11031
1.099
1.0866
1.07455
1.06358
1.05349
1.04352
1.03301
1.02192
1.01116
1.00223
0.996698
0.995628
0.999101
1.00615
1.0151
1.02384
1.03023
1.03251
1.02971
1.02196
1.01055
0.997688
0.986117
0.978285
0.975683
0.97845
0.98551
0.995133
1.00571
1.01613
1.02596
1.03531
1.04451
1.05368
1.06262
1.07069
1.07712
1.08134
1.08323
1.08317
1.08163
1.07891
1.07502
1.06979
1.06317
1.05562
1.04799
1.04141
1.03691
1.0351
1.03595
1.03872
1.04195
1.04384
1.04271
1.03751
1.02841
1.01737
1.00775
1.00312
1.00529
1.01298
1.02253
1.02986
1.03232
1.02926
1.0219
1.01238
1.00297
0.995369
0.990564
0.988803
0.989837
0.993111
0.998123
1.0044
1.01151
1.01912
1.02696
1.03473
1.04211
1.04865
1.05367
1.05627
1.05561
1.05105
1.04256
1.03093
1.01763
1.00449
0.993437
0.986079
0.983611
0.986507
0.994514
1.00659
1.0211
1.03634
1.05089
1.06367
1.07403
1.08161
1.08639
1.0885
1.08797
1.08471
1.07848
1.06902
1.05614
1.04013
1.02185
1.00287
0.985215
0.97067
0.960407
0.954701
0.953281
0.95595
0.962915
0.974512
0.99061
1.0102
1.03137
1.05173
1.0687
1.08009
1.08453
1.08175
1.07281
1.06018
1.04726
1.03765
1.03412
1.03791
1.04844
1.06372
1.08095
1.09728
1.11004
1.11696
1.11642
1.10781
1.09149
1.06907
1.04308
1.01664
0.992878
0.974167
0.961787
0.955903
0.955738
0.960165
0.967835
0.977398
0.987489
0.996846
1.00471
1.01098
1.01597
1.02005
1.02312
1.0245
1.02332
1.01909
1.01208
1.00341
0.99493
0.988664
0.98631
0.988777
0.99608
1.0076
1.02236
1.03935
1.05751
1.0756
1.09206
1.10527
1.11385
1.11707
1.11483
1.1076
1.09618
1.08135
1.06387
1.04474
1.02534
1.00752
0.993355
0.98458
0.981996
0.985402
0.99377
1.0057
1.01962
1.03394
1.04706
1.05753
1.06415
1.06619
1.06341
1.05629
1.04607
1.03462
1.02392
1.01571
1.01099
1.01001
1.01248
1.01792
1.02601
1.03658
1.04947
1.06408
1.07895
1.09222
1.10218
1.10798
1.10982
1.10846
1.10458
1.09823
1.08887
1.0757
1.05829
1.03687
1.01245
0.9865
0.960519
0.935843
0.91351
0.89437
0.879249
0.868975
0.864353
0.866058
0.874622
0.890239
0.912701
0.941252
0.974593
1.0109
1.04777
1.08255
1.11303
1.13796
1.1572
1.17144
1.1813
1.18715
1.18908
1.18706
1.1812
1.17193
1.15982
1.14554
1.1297
1.11279
1.09501
1.07653
1.05757
1.03855
1.02002
1.00287
0.988388
0.977996
0.972884
0.973188
0.977824
0.984862
0.992296
0.998597
1.00279
1.00433
1.00313
0.999546
0.994539
0.989451
0.985556
0.983534
0.983201
0.983739
0.98421
0.98407
0.983181
0.981651
0.979718
0.977908
0.976746
0.976444
0.976605
0.976433
0.975714
0.975417
0.977409
0.983577
0.994631
1.00953
1.02561
1.03968
1.04913
1.05281
1.0513
1.04654
1.04116
1.0374
1.03624
1.03727
1.03895
1.03953
1.03786
1.03374
1.02802
1.02227
1.01837
1.018
1.02234
1.03173
1.0455
1.06217
1.07987
1.09698
1.11263
1.1265
1.13848
1.14826
1.15537
1.15953
1.16073
1.1592
1.15531
1.14937
1.14153
1.13164
1.11944
1.10493
1.08866
1.07167
1.05534
1.04075
1.0279
1.01569
1.00231
0.986141
0.966665
0.944612
0.921603
0.899704
0.880905
0.866826
0.858766
0.857735
0.864419
0.87896
0.900698
0.927949
0.957957
0.987344
1.01273
1.03145
1.04223
1.04535
1.04244
1.03595
1.02866
1.02337
1.02259
1.02817
1.04055
1.05837
1.07886
1.09866
1.11465
1.12471
1.12793
1.1243
1.11468
1.10071
1.08451
1.06837
1.0543
1.04376
1.03756
1.03594
1.03854
1.04435
1.05201
1.05993
1.06657
1.07076
1.07179
1.06938
1.06352
1.05436
1.0421
1.02718
1.01046
0.99309
0.976479
0.961858
0.950089
0.941581
0.936503
0.935058
0.937692
0.945142
0.958299
0.977784
1.00337
1.0333
1.06418
1.09167
1.11174
1.12172
1.12088
1.11024
1.09207
1.06938
1.04538
1.02284
1.00391
0.989771
0.980901
0.97697
0.977272
0.981048
0.987791
0.997487
1.01056
1.02732
1.04733
1.06876
1.08867
1.10384
1.11178
1.11143
1.10306
1.0878
1.06709
1.04236
1.0153
0.988206
0.964092
0.946288
0.937508
0.939011
0.950249
0.969082
0.992459
1.01724
1.04088
1.06175
1.07919
1.09331
1.10463
1.1136
1.12046
1.12506
1.12709
1.12645
1.12335
1.1185
1.1127
1.1067
1.10095
1.09583
1.09186
1.08925
1.08767
1.08563
1.08096
1.07165
1.05684
1.03733
1.01515
0.993047
0.973617
0.958624
0.948736
0.943567
0.942161
0.943503
0.947067
0.952885
0.961231
0.972314
0.985802
1.00054
1.01468
1.02595
1.03219
1.03192
1.02446
1.01023
0.990803
0.968676
0.947157
0.929713
0.919373
0.917981
0.925638
0.941038
0.961936
0.985879
1.01064
1.0346
1.05674
1.07644
1.09323
1.10661
1.11611
1.12161
1.12354
1.12262
1.11984
1.11617
1.11261
1.11004
1.10909
1.10975
1.11117
1.11209
1.11115
1.10739
1.10039
1.0901
1.07667
1.06027
1.04111
1.0196
0.996689
0.97386
0.953077
0.936364
0.925262
0.920497
0.92203
0.929299
0.941457
0.95752
0.976462
0.997222
1.01869
1.03972
1.05914
1.07601
1.08967
1.09992
1.10719
1.11219
1.11553
1.11729
1.11682
1.11292
1.10422
1.0899
1.07015
1.04619
1.01972
0.992464
0.965884
0.941468
0.920781
0.905487
0.896901
0.895711
0.902134
0.916212
0.937863
0.966411
1.00024
1.03667
1.07229
1.10364
1.1277
1.14231
1.14645
1.14032
1.12536
1.10415
1.08015
1.05718
1.03869
1.027
1.02265
1.02443
1.02969
1.03558
1.03993
1.04162
1.04067
1.03785
1.03436
1.03145
1.03012
1.03096
1.03372
1.03723
1.0396
1.03881
1.03336
1.02286
1.00835
0.99217
0.977335
0.96681
0.962935
0.967101
0.979528
0.999202
1.02403
1.05113
1.07738
1.10009
1.11745
1.12871
1.13397
1.13397
1.12962
1.12166
1.11049
1.09623
1.07902
1.05918
1.03743
1.01505
0.993873
0.976133
0.964163
0.959977
0.964505
0.977184
0.995901
1.01741
1.03797
1.05417
1.06344
1.0644
1.0569
1.04209
1.0222
1.00027
0.979769
0.963933
0.955007
0.953798
0.959225
0.96876
0.979515
0.989345
0.997507
1.00459
1.01187
1.02061
1.03147
1.04434
1.05836
1.07215
1.08426
1.09346
1.09894
1.10043
1.098
1.0917
1.08136
1.06666
1.04766
1.02546
1.00244
0.981971
0.967452
0.960795
0.961907
0.969135
0.98048
0.994497
1.01046
1.02795
1.04645
1.06491
1.08184
1.09563
1.10508
1.10967
1.10941
1.1046
1.09567
1.08331
1.06847
1.05241
1.0366
1.02248
1.0112
1.00371
1.00047
1.00163
1.00697
1.01609
1.02851
1.04365
1.0607
1.07851
1.09537
1.10896
1.11687
1.11702
1.10823
1.09048
1.06508
1.0343
1.00107
0.968593
0.9401
0.918606
0.906729
0.906184
0.917153
0.937957
0.965401
0.995424
1.024
1.0478
1.06449
1.07279
1.07253
1.06464
1.05123
1.03555
1.02153
1.01279
1.01167
1.01865
1.03222
1.04975
1.06834
1.08548
1.09923
1.10832
1.11195
1.10998
1.10308
1.09269
1.08109
1.07063
1.06297
1.0586
1.05665
1.05541
1.05289
1.0476
1.03885
1.0269
1.01273
0.997822
0.983665
0.971566
0.962487
0.956938
0.954964
0.956079
0.959312
0.96349
0.967583
0.971071
0.973938
0.976447
0.978768
0.980888
0.98266
0.984092
0.985278
0.986399
0.987691
0.989487
0.992162
0.996324
1.0027
1.0118
1.02381
1.03859
1.0557
1.07453
1.09438
1.11416
1.13233
1.14703
1.15605
1.15778
1.15158
1.13819
1.11967
1.09882
1.07851
1.06088
1.04723
1.03796
1.03322
1.03314
1.03764
1.04598
1.05629
1.06588
1.07202
1.07277
1.0676
1.05745
1.04425
1.0301
1.01657
1.00435
0.993503
0.983885
0.975491
0.968613
0.963697
0.961055
0.960779
0.962869
0.967361
0.97453
0.98454
0.997085
1.01128
1.02556
1.03799
1.0466
1.05001
1.04779
1.04047
1.0294
1.01645
1.00362
0.992686
0.984982
0.98119
0.981441
0.985614
0.993281
1.00376
1.01607
1.02895
1.04131
1.05259
1.06293
1.07314
1.08414
1.09635
1.10905
1.12007
1.12625
1.12438
1.11225
1.08978
1.05947
1.02585
0.993827
0.966569
0.944863
0.928182
0.916309
0.909881
0.910221
0.918584
0.935613
0.960985
0.993274
1.03008
1.06824
1.10424
1.1346
1.1564
1.16771
1.16798
1.15814
1.14054
1.11846
1.09545
1.0748
1.0588
1.04886
1.04528
1.04741
1.05341
1.06051
1.06545
1.06533
1.05858
1.04542
1.0277
1.00827
0.989991
0.974815
0.963451
0.955368
0.949412
0.944738
0.941422
0.940478
0.943165
0.950379
0.962398
0.978717
0.998379
1.02011
1.04244
1.06395
1.08331
1.09932
1.11112
1.11812
1.12015
1.11747
1.11072
1.10087
1.08899
1.07611
1.06299
1.05
1.03708
1.02407
1.01089
0.997977
0.986425
0.977923
0.974328
0.977026
0.986297
1.00107
1.01905
1.03733
1.05315
1.06451
1.07033
1.07034
1.06481
1.05426
1.03927
1.0207
0.999881
0.978809
0.959856
0.945064
0.935472
0.931041
0.931031
0.934482
0.940468
0.948126
0.956687
0.965689
0.975324
0.98625
0.999173
1.0143
1.03115
1.04875
1.06599
1.08173
1.0948
1.1041
1.10884
1.10898
1.10557
1.10073
1.09712
1.09695
1.1008
1.10723
1.1133
1.11601
1.11321
1.10394
1.08841
1.06748
1.04232
1.01434
0.985307
0.957628
0.934418
0.918886
0.913388
0.918619
0.933625
0.956365
0.984325
1.01497
1.04583
1.07468
1.09952
1.11869
1.13092
1.1354
1.13186
1.12036
1.1015
1.07671
1.04848
1.02029
0.995668
0.977062
0.965387
0.960915
0.963857
0.97395
0.98952
1.00751
1.02459
1.03854
1.04876
1.05591
1.06104
1.0649
1.06767
1.06891
1.06794
1.0641
1.05706
1.04696
1.03453
1.02095
1.0076
0.995859
0.987076
0.982479
0.983226
0.989995
1.00261
1.01955
1.03822
1.05549
1.06866
1.07637
1.07898
1.07821
1.07614
1.07433
1.07337
1.07311
1.07307
1.07272
1.07165
1.06943
1.06563
1.05998
1.05238
1.04334
1.03403
1.02605
1.0211
1.02019
1.02353
1.03031
1.03889
1.04713
1.05281
1.05399
1.0494
1.03876
1.02276
1.00313
0.98247
0.963638
0.949111
0.94064
0.939067
0.944509
0.956426
0.973546
0.993806
1.0147
1.03377
1.04896
1.05897
1.0634
1.06271
1.05805
1.05109
1.04376
1.03782
1.03443
1.03394
1.03577
1.0388
1.04173
1.0436
1.04406
1.04341
1.04245
1.04223
1.04375
1.04741
1.05295
1.05932
1.06503
1.06846
1.06844
1.06475
1.05819
1.05013
1.04156
1.03252
1.02206
1.00892
0.992608
0.973671
0.953609
0.934547
0.91863
0.907693
0.90311
0.905746
0.915784
0.932631
0.954738
0.979741
1.00496
1.02812
1.04795
1.06427
1.07771
1.0892
1.09935
1.10795
1.11389
1.11557
1.11152
1.10115
1.08553
1.06726
1.04976
1.03629
1.02911
1.02907
1.03592
1.04848
1.06464
1.08177
1.09712
1.1082
1.11332
1.11151
1.10248
1.08629
1.06343
1.03509
1.00347
0.971764
0.943612
0.922305
0.910223
0.908773
0.918661
0.939756
0.970837
1.00906
1.05004
1.08871
1.12033
1.14164
1.15136
1.1503
1.14085
1.12618
1.10916
1.09187
1.07554
1.06091
1.04856
1.03904
1.03278
1.0298
1.02966
1.03147
1.03446
1.038
1.04183
1.04597
1.05054
1.0556
1.0608
1.06529
1.06777
1.0668
1.06139
1.05174
1.03959
1.02745
1.01688
1.00779
0.998953
0.989509
0.979999
0.972275
0.96841
0.969658
0.975839
0.985706
0.997876
1.01132
1.02551
1.04
1.05393
1.06588
1.07418
1.07748
1.07526
1.06782
1.05625
1.04241
1.02854
1.01689
1.00939
1.0071
1.01
1.017
1.02623
1.03551
1.04296
1.0473
1.04793
1.0451
1.03988
1.03402
1.0295
1.02807
1.03053
1.03665
1.04523
1.05443
1.06222
1.06698
1.06789
1.06528
1.06056
1.05575
1.05267
1.05237
1.05501
1.06019
1.06747
1.07679
1.08796
1.10033
1.1124
1.12194
1.1268
1.12533
1.11666
1.10055
1.07757
1.04925
1.01817
0.987802
0.962116
0.94475
0.938137
0.942932
0.957669
0.979051
1.00289
1.02494
1.04197
1.05205
1.05468
1.05032
1.04013
1.02556
1.00823
0.989723
0.971592
0.955291
0.942145
0.933522
0.930686
0.934733
0.946166
0.964633
0.988787
1.01625
1.04393
1.06852
1.08721
1.09825
1.10117
1.09698
1.08783
1.07634
1.06494
1.05506
1.04684
1.03951
1.03205
1.02375
1.01455
1.00493
0.995643
0.987692
0.982227
0.980421
0.983335
0.991533
1.00464
1.02143
1.04014
1.05892
1.07625
1.0913
1.10399
1.1147
1.12375
1.13112
1.13606
1.13716
1.13246
1.12014
1.09945
1.07157
1.03987
1.00912
0.983845
0.966774
0.958537
0.958383
0.965202
0.977719
0.994575
1.0141
1.03415
1.05236
1.06644
1.07467
1.07649
1.073
1.06663
1.05997
1.05422
1.04871
1.04172
1.032
1.0194
1.00487
0.989829
0.975697
0.96357
0.953956
0.946814
0.941644
0.937865
0.935285
0.934322
0.936067
0.941914
0.953063
0.970064
0.992586
1.01937
1.04842
1.07705
1.10211
1.12057
1.12981
1.12828
1.11594
1.09442
1.06691
1.03776
1.01165
0.992587
0.982975
0.983562
0.993652
1.01146
1.03447
1.05968
1.08391
1.10416
1.11799
1.12383
1.12105
1.10995
1.09158
1.06772
1.04055
1.01262
0.986613
0.965072
0.950251
0.943842
0.946614
0.958299
0.9775
1.00169
1.02768
1.05229
1.07289
1.08796
1.09696
1.1002
1.09845
1.09283
1.08458
1.07482
1.0645
1.05401
1.04316
1.03139
1.01811
1.00321
0.987436
0.972415
0.960364
0.953349
0.952515
0.957681
0.9676
0.98053
0.994855
1.00942
1.02347
1.03654
1.04804
1.05749
1.06442
1.06826
1.06853
1.06481
1.05729
1.0467
1.03417
1.02089
1.00796
0.996442
0.987469
0.982469
0.98289
0.989945
1.00421
1.02514
1.05103
1.0792
1.10631
1.12903
1.14479
1.15204
1.15033
1.14042
1.12422
1.10449
1.0843
1.06647
1.05294
1.04456
1.04129
1.04219
1.04555
1.04912
1.05061
1.04797
1.03995
1.02621
1.00769
0.986379
0.964895
0.945846
0.931108
0.921533
0.916809
0.916077
0.918647
0.924485
0.933919
0.946916
0.962348
0.977972
0.991119
0.999658
1.00266
1.00065
0.995448
0.989689
0.986232
0.987601
0.995395
1.01016
1.03135
1.05725
1.08515
1.11154
1.13286
1.14643
1.15105
1.14741
1.13776
1.12511
1.1122
1.1003
1.08909
1.07725
1.06378
1.04873
1.03321
1.01898
1.00789
1.00144
1.00042
1.00494
1.01442
1.02762
1.0427
1.05753
1.07011
1.0791
1.08397
1.085
1.08278
1.07797
1.07104
1.06217
1.05159
1.03966
1.02696
1.01431
1.00266
0.992902
0.985745
0.981556
0.980227
0.981037
0.982878
0.984464
0.984776
0.983393
0.980605
0.977267
0.974304
0.972516
0.972186
0.973407
0.97625
0.981047
0.988452
0.999042
1.013
1.02975
1.04798
1.06582
1.08139
1.09324
1.10058
1.10319
1.10118
1.09474
1.08426
1.0704
1.05419
1.03721
1.02135
1.0087
1.00108
0.999642
1.00447
1.01454
1.02781
1.04181
1.05421
1.06348
1.06913
1.07178
1.0729
1.07399
1.07605
1.0791
1.08238
1.08481
1.08566
1.08476
1.08256
1.07984
1.07723
1.07461
1.07116
1.06549
1.05635
1.04313
1.02615
1.00645
0.985396
0.96441
0.944799
0.927756
0.914331
0.905206
0.900576
0.900169
0.903407
0.909717
0.918765
0.930392
0.944515
0.960889
0.978684
0.996443
1.01238
1.02481
1.03267
1.03571
1.03449
1.03
1.02334
1.01552
1.00779
1.00181
0.999764
1.00411
1.01702
1.03959
1.07139
1.11022
1.15244
1.19363
1.22924
1.25509
1.26808
1.26629
1.2492
1.21761
1.17364
1.12062
1.06286
1.00521
0.952624
0.909503
0.879174
0.8635
0.862523
0.874272
0.894895
0.919541
0.943775
0.964784
0.981822
0.995663
1.0076
1.01841
1.02774
1.0344
1.03693
1.03426
1.0262
1.01356
0.998226
0.982604
0.969415
0.961266
0.960337
0.967925
0.984018
1.0069
1.03335
1.05931
1.08086
1.09501
1.10021
1.09659
1.08579
1.07086
1.05563
1.04414
1.0396
1.04367
1.05587
1.07372
1.09342
1.1108
1.1223
1.12587
1.12116
1.10946
1.09332
1.07581
1.05975
1.04732
1.03975
1.03725
1.03902
1.04347
1.04877
1.05317
1.0555
1.05538
1.05286
1.04794
1.04022
1.0289
1.01315
0.992688
0.968683
0.94379
0.921825
0.906697
0.901224
0.906315
0.920967
0.942746
0.968634
0.995789
1.02163
1.04413
1.06185
1.07417
1.08119
1.08338
1.08139
1.0758
1.06723
1.05633
1.04389
1.03091
1.01879
1.00927
1.0045
1.00656
1.01673
1.03442
1.05672
1.07874
1.09478
1.10013
1.09251
1.0729
1.04527
1.01547
0.989304
0.971078
0.962895
0.965023
0.976424
0.995263
1.01926
1.04611
1.0737
1.10024
1.12404
1.14343
1.157
1.16367
1.1631
1.15561
1.14226
1.12456
1.10414
1.08249
1.06081
1.03993
1.02052
1.00305
0.987889
0.975285
0.965395
0.958247
0.953682
0.951452
0.951166
0.952424
0.954931
0.958392
0.96249
0.967058
0.972279
0.978636
0.986792
0.997161
1.00956
1.02305
1.03609
1.0469
1.05397
1.0565
1.0547
1.04967
1.04332
1.03785
1.03516
1.0363
1.04106
1.04813
1.05536
1.0606
1.06234
1.06026
1.05508
1.04812
1.04066
1.03353
1.02715
1.02162
1.01701
1.01326
1.01036
1.00828
1.00704
1.00672
1.00758
1.00988
1.01374
1.01918
1.02608
1.03419
1.04326
1.05296
1.06293
1.07279
1.08205
1.09005
1.09573
1.09769
1.0948
1.08661
1.07387
1.05848
1.04309
1.03054
1.02305
1.02139
1.02472
1.03109
1.03836
1.04499
1.05048
1.055
1.05891
1.06222
1.06437
1.06433
1.06092
1.05326
1.04103
1.02444
1.004
0.980533
0.955246
0.929776
0.906161
0.88681
0.874164
0.870547
0.877671
0.896124
0.924796
0.960963
1.00087
1.04096
1.0786
1.11229
1.1411
1.16397
1.17942
1.18568
1.18135
1.16621
1.14143
1.10971
1.07489
1.04136
1.01303
0.992479
0.980467
0.976113
0.977649
0.983221
0.991244
1.00042
1.00977
1.01843
1.02569
1.03095
1.03377
1.03396
1.03167
1.02742
1.02198
1.01647
1.01213
1.01021
1.01158
1.0166
1.02508
1.03648
1.05025
1.06581
1.08235
1.09849
1.11214
1.12095
1.12322
1.11864
1.10858
1.09536
1.08119
1.06718
1.05307
1.0377
1.02001
0.999826
0.978571
0.958995
0.944342
0.937316
0.938883
0.948072
0.962557
0.979455
0.996119
1.01049
1.02144
1.02872
1.03268
1.03405
1.03356
1.03168
1.02857
1.02419
1.01863
1.0123
1.00625
1.00186
1.00027
1.0017
1.00542
1.01008
1.01431
1.01747
1.01964
1.02143
1.02347
1.02599
1.02883
1.03169
1.03441
1.03714
1.0402
1.04369
1.04716
1.04967
1.05025
1.04854
1.04507
1.04124
1.03876
1.03912
1.04298
1.0498
1.05805
1.06576
1.07098
1.07214
1.06805
1.05818
1.04279
1.02325
1.00207
0.982326
0.966518
0.955238
0.946945
0.939351
0.931218
0.923298
0.917893
0.917862
0.925434
0.941418
0.965063
0.994336
1.02651
1.05871
1.08844
1.11394
1.13431
1.14938
1.15942
1.16482
1.1659
1.16316
1.15731
1.1491
1.13882
1.12602
1.10966
1.08888
1.06385
1.0365
1.01054
0.990398
0.979632
0.979458
0.988403
1.00314
1.01977
1.03473
1.04551
1.0507
1.05007
1.04439
1.035
1.02346
1.0111
0.998845
0.987308
0.977183
0.969561
0.965807
0.967083
0.973698
0.985187
1.00047
1.01838
1.03804
1.05863
1.07906
1.09783
1.11314
1.12336
1.12753
1.12577
1.11935
1.11037
1.10112
1.09329
1.08764
1.08378
1.0807
1.07705
1.07151
1.06297
1.05057
1.034
1.01389
0.992228
0.972174
0.95671
0.947105
0.942633
0.94151
0.942245
0.944165
0.947519
0.953283
0.962635
0.976466
0.994924
1.01725
1.0419
1.06701
1.09066
1.11114
1.12699
1.13708
1.1405
1.13667
1.12574
1.10893
1.08869
1.06835
1.05138
1.04038
1.03642
1.03888
1.04576
1.05446
1.06231
1.06713
1.06756
1.06324
1.05499
1.04473
1.03451
1.02602
1.01982
1.01528
1.01103
1.00559
0.998319
0.989922
0.98239
0.978156
0.979148
0.98589
0.997236
1.01075
1.02357
1.03341
1.03917
1.04101
1.04001
1.03771
1.0355
1.03435
1.03487
1.0374
1.0423
1.04994
1.06051
1.07352
1.08776
1.10133
1.11243
1.11989
1.12327
1.12257
1.1177
1.10805
1.09287
1.07175
1.04522
1.01507
0.984465
0.95714
0.936415
0.924201
0.920437
0.923404
0.930734
0.940358
0.951083
0.962448
0.974614
0.987708
1.00183
1.01676
1.03224
1.04826
1.06506
1.08285
1.10107
1.11811
1.13194
1.14088
1.144
1.14129
1.13327
1.12068
1.1046
1.08667
1.06901
1.05391
1.04324
1.03777
1.03697
1.03925
1.04231
1.04371
1.04129
1.03366
1.0205
1.00281
0.982986
0.964398
0.950787
0.945339
0.949689
0.963574
0.984975
1.01095
1.03828
1.06401
1.08557
1.10073
1.10774
1.10549
1.09376
1.07362
1.0474
1.01851
0.990666
0.967073
0.9498
0.939706
0.936831
0.940805
0.950868
0.965906
0.984284
1.00389
1.02257
1.03857
1.05105
1.05998
1.06588
1.06952
1.07138
1.07144
1.06926
1.06443
1.05685
1.04686
1.03516
1.02258
1.00969
0.996741
0.984034
0.97221
0.962171
0.955274
0.952839
0.955877
0.964852
0.979601
0.999123
1.02154
1.04433
1.0647
1.08
1.08817
1.08804
1.07952
1.06382
1.04333
1.02141
1.00168
0.987344
0.980724
0.982989
0.993997
1.01228
1.03533
1.06
1.08309
1.10205
1.11543
1.12294
1.1252
1.12324
1.118
1.11029
1.10073
1.08993
1.07862
1.06765
1.05772
1.04904
1.0413
1.03393
1.02638
1.01848
1.01049
1.00317
0.997472
0.994261
0.993942
0.996098
0.999689
1.00342
1.00633
1.00796
1.00837
1.00803
1.00752
1.00732
1.00766
1.00862
1.01006
1.01168
1.01318
1.01436
1.01495
1.01483
1.01394
1.01229
1.01028
1.00861
1.00825
1.01018
1.01506
1.02282
1.03259
1.04283
1.0518
1.05819
1.06163
1.06302
1.06421
1.06751
1.07495
1.0875
1.10472
1.12476
1.14494
1.16249
1.17506
1.18101
1.17904
1.16817
1.14767
1.11741
1.07823
1.03237
0.983612
0.936923
0.897714
0.870649
0.858219
0.860384
0.874704
0.897344
0.924367
0.952488
0.979421
1.00377
1.02473
1.04172
1.05433
1.06249
1.06644
1.06681
1.06453
1.06082
1.05701
1.05432
1.05385
1.05618
1.06111
1.0676
1.07398
1.07827
1.07877
1.07437
1.06479
1.05052
1.03272
1.01288
0.992608
0.973488
0.95697
0.944354
0.936666
0.934659
0.938779
0.949032
0.964796
0.984925
1.00805
1.03267
1.05735
1.08094
1.10244
1.12083
1.13483
1.14299
1.14405
1.1373
1.12279
1.10132
1.07449
1.04457
1.01443
0.987112
0.965524
0.95176
0.946781
0.950128
0.960098
0.974151
0.989478
1.00366
1.01529
1.02414
1.03078
1.036
1.04019
1.0431
1.04388
1.04157
1.03545
1.02555
1.01258
0.997994
0.983547
0.970828
0.960878
0.95414
0.95054
0.949846
0.951988
0.957157
0.965689
0.977856
0.993462
1.01166
1.03119
1.0506
1.0686
1.08433
1.09733
1.10743
1.1145
1.11835
1.1187
1.11522
1.10776
1.09659
1.08256
1.06713
1.05204
1.03889
1.02872
1.02176
1.01745
1.0147
1.01217
1.00868
1.0033
0.995645
0.986138
0.975908
0.966673
0.960175
0.957715
0.959969
0.967116
0.978881
0.994623
1.01323
1.03322
1.05316
1.0719
1.08894
1.10438
1.11864
1.13199
1.14409
1.15395
1.16017
1.16121
1.1561
1.14445
1.12673
1.10409
1.07808
1.05054
1.0235
0.998935
0.97862
0.963791
0.95483
0.951108
0.951159
0.953206
0.955692
0.957832
0.959669
0.961818
0.965194
0.970573
0.978329
0.988237
0.99955
1.01116
1.02182
1.03046
1.03627
1.03895
1.03864
1.03592
1.03177
1.02719
1.02307
1.01995
1.01801
1.01715
1.01699
1.01681
1.01593
1.0139
1.01068
1.00685
1.00346
1.00175
1.00271
1.00687
1.01413
1.02396
1.03552
1.04798
1.06069
1.07313
1.08496
1.09589
1.10556
1.11346
1.11892
1.1212
1.1197
1.11411
1.10447
1.09121
1.0751
1.05704
1.03772
1.01777
0.998155
0.980884
0.969344
0.967317
0.976864
0.996654
1.02219
1.04781
1.06881
1.08236
1.08756
1.08517
1.0771
1.06572
1.05356
1.0426
1.03406
1.02829
1.02482
1.02276
1.02144
1.02084
1.02157
1.02406
1.02741
1.02933
1.02751
1.02117
1.01137
1.00029
0.990434
0.984153
0.983279
0.988626
0.999945
1.01608
1.03526
1.05532
1.07398
1.08898
1.09825
1.10048
1.09525
1.08325
1.06598
1.04563
1.02471
1.00583
0.991432
0.983732
0.984201
0.993282
1.01017
1.03311
1.05982
1.08791
1.11497
1.13858
1.15632
1.16609
1.16649
1.15722
1.13923
1.11449
1.08583
1.05641
1.02934
1.0072
0.991732
0.983603
0.982487
0.987361
0.996487
1.00773
1.01869
1.0271
1.03138
1.03088
1.02612
1.01824
1.00862
0.998393
0.988253
0.978495
0.969149
0.960377
0.952705
0.947139
0.944911
0.947257
0.955213
0.969143
0.988475
1.01149
1.03547
1.05739
1.07476
1.08607
1.09099
1.09016
1.08487
1.07678
1.06755
1.05847
1.0504
1.0435
1.03739
1.0314
1.02487
1.01759
1.01015
1.00391
1.00048
1.00103
1.00564
1.01318
1.0217
1.0292
1.03423
1.03622
1.03549
1.03301
1.03002
1.02763
1.02651
1.02682
1.02835
1.03085
1.03416
1.03821
1.04286
1.04788
1.05279
1.05688
1.05938
1.05968
1.05766
1.05382
1.049
1.04412
1.03986
1.03655
1.03426
1.03281
1.03214
1.03247
1.03406
1.03673
1.03971
1.04147
1.04056
1.03635
1.02907
1.01994
1.01065
1.00277
0.997576
0.995777
0.997702
1.00354
1.01355
1.0279
1.04621
1.06696
1.08725
1.10361
1.11304
1.11393
1.10633
1.09165
1.07204
1.04997
1.02775
1.00737
0.990489
0.978331
0.97176
0.971158
0.976457
0.987059
1.00192
1.01974
1.03916
1.05868
1.07675
1.09149
1.10097
1.10358
1.09829
1.08521
1.06573
1.04212
1.01734
0.994499
0.97647
0.965747
0.963843
0.971015
0.985998
1.00615
1.02825
1.04905
1.06591
1.07701
1.08139
1.07884
1.07004
1.05658
1.04089
1.0258
1.01394
1.007
1.00512
1.00697
1.01055
1.01371
1.01494
1.01376
1.01052
1.00643
1.00316
1.00215
1.00391
1.00793
1.01299
1.01787
1.02182
1.02473
1.02711
1.02989
1.03396
1.03973
1.0468
1.05431
1.06141
1.06747
1.07226
1.07575
1.07799
1.07876
1.07737
1.07288
1.06441
1.05166
1.03504
1.01571
0.995306
0.975672
0.958508
0.945429
0.9379
0.937192
0.944119
0.958606
0.979201
1.00313
1.02688
1.04714
1.06141
1.0686
1.06892
1.06353
1.05405
1.04218
1.02943
1.01706
1.00622
0.997936
0.992924
0.991431
0.992988
0.996534
1.0007
1.00453
1.00788
1.01139
1.01607
1.02287
1.03226
1.04413
1.05793
1.07276
1.08745
1.10046
1.10976
1.11311
1.10844
1.09447
1.07122
1.04068
1.00697
0.975651
0.951803
0.938029
0.933835
0.936948
0.944793
0.955377
0.967337
0.979738
0.991747
1.00263
1.01202
1.02015
1.02781
1.03609
1.04592
1.05774
1.07135
1.08592
1.10041
1.1137
1.12495
1.13358
1.13922
1.14155
1.14031
1.13515
1.12598
1.11273
1.0957
1.07569
1.05376
1.03109
1.00881
0.988103
0.9703
0.956892
0.949442
0.949056
0.955909
0.969059
0.986633
1.00607
1.02443
1.03887
1.04696
1.04729
1.03983
1.02603
1.00849
0.990177
0.97356
0.960137
0.950223
0.943418
0.939138
0.937172
0.937963
0.942688
0.952927
0.970019
0.994474
1.02548
1.0608
1.09706
1.13048
1.1576
1.17589
1.18401
1.18176
1.16995
1.15018
1.12468
1.09599
1.06661
1.03875
1.01403
0.993332
0.976796
0.96393
0.95393
0.946171
0.940534
0.937734
0.939214
0.946778
0.962126
0.985975
1.01738
1.0535
1.08983
1.12124
1.14307
1.15197
1.14672
1.12818
1.09927
1.06422
1.02798
0.995452
0.970913
0.957508
0.956645
0.967497
0.986792
1.00945
1.02982
1.04338
1.04795
1.04415
1.03495
1.0245
1.01681
1.01455
1.01848
1.02758
1.03967
1.05221
1.06298
1.07027
1.07313
1.07155
1.06641
1.0595
1.05333
1.05057
1.05338
1.06267
1.07759
1.09571
1.11355
1.12771
1.13553
1.13554
1.1276
1.1127
1.09302
1.07149
1.05112
1.03402
1.02079
1.01044
1.00105
0.990749
0.978302
0.963826
0.948703
0.935362
0.926696
0.925267
0.932263
0.946972
0.966816
0.988329
1.00822
1.02411
1.03472
1.03981
1.03994
1.03601
1.02882
1.01909
1.00756
0.995551
0.985047
0.978115
0.976083
0.9789
0.985275
0.993385
1.00158
1.00894
1.01539
1.02156
1.02843
1.03708
1.0481
1.06142
1.07618
1.09093
1.10395
1.11345
1.11783
1.11598
1.1073
1.09201
1.07109
1.04629
1.02011
0.995625
0.976277
0.965372
0.965258
0.97651
0.997711
1.02551
1.05539
1.08263
1.10322
1.11439
1.11491
1.10492
1.08557
1.05892
1.02795
0.996403
0.968563
0.94826
0.937772
0.937178
0.945034
0.959326
0.978214
0.999857
1.0222
1.04309
1.0607
1.07387
1.08215
1.08593
1.08572
1.08218
1.07604
1.06827
1.06012
1.05318
1.04872
1.0475
1.04953
1.0542
1.06033
1.06645
1.07104
1.07284
1.07142
1.06711
1.06071
1.05329
1.04588
1.03918
1.0335
1.02879
1.02479
1.0212
1.01764
1.01396
1.01033
1.00721
1.00529
1.00507
1.00645
1.00864
1.01057
1.01124
1.01013
1.00742
1.00384
1.00053
0.998667
0.999373
1.00347
1.01135
1.02287
1.03743
1.05389
1.07069
1.08611
1.09836
1.10595
1.1082
1.10527
1.09807
1.08768
1.07499
1.06053
1.04502
1.03004
1.01814
1.01175
1.01164
1.01618
1.02225
1.02691
1.02854
1.02692
1.02276
1.01743
1.0125
1.00971
1.01056
1.01606
1.02651
1.04127
1.05872
1.0766
1.09236
1.10347
1.10776
1.10384
1.0914
1.07142
1.0461
1.01856
0.992104
0.969625
0.953138
0.943338
0.939949
0.942102
0.94883
0.959375
0.97311
0.989366
1.00723
1.0254
1.04226
1.05605
1.06534
1.06909
1.06698
1.05945
1.04763
1.03329
1.0188
1.00678
0.999725
0.999389
1.00621
1.01922
1.03639
1.05534
1.07374
1.08978
1.10209
1.1097
1.11201
1.10886
1.1006
1.08836
1.07409
1.06021
1.04934
1.04355
1.0437
1.04914
1.0577
1.06641
1.07227
1.07324
1.06873
1.05951
1.04731
1.03415
1.02157
1.01038
1.00055
0.991565
0.982927
0.974466
0.966407
0.959391
0.954261
0.952033
0.953604
0.959796
0.970987
0.986658
1.00504
1.02328
1.03813
1.04678
1.0476
1.0406
1.02738
1.01077
0.994279
0.981366
0.974639
0.97528
0.982957
0.996002
1.01175
1.02707
1.03885
1.04451
1.04243
1.0323
1.0153
0.994069
0.972333
0.954457
0.944428
0.944922
0.956449
0.977164
1.00352
1.03127
1.05653
1.07647
1.0893
1.09428
1.09168
1.08262
1.06898
1.05319
1.03773
1.02455
1.01471
1.00847
1.00567
1.00611
1.00965
1.016
1.02453
1.03408
1.04315
1.05021
1.05397
1.05362
1.04896
1.04048
1.0294
1.01734
1.00622
0.998042
0.994512
0.996745
1.00513
1.01904
1.03698
1.05688
1.0764
1.09325
1.1055
1.11186
1.11184
1.10585
1.09505
1.08093
1.06473
1.04743
1.03
1.01389
1.00118
0.994029
0.993797
1.00028
1.0118
1.02582
1.0396
1.05075
1.05738
1.05841
1.05352
1.04321
1.02865
1.0114
0.99338
0.976563
0.962802
0.953655
0.950093
0.952443
0.960397
0.973132
0.989682
1.00896
1.02997
1.05178
1.07357
1.09451
1.11367
1.12986
1.14166
1.14765
1.14688
1.1393
1.12597
1.10896
1.09086
1.07376
1.05843
1.04416
1.0295
1.0134
0.995899
0.978356
0.96273
0.950754
0.943422
0.940877
0.942859
0.948978
0.958748
0.971465
0.986229
1.00197
1.01757
1.03189
1.04383
1.05238
1.05678
1.0566
1.05196
1.04359
1.03282
1.0214
1.01132
1.00462
1.00292
1.00727
1.01779
1.03347
1.05203
1.07049
1.08585
1.0958
1.09911
1.09573
1.08665
1.07351
1.05818
1.04253
1.02828
1.01675
1.00895
1.00555
1.00676
1.01233
1.02143
1.03289
1.04533
1.05726
1.06728
1.07417
1.07707
1.07574
1.07064
1.0629
1.05392
1.04484
1.03617
1.02781
1.01954
1.01137
1.00366
0.996944
0.991627
0.987872
0.985574
0.984664
0.985167
0.987291
0.991307
0.997411
1.00566
1.01586
1.02749
1.03983
1.05192
1.06278
1.07165
1.07812
1.08209
1.0837
1.08302
1.07959
1.07256
1.06098
1.04409
1.022
0.996132
0.969347
0.945372
0.927877
0.919356
0.920606
0.930627
0.947079
0.966917
0.987063
1.00493
1.01888
1.02853
1.03454
1.03827
1.04122
1.04455
1.04859
1.05301
1.05712
1.06064
1.06387
1.06723
1.07033
1.07168
1.06934
1.06202
1.04988
1.03472
1.01985
1.00956
1.00789
1.01653
1.0338
1.05534
1.07638
1.09343
1.10498
1.11108
1.1128
1.11176
1.10973
1.10824
1.10829
1.10998
1.11266
1.11494
1.11513
1.11187
1.10437
1.09248
1.0766
1.0574
1.03587
1.01349
0.992069
0.97391
0.961328
0.955781
0.957067
0.963453
0.972344
0.981237
0.988
0.991213
0.990207
0.98501
0.976097
0.964126
0.949908
0.934628
0.920055
0.90862
0.903042
0.905596
0.917474
0.938507
0.967205
1.00124
1.0377
1.07347
1.10559
1.13123
1.14796
1.15401
1.14875
1.13287
1.10861
1.07949
1.04955
1.0227
1.00175
0.987944
0.980935
0.979145
0.980335
0.982169
0.98286
0.981631
0.978888
0.976113
0.975333
0.978469
0.986654
0.999784
1.01675
1.03593
1.05581
1.0751
1.09288
1.10854
1.1215
1.13113
1.13693
1.13882
1.13721
1.13302
1.12717
1.12032
1.11257
1.1036
1.09291
1.08019
1.0656
1.04957
1.03271
1.01574
0.999463
0.984892
0.973288
0.965958
0.963789
0.966935
0.974694
0.985852
0.999157
1.0137
1.02888
1.04413
1.05857
1.07098
1.08012
1.08536
1.08678
1.08477
1.07958
1.07088
1.0583
1.04221
1.02402
1.00603
0.990682
0.979651
0.973561
0.97192
0.973543
0.977147
0.981637
0.986393
0.991395
0.997182
1.00437
1.01315
1.02306
1.03309
1.04215
1.04941
1.05433
1.05625
1.05441
1.04824
1.03789
1.02456
1.01047
0.998182
0.989905
0.98675
0.988657
0.994938
1.00482
1.01771
1.03304
1.04993
1.06686
1.08183
1.09271
1.09786
1.09649
1.08891
1.07643
1.06103
1.04524
1.03174
1.02296
1.02053
1.02488
1.03506
1.04879
1.06277
1.07368
1.07903
1.07789
1.07115
1.06099
1.04985
1.03957
1.03083
1.02333
1.01638
1.00954
1.00316
0.998102
0.995752
0.997603
1.00484
1.01798
1.03657
1.05901
1.0828
1.10497
1.1228
1.13421
1.13817
1.13485
1.12531
1.1113
1.09489
1.07807
1.06237
1.04851
1.03627
1.02485
1.01334
1.00114
0.988163
0.974748
0.961708
0.950195
0.941709
0.937633
0.938923
0.94582
0.957833
0.974032
0.993305
1.01414
1.0345
1.05211
1.06494
1.07188
1.0731
1.06978
1.06374
1.05693
1.05074
1.04557
1.04096
1.03594
1.02962
1.02146
1.01135
0.999473
0.986351
0.973013
0.96102
0.952606
0.950216
0.955677
0.969229
0.989074
1.01191
1.03397
1.05209
1.06447
1.07063
1.07113
1.06693
1.05911
1.04907
1.03867
1.03003
1.02528
1.02582
1.0318
1.04188
1.05375
1.06485
1.07312
1.07756
1.0783
1.07621
1.07224
1.06704
1.06067
1.05299
1.04398
1.03393
1.02349
1.01335
1.00413
0.995994
0.988826
0.982243
0.975959
0.969795
0.963652
0.957467
0.951412
0.946078
0.942698
0.942654
0.947137
0.956728
0.971285
0.989968
1.01145
1.03411
1.05614
1.07598
1.0926
1.10556
1.11493
1.12124
1.12511
1.12747
1.12902
1.13012
1.13063
1.12997
1.12743
1.12235
1.11417
1.10256
1.08743
1.06933
1.04935
1.02908
1.01028
0.994561
0.983141
0.976716
0.975576
0.979527
0.987832
0.999569
1.01394
1.03021
1.04727
1.06315
1.07558
1.08281
1.08418
1.07992
1.07074
1.05756
1.04145
1.02391
1.007
0.993002
0.984186
0.982198
0.987835
1.00062
1.01867
1.039
1.05806
1.073
1.08219
1.08539
1.08341
1.07757
1.06933
1.05999
1.05071
1.04227
1.03518
1.02953
1.02524
1.02215
1.01997
1.01819
1.01613
1.01279
1.00739
0.999921
0.991404
0.983796
0.979139
0.978777
0.982646
0.989428
0.997356
1.0048
1.01086
1.01527
1.01815
1.01985
1.02078
1.02139
1.02217
1.02375
1.02664
1.03107
1.03682
1.04318
1.0496
1.05603
1.06298
1.07108
1.08061
1.09115
1.10175
1.11099
1.1174
1.11962
1.1168
1.10871
1.09599
1.08003
1.063
1.04731
1.03494
1.02677
1.02235
1.02031
1.01914
1.01794
1.01675
1.01617
1.01681
1.01872
1.02113
1.02273
1.02214
1.01844
1.01148
1.00215
0.992162
0.983723
0.978815
0.97854
0.982916
0.991022
1.00147
1.01273
1.02338
1.03225
1.03839
1.04107
1.0399
1.03475
1.02548
1.01207
0.994655
0.973886
0.951334
0.929585
0.911852
0.901205
0.899749
0.908045
0.925536
0.951137
0.983574
1.0212
1.0618
1.10245
1.13982
1.17084
1.19328
1.20604
1.20923
1.20382
1.19145
1.17394
1.15272
1.12891
1.10347
1.07747
1.05229
1.02956
1.01099
0.998091
0.991988
0.9931
1.00085
1.01391
1.03029
1.04756
1.06313
1.07438
1.0791
1.07592
1.0646
1.0461
1.0222
0.995157
0.967266
0.940701
0.917639
0.900319
0.890937
0.891137
0.901231
0.919746
0.943854
0.970098
0.995264
1.01698
1.03391
1.04578
1.05314
1.05692
1.05791
1.05645
1.05272
1.04689
1.03952
1.03154
1.02423
1.01896
1.01703
1.01933
1.02632
1.03791
1.05353
1.07218
1.09252
1.11294
1.13174
1.14728
1.15802
1.16254
1.15963
1.14838
1.1287
1.10167
1.06959
1.0359
1.0044
0.978453
0.960345
0.950987
0.950214
0.957036
0.969733
0.986144
1.00398
1.02144
1.03755
1.05194
1.06446
1.07485
1.08267
1.08732
1.08831
1.08534
1.07838
1.06767
1.05359
1.03684
1.01848
1.00027
0.984434
0.973465
0.969512
0.97365
0.985387
1.00284
1.02341
1.0447
1.06475
1.08209
1.09538
1.10355
1.10598
1.10265
1.0942
1.0816
1.06586
1.048
1.02886
1.00902
0.988498
0.966958
0.944441
0.922152
0.90276
0.889753
0.88629
0.894196
0.913421
0.942062
0.97674
1.01337
1.0477
1.07617
1.09629
1.107
1.1086
1.10225
1.08959
1.07245
1.05268
1.03218
1.01275
0.996195
0.984175
0.977887
0.977937
0.984422
0.997014
1.01512
1.03778
1.06356
1.09034
1.11566
1.13684
1.15166
1.15883
1.15803
1.14994
1.136
1.11794
1.09729
1.07532
1.05298
1.03098
1.0101
0.991216
0.975197
0.962618
0.953396
0.946704
0.941199
0.935448
0.928508
0.920615
0.913548
0.91044
0.914485
0.927217
0.947346
0.971151
0.994377
1.01395
1.02888
1.04008
1.04942
1.05894
1.07014
1.08345
1.09826
1.11299
1.12566
1.13432
1.13741
1.13398
1.12354
1.10644
1.08388
1.05798
1.03218
1.01072
0.997562
0.994945
1.00254
1.01775
1.03687
1.05656
1.07452
1.08924
1.09989
1.10611
1.10762
1.1043
1.09624
1.08366
1.06694
1.04656
1.02307
0.997394
0.970906
0.945533
0.923593
0.907745
0.900594
0.904149
0.919151
0.944561
0.977612
1.01448
1.05115
1.08401
1.11032
1.12835
1.13729
1.13727
1.12911
1.11418
1.09425
1.07148
1.04815
1.0267
1.00964
0.999316
0.997311
1.00387
1.01751
1.03533
1.05388
1.0699
1.08095
1.08545
1.08257
1.07202
1.05392
1.02922
0.999923
0.968913
0.939426
0.914411
0.896134
0.886216
0.885966
0.896192
0.916823
0.946441
0.982418
1.02138
1.06001
1.09549
1.12576
1.14926
1.1649
1.17208
1.17071
1.16139
1.14523
1.12396
1.09981
1.07506
1.05173
1.03124
1.01433
1.00115
0.991627
0.985734
0.983657
0.985612
0.991538
1.00082
1.0121
1.02327
1.03212
1.03701
1.03734
1.03384
1.02828
1.02288
1.01948
1.01905
1.02145
1.02597
1.03179
1.03847
1.04588
1.05407
1.06318
1.07273
1.08156
1.08786
1.08993
1.08696
1.07945
1.06894
1.05732
1.04615
1.03625
1.02766
1.01991
1.01239
1.00432
0.994999
0.983784
0.970316
0.95488
0.938894
0.924712
0.915272
0.913432
0.921161
0.938995
0.965902
0.999406
1.03618
1.07273
1.10575
1.1324
1.15045
1.15841
1.15558
1.14211
1.11944
1.09032
1.05879
1.02963
1.00748
0.995688
0.995536
1.00605
1.02476
1.04848
1.07404
1.09856
1.11942
1.13434
1.1415
1.13989
1.12956
1.11154
1.0874
1.05897
1.02817
0.997581
0.970603
0.951024
0.941698
0.943602
0.9556
0.975085
0.998907
1.02407
1.04809
1.06889
1.08464
1.09377
1.09487
1.08698
1.06985
1.0444
1.01299
0.979439
0.948647
0.925873
0.915565
0.920253
0.939866
0.971333
1.00949
1.04858
1.08383
1.11242
1.13333
1.1468
1.15344
1.15387
1.14828
1.13685
1.12
1.09874
1.07462
1.04972
1.02641
1.00696
0.992925
0.98502
0.983273
0.987252
0.996198
1.009
1.02403
1.0391
1.05178
1.05978
1.06125
1.05522
1.04159
1.02128
0.996227
0.969259
0.943791
0.923684
0.912664
0.913483
0.927032
0.951741
0.983751
1.01799
1.04941
1.07396
1.08915
1.09429
1.09043
1.07997
1.06617
1.05237
1.04134
1.03455
1.03213
1.03309
1.03602
1.03976
1.04395
1.04883
1.05486
1.06222
1.07055
1.07881
1.08574
1.0902
1.09157
1.08994
1.08615
1.08108
1.07531
1.06888
1.06157
1.05343
1.04512
1.03788
1.03322
1.03219
1.03498
1.04035
1.04601
1.0491
1.04704
1.03833
1.02298
1.00263
0.98018
0.959195
0.943091
0.934516
0.93477
0.943574
0.959302
0.979547
1.00171
1.02347
1.04308
1.05955
1.07278
1.08354
1.09299
1.1021
1.11099
1.11875
1.12385
1.12477
1.12051
1.11098
1.09693
1.07972
1.06099
1.04227
1.02478
1.00939
0.996653
0.986923
0.980423
0.977231
0.977364
0.98072
0.987038
0.995746
1.00579
1.01569
1.02382
1.02875
1.02957
1.02599
1.01847
1.00816
0.996713
0.986268
0.97918
0.97748
0.981964
0.991754
1.00465
1.01819
1.0307
1.04166
1.05175
1.06253
1.07552
1.09095
1.10708
1.12086
1.12932
1.1307
1.12463
1.11191
1.09437
1.07447
1.05473
1.03726
1.02349
1.0142
1.00966
1.00981
1.01414
1.02161
1.03072
1.03987
1.04759
1.05263
1.05402
1.05134
1.04483
1.03545
1.02473
1.01446
1.00611
1.00058
0.997995
0.997717
0.998789
1.00017
1.00122
1.0019
1.00272
1.00445
1.00776
1.01304
1.02031
1.02918
1.03905
1.04914
1.05858
1.06648
1.07197
1.07441
1.07356
1.06953
1.06278
1.05389
1.04337
1.03148
1.01813
1.00321
0.986815
0.969666
0.953419
0.940501
0.933585
0.934626
0.943856
0.959385
0.97785
0.995657
1.01001
1.0196
1.02441
1.02519
1.02303
1.01887
1.01349
1.00775
1.00264
0.999155
0.997589
0.997399
0.997515
0.997245
0.997068
0.998985
1.00558
1.01843
1.03685
1.05835
1.08009
1.10017
1.11772
1.13254
1.14452
1.1535
1.15935
1.16202
1.1616
1.15798
1.15083
1.13973
1.12422
1.10407
1.07964
1.052
1.02285
0.9943
0.968565
0.947708
0.933596
0.927648
0.930364
0.940945
0.957155
0.976028
0.994781
1.01146
1.02501
1.03486
1.04064
1.04215
1.03957
1.0336
1.02546
1.0166
1.00839
1.0021
0.998934
1.0001
1.00651
1.01845
1.03527
1.0553
1.07635
1.09618
1.11295
1.12531
1.13267
1.13482
1.13194
1.12455
1.11343
1.09988
1.08535
1.07118
1.05833
1.04711
1.03746
1.02909
1.02147
1.01394
1.00587
0.996776
0.986417
0.974842
0.962496
0.950446
0.940494
0.93507
0.93665
0.946872
0.96553
0.990345
1.01748
1.04282
1.06299
1.07583
1.08063
1.07792
1.06929
1.05699
1.04366
1.03184
1.02384
1.0215
1.02594
1.03722
1.05412
1.0744
1.09512
1.1132
1.126
1.13181
1.13013
1.12155
1.10767
1.09046
1.07194
1.05362
1.03612
1.01943
1.00312
0.986831
0.970571
0.954891
0.941013
0.930508
0.92489
0.925119
0.931466
0.94355
0.960643
0.98186
1.00606
1.03178
1.05713
1.08015
1.09896
1.11202
1.11837
1.11775
1.11036
1.09702
1.0793
1.05943
1.04018
1.02421
1.01351
1.00898
1.01046
1.0171
1.02739
1.03917
1.04957
1.05566
1.05519
1.04747
1.03368
1.01654
0.999571
0.986071
0.978591
0.978482
0.985874
0.999461
1.01683
1.03494
1.05064
1.06123
1.06493
1.06132
1.05145
1.03778
1.02368
1.01257
1.00692
1.00732
1.01225
1.01868
1.02319
1.02333
1.0182
1.00851
0.996296
0.984322
0.975465
0.972029
0.975319
0.98544
1.00109
1.01994
1.03912
1.05584
1.06799
1.07464
1.07602
1.0734
1.06861
1.06346
1.05939
1.05711
1.05659
1.05746
1.059
1.0603
1.06042
1.05839
1.05351
1.04561
1.03533
1.02386
1.01268
1.00303
0.995502
0.990129
0.986512
0.984343
0.983744
0.985267
0.989673
0.997648
1.00934
1.02434
1.04156
1.05953
1.07657
1.09115
1.10214
1.10879
1.11073
1.10787
1.10047
1.08929
1.07562
1.06113
1.04756
1.0363
1.02801
1.02255
1.0192
1.01692
1.01471
1.01192
1.00813
1.00326
0.997451
0.991035
0.984434
0.978153
0.972658
0.968446
0.965919
0.965396
0.967138
0.971079
0.976916
0.984134
0.991899
0.999272
1.00535
1.00948
1.01154
1.01222
1.0129
1.01543
1.02157
1.03251
1.04849
1.06859
1.09101
1.11335
1.13311
1.14807
1.15654
1.15775
1.15206
1.14094
1.12654
1.11113
1.09635
1.08268
1.06914
1.05394
1.03531
1.01247
0.986524
0.960623
0.939488
0.928023
0.929472
0.944036
0.968978
0.99987
1.03211
1.06163
1.08541
1.1015
1.10904
1.10801
1.09905
1.08315
1.06163
1.03607
1.00843
0.980981
0.95628
0.936952
0.925209
0.922601
0.929742
0.946088
0.969856
0.998082
1.02725
1.05383
1.07495
1.08879
1.09472
1.09317
1.08544
1.07329
1.05884
1.04414
1.03115
1.02154
1.01661
1.01707
1.02301
1.0338
1.04827
1.06497
1.0828
1.10095
1.11874
1.13494
1.14756
1.15399
1.15182
1.13949
1.11666
1.08463
1.04625
1.00573
0.96803
0.937826
0.918621
0.911954
0.917405
0.932896
0.955083
0.979948
1.0036
1.02289
1.03585
1.04179
1.04118
1.03551
1.0272
1.01915
1.01395
1.01304
1.0164
1.023
1.03177
1.04204
1.05363
1.0666
1.08072
1.09533
1.10942
1.12164
1.13044
1.13439
1.13235
1.12372
1.10853
1.08769
1.0629
1.03644
1.01071
0.987773
0.969106
0.955725
0.948182
0.946239
0.948746
0.954035
0.960654
0.96783
0.975184
0.982197
0.988131
0.992329
0.99473
0.996082
0.997741
1.00117
1.00743
1.01679
1.02866
1.04206
1.05608
1.07027
1.08442
1.09806
1.11024
1.11983
1.12599
1.12836
1.12717
1.12304
1.11702
1.11053
1.10478
1.10009
1.09509
1.08691
1.07239
1.04946
1.01816
0.980778
0.941734
0.906712
0.881202
0.869194
0.872252
0.889262
0.917064
0.951315
0.987693
1.0227
1.05416
1.08108
1.10322
1.12047
1.1327
1.13966
1.14121
1.13768
1.13015
1.12028
1.11033
1.10239
1.09775
1.09646
1.09717
1.09771
1.09589
1.09017
1.08018
1.06663
1.05097
1.03483
1.01969
1.00662
0.996144
0.988408
0.983288
0.980605
0.980212
0.982008
0.98606
0.992413
1.00089
1.01107
1.02205
1.03276
1.04225
1.0502
1.05687
1.06295
1.06916
1.07562
1.08141
1.08478
1.08388
1.07743
1.06497
1.047
1.02477
1.0002
0.975538
0.953252
0.936012
0.926193
0.925474
0.93435
0.95189
0.975791
1.00288
1.02979
1.05362
1.07213
1.08407
1.08883
1.08642
1.07731
1.0624
1.04316
1.02158
1.00025
0.982116
0.970481
0.968189
0.976903
0.996355
1.02431
1.05702
1.09011
1.11948
1.14187
1.15525
1.15877
1.15276
1.13843
1.11771
1.09281
1.06608
1.03979
1.016
0.996509
0.982929
0.976117
0.975837
0.980583
0.987849
0.994718
0.998807
0.998648
0.993981
0.985624
0.975068
0.964115
0.954511
0.947641
0.944484
0.945626
0.951188
0.960801
0.973708
0.988814
1.00491
1.02089
1.03602
1.05016
1.06385
1.07803
1.09344
1.11009
1.12697
1.14233
1.15398
1.15981
1.1581
1.14795
1.12943
1.10377
1.07305
1.03994
1.00745
0.978657
0.956328
0.942701
0.939017
0.945162
0.959602
0.979776
1.00267
1.02545
1.04571
1.06149
1.07154
1.07544
1.07352
1.06675
1.05625
1.04283
1.02701
1.00921
0.990359
0.97214
0.956754
0.946423
0.942868
0.946806
0.958016
0.975503
0.997941
1.02383
1.0516
1.07947
1.10535
1.12679
1.14154
1.14809
1.14618
1.13681
1.12183
1.10339
1.08334
1.06304
1.04361
1.02622
1.01191
1.00126
0.993982
0.98931
0.986886
0.98737
0.992216
1.0026
1.01847
1.03815
1.05866
1.07672
1.08973
1.0964
1.09673
1.09176
1.08313
1.07262
1.06177
1.05177
1.04344
1.03714
1.03291
1.03062
1.03012
1.03111
1.03311
1.03552
1.03763
1.03896
1.03931
1.03866
1.0368
1.03335
1.02775
1.01959
1.00894
0.996589
0.984065
0.973462
0.966771
0.965489
0.970067
0.979913
0.993788
1.00997
1.02643
1.04078
1.05074
1.05489
1.05338
1.04805
1.04166
1.03679
1.03478
1.03555
1.03785
1.04022
1.04175
1.0425
1.04363
1.04681
1.0534
1.06397
1.07789
1.09352
1.10864
1.12082
1.12819
1.12971
1.12534
1.11585
1.10245
1.08631
1.06843
1.0497
1.03098
1.01326
0.99744
0.983986
0.972882
0.96374
0.956263
0.950467
0.946856
0.946173
0.949013
0.955602
0.96578
0.979063
0.995008
1.01323
1.03301
1.05309
1.0716
1.08658
1.09652
1.10068
1.09914
1.09273
1.08284
1.07121
1.05958
1.0495
1.04207
1.03791
1.03715
1.03942
1.04383
1.0492
1.05434
1.05822
1.05999
1.05875
1.05351
1.04358
1.02918
1.01204
0.995472
0.983496
0.979005
0.982256
0.990953
1.00187
1.01215
1.01985
1.0237
1.02298
1.0177
1.00886
0.998609
0.990044
0.986555
0.99056
1.00257
1.02109
1.04346
1.0669
1.08872
1.10656
1.11847
1.12317
1.12021
1.11013
1.09435
1.07495
1.05416
1.03407
1.01636
1.00215
0.991908
0.985624
0.982949
0.983434
0.986595
0.991939
0.99888
1.00671
1.01474
1.02245
1.02967
1.03658
1.04326
1.04948
1.05464
1.05817
1.05993
1.06053
1.06119
1.06336
1.06822
1.07641
1.08757
1.10022
1.11184
1.11935
1.11986
1.11147
1.0939
1.06857
1.03847
1.00777
0.980921
0.961812
0.952703
0.953589
0.962444
0.976038
0.990953
1.00415
1.0133
1.01686
1.01404
1.00497
0.990891
0.97406
0.957366
0.943774
0.935756
0.934875
0.941642
0.955726
0.976242
1.00178
1.03035
1.05959
1.08709
1.1109
1.12973
1.14301
1.15077
1.1535
1.15187
1.14667
1.13855
1.12818
1.1165
1.10495
1.09491
1.08715
1.08144
1.07658
1.07087
1.06295
1.05239
1.03999
1.02735
1.01587
1.00632
0.998752
0.992588
0.987185
0.98209
0.977137
0.972447
0.968375
0.965221
0.96323
0.962684
0.963919
0.967396
0.973498
0.982075
0.99216
1.00233
1.01134
1.01879
1.02499
1.03079
1.03697
1.04385
1.05118
1.05822
1.06411
1.06782
1.0684
1.06526
1.0584
1.04835
1.03625
1.02359
1.01207
1.00324
0.998275
0.997623
1.00082
1.00668
1.01375
1.02066
1.02654
1.03119
1.03477
1.0375
1.03949
1.04089
1.04197
1.04336
1.04609
1.05137
1.06009
1.07215
1.08605
1.09891
1.10744
1.10937
1.10432
1.09399
1.08149
1.0704
1.06367
1.06288
1.06802
1.07771
1.0896
1.10073
1.10813
1.10945
1.10339
1.08997
1.07074
1.04852
1.02672
1.00809
0.993907
0.983817
0.976358
0.969979
0.963619
0.956968
0.950489
0.945208
0.942374
0.943229
0.948599
0.958393
0.971422
0.985482
0.997914
1.00644
1.00966
1.00731
1.00044
0.991317
0.983013
0.978563
0.979784
0.986623
0.997549
1.01063
1.02443
1.03802
1.05089
1.06264
1.07308
1.08221
1.09028
1.09752
1.10378
1.10827
1.10988
1.10747
1.1005
1.08914
1.07428
1.05718
1.03935
1.02246
1.00815
0.997708
0.991835
0.990399
0.992616
0.997284
1.00322
1.00964
1.01629
1.02361
1.0322
1.04257
1.05491
1.06877
1.08322
1.09697
1.10833
1.11547
1.11702
1.11237
1.10204
1.0875
1.07064
1.05294
1.03511
1.01754
1.0009
0.986457
0.975861
0.970522
0.970866
0.976058
0.984018
0.991965
0.997405
0.998908
0.996745
0.99295
0.990455
0.99181
0.998013
1.00828
1.02056
1.03246
1.04199
1.04805
1.05037
1.04956
1.04673
1.04332
1.04059
1.03948
1.04058
1.04408
1.0499
1.05753
1.06603
1.07419
1.08065
1.08436
1.08467
1.08161
1.07606
1.06945
1.06342
1.05923
1.05712
1.05645
1.0559
1.05426
1.05079
1.04536
1.03838
1.03037
1.02197
1.01364
1.00565
0.998195
0.991485
0.985988
0.982244
0.98096
0.982741
0.987836
0.996134
1.00735
1.02099
1.03634
1.05206
1.06636
1.07739
1.08373
1.08468
1.08034
1.0715
1.0594
1.04558
1.03164
1.01893
1.00831
1.00025
0.994836
0.991832
0.990841
0.991182
0.992081
0.992929
0.993449
0.993758
0.994209
0.995183
0.996941
0.99953
1.00278
1.00626
1.00923
1.01069
1.00982
1.00627
1.00052
0.993827
0.98807
0.985114
0.986557
0.993206
1.00486
1.02036
1.03786
1.05515
1.07032
1.08205
1.08989
1.09415
1.09555
1.09477
1.09202
1.08706
1.07946
1.06877
1.0551
1.03928
1.02314
1.00921
1.00006
0.997406
1.00127
1.00982
1.01978
1.02735
1.02931
1.02399
1.01198
0.996167
0.980635
0.968919
0.962542
0.96113
0.963704
0.969838
0.980015
0.995263
1.01621
1.04238
1.07186
1.10145
1.12758
1.14718
1.15833
1.16039
1.15381
1.13976
1.11974
1.09555
1.06922
1.04315
1.01981
1.00138
0.989596
0.985562
0.989285
0.999631
1.01423
1.03025
1.04504
1.05688
1.06522
1.0704
1.0733
1.07461
1.07457
1.07308
1.07015
1.06616
1.06176
1.05727
1.05234
1.04638
1.03899
1.03039
1.02142
1.01303
1.00567
0.999016
0.992235
0.984167
0.974106
0.962243
0.94971
0.938422
0.930384
0.927127
0.929428
0.937246
0.950077
0.967065
0.987151
1.00906
1.03152
1.05338
1.07372
1.09171
1.10674
1.11808
1.12516
1.12783
1.12648
1.12199
1.11573
1.10907
1.10311
1.09857
1.09567
1.09426
1.09417
1.09518
1.09706
1.09942
1.1015
1.1022
1.10009
1.09386
1.08266
1.06646
1.04618
1.02367
1.00133
0.981496
0.965577
0.954036
0.946702
0.943283
0.943394
0.946457
0.951757
0.958572
0.966341
0.974839
0.984032
0.993895
1.00439
1.01529
1.02609
1.03597
1.04385
1.04865
1.04947
1.04592
1.03809
1.02668
1.01298
0.998874
0.986673
0.97872
0.976852
0.981838
0.993181
1.00915
1.02732
1.04489
1.05923
1.06818
1.07027
1.06504
1.05319
1.03656
1.01805
1.00103
0.988717
0.983484
0.986253
0.996006
1.00998
1.02448
1.03583
1.04145
1.0406
1.0345
1.02581
1.01766
1.01287
1.01334
1.02
1.03308
1.05225
1.07679
1.1053
1.13561
1.1648
1.1897
1.20738
1.2156
1.21292
1.19891
1.1742
1.14037
1.10007
1.05675
1.01427
0.97623
0.945199
0.922403
0.907874
0.900922
0.900628
0.906096
0.916323
0.929924
0.94516
0.960254
0.973753
0.984786
0.992912
0.998206
1.00114
1.00237
1.00259
1.00244
1.00269
1.00412
1.00751
1.01319
1.02079
1.02943
1.03791
1.04509
1.05025
1.05315
1.054
1.05317
1.05089
1.04732
1.04267
1.03742
1.03233
1.02821
1.02573
1.02517
1.02619
1.02789
1.0291
1.02875
1.02618
1.02162
1.01633
1.01245
1.01237
1.0181
1.03044
1.04874
1.07106
1.09468
1.11661
1.13392
1.14431
1.14635
1.13976
1.1255
1.10545
1.08228
1.05889
1.03805
1.02186
1.01121
1.00563
1.00362
1.00346
1.00411
1.00571
1.00933
1.01611
1.02605
1.03726
1.04651
1.05042
1.04647
1.03357
1.01239
0.985254
0.955832
0.928571
0.907824
0.897027
0.897924
0.910351
0.93244
0.96123
0.993219
1.02486
1.05282
1.07437
1.08757
1.09174
1.08754
1.07678
1.06219
1.04672
1.03311
1.02318
1.01786
1.01737
1.02151
1.02978
1.0414
1.05495
1.06851
1.08028
1.08905
1.09467
1.09809
1.1009
1.10453
1.10936
1.11448
1.11825
1.11912
1.1162
1.10942
1.09954
1.08794
1.07628
1.06606
1.05827
1.0532
1.05048
1.04908
1.04777
1.04556
1.04213
1.0379
1.0336
1.02988
1.02717
1.02551
1.02461
1.02369
1.02155
1.01671
1.00778
0.99418
0.976679
0.957445
0.939608
0.926209
0.919264
0.919253
0.925137
0.934857
0.946157
0.957174
0.966737
0.974467
0.980419
0.984726
0.987266
0.987671
0.985622
0.981323
0.975805
0.971011
0.969241
0.972225
0.980351
0.992634
1.00741
1.02322
1.03921
1.05505
1.07063
1.08566
1.09955
1.11144
1.12039
1.12594
1.12815
1.12779
1.12599
1.12372
1.12149
1.11923
1.11638
1.11227
1.10627
1.09818
1.08821
1.07694
1.06514
1.05355
1.04265
1.03261
1.02326
1.01471
1.0075
1.00235
0.999531
0.998229
0.996709
0.993102
0.986211
0.975863
0.96282
0.948674
0.935444
0.925495
0.921173
0.924477
0.936561
0.957315
0.984931
1.01622
1.04714
1.07394
1.09403
1.10638
1.11127
1.10978
1.10332
1.09315
1.0805
1.06637
1.05155
1.03667
1.02218
1.00862
0.996704
0.987186
0.980698
0.97737
0.977036
0.979374
0.984456
0.992829
1.00543
1.02298
1.04534
1.07112
1.09769
1.12176
1.14004
1.14988
1.14958
1.13855
1.11737
1.08756
1.05159
1.01266
0.974571
0.941376
0.916853
0.903615
0.902546
0.91265
0.931647
0.956896
0.985721
1.01556
1.04398
1.06866
1.08759
1.09952
1.10411
1.10209
1.09468
1.08341
1.06995
1.05589
1.0428
1.03204
1.02449
1.02045
1.01969
1.02175
1.02606
1.03196
1.03864
1.04494
1.04951
1.05093
1.04827
1.04123
1.03041
1.01722
1.00383
0.992979
0.987244
0.988185
0.99546
1.00672
1.01844
1.02727
1.03092
1.02863
1.02098
1.00948
0.995915
0.98213
0.970035
0.961828
0.960146
0.96755
0.985453
1.01326
1.04811
1.08554
1.12071
1.14943
1.1688
1.17737
1.17513
1.16322
1.14332
1.11727
1.08683
1.05388
1.02073
0.990117
0.964886
0.947241
0.938071
0.936606
0.940717
0.947733
0.955713
0.964543
0.976127
0.992915
1.01566
1.04244
1.06962
1.09347
1.11094
1.12004
1.12019
1.11225
1.09846
1.08205
1.0663
1.05369
1.04518
1.0402
1.03736
1.03534
1.03353
1.03209
1.0315
1.03199
1.0332
1.03412
1.0334
1.02979
1.0225
1.0115
0.997699
0.982786
0.969114
0.95936
0.956195
0.961287
0.974579
0.993827
1.01513
1.03411
1.04733
1.05313
1.05188
1.04572
1.03777
1.0311
1.02779
1.02845
1.03235
1.03815
1.04456
1.05092
1.05707
1.06316
1.06931
1.07525
1.08026
1.08337
1.0838
1.08123
1.07602
1.06907
1.06155
1.0546
1.04897
1.04475
1.04159
1.03896
1.03646
1.03409
1.03227
1.03179
1.03345
1.03789
1.04531
1.05543
1.06733
1.07929
1.08921
1.09487
1.09471
1.08851
1.07765
1.06474
1.05286
1.04417
1.0394
1.03786
1.03796
1.03822
1.03765
1.0361
1.03415
1.03274
1.03281
1.03476
1.03827
1.04236
1.04575
1.04713
1.04551
1.04037
1.03165
1.01974
1.00547
0.990277
0.976022
0.964969
0.959157
0.959817
0.966851
0.978825
0.993609
1.00908
1.02363
1.03612
1.04554
1.05089
1.05122
1.04584
1.03465
1.01825
0.998035
0.975972
0.954313
0.935376
0.921164
0.913283
0.912732
0.920049
0.93509
0.956829
0.983439
1.01241
1.04103
1.06691
1.0883
1.10429
1.11443
1.1186
1.11681
1.10937
1.09697
1.081
1.06315
1.04497
1.02779
1.01269
1.00051
0.992029
0.987794
0.9881
0.99275
1.00082
1.0108
1.02084
1.02933
1.03532
1.03862
1.03975
1.03969
1.0396
1.04038
1.04267
1.04656
1.05165
1.05723
1.06257
1.0669
1.06967
1.0705
1.06921
1.06596
1.0612
1.0558
1.05083
1.04735
1.04622
1.04775
1.05147
1.05614
1.06014
1.06185
1.06027
1.0553
1.04796
1.04011
1.03389
1.03088
1.03156
1.03477
1.03812
1.03887
1.03501
1.02599
1.013
0.998555
0.985952
0.978226
0.977102
0.982366
0.992117
1.00368
1.0146
1.02308
1.02813
1.02931
1.02668
1.02079
1.0127
1.00393
0.996042
0.990418
0.988229
0.990339
0.99747
1.01009
1.02831
1.0515
1.07808
1.10538
1.13007
1.14848
1.15731
1.15434
1.139
1.11281
1.07916
1.04269
1.00828
0.980003
0.960562
0.950988
0.950977
0.959239
0.973887
0.992803
1.01395
1.03555
1.05626
1.07512
1.0915
1.10467
1.11373
1.11755
1.11524
1.10673
1.09313
1.07682
1.06066
1.04724
1.038
1.03306
1.03157
1.03246
1.03496
1.03851
1.04266
1.04702
1.05148
1.05619
1.06154
1.06774
1.07424
1.07971
1.08233
1.08031
1.07252
1.05895
1.04054
1.01932
0.997708
0.978314
0.963363
0.95417
0.950889
0.952639
0.957918
0.965157
0.973317
0.981939
0.99108
1.00104
1.01199
1.02357
1.03479
1.0442
1.0502
1.05175
1.04855
1.04119
1.03086
1.01911
1.00753
0.99751
0.990088
0.985624
0.983904
0.984353
0.986475
0.990204
