0.793083
0.779316
0.760969
0.740516
0.720266
0.701967
0.686539
0.674184
0.664712
0.657932
0.653903
0.652826
0.654795
0.659552
0.666467
0.674657
0.683148
0.690974
0.697271
0.701365
0.70287
0.701707
0.698133
0.692709
0.686285
0.680023
0.67532
0.673592
0.675915
0.682527
0.692828
0.705559
0.7192
0.732238
0.743388
0.751667
0.756633
0.758257
0.756994
0.753633
0.748894
0.743154
0.736286
0.727811
0.717268
0.704596
0.690146
0.674698
0.659215
0.644821
0.632743
0.624187
0.620138
0.620943
0.626064
0.634117
0.643336
0.652156
0.659602
0.665292
0.669226
0.67162
0.672838
0.673393
0.673887
0.675018
0.677416
0.681353
0.68674
0.693115
0.699763
0.705975
0.711138
0.714715
0.71625
0.715367
0.711858
0.705961
0.698312
0.689781
0.681146
0.672825
0.664931
0.65734
0.650156
0.643966
0.639896
0.639325
0.643388
0.652506
0.666112
0.682707
0.700149
0.716066
0.728257
0.735211
0.736335
0.732074
0.723808
0.713451
0.703136
0.694817
0.6899
0.689049
0.692081
0.69789
0.70475
0.710785
0.714445
0.714962
0.712314
0.706977
0.699527
0.690354
0.67979
0.668313
0.656675
0.646046
0.637901
0.633944
0.635606
0.643483
0.656914
0.674082
0.692583
0.709931
0.724088
0.733623
0.73794
0.737296
0.732541
0.724784
0.715224
0.704806
0.694221
0.683926
0.6742
0.665411
0.658051
0.652869
0.650667
0.652094
0.657348
0.666026
0.677146
0.68944
0.701694
0.713024
0.722995
0.731388
0.738054
0.742623
0.744542
0.743198
0.738203
0.729736
0.718678
0.706549
0.695109
0.685854
0.679457
0.675567
0.672982
0.670152
0.665913
0.659863
0.652634
0.64559
0.640309
0.63798
0.639188
0.643941
0.651829
0.662153
0.673966
0.686142
0.697386
0.706415
0.712219
0.714234
0.712366
0.70694
0.698744
0.688845
0.678394
0.668502
0.660128
0.654142
0.651221
0.651623
0.65488
0.659864
0.665114
0.66945
0.672257
0.673579
0.6738
0.673325
0.672349
0.670832
0.668559
0.665252
0.660776
0.655314
0.649407
0.643932
0.639988
0.638567
0.640383
0.645793
0.654784
0.667077
0.682273
0.699696
0.718316
0.736617
0.752781
0.764947
0.771489
0.771338
0.764233
0.750644
0.731766
0.709314
0.685382
0.662354
0.64278
0.629049
0.622997
0.62534
0.63545
0.65149
0.671002
0.691454
0.710704
0.727177
0.739723
0.74779
0.751503
0.751613
0.7491
0.744596
0.738168
0.729547
0.71869
0.706187
0.693205
0.681226
0.671643
0.665384
0.662723
0.663302
0.666243
0.670421
0.674672
0.678133
0.680392
0.68149
0.681761
0.681592
0.681227
0.680645
0.679614
0.677854
0.675234
0.671991
0.668786
0.666615
0.666402
0.66863
0.673155
0.679296
0.686126
0.69273
0.69831
0.702117
0.703503
0.702006
0.697407
0.689795
0.679554
0.667338
0.653946
0.640228
0.627048
0.615213
0.605406
0.598118
0.593741
0.592603
0.595061
0.601507
0.612214
0.626964
0.644973
0.664996
0.685658
0.705785
0.724562
0.741408
0.755952
0.767848
0.776806
0.782646
0.785403
0.785357
0.783053
0.779081
0.77383
0.767324
0.759303
0.749518
0.738131
0.725868
0.713832
0.703196
0.694896
0.689271
0.685947
0.683885
0.681823
0.67866
0.673699
0.666826
0.658619
0.650245
0.643198
0.638767
0.637664
0.639735
0.644023
0.649162
0.65401
0.65813
0.661982
0.666538
0.672622
0.680293
0.688813
0.696991
0.703684
0.708036
0.709547
0.708071
0.703907
0.697999
0.691812
0.687212
0.685744
0.687978
0.693287
0.700067
0.706584
0.71155
0.714302
0.714643
0.712723
0.708775
0.703228
0.696706
0.6901
0.684399
0.680339
0.678199
0.677743
0.678405
0.679598
0.681122
0.683185
0.686136
0.69018
0.695092
0.700208
0.704672
0.707716
0.708879
0.70813
0.705869
0.702785
0.699684
0.697145
0.695063
0.692606
0.688611
0.682437
0.674414
0.665736
0.658011
0.652572
0.650081
0.650415
0.652888
0.656682
0.661243
0.666559
0.673135
0.681662
0.692509
0.705239
0.718618
0.730854
0.740152
0.745053
0.744785
0.739306
0.729295
0.71605
0.701264
0.68654
0.673237
0.662254
0.654004
0.648553
0.645853
0.64584
0.648546
0.654026
0.662141
0.672402
0.68392
0.695519
0.706026
0.714373
0.719796
0.721835
0.720562
0.716562
0.710834
0.704547
0.698856
0.694635
0.692423
0.692432
0.694596
0.698644
0.704036
0.709928
0.715142
0.718367
0.718556
0.71523
0.708623
0.699582
0.689311
0.679138
0.670255
0.663578
0.659605
0.658348
0.659312
0.661623
0.664273
0.666241
0.666839
0.665872
0.663677
0.660937
0.658475
0.656835
0.656205
0.656385
0.657035
0.657888
0.658723
0.65947
0.660215
0.661249
0.663017
0.666009
0.670596
0.676814
0.684342
0.692638
0.701083
0.709098
0.716128
0.721633
0.724977
0.72565
0.723341
0.718297
0.711218
0.703195
0.695357
0.688622
0.683431
0.679722
0.676967
0.674456
0.671699
0.668906
0.667015
0.667309
0.67066
0.67697
0.685274
0.694103
0.701859
0.707049
0.708572
0.705857
0.698997
0.688915
0.677323
0.666393
0.658345
0.65494
0.657156
0.665097
0.678009
0.694361
0.712207
0.729323
0.743386
0.752329
0.754657
0.749827
0.738446
0.722288
0.704038
0.686674
0.672881
0.664338
0.661333
0.66275
0.666563
0.670481
0.672567
0.671749
0.668243
0.663591
0.660372
0.661351
0.668229
0.680791
0.696897
0.713471
0.727802
0.738427
0.745209
0.748937
0.750573
0.750697
0.749245
0.745796
0.740039
0.732023
0.722258
0.711509
0.700695
0.690885
0.683094
0.678224
0.676749
0.678321
0.681703
0.685079
0.686593
0.684981
0.679967
0.672381
0.663987
0.657068
0.653831
0.655667
0.662707
0.673699
0.68639
0.698279
0.707176
0.711778
0.711747
0.70761
0.700564
0.692026
0.683288
0.675225
0.668397
0.663144
0.659835
0.65886
0.660384
0.664044
0.668893
0.673703
0.677223
0.678524
0.677364
0.674285
0.670456
0.667494
0.66704
0.67023
0.67739
0.687866
0.700146
0.712242
0.722115
0.728167
0.729513
0.726162
0.718934
0.709132
0.698236
0.687683
0.678581
0.671599
0.66695
0.664473
0.66388
0.6648
0.6669
0.669826
0.673264
0.677095
0.681424
0.686556
0.692855
0.700615
0.710033
0.72095
0.732567
0.743264
0.750892
0.753498
0.750012
0.740613
0.726675
0.710263
0.6937
0.679042
0.667714
0.660378
0.65704
0.657292
0.660504
0.66596
0.672762
0.680084
0.687427
0.694836
0.702616
0.710706
0.71802
0.722663
0.722702
0.717093
0.706042
0.690883
0.673638
0.656531
0.641582
0.630391
0.623869
0.622211
0.624925
0.631066
0.63938
0.648713
0.658138
0.66704
0.674997
0.681648
0.686606
0.689439
0.689818
0.68769
0.683527
0.678267
0.673074
0.6689
0.666243
0.664963
0.664444
0.663909
0.662932
0.661806
0.661558
0.663576
0.668973
0.678168
0.690914
0.706631
0.724437
0.743154
0.761206
0.77667
0.78748
0.791944
0.789024
0.77851
0.761156
0.738754
0.714048
0.690342
0.670565
0.656379
0.647912
0.644033
0.643161
0.643996
0.64583
0.648449
0.651865
0.656079
0.660898
0.666044
0.671306
0.676467
0.681206
0.685208
0.68822
0.690151
0.691157
0.69166
0.692195
0.693289
0.695342
0.698484
0.702722
0.707917
0.713978
0.720801
0.728124
0.735404
0.741596
0.745339
0.745271
0.740482
0.730904
0.71763
0.702749
0.688912
0.678477
0.672822
0.672048
0.675246
0.680842
0.686955
0.691711
0.6936
0.691879
0.6868
0.679523
0.671761
0.665242
0.661267
0.66044
0.662644
0.667112
0.672845
0.679046
0.685351
0.691779
0.698422
0.705259
0.712098
0.718542
0.723992
0.72765
0.728716
0.726504
0.720806
0.712137
0.701575
0.690448
0.679876
0.670449
0.662281
0.655286
0.649384
0.644463
0.640449
0.637386
0.635578
0.635657
0.638385
0.644242
0.653043
0.66381
0.675036
0.685225
0.693276
0.698705
0.701447
0.701713
0.700075
0.697566
0.695657
0.695815
0.698726
0.703824
0.709649
0.714692
0.717916
0.718973
0.717999
0.715276
0.711056
0.705479
0.698627
0.690606
0.681649
0.672156
0.662656
0.65378
0.646203
0.640513
0.637118
0.636152
0.637545
0.641084
0.64657
0.65383
0.662556
0.672275
0.682386
0.692283
0.701463
0.709401
0.715652
0.719776
0.721428
0.720547
0.717191
0.711552
0.703995
0.695128
0.685873
0.677439
0.671132
0.668083
0.668882
0.673418
0.680966
0.690475
0.700868
0.711339
0.721262
0.730168
0.737599
0.743019
0.745705
0.744884
0.739778
0.729919
0.715576
0.697943
0.679169
0.661981
0.649077
0.642177
0.641427
0.645476
0.652095
0.659078
0.664908
0.669
0.671577
0.673245
0.674628
0.676072
0.677325
0.677405
0.674879
0.668406
0.657437
0.642814
0.627022
0.61393
0.607756
0.611584
0.625993
0.648829
0.67639
0.704852
0.731058
0.752702
0.768037
0.775933
0.775925
0.76857
0.755413
0.738767
0.721392
0.705956
0.694642
0.688629
0.687893
0.691287
0.696855
0.702351
0.705885
0.706356
0.703719
0.698792
0.692925
0.68754
0.683734
0.682223
0.683277
0.686797
0.692349
0.699321
0.707177
0.715595
0.724297
0.73282
0.740348
0.745666
0.747441
0.744634
0.736738
0.723916
0.706937
0.687065
0.665745
0.644419
0.624487
0.60736
0.594489
0.587428
0.587581
0.595829
0.612105
0.635128
0.662384
0.690566
0.716276
0.736674
0.749907
0.755299
0.753246
0.744859
0.731617
0.7152
0.697348
0.679696
0.663473
0.649498
0.638281
0.629988
0.624567
0.621834
0.62167
0.624175
0.629724
0.638658
0.650997
0.666219
0.683256
0.700699
0.717164
0.731445
0.742742
0.750578
0.75479
0.755457
0.752848
0.747323
0.739426
0.729893
0.719616
0.709652
0.701202
0.695339
0.692787
0.693677
0.697487
0.703193
0.709499
0.715046
0.718564
0.718965
0.715478
0.707765
0.696004
0.680991
0.664167
0.647524
0.63338
0.623941
0.620859
0.624812
0.63535
0.651026
0.669668
0.688717
0.705492
0.717768
0.724105
0.724191
0.71879
0.709599
0.698699
0.68808
0.679209
0.672851
0.669174
0.667883
0.668357
0.669739
0.671117
0.671697
0.671013
0.668899
0.665384
0.660535
0.654518
0.647833
0.641712
0.638
0.638353
0.643164
0.65137
0.661239
0.671263
0.680444
0.688357
0.69493
0.700351
0.70481
0.70842
0.711311
0.713799
0.716531
0.720185
0.725094
0.730945
0.737097
0.742796
0.74742
0.750547
0.752099
0.752192
0.75096
0.748434
0.744602
0.739495
0.73317
0.725559
0.71634
0.705091
0.691812
0.677342
0.663611
0.653338
0.649179
0.652716
0.663816
0.680613
0.70017
0.719348
0.735592
0.747379
0.75426
0.756713
0.755677
0.752097
0.746579
0.739166
0.729524
0.717123
0.701644
0.683363
0.66333
0.643484
0.626353
0.614136
0.60776
0.606634
0.60936
0.614675
0.621689
0.629708
0.63797
0.645629
0.651746
0.655489
0.656272
0.654059
0.649582
0.64426
0.63981
0.637761
0.639012
0.643653
0.650989
0.659959
0.669384
0.67837
0.686352
0.693109
0.698645
0.703043
0.706355
0.708568
0.709656
0.709626
0.708783
0.707837
0.70784
0.709933
0.714867
0.722587
0.732179
0.742188
0.751079
0.757513
0.760796
0.760955
0.758593
0.754678
0.75028
0.746178
0.742592
0.739126
0.734961
0.729116
0.721032
0.710902
0.699564
0.688081
0.677165
0.666883
0.656958
0.647151
0.637594
0.628777
0.621366
0.615888
0.612557
0.611385
0.612251
0.615044
0.619672
0.625948
0.63358
0.642057
0.650654
0.658529
0.664939
0.669478
0.672169
0.673361
0.673598
0.673418
0.673263
0.673458
0.67416
0.675381
0.67707
0.679186
0.681709
0.684686
0.688139
0.691965
0.695892
0.699529
0.702515
0.704647
0.706012
0.706888
0.707501
0.707894
0.708058
0.7079
0.707295
0.706158
0.704451
0.702198
0.699704
0.697624
0.696898
0.698361
0.702083
0.707209
0.71225
0.715862
0.717428
0.717186
0.71592
0.714381
0.713015
0.711948
0.71108
0.710263
0.709344
0.708116
0.706286
0.703543
0.699613
0.694412
0.687998
0.680608
0.672436
0.663692
0.654815
0.64669
0.640696
0.638257
0.640098
0.645612
0.653015
0.66014
0.665452
0.668541
0.669948
0.670679
0.671736
0.673809
0.677176
0.68168
0.686955
0.692624
0.698467
0.704455
0.710615
0.716963
0.723259
0.728925
0.733156
0.735116
0.734133
0.729867
0.722412
0.712381
0.700749
0.688846
0.678146
0.670049
0.665576
0.66521
0.668832
0.675719
0.684546
0.693559
0.700814
0.704646
0.703934
0.698423
0.688762
0.67615
0.6619
0.647043
0.632207
0.617836
0.604551
0.593493
0.586354
0.584731
0.589324
0.599439
0.613236
0.628588
0.643954
0.658849
0.673681
0.689185
0.705748
0.723071
0.740137
0.75547
0.767572
0.775203
0.777687
0.775034
0.767792
0.75688
0.743344
0.72839
0.713314
0.6995
0.688435
0.681356
0.679043
0.68153
0.688042
0.69717
0.707142
0.716203
0.722782
0.725578
0.723678
0.716681
0.704934
0.689759
0.673345
0.658329
0.647022
0.640746
0.639655
0.643091
0.649988
0.659144
0.669454
0.67993
0.689652
0.697813
0.703773
0.707281
0.708452
0.707839
0.706177
0.704154
0.702292
0.700817
0.699764
0.698999
0.698283
0.697331
0.695785
0.693307
0.689605
0.684603
0.678461
0.671625
0.664653
0.658042
0.652191
0.647338
0.643622
0.641195
0.640232
0.640849
0.642974
0.646247
0.650002
0.653312
0.655349
0.655799
0.655161
0.654552
0.655144
0.65765
0.662147
0.668421
0.676257
0.685561
0.696189
0.707708
0.719397
0.730347
0.739587
0.746331
0.750238
0.751348
0.750087
0.74707
0.742969
0.738366
0.73368
0.729196
0.725164
0.721679
0.718632
0.715661
0.712085
0.707019
0.699654
0.689392
0.676106
0.66044
0.643955
0.628906
0.617685
0.612047
0.612624
0.618886
0.629492
0.64278
0.65713
0.671116
0.683637
0.69396
0.701868
0.70751
0.711362
0.713934
0.715652
0.71673
0.717325
0.71754
0.717445
0.716951
0.715823
0.713776
0.710568
0.706156
0.700747
0.694766
0.688777
0.683296
0.67872
0.675098
0.672098
0.669136
0.665722
0.661801
0.658133
0.656295
0.658238
0.665225
0.676823
0.690747
0.703664
0.7124
0.714844
0.710421
0.699989
0.685499
0.669574
0.655049
0.644486
0.639707
0.641425
0.648901
0.660217
0.672866
0.684458
0.69335
0.698838
0.701078
0.700831
0.699078
0.696768
0.694696
0.69353
0.693838
0.69622
0.701152
0.70885
0.71897
0.730411
0.741412
0.749765
0.753381
0.750844
0.741775
0.726999
0.708465
0.688978
0.671663
0.659367
0.653788
0.654696
0.660251
0.667981
0.67577
0.682198
0.686505
0.688454
0.68804
0.685305
0.680313
0.67319
0.664409
0.654848
0.646044
0.64015
0.639659
0.646693
0.662077
0.684682
0.711633
0.739142
0.763475
0.781636
0.791806
0.793168
0.785923
0.771124
0.750448
0.725947
0.699926
0.674581
0.651824
0.633064
0.619114
0.610304
0.606552
0.607514
0.612618
0.62124
0.63273
0.646382
0.661312
0.676412
0.690443
0.702311
0.711322
0.717375
0.720984
0.72297
0.724234
0.725578
0.72753
0.730119
0.732836
0.734647
0.734235
0.730347
0.722252
0.709998
0.694488
0.677403
0.660881
0.647259
0.638623
0.636305
0.640466
0.650045
0.663143
0.677641
0.691632
0.70372
0.713026
0.71922
0.722355
0.722892
0.721516
0.71902
0.716129
0.713321
0.710597
0.707663
0.703913
0.698672
0.691487
0.682351
0.671867
0.661237
0.651888
0.645243
0.642337
0.643526
0.64838
0.655728
0.664003
0.671589
0.677381
0.681027
0.682744
0.68309
0.682633
0.681833
0.681011
0.68041
0.680301
0.680987
0.682687
0.685412
0.688863
0.69254
0.69576
0.697869
0.69853
0.697911
0.696751
0.696262
0.697576
0.701115
0.706446
0.712454
0.717689
0.72082
0.720821
0.717089
0.709577
0.698906
0.686427
0.674053
0.664036
0.658371
0.658086
0.662729
0.670541
0.678989
0.685783
0.689618
0.690604
0.690093
0.689967
0.691936
0.696946
0.704893
0.714834
0.725409
0.735287
0.743424
0.749182
0.752229
0.752337
0.749424
0.743424
0.734378
0.722617
0.708807
0.694052
0.679704
0.667093
0.657172
0.650388
0.646835
0.64644
0.649085
0.6545
0.661902
0.66988
0.676688
0.680781
0.681329
0.678413
0.672959
0.666446
0.660454
0.656102
0.653775
0.653166
0.653654
0.654617
0.655693
0.656891
0.658519
0.661164
0.665529
0.672146
0.681105
0.691885
0.703349
0.714012
0.722257
0.726685
0.726406
0.721254
0.71189
0.699711
0.686608
0.674477
0.664728
0.657965
0.654025
0.652407
0.652725
0.654898
0.659047
0.66523
0.673343
0.683255
0.69493
0.708371
0.723421
0.739555
0.755774
0.770561
0.782138
0.788726
0.788907
0.781906
0.767845
0.747827
0.723832
0.698553
0.674928
0.655465
0.641489
0.633009
0.629065
0.628541
0.630825
0.635994
0.644296
0.655591
0.669068
0.68319
0.696106
0.706054
0.711633
0.712038
0.707109
0.697417
0.684194
0.669289
0.655057
0.643961
0.638226
0.639414
0.648074
0.663543
0.683963
0.706534
0.728083
0.74557
0.756499
0.75934
0.753685
0.740513
0.722274
0.702419
0.684542
0.671298
0.663681
0.661112
0.662064
0.664742
0.667549
0.669333
0.66959
0.66839
0.666151
0.663329
0.660072
0.656297
0.651873
0.646786
0.641372
0.636417
0.63308
0.632684
0.63655
0.645636
0.660165
0.679333
0.701436
0.724197
0.745319
0.762844
0.775422
0.7823
0.783209
0.778329
0.768168
0.753661
0.73599
0.716574
0.697018
0.678992
0.663979
0.652986
0.646532
0.644585
0.646722
0.652261
0.660295
0.66979
0.679483
0.688116
0.694686
0.698728
0.700419
0.700419
0.699475
0.698098
0.696544
0.695062
0.694224
0.694994
0.698267
0.704315
0.71239
0.720719
0.727133
0.729846
0.727996
0.721842
0.712503
0.701535
0.690492
0.680655
0.672978
0.668162
0.666595
0.668203
0.672459
0.678388
0.68472
0.690294
0.694197
0.696014
0.695769
0.693802
0.690551
0.686443
0.681792
0.67676
0.67143
0.665872
0.660287
0.655067
0.650878
0.648572
0.64902
0.652769
0.659817
0.669466
0.680546
0.691795
0.702071
0.710594
0.716821
0.720419
0.721347
0.719771
0.716226
0.711597
0.707057
0.703741
0.702362
0.702817
0.704177
0.705069
0.704108
0.700215
0.692805
0.681954
0.668497
0.654051
0.640766
0.630752
0.625518
0.625716
0.631106
0.640777
0.653489
0.667926
0.682878
0.697246
0.709951
0.720029
0.726679
0.729393
0.728094
0.723269
0.715872
0.707228
0.698727
0.69149
0.686148
0.682708
0.680596
0.678935
0.6768
0.673618
0.669332
0.664468
0.659981
0.657042
0.656602
0.659254
0.665233
0.674376
0.686092
0.699384
0.712955
0.725603
0.736491
0.745091
0.75101
0.753773
0.753015
0.748744
0.741371
0.731677
0.720716
0.709655
0.699583
0.691361
0.685476
0.681876
0.679875
0.678372
0.676141
0.672156
0.66581
0.656991
0.646238
0.634761
0.624283
0.61657
0.61288
0.613616
0.618401
0.62654
0.63743
0.650772
0.66641
0.68412
0.703352
0.723072
0.741928
0.758428
0.771368
0.779949
0.783807
0.782981
0.777777
0.768708
0.756376
0.741462
0.724781
0.70734
0.690329
0.674989
0.662436
0.653311
0.647782
0.645555
0.646043
0.648434
0.651801
0.655388
0.658858
0.662367
0.666418
0.671576
0.67808
0.68579
0.694222
0.702746
0.71084
0.71822
0.724826
0.7306
0.735363
0.738631
0.739692
0.737734
0.732168
0.722849
0.710311
0.695683
0.680584
0.666665
0.655404
0.64774
0.643982
0.64375
0.646141
0.649972
0.654073
0.657563
0.659871
0.660818
0.66053
0.659349
0.657792
0.656398
0.655719
0.656352
0.658944
0.663974
0.671601
0.681384
0.692228
0.702635
0.711063
0.716381
0.718277
0.717323
0.714776
0.712311
0.711513
0.713422
0.718366
0.725878
0.734811
0.743702
0.751079
0.755805
0.757317
0.755492
0.750615
0.743131
0.733506
0.72223
0.709828
0.696786
0.683486
0.670295
0.657651
0.646263
0.636981
0.630448
0.626879
0.625859
0.626365
0.627283
0.627777
0.627556
0.627049
0.627157
0.629019
0.633634
0.641495
0.652403
0.665538
0.679613
0.693257
0.705428
0.715697
0.724192
0.731366
0.73756
0.742693
0.746236
0.747508
0.745958
0.741432
0.734447
0.725957
0.716994
0.708398
0.700654
0.694052
0.688815
0.685213
0.683368
0.683137
0.683922
0.684792
0.684673
0.682704
0.67847
0.67225
0.665257
0.659745
0.65856
0.664055
0.676736
0.694674
0.714373
0.732338
0.746286
0.755286
0.759422
0.7593
0.755614
0.748951
0.739815
0.728651
0.716147
0.703221
0.690845
0.679815
0.670455
0.662577
0.655678
0.649111
0.642424
0.635494
0.628574
0.622363
0.617934
0.61639
0.618504
0.624433
0.633683
0.645302
0.658091
0.670837
0.682526
0.69233
0.69965
0.704245
0.706237
0.706174
0.704932
0.703541
0.703009
0.704199
0.707712
0.71387
0.722654
0.733609
0.745755
0.757746
0.768027
0.774914
0.776766
0.772245
0.760707
0.742538
0.719299
0.693664
0.669034
0.648916
0.636113
0.632075
0.636865
0.649317
0.666932
0.686057
0.702683
0.713589
0.717096
0.71313
0.702751
0.687881
0.670972
0.654627
0.641202
0.632329
0.628613
0.629706
0.634689
0.642478
0.652164
0.663312
0.6759
0.690081
0.705855
0.722614
0.738993
0.753075
0.762816
0.76663
0.763562
0.7535
0.73712
0.715794
0.691454
0.666399
0.643075
0.623589
0.609282
0.600534
0.596962
0.597768
0.602027
0.608953
0.617973
0.628774
0.641125
0.654746
0.669158
0.68365
0.697276
0.708979
0.717749
0.722858
0.7241
0.721911
0.717362
0.711848
0.70674
0.703207
0.70216
0.704186
0.709511
0.717889
0.728554
0.740251
0.75138
0.760265
0.765395
0.765722
0.760795
0.750873
0.736845
0.720055
0.702184
0.68505
0.670491
0.660163
0.65517
0.655738
0.661257
0.670516
0.682158
0.694979
0.708004
0.720419
0.731559
0.740731
0.747227
0.750413
0.749731
0.744932
0.736297
0.724675
0.711531
0.698684
0.687866
0.680129
0.67549
0.672979
0.671086
0.668334
0.663767
0.657031
0.648373
0.638522
0.628392
0.619005
0.611254
0.605821
0.603129
0.603449
0.606978
0.613809
0.623899
0.636831
0.651679
0.666917
0.680606
0.690808
0.695963
0.695301
0.689079
0.678558
0.665726
0.6528
0.641775
0.633973
0.629935
0.629494
0.632092
0.636991
0.643497
0.651036
0.65924
0.667835
0.676614
0.685398
0.694049
0.702448
0.710577
0.718382
0.725706
0.732372
0.73814
0.742784
0.746257
0.748588
0.749868
0.750176
0.749557
0.748006
0.745509
0.742148
0.738131
0.733744
0.729462
0.72578
0.723167
0.721965
0.722147
0.723179
0.724027
0.723306
0.719676
0.712077
0.700093
0.684145
0.665547
0.646326
0.628682
0.614653
0.605615
0.601972
0.603072
0.607499
0.613451
0.619445
0.624952
0.630731
0.638548
0.650292
0.666781
0.68703
0.708574
0.728489
0.744424
0.755049
0.760135
0.760285
0.756727
0.750951
0.744424
0.738158
0.732503
0.72712
0.721133
0.713587
0.703884
0.692035
0.678807
0.665635
0.654304
0.646549
0.643667
0.646139
0.653478
0.664353
0.677028
0.689807
0.701367
0.710979
0.718371
0.723455
0.726087
0.725916
0.722467
0.715536
0.705479
0.693495
0.681423
0.67129
0.664619
0.661884
0.662372
0.664598
0.667023
0.668522
0.668736
0.667983
0.66704
0.666703
0.667584
0.669826
0.673113
0.676859
0.680518
0.683982
0.687657
0.692349
0.698808
0.707358
0.717642
0.728638
0.738761
0.746158
0.749087
0.746295
0.737385
0.722904
0.704162
0.68294
0.66119
0.640887
0.623962
0.612265
0.607433
0.610473
0.621267
0.638395
0.659381
0.681391
0.701832
0.718979
0.731939
0.740605
0.745364
0.74669
0.744967
0.740404
0.733111
0.723262
0.711291
0.697965
0.684308
0.67143
0.660406
0.651978
0.646477
0.643799
0.64351
0.645044
0.64792
0.652028
0.657757
0.66589
0.677117
0.691499
0.708177
0.72551
0.741476
0.75419
0.762107
0.764217
0.760117
0.750024
0.734835
0.716114
0.695857
0.676251
0.659296
0.646535
0.638932
0.636778
0.639933
0.647793
0.659397
0.673484
0.688641
0.703395
0.716373
0.726257
0.73199
0.732917
0.728989
0.720915
0.710077
0.698324
0.687322
0.6781
0.670833
0.665183
0.660863
0.657901
0.656553
0.657083
0.659408
0.662949
0.666746
0.669721
0.67093
0.669804
0.666262
0.660876
0.654905
0.650131
0.648348
0.65074
0.657425
0.667531
0.679562
0.691963
0.703547
0.713432
0.721026
0.725804
0.727187
0.724643
0.717782
0.706575
0.691645
0.674451
0.657268
0.642864
0.633802
0.631687
0.636734
0.647857
0.663119
0.680156
0.696661
0.71061
0.72043
0.725161
0.7245
0.718948
0.709877
0.699219
0.68907
0.681097
0.676017
0.673359
0.671804
0.669983
0.667376
0.664682
0.663479
0.665254
0.670443
0.678368
0.687748
0.697261
0.705784
0.712414
0.716475
0.717617
0.715935
0.712009
0.706831
0.701576
0.697183
0.694057
0.691933
0.690226
0.688593
0.687358
0.68734
0.689438
0.69402
0.700516
0.707547
0.713405
0.716568
0.715968
0.711109
0.70206
0.689405
0.674154
0.657489
0.640669
0.624816
0.610905
0.599736
0.591969
0.58799
0.587804
0.591066
0.597043
0.60494
0.614145
0.624387
0.635649
0.647931
0.661102
0.674875
0.688982
0.703213
0.717342
0.731026
0.743729
0.754879
0.764025
0.770971
0.775708
0.778356
0.77921
0.778487
0.776385
0.77296
0.768267
0.762354
0.755337
0.747396
0.738619
0.729012
0.718543
0.707244
0.695292
0.683067
0.671091
0.659883
0.649914
0.64145
0.634619
0.62942
0.625819
0.623811
0.623449
0.624788
0.627833
0.632401
0.63803
0.644024
0.649436
0.653293
0.654847
0.653786
0.650457
0.645914
0.641737
0.63965
0.641189
0.647324
0.658214
0.673133
0.690592
0.708694
0.725536
0.739516
0.749464
0.754624
0.754669
0.749654
0.740245
0.727695
0.713708
0.700207
0.688885
0.680748
0.675921
0.673763
0.673073
0.672515
0.670961
0.667688
0.662453
0.655511
0.647459
0.639192
0.631856
0.626931
0.62614
0.631288
0.643643
0.663074
0.687689
0.71423
0.739067
0.759076
0.772103
0.777072
0.773982
0.76383
0.748399
0.730103
0.71162
0.695615
0.684261
0.678711
0.678856
0.683426
0.690595
0.698407
0.705064
0.709049
0.709304
0.705462
0.698151
0.688765
0.678965
0.669961
0.662229
0.655988
0.651675
0.649813
0.650697
0.654166
0.659629
0.666044
0.672074
0.676378
0.677999
0.676659
0.672768
0.667371
0.662057
0.658807
0.659709
0.666321
0.679023
0.696565
0.716273
0.734753
0.74887
0.75646
0.756771
0.750436
0.739359
0.726264
0.714236
0.706067
0.703466
0.706605
0.714132
0.723525
0.731869
0.736644
0.736264
0.730472
0.720108
0.706723
0.692137
0.678
0.665517
0.655428
0.648022
0.64338
0.641672
0.643148
0.648045
0.656319
0.667557
0.681001
0.695721
0.710645
0.724527
0.736048
0.74396
0.747279
0.745515
0.738845
0.728298
0.715612
0.702858
0.691953
0.684231
0.680152
0.679378
0.681119
0.684445
0.688471
0.692469
0.695963
0.698741
0.700791
0.702058
0.702295
0.700978
0.697542
0.691685
0.683539
0.673633
0.662751
0.651746
0.641284
0.631792
0.623624
0.617386
0.614092
0.61492
0.620533
0.630614
0.643939
0.658926
0.674015
0.68784
0.699245
0.70723
0.710975
0.709941
0.7039
0.693025
0.678184
0.660911
0.643426
0.628416
0.618566
0.61589
0.621242
0.634306
0.653759
0.677696
0.703977
0.73037
0.754756
0.775217
0.790183
0.798516
0.799677
0.793886
0.782382
0.767433
0.751886
0.738145
0.727177
0.718441
0.71055
0.702438
0.693897
0.685478
0.678071
0.672388
0.668541
0.666087
0.664313
0.662715
0.661319
0.660673
0.661587
0.664786
0.670582
0.67875
0.688499
0.698661
0.70793
0.71508
0.719067
0.719131
0.714874
0.706299
0.693996
0.679134
0.663296
0.648441
0.636412
0.628711
0.626336
0.629626
0.638308
0.651549
0.668055
0.686189
0.704199
0.720229
0.732546
0.739786
0.741357
0.737655
0.72994
0.719843
0.708703
0.697177
0.685248
0.672591
0.65902
0.644849
0.631002
0.618855
0.609925
0.605506
0.606518
0.613492
0.626473
0.645077
0.668361
0.694737
0.722055
0.747876
0.769871
0.78617
0.795559
0.797531
0.792229
0.780334
0.762972
0.741696
0.718379
0.69503
0.673447
0.65509
0.640948
0.631731
0.628018
0.630229
0.638368
0.651654
0.66853
0.686879
0.704411
0.719094
0.729301
0.733957
0.732615
0.725497
0.713565
0.698544
0.682783
0.668845
0.658992
0.654601
0.655664
0.660929
0.668475
0.676445
0.683462
0.688796
0.692004
0.692807
0.691108
0.687171
0.681761
0.676161
0.671903
0.670297
0.672151
0.677572
0.685983
0.696274
0.707164
0.717389
0.725851
0.731688
0.734179
0.732682
0.726557
0.715324
0.699136
0.679324
0.658596
0.640422
0.627688
0.621702
0.622212
0.628242
0.638613
0.652058
0.667217
0.682611
0.696843
0.708832
0.717869
0.723443
0.725115
0.722431
0.715194
0.703759
0.689241
0.673481
0.658779
0.64742
0.641182
0.640855
0.645898
0.654728
0.665597
0.677328
0.689397
0.701794
0.714517
0.727358
0.739866
0.751436
0.761467
0.769428
0.774916
0.777547
0.776939
0.772702
0.764494
0.752266
0.736371
0.717722
0.69768
0.677813
0.65971
0.64457
0.632943
0.624692
0.619146
0.615345
0.612423
0.60997
0.608229
0.608016
0.610367
0.61608
0.625428
0.637973
0.652576
0.667726
0.681771
0.693276
0.701307
0.705552
0.706433
0.70499
0.702561
0.70046
0.699529
0.699854
0.700838
0.701638
0.701548
0.700336
0.698397
0.696607
0.696013
0.697569
0.701631
0.707543
0.713721
0.717868
0.717797
0.712171
0.70104
0.686078
0.670387
0.657804
0.65178
0.654097
0.663963
0.678283
0.693251
0.705876
0.714661
0.719424
0.720727
0.719475
0.716557
0.712546
0.707787
0.702296
0.695877
0.68841
0.680072
0.671603
0.664269
0.659467
0.658174
0.660508
0.665686
0.672446
0.679517
0.686026
0.691537
0.695918
0.699089
0.700892
0.701192
0.700112
0.698163
0.696111
0.694692
0.694186
0.694252
0.69419
0.693401
0.691551
0.68867
0.684882
0.680282
0.674875
0.668813
0.662683
0.657589
0.65488
0.655581
0.659797
0.666686
0.674969
0.683467
0.691678
0.699674
0.707845
0.716418
0.725102
0.732876
0.738339
0.74023
0.737913
0.73158
0.722241
0.7114
0.700544
0.690815
0.682938
0.677243
0.673743
0.672157
0.67187
0.672174
0.672675
0.673419
0.674843
0.677344
0.681068
0.685763
0.69088
0.695804
0.699902
0.702732
0.704073
0.70395
0.702673
0.700602
0.698091
0.695302
0.692221
0.688774
0.684929
0.680738
0.676372
0.67202
0.667797
0.663787
0.660157
0.657131
0.654944
0.653828
0.653918
0.655346
0.658244
0.662677
0.668449
0.674993
0.681445
0.687076
0.691558
0.694936
0.697432
0.699302
0.700903
0.702672
0.705101
0.708585
0.713281
0.719054
0.725475
0.73189
0.737424
0.741101
0.741983
0.739388
0.73306
0.723227
0.71058
0.69621
0.681452
0.66775
0.656566
0.649271
0.647008
0.650389
0.659093
0.671683
0.68589
0.699157
0.709218
0.714481
0.714081
0.707904
0.696568
0.681501
0.665014
0.650096
0.639863
0.636605
0.64076
0.650853
0.664239
0.678382
0.691714
0.703729
0.714547
0.724476
0.733635
0.74179
0.748444
0.752963
0.754795
0.753532
0.748932
0.741093
0.730326
0.717222
0.702653
0.68768
0.673519
0.661408
0.652411
0.647205
0.646043
0.648606
0.654131
0.661571
0.669908
0.678346
0.686259
0.693054
0.698103
0.700649
0.7
0.695762
0.688049
0.67754
0.665415
0.653212
0.642634
0.635195
0.632062
0.634043
0.641685
0.655158
0.674035
0.697066
0.722155
0.746593
0.76762
0.782804
0.790382
0.789551
0.780585
0.76493
0.745045
0.723887
0.703874
0.68627
0.671125
0.657863
0.645836
0.634823
0.625077
0.617334
0.612712
0.612381
0.617245
0.627503
0.642387
0.660295
0.679055
0.696333
0.710007
0.718463
0.72083
0.717171
0.70839
0.696166
0.682758
0.670667
0.662186
0.658951
0.661498
0.669217
0.68059
0.693677
0.706639
0.717952
0.726355
0.730888
0.730904
0.726303
0.717692
0.706323
0.693701
0.681186
0.669724
0.660076
0.653163
0.650059
0.651621
0.657999
0.668432
0.681514
0.695576
0.709091
0.720757
0.729499
0.73459
0.735683
0.732911
0.726914
0.718764
0.709658
0.700754
0.692947
0.686755
0.682507
0.680285
0.679912
0.680952
0.682759
0.684593
0.685847
0.686248
0.685974
0.685595
0.68584
0.687251
0.689902
0.693404
0.697116
0.700386
0.70288
0.704549
0.705466
0.705691
0.705011
0.703052
0.69934
0.693552
0.685715
0.676188
0.665683
0.655088
0.645221
0.636703
0.629949
0.625327
0.623269
0.624289
0.62881
0.636915
0.64805
0.660912
0.673773
0.684997
0.693436
0.6988
0.701626
0.70285
0.703508
0.704329
0.705445
0.706505
0.706806
0.705742
0.703103
0.699404
0.695935
0.694434
0.696417
0.70239
0.7114
0.721348
0.729606
0.733822
0.732559
0.725527
0.71378
0.699342
0.684644
0.67179
0.661965
0.655292
0.651162
0.648793
0.647658
0.647635
0.648858
0.65156
0.655866
0.661739
0.669114
0.677901
0.687921
0.698897
0.710444
0.722167
0.73367
0.744528
0.754179
0.761747
0.76607
0.766015
0.760866
0.750585
0.735964
0.718543
0.700227
0.682769
0.667364
0.654618
0.644903
0.638649
0.63639
0.638443
0.64433
0.652542
0.660946
0.667589
0.671305
0.671843
0.669753
0.666041
0.661742
0.657716
0.654463
0.652076
0.650331
0.648832
0.647452
0.64657
0.647164
0.650579
0.657921
0.669573
0.684926
0.702548
0.720659
0.737578
0.752012
0.763104
0.77015
0.772475
0.769535
0.761045
0.747169
0.728717
0.707148
0.684472
0.662896
0.644528
0.631004
0.623471
0.622585
0.628435
0.64046
0.657306
0.676964
0.69715
0.715544
0.730315
0.740274
0.744887
0.744116
0.738364
0.728366
0.715104
0.699817
0.683936
0.668954
0.656234
0.646927
0.641902
0.641618
0.646048
0.654501
0.66569
0.678058
0.690064
0.700717
0.70964
0.717022
0.723335
0.728929
0.733744
0.737254
0.73868
0.737246
0.732346
0.723747
0.711603
0.696493
0.679513
0.662201
0.646425
0.63413
0.626926
0.625614
0.629909
0.638428
0.649012
0.659368
0.667724
0.6733
0.676476
0.678547
0.681248
0.686015
0.693345
0.702537
0.712161
0.72063
0.726699
0.729684
0.72946
0.72636
0.720908
0.713682
0.705238
0.696099
0.686899
0.678457
0.671724
0.667608
0.6667
0.669197
0.674789
0.68263
0.691336
0.699274
0.704938
0.707171
0.70542
0.6998
0.690944
0.679895
0.668066
0.657167
0.648965
0.64473
0.644748
0.648232
0.65367
0.65955
0.664893
0.669538
0.674165
0.679935
0.687895
0.698333
0.710404
0.722369
0.732235
0.738487
0.740597
0.739027
0.735022
0.73021
0.726072
0.723546
0.722934
0.723845
0.725399
0.726519
0.726208
0.723785
0.718918
0.711703
0.702632
0.692419
0.681898
0.671808
0.662638
0.65449
0.647306
0.640967
0.635473
0.631043
0.62811
0.627239
0.629063
0.633935
0.641804
0.652112
0.663948
0.676236
0.687956
0.698293
0.706623
0.712455
0.715596
0.716195
0.714712
0.711859
0.708325
0.70467
0.701307
0.698466
0.696261
0.694591
0.693144
0.691437
0.688878
0.684915
0.679238
0.672042
0.664109
0.656655
0.650967
0.64798
0.648116
0.651162
0.656571
0.66375
0.672215
0.681537
0.691281
0.700943
0.709902
0.717424
0.72272
0.725057
0.723818
0.718818
0.710549
0.700299
0.689974
0.681434
0.675709
0.672578
0.670705
0.668547
0.665123
0.660569
0.656059
0.65328
0.653768
0.658361
0.667015
0.678835
0.692353
0.705969
0.718196
0.727996
0.734905
0.738891
0.740238
0.739227
0.736085
0.730931
0.723956
0.715613
0.706547
0.697328
0.688152
0.67888
0.669331
0.659663
0.650463
0.642599
0.636926
0.633949
0.633638
0.635488
0.63878
0.642997
0.648085
0.654312
0.66194
0.670771
0.680037
0.688714
0.695974
0.701455
0.705356
0.708341
0.711364
0.715351
0.72083
0.727798
0.735603
0.743263
0.749684
0.753874
0.755083
0.752951
0.747555
0.739391
0.729367
0.718593
0.708172
0.699095
0.692026
0.687224
0.684419
0.682895
0.681697
0.679935
0.677022
0.672888
0.668098
0.663668
0.660747
0.66014
0.661965
0.665639
0.670198
0.674535
0.677762
0.679375
0.679377
0.678193
0.676483
0.675092
0.674924
0.67675
0.681128
0.688097
0.69702
0.706686
0.715604
0.722453
0.726576
0.727948
0.727
0.724241
0.719934
0.714224
0.707422
0.700192
0.693472
0.688201
0.684988
0.683953
0.684779
0.686749
0.688896
0.690132
0.689535
0.68658
0.681435
0.675112
0.669211
0.665265
0.664104
0.665568
0.668755
0.672371
0.675135
0.676009
0.674454
0.670592
0.665104
0.659107
0.653891
0.650586
0.649859
0.651843
0.656262
0.662616
0.67038
0.678997
0.687697
0.695433
0.700984
0.703382
0.702275
0.697986
0.691368
0.683483
0.675397
0.668087
0.662489
0.659687
0.660936
0.66734
0.679089
0.69482
0.711878
0.727364
0.739101
0.746033
0.748053
0.745769
0.740208
0.732669
0.724398
0.716369
0.709055
0.702327
0.695681
0.688675
0.681283
0.674108
0.668154
0.664465
0.663752
0.666067
0.670765
0.676734
0.682561
0.686821
0.68834
0.686475
0.681309
0.673698
0.665126
0.657412
0.65219
0.650455
0.6523
0.657007
0.663422
0.670474
0.677422
0.683975
0.690209
0.696341
0.702457
0.708413
0.713796
0.718082
0.720896
0.722156
0.722113
0.721085
0.719275
0.716682
0.713194
0.708783
0.703744
0.69866
0.694274
0.69127
0.690063
0.690635
0.692481
0.694632
0.69589
0.695141
0.691676
0.685609
0.678244
0.671832
0.668744
0.670194
0.675322
0.681684
0.686572
0.688216
0.686175
0.681265
0.67492
0.66865
0.663579
0.660376
0.659202
0.659892
0.662074
0.665416
0.669597
0.674338
0.679416
0.684638
0.689817
0.694739
0.699102
0.702447
0.70418
0.703737
0.700701
0.695043
0.687285
0.678418
0.669663
0.662291
0.657386
0.65574
0.657672
0.663009
0.67106
0.68073
0.690891
0.70059
0.709114
0.716018
0.721076
0.724257
0.725664
0.725316
0.723139
0.718987
0.712679
0.704095
0.693419
0.681234
0.668579
0.65681
0.647114
0.640271
0.636467
0.635521
0.6373
0.641943
0.649675
0.660407
0.673464
0.687582
0.701156
0.712467
0.72006
0.723022
0.721169
0.71521
0.706785
0.698175
0.691768
0.689411
0.691939
0.698961
0.709147
0.720635
0.731522
0.740028
0.744639
0.744283
0.738539
0.72766
0.712711
0.695384
0.677758
0.661919
0.649445
0.641191
0.637268
0.637159
0.64011
0.645223
0.651599
0.658326
0.664564
0.66981
0.673984
0.677313
0.680036
0.68208
0.682998
0.682211
0.67939
0.674718
0.668939
0.663287
0.659109
0.65754
0.659185
0.664053
0.671733
0.681572
0.692898
0.705005
0.717066
0.728043
0.736845
0.74257
0.744712
0.743217
0.738401
0.730786
0.720898
0.709248
0.696494
0.683562
0.671679
0.662237
0.656387
0.654664
0.656934
0.662513
0.670468
0.679744
0.689293
0.69804
0.705023
0.709434
0.710794
0.708938
0.704195
0.697383
0.689744
0.682614
0.677138
0.673992
0.673339
0.674984
0.678616
0.684004
0.691056
0.699648
0.709387
0.719302
0.728144
0.734787
0.738652
0.739879
0.738974
0.736386
0.732154
0.725914
0.717136
0.705527
0.691246
0.674967
0.657667
0.640346
0.623895
0.609007
0.596247
0.586166
0.579317
0.576235
0.577372
0.583081
0.593493
0.608468
0.627501
0.649728
0.673933
0.698514
0.7217
0.742019
0.758643
0.771466
0.780958
0.787532
0.791432
0.792717
0.791371
0.787468
0.781284
0.773212
0.763692
0.753134
0.741858
0.730005
0.717685
0.705048
0.692368
0.680016
0.668578
0.658925
0.651997
0.648589
0.648792
0.651883
0.656575
0.661531
0.665731
0.668526
0.669552
0.66875
0.666364
0.663026
0.659634
0.657037
0.65569
0.655467
0.655826
0.65614
0.656047
0.655454
0.654434
0.653145
0.651939
0.651164
0.650963
0.65107
0.650956
0.650476
0.650278
0.651606
0.655718
0.663087
0.673018
0.683743
0.69312
0.69942
0.701873
0.70087
0.697691
0.694106
0.691597
0.690828
0.691515
0.692632
0.693021
0.691905
0.689162
0.685349
0.681517
0.678912
0.67867
0.681559
0.687823
0.697003
0.708114
0.719913
0.731323
0.741752
0.750998
0.758986
0.765506
0.770246
0.773022
0.77382
0.772801
0.770208
0.766247
0.761023
0.754429
0.746291
0.736618
0.725772
0.714446
0.703561
0.693836
0.685268
0.677128
0.668209
0.657427
0.644443
0.629742
0.614402
0.599803
0.58727
0.577884
0.57251
0.571823
0.57628
0.585973
0.600465
0.618632
0.638638
0.658229
0.675152
0.687632
0.694817
0.696903
0.694962
0.690631
0.685773
0.682247
0.681724
0.685446
0.693699
0.705578
0.719242
0.732443
0.743103
0.74981
0.751953
0.749531
0.743122
0.733804
0.723009
0.712248
0.702869
0.695838
0.691707
0.690625
0.692359
0.696235
0.701338
0.706622
0.711049
0.713842
0.714528
0.71292
0.709013
0.702905
0.694732
0.684789
0.67364
0.66206
0.650986
0.641239
0.633393
0.627721
0.624335
0.623372
0.625128
0.630094
0.638866
0.651856
0.668915
0.688865
0.709455
0.727782
0.741158
0.747815
0.747252
0.740157
0.728045
0.712922
0.696921
0.681896
0.669273
0.659848
0.653934
0.651313
0.651515
0.654032
0.658527
0.664992
0.673708
0.684881
0.698217
0.712505
0.725778
0.73589
0.741189
0.740953
0.735373
0.7252
0.711394
0.694907
0.676868
0.658804
0.642728
0.630859
0.625005
0.626008
0.633499
0.646055
0.661639
0.678159
0.693919
0.707832
0.71946
0.728871
0.736419
0.7424
0.746973
0.750038
0.751394
0.750963
0.748899
0.745665
0.741799
0.737803
0.733968
0.730554
0.727906
0.726169
0.725112
0.72375
0.720643
0.714435
0.704559
0.69155
0.676768
0.662031
0.649078
0.639083
0.632491
0.629045
0.628107
0.629002
0.631378
0.635257
0.640821
0.648209
0.657201
0.667026
0.676453
0.683967
0.688129
0.687946
0.682971
0.673488
0.660535
0.645784
0.631438
0.619809
0.612915
0.611987
0.617092
0.627359
0.641291
0.657253
0.673761
0.689736
0.704495
0.717627
0.72882
0.737738
0.744073
0.747741
0.749025
0.748411
0.74656
0.744115
0.741737
0.740025
0.739394
0.739832
0.740777
0.741392
0.740765
0.738259
0.733593
0.726735
0.717781
0.706849
0.694072
0.679737
0.66446
0.64924
0.635384
0.624242
0.616841
0.613665
0.614687
0.619532
0.627638
0.638347
0.650975
0.664814
0.679129
0.693148
0.706094
0.71734
0.726447
0.73328
0.738123
0.741459
0.743687
0.744858
0.744547
0.741945
0.736149
0.726599
0.713436
0.697458
0.679816
0.661643
0.643923
0.627645
0.613854
0.603658
0.597934
0.597141
0.601422
0.610808
0.625242
0.644274
0.666825
0.691117
0.714859
0.735759
0.7518
0.761539
0.764299
0.760215
0.750241
0.736101
0.720098
0.704785
0.692463
0.684664
0.68177
0.682952
0.68646
0.690386
0.693285
0.694416
0.693779
0.691903
0.689573
0.687631
0.686746
0.687306
0.68915
0.691484
0.693067
0.69254
0.688905
0.681908
0.672236
0.661447
0.651556
0.64454
0.641956
0.644734
0.653018
0.666135
0.682683
0.700754
0.718251
0.733395
0.744968
0.752476
0.755979
0.755977
0.753079
0.747776
0.740326
0.730822
0.719344
0.706118
0.691617
0.676698
0.662582
0.650755
0.642776
0.639985
0.643003
0.651456
0.663934
0.678272
0.691979
0.702779
0.708961
0.709598
0.704598
0.694729
0.681465
0.666849
0.653179
0.642622
0.636671
0.635865
0.639483
0.64584
0.65301
0.659564
0.665004
0.669729
0.674582
0.680407
0.687644
0.696227
0.705572
0.714769
0.722843
0.728977
0.732628
0.733619
0.731998
0.727802
0.720907
0.711107
0.698441
0.683637
0.66829
0.654648
0.644968
0.64053
0.641272
0.64609
0.653654
0.662998
0.673641
0.685303
0.697635
0.709942
0.721225
0.73042
0.736723
0.739783
0.739609
0.736403
0.730448
0.72221
0.712314
0.701604
0.69107
0.681655
0.674136
0.669137
0.666983
0.667751
0.671312
0.677393
0.685671
0.695764
0.70713
0.719005
0.730243
0.739305
0.744579
0.744682
0.738817
0.726989
0.710054
0.689535
0.66738
0.645729
0.626734
0.612404
0.604486
0.604123
0.611436
0.625305
0.6436
0.663616
0.682669
0.698537
0.70966
0.715195
0.715019
0.709761
0.700821
0.690368
0.681023
0.675192
0.674449
0.679099
0.688148
0.699834
0.712229
0.72365
0.732817
0.738879
0.741303
0.739989
0.735384
0.728462
0.72073
0.713751
0.708646
0.705733
0.704435
0.70361
0.701927
0.698402
0.69257
0.684598
0.675154
0.665215
0.655777
0.647711
0.641658
0.637959
0.636642
0.637386
0.639541
0.642327
0.645055
0.647381
0.649292
0.650965
0.652512
0.653926
0.655107
0.656061
0.656852
0.657599
0.65846
0.659658
0.661441
0.664216
0.668468
0.674533
0.682543
0.692394
0.703798
0.716351
0.729585
0.74277
0.754887
0.764686
0.770701
0.771854
0.767717
0.758793
0.746447
0.732547
0.719004
0.707254
0.698156
0.691976
0.688815
0.688761
0.691763
0.697318
0.704194
0.710588
0.714678
0.715179
0.711735
0.704967
0.696168
0.686736
0.677714
0.66957
0.662335
0.655923
0.650327
0.645742
0.642465
0.640703
0.640519
0.641913
0.644907
0.649687
0.65636
0.664723
0.674187
0.683703
0.691995
0.697734
0.700009
0.698526
0.693645
0.686269
0.677634
0.669078
0.661791
0.656655
0.654127
0.654294
0.657076
0.662187
0.669174
0.677379
0.685969
0.694208
0.701725
0.708622
0.715425
0.722761
0.730902
0.739368
0.746712
0.750836
0.749589
0.741499
0.726522
0.706311
0.683899
0.662551
0.644379
0.629909
0.618788
0.610872
0.606588
0.606814
0.612389
0.623742
0.640657
0.662182
0.686718
0.712163
0.736161
0.756398
0.770931
0.778475
0.778654
0.772093
0.76036
0.745639
0.730299
0.716532
0.705869
0.699238
0.696857
0.698271
0.702274
0.707006
0.710299
0.71022
0.705717
0.696946
0.685131
0.672181
0.659994
0.649877
0.642301
0.636912
0.632941
0.629825
0.627615
0.626986
0.628776
0.633586
0.641599
0.652478
0.665586
0.680073
0.694962
0.709302
0.722207
0.732882
0.740745
0.745415
0.746764
0.744979
0.740482
0.733914
0.725996
0.717407
0.70866
0.699997
0.69139
0.682714
0.673926
0.665318
0.657617
0.651948
0.649552
0.651351
0.657532
0.667382
0.679366
0.691553
0.7021
0.709672
0.71355
0.713559
0.709873
0.702837
0.692849
0.680466
0.666587
0.652539
0.639904
0.630043
0.623648
0.620694
0.620687
0.622988
0.626979
0.632084
0.637791
0.643793
0.650216
0.6575
0.666115
0.676203
0.68743
0.699166
0.710658
0.721155
0.729867
0.736068
0.73923
0.739321
0.737046
0.733821
0.731412
0.7313
0.73387
0.738152
0.742202
0.744006
0.742137
0.735961
0.72561
0.711655
0.694881
0.676225
0.656871
0.638419
0.622946
0.61259
0.608926
0.612413
0.622417
0.637577
0.656216
0.676645
0.69722
0.716455
0.733015
0.745796
0.753946
0.756936
0.754573
0.74691
0.734335
0.717808
0.698988
0.680196
0.663779
0.651375
0.643591
0.64061
0.642571
0.6493
0.65968
0.671674
0.683061
0.692358
0.699172
0.70394
0.70736
0.709936
0.71178
0.71261
0.711962
0.7094
0.704705
0.697975
0.689687
0.680634
0.671731
0.663906
0.658051
0.654986
0.655484
0.659997
0.668404
0.679702
0.692146
0.703662
0.71244
0.717578
0.719322
0.71881
0.717425
0.71622
0.715582
0.715408
0.715378
0.715148
0.714437
0.712956
0.710422
0.70665
0.701586
0.695563
0.68935
0.684036
0.68073
0.680126
0.682353
0.686875
0.692595
0.698084
0.701875
0.702662
0.6996
0.692508
0.681837
0.668755
0.65498
0.642425
0.63274
0.627093
0.626045
0.629673
0.637617
0.649031
0.662537
0.676465
0.689179
0.699304
0.70598
0.708933
0.708476
0.705369
0.700727
0.695843
0.691879
0.689621
0.689292
0.690512
0.692533
0.694489
0.695732
0.696039
0.695604
0.694964
0.694822
0.695832
0.698276
0.701969
0.706216
0.710023
0.712307
0.712293
0.709836
0.705457
0.700089
0.694376
0.68835
0.681371
0.672615
0.661739
0.649114
0.63574
0.623032
0.61242
0.605129
0.602074
0.603831
0.610523
0.621754
0.636492
0.653161
0.66997
0.685411
0.698634
0.709513
0.718475
0.726136
0.732898
0.738631
0.742596
0.743716
0.741011
0.7341
0.723684
0.711504
0.699838
0.690862
0.686071
0.686044
0.690616
0.698987
0.709757
0.721178
0.731413
0.738803
0.742211
0.741006
0.73499
0.724193
0.708951
0.690062
0.668983
0.647843
0.629075
0.61487
0.606816
0.605849
0.61244
0.626504
0.647225
0.672704
0.700029
0.725805
0.746887
0.761091
0.767574
0.766865
0.760569
0.750785
0.739441
0.727916
0.717028
0.707272
0.699037
0.692696
0.68852
0.686534
0.686438
0.68765
0.689637
0.692
0.694551
0.697314
0.700361
0.703734
0.707199
0.710192
0.711844
0.711199
0.707593
0.701163
0.693058
0.684968
0.677922
0.671863
0.665968
0.659673
0.653333
0.648183
0.645607
0.646439
0.65056
0.657137
0.665251
0.674213
0.683672
0.693333
0.702622
0.710584
0.716118
0.718321
0.71684
0.711879
0.704167
0.694941
0.685692
0.677926
0.672928
0.6714
0.673333
0.678002
0.684151
0.690341
0.695306
0.698199
0.698621
0.696736
0.693256
0.689345
0.686333
0.685377
0.687022
0.691097
0.696819
0.702957
0.708149
0.711319
0.711929
0.71019
0.707041
0.703836
0.701781
0.701579
0.703338
0.706792
0.711646
0.717862
0.725304
0.733556
0.741603
0.747958
0.751197
0.75022
0.744437
0.733698
0.71838
0.699503
0.678782
0.658534
0.64141
0.629833
0.625425
0.628621
0.638446
0.652701
0.668594
0.683296
0.694646
0.701368
0.703117
0.700212
0.693423
0.683707
0.672151
0.659815
0.647728
0.63686
0.628096
0.622348
0.620457
0.623155
0.630778
0.643089
0.659191
0.677502
0.69595
0.712344
0.724809
0.732165
0.734113
0.731322
0.72522
0.717559
0.709962
0.703373
0.697892
0.693006
0.688033
0.682498
0.676368
0.669951
0.663762
0.658461
0.654818
0.653614
0.655557
0.661022
0.669759
0.680954
0.693429
0.705944
0.717497
0.727532
0.735995
0.743135
0.749167
0.75408
0.757375
0.758108
0.754976
0.746761
0.732969
0.714381
0.693244
0.672748
0.655896
0.644516
0.639025
0.638922
0.643468
0.651813
0.66305
0.676065
0.689435
0.701573
0.710958
0.716445
0.717659
0.715334
0.711084
0.706644
0.702814
0.699141
0.694483
0.687999
0.679599
0.669912
0.659886
0.650465
0.64238
0.635971
0.631209
0.627762
0.625243
0.623523
0.622881
0.624045
0.627942
0.635375
0.64671
0.661724
0.679578
0.698948
0.718032
0.734742
0.747045
0.753209
0.75219
0.743962
0.729617
0.711274
0.691837
0.674432
0.661724
0.655317
0.655708
0.662434
0.674306
0.689648
0.706452
0.722607
0.736104
0.745326
0.749219
0.747368
0.739964
0.727721
0.711816
0.693701
0.675081
0.657742
0.643381
0.633501
0.629228
0.631076
0.638866
0.651667
0.66779
0.685122
0.701527
0.715262
0.725304
0.73131
0.733466
0.732301
0.728556
0.723052
0.716548
0.709664
0.702674
0.695442
0.687592
0.67874
0.66881
0.65829
0.648277
0.640243
0.635566
0.63501
0.638454
0.645066
0.653687
0.663237
0.672944
0.682312
0.691026
0.698694
0.704995
0.709612
0.712177
0.712351
0.709874
0.704857
0.697802
0.689446
0.680591
0.671976
0.664295
0.658313
0.65498
0.65526
0.659964
0.669474
0.683428
0.700686
0.719468
0.737538
0.752684
0.763197
0.768026
0.766885
0.760277
0.749483
0.736327
0.722869
0.710979
0.701962
0.696376
0.694196
0.694794
0.697031
0.699416
0.700404
0.698647
0.6933
0.684141
0.671795
0.657586
0.643264
0.630564
0.620739
0.614355
0.611206
0.610718
0.612431
0.616323
0.622613
0.631277
0.641565
0.651981
0.660746
0.666438
0.668441
0.6671
0.663632
0.659793
0.657488
0.658401
0.663596
0.673441
0.687566
0.704835
0.723434
0.741027
0.755243
0.764288
0.767365
0.764942
0.758506
0.750075
0.741469
0.733536
0.726058
0.718164
0.709189
0.699152
0.688808
0.679323
0.671928
0.667625
0.66695
0.669961
0.676283
0.685079
0.695136
0.705023
0.71341
0.719398
0.722645
0.723334
0.721856
0.718649
0.714029
0.708114
0.701057
0.693104
0.68464
0.676207
0.668437
0.661935
0.657164
0.654371
0.653484
0.654024
0.655252
0.656309
0.656517
0.655596
0.653737
0.651512
0.649536
0.648344
0.648124
0.648938
0.650834
0.654031
0.658968
0.666028
0.675334
0.686497
0.698656
0.710545
0.720924
0.728827
0.733717
0.735458
0.73412
0.729827
0.722839
0.713601
0.702795
0.691471
0.680902
0.672464
0.667387
0.666428
0.669646
0.67636
0.685208
0.694543
0.702805
0.708984
0.712751
0.714522
0.715264
0.715994
0.717369
0.719403
0.721586
0.72321
0.72377
0.723176
0.721707
0.719896
0.718156
0.716408
0.714106
0.710329
0.704236
0.695421
0.684099
0.670964
0.656931
0.64294
0.629866
0.618504
0.609554
0.603471
0.600384
0.600112
0.602271
0.606478
0.61251
0.620261
0.629677
0.640592
0.652456
0.664295
0.674918
0.683206
0.688445
0.690473
0.68966
0.686667
0.682224
0.677014
0.671857
0.667876
0.666509
0.669408
0.678016
0.693059
0.714263
0.740145
0.768292
0.795756
0.819493
0.83673
0.845388
0.844194
0.832802
0.81174
0.78243
0.747083
0.708573
0.670141
0.635083
0.606335
0.586116
0.575667
0.575015
0.582848
0.596597
0.613027
0.629183
0.64319
0.654548
0.663775
0.671735
0.678938
0.685163
0.689602
0.691283
0.689507
0.684134
0.675709
0.665484
0.65507
0.646276
0.640844
0.640224
0.645283
0.656012
0.671264
0.688897
0.706209
0.720575
0.730007
0.733475
0.73106
0.723862
0.713904
0.70375
0.696091
0.693069
0.695778
0.703911
0.715812
0.728946
0.74053
0.748201
0.750583
0.747437
0.739642
0.728883
0.717206
0.706499
0.698213
0.693164
0.691503
0.69268
0.695644
0.699178
0.70211
0.703666
0.703589
0.701908
0.698625
0.693482
0.685935
0.67543
0.661792
0.645789
0.629193
0.61455
0.604465
0.600816
0.60421
0.613978
0.628497
0.645756
0.663859
0.681089
0.696088
0.707902
0.716115
0.720792
0.722254
0.720925
0.717197
0.711484
0.704222
0.695929
0.687275
0.679192
0.67285
0.669664
0.67104
0.677818
0.689612
0.704483
0.719158
0.729851
0.733417
0.728337
0.715267
0.696849
0.676979
0.659536
0.647385
0.64193
0.643349
0.650949
0.663509
0.679508
0.697409
0.715802
0.733491
0.749357
0.762288
0.771336
0.775782
0.775402
0.770404
0.761505
0.749703
0.736094
0.721658
0.707204
0.693289
0.680347
0.668702
0.658592
0.65019
0.643597
0.638832
0.635788
0.634301
0.634111
0.63495
0.636621
0.638928
0.64166
0.644706
0.648186
0.652424
0.657861
0.664774
0.67304
0.682032
0.690728
0.697934
0.702647
0.704335
0.703132
0.69978
0.695545
0.691898
0.69011
0.690869
0.69404
0.698754
0.703576
0.707065
0.708228
0.706843
0.703384
0.698747
0.693776
0.68902
0.684766
0.68108
0.678004
0.675507
0.673572
0.672186
0.671358
0.671147
0.671719
0.673253
0.675827
0.67945
0.684055
0.689462
0.695508
0.701973
0.708621
0.715193
0.721369
0.726701
0.730487
0.731793
0.729866
0.724407
0.715914
0.705651
0.695394
0.687029
0.682037
0.680927
0.683145
0.687391
0.692239
0.696661
0.700318
0.703332
0.705939
0.708147
0.709583
0.709556
0.707278
0.702174
0.694022
0.682963
0.669335
0.653689
0.636831
0.619851
0.604108
0.591206
0.582776
0.580365
0.585114
0.597416
0.616531
0.640642
0.66725
0.693971
0.719069
0.741528
0.760733
0.775978
0.786281
0.790451
0.787565
0.777475
0.760953
0.739807
0.716593
0.694242
0.675351
0.661653
0.653645
0.650742
0.651766
0.65548
0.660829
0.666947
0.673178
0.678954
0.683796
0.6873
0.689183
0.689304
0.687779
0.684944
0.681318
0.677647
0.674756
0.673471
0.674388
0.677736
0.683385
0.690989
0.700165
0.710539
0.721564
0.732326
0.741429
0.747303
0.748811
0.745762
0.739051
0.730238
0.720792
0.711454
0.702044
0.691802
0.680006
0.66655
0.65238
0.63933
0.629561
0.624877
0.625922
0.632048
0.641705
0.65297
0.66408
0.67366
0.680959
0.685812
0.688454
0.689368
0.689038
0.687787
0.685717
0.682793
0.679088
0.674869
0.67083
0.667904
0.666844
0.667801
0.670283
0.673384
0.676204
0.678316
0.679759
0.680951
0.682316
0.683995
0.685886
0.687792
0.689608
0.691428
0.693469
0.695791
0.698104
0.699779
0.70017
0.699024
0.696715
0.694157
0.692507
0.692747
0.695322
0.699865
0.705367
0.710504
0.713989
0.714758
0.712036
0.705453
0.695195
0.682169
0.668043
0.654884
0.644346
0.636825
0.631297
0.626234
0.620812
0.615532
0.611929
0.611908
0.616956
0.627612
0.643375
0.662891
0.684337
0.705804
0.725625
0.742626
0.756206
0.766252
0.772946
0.776544
0.777268
0.775437
0.771541
0.76607
0.759214
0.750683
0.739774
0.725919
0.709231
0.691002
0.673695
0.660265
0.653088
0.652972
0.658935
0.668758
0.679844
0.68982
0.697007
0.700464
0.700047
0.696257
0.690002
0.682305
0.674064
0.665896
0.658205
0.651455
0.646374
0.643871
0.644722
0.649132
0.656791
0.666979
0.678923
0.692024
0.705756
0.719375
0.731886
0.742091
0.748908
0.751687
0.750515
0.746232
0.740245
0.734077
0.72886
0.725092
0.722517
0.720465
0.718031
0.714338
0.708647
0.700383
0.689336
0.675924
0.661485
0.648116
0.637807
0.631403
0.628422
0.627673
0.628163
0.629443
0.63168
0.635522
0.641757
0.650978
0.663282
0.678164
0.694601
0.711338
0.727108
0.740759
0.751325
0.758056
0.760336
0.757783
0.750495
0.739288
0.725795
0.712232
0.700917
0.693585
0.690947
0.692586
0.697175
0.702976
0.708206
0.711422
0.711708
0.708824
0.703329
0.696483
0.689675
0.68401
0.679882
0.676855
0.67402
0.670395
0.665546
0.659948
0.654927
0.652104
0.652766
0.65726
0.664824
0.673836
0.682383
0.688939
0.69278
0.694007
0.69334
0.691806
0.69033
0.689569
0.689913
0.691599
0.694864
0.699959
0.707009
0.715682
0.72517
0.73422
0.741622
0.746596
0.748848
0.748383
0.745133
0.738699
0.728579
0.714502
0.696811
0.676715
0.65631
0.638093
0.624277
0.616134
0.613624
0.615603
0.62049
0.626905
0.634055
0.641632
0.649743
0.658472
0.667889
0.677842
0.688161
0.69884
0.71004
0.721898
0.734046
0.745408
0.754629
0.76059
0.762664
0.760859
0.755516
0.747123
0.736399
0.724448
0.712676
0.702605
0.695493
0.691844
0.691313
0.692834
0.694872
0.695807
0.694194
0.689108
0.680331
0.668543
0.655324
0.642932
0.633858
0.630226
0.633126
0.642383
0.65665
0.673964
0.692188
0.709343
0.723716
0.73382
0.738496
0.736994
0.729177
0.715749
0.698264
0.679004
0.660444
0.644716
0.6332
0.62647
0.624554
0.627203
0.633912
0.643937
0.656189
0.669262
0.681714
0.692378
0.700699
0.706657
0.710587
0.713016
0.714255
0.714292
0.712839
0.709622
0.704566
0.697904
0.690109
0.681721
0.673125
0.664494
0.656023
0.64814
0.641447
0.636849
0.635226
0.637251
0.643234
0.653067
0.666082
0.681026
0.696219
0.709797
0.719998
0.725448
0.725362
0.719683
0.709214
0.695555
0.680939
0.667786
0.65823
0.653816
0.655326
0.662665
0.674852
0.690223
0.706664
0.722058
0.734698
0.743617
0.748625
0.750132
0.748823
0.74533
0.740194
0.733823
0.726622
0.71908
0.711766
0.705145
0.699361
0.694202
0.689288
0.684256
0.678985
0.673661
0.668778
0.664981
0.662841
0.662628
0.664065
0.666459
0.668948
0.670884
0.67197
0.672249
0.672019
0.671681
0.671549
0.671776
0.672414
0.673374
0.674453
0.675456
0.67624
0.676636
0.676552
0.675957
0.674863
0.673519
0.672405
0.672168
0.673455
0.676705
0.681881
0.688391
0.695217
0.701199
0.70546
0.707753
0.708677
0.709473
0.711672
0.716635
0.725001
0.73648
0.749837
0.763296
0.774994
0.783376
0.787342
0.786025
0.77878
0.765116
0.744943
0.718818
0.688246
0.655741
0.624615
0.598476
0.580433
0.572146
0.573589
0.583136
0.59823
0.616244
0.634992
0.652948
0.669181
0.683153
0.694478
0.702883
0.708324
0.710962
0.711206
0.709684
0.707214
0.704674
0.702879
0.702569
0.704122
0.707406
0.711732
0.715988
0.718844
0.719178
0.716244
0.709857
0.700343
0.688483
0.675255
0.661738
0.648992
0.63798
0.629569
0.624444
0.623106
0.625852
0.632688
0.643198
0.656617
0.672033
0.688447
0.704899
0.720624
0.73496
0.747217
0.756553
0.761993
0.762698
0.758198
0.748528
0.734213
0.716329
0.696381
0.676286
0.658075
0.643683
0.634507
0.631187
0.633419
0.640065
0.649434
0.659652
0.669107
0.676863
0.682761
0.687188
0.690667
0.693463
0.6954
0.695919
0.694383
0.690301
0.683697
0.675054
0.665329
0.655698
0.647219
0.640585
0.636094
0.633693
0.633231
0.634659
0.638105
0.643792
0.651904
0.662308
0.674442
0.687461
0.700403
0.712401
0.722888
0.731555
0.738284
0.742998
0.745569
0.745802
0.743479
0.738505
0.731059
0.72171
0.711418
0.701358
0.692594
0.685811
0.681172
0.678303
0.676465
0.674781
0.672454
0.668869
0.663763
0.657425
0.650605
0.644448
0.640117
0.638477
0.639979
0.644744
0.652587
0.663082
0.675489
0.688814
0.702106
0.714601
0.725959
0.736254
0.745763
0.754657
0.762725
0.769303
0.773443
0.77414
0.77073
0.762963
0.751155
0.736063
0.718722
0.700362
0.682335
0.665957
0.652413
0.642528
0.636553
0.634072
0.634106
0.63547
0.637128
0.638555
0.63978
0.641212
0.643463
0.647049
0.652219
0.658825
0.666367
0.674104
0.68121
0.68697
0.690848
0.69263
0.692426
0.690614
0.687845
0.684794
0.682047
0.679967
0.678676
0.678103
0.677991
0.677871
0.677286
0.675935
0.673785
0.671233
0.668971
0.667835
0.668472
0.671246
0.676086
0.682642
0.690349
0.698656
0.707126
0.715422
0.723308
0.730592
0.73704
0.742307
0.745944
0.747467
0.746466
0.742739
0.736316
0.727473
0.716731
0.704693
0.691815
0.67851
0.665437
0.653922
0.646229
0.644878
0.651243
0.664436
0.681462
0.698541
0.712537
0.721571
0.725038
0.723449
0.718066
0.710479
0.70237
0.695067
0.689376
0.685527
0.683211
0.681838
0.68096
0.680559
0.681046
0.682705
0.684941
0.686223
0.685007
0.680778
0.674246
0.666859
0.660289
0.656102
0.655519
0.659084
0.66663
0.677385
0.690172
0.703545
0.715987
0.725984
0.73217
0.73365
0.730167
0.722165
0.710656
0.697087
0.683143
0.670551
0.660954
0.655821
0.656134
0.662188
0.673444
0.688741
0.706547
0.725276
0.743312
0.759051
0.77088
0.777394
0.777662
0.771478
0.759486
0.742992
0.723888
0.704272
0.686228
0.671463
0.661155
0.655735
0.654991
0.658241
0.664325
0.671821
0.67913
0.684735
0.687584
0.687256
0.684083
0.678829
0.672415
0.665596
0.658835
0.65233
0.646099
0.640251
0.635137
0.631426
0.629941
0.631504
0.636808
0.646096
0.658983
0.674324
0.690312
0.704928
0.716505
0.724047
0.727327
0.726773
0.723247
0.717857
0.7117
0.705646
0.700265
0.695666
0.691595
0.6876
0.683246
0.678395
0.673434
0.669272
0.66699
0.667351
0.670425
0.675455
0.681132
0.686131
0.689484
0.690812
0.690324
0.688672
0.686682
0.685088
0.68434
0.684544
0.685569
0.687235
0.689442
0.692142
0.695241
0.698586
0.701857
0.70459
0.706254
0.70645
0.705103
0.702549
0.699336
0.696081
0.693241
0.691034
0.689506
0.688542
0.688094
0.688314
0.689372
0.691156
0.693142
0.69431
0.693708
0.690897
0.686048
0.679962
0.673764
0.668516
0.665051
0.663852
0.665134
0.669029
0.6757
0.685266
0.697473
0.711307
0.724834
0.735738
0.742023
0.742623
0.737553
0.727766
0.714696
0.699981
0.685166
0.671579
0.660326
0.652221
0.64784
0.647438
0.650971
0.658039
0.667946
0.679828
0.692771
0.705786
0.717833
0.727659
0.733982
0.735721
0.732191
0.723474
0.710484
0.694745
0.678228
0.662999
0.65098
0.643831
0.642562
0.647343
0.657332
0.670765
0.685498
0.699368
0.710605
0.718004
0.720926
0.719224
0.713359
0.704385
0.693924
0.683866
0.675961
0.671333
0.670078
0.671317
0.673698
0.675808
0.676627
0.675839
0.673681
0.670955
0.668776
0.668099
0.669273
0.671952
0.675327
0.678577
0.681211
0.683151
0.68474
0.686594
0.68931
0.693157
0.697866
0.702875
0.70761
0.711648
0.71484
0.717167
0.718663
0.719171
0.718245
0.715254
0.709606
0.701109
0.690029
0.677139
0.663538
0.650448
0.639006
0.630286
0.625266
0.624794
0.629413
0.639071
0.652801
0.668752
0.68459
0.698096
0.707605
0.712398
0.712612
0.709017
0.702698
0.694789
0.686286
0.678037
0.670815
0.665291
0.661949
0.660954
0.661992
0.664356
0.667135
0.669686
0.671917
0.674257
0.677379
0.681911
0.68817
0.696088
0.705289
0.715176
0.724967
0.733637
0.739838
0.742071
0.738962
0.729649
0.71415
0.693786
0.671314
0.650434
0.634535
0.625353
0.622556
0.624632
0.629862
0.636918
0.644891
0.653158
0.661165
0.668421
0.674682
0.680097
0.685205
0.690724
0.69728
0.705163
0.714233
0.723949
0.733606
0.74247
0.749964
0.755723
0.75948
0.761035
0.760203
0.756769
0.750655
0.741819
0.730466
0.717126
0.702505
0.687392
0.672543
0.658736
0.646866
0.637928
0.632961
0.632704
0.637272
0.646039
0.657755
0.670711
0.68295
0.692582
0.697973
0.698192
0.693222
0.684022
0.672327
0.660118
0.64904
0.640092
0.633482
0.628945
0.626092
0.624781
0.625309
0.628459
0.635284
0.64668
0.662983
0.683654
0.707198
0.731376
0.753654
0.771732
0.783924
0.789338
0.78784
0.779967
0.766784
0.749789
0.730661
0.71107
0.692498
0.67602
0.662221
0.651198
0.64262
0.635953
0.630781
0.627023
0.625156
0.626143
0.631186
0.641417
0.657316
0.678256
0.702334
0.726555
0.747494
0.762044
0.767978
0.76448
0.752117
0.732847
0.70948
0.685323
0.663635
0.647276
0.638338
0.637764
0.644998
0.657861
0.672966
0.686549
0.695588
0.698634
0.696102
0.689968
0.682998
0.67787
0.676368
0.678987
0.685055
0.693114
0.701471
0.708654
0.713512
0.715422
0.714368
0.710939
0.706332
0.702222
0.700379
0.702257
0.708447
0.718396
0.730472
0.74237
0.75181
0.757017
0.75703
0.751735
0.741803
0.728679
0.714324
0.700746
0.689349
0.680528
0.673627
0.66737
0.660499
0.652201
0.64255
0.632469
0.623575
0.617797
0.616844
0.621508
0.631315
0.644544
0.658886
0.672144
0.682743
0.689816
0.693206
0.693294
0.690672
0.68588
0.679391
0.671705
0.663701
0.656698
0.652077
0.650722
0.6526
0.65685
0.662257
0.667719
0.672624
0.67693
0.681039
0.685623
0.691386
0.698731
0.70761
0.717453
0.727287
0.735968
0.742298
0.74522
0.743987
0.738203
0.728005
0.71406
0.697529
0.680072
0.66375
0.650851
0.643581
0.643505
0.651006
0.665141
0.68367
0.703591
0.721753
0.735478
0.742926
0.743272
0.736615
0.723714
0.705945
0.685297
0.664268
0.645709
0.632173
0.625181
0.624785
0.630023
0.639551
0.652143
0.666571
0.681464
0.695394
0.707136
0.71591
0.721434
0.723951
0.723812
0.721452
0.71736
0.712179
0.70675
0.702117
0.699146
0.698334
0.699688
0.702797
0.706885
0.710969
0.714025
0.715226
0.714281
0.711404
0.707139
0.702194
0.697254
0.692783
0.689003
0.685863
0.683195
0.680798
0.678427
0.675976
0.673551
0.671472
0.67019
0.670048
0.670965
0.672427
0.673715
0.674157
0.67342
0.671612
0.669224
0.667019
0.665778
0.666249
0.668982
0.67423
0.681914
0.691619
0.702596
0.713796
0.724076
0.732238
0.7373
0.738798
0.736847
0.732048
0.725123
0.716663
0.70702
0.696679
0.686696
0.678757
0.674499
0.674429
0.677451
0.681497
0.684606
0.685691
0.684612
0.681842
0.678284
0.674998
0.673141
0.673705
0.677376
0.684342
0.694181
0.705812
0.717736
0.728241
0.735649
0.738504
0.735891
0.727601
0.714278
0.697401
0.679043
0.661403
0.646417
0.635426
0.628892
0.626633
0.628068
0.632553
0.639583
0.64874
0.659577
0.671486
0.683601
0.694841
0.704036
0.71023
0.712729
0.711322
0.706303
0.698417
0.688859
0.679199
0.671186
0.666483
0.666259
0.670807
0.679483
0.690929
0.703558
0.715826
0.726522
0.734725
0.739803
0.741341
0.739242
0.733735
0.725575
0.716059
0.706806
0.699558
0.6957
0.6958
0.699425
0.705136
0.710939
0.714846
0.715495
0.71249
0.706338
0.698208
0.689432
0.681048
0.673589
0.667034
0.661043
0.655285
0.649644
0.644271
0.639594
0.636174
0.634689
0.635736
0.639864
0.647325
0.657772
0.670026
0.682188
0.692089
0.697851
0.698398
0.693734
0.684922
0.673846
0.662852
0.654244
0.64976
0.650187
0.655305
0.664001
0.674503
0.684716
0.692569
0.696337
0.694953
0.6882
0.67687
0.662712
0.648222
0.636305
0.629618
0.629948
0.637632
0.651442
0.669016
0.687514
0.704353
0.717645
0.7262
0.729517
0.727784
0.721745
0.712652
0.702124
0.691822
0.683032
0.676472
0.672316
0.670444
0.670738
0.673099
0.677334
0.68302
0.689385
0.695434
0.700138
0.702648
0.702413
0.699307
0.693653
0.686269
0.678228
0.670812
0.665361
0.663008
0.664497
0.670085
0.679358
0.691317
0.704585
0.7176
0.728834
0.737001
0.741238
0.741229
0.73723
0.730035
0.720622
0.70982
0.698289
0.686667
0.675929
0.667451
0.662686
0.662531
0.666855
0.674531
0.68388
0.693069
0.700499
0.704918
0.705605
0.702344
0.695471
0.685764
0.674268
0.662254
0.651042
0.641868
0.63577
0.633396
0.634962
0.640265
0.648755
0.659788
0.672642
0.68665
0.701187
0.715712
0.729671
0.742444
0.753243
0.761105
0.765099
0.764586
0.759532
0.750644
0.739304
0.72724
0.71584
0.705617
0.696105
0.686336
0.675598
0.663933
0.652237
0.64182
0.633836
0.628948
0.627251
0.628573
0.632652
0.639165
0.647643
0.657486
0.667982
0.67838
0.687925
0.695888
0.701584
0.704518
0.704402
0.70131
0.695725
0.688547
0.680931
0.67421
0.669749
0.668615
0.67151
0.678527
0.688982
0.701354
0.713661
0.723898
0.730534
0.732737
0.73049
0.724434
0.715675
0.705455
0.69502
0.685521
0.677831
0.672633
0.670369
0.671175
0.674884
0.680956
0.688593
0.696884
0.704838
0.711517
0.716115
0.718045
0.717158
0.713763
0.708599
0.70261
0.696563
0.690782
0.685207
0.679695
0.674246
0.669105
0.664629
0.661085
0.658581
0.657049
0.656443
0.656778
0.658194
0.660871
0.664941
0.670438
0.677237
0.684996
0.693219
0.701282
0.708519
0.714433
0.718744
0.721393
0.722467
0.722015
0.719725
0.71504
0.707317
0.696062
0.681332
0.664088
0.646231
0.630248
0.618585
0.612904
0.613737
0.620418
0.631386
0.644611
0.658042
0.66995
0.679254
0.685687
0.689694
0.69218
0.694147
0.696364
0.69906
0.702006
0.704749
0.707095
0.709244
0.711488
0.713554
0.714451
0.712896
0.708015
0.699923
0.689816
0.679899
0.673043
0.671928
0.677686
0.689199
0.703557
0.717585
0.728956
0.736655
0.740721
0.741867
0.74117
0.739817
0.73883
0.73886
0.739989
0.741776
0.743293
0.743419
0.74125
0.736249
0.728321
0.717733
0.70493
0.690582
0.675662
0.661379
0.649274
0.640886
0.637187
0.638045
0.642302
0.64823
0.654158
0.658667
0.660809
0.660138
0.656673
0.650731
0.64275
0.633272
0.623086
0.61337
0.605747
0.602028
0.603731
0.611649
0.625671
0.644803
0.66749
0.691797
0.715649
0.737061
0.754156
0.765305
0.769338
0.765835
0.755245
0.739075
0.719659
0.699697
0.681803
0.667831
0.658629
0.653957
0.652763
0.653557
0.65478
0.65524
0.654421
0.652592
0.650742
0.650222
0.652312
0.657769
0.666522
0.677832
0.690622
0.703875
0.716731
0.728584
0.739024
0.747664
0.754089
0.757954
0.75921
0.758139
0.755349
0.751448
0.746877
0.741712
0.735733
0.728604
0.720129
0.710402
0.699716
0.688476
0.677161
0.666309
0.656595
0.648858
0.643972
0.642526
0.644624
0.649796
0.657234
0.666104
0.675803
0.685919
0.696087
0.705715
0.713989
0.720081
0.723576
0.724517
0.723177
0.719718
0.71392
0.705536
0.694809
0.68268
0.670689
0.660455
0.653101
0.64904
0.647947
0.649029
0.651431
0.654425
0.657595
0.66093
0.664788
0.669583
0.675432
0.682037
0.688725
0.694764
0.699607
0.702887
0.704167
0.70294
0.698826
0.691924
0.683041
0.673645
0.665455
0.659937
0.657833
0.659104
0.663292
0.669878
0.678474
0.688695
0.699954
0.711238
0.72122
0.728476
0.731906
0.730994
0.725941
0.717617
0.707353
0.696824
0.687824
0.681973
0.680352
0.683255
0.690042
0.699192
0.708514
0.715789
0.719351
0.718594
0.714101
0.707325
0.6999
0.693044
0.687222
0.682221
0.677584
0.673026
0.668772
0.665401
0.663835
0.665068
0.669891
0.678654
0.691049
0.706005
0.721864
0.736647
0.748537
0.756138
0.758777
0.756569
0.750206
0.740867
0.729927
0.718714
0.708245
0.699004
0.690846
0.683232
0.67556
0.667429
0.658775
0.649832
0.641139
0.633463
0.627806
0.625089
0.625949
0.630547
0.638555
0.649355
0.662204
0.67609
0.689666
0.701408
0.709961
0.714589
0.715403
0.713185
0.709158
0.704622
0.700492
0.697045
0.693975
0.690627
0.686412
0.68097
0.674231
0.666315
0.657567
0.648675
0.64068
0.635071
0.633478
0.637118
0.646152
0.659382
0.674607
0.689312
0.701394
0.709646
0.71375
0.714084
0.711287
0.706074
0.699379
0.692447
0.686686
0.683521
0.68388
0.687867
0.694587
0.702499
0.709902
0.715411
0.718372
0.718867
0.717475
0.714828
0.711357
0.707114
0.701996
0.69599
0.689289
0.682324
0.675569
0.669422
0.663996
0.659217
0.654829
0.650639
0.64653
0.642435
0.638311
0.634274
0.630718
0.628465
0.628436
0.631425
0.637819
0.647524
0.659979
0.674297
0.689406
0.704097
0.717321
0.728398
0.737038
0.743286
0.747491
0.750076
0.751645
0.752682
0.753411
0.753754
0.753316
0.751621
0.748236
0.742781
0.735038
0.724954
0.712886
0.69957
0.68605
0.673519
0.66304
0.655427
0.651144
0.650384
0.653018
0.658555
0.666379
0.675959
0.686808
0.698181
0.70877
0.717053
0.721874
0.722787
0.719946
0.713828
0.705038
0.694299
0.68261
0.671333
0.662001
0.656124
0.654799
0.658557
0.667081
0.679115
0.692664
0.705374
0.71533
0.72146
0.723594
0.722272
0.718381
0.712884
0.706662
0.700472
0.694845
0.69012
0.686352
0.683492
0.681436
0.679977
0.678796
0.677423
0.675195
0.671596
0.666614
0.660936
0.655864
0.652759
0.652518
0.655098
0.659619
0.664904
0.669869
0.673908
0.676847
0.678766
0.679902
0.680518
0.680924
0.681447
0.682499
0.684427
0.687381
0.691214
0.695454
0.699736
0.70402
0.708655
0.714056
0.720405
0.727437
0.734498
0.740662
0.744931
0.746414
0.744533
0.739143
0.730661
0.720019
0.708669
0.698204
0.689962
0.684514
0.681567
0.680204
0.679424
0.678627
0.677835
0.677445
0.677871
0.679146
0.680751
0.681819
0.681426
0.678957
0.674323
0.6681
0.661441
0.655815
0.652544
0.65236
0.655278
0.660681
0.667647
0.675156
0.68225
0.688167
0.69226
0.694044
0.693267
0.689834
0.683656
0.674716
0.663104
0.649257
0.634223
0.619723
0.607901
0.600803
0.599833
0.605363
0.617024
0.634091
0.655716
0.6808
0.707865
0.73497
0.759881
0.780557
0.795519
0.804025
0.80615
0.802548
0.7943
0.782629
0.768477
0.752606
0.735648
0.718314
0.701526
0.686372
0.673992
0.665394
0.661325
0.662066
0.667236
0.675938
0.686857
0.698376
0.708754
0.716253
0.719402
0.717281
0.709735
0.697402
0.681469
0.663438
0.644844
0.627134
0.611759
0.600213
0.593958
0.594091
0.600821
0.613164
0.629236
0.646732
0.663509
0.677989
0.689277
0.697189
0.702091
0.704611
0.705273
0.704302
0.701811
0.697927
0.693011
0.687693
0.682821
0.679308
0.678018
0.679555
0.68421
0.691938
0.70235
0.714783
0.728347
0.741958
0.754491
0.764855
0.772012
0.775027
0.773089
0.765587
0.752468
0.734445
0.713061
0.690597
0.6696
0.652302
0.64023
0.633991
0.633476
0.638024
0.646489
0.657429
0.669318
0.680957
0.691698
0.701296
0.709638
0.716569
0.721779
0.72488
0.725539
0.723559
0.718917
0.71178
0.702396
0.691227
0.678984
0.666848
0.656289
0.648977
0.646341
0.6491
0.656924
0.668558
0.682276
0.696466
0.709835
0.721392
0.730251
0.7357
0.737319
0.7351
0.729468
0.721065
0.710574
0.698667
0.68591
0.672682
0.658999
0.644639
0.629627
0.614768
0.60184
0.593168
0.59086
0.596131
0.608947
0.628041
0.65116
0.675577
0.698469
0.717445
0.730857
0.738001
0.739065
0.734831
0.726396
0.71497
0.701789
0.688117
0.675163
0.66413
0.656117
0.651925
0.651958
0.656281
0.664676
0.676747
0.691856
0.70904
0.726896
0.743772
0.757893
0.767773
0.772555
0.772017
0.766629
0.757333
0.745293
0.731525
0.716877
0.701987
0.687321
0.673398
0.66081
0.650131
0.641745
0.635598
0.631136
0.627466
0.623632
0.619005
0.613744
0.609032
0.60696
0.609657
0.618145
0.631564
0.647434
0.662918
0.675965
0.685923
0.693388
0.699614
0.70596
0.713424
0.722303
0.732174
0.741994
0.750441
0.756214
0.758274
0.755986
0.749026
0.737627
0.722584
0.70532
0.688121
0.673811
0.665041
0.663297
0.668363
0.678499
0.691243
0.704375
0.716346
0.726157
0.733259
0.737407
0.738414
0.7362
0.730825
0.722443
0.711294
0.697704
0.682049
0.66493
0.647271
0.630355
0.615729
0.605163
0.600396
0.602766
0.612767
0.629707
0.651741
0.676323
0.700769
0.722672
0.740212
0.752236
0.758195
0.758179
0.752738
0.742787
0.729498
0.714322
0.698766
0.684463
0.673091
0.666211
0.664874
0.669249
0.678342
0.690222
0.702589
0.713264
0.72063
0.723633
0.721712
0.714679
0.702613
0.686145
0.666615
0.645942
0.626284
0.609607
0.597423
0.59081
0.590644
0.597461
0.611215
0.63096
0.654945
0.680917
0.706671
0.730325
0.750504
0.76617
0.776603
0.781385
0.78047
0.774262
0.763489
0.749307
0.733208
0.71671
0.701154
0.687493
0.67622
0.667434
0.661085
0.657156
0.655771
0.657074
0.661025
0.667216
0.67473
0.682178
0.688077
0.69134
0.691563
0.689226
0.685517
0.681917
0.679654
0.679365
0.680965
0.683977
0.687863
0.692317
0.69725
0.702715
0.708789
0.715156
0.721039
0.725237
0.72662
0.724639
0.719634
0.712628
0.704877
0.697434
0.690836
0.685104
0.679942
0.674924
0.669544
0.663332
0.655856
0.646877
0.636586
0.625929
0.616475
0.610181
0.608955
0.614107
0.625996
0.643935
0.666271
0.690788
0.715151
0.737165
0.754931
0.766964
0.772276
0.770386
0.761406
0.746293
0.726879
0.705858
0.686418
0.671654
0.663792
0.663691
0.6707
0.683177
0.698985
0.716025
0.732373
0.746277
0.756224
0.761
0.759929
0.753043
0.741027
0.724932
0.705979
0.685447
0.665054
0.647069
0.634016
0.627799
0.629068
0.637067
0.650057
0.665938
0.682715
0.698728
0.712591
0.723096
0.72918
0.729916
0.72465
0.713237
0.696265
0.67533
0.652959
0.632431
0.617249
0.610377
0.613502
0.626577
0.647556
0.672994
0.699055
0.722554
0.741613
0.755556
0.764531
0.76896
0.769246
0.765521
0.757899
0.746669
0.732496
0.716416
0.699817
0.684273
0.671309
0.66195
0.65668
0.655516
0.658168
0.664132
0.672666
0.682685
0.692736
0.701187
0.706517
0.707501
0.703478
0.694395
0.68085
0.664152
0.646173
0.629194
0.615789
0.608443
0.608989
0.618021
0.634494
0.655834
0.678663
0.699609
0.715975
0.726098
0.729527
0.726952
0.71998
0.710778
0.701581
0.694225
0.689698
0.688084
0.688729
0.690678
0.693173
0.695967
0.699223
0.703242
0.708145
0.713697
0.71921
0.72383
0.726801
0.727711
0.726628
0.724101
0.720722
0.716874
0.712588
0.707712
0.702286
0.696745
0.691921
0.688812
0.68813
0.689984
0.693566
0.697337
0.699402
0.69803
0.692219
0.681985
0.668423
0.653453
0.639463
0.628727
0.623011
0.62318
0.629049
0.639535
0.653031
0.667804
0.682311
0.695385
0.706366
0.715187
0.722357
0.728661
0.734736
0.740657
0.745833
0.749233
0.749849
0.747006
0.740657
0.731286
0.719814
0.707324
0.694845
0.683189
0.672924
0.664436
0.657949
0.653615
0.651487
0.651576
0.653813
0.658025
0.663831
0.670524
0.677126
0.682546
0.685834
0.686378
0.683991
0.678983
0.672107
0.664475
0.657512
0.652787
0.651653
0.654643
0.661169
0.669766
0.678791
0.687131
0.694441
0.701164
0.708353
0.717012
0.727301
0.738055
0.747239
0.752877
0.753798
0.749754
0.741274
0.729578
0.716312
0.70315
0.691506
0.682329
0.676133
0.673107
0.67321
0.67609
0.681072
0.687144
0.693245
0.698394
0.701751
0.70268
0.700892
0.696554
0.6903
0.683152
0.676303
0.670739
0.667051
0.66533
0.665145
0.665859
0.666779
0.667482
0.667932
0.668483
0.669634
0.671841
0.675359
0.680209
0.686123
0.692698
0.699425
0.705719
0.710987
0.714646
0.716276
0.715709
0.713019
0.70852
0.702594
0.695578
0.687653
0.678756
0.668807
0.657876
0.646444
0.635613
0.627001
0.62239
0.623084
0.629237
0.63959
0.6519
0.663771
0.673337
0.679732
0.682939
0.683461
0.68202
0.679246
0.675657
0.671833
0.66843
0.666103
0.665059
0.664933
0.66501
0.66483
0.664712
0.66599
0.670387
0.678951
0.691236
0.705564
0.720059
0.733444
0.745149
0.755026
0.763013
0.768999
0.772897
0.774683
0.774397
0.771988
0.76722
0.759821
0.74948
0.736044
0.719763
0.701332
0.681898
0.662866
0.64571
0.631806
0.622398
0.618432
0.620243
0.627297
0.638103
0.650685
0.663188
0.674309
0.683342
0.689904
0.69376
0.694769
0.693047
0.689066
0.68364
0.677731
0.672257
0.668065
0.665956
0.666732
0.671007
0.67897
0.690181
0.703531
0.717568
0.730789
0.741966
0.750209
0.755114
0.756544
0.754627
0.7497
0.742287
0.733252
0.723566
0.714122
0.705553
0.698071
0.691638
0.686061
0.68098
0.675962
0.670581
0.664517
0.657611
0.649895
0.641664
0.633631
0.626996
0.62338
0.624434
0.631248
0.643687
0.66023
0.678318
0.695211
0.708657
0.717223
0.720422
0.718611
0.71286
0.704663
0.695774
0.687895
0.682557
0.681
0.683959
0.691479
0.702744
0.716268
0.730077
0.742132
0.750664
0.75454
0.753417
0.747702
0.738447
0.726973
0.714628
0.702413
0.690747
0.679617
0.668747
0.657888
0.647048
0.636594
0.627342
0.620339
0.616593
0.616746
0.620977
0.629033
0.640429
0.654574
0.670708
0.687852
0.704755
0.720099
0.73264
0.74135
0.745582
0.74517
0.740242
0.731348
0.719531
0.706284
0.693452
0.682809
0.675672
0.672652
0.67364
0.678069
0.684929
0.692777
0.699714
0.703774
0.703463
0.698315
0.689117
0.677696
0.666381
0.657381
0.652394
0.652322
0.657249
0.666308
0.677887
0.689961
0.700426
0.707487
0.709951
0.707549
0.70097
0.691856
0.682454
0.675048
0.671282
0.671543
0.674835
0.679117
0.682128
0.682222
0.6788
0.67234
0.664197
0.656215
0.65031
0.64802
0.650213
0.65696
0.667396
0.679958
0.692748
0.703891
0.711994
0.716425
0.717345
0.715602
0.712407
0.708971
0.706258
0.70474
0.704394
0.70497
0.706
0.706869
0.706944
0.705595
0.702337
0.697074
0.69022
0.682571
0.675121
0.668685
0.663668
0.660086
0.657675
0.656229
0.655829
0.656845
0.659782
0.665099
0.672894
0.68289
0.694373
0.70635
0.717716
0.727432
0.734761
0.739195
0.740484
0.738577
0.733645
0.726194
0.717082
0.70742
0.698374
0.690867
0.685343
0.681699
0.679467
0.677944
0.676475
0.674615
0.672085
0.668837
0.664967
0.66069
0.656289
0.652102
0.648439
0.64563
0.643946
0.643598
0.644759
0.647386
0.651277
0.656089
0.661266
0.666181
0.670233
0.672983
0.674361
0.674813
0.675266
0.676952
0.681044
0.688343
0.698993
0.712396
0.727337
0.74223
0.755409
0.76538
0.771028
0.771837
0.768038
0.760629
0.751029
0.740756
0.730902
0.721783
0.71276
0.702624
0.690207
0.674983
0.657682
0.640415
0.626325
0.618682
0.619648
0.629358
0.645985
0.66658
0.688071
0.707752
0.723604
0.734336
0.739362
0.738673
0.732699
0.722103
0.70775
0.690715
0.672285
0.653987
0.63752
0.624635
0.616806
0.615068
0.619828
0.630725
0.64657
0.665388
0.684831
0.702551
0.716631
0.725861
0.729814
0.72878
0.723626
0.715525
0.705892
0.696096
0.687432
0.681027
0.677742
0.678049
0.682005
0.689202
0.698848
0.709983
0.721864
0.733969
0.745827
0.75663
0.765043
0.769326
0.767881
0.759663
0.744438
0.723084
0.697501
0.67049
0.645353
0.625217
0.612414
0.607969
0.611603
0.621931
0.636722
0.653299
0.669067
0.681926
0.69057
0.694525
0.694121
0.690341
0.684798
0.679434
0.67597
0.675363
0.677599
0.682
0.687846
0.694691
0.702423
0.711065
0.720478
0.730222
0.739616
0.747759
0.753629
0.756259
0.754901
0.749147
0.739018
0.725126
0.708602
0.69096
0.673808
0.658516
0.64607
0.63715
0.632122
0.630826
0.632497
0.636023
0.640436
0.64522
0.650123
0.654798
0.658754
0.661553
0.663154
0.664055
0.665161
0.667449
0.671618
0.677857
0.685776
0.69471
0.704054
0.713515
0.722947
0.732038
0.740159
0.746555
0.750662
0.752238
0.751445
0.74869
0.74468
0.740351
0.736521
0.733392
0.730059
0.724608
0.71493
0.699642
0.678774
0.653852
0.627822
0.604475
0.587468
0.579463
0.581501
0.592841
0.611376
0.63421
0.658462
0.681797
0.70277
0.720722
0.735477
0.746978
0.755132
0.759774
0.760805
0.758456
0.753433
0.746856
0.740221
0.734929
0.731836
0.730975
0.731447
0.731809
0.730595
0.726781
0.720119
0.711089
0.700647
0.689884
0.67979
0.671077
0.664096
0.658939
0.655525
0.653736
0.653475
0.654672
0.657373
0.661609
0.667259
0.674044
0.681368
0.688504
0.694836
0.700131
0.704581
0.708636
0.712776
0.71708
0.720942
0.723189
0.722589
0.718285
0.709977
0.697998
0.68318
0.6668
0.650359
0.635501
0.624008
0.617462
0.616983
0.6229
0.634594
0.650527
0.668584
0.68653
0.702411
0.714753
0.722712
0.725886
0.724281
0.718207
0.708269
0.695443
0.681056
0.666831
0.654744
0.646987
0.645459
0.651269
0.664237
0.682874
0.704678
0.726739
0.74632
0.761248
0.770165
0.772515
0.768504
0.758956
0.745141
0.728541
0.710721
0.693193
0.677331
0.664339
0.655286
0.650745
0.650558
0.653722
0.658566
0.663146
0.665871
0.665765
0.662654
0.657083
0.650046
0.642743
0.636341
0.631761
0.629656
0.630417
0.634125
0.640534
0.649138
0.659209
0.669939
0.680595
0.690683
0.700108
0.709234
0.718685
0.728962
0.740057
0.751315
0.761556
0.769322
0.773203
0.772068
0.765298
0.752956
0.73585
0.715364
0.693291
0.671636
0.652438
0.637552
0.628468
0.626011
0.630108
0.639735
0.653184
0.668446
0.683631
0.697142
0.707659
0.714361
0.716959
0.715678
0.711168
0.704165
0.695221
0.684676
0.672809
0.66024
0.648094
0.637836
0.630948
0.628579
0.631204
0.638677
0.650335
0.665294
0.682551
0.701065
0.71965
0.7369
0.751196
0.761028
0.765392
0.76412
0.757872
0.747883
0.735595
0.722229
0.708694
0.695738
0.684147
0.674606
0.667509
0.662655
0.65954
0.657924
0.658247
0.661478
0.668398
0.678983
0.6921
0.70577
0.717813
0.726484
0.730935
0.731153
0.727837
0.722086
0.715082
0.70785
0.70118
0.695624
0.691429
0.688604
0.687082
0.686747
0.687408
0.688742
0.690348
0.691754
0.692639
0.692875
0.692443
0.691203
0.688903
0.685167
0.679724
0.672627
0.664392
0.656043
0.648974
0.644514
0.643659
0.646711
0.653275
0.662525
0.673315
0.684287
0.693853
0.700495
0.703257
0.702252
0.698702
0.69444
0.691191
0.689855
0.690369
0.691901
0.693477
0.694498
0.694999
0.695754
0.69787
0.702266
0.709312
0.718596
0.729016
0.739094
0.747216
0.752127
0.753141
0.750224
0.743901
0.734966
0.724206
0.712285
0.699797
0.687318
0.675509
0.66496
0.655991
0.648588
0.642493
0.637509
0.633644
0.631237
0.630782
0.632675
0.637068
0.643854
0.652708
0.663339
0.675485
0.688674
0.702057
0.714402
0.724388
0.731013
0.733788
0.732758
0.728487
0.721895
0.714141
0.706386
0.699665
0.694711
0.69194
0.691435
0.692946
0.695884
0.699468
0.70289
0.705482
0.706661
0.705832
0.702341
0.695723
0.686121
0.674694
0.663648
0.655664
0.65267
0.654837
0.660635
0.667912
0.674769
0.6799
0.682465
0.681987
0.678468
0.672575
0.66574
0.660029
0.657704
0.660373
0.668383
0.680725
0.695638
0.711264
0.725813
0.737707
0.745645
0.748781
0.746804
0.740087
0.729565
0.716636
0.702773
0.689379
0.677576
0.668098
0.661272
0.657083
0.6553
0.655622
0.65773
0.661293
0.66592
0.671139
0.676492
0.68163
0.686446
0.691052
0.69551
0.699652
0.703095
0.705449
0.706621
0.707017
0.707457
0.708906
0.712145
0.717605
0.725046
0.733477
0.741227
0.746232
0.746571
0.740979
0.729268
0.712379
0.692314
0.671846
0.653947
0.641208
0.635136
0.635726
0.641629
0.650692
0.660636
0.66943
0.675535
0.677907
0.676024
0.669979
0.660594
0.649374
0.638244
0.629183
0.623837
0.62325
0.627761
0.637151
0.650828
0.66785
0.686902
0.706392
0.724724
0.740597
0.753151
0.762008
0.767182
0.768997
0.767913
0.764447
0.759033
0.752117
0.744334
0.736635
0.729938
0.724765
0.720959
0.717722
0.713916
0.708632
0.701593
0.693329
0.684899
0.677244
0.670882
0.665835
0.661725
0.658123
0.654727
0.651425
0.648298
0.645584
0.643481
0.642153
0.641789
0.642613
0.64493
0.648999
0.654717
0.66144
0.668217
0.674228
0.679193
0.68333
0.687191
0.691316
0.695903
0.700785
0.705479
0.709405
0.711878
0.712264
0.710176
0.705603
0.698899
0.690836
0.682395
0.674714
0.668826
0.665517
0.665082
0.667213
0.671121
0.675832
0.680439
0.684362
0.68746
0.689847
0.691665
0.692994
0.693926
0.694645
0.695575
0.697397
0.700916
0.706724
0.714765
0.724033
0.732604
0.738291
0.739578
0.736212
0.729327
0.720994
0.7136
0.709116
0.708585
0.71201
0.71847
0.726397
0.733819
0.738754
0.739631
0.735597
0.72665
0.713824
0.699015
0.684479
0.672058
0.662605
0.655878
0.650905
0.646652
0.642413
0.637979
0.633659
0.630138
0.628249
0.62882
0.632399
0.638929
0.647615
0.656988
0.665276
0.670961
0.67311
0.671537
0.666958
0.660878
0.655342
0.652375
0.65319
0.657748
0.665032
0.673756
0.682953
0.692014
0.700597
0.70843
0.715385
0.72147
0.72685
0.731678
0.735851
0.738848
0.739922
0.738316
0.73367
0.726097
0.716189
0.704785
0.692901
0.681643
0.6721
0.665139
0.661223
0.660266
0.661744
0.664856
0.668816
0.673092
0.677528
0.682407
0.68813
0.695048
0.703274
0.712515
0.722145
0.731314
0.738889
0.743649
0.744681
0.741582
0.734696
0.725
0.71376
0.701957
0.690073
0.678362
0.66727
0.657638
0.650574
0.647015
0.647244
0.650705
0.656012
0.66131
0.664936
0.665938
0.664497
0.661966
0.660303
0.661206
0.665342
0.672184
0.680372
0.688309
0.694662
0.698698
0.700249
0.69971
0.697822
0.695544
0.693727
0.692986
0.693721
0.696052
0.699935
0.705019
0.710686
0.716127
0.720436
0.722906
0.723112
0.721071
0.71737
0.712965
0.708946
0.706151
0.704745
0.704299
0.703932
0.702842
0.700525
0.696906
0.692251
0.686914
0.681312
0.675757
0.67043
0.665463
0.66099
0.657325
0.654829
0.653973
0.655161
0.658557
0.664089
0.671564
0.680663
0.690891
0.701372
0.710908
0.718263
0.722488
0.723119
0.720227
0.714334
0.706268
0.697056
0.687762
0.679283
0.672204
0.666831
0.663224
0.661221
0.660561
0.660788
0.661387
0.661952
0.662299
0.662506
0.662806
0.663455
0.664627
0.666354
0.668522
0.670839
0.672818
0.673796
0.673214
0.670847
0.667011
0.662551
0.658714
0.656742
0.657705
0.662137
0.669906
0.680237
0.691903
0.703434
0.713547
0.721368
0.726593
0.729432
0.73037
0.729848
0.728012
0.724709
0.719637
0.712512
0.703397
0.69285
0.682096
0.672809
0.666708
0.664938
0.66751
0.673211
0.679851
0.684899
0.686209
0.68266
0.674655
0.664111
0.653757
0.645946
0.641695
0.640753
0.642469
0.646559
0.653344
0.663508
0.677472
0.694921
0.714573
0.734301
0.75172
0.764786
0.772223
0.773592
0.769203
0.759837
0.746496
0.730365
0.712811
0.695434
0.679874
0.667585
0.659731
0.657041
0.659523
0.666421
0.676156
0.686836
0.696693
0.704585
0.710145
0.713599
0.715534
0.716409
0.716381
0.715387
0.713434
0.710775
0.707842
0.704847
0.701562
0.697588
0.692662
0.686924
0.680946
0.675356
0.670447
0.66601
0.66149
0.656111
0.649404
0.641496
0.63314
0.625615
0.620256
0.618084
0.619619
0.62483
0.633385
0.64471
0.6581
0.672707
0.68768
0.702253
0.715812
0.72781
0.737827
0.745389
0.750108
0.751889
0.750984
0.747993
0.743823
0.739378
0.735404
0.732383
0.730448
0.729507
0.729446
0.730122
0.731375
0.732944
0.734334
0.734798
0.733396
0.729239
0.721772
0.710973
0.697452
0.682444
0.667556
0.654331
0.643718
0.636024
0.631135
0.628855
0.628929
0.630971
0.634504
0.639048
0.644228
0.649893
0.656021
0.662597
0.669595
0.676861
0.68406
0.690644
0.6959
0.699098
0.699646
0.697281
0.69206
0.684452
0.675319
0.665916
0.657782
0.65248
0.651235
0.654559
0.66212
0.672768
0.684877
0.696596
0.706153
0.712117
0.713515
0.710028
0.702129
0.691038
0.678701
0.667351
0.659145
0.655656
0.657502
0.664004
0.673323
0.682987
0.690555
0.6943
0.693731
0.689668
0.683874
0.678442
0.67525
0.675558
0.679999
0.688719
0.701498
0.717862
0.736867
0.757071
0.776537
0.793132
0.804918
0.810397
0.808614
0.799274
0.782801
0.760246
0.733381
0.704497
0.676182
0.65082
0.630133
0.614936
0.605249
0.600614
0.600419
0.604064
0.610882
0.61995
0.630107
0.640169
0.649169
0.656524
0.661941
0.665471
0.667426
0.668247
0.668391
0.668295
0.668457
0.669411
0.671673
0.675457
0.680529
0.686289
0.691943
0.696728
0.700169
0.702103
0.702668
0.702113
0.700596
0.69821
0.695114
0.691617
0.688218
0.685472
0.683818
0.683444
0.684129
0.685261
0.68607
0.685832
0.684123
0.681079
0.67755
0.674963
0.674915
0.678734
0.686958
0.69916
0.71404
0.72979
0.744407
0.755948
0.762872
0.76423
0.75984
0.750332
0.736964
0.721523
0.705929
0.692033
0.68124
0.674138
0.670421
0.66908
0.668976
0.669407
0.670471
0.672886
0.677408
0.684035
0.691504
0.697672
0.700282
0.697647
0.689045
0.674929
0.656836
0.637222
0.619048
0.605216
0.598018
0.598616
0.6069
0.621627
0.64082
0.662146
0.683238
0.701882
0.716247
0.725045
0.727829
0.725027
0.717853
0.708123
0.697816
0.688742
0.682118
0.678572
0.678248
0.681003
0.686523
0.694268
0.7033
0.712342
0.720185
0.726032
0.72978
0.73206
0.733936
0.736355
0.73957
0.742984
0.745497
0.74608
0.744134
0.739615
0.733027
0.725294
0.717522
0.710705
0.705514
0.702137
0.700323
0.699388
0.69851
0.69704
0.694757
0.691935
0.68907
0.686588
0.68478
0.683671
0.683071
0.682459
0.681031
0.677808
0.671854
0.662787
0.65112
0.638297
0.626405
0.617473
0.612843
0.612836
0.616758
0.623238
0.630771
0.638116
0.644491
0.649645
0.653613
0.656484
0.658177
0.658447
0.657082
0.654216
0.650537
0.647341
0.646161
0.64815
0.653568
0.661756
0.671609
0.682145
0.692804
0.703368
0.713754
0.723776
0.733036
0.740961
0.746927
0.750625
0.752098
0.751861
0.750657
0.749145
0.74766
0.746152
0.744256
0.741511
0.737513
0.732122
0.725472
0.717962
0.710091
0.702367
0.695102
0.688406
0.682175
0.676476
0.671665
0.668235
0.666354
0.665486
0.664473
0.662068
0.657474
0.650576
0.64188
0.63245
0.623629
0.616996
0.614115
0.616318
0.624374
0.63821
0.65662
0.677477
0.698095
0.715963
0.729355
0.737586
0.740849
0.739856
0.735544
0.728767
0.72033
0.710912
0.701036
0.691115
0.681454
0.672415
0.664469
0.658124
0.653798
0.65158
0.651357
0.652916
0.656304
0.661886
0.670289
0.681985
0.696896
0.714079
0.731793
0.747838
0.760026
0.766584
0.766384
0.759036
0.744914
0.72504
0.701059
0.675105
0.649714
0.627584
0.611235
0.60241
0.601698
0.608433
0.621098
0.637931
0.657147
0.677043
0.69599
0.712443
0.72506
0.73301
0.736075
0.734729
0.729783
0.722276
0.713298
0.703926
0.695199
0.688026
0.682994
0.680298
0.679795
0.681167
0.68404
0.687972
0.692424
0.696629
0.699672
0.700618
0.698845
0.694151
0.686937
0.678146
0.669217
0.661986
0.658163
0.65879
0.66364
0.67115
0.67896
0.684844
0.687278
0.685755
0.680652
0.672984
0.663943
0.654754
0.64669
0.641219
0.640097
0.645033
0.656969
0.675506
0.698738
0.723692
0.747137
0.766285
0.779197
0.78491
0.783422
0.775478
0.762211
0.744846
0.724552
0.702589
0.680486
0.660078
0.643257
0.631494
0.625381
0.624404
0.627145
0.631822
0.637142
0.643029
0.650751
0.661943
0.677107
0.694962
0.71308
0.728981
0.740628
0.746694
0.746795
0.741499
0.73231
0.721368
0.710864
0.702461
0.696786
0.693468
0.691573
0.690229
0.689023
0.688061
0.687666
0.687995
0.688798
0.689412
0.688932
0.686527
0.681666
0.674332
0.665133
0.655191
0.646076
0.639574
0.637463
0.640858
0.649719
0.662551
0.676755
0.689406
0.69822
0.702084
0.701255
0.697149
0.691845
0.6874
0.685194
0.68563
0.688236
0.692099
0.696376
0.700615
0.704716
0.708775
0.712876
0.716835
0.720172
0.722248
0.722534
0.720818
0.717347
0.712715
0.707703
0.703067
0.699313
0.696497
0.694393
0.69264
0.690973
0.689394
0.688182
0.687862
0.688966
0.691925
0.696872
0.703622
0.711551
0.719524
0.726137
0.729916
0.729808
0.725674
0.718431
0.709829
0.701909
0.696115
0.692935
0.691904
0.691976
0.692149
0.691765
0.690733
0.689432
0.688494
0.688537
0.689843
0.692181
0.694907
0.697164
0.698087
0.697006
0.693583
0.687769
0.679827
0.670313
0.660184
0.650681
0.643313
0.639438
0.639878
0.644567
0.65255
0.662406
0.672718
0.682418
0.690749
0.697026
0.700592
0.700811
0.697229
0.689768
0.678835
0.665357
0.650648
0.636209
0.623584
0.614109
0.608856
0.608488
0.613366
0.623393
0.637886
0.655626
0.674939
0.694023
0.711272
0.725534
0.736191
0.742956
0.745734
0.74454
0.739577
0.731314
0.720665
0.708768
0.696645
0.685196
0.675124
0.667008
0.661353
0.658529
0.658733
0.661833
0.667214
0.673864
0.680558
0.686217
0.690216
0.692412
0.693164
0.693127
0.693065
0.693586
0.695114
0.697709
0.701103
0.70482
0.708381
0.711269
0.713116
0.713666
0.712804
0.710639
0.707469
0.703865
0.70055
0.698231
0.69748
0.698501
0.700979
0.704096
0.706758
0.707898
0.706846
0.703535
0.698638
0.693406
0.689258
0.687254
0.68771
0.689847
0.692077
0.692582
0.690004
0.683996
0.675331
0.665703
0.657302
0.65215
0.651401
0.654911
0.661411
0.669122
0.676398
0.682054
0.685417
0.686206
0.68445
0.680525
0.675134
0.669287
0.664028
0.660279
0.65882
0.660226
0.66498
0.673395
0.685542
0.701003
0.718719
0.73692
0.753379
0.765653
0.771541
0.769559
0.759337
0.741874
0.719438
0.695129
0.672185
0.653335
0.640375
0.633992
0.633985
0.639493
0.649258
0.661869
0.675965
0.690367
0.704176
0.716748
0.727665
0.73645
0.742485
0.745031
0.743491
0.737821
0.728755
0.717877
0.707106
0.698157
0.692002
0.688705
0.68771
0.68831
0.689973
0.692341
0.695108
0.698016
0.700985
0.704125
0.707694
0.711827
0.716161
0.719808
0.721551
0.720204
0.715015
0.705965
0.693696
0.67955
0.665139
0.652209
0.642242
0.636113
0.633926
0.635092
0.638612
0.643438
0.648878
0.654626
0.66072
0.667363
0.674657
0.682383
0.689863
0.696133
0.70013
0.701165
0.699034
0.694128
0.687243
0.679407
0.671684
0.665007
0.660059
0.657082
0.655936
0.656235
0.65765
0.660136
