-5.77679
-5.77873
-5.77938
-5.77873
-5.77873
-5.77808
-5.7784
-5.77581
-5.77451
-5.77419
-5.77678
-5.77646
-5.77451
-5.77225
-5.7729
-5.77225
-5.77193
-5.77452
-5.77614
-5.77646
-5.77679
-5.7797
-5.7797
-5.78034
-5.77937
-5.78035
-5.78067
-5.77872
-5.7784
-5.77905
-5.77614
-5.77582
-5.77484
-5.77614
-5.77744
-5.78003
-5.77744
-5.77841
-5.77841
-5.77841
-5.77646
-5.77679
-5.78003
-5.77873
-5.77841
-5.77841
-5.7797
-5.7797
-5.7797
-5.7784
-5.77905
-5.77872
-5.77711
-5.77614
-5.77646
-5.77679
-5.77581
-5.7742
-5.77323
-5.7742
-5.77322
-5.77484
-5.77646
-5.77549
-5.77484
-5.77581
-5.77516
-5.77614
-5.77711
-5.77614
-5.77614
-5.77646
-5.77711
-5.77808
-5.77938
-5.77776
-5.77808
-5.77841
-5.77679
-5.77776
-5.77744
-5.7755
-5.7755
-5.77517
-5.7742
-5.77194
-5.77129
-5.77096
-5.77226
-5.77096
-5.77032
-5.77032
-5.77064
-5.77194
-5.77518
-5.77356
-5.77194
-5.77291
-5.77323
-5.77161
-5.77193
-5.77193
-5.77225
-5.77225
-5.77258
-5.77129
-5.77258
-5.77485
-5.7768
-5.77809
-5.77874
-5.77971
-5.78003
-5.77939
-5.77745
-5.7768
-5.77356
-5.77291
-5.77356
-5.77291
-5.77323
-5.77485
-5.77679
-5.77615
-5.77582
-5.77388
-5.77453
-5.7755
-5.77486
-5.7768
-5.77679
-5.77809
-5.77744
-5.77712
-5.77582
-5.7755
-5.7768
-5.77647
-5.7755
-5.77647
-5.77711
-5.77711
-5.77679
-5.77614
-5.7755
-5.77323
-5.7742
-5.77388
-5.7768
-5.77647
-5.77906
-5.77841
-5.77841
-5.77842
-5.77712
-5.77679
-5.77452
-5.77452
-5.77355
-5.77517
-5.77646
-5.77582
-5.77517
-5.77323
-5.77388
-5.77452
-5.77355
-5.77517
-5.7729
-5.77322
-5.77225
-5.77128
-5.77225
-5.77128
-5.77193
-5.77225
-5.77322
-5.7742
-5.7742
-5.77452
-5.77582
-5.77517
-5.77614
-5.77387
-5.77387
-5.77549
-5.77743
-5.77581
-5.77419
-5.77322
-5.7729
-5.77193
-5.77517
-5.77646
-5.77581
-5.77614
-5.77743
-5.77517
-5.77549
-5.77581
-5.77484
-5.77517
-5.77679
-5.77646
-5.77711
-5.77711
-5.77614
-5.77581
-5.77678
-5.77743
-5.77743
-5.77711
-5.77678
-5.77549
-5.77517
-5.77517
-5.77711
-5.77646
-5.77744
-5.77938
-5.77711
-5.77517
-5.77581
-5.77646
-5.77646
-5.7771
-5.7771
-5.77418
-5.77451
-5.77613
-5.77548
-5.77613
-5.77645
-5.77613
-5.77775
-5.77807
-5.77808
-5.77646
-5.77646
-5.77451
-5.7771
-5.77775
-5.77775
-5.77742
-5.77807
-5.77807
-5.77969
-5.78033
-5.77968
-5.77774
-5.77612
-5.77709
-5.7771
-5.77515
-5.77548
-5.7758
-5.77515
-5.77483
-5.77548
-5.77483
-5.77548
-5.77321
-5.77451
-5.77354
-5.77451
-5.77354
-5.77321
-5.77256
-5.77256
-5.77256
-5.77224
-5.77321
-5.77289
-5.77192
-5.77289
-5.77224
-5.77322
-5.77354
-5.77192
-5.77192
-5.7703
-5.76998
-5.77127
-5.77224
-5.77192
-5.77159
-5.77224
-5.77257
-5.77418
-5.77418
-5.77645
-5.77645
-5.77548
-5.77354
-5.77516
-5.77516
-5.77516
-5.7784
-5.7784
-5.77807
-5.77646
-5.77808
-5.7797
-5.77905
-5.78132
-5.78131
-5.77872
-5.77937
-5.77775
-5.77873
-5.77937
-5.77969
-5.77872
-5.77775
-5.77905
-5.78034
-5.77969
-5.77904
-5.77581
-5.77581
-5.77808
-5.77775
-5.77581
-5.77549
-5.77419
-5.77451
-5.77354
-5.77321
-5.77419
-5.77225
-5.77289
-5.77128
-5.77192
-5.77128
-5.77095
-5.77127
-5.77224
-5.77322
-5.77451
-5.77322
-5.77517
-5.77452
-5.77419
-5.7729
-5.7729
-5.77225
-5.77225
-5.77095
-5.77289
-5.77257
-5.77354
-5.77419
-5.77257
-5.77193
-5.77193
-5.7729
-5.77322
-5.7716
-5.77257
-5.77484
-5.77484
-5.77646
-5.77613
-5.77872
-5.77872
-5.77581
-5.77614
-5.77549
-5.7771
-5.77807
-5.77646
-5.77808
-5.77775
-5.77905
-5.78035
-5.77905
-5.7797
-5.77775
-5.77646
-5.77549
-5.77419
-5.77322
-5.77031
-5.77193
-5.77096
-5.77225
-5.77516
-5.77549
-5.77613
-5.77646
-5.77614
-5.77775
-5.77581
-5.7742
-5.7742
-5.77549
-5.77225
-5.77355
-5.7742
-5.77517
-5.77356
-5.77518
-5.77615
-5.77712
-5.77841
-5.77906
-5.77744
-5.77679
-5.77647
-5.77744
-5.77614
-5.7755
-5.77291
-5.7742
-5.77614
-5.7755
-5.77647
-5.77776
-5.77615
-5.77485
-5.77615
-5.77615
-5.7768
-5.7755
-5.77453
-5.77712
-5.77777
-5.77744
-5.77938
-5.78068
-5.78003
-5.78003
-5.78198
-5.781
-5.781
-5.78133
-5.77842
-5.78004
-5.77647
-5.77744
-5.77744
-5.77712
-5.77615
-5.77582
-5.7755
-5.77582
-5.77453
-5.77161
-5.76902
-5.77032
-5.77032
-5.77259
-5.77291
-5.77259
-5.77323
-5.77226
-5.76967
-5.76967
-5.77161
-5.77323
-5.77323
-5.77388
-5.77259
-5.77421
-5.77323
-5.77226
-5.77453
-5.7755
-5.77453
-5.77388
-5.77226
-5.77162
-5.77162
-5.77194
-5.77324
-5.77453
-5.77583
-5.77615
-5.77615
-5.77583
-5.77712
-5.7768
-5.77583
-5.7755
-5.7768
-5.77744
-5.77809
-5.77842
-5.77777
-5.77777
-5.77615
-5.77582
-5.77776
-5.77744
-5.77841
-5.77809
-5.78003
-5.77906
-5.77939
-5.78068
-5.78036
-5.77971
-5.77712
-5.7797
-5.77873
-5.77614
-5.77484
-5.77581
-5.77743
-5.77841
-5.77841
-5.78035
-5.77971
-5.77906
-5.78003
-5.77809
-5.77744
-5.77809
-5.78035
-5.77938
-5.78229
-5.77937
-5.77776
-5.77582
-5.77711
-5.77647
-5.77518
-5.7755
-5.77453
-5.77453
-5.77582
-5.77549
-5.77582
-5.77711
-5.77679
-5.77971
-5.78036
-5.77874
-5.77842
-5.78036
-5.78004
-5.77939
-5.78101
-5.77939
-5.77777
-5.77809
-5.77744
-5.77647
-5.77679
-5.77582
-5.7755
-5.77452
-5.77517
-5.77388
-5.77291
-5.77226
-5.77162
-5.77129
-5.77259
-5.77518
-5.77518
-5.77647
-5.77647
-5.77549
-5.77744
-5.77906
-5.77906
-5.77712
-5.77615
-5.77874
-5.77809
-5.77874
-5.77938
-5.77744
-5.77809
-5.77614
-5.77711
-5.77646
-5.77549
-5.77743
-5.77841
-5.77808
-5.77679
-5.77776
-5.77776
-5.77712
-5.77614
-5.7742
-5.7742
-5.77388
-5.7742
-5.77355
-5.77679
-5.77517
-5.7755
-5.77647
-5.77582
-5.7755
-5.77389
-5.77356
-5.77291
-5.77388
-5.77291
-5.7755
-5.77777
-5.77744
-5.77518
-5.77744
-5.77874
-5.77971
-5.77777
-5.77551
-5.77356
-5.77518
-5.77389
-5.77518
-5.77648
-5.77648
-5.7768
-5.77713
-5.77939
-5.77972
-5.77843
-5.77972
-5.77972
-5.77972
-5.78134
-5.78004
-5.78134
-5.77939
-5.77648
-5.77712
-5.77647
-5.77777
-5.77809
-5.77907
-5.77939
-5.78069
-5.77745
-5.77874
-5.78004
-5.77939
-5.78036
-5.78004
-5.78004
-5.77939
-5.77875
-5.78004
-5.77648
-5.77486
-5.77323
-5.77096
-5.77129
-5.77258
-5.77452
-5.77258
-5.77323
-5.77485
-5.77388
-5.77356
-5.77194
-5.77226
-5.77226
-5.77226
-5.77194
-5.77161
-5.7742
-5.7742
-5.7742
-5.77226
-5.77096
-5.76967
-5.77258
-5.77323
-5.77194
-5.77226
-5.77291
-5.77291
-5.77388
-5.77517
-5.7755
-5.77582
-5.77841
-5.78036
-5.77971
-5.78101
-5.78198
-5.78069
-5.77939
-5.78004
-5.78036
-5.78133
-5.77939
-5.7823
-5.78165
-5.78003
-5.77873
-5.77809
-5.77777
-5.77777
-5.77745
-5.77485
-5.77388
-5.77259
-5.77356
-5.77291
-5.77356
-5.77582
-5.77777
-5.7755
-5.7755
-5.77745
-5.77744
-5.7768
-5.7768
-5.77744
-5.77809
-5.77841
-5.78003
-5.78198
-5.7823
-5.7823
-5.78198
-5.78166
-5.78133
-5.78101
-5.78004
-5.77842
-5.77777
-5.77874
-5.77842
-5.78003
-5.7823
-5.78359
-5.78262
-5.7823
-5.78133
-5.77874
-5.78004
-5.78069
-5.78004
-5.77971
-5.77906
-5.77777
-5.77647
-5.77809
-5.77712
-5.77777
-5.77712
-5.7755
-5.77615
-5.77842
-5.77906
-5.77842
-5.77906
-5.78036
-5.7823
-5.7823
-5.78263
-5.78133
-5.78231
-5.78231
-5.78263
-5.78133
-5.77906
-5.7755
-5.77518
-5.77647
-5.77615
-5.77615
-5.77291
-5.77258
-5.77291
-5.77291
-5.77194
-5.77064
-5.76934
-5.76935
-5.77032
-5.76935
-5.77097
-5.77323
-5.77323
-5.7742
-5.77485
-5.77679
-5.7755
-5.77809
-5.77906
-5.77809
-5.77712
-5.77809
-5.78036
-5.78198
-5.78262
-5.78133
-5.77939
-5.78003
-5.78165
-5.77939
-5.77971
-5.77679
-5.77874
-5.77874
-5.77874
-5.77971
-5.77874
-5.77647
-5.77388
-5.77647
-5.77647
-5.77582
-5.77776
-5.77809
-5.77712
-5.77874
-5.77874
-5.77712
-5.77906
-5.77777
-5.77906
-5.77939
-5.7768
-5.7768
-5.77356
-5.77485
-5.77453
-5.77388
-5.77485
-5.7755
-5.77485
-5.77453
-5.77388
-5.77356
-5.77485
-5.77647
-5.77582
-5.77841
-5.77874
-5.77874
-5.77906
-5.77842
-5.77939
-5.77971
-5.77842
-5.7768
-5.77906
-5.77518
-5.7755
-5.77549
-5.77679
-5.77646
-5.77549
-5.77549
-5.77355
-5.77161
-5.76999
-5.77064
-5.77161
-5.77129
-5.77323
-5.77388
-5.7742
-5.77518
-5.7768
-5.7768
-5.77809
-5.77939
-5.77906
-5.77809
-5.77841
-5.77679
-5.77809
-5.77744
-5.77745
-5.77842
-5.77971
-5.78069
-5.77842
-5.77907
-5.78069
-5.78295
-5.78263
-5.78133
-5.78003
-5.7823
-5.77906
-5.77873
-5.77906
-5.77938
-5.77841
-5.77842
-5.77712
-5.77615
-5.7768
-5.77744
-5.77615
-5.77614
-5.77776
-5.77646
-5.77647
-5.77614
-5.77841
-5.77809
-5.77906
-5.77938
-5.77906
-5.77744
-5.77809
-5.77971
-5.78101
-5.77809
-5.781
-5.781
-5.78197
-5.78003
-5.7797
-5.78002
-5.7784
-5.77743
-5.77775
-5.77613
-5.77451
-5.77484
-5.77613
-5.77516
-5.77355
-5.7729
-5.77161
-5.77129
-5.77259
-5.77161
-5.7742
-5.7742
-5.77323
-5.7742
-5.77258
-5.77161
-5.77225
-5.7729
-5.77355
-5.77322
-5.77549
-5.77419
-5.77581
-5.77484
-5.77225
-5.77128
-5.76999
-5.77258
-5.77387
-5.77582
-5.77711
-5.77582
-5.77581
-5.77711
-5.77808
-5.77841
-5.77905
-5.77808
-5.77776
-5.77614
-5.77808
-5.77905
-5.78002
-5.77743
-5.77516
-5.77678
-5.77646
-5.77614
-5.77581
-5.77711
-5.77905
-5.77711
-5.77776
-5.77776
-5.77614
-5.77646
-5.77808
-5.77807
-5.77969
-5.77839
-5.77742
-5.77839
-5.77807
-5.77807
-5.77581
-5.77581
-5.77581
-5.77711
-5.77711
-5.77776
-5.77743
-5.77807
-5.77904
-5.7784
-5.77872
-5.77872
-5.7771
-5.77904
-5.77937
-5.77905
-5.77807
-5.7771
-5.77354
-5.77225
-5.77516
-5.77678
-5.7784
-5.77646
-5.77419
-5.77289
-5.77419
-5.77224
-5.77225
-5.77289
-5.7729
-5.77419
-5.77387
-5.77581
-5.78002
-5.78131
-5.78067
-5.78164
-5.78164
-5.78229
-5.78293
-5.78034
-5.77905
-5.77678
-5.7771
-5.77775
-5.7784
-5.7771
-5.77613
-5.77613
-5.77387
-5.77549
-5.77581
-5.77937
-5.78228
-5.78196
-5.78131
-5.77872
-5.77742
-5.77872
-5.77936
-5.77807
-5.77839
-5.77839
-5.77839
-5.77743
-5.7784
-5.77743
-5.77808
-5.77808
-5.77873
-5.77872
-5.77678
-5.77645
-5.77548
-5.77451
-5.7729
-5.77354
-5.77354
-5.77354
-5.77354
-5.77224
-5.77321
-5.77515
-5.77192
-5.77224
-5.77224
-5.77354
-5.77419
-5.77484
-5.77387
-5.77484
-5.77646
-5.77354
-5.77322
-5.77354
-5.77516
-5.77581
-5.77451
-5.77418
-5.77645
-5.77613
-5.77516
-5.77192
-5.77257
-5.77451
-5.77484
-5.7771
-5.77742
-5.77678
-5.77904
-5.78034
-5.78034
-5.78196
-5.77969
-5.77904
-5.78034
-5.77904
-5.78001
-5.77807
-5.77743
-5.77678
-5.77646
-5.77711
-5.77678
-5.77484
-5.77548
-5.77581
-5.77516
-5.77646
-5.77905
-5.78002
-5.77938
-5.77938
-5.77743
-5.77776
-5.77873
-5.77646
-5.77808
-5.77581
-5.77646
-5.77711
-5.77484
-5.77581
-5.77549
-5.77484
-5.77581
-5.7742
-5.77678
-5.77679
-5.77776
-5.77743
-5.77646
-5.77614
-5.77517
-5.77355
-5.7729
-5.7742
-5.77549
-5.77711
-5.77614
-5.77905
-5.78002
-5.77938
-5.77841
-5.77614
-5.77743
-5.77743
-5.77614
-5.77614
-5.77258
-5.77549
-5.77646
-5.77614
-5.77582
-5.77679
-5.77711
-5.77646
-5.77711
-5.77679
-5.77744
-5.77776
-5.77776
-5.77614
-5.77647
-5.77679
-5.77679
-5.77809
-5.77841
-5.77873
-5.77712
-5.77647
-5.77679
-5.77582
-5.77906
-5.77808
-5.77841
-5.77646
-5.77938
-5.7797
-5.77776
-5.77938
-5.78003
-5.78003
-5.77873
-5.77841
-5.77905
-5.77711
-5.77614
-5.77452
-5.77484
-5.77355
-5.7729
-5.77355
-5.77387
-5.77549
-5.77582
-5.77485
-5.7742
-5.77485
-5.77582
-5.77517
-5.77549
-5.77484
-5.77614
-5.77678
-5.77711
-5.77678
-5.7797
-5.77841
-5.77646
-5.77517
-5.77646
-5.77938
-5.77873
-5.77647
-5.77809
-5.77679
-5.77647
-5.77906
-5.77873
-5.77744
-5.77582
-5.77744
-5.77808
-5.77743
-5.77744
-5.77873
-5.77906
-5.77841
-5.77809
-5.77971
-5.77744
-5.77518
-5.77615
-5.77679
-5.77647
-5.77647
-5.77614
-5.77776
-5.77809
-5.7797
-5.78035
-5.77808
-5.77614
-5.77646
-5.77744
-5.77711
-5.77874
-5.77906
-5.77679
-5.77679
-5.77873
-5.77873
-5.77744
-5.77679
-5.77809
-5.77615
-5.77777
-5.77809
-5.77874
-5.77841
-5.77744
-5.7797
-5.77873
-5.77938
-5.77776
-5.77743
-5.77711
-5.77937
-5.77873
-5.77581
-5.77549
-5.77711
-5.77582
-5.77452
-5.77452
-5.77355
-5.77387
-5.7729
-5.77323
-5.77193
-5.77193
-5.77419
-5.77419
-5.77225
-5.77419
-5.77452
-5.77322
-5.77355
-5.77323
-5.77517
-5.77582
-5.77453
-5.7742
-5.77485
-5.77485
-5.77388
-5.77355
-5.77582
-5.7797
-5.77905
-5.77873
-5.77808
-5.77711
-5.77711
-5.77744
-5.7742
-5.77679
-5.77517
-5.7742
-5.77517
-5.77614
-5.77614
-5.77582
-5.77679
-5.77679
-5.77743
-5.77776
-5.77873
-5.77841
-5.77906
-5.77712
-5.77809
-5.77809
-5.77744
-5.77646
-5.77711
-5.77776
-5.77808
-5.77614
-5.77582
-5.77841
-5.77808
-5.78002
-5.78067
-5.78035
-5.7797
-5.7797
-5.77873
-5.77776
-5.77808
-5.77906
-5.77841
-5.77808
-5.77808
-5.77841
-5.77873
-5.7797
-5.77938
-5.77906
-5.77776
-5.77776
-5.77841
-5.77744
-5.77712
-5.77777
-5.77906
-5.77938
-5.77776
-5.77582
-5.77549
-5.77485
-5.77517
-5.77679
-5.77712
-5.78068
-5.78036
-5.77971
-5.77777
-5.77744
-5.77679
-5.77776
-5.77776
-5.77808
-5.77679
-5.77743
-5.77582
-5.77485
-5.77258
-5.77355
-5.77388
-5.77291
-5.77485
-5.77549
-5.77517
-5.77517
-5.77452
-5.77355
-5.77614
-5.77387
-5.77646
-5.77646
-5.77743
-5.77776
-5.77646
-5.77646
-5.77582
-5.77549
-5.77582
-5.77485
-5.77615
-5.77874
-5.77874
-5.77809
-5.77776
-5.77678
-5.77808
-5.7797
-5.78164
-5.78164
-5.77938
-5.77938
-5.7797
-5.77938
-5.77809
-5.77744
-5.77646
-5.77776
-5.77873
-5.77776
-5.77776
-5.77549
-5.77614
-5.77549
-5.77517
-5.77646
-5.77776
-5.77906
-5.77906
-5.77906
-5.77647
-5.77744
-5.77712
-5.77776
-5.77711
-5.77743
-5.77743
-5.77743
-5.77743
-5.77711
-5.77841
-5.77615
-5.77485
-5.77259
-5.77226
-5.77194
-5.77388
-5.7755
-5.77388
-5.7755
-5.77583
-5.77485
-5.77323
-5.77258
-5.77388
-5.77452
-5.77453
-5.77615
-5.77777
-5.77875
-5.78101
-5.78069
-5.78037
-5.78166
-5.78199
-5.78037
-5.77939
-5.77971
-5.77874
-5.77777
-5.7768
-5.77615
-5.77583
-5.77615
-5.77291
-5.77356
-5.77421
-5.77453
-5.77356
-5.77615
-5.77421
-5.77453
-5.77453
-5.77583
-5.77486
-5.77809
-5.78036
-5.78068
-5.77809
-5.77647
-5.77842
-5.77971
-5.77842
-5.7768
-5.77648
-5.77551
-5.77486
-5.77194
-5.77161
-5.77096
-5.77096
-5.77064
-5.77096
-5.77291
-5.7742
-5.77485
-5.7768
-5.77388
-5.77486
-5.77421
-5.7768
-5.7755
-5.77809
-5.77874
-5.77906
-5.77939
-5.77809
-5.77777
-5.77809
-5.77712
-5.77648
-5.77842
-5.7768
-5.7768
-5.77809
-5.77777
-5.77712
-5.77712
-5.77841
-5.77874
-5.77777
-5.77777
-5.77745
-5.77583
-5.77745
-5.7781
-5.77939
-5.77745
-5.77777
-5.77712
-5.77809
-5.77842
-5.77841
-5.77712
-5.77582
-5.77712
-5.77712
-5.77809
-5.77939
-5.77777
-5.77583
-5.77745
-5.7768
-5.77518
-5.77453
-5.77583
-5.77648
-5.77777
-5.77907
-5.77842
-5.77842
-5.77777
-5.77713
-5.77551
-5.77648
-5.77712
-5.77809
-5.77518
-5.77453
-5.77486
-5.77583
-5.77551
-5.77583
-5.77842
-5.77809
-5.77939
-5.78101
-5.78004
-5.78295
-5.78198
-5.78069
-5.78101
-5.77842
-5.77972
-5.77713
-5.77648
-5.77519
-5.77616
-5.7781
-5.77777
-5.7781
-5.7781
-5.77648
-5.77615
-5.77583
-5.77615
-5.77421
-5.77356
-5.77291
-5.77486
-5.77356
-5.77453
-5.77712
-5.77842
-5.78004
-5.78004
-5.77842
-5.78003
-5.77874
-5.77744
-5.77744
-5.77744
-5.77971
-5.77939
-5.77842
-5.77712
-5.77971
-5.78068
-5.77906
-5.77971
-5.78004
-5.78133
-5.78263
-5.78166
-5.78166
-5.78263
-5.78166
-5.77874
-5.77842
-5.77842
-5.78003
-5.78036
-5.77906
-5.78068
-5.7823
-5.78003
-5.78133
-5.78035
-5.77874
-5.77874
-5.77906
-5.77874
-5.77906
-5.77809
-5.77841
-5.77777
-5.77842
-5.78004
-5.78101
-5.78198
-5.78425
-5.78102
-5.78004
-5.77907
-5.77972
-5.77939
-5.77518
-5.7755
-5.77421
-5.77453
-5.77486
-5.77486
-5.77615
-5.77583
-5.77518
-5.7755
-5.77454
-5.77519
-5.77454
-5.77486
-5.77487
-5.77616
-5.77487
-5.77519
-5.77519
-5.77616
-5.77648
-5.77874
-5.77971
-5.78101
-5.78166
-5.78166
-5.77907
-5.78005
-5.78102
-5.78167
-5.78102
-5.77843
-5.77973
-5.77843
-5.77907
-5.77745
-5.77745
-5.77713
-5.77713
-5.77583
-5.77551
-5.77357
-5.77519
-5.77357
-5.77357
-5.77455
-5.77616
-5.77681
-5.77649
-5.77584
-5.77584
-5.77616
-5.77649
-5.77713
-5.77649
-5.77648
-5.77745
-5.77486
-5.77713
-5.77551
-5.77811
-5.77876
-5.77941
-5.78038
-5.782
-5.7833
-5.78395
-5.78233
-5.78233
-5.78135
-5.782
-5.78135
-5.78167
-5.78102
-5.7794
-5.77843
-5.77681
-5.77616
-5.77552
-5.77681
-5.77681
-5.77681
-5.78103
-5.7807
-5.78038
-5.77812
-5.77844
-5.77941
-5.77908
-5.77973
-5.77714
-5.77649
-5.77649
-5.77617
-5.77682
-5.77746
-5.77682
-5.77455
-5.77455
-5.7752
-5.77617
-5.77779
-5.77714
-5.77649
-5.77714
-5.77811
-5.77779
-5.77843
-5.77779
-5.77746
-5.77844
-5.77844
-5.78006
-5.77844
-5.77585
-5.7765
-5.7765
-5.77585
-5.77553
-5.7752
-5.77423
-5.77261
-5.77164
-5.77196
-5.77423
-5.77423
-5.77423
-5.7752
-5.77584
-5.77714
-5.77682
-5.77585
-5.77617
-5.77649
-5.77779
-5.77908
-5.77649
-5.77908
-5.78135
-5.78038
-5.77973
-5.77908
-5.77843
-5.77811
-5.77616
-5.77681
-5.77616
-5.77681
-5.77779
-5.77843
-5.77649
-5.77649
-5.77552
-5.77552
-5.77778
-5.7781
-5.77778
-5.77843
-5.77875
-5.77972
-5.77908
-5.77811
-5.77617
-5.77584
-5.77455
-5.77326
-5.77423
-5.77358
-5.7752
-5.77423
-5.77422
-5.77746
-5.77843
-5.77875
-5.7794
-5.77908
-5.77778
-5.77746
-5.77714
-5.77455
-5.77649
-5.77649
-5.77876
-5.78102
-5.78167
-5.78102
-5.78102
-5.78038
-5.77941
-5.77746
-5.77779
-5.78006
-5.77973
-5.77941
-5.77876
-5.77941
-5.78168
-5.78103
-5.78135
-5.7807
-5.77844
-5.77682
-5.77617
-5.77423
-5.7752
-5.77423
-5.77164
-5.77131
-5.77229
-5.77164
-5.77261
-5.77293
-5.77164
-5.77423
-5.7739
-5.77455
-5.7739
-5.77358
-5.7739
-5.77325
-5.77357
-5.77098
-5.77325
-5.77487
-5.77649
-5.77649
-5.77714
-5.77811
-5.77747
-5.77747
-5.77682
-5.77261
-5.77455
-5.77714
-5.77779
-5.77844
-5.77908
-5.77811
-5.77649
-5.77649
-5.77908
-5.77908
-5.77876
-5.77714
-5.77714
-5.77779
-5.77617
-5.77682
-5.77552
-5.77422
-5.77325
-5.77293
-5.7739
-5.7739
-5.7739
-5.7739
-5.7739
-5.77422
-5.77487
-5.77487
-5.77357
-5.77552
-5.77617
-5.77746
-5.77649
-5.77746
-5.77552
-5.7739
-5.77584
-5.77519
-5.77584
-5.77648
-5.77389
-5.77454
-5.77552
-5.77616
-5.77681
-5.77681
-5.77681
-5.77552
-5.77908
-5.77876
-5.77746
-5.77585
-5.77552
-5.77649
-5.77811
-5.77811
-5.77843
-5.77779
-5.77714
-5.77747
-5.77682
-5.77812
-5.77779
-5.77779
-5.77812
-5.77876
-5.77876
-5.77973
-5.7807
-5.7807
-5.7807
-5.7807
-5.78038
-5.78038
-5.7807
-5.77941
-5.77811
-5.77747
-5.77941
-5.77844
-5.77779
-5.77682
-5.77714
-5.77714
-5.77649
-5.77552
-5.77487
-5.7739
-5.77163
-5.77066
-5.77164
-5.77358
-5.77487
-5.77293
-5.77228
-5.77164
-5.77164
-5.77325
-5.77487
-5.7752
-5.77423
-5.77617
-5.77617
-5.77714
-5.77682
-5.77747
-5.77941
-5.77908
-5.78232
-5.78103
-5.77973
-5.77714
-5.77747
-5.7765
-5.77552
-5.77455
-5.77423
-5.77584
-5.77584
-5.77617
-5.77455
-5.77584
-5.77714
-5.77714
-5.77617
-5.77487
-5.77617
-5.77552
-5.77682
-5.77746
-5.77843
-5.78005
-5.78069
-5.77908
-5.77876
-5.7794
-5.78005
-5.78135
-5.78102
-5.77973
-5.77908
-5.7794
-5.77875
-5.78102
-5.77972
-5.77778
-5.77778
-5.77972
-5.77972
-5.77843
-5.77519
-5.77487
-5.77454
-5.77389
-5.7739
-5.77195
-5.77163
-5.77195
-5.77227
-5.77357
-5.77195
-5.7739
-5.77325
-5.7726
-5.77358
-5.7752
-5.7739
-5.77293
-5.7752
-5.77681
-5.77746
-5.77713
-5.77875
-5.78005
-5.77681
-5.77843
-5.77907
-5.77843
-5.77973
-5.78038
-5.77876
-5.77714
-5.77649
-5.77552
-5.77747
-5.77811
-5.77876
-5.77973
-5.77972
-5.78037
-5.78004
-5.78036
-5.78069
-5.78036
-5.7794
-5.77972
-5.77908
-5.77908
-5.77682
-5.77617
-5.77487
-5.77487
-5.77358
-5.77422
-5.7739
-5.7726
-5.77163
-5.77098
-5.77066
-5.77001
-5.77131
-5.7726
-5.77422
-5.77358
-5.77422
-5.77519
-5.77584
-5.77422
-5.77261
-5.77196
-5.77391
-5.77553
-5.77326
-5.77358
-5.77293
-5.77325
-5.77293
-5.7726
-5.77487
-5.77422
-5.77357
-5.77519
-5.77422
-5.7739
-5.7739
-5.77228
-5.77261
-5.77228
-5.77196
-5.77196
-5.77293
-5.7739
-5.77358
-5.77455
-5.77391
-5.77326
-5.77455
-5.77423
-5.77488
-5.7765
-5.77779
-5.77811
-5.77747
-5.77876
-5.77909
-5.77844
-5.78071
-5.78006
-5.77942
-5.78039
-5.78039
-5.78136
-5.7833
-5.78363
-5.78298
-5.782
-5.782
-5.78071
-5.77941
-5.77941
-5.77779
-5.77779
-5.77844
-5.77877
-5.77909
-5.78103
-5.78038
-5.77941
-5.77909
-5.7778
-5.77877
-5.77812
-5.7778
-5.77715
-5.77844
-5.78006
-5.77908
-5.77811
-5.77747
-5.77552
-5.77488
-5.77391
-5.77359
-5.77585
-5.77456
-5.77391
-5.77261
-5.77131
-5.77164
-5.77164
-5.77487
-5.77455
-5.77487
-5.7739
-5.77422
-5.77455
-5.77617
-5.77617
-5.77585
-5.77585
-5.77553
-5.7765
-5.77812
-5.77585
-5.77585
-5.77423
-5.77228
-5.77228
-5.77196
-5.77228
-5.77325
-5.77358
-5.77358
-5.77488
-5.77488
-5.7752
-5.7752
-5.77423
-5.77455
-5.77553
-5.77682
-5.77682
-5.77811
-5.78006
-5.78006
-5.782
-5.7807
-5.77941
-5.78038
-5.78232
-5.78362
-5.78362
-5.78265
-5.78265
-5.78297
-5.78297
-5.78233
-5.78232
-5.78006
-5.78006
-5.77811
-5.77682
-5.77682
-5.77553
-5.77683
-5.77618
-5.77521
-5.77553
-5.77456
-5.7752
-5.77585
-5.77746
-5.77779
-5.77876
-5.78005
-5.77876
-5.78006
-5.77811
-5.77682
-5.77617
-5.77552
-5.7739
-5.7739
-5.77261
-5.77455
-5.77326
-5.77326
-5.77391
-5.77455
-5.7765
-5.77617
-5.77649
-5.77811
-5.77908
-5.78102
-5.78167
-5.78232
-5.78232
-5.78297
-5.78168
-5.77909
-5.78006
-5.77908
-5.77746
-5.77681
-5.77714
-5.77617
-5.7752
-5.77552
-5.77585
-5.77714
-5.77876
-5.77779
-5.77715
-5.77909
-5.77877
-5.77942
-5.77974
-5.77941
-5.77779
-5.77585
-5.77908
-5.78038
-5.7807
-5.78005
-5.77973
-5.77747
-5.77617
-5.77714
-5.77682
-5.77746
-5.77876
-5.77714
-5.77455
-5.77487
-5.77293
-5.77229
-5.77391
-5.77294
-5.77455
-5.77649
-5.77585
-5.77617
-5.77746
-5.77811
-5.77811
-5.77909
-5.77844
-5.7765
-5.7752
-5.7739
-5.77196
-5.7739
-5.77487
-5.77422
-5.77487
-5.77454
-5.77454
-5.77551
-5.77584
-5.77584
-5.77455
-5.77422
-5.77649
-5.77876
-5.77876
-5.77811
-5.77811
-5.77843
-5.77713
-5.77551
-5.77487
-5.77519
-5.77422
-5.77454
-5.77583
-5.77583
-5.77454
-5.77551
-5.77551
-5.77777
-5.7781
-5.77778
-5.77616
-5.77518
-5.77421
-5.77518
-5.77583
-5.77551
-5.7768
-5.7781
-5.77875
-5.77746
-5.77616
-5.77681
-5.77713
-5.77551
-5.77713
-5.77681
-5.77648
-5.77745
-5.77583
-5.77615
-5.7755
-5.77486
-5.77356
-5.77291
-5.77486
-5.77486
-5.77745
-5.77777
-5.77551
-5.77551
-5.77519
-5.77519
-5.77583
-5.77745
-5.7768
-5.77583
-5.77648
-5.7768
-5.77778
-5.7781
-5.77939
-5.77939
-5.77778
-5.77583
-5.7768
-5.77454
-5.77486
-5.77422
-5.77519
-5.77649
-5.77487
-5.77325
-5.7726
-5.7726
-5.77065
-5.77097
-5.77033
-5.77065
-5.7713
-5.7713
-5.77422
-5.77389
-5.77584
-5.77422
-5.77422
-5.77778
-5.77649
-5.77616
-5.77681
-5.77907
-5.7794
-5.77875
-5.77972
-5.78133
-5.78069
-5.78134
-5.77972
-5.77972
-5.78037
-5.7794
-5.77908
-5.78005
-5.78038
-5.77778
-5.77713
-5.77778
-5.77843
-5.78005
-5.77746
-5.77519
-5.77325
-5.7726
-5.77293
-5.7739
-5.77487
-5.77713
-5.77778
-5.77552
-5.7726
-5.77163
-5.7739
-5.77455
-5.7739
-5.77423
-5.77487
-5.77617
-5.77649
-5.77454
-5.77454
-5.77455
-5.7739
-5.77325
-5.7739
-5.77455
-5.77552
-5.77746
-5.77681
-5.77714
-5.77519
-5.77552
-5.77681
-5.77843
-5.77876
-5.77973
-5.77972
-5.78005
-5.77972
-5.77875
-5.7781
-5.77875
-5.77939
-5.77713
-5.77454
-5.77357
-5.77325
-5.77325
-5.77357
-5.7739
-5.77422
-5.77292
-5.7739
-5.77551
-5.77551
-5.77552
-5.77454
-5.77519
-5.77584
-5.77616
-5.77616
-5.77519
-5.77552
-5.77616
-5.77584
-5.77713
-5.7781
-5.77907
-5.77972
-5.77907
-5.7781
-5.77648
-5.77648
-5.77777
-5.77778
-5.77842
-5.77551
-5.77583
-5.77745
-5.77777
-5.7781
-5.7768
-5.77551
-5.77551
-5.77421
-5.77486
-5.77357
-5.77259
-5.77259
-5.77227
-5.77389
-5.77292
-5.77292
-5.77227
-5.77098
-5.77228
-5.7713
-5.77227
-5.77227
-5.77195
-5.7713
-5.77356
-5.77583
-5.77745
-5.7781
-5.77907
-5.7781
-5.77778
-5.77875
-5.77811
-5.77811
-5.77778
-5.77778
-5.77972
-5.77907
-5.77972
-5.78004
-5.77712
-5.77615
-5.77648
-5.77292
-5.77421
-5.77357
-5.77616
-5.77551
-5.77551
-5.7713
-5.77324
-5.77713
-5.77713
-5.77551
-5.77842
-5.77939
-5.77874
-5.77971
-5.77971
-5.78134
-5.78134
-5.78134
-5.78102
-5.78393
-5.78426
-5.78231
-5.78198
-5.78166
-5.78133
-5.78101
-5.77939
-5.77971
-5.77841
-5.77712
-5.77874
-5.77842
-5.78166
-5.78328
-5.78295
-5.78101
-5.78424
-5.78327
-5.78294
-5.78068
-5.78003
-5.77809
-5.77809
-5.77712
-5.77712
-5.77647
-5.77712
-5.77582
-5.7768
-5.77712
-5.77485
-5.77388
-5.77421
-5.77485
-5.77582
-5.77582
-5.77615
-5.77841
-5.77809
-5.77809
-5.77745
-5.77745
-5.77778
-5.7781
-5.77907
-5.78037
-5.77972
-5.7768
-5.77744
-5.77874
-5.77777
-5.77906
-5.77647
-5.77745
-5.77745
-5.7768
-5.77616
-5.77551
-5.77648
-5.77745
-5.77777
-5.77648
-5.77648
-5.77551
-5.77583
-5.77745
-5.77745
-5.7768
-5.77583
-5.7755
-5.77486
-5.77453
-5.77842
-5.77745
-5.77842
-5.77713
-5.77616
-5.77616
-5.77583
-5.77648
-5.7768
-5.77486
-5.77615
-5.77745
-5.77842
-5.77777
-5.78036
-5.77939
-5.77907
-5.78036
-5.77777
-5.77745
-5.77713
-5.77648
-5.77745
-5.77615
-5.77227
-5.7713
-5.77227
-5.77259
-5.77065
-5.77097
-5.77227
-5.77324
-5.77453
-5.77421
-5.77453
-5.77356
-5.7755
-5.77518
-5.77518
-5.77486
-5.7755
-5.77453
-5.77324
-5.77324
-5.77551
-5.77713
-5.77519
-5.77454
-5.77518
-5.77486
-5.77421
-5.77421
-5.77388
-5.77615
-5.77647
-5.77614
-5.77582
-5.77518
-5.77615
-5.77486
-5.77583
-5.77648
-5.77875
-5.77875
-5.78101
-5.78037
-5.78069
-5.78069
-5.78133
-5.77809
-5.77647
-5.77842
-5.77777
-5.77421
-5.77486
-5.77485
-5.77421
-5.77485
-5.7755
-5.7768
-5.7768
-5.77485
-5.77518
-5.7755
-5.7755
-5.77453
-5.77453
-5.7755
-5.7755
-5.77647
-5.77583
-5.77615
-5.7755
-5.77453
-5.7755
-5.77615
-5.77518
-5.77615
-5.7755
-5.77485
-5.77517
-5.77582
-5.77549
-5.77355
-5.77419
-5.7742
-5.77387
-5.77452
-5.77452
-5.77744
-5.7755
-5.77582
-5.7768
-5.77615
-5.77679
-5.77679
-5.77776
-5.77582
-5.77808
-5.77744
-5.77809
-5.77873
-5.77776
-5.77938
-5.77873
-5.77808
-5.77776
-5.7784
-5.77614
-5.77678
-5.77679
-5.77808
-5.77679
-5.77744
-5.77906
-5.7823
-5.7823
-5.78327
-5.78424
-5.7836
-5.77971
-5.77938
-5.77711
-5.77711
-5.77646
-5.77711
-5.77679
-5.77743
-5.7784
-5.77743
-5.77743
-5.77808
-5.77776
-5.77873
-5.77711
-5.77808
-5.77582
-5.77452
-5.77614
-5.77711
-5.77679
-5.77549
-5.77549
-5.77354
-5.77516
-5.77322
-5.77354
-5.77451
-5.77387
-5.77516
-5.77678
-5.77646
-5.77484
-5.77581
-5.77646
-5.77516
-5.77646
-5.77581
-5.77743
-5.7758
-5.77645
-5.77548
-5.7771
-5.77839
-5.77807
-5.77904
-5.77775
-5.77743
-5.77937
-5.77775
-5.7784
-5.7784
-5.77873
-5.77549
-5.77419
-5.77516
-5.77419
-5.77645
-5.77386
-5.77289
-5.77419
-5.7729
-5.77516
-5.77678
-5.77452
-5.77549
-5.77614
-5.77517
-5.77582
-5.77517
-5.77582
-5.77355
-5.7729
-5.77225
-5.77128
-5.77095
-5.77095
-5.77224
-5.77257
-5.77322
-5.77354
-5.77387
-5.77646
-5.77419
-5.77613
-5.77581
-5.77516
-5.77581
-5.7771
-5.77808
-5.77775
-5.78034
-5.77873
-5.77872
-5.77937
-5.7797
-5.78196
-5.78099
-5.77969
-5.78034
-5.77937
-5.77937
-5.77937
-5.77743
-5.77775
-5.77872
-5.78002
-5.78164
-5.7797
-5.77808
-5.7771
-5.7784
-5.7784
-5.77743
-5.77743
-5.77581
-5.77614
-5.77516
-5.77549
-5.77614
-5.77516
-5.77613
-5.7771
-5.77516
-5.77386
-5.77613
-5.77645
-5.7784
-5.77645
-5.77743
-5.77743
-5.77872
-5.78001
-5.78001
-5.78001
-5.77839
-5.77678
-5.7784
-5.77711
-5.77549
-5.77355
-5.7742
-5.77387
-5.77419
-5.77289
-5.77289
-5.77483
-5.77613
-5.77484
-5.77355
-5.77549
-5.77711
-5.77679
-5.77614
-5.77516
-5.77549
-5.77678
-5.77743
-5.77872
-5.77905
-5.77678
-5.77581
-5.78034
-5.78034
-5.78066
-5.78099
-5.78034
-5.77937
-5.77905
-5.77873
-5.77937
-5.77937
-5.77938
-5.77873
-5.77743
-5.7784
-5.77776
-5.77711
-5.77614
-5.77613
-5.77549
-5.77646
-5.77614
-5.77516
-5.77484
-5.77549
-5.77419
-5.77516
-5.77614
-5.77776
-5.77614
-5.77678
-5.77452
-5.77419
-5.77192
-5.7729
-5.77354
-5.77516
-5.77743
-5.77808
-5.77808
-5.77678
-5.77775
-5.78002
-5.78067
-5.77938
-5.77906
-5.77711
-5.77679
-5.77646
-5.77937
-5.78196
-5.78196
-5.77905
-5.78067
-5.78132
-5.78132
-5.77938
-5.78002
-5.77743
-5.77808
-5.77808
-5.77322
-5.7729
-5.77322
-5.77484
-5.77355
-5.77419
-5.77484
-5.77516
-5.77613
-5.77484
-5.77516
-5.77484
-5.77549
-5.77387
-5.77322
-5.7729
-5.7716
-5.77322
-5.77354
-5.77225
-5.77387
-5.77646
-5.77613
-5.77613
-5.77775
-5.7784
-5.77743
-5.77614
-5.77581
-5.77516
-5.77549
-5.77387
-5.77452
-5.77549
-5.77776
-5.77808
-5.77646
-5.77678
-5.77581
-5.77452
-5.77613
-5.77646
-5.77613
-5.77614
-5.77711
-5.77581
-5.77711
-5.77549
-5.77711
-5.77808
-5.77581
-5.77257
-5.77355
-5.77322
-5.77549
-5.77646
-5.77743
-5.7784
-5.77807
-5.77905
-5.78035
-5.78067
-5.7797
-5.78035
-5.78003
-5.78003
-5.78003
-5.77744
-5.77873
-5.77808
-5.77905
-5.77775
-5.77646
-5.77776
-5.77679
-5.77614
-5.77646
-5.77614
-5.77646
-5.77775
-5.77711
-5.77808
-5.7784
-5.77873
-5.77614
-5.77517
-5.77484
-5.77452
-5.7742
-5.77225
-5.77452
-5.77646
-5.77808
-5.77646
-5.77743
-5.77775
-5.77905
-5.77775
-5.77937
-5.7797
-5.77937
-5.77775
-5.77711
-5.77776
-5.77646
-5.77517
-5.77549
-5.77484
-5.77517
-5.77387
-5.77355
-5.77484
-5.77516
-5.77484
-5.77645
-5.77483
-5.77516
-5.77613
-5.77645
-5.77484
-5.77613
-5.77711
-5.77582
-5.77841
-5.77776
-5.77906
-5.77711
-5.77517
-5.77323
-5.77419
-5.77516
-5.77484
-5.77646
-5.77549
-5.77516
-5.77451
-5.77581
-5.77451
-5.77516
-5.77775
-5.77743
-5.77905
-5.7797
-5.78002
-5.781
-5.78132
-5.78132
-5.781
-5.78197
-5.78035
-5.77938
-5.77873
-5.77776
-5.77581
-5.77452
-5.77257
-5.7729
-5.77581
-5.77549
-5.77679
-5.77712
-5.77712
-5.77518
-5.77583
-5.7755
-5.77453
-5.77323
-5.77388
-5.77388
-5.7755
-5.77647
-5.77582
-5.77485
-5.77646
-5.77711
-5.77744
-5.77679
-5.77647
-5.77744
-5.77615
-5.77744
-5.77842
-5.77874
-5.77874
-5.77907
-5.77712
-5.77647
-5.77647
-5.77712
-5.77744
-5.7768
-5.77647
-5.77744
-5.77777
-5.7768
-5.77518
-5.77291
-5.77389
-5.7713
-5.77162
-5.77259
-5.77259
-5.77421
-5.77777
-5.77809
-5.77939
-5.77906
-5.78004
-5.78101
-5.78133
-5.77615
-5.7768
-5.7755
-5.7755
-5.77582
-5.77485
-5.77582
-5.77679
-5.7742
-5.77453
-5.77388
-5.77582
-5.7742
-5.77452
-5.7729
-5.77323
-5.77614
-5.77809
-5.77777
-5.77842
-5.7768
-5.77971
-5.78036
-5.78133
-5.78295
-5.78554
-5.78295
-5.78036
-5.78036
-5.78133
-5.78069
-5.77874
-5.77842
-5.77874
-5.77777
-5.78004
-5.78036
-5.77907
-5.77907
-5.77875
-5.77907
-5.7781
-5.77907
-5.78004
-5.77842
-5.7768
-5.77809
-5.7755
-5.77518
-5.77583
-5.77453
-5.7768
-5.77809
-5.77647
-5.77615
-5.77777
-5.77776
-5.77809
-5.77744
-5.77647
-5.77776
-5.77712
-5.77809
-5.77809
-5.77938
-5.77971
-5.78003
-5.77971
-5.78132
-5.7797
-5.77906
-5.7797
-5.78002
-5.77873
-5.7784
-5.77775
-5.77807
-5.77872
-5.77743
-5.7771
-5.77645
-5.77581
-5.7771
-5.77451
-5.77452
-5.77354
-5.77452
-5.77452
-5.77516
-5.77613
-5.77775
-5.77873
-5.77678
-5.77808
-5.77873
-5.77938
-5.77775
-5.77678
-5.77646
-5.77516
-5.77354
-5.77355
-5.77517
-5.77484
-5.77679
-5.77743
-5.77743
-5.7797
-5.781
-5.7823
-5.7823
-5.78035
-5.77938
-5.77711
-5.77776
-5.77646
-5.77808
-5.77613
-5.77452
-5.77257
-5.77387
-5.77419
-5.77549
-5.77614
-5.77808
-5.77646
-5.77549
-5.77614
-5.77776
-5.77873
-5.77776
-5.77743
-5.77873
-5.77905
-5.7784
-5.77613
-5.77419
-5.77451
-5.77484
-5.77225
-5.77289
-5.77484
-5.77289
-5.7729
-5.77451
-5.77646
-5.77743
-5.77775
-5.77743
-5.7784
-5.78002
-5.77905
-5.77743
-5.78002
-5.78067
-5.78132
-5.78035
-5.78035
-5.77937
-5.78034
-5.77969
-5.78034
-5.77678
-5.77581
-5.77484
-5.77581
-5.77517
-5.77484
-5.77549
-5.77776
-5.77678
-5.77872
-5.7784
-5.7784
-5.77937
-5.78034
-5.78067
-5.78164
-5.78132
-5.77873
-5.77873
-5.77775
-5.77873
-5.77808
-5.78002
-5.77905
-5.7784
-5.77905
-5.77905
-5.77776
-5.77743
-5.77387
-5.77193
-5.7729
-5.77226
-5.7742
-5.7742
-5.77485
-5.77388
-5.7755
-5.77485
-5.77387
-5.77322
-5.77419
-5.77549
-5.77646
-5.77743
-5.7771
-5.77743
-5.77905
-5.78034
-5.78067
-5.77775
-5.7784
-5.77904
-5.77969
-5.77905
-5.78067
-5.78002
-5.77775
-5.77743
-5.77905
-5.78066
-5.77969
-5.77937
-5.77774
-5.77936
-5.77807
-5.77775
-5.7784
-5.78293
-5.78325
-5.78228
-5.78099
-5.77872
-5.77775
-5.77775
-5.77678
-5.77613
-5.77613
-5.77743
-5.77775
-5.77613
-5.77483
-5.77386
-5.77354
-5.77224
-5.77192
-5.77095
-5.76965
-5.77095
-5.77289
-5.77484
-5.77484
-5.77581
-5.77807
-5.77969
-5.77969
-5.77775
-5.77807
-5.77516
-5.77613
-5.7771
-5.77678
-5.77548
-5.77516
-5.77775
-5.77613
-5.77549
-5.77419
-5.77516
-5.77419
-5.77484
-5.77808
-5.77969
-5.77937
-5.7771
-5.7771
-5.77484
-5.77549
-5.77678
-5.77581
-5.77516
-5.77581
-5.77387
-5.77484
-5.77549
-5.77646
-5.77873
-5.77905
-5.77905
-5.77937
-5.78002
-5.77937
-5.77743
-5.77581
-5.77452
-5.77581
-5.77678
-5.77711
-5.77775
-5.77807
-5.77807
-5.77581
-5.77386
-5.77484
-5.77581
-5.77678
-5.7784
-5.77905
-5.77905
-5.77873
-5.77937
-5.77905
-5.78002
-5.77905
-5.77807
-5.78002
-5.77872
-5.77872
-5.77905
-5.77969
-5.77808
-5.77613
-5.77613
-5.77581
-5.77613
-5.77613
-5.77548
-5.77613
-5.77775
-5.77581
-5.77516
-5.77354
-5.77613
-5.77613
-5.77613
-5.77451
-5.77516
-5.7771
-5.7784
-5.78001
-5.77904
-5.77775
-5.78001
-5.78195
-5.78195
-5.77904
-5.78001
-5.77969
-5.78066
-5.77936
-5.77969
-5.77872
-5.77677
-5.77709
-5.77807
-5.77807
-5.77742
-5.77904
-5.77839
-5.77742
-5.77645
-5.77386
-5.77354
-5.77225
-5.77289
-5.77127
-5.77418
-5.77516
-5.77548
-5.77386
-5.77419
-5.77451
-5.77581
-5.7771
-5.77904
-5.78001
-5.78131
-5.77775
-5.77937
-5.78001
-5.77742
-5.77872
-5.77807
-5.77678
-5.77678
-5.77776
-5.7784
-5.77808
-5.77808
-5.77484
-5.77322
-5.77387
-5.77387
-5.77548
-5.7784
-5.77872
-5.78163
-5.78261
-5.77969
-5.77775
-5.77808
-5.77646
-5.77452
-5.77517
-5.77581
-5.77549
-5.77743
-5.77646
-5.77419
-5.77354
-5.7729
-5.77322
-5.77387
-5.77808
-5.77711
-5.77614
-5.77614
-5.77678
-5.77484
-5.77743
-5.77646
-5.77549
-5.77646
-5.77581
-5.77484
-5.77614
-5.77517
-5.77485
-5.7742
-5.77355
-5.77452
-5.77387
-5.77258
-5.77355
-5.7729
-5.77419
-5.77452
-5.77387
-5.77613
-5.77807
-5.77775
-5.77938
-5.78003
-5.78003
-5.77906
-5.77971
-5.781
-5.781
-5.77938
-5.77905
-5.77711
-5.77937
-5.77873
-5.77517
-5.7742
-5.77549
-5.77646
-5.77549
-5.77711
-5.77646
-5.77516
-5.77516
-5.77613
-5.77549
-5.77776
-5.77938
-5.78002
-5.78164
-5.78067
-5.77905
-5.77711
-5.77614
-5.77743
-5.77743
-5.77775
-5.77743
-5.77905
-5.77776
-5.77711
-5.77646
-5.77549
-5.77549
-5.77743
-5.7797
-5.77938
-5.77905
-5.78002
-5.77905
-5.78035
-5.78035
-5.78002
-5.78034
-5.77776
-5.77678
-5.77614
-5.77808
-5.77775
-5.77743
-5.77743
-5.7771
-5.77646
-5.77678
-5.77646
-5.77808
-5.77743
-5.77938
-5.78002
-5.7784
-5.77905
-5.78002
-5.781
-5.781
-5.77906
-5.77776
-5.77744
-5.77841
-5.77808
-5.77873
-5.7784
-5.77937
-5.77743
-5.77646
-5.77517
-5.77581
-5.77614
-5.77582
-5.77452
-5.77517
-5.7742
-5.77323
-5.77096
-5.77129
-5.77226
-5.7742
-5.77355
-5.77323
-5.77355
-5.77258
-5.77291
-5.77226
-5.77355
-5.77549
-5.77614
-5.77485
-5.77615
-5.77712
-5.77712
-5.77776
-5.77809
-5.77971
-5.77971
-5.77744
-5.77647
-5.77453
-5.77517
-5.77647
-5.77647
-5.77776
-5.77711
-5.77808
-5.77743
-5.77581
-5.77581
-5.77808
-5.77743
-5.77581
-5.77484
-5.77581
-5.77516
-5.77549
-5.77484
-5.77614
-5.77744
-5.77744
-5.77744
-5.77809
-5.77711
-5.77808
-5.78035
-5.78164
-5.78164
-5.78099
-5.7784
-5.77776
-5.77905
-5.78035
-5.78035
-5.77906
-5.77873
-5.77517
-5.77323
-5.77452
-5.77323
-5.77452
-5.7742
-5.77225
-5.77225
-5.77063
-5.77128
-5.77257
-5.77484
-5.77419
-5.77581
-5.77516
-5.77419
-5.77387
-5.77452
-5.77484
-5.77517
-5.77549
-5.77452
-5.77452
-5.77193
-5.76934
-5.77192
-5.77225
-5.77386
-5.77386
-5.7716
-5.7703
-5.77031
-5.77128
-5.77225
-5.77193
-5.7729
-5.77517
-5.77582
-5.77679
-5.77711
-5.77581
-5.77711
-5.77873
-5.78035
-5.78002
-5.78132
-5.7797
-5.78132
-5.78034
-5.77905
-5.77775
-5.77775
-5.77743
-5.77517
-5.77225
-5.77258
-5.7729
-5.77323
-5.77808
-5.78132
-5.78262
-5.78229
-5.78067
-5.7797
-5.77808
-5.77549
-5.77484
-5.77484
-5.77775
-5.77743
-5.78034
-5.7797
-5.78067
-5.78132
-5.781
-5.78035
-5.7797
-5.77808
-5.77711
-5.77646
-5.7729
-5.7729
-5.77128
-5.77064
-5.77128
-5.77258
-5.76869
-5.76999
-5.76837
-5.76772
-5.76675
-5.76772
-5.76772
-5.76707
-5.76675
-5.76707
-5.76739
-5.76804
-5.76901
-5.76999
-5.76934
-5.77355
-5.77744
-5.77906
-5.78003
-5.77841
-5.77971
-5.78132
-5.7797
-5.78035
-5.781
-5.78165
-5.78067
-5.781
-5.78035
-5.77776
-5.77776
-5.78035
-5.77808
-5.77582
-5.77614
-5.77549
-5.77258
-5.77808
-5.77452
-5.77322
-5.77355
-5.77355
-5.77128
-5.7729
-5.77096
-5.77064
-5.77323
-5.77388
-5.77614
-5.7755
-5.77679
-5.77873
-5.77938
-5.78003
-5.77776
-5.77841
-5.77744
-5.77711
-5.77711
-5.7755
-5.7755
-5.77517
-5.77614
-5.77582
-5.77744
-5.77938
-5.77809
-5.77646
-5.77646
-5.77549
-5.77484
-5.77582
-5.77679
-5.77777
-5.77777
-5.77582
-5.77517
-5.77614
-5.77679
-5.77614
-5.77744
-5.77776
-5.77809
-5.77582
-5.77388
-5.77161
-5.77064
-5.77032
-5.77226
-5.77355
-5.77452
-5.77615
-5.77582
-5.77744
-5.77939
-5.77906
-5.77971
-5.77971
-5.78133
-5.78035
-5.77971
-5.77809
-5.78197
-5.78068
-5.78003
-5.77712
-5.77453
-5.7742
-5.7755
-5.77582
-5.77582
-5.77647
-5.77453
-5.77291
-5.77226
-5.77356
-5.77388
-5.77421
-5.77453
-5.77583
-5.77647
-5.77777
-5.77712
-5.77744
-5.77582
-5.7755
-5.77485
-5.77485
-5.77517
-5.77356
-5.77291
-5.77453
-5.77648
-5.77712
-5.77486
-5.7755
-5.77518
-5.7742
-5.77452
-5.77387
-5.77581
-5.77614
-5.77873
-5.7797
-5.77906
-5.78068
-5.78036
-5.77971
-5.7823
-5.78133
-5.78036
-5.77906
-5.78003
-5.78003
-5.78067
-5.78003
-5.77841
-5.77646
-5.77776
-5.77614
-5.77647
-5.77614
-5.77614
-5.77744
-5.77582
-5.77517
-5.77647
-5.77452
-5.77549
-5.77517
-5.77679
-5.77517
-5.7742
-5.7742
-5.77452
-5.77485
-5.77744
-5.77679
-5.77517
-5.77744
-5.77873
-5.77808
-5.77938
-5.77776
-5.77777
-5.7768
-5.7768
-5.77745
-5.77874
-5.77809
-5.77809
-5.77615
-5.77485
-5.77679
-5.77744
-5.77712
-5.77614
-5.77711
-5.77906
-5.77938
-5.78003
-5.77971
-5.77971
-5.77906
-5.77615
-5.77647
-5.77388
-5.77453
-5.77647
-5.7755
-5.77453
-5.77809
-5.77971
-5.77906
-5.78036
-5.77809
-5.77776
-5.77906
-5.77873
-5.77809
-5.77809
-5.78003
-5.77874
-5.77971
-5.77906
-5.77906
-5.78068
-5.78133
-5.78003
-5.78165
-5.78295
-5.78101
-5.78068
-5.77906
-5.77679
-5.77744
-5.77938
-5.77809
-5.77971
-5.77971
-5.77776
-5.77938
-5.78035
-5.77809
-5.7768
-5.77744
-5.77744
-5.7755
-5.77452
-5.77225
-5.77193
-5.77096
-5.76966
-5.77128
-5.7729
-5.77517
-5.7742
-5.77387
-5.77258
-5.77322
-5.77484
-5.77452
-5.77485
-5.77452
-5.77388
-5.77355
-5.77388
-5.7742
-5.77323
-5.77517
-5.77646
-5.77646
-5.77678
-5.77581
-5.77517
-5.77322
-5.77322
-5.7742
-5.77452
-5.7755
-5.77744
-5.77744
-5.77744
-5.77776
-5.77776
-5.77711
-5.77873
-5.77938
-5.77905
-5.78067
-5.77873
-5.77873
-5.77776
-5.77647
-5.77679
-5.77647
-5.77971
-5.78068
-5.78035
-5.781
-5.77938
-5.77776
-5.77646
-5.77646
-5.77743
-5.77678
-5.77613
-5.77613
-5.7771
-5.77613
-5.77613
-5.77678
-5.77808
-5.7797
-5.7784
-5.77905
-5.78099
-5.77905
-5.77937
-5.77808
-5.77743
-5.77711
-5.77776
-5.77646
-5.77678
-5.77646
-5.77678
-5.77484
-5.77614
-5.77646
-5.77614
-5.7784
-5.77775
-5.7784
-5.77743
-5.77872
-5.77905
-5.78034
-5.77969
-5.77743
-5.77743
-5.7784
-5.7771
-5.77581
-5.7771
-5.77808
-5.77613
-5.77581
-5.77517
-5.77614
-5.77614
-5.77452
-5.77614
-5.77743
-5.77872
-5.77807
-5.77807
-5.77742
-5.77774
-5.77807
-5.77872
-5.77937
-5.78066
-5.7784
-5.77807
-5.77742
-5.77839
-5.77872
-5.77839
-5.77483
-5.77354
-5.77322
-5.77484
-5.77743
-5.77613
-5.77646
-5.77807
-5.78001
-5.77742
-5.77839
-5.77839
-5.77677
-5.77677
-5.77839
-5.77872
-5.77743
-5.77775
-5.7784
-5.77581
-5.77711
-5.77646
-5.77743
-5.77808
-5.77775
-5.77872
-5.78067
-5.78196
-5.78067
-5.78002
-5.7784
-5.77937
-5.78001
-5.77742
-5.7771
-5.77483
-5.77548
-5.77354
-5.77419
-5.77516
-5.77614
-5.77614
-5.77419
-5.77419
-5.77581
-5.77581
-5.77581
-5.7771
-5.77451
-5.77548
-5.77613
-5.77678
-5.77646
-5.77516
-5.77354
-5.77225
-5.77322
-5.77322
-5.77516
-5.77613
-5.77613
-5.77549
-5.77711
-5.77776
-5.77809
-5.77711
-5.77582
-5.77679
-5.77776
-5.77711
-5.77647
-5.77679
-5.77452
-5.77387
-5.77743
-5.77645
-5.77872
-5.77872
-5.77775
-5.77937
-5.77872
-5.7771
-5.77808
-5.78067
-5.78034
-5.78131
-5.78067
-5.77937
-5.78034
-5.7784
-5.7784
-5.77775
-5.77905
-5.77905
-5.7771
-5.77645
-5.77743
-5.7784
-5.77807
-5.77872
-5.78066
-5.78098
-5.78066
-5.78066
-5.78066
-5.77775
-5.77678
-5.77678
-5.77775
-5.78035
-5.77937
-5.78034
-5.77937
-5.77808
-5.77872
-5.77872
-5.77775
-5.77645
-5.7745
-5.77612
-5.77774
-5.77709
-5.7758
-5.7758
-5.77678
-5.77451
-5.77581
-5.77581
-5.77451
-5.77483
-5.77581
-5.77548
-5.77613
-5.77774
-5.77774
-5.77969
-5.77936
-5.77775
-5.77548
-5.77419
-5.77387
-5.77549
-5.77614
-5.77549
-5.77452
-5.77354
-5.77548
-5.77581
-5.77678
-5.77775
-5.77937
-5.78002
-5.77808
-5.77743
-5.77613
-5.77581
-5.77581
-5.77614
-5.77484
-5.77581
-5.77678
-5.77678
-5.77743
-5.77548
-5.7771
-5.77548
-5.77451
-5.77484
-5.77646
-5.77808
-5.77775
-5.77678
-5.77451
-5.77516
-5.77322
-5.77192
-5.77322
-5.77548
-5.77645
-5.77677
-5.77807
-5.78066
-5.77936
-5.78033
-5.78131
-5.78228
-5.78163
-5.78357
-5.78228
-5.78034
-5.77677
-5.77775
-5.77807
-5.77775
-5.77807
-5.7784
-5.77742
-5.77645
-5.77548
-5.77483
-5.77451
-5.77839
-5.77807
-5.77904
-5.78066
-5.78293
-5.78228
-5.78131
-5.78196
-5.78196
-5.77969
-5.78033
-5.78033
-5.77904
-5.77645
-5.77451
-5.77224
-5.77548
-5.77483
-5.77483
-5.77483
-5.77645
-5.77515
-5.77677
-5.77774
-5.77871
-5.78001
-5.77839
-5.77774
-5.77548
-5.77775
-5.77613
-5.77613
-5.77515
-5.77483
-5.7745
-5.7745
-5.77321
-5.77482
-5.77288
-5.7745
-5.77547
-5.77612
-5.77839
-5.77806
-5.77806
-5.77742
-5.77709
-5.77547
-5.77547
-5.77677
-5.77839
-5.77904
-5.7771
-5.77872
-5.77678
-5.77386
-5.77354
-5.77386
-5.77483
-5.77612
-5.77742
-5.77871
-5.77871
-5.77774
-5.77612
-5.77677
-5.77515
-5.77483
-5.77515
-5.77483
-5.77451
-5.77387
-5.77516
-5.77581
-5.77549
-5.77744
-5.77776
-5.77873
-5.77937
-5.78067
-5.78002
-5.78131
-5.78066
-5.78163
-5.78099
-5.78002
-5.7784
-5.77711
-5.77711
-5.77549
-5.77517
-5.77484
-5.77516
-5.77419
-5.7716
-5.77225
-5.77354
-5.77354
-5.77354
-5.77484
-5.77419
-5.77484
-5.77872
-5.77775
-5.77937
-5.7784
-5.77613
-5.77743
-5.77743
-5.77711
-5.7784
-5.7797
-5.78002
-5.77905
-5.77905
-5.7784
-5.77807
-5.77937
-5.77969
-5.78131
-5.78228
-5.78034
-5.77937
-5.77743
-5.77646
-5.77548
-5.77419
-5.77516
-5.77548
-5.7758
-5.77515
-5.77451
-5.77483
-5.77516
-5.77386
-5.77548
-5.77354
-5.7716
-5.77095
-5.77063
-5.76998
-5.77127
-5.77386
-5.77354
-5.77354
-5.77321
-5.77483
-5.77548
-5.77548
-5.77483
-5.77613
-5.77548
-5.77386
-5.77451
-5.77613
-5.77613
-5.77839
-5.77839
-5.77677
-5.77872
-5.77645
-5.77742
-5.77807
-5.77678
-5.77775
-5.77872
-5.77775
-5.7784
-5.77937
-5.77904
-5.77742
-5.77516
-5.77581
-5.77549
-5.77516
-5.77581
-5.77516
-5.77516
-5.77581
-5.77678
-5.77613
-5.77516
-5.7758
-5.7758
-5.7745
-5.77386
-5.77192
-5.77224
-5.77192
-5.77354
-5.77127
-5.7716
-5.77322
-5.77549
-5.77808
-5.77905
-5.77808
-5.77678
-5.77711
-5.77646
-5.77322
-5.77387
-5.77419
-5.77484
-5.77484
-5.77678
-5.77613
-5.77516
-5.77387
-5.77775
-5.77484
-5.77516
-5.77354
-5.77452
-5.77419
-5.77581
-5.77549
-5.77614
-5.77614
-5.77743
-5.77743
-5.77581
-5.77614
-5.77581
-5.77614
-5.77613
-5.77581
-5.77743
-5.7784
-5.77645
-5.77775
-5.77808
-5.7784
-5.77808
-5.77711
-5.77873
-5.7797
-5.77905
-5.77873
-5.77743
-5.77678
-5.77711
-5.77678
-5.77614
-5.7797
-5.77905
-5.77711
-5.77581
-5.77549
-5.77646
-5.77743
-5.77807
-5.7784
-5.77937
-5.78001
-5.78034
-5.78034
-5.77775
-5.77678
-5.77646
-5.77581
-5.77354
-5.77354
-5.77192
-5.77289
-5.77386
-5.77386
-5.77645
-5.77645
-5.7758
-5.77613
-5.77645
-5.77548
-5.77549
-5.77322
-5.77549
-5.77484
-5.77419
-5.77419
-5.77581
-5.77613
-5.77581
-5.77678
-5.77872
-5.77904
-5.77872
-5.77872
-5.77969
-5.77905
-5.77743
-5.77678
-5.77743
-5.77904
-5.77872
-5.77872
-5.77645
-5.7771
-5.77646
-5.77614
-5.77808
-5.77873
-5.77905
-5.77743
-5.77808
-5.77646
-5.77484
-5.77549
-5.77322
-5.77225
-5.77258
-5.7729
-5.77257
-5.77322
-5.7729
-5.77257
-5.77355
-5.77452
-5.77484
-5.77744
-5.77841
-5.77841
-5.7797
-5.78132
-5.77938
-5.77905
-5.77743
-5.77679
-5.77744
-5.77776
-5.77711
-5.77809
-5.77938
-5.78067
-5.78099
-5.77937
-5.77613
-5.77581
-5.77516
-5.77484
-5.77419
-5.77323
-5.7742
-5.77323
-5.7729
-5.77258
-5.77161
-5.77193
-5.7729
-5.77258
-5.77387
-5.77451
-5.77451
-5.77548
-5.7771
-5.77483
-5.77678
-5.77613
-5.77548
-5.77452
-5.77484
-5.77776
-5.78003
-5.781
-5.78164
-5.7797
-5.77905
-5.77678
-5.77711
-5.77872
-5.77743
-5.78067
-5.77872
-5.77775
-5.7784
-5.77872
-5.77646
-5.77614
-5.77646
-5.77711
-5.7742
-5.77549
-5.77646
-5.77743
-5.77873
-5.77873
-5.77743
-5.77776
-5.77905
-5.77776
-5.77743
-5.77937
-5.78067
-5.77873
-5.77873
-5.78035
-5.77873
-5.77808
-5.77808
-5.77775
-5.77808
-5.7784
-5.77873
-5.77776
-5.77938
-5.7797
-5.77808
-5.77938
-5.78035
-5.781
-5.78133
-5.78133
-5.77938
-5.77809
-5.77744
-5.77679
-5.77614
-5.77776
-5.77873
-5.77906
-5.77873
-5.77938
-5.77971
-5.77874
-5.77614
-5.7755
-5.77646
-5.77517
-5.77582
-5.77484
-5.77679
-5.77711
-5.77905
-5.7797
-5.77873
-5.77873
-5.77971
-5.7797
-5.77873
-5.7797
-5.78132
-5.78067
-5.77906
-5.77971
-5.77906
-5.77744
-5.77744
-5.77518
-5.7768
-5.77615
-5.77842
-5.77971
-5.77906
-5.78004
-5.77906
-5.77842
-5.77744
-5.77744
-5.77712
-5.77679
-5.77711
-5.7755
-5.77712
-5.77777
-5.77809
-5.77842
-5.77939
-5.7781
-5.7768
-5.77745
-5.77583
-5.7755
-5.77647
-5.77453
-5.77453
-5.77582
-5.77971
-5.77777
-5.77744
-5.77777
-5.78003
-5.77874
-5.78003
-5.77842
-5.77875
-5.77842
-5.77745
-5.77713
-5.77875
-5.78004
-5.77939
-5.77939
-5.78004
-5.77971
-5.78004
-5.77874
-5.77745
-5.77648
-5.77486
-5.77616
-5.77421
-5.77486
-5.77486
-5.7755
-5.7768
-5.77583
-5.77551
-5.77616
-5.77519
-5.77713
-5.77778
-5.77875
-5.77972
-5.77875
-5.77778
-5.77584
-5.77681
-5.77422
-5.77422
-5.77552
-5.7739
-5.77163
-5.77163
-5.77292
-5.77615
-5.77615
-5.77713
-5.77713
-5.7768
-5.77616
-5.7781
-5.77875
-5.78005
-5.77843
-5.77876
-5.7794
-5.7794
-5.7794
-5.77973
-5.78102
-5.78037
-5.78037
-5.77973
-5.77908
-5.77778
-5.77649
-5.77584
-5.77454
-5.77551
-5.77228
-5.77357
-5.77357
-5.7726
-5.77228
-5.77357
-5.77422
-5.77422
-5.77486
-5.77681
-5.77584
-5.7781
-5.77875
-5.78005
-5.78102
-5.78102
-5.77908
-5.77973
-5.7807
-5.78005
-5.77875
-5.77681
-5.77842
-5.7768
-5.77615
-5.77551
-5.77486
-5.77357
-5.77454
-5.77681
-5.77616
-5.77681
-5.77714
-5.77552
-5.77714
-5.77552
-5.77746
-5.77681
-5.77648
-5.77357
-5.77648
-5.77616
-5.7768
-5.7768
-5.77713
-5.77777
-5.77907
-5.77875
-5.77713
-5.77778
-5.77811
-5.77584
-5.77844
-5.77876
-5.77779
-5.77649
-5.77681
-5.77681
-5.77746
-5.77649
-5.77617
-5.77779
-5.77779
-5.77811
-5.77649
-5.77811
-5.77746
-5.77519
-5.77616
-5.77584
-5.77552
-5.77649
-5.77422
-5.77423
-5.77617
-5.77649
-5.77617
-5.77682
-5.77617
-5.77552
-5.77391
-5.77293
-5.7739
-5.77488
-5.77293
-5.77391
-5.77423
-5.77487
-5.7739
-5.77584
-5.7752
-5.77584
-5.77649
-5.77811
-5.77844
-5.77844
-5.77812
-5.77715
-5.77812
-5.77682
-5.77618
-5.77488
-5.77423
-5.77423
-5.77325
-5.77649
-5.77682
-5.77844
-5.77876
-5.78038
-5.77909
-5.77812
-5.77553
-5.77618
-5.77456
-5.7752
-5.77812
-5.77844
-5.77811
-5.77811
-5.77811
-5.77617
-5.7752
-5.77358
-5.7739
-5.77228
-5.77196
-5.77261
-5.77067
-5.77229
-5.77326
-5.77326
-5.7739
-5.7739
-5.7752
-5.77552
-5.77681
-5.77908
-5.7794
-5.77875
-5.77779
-5.77714
-5.77714
-5.77779
-5.77812
-5.77974
-5.78006
-5.77682
-5.77617
-5.77649
-5.77844
-5.77876
-5.7794
-5.78167
-5.78199
-5.78134
-5.7807
-5.78199
-5.78102
-5.78005
-5.77907
-5.77972
-5.78199
-5.78037
-5.78037
-5.7794
-5.77973
-5.77875
-5.77778
-5.77843
-5.77714
-5.77811
-5.77649
-5.77519
-5.7739
-5.77357
-5.77195
-5.77066
-5.77228
-5.77551
-5.77616
-5.77616
-5.77584
-5.77649
-5.77552
-5.7752
-5.7739
-5.77358
-5.7739
-5.7739
-5.77423
-5.77487
-5.77649
-5.77682
-5.77552
-5.77422
-5.77293
-5.77455
-5.77714
-5.77811
-5.77779
-5.77714
-5.77584
-5.77552
-5.77682
-5.77746
-5.77844
-5.77811
-5.77746
-5.77811
-5.77876
-5.77908
-5.7794
-5.78102
-5.77972
-5.7781
-5.77811
-5.77552
-5.77487
-5.77552
-5.77584
-5.77682
-5.77779
-5.77779
-5.77876
-5.77811
-5.77779
-5.77811
-5.77682
-5.77552
-5.77552
-5.77455
-5.77617
-5.77552
-5.77682
-5.77585
-5.7752
-5.77617
-5.77682
-5.77844
-5.77649
-5.77844
-5.78038
-5.77843
-5.77552
-5.77552
-5.77228
-5.77261
-5.7726
-5.77519
-5.77649
-5.77779
-5.77487
-5.77487
-5.7739
-5.7739
-5.7739
-5.7739
-5.77293
-5.77358
-5.77552
-5.77422
-5.77487
-5.77487
-5.77325
-5.77487
-5.77746
-5.77616
-5.77519
-5.77519
-5.77745
-5.77778
-5.77583
-5.77422
-5.77649
-5.77811
-5.77908
-5.77779
-5.77908
-5.78006
-5.77973
-5.77811
-5.77617
-5.77714
-5.77487
-5.77519
-5.77486
-5.77518
-5.77389
-5.77259
-5.77227
-5.7713
-5.77098
-5.77293
-5.7752
-5.77843
-5.77617
-5.77649
-5.77746
-5.77681
-5.77681
-5.77649
-5.77746
-5.77876
-5.77779
-5.77843
-5.77778
-5.77778
-5.77713
-5.77616
-5.77551
-5.77616
-5.77648
-5.77681
-5.77746
-5.7752
-5.7752
-5.77488
-5.77552
-5.77552
-5.77585
-5.77552
-5.77584
-5.77487
-5.77357
-5.77649
-5.77746
-5.77908
-5.77812
-5.77747
-5.77942
-5.77909
-5.77909
-5.77747
-5.77974
-5.78168
-5.782
-5.78103
-5.78103
-5.78135
-5.78232
-5.78135
-5.77974
-5.77876
-5.77715
-5.77682
-5.7765
-5.77553
-5.77585
-5.77358
-5.77391
-5.77553
-5.77649
-5.77552
-5.77422
-5.77163
-5.77163
-5.77357
-5.7726
-5.77099
-5.77228
-5.77358
-5.77585
-5.7752
-5.77553
-5.77715
-5.77876
-5.7765
-5.77552
-5.77714
-5.77617
-5.77423
-5.77455
-5.77358
-5.7752
-5.77487
-5.7739
-5.7726
-5.77422
-5.77455
-5.77747
-5.77877
-5.77974
-5.77877
-5.77942
-5.77844
-5.77779
-5.77649
-5.77552
-5.77325
-5.77325
-5.77163
-5.77131
-5.77487
-5.7752
-5.77584
-5.77649
-5.78005
-5.77876
-5.77908
-5.78167
-5.78265
-5.7807
-5.78006
-5.78038
-5.78232
-5.78394
-5.78102
-5.78297
-5.78297
-5.78167
-5.7807
-5.78102
-5.77714
-5.77584
-5.77325
-5.77455
-5.77261
-5.7739
-5.77422
-5.77357
-5.77455
-5.77455
-5.77422
-5.77454
-5.77552
-5.77746
-5.77649
-5.77552
-5.77616
-5.77649
-5.77617
-5.7752
-5.77714
-5.77682
-5.77811
-5.77617
-5.77746
-5.77778
-5.78005
-5.78134
-5.78167
-5.78199
-5.78297
-5.78199
-5.78329
-5.78329
-5.78361
-5.78231
-5.78167
-5.78102
-5.78329
-5.77973
-5.78005
-5.7807
-5.77876
-5.77779
-5.77585
-5.77714
-5.77714
-5.77682
-5.77358
-5.77293
-5.77487
-5.77325
-5.77455
-5.7752
-5.77681
-5.77617
-5.77261
-5.77196
-5.77358
-5.77649
-5.77649
-5.77617
-5.77681
-5.77552
-5.77455
-5.77552
-5.77778
-5.77778
-5.78102
-5.77876
-5.78006
-5.782
-5.7807
-5.77973
-5.77746
-5.77649
-5.7752
-5.77423
-5.7752
-5.77714
-5.77682
-5.77617
-5.77682
-5.77714
-5.77908
-5.77617
-5.77746
-5.77843
-5.77843
-5.77778
-5.77714
-5.77714
-5.77844
-5.77941
-5.77941
-5.77909
-5.7778
-5.77909
-5.77812
-5.782
-5.78136
-5.78233
-5.78135
-5.78006
-5.77843
-5.77714
-5.77552
-5.77584
-5.77551
-5.77584
-5.77487
-5.77422
-5.77584
-5.77617
-5.77552
-5.77455
-5.77552
-5.77422
-5.77714
-5.77552
-5.77649
-5.77779
-5.77746
-5.77876
-5.77811
-5.77843
-5.77843
-5.7794
-5.77876
-5.77843
-5.77714
-5.77681
-5.77552
-5.77649
-5.77747
-5.77714
-5.77617
-5.77585
-5.77714
-5.77585
-5.7765
-5.77714
-5.7765
-5.77682
-5.77488
-5.77585
-5.77552
-5.77455
-5.77455
-5.77552
-5.77746
-5.78103
-5.77973
-5.77844
-5.78071
-5.78297
-5.78071
-5.77909
-5.78071
-5.78071
-5.77941
-5.77553
-5.77682
-5.77714
-5.77909
-5.77876
-5.77682
-5.77682
-5.7765
-5.7752
-5.77455
-5.77488
-5.77715
-5.77585
-5.77456
-5.77521
-5.7752
-5.77682
-5.7765
-5.77585
-5.77682
-5.77877
-5.77812
-5.77812
-5.7778
-5.78006
-5.77877
-5.77942
-5.78104
-5.78136
-5.78136
-5.78103
-5.78006
-5.77941
-5.77909
-5.77812
-5.77391
-5.77553
-5.77748
-5.77521
-5.77553
-5.77521
-5.77359
-5.77358
-5.77391
-5.77358
-5.77488
-5.77423
-5.77424
-5.77197
-5.77261
-5.77326
-5.77131
-5.77164
-5.77196
-5.77423
-5.77359
-5.77423
-5.77553
-5.7778
-5.77812
-5.77812
-5.77942
-5.78039
-5.78039
-5.78006
-5.77942
-5.78071
-5.77941
-5.77715
-5.77715
-5.77877
-5.78071
-5.77974
-5.77877
-5.77747
-5.77552
-5.77585
-5.77682
-5.77812
-5.77715
-5.77618
-5.77456
-5.77359
-5.77489
-5.77554
-5.77651
-5.77683
-5.77618
-5.77942
-5.77941
-5.77941
-5.77974
-5.78038
-5.782
-5.782
-5.78297
-5.782
-5.78168
-5.78233
-5.78168
-5.78039
-5.78006
-5.77812
-5.77391
-5.77326
-5.77327
-5.77261
-5.7752
-5.77682
-5.77876
-5.78038
-5.78103
-5.78006
-5.78006
-5.782
-5.78103
-5.78136
-5.78006
-5.77909
-5.77585
-5.7765
-5.77358
-5.77326
-5.77293
-5.77358
-5.77585
-5.77714
-5.77682
-5.77714
-5.77811
-5.77779
-5.77746
-5.77779
-5.77649
-5.77682
-5.77455
-5.77714
-5.77682
-5.77649
-5.77747
-5.77909
-5.77909
-5.78038
-5.78038
-5.78135
-5.78037
-5.77875
-5.77681
-5.77714
-5.77617
-5.77455
-5.77552
-5.77617
-5.77585
-5.77488
-5.77391
-5.77358
-5.77552
-5.77779
-5.77714
-5.77714
-5.77649
-5.77908
-5.78005
-5.78102
-5.78135
-5.77875
-5.77843
-5.77648
-5.77454
-5.77519
-5.77779
-5.7794
-5.77811
-5.77779
-5.77714
-5.77746
-5.77649
-5.77487
-5.77552
-5.77682
-5.77584
-5.77487
-5.77358
-5.77649
-5.77876
-5.77973
-5.77941
-5.77974
-5.78006
-5.77812
-5.77941
-5.77877
-5.77844
-5.77715
-5.77844
-5.7807
-5.77908
-5.77908
-5.78005
-5.7807
-5.77778
-5.77778
-5.77811
-5.77746
-5.77584
-5.77584
-5.77681
-5.77746
-5.77908
-5.77876
-5.77843
-5.77843
-5.77746
-5.77617
-5.77584
-5.77228
-5.7752
-5.77844
-5.77908
-5.77941
-5.77909
-5.7807
-5.78297
-5.78297
-5.78459
-5.78362
-5.78394
-5.78038
-5.78102
-5.7794
-5.77779
-5.77649
-5.77649
-5.77747
-5.77812
-5.77714
-5.77779
-5.77746
-5.77681
-5.77649
-5.77551
-5.7739
-5.77649
-5.7752
-5.77358
-5.7739
-5.77261
-5.77358
-5.77553
-5.77585
-5.77521
-5.7752
-5.77553
-5.77552
-5.77682
-5.77714
-5.77584
-5.77778
-5.77714
-5.77649
-5.77584
-5.77649
-5.77584
-5.77681
-5.77811
-5.77617
-5.77747
-5.77617
-5.7739
-5.77196
-5.77423
-5.77423
-5.77455
-5.77293
-5.77131
-5.7697
-5.76937
-5.76969
-5.77261
-5.77196
-5.77391
-5.7765
-5.7765
-5.77682
-5.77747
-5.77682
-5.77844
-5.77746
-5.77811
-5.77649
-5.77844
-5.77876
-5.78071
-5.78038
-5.77812
-5.77876
-5.77974
-5.77909
-5.77973
-5.77973
-5.77972
-5.77713
-5.7781
-5.77746
-5.77875
-5.77875
-5.78005
-5.78167
-5.78426
-5.78459
-5.78297
-5.78103
-5.77779
-5.77811
-5.77682
-5.77552
-5.77552
-5.77358
-5.77649
-5.77617
-5.77682
-5.77487
-5.77617
-5.77552
-5.77746
-5.77714
-5.77552
-5.77552
-5.77552
-5.77552
-5.77682
-5.77714
-5.77779
-5.77746
-5.77682
-5.77552
-5.77423
-5.77423
-5.77455
-5.77326
-5.77326
-5.77325
-5.77293
-5.77423
-5.7752
-5.77682
-5.7739
-5.7752
-5.77552
-5.77552
-5.77779
-5.77844
-5.77811
-5.77682
-5.77779
-5.77811
-5.77909
-5.78071
-5.78103
-5.78071
-5.78232
-5.78103
-5.77973
-5.78038
-5.782
-5.782
-5.78103
-5.78038
-5.77974
-5.78168
-5.7846
-5.78427
-5.78298
-5.78104
-5.77942
-5.77748
-5.77618
-5.77488
-5.77326
-5.77229
-5.77099
-5.77196
-5.77196
-5.77163
-5.77228
-5.77261
-5.77423
-5.77488
-5.77618
-5.77845
-5.77845
-5.77909
-5.77909
-5.77845
-5.77747
-5.77715
-5.77877
-5.77747
-5.7765
-5.77682
-5.7778
-5.7778
-5.7778
-5.77812
-5.77683
-5.77618
-5.77586
-5.77715
-5.77554
-5.77618
-5.77456
-5.77359
-5.77197
-5.77133
-5.77262
-5.77488
-5.77618
-5.77683
-5.7765
-5.77779
-5.77715
-5.77877
-5.77747
-5.77586
-5.77618
-5.77489
-5.77489
-5.77618
-5.7778
-5.78007
-5.77942
-5.77683
-5.77521
-5.77651
-5.77812
-5.7791
-5.77942
-5.77715
-5.77585
-5.77488
-5.77617
-5.7765
-5.77909
-5.77877
-5.77877
-5.78007
-5.78233
-5.78201
-5.78071
-5.77909
-5.77974
-5.77845
-5.77683
-5.77586
-5.77489
-5.77521
-5.77488
-5.77521
-5.77488
-5.77747
-5.77617
-5.77585
-5.7752
-5.77682
-5.77618
-5.77456
-5.77715
-5.77812
-5.78006
-5.78103
-5.78168
-5.7833
-5.78298
-5.78395
-5.78136
-5.77909
-5.77909
-5.77941
-5.77973
-5.77812
-5.77909
-5.7765
-5.7752
-5.77617
-5.77487
-5.77455
-5.77682
-5.77747
-5.77844
-5.77909
-5.77844
-5.77909
-5.77876
-5.77909
-5.77617
-5.77714
-5.77714
-5.77552
-5.77617
-5.77423
-5.77455
-5.77714
-5.77811
-5.77941
-5.77746
-5.78038
-5.77973
-5.78135
-5.78167
-5.78038
-5.7807
-5.782
-5.78394
-5.78168
-5.78135
-5.78103
-5.77973
-5.77973
-5.77779
-5.77779
-5.77617
-5.7752
-5.77358
-5.77325
-5.77358
-5.76872
-5.77002
-5.77131
-5.77164
-5.77196
-5.77196
-5.77358
-5.77423
-5.7739
-5.77358
-5.77423
-5.77293
-5.77164
-5.77132
-5.77132
-5.77294
-5.77423
-5.77456
-5.77359
-5.77553
-5.77585
-5.77326
-5.77423
-5.7752
-5.7765
-5.77682
-5.77617
-5.7752
-5.77618
-5.77585
-5.77488
-5.77456
-5.77682
-5.77715
-5.77618
-5.77715
-5.77877
-5.77844
-5.78006
-5.77877
-5.78006
-5.78039
-5.78168
-5.78233
-5.78298
-5.7833
-5.78201
-5.78266
-5.77942
-5.77877
-5.77748
-5.7778
-5.77586
-5.77327
-5.77392
-5.77359
-5.77165
-5.77165
-5.77326
-5.7752
-5.77488
-5.77521
-5.77715
-5.77878
-5.77781
-5.7791
-5.77878
-5.77748
-5.77942
-5.78007
-5.77909
-5.78266
-5.78298
-5.7833
-5.7833
-5.78298
-5.78233
-5.78169
-5.78072
-5.77877
-5.77942
-5.78007
-5.78105
-5.7791
-5.77845
-5.7778
-5.77845
-5.78104
-5.78169
-5.78104
-5.7804
-5.78007
-5.77942
-5.78072
-5.78169
-5.78007
-5.77813
-5.77911
-5.77911
-5.78072
-5.78072
-5.77975
-5.77975
-5.78072
-5.78039
-5.78007
-5.78007
-5.78104
-5.78266
-5.77942
-5.78072
-5.77845
-5.77619
-5.77651
-5.77587
-5.77522
-5.77846
-5.77878
-5.77877
-5.77974
-5.77974
-5.77942
-5.77845
-5.77747
-5.77747
-5.77812
-5.77747
-5.77974
-5.7791
-5.77942
-5.77716
-5.77748
-5.77586
-5.77392
-5.77424
-5.77327
-5.77424
-5.77424
-5.77522
-5.77619
-5.77489
-5.77586
-5.77619
-5.77716
-5.7778
-5.77975
-5.77748
-5.77813
-5.77813
-5.77684
-5.7791
-5.77911
-5.78008
-5.7804
-5.78105
-5.78073
-5.77975
-5.77943
-5.7804
-5.78202
-5.78072
-5.78137
-5.78072
-5.7791
-5.77846
-5.77846
-5.7804
-5.77846
-5.77878
-5.77749
-5.77749
-5.77716
-5.77587
-5.77555
-5.77393
-5.77328
-5.77684
-5.77781
-5.77684
-5.77522
-5.77684
-5.77781
-5.77684
-5.77685
-5.77749
-5.77652
-5.77749
-5.77944
-5.77847
-5.77814
-5.77847
-5.77976
-5.77911
-5.77814
-5.77814
-5.77944
-5.78008
-5.77879
-5.77685
-5.77944
-5.78009
-5.77685
-5.77717
-5.77814
-5.77815
-5.77944
-5.7775
-5.7775
-5.77912
-5.78203
-5.78138
-5.77944
-5.77814
-5.77685
-5.7775
-5.77847
-5.77879
-5.77685
-5.77814
-5.77717
-5.7775
-5.7775
-5.77944
-5.78009
-5.77879
-5.77653
-5.77782
-5.77782
-5.77814
-5.77749
-5.77555
-5.77684
-5.77749
-5.77652
-5.7749
-5.77652
-5.77652
-5.77652
-5.77684
-5.77814
-5.77684
-5.77587
-5.77717
-5.77814
-5.7762
-5.77555
-5.77522
-5.77555
-5.77457
-5.77425
-5.77684
-5.77586
-5.77781
-5.78007
-5.78008
-5.78072
-5.78105
-5.77846
-5.77911
-5.77976
-5.7804
-5.77911
-5.77976
-5.77943
-5.7791
-5.77845
-5.77748
-5.7791
-5.7778
-5.7778
-5.77489
-5.77587
-5.77587
-5.77554
-5.77457
-5.7723
-5.77197
-5.77165
-5.77068
-5.77165
-5.77198
-5.77295
-5.77295
-5.7736
-5.77295
-5.77165
-5.771
-5.771
-5.77198
-5.77133
-5.76971
-5.76939
-5.77198
-5.77457
-5.77586
-5.77683
-5.77683
-5.77683
-5.77781
-5.7791
-5.78104
-5.77974
-5.77974
-5.77942
-5.77974
-5.7765
-5.77812
-5.77618
-5.77585
-5.7778
-5.7778
-5.77877
-5.7778
-5.77683
-5.77554
-5.77683
-5.77618
-5.77618
-5.77586
-5.77585
-5.77747
-5.77617
-5.77973
-5.77973
-5.78006
-5.7807
-5.78006
-5.77908
-5.77876
-5.77747
-5.77909
-5.77908
-5.77811
-5.77941
-5.77941
-5.78038
-5.78038
-5.77908
-5.77876
-5.77941
-5.77909
-5.77747
-5.77715
-5.77747
-5.77715
-5.77585
-5.77811
-5.77941
-5.77714
-5.77779
-5.77649
-5.77585
-5.77553
-5.77456
-5.77488
-5.77747
-5.77844
-5.77974
-5.77941
-5.77941
-5.77812
-5.77714
-5.77909
-5.77747
-5.77617
-5.7765
-5.77553
-5.77683
-5.77747
-5.77715
-5.77715
-5.77812
-5.77748
-5.77683
-5.77683
-5.77586
-5.77488
-5.77326
-5.77618
-5.77521
-5.77423
-5.77294
-5.77164
-5.77229
-5.77391
-5.77197
-5.77359
-5.77326
-5.77424
-5.77489
-5.77457
-5.77425
-5.77554
-5.77813
-5.77878
-5.78137
-5.78072
-5.78137
-5.78072
-5.78039
-5.78039
-5.77975
-5.78136
-5.78201
-5.78072
-5.78007
-5.78136
-5.78071
-5.78071
-5.78168
-5.78168
-5.78006
-5.77942
-5.77974
-5.77813
-5.77521
-5.77651
-5.77618
-5.77715
-5.77747
-5.77683
-5.77585
-5.77682
-5.77682
-5.77779
-5.77812
-5.77779
-5.77682
-5.77812
-5.7778
-5.77779
-5.77844
-5.77876
-5.77617
-5.77844
-5.78103
-5.78006
-5.78071
-5.77845
-5.77521
-5.77489
-5.77651
-5.77554
-5.77294
-5.77294
-5.77423
-5.77488
-5.77261
-5.77099
-5.77196
-5.77585
-5.77747
-5.77812
-5.7778
-5.77781
-5.77813
-5.77618
-5.77521
-5.77586
-5.7765
-5.77715
-5.77521
-5.7778
-5.77715
-5.77748
-5.77554
-5.77619
-5.7791
-5.77975
-5.77845
-5.77456
-5.77489
-5.77553
-5.77521
-5.77553
-5.77489
-5.77618
-5.77586
-5.77651
-5.77586
-5.77684
-5.77781
-5.77813
-5.77651
-5.77262
-5.77294
-5.77424
-5.77489
-5.77522
-5.77522
-5.77522
-5.77554
-5.77651
-5.77521
-5.77715
-5.77812
-5.77909
-5.77748
-5.77813
-5.77813
-5.77813
-5.77911
-5.77749
-5.77684
-5.77749
-5.77749
-5.77555
-5.77846
-5.77911
-5.77522
-5.77522
-5.77425
-5.77392
-5.77554
-5.77652
-5.77587
-5.77522
-5.77457
-5.77393
-5.77684
-5.77587
-5.77748
-5.77813
-5.77781
-5.77781
-5.77684
-5.77684
-5.77878
-5.77846
-5.77976
-5.78008
-5.77879
-5.78008
-5.77943
-5.77911
-5.77587
-5.77522
-5.77489
-5.77489
-5.77489
-5.77489
-5.77684
-5.77684
-5.7762
-5.7749
-5.7762
-5.77393
-5.77361
-5.77555
-5.77652
-5.77911
-5.78235
-5.78202
-5.78072
-5.78267
-5.7817
-5.77976
-5.77846
-5.77943
-5.78105
-5.77717
-5.77749
-5.7762
-5.77555
-5.77426
-5.77231
-5.77361
-5.77393
-5.77458
-5.77652
-5.77879
-5.78202
-5.78202
-5.78202
-5.78299
-5.78267
-5.78332
-5.78332
-5.78268
-5.78332
-5.78365
-5.78236
-5.78009
-5.77977
-5.78009
-5.78009
-5.77912
-5.77814
-5.77685
-5.7775
-5.77782
-5.7762
-5.77555
-5.7762
-5.7775
-5.7762
-5.77749
-5.77749
-5.77684
-5.77749
-5.77847
-5.77847
-5.77717
-5.7762
-5.77329
-5.77426
-5.7762
-5.77555
-5.77684
-5.77425
-5.77425
-5.77264
-5.77458
-5.77815
-5.77977
-5.77944
-5.78106
-5.78138
-5.783
-5.78236
-5.77847
-5.7788
-5.77977
-5.77944
-5.77814
-5.77717
-5.7762
-5.77783
-5.78042
-5.7788
-5.77718
-5.7775
-5.77945
-5.7788
-5.77977
-5.78009
-5.77944
-5.7788
-5.78009
-5.77912
-5.77783
-5.77945
-5.77945
-5.78042
-5.7788
-5.77913
-5.77848
-5.7788
-5.77751
-5.77718
-5.77718
-5.77491
-5.77523
-5.77329
-5.77362
-5.77232
-5.772
-5.77038
-5.77103
-5.77103
-5.77103
-5.77135
-5.77136
-5.77233
-5.77298
-5.77363
-5.77524
-5.77654
-5.77751
-5.77686
-5.77686
-5.7775
-5.77815
-5.77653
-5.77621
-5.77718
-5.77912
-5.77686
-5.77621
-5.77751
-5.77751
-5.77751
-5.77783
-5.77718
-5.77945
-5.78042
-5.78139
-5.78236
-5.77977
-5.77847
-5.77686
-5.77718
-5.77751
-5.77686
-5.77719
-5.77978
-5.77654
-5.77751
-5.77556
-5.77427
-5.77459
-5.77427
-5.77297
-5.77427
-5.77621
-5.77621
-5.77654
-5.77621
-5.77718
-5.77621
-5.77588
-5.77621
-5.77815
-5.77621
-5.77524
-5.77524
-5.77427
-5.77459
-5.77686
-5.77459
-5.77265
-5.77394
-5.77426
-5.77426
-5.77426
-5.77523
-5.77782
-5.7762
-5.77523
-5.77362
-5.77589
-5.77589
-5.77621
-5.77556
-5.77589
-5.77621
-5.77459
-5.7762
-5.77815
-5.77944
-5.77976
-5.77944
-5.77945
-5.77977
-5.77912
-5.77815
-5.77848
-5.77913
-5.7801
-5.7788
-5.77848
-5.77847
-5.77653
-5.77588
-5.77588
-5.77685
-5.77426
-5.77523
-5.77556
-5.7762
-5.77523
-5.77394
-5.77362
-5.77491
-5.77297
-5.77524
-5.77783
-5.77783
-5.77621
-5.77783
-5.77815
-5.77685
-5.77782
-5.77912
-5.77944
-5.77879
-5.77912
-5.77912
-5.78009
-5.77848
-5.7788
-5.77556
-5.77524
-5.77362
-5.77427
-5.77394
-5.77686
-5.77848
-5.7788
-5.77977
-5.77912
-5.77977
-5.78009
-5.77977
-5.78074
-5.7788
-5.7788
-5.78269
-5.78139
-5.77848
-5.77654
-5.77654
-5.77265
-5.7733
-5.77265
-5.77297
-5.77426
-5.77459
-5.77524
-5.77524
-5.77524
-5.77524
-5.77588
-5.77653
-5.77783
-5.77912
-5.77848
-5.77783
-5.78042
-5.78042
-5.78042
-5.77945
-5.77978
-5.7788
-5.77848
-5.77816
-5.77945
-5.77913
-5.77556
-5.77459
-5.77557
-5.77621
-5.77589
-5.77492
-5.77524
-5.77621
-5.7775
-5.77686
-5.77847
-5.77718
-5.77459
-5.77427
-5.77653
-5.7775
-5.7788
-5.7788
-5.77945
-5.77751
-5.77783
-5.77686
-5.77815
-5.7775
-5.77621
-5.77556
-5.77815
-5.77717
-5.77588
-5.77847
-5.77717
-5.77782
-5.77815
-5.77847
-5.77847
-5.77944
-5.77847
-5.77783
-5.77685
-5.77815
-5.78106
-5.78074
-5.77814
-5.77911
-5.77847
-5.77976
-5.77976
-5.78041
-5.78171
-5.7788
-5.77685
-5.77556
-5.77653
-5.77685
-5.77491
-5.77491
-5.77297
-5.77458
-5.77491
-5.77491
-5.77329
-5.77297
-5.77491
-5.77523
-5.77653
-5.77458
-5.7762
-5.77523
-5.7762
-5.77815
-5.78009
-5.78073
-5.78074
-5.78203
-5.78041
-5.77944
-5.77815
-5.77912
-5.77782
-5.78009
-5.78139
-5.78139
-5.78204
-5.78204
-5.78333
-5.78139
-5.78074
-5.78042
-5.78009
-5.77945
-5.77718
-5.77653
-5.77653
-5.77555
-5.7762
-5.7762
-5.77717
-5.77685
-5.77944
-5.78041
-5.78139
-5.77977
-5.77912
-5.78106
-5.77815
-5.77814
-5.77782
-5.77814
-5.77814
-5.77879
-5.77912
-5.77912
-5.77847
-5.77944
-5.77847
-5.7775
-5.7775
-5.7775
-5.77912
-5.77782
-5.77911
-5.77976
-5.77911
-5.77684
-5.77847
-5.78041
-5.77944
-5.77847
-5.77912
-5.77976
-5.77814
-5.77782
-5.77781
-5.77814
-5.77976
-5.78041
-5.78073
-5.78009
-5.77944
-5.77879
-5.77879
-5.77814
-5.77814
-5.77555
-5.77587
-5.77458
-5.77619
-5.77652
-5.77555
-5.77749
-5.77814
-5.77847
-5.78041
-5.78041
-5.77814
-5.77879
-5.77879
-5.77879
-5.77879
-5.77847
-5.77685
-5.77749
-5.77652
-5.77587
-5.7749
-5.77457
-5.7749
-5.77781
-5.77846
-5.77911
-5.77685
-5.77814
-5.77717
-5.77556
-5.77685
-5.7775
-5.77458
-5.77652
-5.77717
-5.77749
-5.77522
-5.77684
-5.77748
-5.77781
-5.77716
-5.77717
-5.77587
-5.77619
-5.7749
-5.77328
-5.77069
-5.77069
-5.76874
-5.76971
-5.77133
-5.77295
-5.7736
-5.77263
-5.77392
-5.77684
-5.77813
-5.78073
-5.7817
-5.78234
-5.78331
-5.78493
-5.78493
-5.78299
-5.78299
-5.7804
-5.78008
-5.77943
-5.77943
-5.77846
-5.77975
-5.78104
-5.77975
-5.77813
-5.77877
-5.77975
-5.78266
-5.78104
-5.7791
-5.78072
-5.78072
-5.77813
-5.77813
-5.7791
-5.78072
-5.78072
-5.77975
-5.77975
-5.78039
-5.78072
-5.7791
-5.78104
-5.77813
-5.77651
-5.77845
-5.77942
-5.77748
-5.7778
-5.77974
-5.77845
-5.7765
-5.77489
-5.77683
-5.77521
-5.77586
-5.77748
-5.77812
-5.77715
-5.77812
-5.77586
-5.77715
-5.77586
-5.77974
-5.78071
-5.78006
-5.78039
-5.78168
-5.78071
-5.78006
-5.77812
-5.77747
-5.77747
-5.77909
-5.77715
-5.77844
-5.77941
-5.78071
-5.78136
-5.78169
-5.7791
-5.7791
-5.77975
-5.7791
-5.77845
-5.77651
-5.77748
-5.77553
-5.77521
-5.77715
-5.77844
-5.77779
-5.77844
-5.7778
-5.77747
-5.77618
-5.77521
-5.77683
-5.77748
-5.77618
-5.7778
-5.77715
-5.77682
-5.77747
-5.77683
-5.77456
-5.7778
-5.7778
-5.77747
-5.77683
-5.77585
-5.77682
-5.77715
-5.77682
-5.7765
-5.77747
-5.77586
-5.77618
-5.77683
-5.77683
-5.77586
-5.77521
-5.77618
-5.77553
-5.7778
-5.77715
-5.77877
-5.78071
-5.77942
-5.78006
-5.77942
-5.77812
-5.77877
-5.77715
-5.7765
-5.77682
-5.77973
-5.782
-5.78103
-5.78038
-5.77909
-5.77876
-5.77973
-5.77812
-5.77715
-5.7778
-5.77812
-5.77844
-5.7778
-5.77747
-5.77747
-5.77876
-5.77779
-5.7765
-5.7765
-5.77812
-5.77779
-5.77715
-5.77747
-5.77617
-5.7765
-5.77714
-5.7752
-5.77391
-5.77358
-5.77293
-5.77423
-5.77359
-5.77521
-5.77359
-5.77229
-5.77165
-5.77618
-5.77812
-5.77747
-5.77747
-5.77747
-5.77714
-5.77811
-5.77876
-5.77844
-5.77973
-5.77909
-5.77941
-5.77715
-5.77812
-5.7765
-5.7752
-5.77552
-5.77714
-5.77552
-5.77552
-5.77358
-5.77358
-5.7739
-5.77358
-5.77196
-5.77455
-5.77455
-5.77617
-5.77585
-5.77585
-5.7752
-5.77455
-5.77455
-5.77617
-5.77585
-5.77617
-5.77811
-5.77843
-5.77876
-5.77843
-5.77617
-5.77779
-5.77876
-5.7765
-5.77715
-5.77812
-5.77779
-5.77811
-5.77844
-5.77714
-5.77811
-5.77747
-5.78038
-5.77876
-5.77877
-5.78039
-5.77877
-5.78071
-5.77844
-5.7807
-5.77941
-5.77941
-5.77811
-5.77746
-5.77682
-5.77714
-5.7794
-5.77941
-5.77843
-5.77941
-5.77746
-5.77941
-5.77779
-5.77714
-5.77487
-5.77714
-5.77844
-5.7807
-5.77908
-5.77973
-5.7794
-5.77843
-5.77843
-5.77843
-5.77875
-5.77908
-5.7794
-5.77972
-5.78134
-5.78167
-5.77941
-5.77746
-5.77973
-5.78102
-5.77908
-5.77746
-5.77584
-5.77681
-5.77552
-5.77649
-5.77552
-5.77617
-5.77649
-5.77617
-5.77455
-5.77455
-5.7752
-5.7752
-5.77585
-5.77682
-5.77973
-5.77973
-5.78199
-5.7794
-5.77811
-5.78005
-5.77973
-5.77811
-5.77747
-5.77811
-5.77779
-5.77584
-5.77584
-5.77584
-5.77552
-5.77552
-5.77714
-5.7752
-5.77681
-5.77811
-5.77779
-5.77649
-5.77714
-5.77811
-5.77843
-5.77973
-5.77876
-5.77617
-5.77618
-5.77715
-5.7778
-5.77909
-5.78103
-5.78135
-5.78394
-5.78265
-5.78297
-5.78232
-5.77973
-5.77941
-5.77941
-5.77909
-5.77877
-5.77812
-5.77618
-5.77585
-5.77488
-5.77715
-5.77909
-5.77779
-5.77715
-5.77811
-5.77909
-5.77941
-5.77811
-5.77714
-5.77649
-5.77714
-5.77391
-5.77358
-5.7752
-5.77974
-5.77941
-5.77618
-5.7765
-5.7765
-5.77747
-5.77682
-5.77812
-5.78006
-5.78135
-5.78265
-5.782
-5.78005
-5.77973
-5.78037
-5.7807
-5.7794
-5.77746
-5.78005
-5.78005
-5.78265
-5.78103
-5.78233
-5.78135
-5.7833
-5.78329
-5.782
-5.78394
-5.78362
-5.78264
-5.78167
-5.78102
-5.77875
-5.77908
-5.77875
-5.77519
-5.77713
-5.77843
-5.77908
-5.77973
-5.78135
-5.78005
-5.7807
-5.77941
-5.77974
-5.77779
-5.77974
-5.77941
-5.77844
-5.77779
-5.7765
-5.77747
-5.77649
-5.77876
-5.77617
-5.77649
-5.77487
-5.77455
-5.77422
-5.77326
-5.77552
-5.77682
-5.77812
-5.77747
-5.77812
-5.77909
-5.77909
-5.77941
-5.77974
-5.77585
-5.7765
-5.77682
-5.77618
-5.77715
-5.77488
-5.77617
-5.77553
-5.77585
-5.78006
-5.78006
-5.77877
-5.77812
-5.77812
-5.7778
-5.77877
-5.7791
-5.77683
-5.77651
-5.77845
-5.78007
-5.77877
-5.77974
-5.77974
-5.78038
-5.77941
-5.77747
-5.77877
-5.77909
-5.7778
-5.77521
-5.77554
-5.77521
-5.77586
-5.77521
-5.77521
-5.77457
-5.77554
-5.77392
-5.77651
-5.77683
-5.77586
-5.7778
-5.77942
-5.77974
-5.78071
-5.78136
-5.78103
-5.782
-5.78071
-5.77909
-5.77973
-5.78103
-5.77941
-5.77812
-5.7778
-5.77683
-5.77748
-5.77715
-5.77975
-5.77942
-5.77813
-5.7778
-5.7791
-5.78039
-5.77942
-5.77974
-5.77974
-5.7778
-5.77715
-5.77488
-5.77618
-5.7752
-5.77488
-5.77293
-5.77358
-5.77196
-5.77196
-5.77196
-5.77294
-5.77423
-5.77294
-5.77391
-5.77359
-5.77488
-5.77423
-5.77585
-5.77682
-5.77585
-5.77812
-5.77876
-5.77941
-5.78038
-5.78168
-5.78071
-5.78071
-5.78103
-5.78071
-5.78006
-5.78136
-5.78136
-5.78136
-5.78103
-5.78201
-5.78006
-5.78168
-5.77974
-5.77844
-5.77747
-5.77747
-5.7765
-5.77812
-5.77779
-5.77909
-5.77876
-5.77941
-5.77941
-5.77876
-5.77811
-5.77779
-5.77747
-5.7752
-5.7752
-5.77423
-5.77423
-5.77325
-5.77293
-5.77196
-5.77196
-5.77423
-5.7752
-5.77326
-5.77682
-5.77714
-5.77876
-5.77909
-5.77844
-5.78006
-5.78103
-5.78006
-5.77941
-5.77812
-5.77521
-5.77553
-5.77909
-5.78006
-5.77811
-5.77941
-5.78005
-5.77908
-5.77714
-5.77779
-5.77682
-5.77617
-5.77714
-5.7765
-5.77617
-5.77552
-5.77358
-5.77391
-5.7765
-5.77585
-5.77488
-5.77391
-5.77294
-5.77391
-5.77326
-5.77294
-5.77261
-5.77391
-5.7739
-5.77423
-5.77487
-5.7752
-5.7739
-5.77294
-5.77359
-5.77326
-5.77521
-5.77489
-5.77747
-5.77844
-5.77845
-5.7778
-5.77715
-5.77844
-5.77585
-5.77585
-5.77423
-5.77261
-5.77196
-5.77228
-5.77325
-5.77455
-5.77552
-5.77553
-5.77553
-5.77682
-5.77682
-5.77747
-5.77553
-5.77553
-5.77812
-5.77844
-5.77682
-5.77552
-5.77519
-5.77649
-5.77713
-5.77649
-5.77552
-5.77487
-5.77584
-5.77746
-5.77747
-5.7765
-5.77617
-5.77617
-5.77714
-5.77747
-5.77779
-5.77844
-5.77973
-5.77973
-5.77876
-5.77714
-5.77811
-5.77584
-5.77617
-5.77649
-5.77584
-5.77487
-5.77293
-5.77487
-5.77488
-5.77488
-5.7765
-5.77779
-5.77844
-5.77747
-5.77812
-5.77942
-5.77844
-5.7765
-5.77682
-5.7765
-5.77747
-5.77682
-5.77844
-5.77747
-5.77553
-5.77294
-5.77553
-5.77617
-5.7765
-5.77553
-5.77326
-5.77229
-5.77553
-5.77553
-5.77617
-5.77682
-5.77779
-5.77585
-5.77456
-5.77326
-5.77294
-5.77423
-5.77553
-5.77553
-5.77617
-5.77682
-5.7765
-5.77585
-5.7752
-5.77455
-5.77584
-5.7752
-5.77811
-5.77779
-5.77844
-5.77779
-5.78006
-5.77942
-5.77909
-5.7778
-5.7765
-5.77683
-5.77618
-5.77456
-5.77618
-5.77779
-5.77973
-5.78006
-5.78038
-5.78006
-5.78071
-5.78136
-5.78006
-5.77877
-5.77747
-5.77845
-5.78136
-5.78039
-5.78201
-5.78169
-5.77974
-5.78136
-5.7778
-5.7765
-5.7752
-5.77585
-5.77649
-5.7752
-5.77488
-5.77326
-5.77391
-5.77165
-5.77359
-5.77327
-5.77488
-5.77488
-5.77424
-5.77456
-5.77456
-5.77521
-5.77585
-5.77553
-5.77488
-5.77293
-5.77455
-5.77423
-5.77326
-5.77229
-5.77261
-5.77229
-5.77488
-5.77748
-5.77909
-5.77812
-5.7778
-5.77877
-5.77844
-5.77747
-5.77715
-5.77552
-5.77487
-5.77552
-5.77519
-5.77584
-5.77584
-5.77714
-5.77681
-5.77746
-5.77843
-5.77973
-5.77779
-5.77552
-5.77681
-5.77746
-5.77682
-5.7752
-5.77358
-5.77552
-5.77584
-5.77487
-5.7739
-5.77357
-5.77163
-5.77066
-5.77163
-5.77293
-5.7752
-5.77714
-5.77617
-5.77715
-5.77844
-5.77876
-5.78038
-5.77908
-5.77973
-5.77973
-5.77875
-5.77876
-5.77746
-5.77843
-5.77843
-5.77843
-5.77811
-5.7807
-5.77811
-5.77681
-5.77617
-5.77585
-5.77488
-5.77326
-5.77391
-5.77326
-5.77326
-5.77326
-5.77391
-5.77553
-5.77812
-5.77682
-5.77617
-5.77358
-5.7752
-5.77649
-5.77843
-5.77714
-5.7752
-5.77455
-5.77552
-5.77617
-5.77649
-5.77746
-5.78005
-5.77908
-5.77746
-5.77778
-5.77551
-5.77454
-5.77616
-5.77746
-5.77778
-5.77746
-5.77811
-5.77843
-5.77811
-5.77811
-5.77875
-5.78005
-5.78005
-5.7794
-5.77843
-5.77584
-5.77681
-5.77584
-5.77519
-5.77357
-5.77455
-5.77454
-5.77584
-5.77584
-5.77681
-5.77649
-5.77552
-5.77649
-5.77454
-5.77454
-5.77422
-5.77552
-5.77325
-5.77552
-5.77649
-5.77487
-5.77617
-5.77585
-5.77455
-5.7752
-5.77552
-5.77487
-5.77616
-5.77584
-5.77519
-5.77714
-5.77552
-5.77617
-5.77714
-5.77585
-5.77585
-5.77747
-5.77747
-5.77617
-5.77909
-5.77844
-5.77845
-5.7765
-5.77553
-5.77359
-5.77424
-5.77715
-5.77715
-5.77682
-5.77844
-5.78071
-5.77909
-5.77942
-5.77909
-5.78136
-5.78169
-5.77942
-5.77715
-5.77715
-5.77715
-5.77716
-5.77651
-5.77813
-5.7791
-5.77812
-5.77877
-5.77618
-5.77618
-5.77715
-5.77683
-5.77618
-5.77683
-5.77812
-5.77909
-5.77812
-5.77747
-5.7778
-5.77747
-5.77812
-5.77813
-5.77975
-5.78169
-5.7791
-5.77845
-5.77748
-5.77586
-5.77554
-5.7778
-5.77748
-5.77715
-5.7778
-5.77813
-5.77715
-5.77521
-5.77586
-5.7778
-5.77683
-5.7765
-5.77521
-5.77618
-5.77424
-5.77392
-5.77619
-5.77651
-5.77522
-5.77684
-5.77586
-5.77425
-5.77554
-5.77586
-5.77683
-5.77813
-5.77748
-5.77813
-5.77716
-5.77684
-5.77878
-5.77813
-5.77943
-5.7791
-5.77781
-5.78008
-5.78202
-5.78332
-5.78072
-5.7804
-5.78105
-5.77911
-5.77976
-5.77943
-5.77814
-5.77911
-5.78008
-5.78008
-5.78105
-5.78235
-5.78267
-5.78235
-5.77878
-5.77749
-5.77781
-5.77684
-5.77684
-5.77392
-5.77424
-5.77748
-5.77684
-5.77684
-5.77555
-5.7762
-5.77684
-5.77684
-5.77782
-5.77911
-5.77911
-5.77846
-5.77846
-5.77911
-5.77846
-5.77975
-5.77846
-5.77813
-5.78072
-5.77975
-5.77878
-5.77878
-5.77814
-5.77652
-5.77814
-5.78008
-5.77911
-5.77879
-5.77879
-5.77976
-5.77749
-5.78008
-5.7804
-5.78008
-5.77813
-5.77846
-5.7791
-5.7804
-5.77878
-5.78008
-5.77749
-5.77846
-5.77911
-5.77813
-5.77619
-5.77619
-5.77587
-5.77587
-5.77522
-5.77424
-5.77522
-5.77619
-5.77393
-5.77587
-5.77879
-5.77911
-5.77943
-5.7762
-5.7762
-5.77587
-5.77782
-5.77522
-5.77716
-5.77749
-5.77813
-5.77749
-5.77587
-5.77619
-5.77976
-5.78073
-5.77847
-5.77912
-5.78106
-5.78073
-5.77847
-5.77944
-5.78138
-5.78364
-5.78364
-5.783
-5.78267
-5.783
-5.78203
-5.78105
-5.77976
-5.77911
-5.77781
-5.77587
-5.77522
-5.77296
-5.7749
-5.77392
-5.7749
-5.77619
-5.77555
-5.77749
-5.77814
-5.77782
-5.77652
-5.7749
-5.77717
-5.77846
-5.77846
-5.77878
-5.77846
-5.7791
-5.77781
-5.77845
-5.77813
-5.77942
-5.77683
-5.77521
-5.77554
-5.77619
-5.77652
-5.77652
-5.77619
-5.77554
-5.77425
-5.7736
-5.77133
-5.77133
-5.77101
-5.77004
-5.77328
-5.7736
-5.77458
-5.77263
-5.77296
-5.77458
-5.77328
-5.77361
-5.77522
-5.7749
-5.77231
-5.77457
-5.77684
-5.77361
-5.77555
-5.77587
-5.77587
-5.77685
-5.7762
-5.77555
-5.77555
-5.7736
-5.77587
-5.77587
-5.77555
-5.7736
-5.77393
-5.7749
-5.77555
-5.77717
-5.77717
-5.77782
-5.7762
-5.77847
-5.77749
-5.7762
-5.77717
-5.77652
-5.77911
-5.77976
-5.77944
-5.77587
-5.77652
-5.77879
-5.77846
-5.77749
-5.77814
-5.77814
-5.77878
-5.77684
-5.77716
-5.77749
-5.77522
-5.77328
-5.77134
-5.7736
-5.77296
-5.77393
-5.77587
-5.77522
-5.77652
-5.77717
-5.77587
-5.77846
-5.77749
-5.77555
-5.77328
-5.77426
-5.77684
-5.77652
-5.77846
-5.78008
-5.77879
-5.77782
-5.77749
-5.77685
-5.77879
-5.77652
-5.77814
-5.77814
-5.77717
-5.77684
-5.77555
-5.77846
-5.77846
-5.77749
-5.77652
-5.77651
-5.77425
-5.7749
-5.7749
-5.77522
-5.77393
-5.7749
-5.77587
-5.7749
-5.7749
-5.77522
-5.7749
-5.77489
-5.77683
-5.77619
-5.77813
-5.77781
-5.7736
-5.77457
-5.77749
-5.78105
-5.78073
-5.77975
-5.78105
-5.7817
-5.78072
-5.77748
-5.77845
-5.77586
-5.77716
-5.77651
-5.77651
-5.77554
-5.7749
-5.77457
-5.77424
-5.77521
-5.77456
-5.77488
-5.77586
-5.77683
-5.77781
-5.77748
-5.77781
-5.77684
-5.77587
-5.77684
-5.77813
-5.77878
-5.7791
-5.77975
-5.77813
-5.77878
-5.77813
-5.7778
-5.77748
-5.77553
-5.7765
-5.77683
-5.77424
-5.77327
-5.77295
-5.77392
-5.77392
-5.77425
-5.77781
-5.7791
-5.77943
-5.7804
-5.77943
-5.78169
-5.78137
-5.78104
-5.78136
-5.78266
-5.78136
-5.78007
-5.7791
-5.78266
-5.78299
-5.78461
-5.78428
-5.78461
-5.78169
-5.78234
-5.7804
-5.77911
-5.78008
-5.78008
-5.77976
-5.77878
-5.77716
-5.77522
-5.77586
-5.77489
-5.77359
-5.77327
-5.77457
-5.7736
-5.77522
-5.77684
-5.77652
-5.77749
-5.77846
-5.77782
-5.77846
-5.77976
-5.77943
-5.77975
-5.77878
-5.77781
-5.77749
-5.77781
-5.77781
-5.77781
-5.77846
-5.77813
-5.77684
-5.7791
-5.77781
-5.77587
-5.77522
-5.77846
-5.77846
-5.77911
-5.78073
-5.78234
-5.78266
-5.78234
-5.78137
-5.78104
-5.77975
-5.78072
-5.77813
-5.77845
-5.77813
-5.77554
-5.77683
-5.77683
-5.77554
-5.77619
-5.77716
-5.77651
-5.77748
-5.77619
-5.77618
-5.77748
-5.77942
-5.77812
-5.77845
-5.77877
-5.77748
-5.77683
-5.77683
-5.7791
-5.7791
-5.78007
-5.78007
-5.77974
-5.78072
-5.78428
-5.78201
-5.77909
-5.78104
-5.78298
-5.78007
-5.77716
-5.77716
-5.77748
-5.77715
-5.77683
-5.77909
-5.77876
-5.77844
-5.77779
-5.77876
-5.77909
-5.77845
-5.77715
-5.77715
-5.77683
-5.77845
-5.77974
-5.7791
-5.77942
-5.7791
-5.78039
-5.78039
-5.77974
-5.78039
-5.78006
-5.77844
-5.77909
-5.78071
-5.78071
-5.77974
-5.78137
-5.7804
-5.78266
-5.78137
-5.77942
-5.7778
-5.77456
-5.77521
-5.77392
-5.77327
-5.77262
-5.77262
-5.77068
-5.76906
-5.77197
-5.77068
-5.77359
-5.77424
-5.77359
-5.771
-5.77132
-5.77359
-5.77229
-5.77197
-5.77326
-5.77326
-5.77391
-5.77521
-5.77683
-5.77521
-5.77651
-5.77716
-5.77715
-5.77165
-5.77197
-5.77391
-5.77488
-5.77456
-5.77456
-5.77294
-5.77489
-5.77586
-5.77489
-5.77586
-5.7736
-5.77522
-5.77619
-5.77619
-5.77911
-5.77684
-5.77716
-5.77716
-5.77878
-5.77781
-5.77813
-5.77942
-5.77748
-5.77845
-5.77877
-5.77716
-5.77684
-5.77749
-5.77587
-5.77652
-5.77684
-5.77749
-5.77619
-5.77716
-5.77684
-5.77651
-5.77651
-5.77587
-5.77522
-5.77586
-5.77586
-5.77489
-5.77619
-5.77684
-5.77813
-5.77716
-5.77652
-5.77717
-5.77879
-5.77814
-5.77749
-5.77814
-5.77587
-5.77522
-5.77522
-5.77652
-5.77717
-5.77652
-5.77328
-5.77425
-5.77393
-5.77523
-5.7749
-5.77652
-5.77879
-5.77943
-5.77814
-5.77781
-5.7804
-5.78008
-5.78138
-5.7817
-5.78267
-5.78105
-5.78397
-5.78299
-5.78234
-5.78299
-5.78266
-5.78266
-5.78039
-5.78007
-5.77974
-5.78104
-5.7791
-5.77651
-5.77619
-5.77748
-5.77651
-5.77684
-5.77651
-5.77651
-5.77619
-5.77522
-5.77684
-5.77684
-5.77716
-5.77749
-5.77878
-5.77975
-5.77975
-5.78007
-5.77975
-5.77943
-5.77943
-5.78008
-5.78105
-5.78105
-5.77749
-5.77911
-5.77975
-5.78105
-5.78138
-5.77911
-5.78073
-5.77976
-5.77975
-5.77846
-5.77619
-5.77781
-5.77781
-5.77651
-5.77587
-5.77522
-5.77619
-5.77781
-5.77781
-5.77619
-5.77813
-5.7804
-5.77846
-5.78073
-5.7804
-5.78041
-5.78008
-5.78267
-5.78202
-5.78202
-5.78202
-5.7817
-5.7817
-5.78105
-5.78137
-5.78234
-5.78073
-5.7804
-5.77814
-5.77782
-5.77944
-5.77717
-5.77814
-5.77782
-5.77847
-5.77652
-5.77458
-5.77393
-5.77361
-5.77458
-5.77523
-5.7762
-5.77749
-5.77684
-5.77555
-5.77458
-5.77458
-5.77328
-5.77231
-5.77199
-5.77491
-5.77588
-5.77815
-5.77588
-5.77717
-5.77749
-5.77911
-5.77749
-5.77749
-5.77652
-5.77911
-5.77944
-5.77846
-5.78008
-5.77685
-5.77684
-5.77685
-5.77911
-5.77944
-5.77847
-5.77944
-5.77944
-5.78106
-5.78041
-5.77976
-5.77879
-5.77782
-5.77879
-5.77782
-5.77846
-5.77522
-5.7749
-5.77652
-5.77782
-5.7762
-5.7762
-5.77717
-5.77458
-5.77458
-5.77588
-5.77652
-5.77426
-5.77685
-5.77588
-5.7762
-5.77523
-5.77523
-5.77523
-5.77588
-5.7775
-5.77685
-5.77815
-5.77685
-5.7762
-5.7762
-5.7762
-5.77426
-5.7762
-5.77717
-5.77587
-5.77523
-5.77685
-5.77685
-5.77879
-5.77588
-5.7775
-5.77847
-5.77815
-5.77815
-5.77686
-5.77459
-5.77556
-5.77685
-5.77782
-5.77555
-5.77555
-5.77394
-5.77232
-5.77103
-5.77232
-5.77135
-5.772
-5.77264
-5.77297
-5.77491
-5.7749
-5.77685
-5.77879
-5.77814
-5.77911
-5.77782
-5.77944
-5.77944
-5.77782
-5.77588
-5.77621
-5.77944
-5.77718
-5.7775
-5.77685
-5.77782
-5.77587
-5.7749
-5.7749
-5.77491
-5.77588
-5.7775
-5.7775
-5.77782
-5.77847
-5.77653
-5.77686
-5.77685
-5.77783
-5.77815
-5.77912
-5.77912
-5.77945
-5.78107
-5.78009
-5.77912
-5.77847
-5.77912
-5.77944
-5.77912
-5.77847
-5.77782
-5.77782
-5.77459
-5.77232
-5.77297
-5.77524
-5.77524
-5.77427
-5.77394
-5.77329
-5.77167
-5.77102
-5.77005
-5.77005
-5.7707
-5.77297
-5.77556
-5.77621
-5.77621
-5.77524
-5.77557
-5.77686
-5.77492
-5.77589
-5.77491
-5.77588
-5.77394
-5.77426
-5.77394
-5.77491
-5.77523
-5.77815
-5.77782
-5.77815
-5.7788
-5.77977
-5.78106
-5.78204
-5.77944
-5.78139
-5.78301
-5.78236
-5.78268
-5.78203
-5.78138
-5.77879
-5.77944
-5.77912
-5.78106
-5.77815
-5.77815
-5.77685
-5.77717
-5.77653
-5.77588
-5.77782
-5.7775
-5.7775
-5.77458
-5.77394
-5.77523
-5.77588
-5.77491
-5.77491
-5.77717
-5.77717
-5.7762
-5.77458
-5.77328
-5.77328
-5.77361
-5.77523
-5.77555
-5.77491
-5.77523
-5.77491
-5.77523
-5.7762
-5.77717
-5.7749
-5.77361
-5.77393
-5.77426
-5.77458
-5.7762
-5.77815
-5.77815
-5.77912
-5.77555
-5.77555
-5.77523
-5.77555
-5.7749
-5.77555
-5.7762
-5.77588
-5.77749
-5.77782
-5.77749
-5.77749
-5.77749
-5.77782
-5.77749
-5.77879
-5.77782
-5.77717
-5.77911
-5.77911
-5.78041
-5.78235
-5.78332
-5.783
-5.78138
-5.77878
-5.77587
-5.77522
-5.77392
-5.77489
-5.77554
-5.77684
-5.77619
-5.77619
-5.77749
-5.77976
-5.77911
-5.77814
-5.77878
-5.77619
-5.77392
-5.77457
-5.77489
-5.77554
-5.77619
-5.77684
-5.77716
-5.77652
-5.77619
-5.77522
-5.77425
-5.77392
-5.77263
-5.77231
-5.77263
-5.77231
-5.77263
-5.77328
-5.77328
-5.77522
-5.77684
-5.77814
-5.77749
-5.77684
-5.77651
-5.77651
-5.77651
-5.77749
-5.77975
-5.77943
-5.78137
-5.78008
-5.77976
-5.77781
-5.77749
-5.77781
-5.77781
-5.77781
-5.77457
-5.77554
-5.77781
-5.77975
-5.78137
-5.78332
-5.7804
-5.77975
-5.7804
-5.78072
-5.78169
-5.7804
-5.77749
-5.77716
-5.77781
-5.77716
-5.77619
-5.7749
-5.77619
-5.77813
-5.77651
-5.77716
-5.77781
-5.77943
-5.77684
-5.77716
-5.78008
-5.77846
-5.77813
-5.77943
-5.77943
-5.77975
-5.77813
-5.77781
-5.77813
-5.77521
-5.77521
-5.77489
-5.7723
-5.77262
-5.77424
-5.77619
-5.77716
-5.77684
-5.77684
-5.77781
-5.78039
-5.78007
-5.77877
-5.77715
-5.77812
-5.77683
-5.77845
-5.77878
-5.77748
-5.77619
-5.77716
-5.77586
-5.77748
-5.77586
-5.77748
-5.77748
-5.77586
-5.77586
-5.77683
-5.77748
-5.77618
-5.77748
-5.77651
-5.77651
-5.77554
-5.77456
-5.77294
-5.77262
-5.77359
-5.77456
-5.77586
-5.77813
-5.77877
-5.7791
-5.7791
-5.77942
-5.77813
-5.78071
-5.78104
-5.77845
-5.7765
-5.77586
-5.77715
-5.77812
-5.77683
-5.77456
-5.77359
-5.77359
-5.77327
-5.77229
-5.771
-5.77262
-5.77197
-5.77456
-5.77683
-5.7765
-5.77909
-5.78136
-5.78233
-5.78006
-5.78071
-5.77941
-5.78006
-5.78006
-5.77941
-5.77876
-5.77974
-5.77844
-5.77812
-5.7778
-5.77747
-5.77553
-5.7752
-5.77326
-5.77132
-5.77164
-5.77164
-5.77197
-5.77229
-5.77456
-5.77424
-5.77391
-5.77586
-5.77424
-5.77424
-5.77553
-5.77974
-5.77877
-5.77877
-5.77844
-5.77877
-5.77553
-5.77618
-5.77715
-5.77845
-5.7778
-5.77909
-5.77715
-5.77715
-5.77683
-5.77683
-5.77877
-5.78006
-5.78039
-5.78006
-5.77779
-5.77617
-5.77812
-5.77812
-5.7778
-5.77618
-5.77651
-5.77715
-5.77554
-5.77294
-5.77326
-5.77294
-5.77293
-5.77261
-5.77132
-5.77229
-5.77358
-5.77423
-5.7752
-5.77455
-5.77423
-5.77553
-5.77391
-5.77489
-5.77489
-5.77198
-5.77101
-5.77003
-5.7723
-5.77262
-5.77068
-5.77067
-5.77262
-5.77294
-5.77358
-5.77326
-5.77391
-5.7752
-5.7765
-5.77618
-5.77521
-5.77424
-5.77424
-5.77359
-5.77392
-5.77424
-5.77327
-5.77457
-5.77618
-5.77651
-5.7778
-5.77942
-5.7778
-5.77716
-5.77619
-5.77424
-5.7723
-5.77392
-5.77586
-5.77651
-5.77586
-5.77651
-5.77489
-5.77424
-5.77619
-5.77748
-5.77651
-5.77683
-5.77651
-5.77651
-5.77521
-5.77651
-5.77618
-5.77554
-5.77457
-5.77456
-5.77521
-5.77683
-5.77521
-5.77683
-5.77651
-5.77651
-5.77619
-5.77748
-5.77586
-5.77619
-5.77845
-5.7778
-5.7791
-5.77942
-5.7791
-5.77878
-5.7791
-5.77651
-5.77327
-5.7736
-5.77295
-5.77522
-5.77489
-5.77522
-5.77619
-5.77522
-5.77554
-5.77521
-5.77651
-5.77748
-5.77586
-5.77489
-5.77456
-5.77392
-5.77392
-5.77295
-5.77198
-5.77424
-5.77392
-5.77295
-5.77554
-5.77522
-5.77424
-5.77619
-5.77716
-5.77781
-5.77651
-5.77587
-5.77587
-5.77522
-5.77619
-5.77651
-5.77489
-5.77424
-5.77424
-5.77457
-5.77295
-5.77327
-5.77554
-5.77683
-5.7749
-5.77587
-5.77457
-5.7749
-5.77781
-5.77814
-5.77878
-5.77716
-5.77651
-5.77651
-5.77684
-5.77878
-5.77846
-5.77911
-5.77652
-5.7749
-5.77361
-5.77393
-5.77522
-5.77716
-5.77749
-5.77846
-5.77878
-5.7791
-5.7791
-5.78008
-5.77846
-5.77781
-5.77749
-5.77749
-5.78008
-5.7762
-5.77652
-5.77588
-5.77749
-5.77458
-5.77328
-5.77393
-5.7749
-5.77554
-5.77586
-5.77489
-5.77424
-5.77424
-5.7736
-5.77392
-5.77263
-5.7723
-5.77457
-5.77327
-5.77457
-5.77425
-5.77392
-5.7723
-5.77392
-5.77425
-5.77586
-5.77392
-5.77457
-5.77619
-5.77618
-5.77489
-5.77619
-5.77554
-5.77554
-5.77845
-5.7791
-5.77846
-5.77749
-5.77587
-5.77457
-5.77522
-5.77522
-5.77392
-5.77457
-5.77457
-5.77457
-5.77587
-5.77457
-5.77457
-5.77457
-5.7736
-5.77393
-5.77392
-5.77554
-5.77425
-5.77392
-5.77554
-5.77651
-5.77489
-5.77749
-5.77846
-5.77976
-5.77879
-5.77976
-5.77911
-5.77814
-5.77782
-5.77879
-5.77782
-5.78008
-5.78073
-5.77814
-5.77781
-5.77943
-5.78041
-5.78138
-5.77814
-5.77782
-5.77846
-5.77749
-5.77814
-5.77846
-5.77944
-5.77911
-5.77879
-5.77653
-5.77426
-5.77361
-5.77328
-5.77393
-5.7736
-5.77554
-5.77651
-5.77651
-5.77554
-5.77555
-5.77749
-5.77619
-5.77814
-5.77814
-5.77814
-5.77685
-5.77685
-5.77393
-5.7749
-5.77425
-5.77555
-5.77587
-5.77717
-5.77749
-5.77555
-5.77555
-5.77555
-5.77879
-5.77879
-5.77652
-5.77588
-5.77653
-5.77588
-5.77652
-5.77652
-5.77814
-5.77976
-5.77879
-5.78041
-5.78268
-5.78235
-5.78073
-5.77976
-5.7775
-5.77879
-5.77458
-5.77393
-5.77555
-5.77393
-5.77231
-5.77231
-5.77426
-5.77264
-5.77296
-5.77231
-5.77393
-5.77458
-5.77458
-5.77652
-5.7749
-5.7762
-5.77199
-5.77134
-5.77199
-5.77005
-5.77069
-5.77199
-5.77134
-5.77134
-5.77328
-5.77361
-5.77458
-5.77426
-5.77264
-5.77296
-5.77393
-5.77555
-5.77749
-5.77426
-5.77555
-5.7749
-5.77458
-5.77523
-5.77523
-5.7749
-5.77782
-5.77749
-5.77717
-5.7775
-5.7775
-5.77782
-5.77944
-5.77847
-5.77944
-5.78009
-5.77783
-5.7788
-5.77783
-5.77815
-5.77847
-5.77912
-5.77977
-5.77912
-5.78074
-5.77944
-5.7788
-5.77847
-5.77848
-5.77945
-5.77815
-5.77848
-5.77783
-5.77621
-5.77524
-5.77621
-5.77556
-5.77492
-5.77395
-5.77492
-5.77362
-5.77524
-5.7746
-5.77589
-5.77395
-5.77233
-5.76941
-5.77038
-5.77006
-5.77167
-5.77329
-5.77297
-5.77297
-5.77524
-5.77589
-5.77686
-5.77557
-5.77719
-5.77783
-5.77654
-5.77783
-5.7788
-5.78042
-5.78106
-5.78074
-5.77944
-5.77977
-5.7788
-5.78139
-5.78268
-5.78397
-5.78138
-5.78106
-5.78041
-5.78041
-5.77879
-5.78009
-5.77879
-5.77717
-5.77361
-5.77394
-5.77588
-5.77686
-5.77686
-5.77621
-5.77524
-5.77557
-5.77524
-5.77524
-5.77492
-5.77686
-5.77556
-5.77556
-5.77588
-5.77459
-5.77426
-5.77329
-5.77556
-5.77556
-5.77686
-5.77686
-5.77816
-5.77848
-5.77783
-5.77718
-5.77524
-5.77557
-5.77751
-5.77783
-5.77815
-5.77524
-5.772
-5.77297
-5.77394
-5.77361
-5.77394
-5.77394
-5.77426
-5.77458
-5.77297
-5.77232
-5.77491
-5.77621
-5.77783
-5.77815
-5.77588
-5.77653
-5.77782
-5.77814
-5.77814
-5.77814
-5.77944
-5.78171
-5.78106
-5.78042
-5.7788
-5.77912
-5.7775
-5.77426
-5.77458
-5.77329
-5.7749
-5.77523
-5.77652
-5.77781
-5.77717
-5.77846
-5.78106
-5.77976
-5.78074
-5.77912
-5.77847
-5.77783
-5.77718
-5.7775
-5.7788
-5.77685
-5.77556
-5.7762
-5.77685
-5.77717
-5.77523
-5.77329
-5.77199
-5.77361
-5.77264
-5.77264
-5.77297
-5.77232
-5.77199
-5.77199
-5.77361
-5.77459
-5.77556
-5.77783
-5.77783
-5.77815
-5.77848
-5.77945
-5.78074
-5.77944
-5.78074
-5.78138
-5.77976
-5.78236
-5.78301
-5.78074
-5.77945
-5.78074
-5.77944
-5.77944
-5.77912
-5.7775
-5.77588
-5.77621
-5.77556
-5.77523
-5.77329
-5.77296
-5.77329
-5.7749
-5.77393
-5.77523
-5.77588
-5.77588
-5.77589
-5.77718
-5.77751
-5.7788
-5.77912
-5.77912
-5.77944
-5.77717
-5.77685
-5.77814
-5.77815
-5.77847
-5.77815
-5.77782
-5.77588
-5.77685
-5.77782
-5.77847
-5.77847
-5.77782
-5.77944
-5.77621
-5.77847
-5.78074
-5.78009
-5.77977
-5.77945
-5.77815
-5.77524
-5.77718
-5.77621
-5.77589
-5.7775
-5.7775
-5.77718
-5.77847
-5.77815
-5.7788
-5.7801
-5.78075
-5.7801
-5.78042
-5.7814
-5.77783
-5.77654
-5.77524
-5.77589
-5.77718
-5.77977
-5.78074
-5.7801
-5.7788
-5.77815
-5.77718
-5.77621
-5.77621
-5.77556
-5.77686
-5.77589
-5.77686
-5.77653
-5.77783
-5.77653
-5.77783
-5.77686
-5.77588
-5.77621
-5.77718
-5.78009
-5.77976
-5.78138
-5.77944
-5.77976
-5.77717
-5.77815
-5.77653
-5.7788
-5.77977
-5.77977
-5.77912
-5.7788
-5.77751
-5.77977
-5.77945
-5.7775
-5.77394
-5.77491
-5.77491
-5.77588
-5.77426
-5.77458
-5.77652
-5.77523
-5.77394
-5.77329
-5.77362
-5.77329
-5.77232
-5.77362
-5.77362
-5.77427
-5.77427
-5.77426
-5.77426
-5.77458
-5.77459
-5.77459
-5.77491
-5.77556
-5.77588
-5.7762
-5.7775
-5.77782
-5.77847
-5.77717
-5.7775
-5.77685
-5.77847
-5.7788
-5.7788
-5.77944
-5.77976
-5.77814
-5.77944
-5.77976
-5.78008
-5.77911
-5.77814
-5.77717
-5.77879
-5.77782
-5.77717
-5.77911
-5.77911
-5.78008
-5.77911
-5.77717
-5.77684
-5.77879
-5.77846
-5.77619
-5.7762
-5.77717
-5.77749
-5.77976
-5.77976
-5.78041
-5.78105
-5.77943
-5.77846
-5.77522
-5.7762
-5.77652
-5.77523
-5.77361
-5.77458
-5.77652
-5.7762
-5.7762
-5.77717
-5.77619
-5.77522
-5.77555
-5.77685
-5.7762
-5.77652
-5.7749
-5.77555
-5.77588
-5.77847
-5.77944
-5.78073
-5.7817
-5.78008
-5.77943
-5.78008
-5.77813
-5.77813
-5.77846
-5.77652
-5.77619
-5.77555
-5.77328
-5.77426
-5.77361
-5.7762
-5.77653
-5.77944
-5.77879
-5.77847
-5.77911
-5.77846
-5.77749
-5.77555
-5.77296
-5.77425
-5.77782
-5.77652
-5.7762
-5.77426
-5.77685
-5.77847
-5.78171
-5.78301
-5.78074
-5.78236
-5.78334
-5.78237
-5.78107
-5.78269
-5.78171
-5.77945
-5.77977
-5.7788
-5.77783
-5.77977
-5.77653
-5.77459
-5.77459
-5.77524
-5.77686
-5.77654
-5.77654
-5.77848
-5.77718
-5.77589
-5.77589
-5.77557
-5.77427
-5.77298
-5.77265
-5.77362
-5.7733
-5.77362
-5.77232
-5.77264
-5.77361
-5.77297
-5.77167
-5.77297
-5.77103
-5.76973
-5.77135
-5.77329
-5.77232
-5.77135
-5.77135
-5.77329
-5.77459
-5.77556
-5.77621
-5.77621
-5.77556
-5.77621
-5.77556
-5.77394
-5.77426
-5.77588
-5.77847
-5.77815
-5.77847
-5.77912
-5.78009
