0.791663
0.787606
0.787813
0.790956
0.795359
0.799449
0.801922
0.801713
0.79815
0.791251
0.782075
0.772773
0.766092
0.764573
0.769515
0.780501
0.79544
0.811151
0.824193
0.83162
0.831549
0.823342
0.80757
0.78591
0.760693
0.734637
0.710292
0.690001
0.675679
0.668729
0.669866
0.678975
0.694959
0.715697
0.738136
0.758779
0.774467
0.783136
0.784281
0.778767
0.768447
0.75551
0.742102
0.730263
0.72184
0.718501
0.72147
0.731058
0.746273
0.76498
0.784399
0.801781
0.815133
0.82337
0.826336
0.824475
0.818478
0.809037
0.796837
0.782729
0.768072
0.754525
0.743783
0.737108
0.734918
0.736802
0.741889
0.749287
0.758125
0.767539
0.776551
0.784175
0.789643
0.792777
0.793894
0.793693
0.792905
0.792068
0.791526
0.791466
0.791901
0.792669
0.793474
0.794023
0.794059
0.793516
0.792482
0.791065
0.789355
0.787384
0.785108
0.782367
0.77884
0.774099
0.7677
0.759452
0.749515
0.738507
0.727486
0.717618
0.709777
0.704213
0.700515
0.69782
0.695456
0.693434
0.692579
0.694164
0.699405
0.708922
0.722543
0.739406
0.758342
0.778302
0.798618
0.818787
0.83808
0.855287
0.868958
0.877713
0.880695
0.877837
0.86982
0.857859
0.843296
0.827368
0.811178
0.795627
0.781485
0.769381
0.759557
0.751851
0.745515
0.739488
0.732673
0.724474
0.715176
0.706043
0.699072
0.696401
0.699624
0.709019
0.72304
0.738618
0.752077
0.760292
0.761605
0.756307
0.746498
0.735455
0.7267
0.72291
0.725301
0.733581
0.746232
0.761081
0.775753
0.788167
0.797009
0.802098
0.804482
0.80583
0.807732
0.811191
0.816452
0.823141
0.830333
0.836778
0.841062
0.841904
0.838564
0.831393
0.822122
0.813365
0.807244
0.803898
0.801707
0.798779
0.794
0.787112
0.778297
0.767842
0.756141
0.743819
0.731651
0.720479
0.710986
0.703696
0.699077
0.697462
0.699035
0.703804
0.711642
0.722293
0.735279
0.74992
0.765366
0.780756
0.795237
0.807945
0.817948
0.824332
0.82639
0.823804
0.816902
0.806679
0.794631
0.782484
0.771939
0.764398
0.760727
0.761098
0.764942
0.771119
0.778308
0.78543
0.792034
0.798314
0.804857
0.812187
0.820376
0.828516
0.834856
0.837219
0.833833
0.824055
0.808698
0.789918
0.770247
0.75169
0.735249
0.721162
0.709638
0.701257
0.697045
0.698067
0.704791
0.716694
0.732185
0.749069
0.765308
0.779481
0.790763
0.798661
0.802805
0.802879
0.799016
0.792051
0.783533
0.775473
0.769681
0.767145
0.767831
0.770703
0.774285
0.776992
0.777487
0.77473
0.768175
0.757753
0.743985
0.728122
0.712102
0.698266
0.688767
0.685024
0.687396
0.695156
0.706841
0.720692
0.734972
0.748258
0.759647
0.768867
0.776276
0.782584
0.788565
0.794823
0.801609
0.808877
0.816463
0.824266
0.832268
0.840391
0.848272
0.855257
0.860572
0.863626
0.863926
0.861011
0.854337
0.843477
0.828608
0.810655
0.791198
0.772158
0.755377
0.742393
0.73414
0.730608
0.730676
0.732237
0.732905
0.730832
0.725192
0.716164
0.704679
0.692141
0.680437
0.671785
0.668359
0.671841
0.68286
0.700843
0.724137
0.750277
0.77655
0.800444
0.82001
0.833998
0.841946
0.844054
0.841131
0.834495
0.825658
0.816195
0.807528
0.800652
0.79591
0.792962
0.790981
0.788851
0.78559
0.78063
0.774102
0.766875
0.760297
0.75575
0.754237
0.756153
0.761325
0.769082
0.778387
0.787921
0.796245
0.802045
0.804244
0.802
0.79476
0.782602
0.7666
0.749014
0.733016
0.72205
0.718605
0.723322
0.73482
0.750212
0.76616
0.779736
0.788937
0.79283
0.791343
0.785095
0.775063
0.762469
0.748755
0.735764
0.72579
0.721333
0.724208
0.734662
0.751189
0.7711
0.791412
0.809562
0.823651
0.832408
0.835288
0.832572
0.825571
0.816473
0.807857
0.801889
0.799668
0.800971
0.80436
0.807797
0.809426
0.808305
0.804591
0.799212
0.793246
0.78748
0.782259
0.777577
0.773245
0.769076
0.764791
0.759859
0.753549
0.744975
0.733493
0.719171
0.702987
0.686724
0.672571
0.662535
0.658124
0.660498
0.670531
0.68816
0.711553
0.737223
0.761491
0.781753
0.796834
0.806631
0.811648
0.812695
0.810664
0.806428
0.800802
0.794483
0.788091
0.782325
0.777988
0.776025
0.777327
0.78246
0.791383
0.803434
0.817393
0.831712
0.844825
0.855219
0.861511
0.862493
0.85711
0.844669
0.825159
0.799696
0.77084
0.742493
0.719057
0.703906
0.698147
0.70045
0.70784
0.716964
0.725252
0.731498
0.735759
0.738745
0.741033
0.742854
0.744356
0.745994
0.748581
0.75289
0.759127
0.766681
0.774305
0.780471
0.783834
0.783424
0.77876
0.769956
0.758046
0.745175
0.734331
0.728382
0.728843
0.73535
0.745814
0.757418
0.767725
0.775161
0.779345
0.781101
0.781952
0.783447
0.786588
0.79151
0.7976
0.803757
0.808885
0.812356
0.814235
0.815334
0.816813
0.819515
0.823427
0.827507
0.829963
0.828987
0.8234
0.812851
0.797841
0.779507
0.759526
0.739913
0.722799
0.70997
0.702542
0.700604
0.703384
0.709671
0.718143
0.727787
0.737962
0.748394
0.759082
0.770168
0.781682
0.793236
0.803918
0.812567
0.818076
0.819836
0.817759
0.812225
0.803864
0.793353
0.781329
0.768279
0.754661
0.741037
0.728334
0.717835
0.710841
0.708296
0.710452
0.716747
0.72619
0.737642
0.750081
0.762615
0.77459
0.785509
0.795039
0.802868
0.808712
0.812252
0.813009
0.810383
0.803959
0.793871
0.78124
0.768317
0.757997
0.752562
0.752599
0.757019
0.763791
0.770891
0.776927
0.781321
0.784064
0.785627
0.786575
0.787257
0.787556
0.786896
0.784422
0.7795
0.772212
0.76354
0.754916
0.747699
0.742626
0.739831
0.739015
0.739647
0.741184
0.743169
0.745506
0.748544
0.752928
0.759266
0.767692
0.777835
0.788832
0.799579
0.808944
0.81603
0.820187
0.821031
0.818435
0.812312
0.802416
0.788432
0.770506
0.749804
0.728826
0.711174
0.700581
0.699871
0.709908
0.729096
0.753725
0.778982
0.800213
0.814045
0.81897
0.815374
0.80511
0.790893
0.775438
0.761033
0.749248
0.741078
0.736834
0.736279
0.738706
0.743061
0.748197
0.753115
0.757152
0.760049
0.761867
0.762975
0.763965
0.765605
0.76848
0.772654
0.777648
0.782533
0.78624
0.787949
0.787301
0.784363
0.779515
0.773341
0.766316
0.758779
0.750928
0.742816
0.734362
0.72559
0.716834
0.708857
0.702961
0.700824
0.704202
0.714465
0.732122
0.75646
0.7855
0.816397
0.845934
0.871232
0.890193
0.901627
0.905005
0.900256
0.887617
0.867636
0.841281
0.810194
0.776784
0.744199
0.716128
0.696229
0.687045
0.688933
0.699594
0.714791
0.729981
0.741834
0.748919
0.751528
0.750954
0.748783
0.746315
0.74439
0.743309
0.742992
0.74329
0.74431
0.746512
0.750636
0.75736
0.767095
0.77984
0.795082
0.811714
0.828054
0.842093
0.851899
0.856084
0.85408
0.846243
0.833686
0.81807
0.801343
0.785608
0.772905
0.764992
0.76273
0.765492
0.771267
0.777394
0.781687
0.78304
0.781507
0.777953
0.773607
0.769514
0.766159
0.763365
0.760412
0.756535
0.751306
0.744881
0.737975
0.731731
0.727472
0.726502
0.729738
0.737429
0.749048
0.763251
0.778147
0.791607
0.801693
0.807131
0.807534
0.803621
0.796943
0.789386
0.782515
0.777047
0.772878
0.769406
0.766033
0.76259
0.759354
0.756889
0.755789
0.756315
0.758437
0.761857
0.766082
0.770441
0.774192
0.776538
0.776721
0.773983
0.767753
0.757825
0.744707
0.72984
0.715666
0.705286
0.701668
0.7067
0.72055
0.741405
0.765972
0.790432
0.811279
0.825889
0.832728
0.831408
0.822683
0.808356
0.791073
0.773776
0.759133
0.749
0.744055
0.743886
0.74729
0.752801
0.759096
0.765085
0.769962
0.773175
0.774504
0.774146
0.772648
0.770781
0.769219
0.768331
0.768193
0.768687
0.769611
0.770764
0.771866
0.772543
0.77242
0.771167
0.768657
0.765116
0.761203
0.758044
0.757068
0.759422
0.7651
0.772841
0.780765
0.787292
0.79168
0.793944
0.794545
0.793842
0.791831
0.788135
0.782238
0.773795
0.762828
0.749893
0.735978
0.722499
0.711093
0.703442
0.700968
0.704543
0.713954
0.727661
0.743121
0.757593
0.769049
0.776479
0.779946
0.780216
0.778391
0.775698
0.773238
0.771942
0.772593
0.775912
0.782675
0.793563
0.808585
0.826567
0.845169
0.861428
0.872613
0.876681
0.872556
0.860154
0.840184
0.814032
0.783734
0.751832
0.721271
0.695088
0.676066
0.66615
0.666051
0.67495
0.690662
0.710327
0.730934
0.749903
0.76537
0.776202
0.781777
0.781817
0.776316
0.765797
0.751604
0.736112
0.722371
0.713384
0.711053
0.715361
0.72458
0.736213
0.748123
0.759014
0.768434
0.776556
0.783787
0.79042
0.79651
0.80187
0.806197
0.809236
0.810975
0.81158
0.811267
0.810099
0.807903
0.804268
0.798723
0.790904
0.780886
0.769424
0.757942
0.748155
0.741487
0.738648
0.739446
0.742832
0.747369
0.751701
0.755067
0.757345
0.758901
0.760305
0.761995
0.764036
0.766136
0.767844
0.768757
0.76873
0.768027
0.767357
0.767618
0.769526
0.77329
0.778393
0.783728
0.787662
0.788503
0.784867
0.776197
0.763096
0.747448
0.73205
0.719588
0.711701
0.708708
0.709859
0.713841
0.71913
0.724509
0.729342
0.733615
0.73793
0.743336
0.750907
0.761458
0.775235
0.79153
0.808678
0.82443
0.836572
0.843584
0.845033
0.841526
0.834316
0.824982
0.814983
0.805344
0.796626
0.788881
0.781807
0.775081
0.768623
0.762814
0.758467
0.756584
0.757903
0.762603
0.770072
0.77916
0.788447
0.79658
0.802544
0.805707
0.805656
0.802294
0.795843
0.786996
0.776739
0.766276
0.75678
0.749092
0.743632
0.740238
0.738367
0.7372
0.735904
0.73387
0.730964
0.727526
0.724211
0.721715
0.720547
0.720909
0.722574
0.724886
0.727033
0.728379
0.728689
0.728185
0.727469
0.727416
0.728973
0.733033
0.740194
0.750506
0.763246
0.776972
0.789932
0.800428
0.807202
0.809719
0.808078
0.80289
0.795122
0.785986
0.776874
0.769239
0.764391
0.76313
0.765399
0.770128
0.775474
0.779377
0.780279
0.777753
0.772654
0.76676
0.76206
0.759957
0.760934
0.764605
0.770119
0.776557
0.783006
0.78873
0.793193
0.796067
0.797217
0.796752
0.795117
0.792986
0.791081
0.790029
0.790087
0.791059
0.792349
0.793175
0.792762
0.790519
0.78616
0.779648
0.771327
0.76187
0.752122
0.742913
0.734876
0.728498
0.724423
0.723651
0.727402
0.73641
0.750227
0.766959
0.783721
0.797556
0.806154
0.808459
0.804627
0.795893
0.784086
0.771127
0.758646
0.748072
0.740829
0.738047
0.74013
0.746287
0.754608
0.762967
0.769967
0.775632
0.781375
0.789115
0.800012
0.813519
0.82735
0.838459
0.84432
0.843642
0.836576
0.824477
0.809534
0.794289
0.781214
0.772289
0.768616
0.770159
0.775873
0.783859
0.791812
0.797707
0.800352
0.79966
0.796383
0.791516
0.785761
0.779351
0.772306
0.764803
0.757351
0.750678
0.745371
0.741578
0.739073
0.737501
0.736716
0.737004
0.738905
0.74279
0.74843
0.755067
0.76166
0.767336
0.771601
0.774358
0.775589
0.775167
0.772746
0.767889
0.760285
0.749843
0.73679
0.721743
0.705722
0.690126
0.676724
0.66746
0.664111
0.667731
0.678257
0.694465
0.714242
0.735153
0.755144
0.773034
0.788633
0.802405
0.814841
0.825972
0.8351
0.840975
0.842357
0.838669
0.830304
0.818611
0.805433
0.792492
0.781034
0.771629
0.764273
0.758613
0.754322
0.751218
0.749362
0.748999
0.750446
0.753913
0.759406
0.766479
0.774244
0.781527
0.787376
0.791168
0.792583
0.791418
0.78774
0.78203
0.775233
0.768733
0.764088
0.762596
0.764812
0.770178
0.777036
0.783189
0.786776
0.787118
0.784799
0.781257
0.778226
0.777113
0.77877
0.783345
0.790214
0.797876
0.804122
0.806944
0.80526
0.799216
0.789754
0.778184
0.765996
0.754722
0.745801
0.740226
0.738211
0.739274
0.7426
0.747482
0.753471
0.760173
0.766975
0.772863
0.776639
0.777352
0.774671
0.76905
0.761734
0.754412
0.748705
0.74576
0.746054
0.749487
0.755716
0.76427
0.774498
0.785488
0.796092
0.805075
0.811402
0.814446
0.814053
0.810411
0.803952
0.79519
0.784736
0.773323
0.761734
0.750646
0.740542
0.731687
0.724381
0.718888
0.71519
0.712897
0.711471
0.710659
0.710601
0.711631
0.713978
0.717669
0.72261
0.728829
0.736621
0.746585
0.759367
0.775297
0.793897
0.813791
0.83285
0.848586
0.858674
0.861411
0.855969
0.842649
0.822892
0.799343
0.775657
0.75592
0.74366
0.740591
0.746248
0.758443
0.774435
0.791661
0.807935
0.821322
0.830117
0.833001
0.829291
0.81919
0.803848
0.785232
0.765839
0.748285
0.734697
0.726272
0.723024
0.724
0.728013
0.73419
0.741935
0.750251
0.757514
0.761852
0.762058
0.758343
0.752323
0.746395
0.742783
0.742665
0.745745
0.750526
0.755044
0.757682
0.75758
0.754443
0.748423
0.740201
0.7311
0.722967
0.71778
0.716884
0.720514
0.727895
0.737881
0.749647
0.762821
0.777092
0.791592
0.804681
0.814324
0.818831
0.817509
0.810931
0.800795
0.789496
0.779583
0.77322
0.771595
0.774891
0.782232
0.792168
0.803168
0.814046
0.824089
0.832845
0.839745
0.844057
0.845317
0.84364
0.839788
0.835048
0.830742
0.827808
0.826368
0.825542
0.823713
0.819064
0.810071
0.796027
0.777281
0.755285
0.732409
0.71147
0.694993
0.684637
0.680977
0.683659
0.691864
0.704521
0.720286
0.737511
0.754332
0.768923
0.779773
0.785815
0.78653
0.781987
0.772887
0.760338
0.745845
0.73123
0.718679
0.710573
0.709131
0.715572
0.729503
0.74891
0.770929
0.792829
0.812603
0.828971
0.841246
0.849192
0.852862
0.852372
0.847591
0.838103
0.823489
0.804027
0.781021
0.756719
0.733861
0.715117
0.702652
0.697808
0.700811
0.710477
0.724367
0.739465
0.753043
0.763303
0.769412
0.771285
0.769429
0.764949
0.7597
0.756075
0.756434
0.762361
0.773949
0.789625
0.806736
0.822528
0.83508
0.843657
0.848442
0.850009
0.848863
0.845185
0.838991
0.830409
0.819999
0.808732
0.797873
0.788562
0.781394
0.776348
0.772837
0.769835
0.766222
0.761035
0.753752
0.74454
0.734231
0.724216
0.716175
0.711595
0.711373
0.71552
0.723151
0.73271
0.742464
0.751046
0.75768
0.762263
0.765256
0.767423
0.769623
0.772499
0.776389
0.781333
0.786963
0.792627
0.797421
0.800445
0.801035
0.799013
0.794723
0.788923
0.782387
0.775502
0.768154
0.75986
0.750113
0.738705
0.725931
0.71279
0.700861
0.691994
0.68783
0.689491
0.697472
0.711657
0.731357
0.755265
0.781351
0.806987
0.82931
0.845868
0.855144
0.856703
0.851064
0.839386
0.823106
0.803736
0.7828
0.761784
0.742114
0.72506
0.711606
0.702291
0.697168
0.69609
0.698867
0.705421
0.715707
0.729553
0.746555
0.766053
0.787018
0.807935
0.827001
0.842606
0.853732
0.860151
0.862274
0.860673
0.855806
0.848058
0.83775
0.825307
0.81139
0.796768
0.782191
0.768274
0.755368
0.743482
0.732451
0.72213
0.712776
0.705236
0.700716
0.700171
0.703893
0.711456
0.721873
0.733733
0.745356
0.755037
0.761544
0.764619
0.765126
0.764657
0.764798
0.766519
0.769873
0.774225
0.778648
0.782371
0.785123
0.787236
0.789572
0.793265
0.799351
0.808333
0.819817
0.832476
0.844344
0.853432
0.858221
0.858009
0.852885
0.843644
0.83146
0.817754
0.803843
0.790839
0.779335
0.769427
0.760762
0.752776
0.744892
0.736692
0.727976
0.718798
0.709345
0.69976
0.690202
0.681022
0.672894
0.666877
0.664409
0.666941
0.675466
0.689929
0.709082
0.730772
0.752675
0.772916
0.790307
0.804282
0.814572
0.82108
0.823719
0.822465
0.817541
0.809572
0.79975
0.789841
0.781593
0.7764
0.77491
0.776851
0.781288
0.786984
0.792549
0.796601
0.79785
0.795282
0.788419
0.777446
0.76346
0.748309
0.734374
0.723774
0.717583
0.715455
0.716026
0.717721
0.719344
0.720247
0.72034
0.719833
0.719237
0.719431
0.721696
0.727642
0.738714
0.755291
0.776327
0.7997
0.822993
0.84423
0.862117
0.875993
0.885728
0.891425
0.893402
0.892031
0.887519
0.879849
0.868872
0.854407
0.836595
0.816128
0.794317
0.77291
0.7538
0.738539
0.727823
0.72138
0.718167
0.716863
0.716336
0.715951
0.715619
0.715679
0.716636
0.718652
0.721217
0.723015
0.722258
0.71742
0.708067
0.695428
0.68199
0.670779
0.664362
0.664119
0.670062
0.681084
0.695455
0.711476
0.727836
0.743913
0.759609
0.775137
0.790618
0.805897
0.820423
0.83343
0.844196
0.852249
0.857299
0.859124
0.857553
0.852475
0.843981
0.832509
0.819026
0.804821
0.791311
0.7798
0.771196
0.765644
0.762495
0.760475
0.758199
0.754633
0.749477
0.743013
0.735778
0.728253
0.72102
0.71515
0.712439
0.714683
0.722748
0.735894
0.751899
0.767779
0.780585
0.788272
0.790111
0.786711
0.779693
0.771239
0.763452
0.758024
0.75606
0.758081
0.763961
0.772991
0.784073
0.795772
0.806498
0.814756
0.819417
0.819906
0.816151
0.808577
0.797936
0.785226
0.771662
0.758642
0.747696
0.740183
0.73696
0.738031
0.742435
0.748362
0.753798
0.757132
0.757666
0.755683
0.752292
0.749028
0.747447
0.748669
0.753126
0.760581
0.770313
0.781405
0.793169
0.80507
0.816304
0.82533
0.830302
0.830042
0.824624
0.815582
0.805243
0.795843
0.788795
0.78432
0.781746
0.780086
0.778486
0.77652
0.773986
0.770729
0.766554
0.761355
0.755435
0.749618
0.744937
0.742265
0.742081
0.744336
0.748552
0.753882
0.759193
0.7633
0.765151
0.76422
0.760601
0.755013
0.748658
0.743148
0.740309
0.74175
0.748412
0.760067
0.775327
0.792162
0.808424
0.822339
0.832557
0.838251
0.839122
0.835501
0.828381
0.819186
0.809409
0.800254
0.792361
0.785952
0.781019
0.77749
0.775306
0.774404
0.774713
0.776139
0.778614
0.78204
0.786258
0.790848
0.795015
0.797491
0.796716
0.791318
0.780742
0.765638
0.747811
0.729672
0.713536
0.700928
0.692446
0.687872
0.686743
0.688733
0.693763
0.701839
0.71267
0.725582
0.739504
0.753184
0.765511
0.7757
0.783298
0.788111
0.790084
0.78928
0.785953
0.780526
0.773786
0.7668
0.760959
0.757553
0.757374
0.760367
0.765878
0.773175
0.781635
0.790631
0.799443
0.807218
0.813105
0.816364
0.816394
0.812819
0.805506
0.79466
0.780914
0.765486
0.750247
0.737485
0.729223
0.726672
0.729984
0.738613
0.751637
0.767816
0.785638
0.803404
0.819318
0.832001
0.840603
0.844588
0.843562
0.837079
0.82488
0.807475
0.786251
0.763303
0.740911
0.720906
0.704604
0.692883
0.68639
0.685405
0.689756
0.698688
0.710994
0.725415
0.741092
0.757364
0.773616
0.788971
0.802363
0.812929
0.820235
0.824273
0.825176
0.823118
0.818244
0.810891
0.801608
0.791144
0.780396
0.770272
0.761666
0.755463
0.752481
0.752943
0.756084
0.76043
0.764619
0.768257
0.771956
0.776589
0.782455
0.788896
0.794584
0.798165
0.798524
0.795158
0.788243
0.778479
0.766988
0.755083
0.744167
0.73558
0.730617
0.730393
0.73565
0.746433
0.761981
0.780608
0.800084
0.818002
0.832384
0.84189
0.845908
0.844347
0.837359
0.825253
0.808506
0.787851
0.76442
0.739756
0.715858
0.695066
0.679971
0.6729
0.675179
0.686428
0.704549
0.726378
0.74877
0.76945
0.787252
0.801796
0.813028
0.820961
0.825704
0.827558
0.827091
0.825322
0.823497
0.82259
0.822667
0.822803
0.821443
0.817322
0.810329
0.801545
0.792796
0.785977
0.782348
0.782165
0.784686
0.788536
0.792222
0.794742
0.79581
0.795751
0.795288
0.79503
0.795049
0.794683
0.792678
0.787788
0.779302
0.767563
0.754058
0.741037
0.730805
0.724906
0.723591
0.725867
0.730126
0.734806
0.738779
0.741399
0.742293
0.741374
0.738985
0.736163
0.734401
0.735186
0.739457
0.747039
0.756731
0.766749
0.775368
0.781339
0.783997
0.783098
0.778655
0.77122
0.761948
0.752629
0.745321
0.741764
0.742867
0.748321
0.75668
0.765926
0.77433
0.780962
0.785843
0.789676
0.793462
0.798167
0.804312
0.811759
0.819726
0.826889
0.831797
0.833251
0.830508
0.823425
0.812383
0.798066
0.78153
0.764101
0.74736
0.733023
0.722715
0.717576
0.718054
0.723789
0.733666
0.746113
0.759471
0.772395
0.784072
0.794154
0.802442
0.80855
0.811761
0.811314
0.806775
0.798221
0.786375
0.772417
0.757761
0.743917
0.732304
0.724264
0.721007
0.723262
0.730857
0.742595
0.756613
0.770688
0.782688
0.790997
0.794796
0.794147
0.78999
0.783556
0.775996
0.768137
0.760471
0.753643
0.748781
0.747449
0.751065
0.760362
0.775147
0.794227
0.815434
0.836061
0.853204
0.864338
0.867713
0.862489
0.848999
0.828679
0.803926
0.777749
0.753283
0.732947
0.717751
0.707385
0.700698
0.696634
0.69475
0.695286
0.69888
0.705931
0.716265
0.728944
0.742559
0.755565
0.766554
0.774457
0.778684
0.779009
0.775585
0.768801
0.759396
0.74855
0.737876
0.729296
0.724587
0.724984
0.730742
0.741156
0.754832
0.770208
0.785587
0.799426
0.810376
0.817422
0.8201
0.818653
0.813974
0.807368
0.800238
0.793662
0.78835
0.784652
0.782547
0.781758
0.781867
0.782428
0.783136
0.783897
0.784689
0.785332
0.785284
0.783551
0.77907
0.771234
0.760116
0.746416
0.731279
0.716247
0.703103
0.693691
0.689431
0.691003
0.698345
0.710908
0.727757
0.747491
0.768245
0.788013
0.805066
0.818271
0.827283
0.832468
0.834793
0.835543
0.836044
0.837159
0.839012
0.841089
0.842558
0.84256
0.84045
0.835821
0.82834
0.817803
0.804662
0.790275
0.776711
0.765964
0.759017
0.755587
0.754398
0.753783
0.752203
0.74862
0.742741
0.735117
0.726909
0.719757
0.715294
0.714706
0.718313
0.72537
0.734045
0.741853
0.746431
0.746396
0.741702
0.733461
0.723523
0.713842
0.706006
0.701048
0.699522
0.701691
0.707702
0.717473
0.730339
0.744748
0.758499
0.769313
0.775567
0.776516
0.77245
0.764597
0.754927
0.745809
0.739435
0.737377
0.740314
0.748111
0.759967
0.774645
0.790618
0.806287
0.820201
0.83113
0.83828
0.841308
0.840451
0.836575
0.831082
0.825632
0.821719
0.820193
0.820909
0.822909
0.824914
0.825846
0.824893
0.821592
0.815853
0.80809
0.799275
0.7908
0.783945
0.77938
0.776999
0.775839
0.77461
0.772098
0.767636
0.76112
0.753002
0.744057
0.735365
0.728058
0.722959
0.720279
0.719456
0.719322
0.718653
0.716652
0.713204
0.708798
0.704208
0.700281
0.697628
0.696618
0.697344
0.699801
0.703919
0.709817
0.71752
0.726644
0.736165
0.744907
0.751936
0.7569
0.759957
0.761469
0.761869
0.761643
0.761274
0.761382
0.762707
0.765925
0.771398
0.779031
0.788287
0.798355
0.808627
0.818651
0.828253
0.837389
0.846054
0.854101
0.861303
0.86733
0.871783
0.874186
0.874101
0.871249
0.865416
0.856416
0.844082
0.828376
0.809522
0.788138
0.765276
0.742476
0.721672
0.704832
0.693488
0.68811
0.687833
0.690792
0.69508
0.69978
0.705185
0.712043
0.720312
0.728753
0.735777
0.740459
0.742922
0.744157
0.74552
0.748237
0.752903
0.759466
0.767486
0.776266
0.784972
0.792533
0.797751
0.799454
0.79671
0.789244
0.777587
0.763105
0.747743
0.7336
0.722351
0.715033
0.712076
0.713526
0.719352
0.72929
0.742654
0.758167
0.774195
0.789083
0.801486
0.810514
0.815772
0.817154
0.814858
0.80935
0.801436
0.792191
0.782982
0.775232
0.770172
0.768509
0.770167
0.774305
0.779494
0.78409
0.786693
0.7865
0.783592
0.778867
0.77382
0.770031
0.768626
0.769871
0.773103
0.777104
0.780664
0.783047
0.78405
0.783868
0.782723
0.780888
0.77882
0.777168
0.776625
0.777634
0.780204
0.783769
0.787332
0.789909
0.790816
0.789903
0.787521
0.784281
0.780589
0.776393
0.771294
0.764901
0.75707
0.747886
0.737723
0.727345
0.717936
0.710942
0.707769
0.709558
0.716785
0.729074
0.745293
0.763792
0.782601
0.799721
0.813453
0.822632
0.826894
0.8265
0.822142
0.81478
0.805575
0.79605
0.787883
0.782393
0.780027
0.780117
0.78116
0.781329
0.779216
0.77424
0.766806
0.757922
0.74911
0.74189
0.737791
0.738152
0.744056
0.756035
0.773166
0.792618
0.810337
0.822566
0.827264
0.824509
0.816166
0.805106
0.794338
0.786116
0.781484
0.780253
0.781396
0.783577
0.785664
0.786886
0.786863
0.785564
0.783178
0.780075
0.776613
0.772828
0.768451
0.763129
0.756691
0.74935
0.741637
0.734164
0.727568
0.722304
0.718734
0.717067
0.717401
0.719791
0.724162
0.730318
0.737873
0.74632
0.755095
0.763557
0.771034
0.776934
0.780758
0.782432
0.78244
0.781782
0.781701
0.783348
0.787373
0.793817
0.802086
0.811137
0.819744
0.826839
0.831701
0.834117
0.834333
0.832679
0.82947
0.824791
0.818617
0.810883
0.801639
0.791108
0.779525
0.767037
0.753513
0.7388
0.722986
0.706764
0.691777
0.680371
0.675068
0.67769
0.688586
0.706416
0.728551
0.751896
0.773643
0.791752
0.804996
0.812924
0.815715
0.814069
0.809014
0.801825
0.793939
0.786863
0.781958
0.780178
0.781829
0.786413
0.792762
0.799339
0.804664
0.807696
0.807988
0.805565
0.800814
0.794184
0.785961
0.776247
0.765062
0.752558
0.739141
0.725439
0.712282
0.700584
0.691231
0.685033
0.682562
0.684071
0.689378
0.697905
0.708796
0.721227
0.734534
0.748186
0.761736
0.774677
0.786477
0.796634
0.804825
0.810927
0.814917
0.816798
0.816445
0.81367
0.80835
0.800598
0.790881
0.780076
0.769322
0.759704
0.752002
0.746518
0.743241
0.742046
0.743027
0.746674
0.753757
0.764697
0.778809
0.794105
0.808072
0.818556
0.824296
0.824868
0.820448
0.81169
0.799495
0.785204
0.770295
0.75643
0.745234
0.737958
0.73518
0.73662
0.741387
0.748338
0.756373
0.764498
0.771643
0.776822
0.779295
0.778817
0.775472
0.769503
0.761548
0.752937
0.745601
0.741432
0.741435
0.745422
0.752374
0.761005
0.770036
0.778286
0.784816
0.789004
0.790709
0.790259
0.78823
0.78508
0.780773
0.774959
0.767375
0.758582
0.750279
0.744836
0.744092
0.748275
0.755835
0.764333
0.771577
0.776276
0.778199
0.777936
0.776547
0.775045
0.774187
0.77439
0.775842
0.778454
0.781957
0.785773
0.789118
0.791029
0.790604
0.787074
0.780105
0.770169
0.758676
0.747676
0.739178
0.734402
0.733415
0.735451
0.739647
0.745494
0.752948
0.762251
0.77353
0.786542
0.800541
0.8144
0.826936
0.837174
0.844383
0.847945
0.847284
0.841877
0.831605
0.816862
0.7987
0.778817
0.759163
0.741645
0.727617
0.717767
0.712282
0.711265
0.714743
0.722322
0.732417
0.742143
0.748089
0.747553
0.739422
0.724425
0.705126
0.685515
0.670263
0.663411
0.667175
0.681217
0.702861
0.728208
0.753447
0.775616
0.792973
0.804928
0.811815
0.814664
0.814966
0.814298
0.813816
0.813951
0.81432
0.813928
0.811843
0.807644
0.801573
0.794572
0.787816
0.782212
0.778096
0.775259
0.773394
0.772613
0.773394
0.776295
0.781508
0.78852
0.796197
0.803073
0.807675
0.808847
0.805993
0.799234
0.789481
0.778215
0.767127
0.75765
0.750584
0.746196
0.744564
0.745823
0.750316
0.758224
0.769027
0.781238
0.792573
0.800644
0.803556
0.800388
0.791261
0.777113
0.759411
0.740056
0.721074
0.7044
0.691569
0.683458
0.680186
0.681334
0.686096
0.693429
0.702364
0.712189
0.722644
0.733939
0.746571
0.760837
0.77653
0.792801
0.808343
0.821751
0.831991
0.838664
0.841793
0.841824
0.83933
0.834931
0.829359
0.823302
0.817338
0.811925
0.807373
0.803783
0.801094
0.798913
0.79651
0.793067
0.788118
0.781879
0.775026
0.768205
0.761442
0.754286
0.746363
0.737792
0.729286
0.722004
0.717036
0.714969
0.715722
0.718575
0.722457
0.726212
0.728889
0.730051
0.729974
0.729968
0.732169
0.738692
0.75033
0.765876
0.782683
0.798
0.809989
0.817819
0.821588
0.821877
0.819417
0.814898
0.808871
0.801717
0.793811
0.785587
0.777498
0.770134
0.764208
0.760614
0.760211
0.763411
0.769875
0.77832
0.786715
0.792674
0.794029
0.789588
0.779799
0.76707
0.754985
0.746393
0.741831
0.739671
0.737723
0.734725
0.730747
0.726783
0.724084
0.723564
0.725491
0.729686
0.73587
0.743993
0.754376
0.767595
0.784022
0.803264
0.823914
0.84352
0.859116
0.868003
0.868328
0.859471
0.842139
0.818309
0.791108
0.764431
0.74213
0.727076
0.720384
0.721392
0.7281
0.738035
0.748838
0.758714
0.766554
0.771964
0.775039
0.776123
0.775628
0.773917
0.771268
0.767902
0.763925
0.759356
0.754085
0.747933
0.74074
0.732543
0.723657
0.714816
0.707108
0.701789
0.700044
0.702716
0.710217
0.722431
0.738864
0.758555
0.780178
0.80204
0.822365
0.839553
0.852393
0.860065
0.86193
0.857565
0.846945
0.830652
0.809996
0.787104
0.764719
0.745812
0.733071
0.728144
0.731305
0.741606
0.757304
0.77605
0.795116
0.811805
0.824031
0.830776
0.832046
0.828542
0.821138
0.81058
0.79739
0.78205
0.765212
0.747907
0.731582
0.717847
0.708351
0.704411
0.706629
0.714566
0.726641
0.740406
0.75309
0.762228
0.766284
0.76499
0.759455
0.752036
0.745669
0.743051
0.745737
0.753536
0.764546
0.776074
0.785843
0.792936
0.79783
0.801571
0.804874
0.807694
0.809754
0.811109
0.81241
0.814529
0.817822
0.821626
0.824497
0.824922
0.821991
0.815447
0.805538
0.792659
0.777187
0.759519
0.740249
0.720389
0.701524
0.685776
0.675464
0.672382
0.67708
0.688527
0.704744
0.723824
0.744684
0.767024
0.790572
0.814505
0.837118
0.856267
0.869919
0.876717
0.876148
0.868599
0.855223
0.837744
0.818287
0.799175
0.78255
0.770121
0.762734
0.760119
0.760942
0.763108
0.764363
0.762667
0.756579
0.745553
0.730167
0.71211
0.693975
0.678852
0.669575
0.667927
0.674239
0.68757
0.706229
0.728026
0.750559
0.771493
0.788733
0.8008
0.807119
0.808053
0.804766
0.798869
0.792074
0.7859
0.781374
0.778934
0.778481
0.779547
0.781455
0.783516
0.785153
0.78588
0.785195
0.782537
0.777604
0.770577
0.762197
0.753667
0.746112
0.740047
0.735084
0.730552
0.72625
0.723044
0.722472
0.725935
0.733982
0.745994
0.760427
0.775435
0.789263
0.800595
0.808656
0.813166
0.814225
0.812276
0.808061
0.802537
0.796645
0.791032
0.785879
0.781036
0.776331
0.771668
0.766934
0.761712
0.75519
0.746749
0.736458
0.725335
0.715147
0.707835
0.704647
0.705891
0.711423
0.721334
0.735661
0.752941
0.76955
0.781469
0.786647
0.785844
0.781862
0.777931
0.776189
0.777182
0.780437
0.785317
0.791382
0.798466
0.806381
0.814725
0.82284
0.829787
0.834536
0.836125
0.833942
0.82789
0.818352
0.806189
0.792685
0.779245
0.767114
0.757112
0.749462
0.743889
0.740046
0.73809
0.738778
0.742712
0.749486
0.757383
0.764121
0.767783
0.767451
0.763239
0.756176
0.747928
0.740445
0.735584
0.734722
0.738436
0.746389
0.757471
0.770155
0.782962
0.794612
0.804225
0.81111
0.814782
0.814747
0.810639
0.802561
0.791356
0.778567
0.766348
0.756871
0.751793
0.751796
0.756495
0.764625
0.77437
0.783689
0.790635
0.793764
0.792346
0.78647
0.777149
0.7661
0.755287
0.746657
0.741624
0.740903
0.744378
0.751213
0.760013
0.769053
0.776578
0.781034
0.781591
0.778473
0.77304
0.767382
0.763454
0.762156
0.762972
0.764565
0.765609
0.765451
0.764314
0.762936
0.762221
0.762665
0.764245
0.766563
0.769036
0.771259
0.772853
0.773409
0.772458
0.769632
0.764759
0.757853
0.749228
0.739413
0.729223
0.719931
0.713224
0.711174
0.71563
0.7272
0.744568
0.764811
0.784549
0.80117
0.813382
0.821118
0.825026
0.826244
0.826037
0.825496
0.825496
0.826536
0.828913
0.832769
0.837912
0.843851
0.849721
0.854306
0.856276
0.854421
0.847773
0.835839
0.81868
0.797223
0.773279
0.749095
0.72673
0.707629
0.692408
0.681179
0.673978
0.670948
0.672193
0.677593
0.686587
0.698205
0.711202
0.724235
0.73612
0.74602
0.75357
0.758792
0.761717
0.762225
0.760141
0.755494
0.748886
0.741426
0.734479
0.729231
0.726459
0.726494
0.72933
0.734795
0.742636
0.752558
0.764256
0.777505
0.792026
0.807251
0.822037
0.834704
0.843263
0.845849
0.841449
0.830275
0.814126
0.796223
0.780538
0.77021
0.766093
0.766597
0.768936
0.77068
0.770493
0.768202
0.764427
0.76036
0.757542
0.757588
0.761811
0.770673
0.783484
0.798495
0.813353
0.825691
0.833822
0.83697
0.835209
0.829213
0.819961
0.808404
0.795433
0.781814
0.768295
0.755577
0.744242
0.734722
0.727201
0.721847
0.71895
0.718949
0.722266
0.728879
0.738137
0.748829
0.759413
0.768357
0.774305
0.776378
0.774455
0.76932
0.762818
0.757571
0.756149
0.760163
0.769702
0.78334
0.798731
0.813248
0.824511
0.830704
0.830848
0.824806
0.813305
0.797789
0.780118
0.762297
0.746221
0.733531
0.725463
0.722769
0.725664
0.733864
0.746592
0.762559
0.779919
0.796457
0.80982
0.817906
0.819175
0.812811
0.798957
0.77871
0.754124
0.72807
0.703931
0.68506
0.67416
0.672732
0.680814
0.697092
0.719362
0.745096
0.771721
0.796767
0.817823
0.832904
0.840698
0.840742
0.833461
0.820084
0.802217
0.781681
0.760418
0.740473
0.723871
0.712384
0.706999
0.707401
0.711925
0.718136
0.724041
0.728977
0.733857
0.740563
0.750896
0.765404
0.782931
0.800939
0.816367
0.826496
0.829719
0.825709
0.815356
0.800571
0.783886
0.76792
0.7546
0.744668
0.73778
0.733058
0.72984
0.728084
0.728243
0.730794
0.735749
0.742325
0.748996
0.753952
0.755835
0.754443
0.750911
0.74741
0.746349
0.749359
0.756758
0.767556
0.779888
0.791547
0.800285
0.804253
0.802617
0.79598
0.786437
0.777213
0.771584
0.77174
0.7781
0.789293
0.802531
0.814404
0.821603
0.821715
0.813883
0.799087
0.779862
0.759562
0.741505
0.72819
0.721031
0.72034
0.725396
0.734736
0.746383
0.758167
0.768065
0.774805
0.778318
0.779822
0.781084
0.783289
0.786343
0.78927
0.791162
0.791838
0.791791
0.791671
0.791974
0.792837
0.794066
0.795254
0.796006
0.796074
0.795543
0.794761
0.794088
0.793579
0.792655
0.790392
0.78585
0.778472
0.768274
0.755828
0.74214
0.728481
0.716156
0.706494
0.700739
0.700017
0.704983
0.715682
0.731396
0.750652
0.771626
0.792416
0.811431
0.827437
0.839484
0.846915
0.849497
0.847384
0.841177
0.831895
0.820737
0.808865
0.797262
0.786721
0.777864
0.771193
0.767009
0.765248
0.76527
0.765904
0.765812
0.764005
0.760053
0.754233
0.747445
0.741
0.736429
0.73502
0.73757
0.744009
0.753447
0.764379
0.775221
0.784508
0.791113
0.79437
0.794186
0.791077
0.786099
0.780525
0.775323
0.770615
0.765741
0.75978
0.752426
0.744384
0.737249
0.733026
0.733348
0.73878
0.74855
0.760616
0.772346
0.781128
0.78491
0.782445
0.773448
0.758586
0.739353
0.717966
0.697029
0.679104
0.666221
0.659518
0.65916
0.664589
0.675001
0.689773
0.708485
0.730675
0.755535
0.781858
0.808118
0.832493
0.85314
0.868479
0.87733
0.8791
0.87383
0.862217
0.845545
0.825563
0.804343
0.783912
0.766143
0.752682
0.744871
0.743479
0.748503
0.759001
0.773162
0.788566
0.802606
0.812873
0.817344
0.814593
0.803803
0.785149
0.760547
0.734491
0.713626
0.703759
0.706171
0.717543
0.733287
0.750019
0.765695
0.778944
0.788711
0.794201
0.795097
0.791661
0.784782
0.775761
0.766191
0.757703
0.75171
0.749144
0.7502
0.754233
0.760072
0.766644
0.773305
0.779884
0.786349
0.792431
0.797565
0.801044
0.802259
0.801018
0.797432
0.791839
0.784762
0.776828
0.768748
0.761283
0.755148
0.750721
0.747837
0.745613
0.742748
0.738032
0.73124
0.72363
0.717473
0.715208
0.718404
0.72711
0.739912
0.754586
0.769176
0.782629
0.79486
0.806339
0.817399
0.827797
0.836695
0.842882
0.845202
0.843012
0.836504
0.826686
0.815188
0.803914
0.79453
0.788131
0.785011
0.784547
0.785197
0.784647
0.780318
0.770097
0.753109
0.730173
0.703942
0.678532
0.658507
0.647596
0.647236
0.656043
0.670727
0.688081
0.706529
0.726405
0.748851
0.774334
0.801828
0.829265
0.854287
0.874887
0.889561
0.897388
0.898003
0.891519
0.878661
0.86054
0.838602
0.814649
0.79081
0.769368
0.752321
0.740841
0.734875
0.73324
0.734113
0.73566
0.736506
0.735959
0.733905
0.730625
0.726638
0.722501
0.718831
0.716359
0.715981
0.718606
0.724784
0.734188
0.745456
0.756562
0.765403
0.770361
0.770748
0.766956
0.760499
0.753609
0.748663
0.747329
0.750222
0.756802
0.765645
0.774923
0.782839
0.787997
0.78952
0.787226
0.781394
0.77263
0.76184
0.750153
0.739061
0.730469
0.72637
0.728329
0.736889
0.7514
0.770083
0.79048
0.809949
0.82622
0.837673
0.843501
0.843477
0.837776
0.82684
0.811327
0.792327
0.771571
0.751451
0.734503
0.722754
0.717029
0.71696
0.721297
0.728504
0.736985
0.745315
0.752325
0.757335
0.760255
0.761573
0.762169
0.763114
0.765505
0.770303
0.77799
0.788043
0.798992
0.808832
0.815819
0.818988
0.818107
0.813591
0.806218
0.796899
0.786459
0.775716
0.765393
0.756228
0.749024
0.74469
0.744165
0.748097
0.756379
0.767844
0.780432
0.791655
0.7994
0.802364
0.800236
0.79352
0.783173
0.770238
0.755663
0.740547
0.726312
0.714642
0.707229
0.705295
0.709289
0.71885
0.733033
0.750386
0.769031
0.786957
0.802244
0.813383
0.819418
0.819856
0.814654
0.80415
0.789083
0.770687
0.750664
0.731047
0.714027
0.701497
0.69472
0.694102
0.699227
0.709156
0.722879
0.739608
0.758806
0.77973
0.801067
0.820923
0.837184
0.848093
0.852635
0.850742
0.843368
0.832189
0.819327
0.80685
0.796409
0.78895
0.784573
0.782571
0.781822
0.781201
0.779963
0.777859
0.774746
0.770302
0.763992
0.755657
0.746066
0.737048
0.730898
0.729375
0.733107
0.741463
0.752981
0.766084
0.779542
0.792483
0.80407
0.813267
0.819046
0.820696
0.8181
0.811545
0.801543
0.788894
0.774631
0.760102
0.746772
0.736081
0.729359
0.727893
0.732652
0.743588
0.758976
0.775549
0.78954
0.797938
0.799144
0.793004
0.78054
0.763722
0.745259
0.728263
0.715735
0.709947
0.711953
0.721477
0.737065
0.756474
0.777013
0.79575
0.810026
0.817839
0.818149
0.811072
0.79774
0.780031
0.760289
0.741049
0.724856
0.713927
0.709858
0.713233
0.723364
0.738314
0.755146
0.770376
0.780575
0.783211
0.777406
0.764542
0.748426
0.734474
0.727774
0.730805
0.742262
0.758042
0.773435
0.784947
0.79113
0.792412
0.79059
0.788195
0.787769
0.790924
0.797692
0.806627
0.815495
0.822457
0.826746
0.828558
0.828406
0.826507
0.822512
0.815665
0.805459
0.792245
0.777567
0.764019
0.754565
0.751387
0.755133
0.764541
0.77714
0.789888
0.799884
0.804823
0.803422
0.795752
0.783448
0.769382
0.75669
0.747555
0.742458
0.740346
0.739511
0.738417
0.736246
0.732917
0.729086
0.726033
0.72542
0.728651
0.736156
0.747028
0.759256
0.770436
0.778737
0.783234
0.783936
0.781525
0.777054
0.771817
0.767206
0.764665
0.765409
0.770139
0.778691
0.790046
0.802471
0.814059
0.823258
0.829186
0.831782
0.831553
0.829171
0.825029
0.81907
0.810825
0.799704
0.785521
0.769043
0.752222
0.737823
0.728414
0.725155
0.72732
0.732987
0.74031
0.748159
0.756177
0.764289
0.772357
0.780122
0.787306
0.793798
0.799568
0.804571
0.80858
0.811027
0.811065
0.807683
0.800034
0.787882
0.771934
0.753801
0.73576
0.720191
0.708943
0.702745
0.701233
0.703346
0.707949
0.714119
0.721149
0.728478
0.735695
0.742726
0.74996
0.757877
0.766714
0.776108
0.7851
0.792684
0.798234
0.801786
0.803927
0.805515
0.807222
0.809187
0.810953
0.81171
0.810774
0.808126
0.804627
0.801636
0.800243
0.800435
0.800834
0.799306
0.793863
0.783251
0.767339
0.747224
0.72513
0.703868
0.686251
0.674295
0.66909
0.67093
0.679498
0.693341
0.709475
0.72432
0.735554
0.743062
0.748158
0.752275
0.756155
0.759807
0.762796
0.764671
0.765224
0.76468
0.763808
0.76374
0.765602
0.770074
0.777009
0.78556
0.794278
0.80162
0.806403
0.80823
0.80753
0.805359
0.802868
0.800784
0.799126
0.797397
0.794866
0.791083
0.786083
0.780453
0.775161
0.77119
0.769289
0.76964
0.771848
0.774948
0.777724
0.778931
0.777692
0.77365
0.767174
0.759276
0.751549
0.745754
0.743431
0.745493
0.751923
0.76158
0.772513
0.782563
0.789995
0.793792
0.793798
0.790511
0.7848
0.777813
0.770654
0.764151
0.758633
0.753984
0.749829
0.745956
0.742403
0.739374
0.736944
0.734834
0.732439
0.729157
0.72476
0.719732
0.715298
0.713158
0.71473
0.720329
0.729001
0.739308
0.750076
0.760528
0.770032
0.777829
0.783147
0.785646
0.785623
0.784187
0.783042
0.784108
0.788971
0.798306
0.811549
0.827074
0.842773
0.85673
0.867799
0.875639
0.880289
0.881569
0.878892
0.871508
0.858933
0.841357
0.819775
0.795852
0.77144
0.748104
0.726749
0.707627
0.690865
0.677007
0.667151
0.66274
0.664936
0.67409
0.689452
0.709121
0.730612
0.751423
0.76941
0.782961
0.79104
0.793105
0.789157
0.779828
0.766484
0.751039
0.735721
0.722637
0.713295
0.708465
0.708282
0.712518
0.720554
0.731342
0.743419
0.755261
0.765822
0.774789
0.782566
0.789982
0.797876
0.80662
0.816005
0.825284
0.833322
0.838966
0.841452
0.840638
0.836868
0.830737
0.82287
0.813815
0.80407
0.794154
0.78472
0.776614
0.770712
0.767756
0.767956
0.770704
0.774621
0.778083
0.780032
0.780357
0.779735
0.779058
0.77881
0.77884
0.77847
0.776849
0.773299
0.767649
0.760283
0.751877
0.743066
0.734339
0.726161
0.719038
0.713604
0.710516
0.710222
0.712798
0.718005
0.725424
0.734567
0.744999
0.756318
0.768127
0.780111
0.791969
0.803332
0.813628
0.822004
0.827559
0.829549
0.827629
0.821822
0.812497
0.800211
0.785636
0.769513
0.752694
0.7361
0.72075
0.707561
0.697324
0.690668
0.687818
0.688557
0.692182
0.697764
0.704649
0.712751
0.722344
0.733544
0.745798
0.758108
0.76954
0.779838
0.789436
0.79891
0.808526
0.817999
0.826592
0.833418
0.837835
0.839608
0.838915
0.836247
0.832224
0.827402
0.822101
0.816318
0.809788
0.802116
0.792963
0.782193
0.769839
0.756086
0.741259
0.725847
0.71074
0.697369
0.687601
0.683266
0.685485
0.694315
0.708851
0.727462
0.748155
0.768703
0.786806
0.800306
0.807471
0.807184
0.799167
0.784185
0.764292
0.742926
0.724527
0.713644
0.713567
0.725162
0.746582
0.773766
0.801628
0.825302
0.841061
0.847079
0.843539
0.832289
0.816167
0.798096
0.780441
0.764821
0.752221
0.743299
0.738465
0.737805
0.740773
0.746047
0.75179
0.756023
0.757142
0.754271
0.74741
0.737476
0.726138
0.715589
0.708063
0.705304
0.708326
0.71735
0.731845
0.750703
0.772309
0.79477
0.816215
0.835026
0.85001
0.860517
0.866263
0.867343
0.8641
0.856983
0.8464
0.832696
0.816079
0.796899
0.776045
0.755396
0.737758
0.726102
0.722563
0.727315
0.738308
0.75211
0.765249
0.77537
0.781659
0.784559
0.784922
0.783412
0.780429
0.776266
0.771212
0.765445
0.758919
0.751622
0.743818
0.736144
0.729387
0.724074
0.720308
0.718069
0.717486
0.718991
0.72323
0.730871
0.742335
0.757461
0.775439
0.794899
0.814233
0.831683
0.845567
0.854353
0.856815
0.852324
0.841226
0.824996
0.806053
0.787113
0.770254
0.756433
0.74536
0.736139
0.727872
0.720031
0.712669
0.706375
0.702246
0.70168
0.705711
0.714458
0.72691
0.74126
0.755487
0.767801
0.776814
0.781739
0.782571
0.780077
0.775545
0.770408
0.765691
0.761776
0.758542
0.755715
0.753143
0.750968
0.749599
0.74964
0.751649
0.755833
0.761708
0.768166
0.773837
0.777598
0.779113
0.778835
0.778019
0.77808
0.780144
0.784711
0.791392
0.798948
0.805805
0.810605
0.8125
0.811339
0.807741
0.80292
0.798354
0.79548
0.795245
0.797791
0.802457
0.807995
0.813033
0.816576
0.818336
0.818486
0.81727
0.814614
0.810014
0.802895
0.792946
0.780486
0.766504
0.752298
0.739244
0.728328
0.720043
0.714188
0.710069
0.706629
0.702927
0.698565
0.693959
0.6903
0.689062
0.691389
0.697796
0.708165
0.721982
0.73832
0.755714
0.772248
0.78603
0.795792
0.801223
0.80295
0.8021
0.799911
0.797278
0.794669
0.792267
0.790003
0.787609
0.784552
0.780026
0.77323
0.76364
0.751597
0.738525
0.726764
0.71905
0.717782
0.724343
0.73865
0.759051
0.782578
0.805727
0.825307
0.839119
0.846377
0.847389
0.843169
0.834942
0.82398
0.81154
0.798889
0.787173
0.777216
0.769323
0.763382
0.759194
0.756816
0.756494
0.758269
0.761863
0.766604
0.771707
0.776352
0.779579
0.780426
0.77807
0.772161
0.763212
0.75265
0.742661
0.735596
0.73329
0.736499
0.744628
0.756267
0.76975
0.783656
0.796923
0.808659
0.81814
0.824804
0.828343
0.828754
0.826194
0.820801
0.812899
0.803154
0.79266
0.782524
0.773505
0.765814
0.759304
0.753724
0.74896
0.745082
0.742206
0.740509
0.740239
0.74166
0.745034
0.750402
0.757416
0.765381
0.773417
0.780807
0.786955
0.791318
0.793279
0.79239
0.788681
0.78294
0.776613
0.771105
0.767183
0.764688
0.763129
0.762269
0.762444
0.764325
0.768301
0.774032
0.780417
0.786058
0.789838
0.791255
0.790371
0.787573
0.783405
0.778278
0.772534
0.766771
0.761818
0.758447
0.756729
0.755905
0.754841
0.752709
0.749402
0.745598
0.74226
0.740277
0.739965
0.740976
0.74264
0.74445
0.746424
0.74909
0.752875
0.757693
0.762953
0.76802
0.772768
0.77762
0.783048
0.788963
0.794598
0.798866
0.80101
0.800968
0.799342
0.796994
0.7945
0.792037
0.789565
0.787087
0.784841
0.783281
0.782841
0.783715
0.785812
0.788676
0.791532
0.793489
0.793702
0.791617
0.786993
0.779791
0.770047
0.757828
0.74338
0.727183
0.709769
0.691939
0.675181
0.661958
0.655425
0.658546
0.673215
0.699761
0.736761
0.780845
0.827062
0.869863
0.904425
0.927534
0.93789
0.935734
0.922348
0.899743
0.870275
0.836446
0.800929
0.766467
0.735654
0.710594
0.692573
0.681884
0.677954
0.679596
0.685421
0.694093
0.704404
0.715256
0.725574
0.734215
0.740164
0.742842
0.742394
0.739945
0.737252
0.736079
0.737539
0.741783
0.748209
0.755953
0.763988
0.771266
0.776766
0.779536
0.778983
0.77508
0.768497
0.760548
0.752999
0.747849
0.746976
0.751558
0.761619
0.775783
0.79168
0.806524
0.817805
0.823649
0.822924
0.815499
0.802274
0.785308
0.767443
0.751802
0.740958
0.736266
0.737628
0.743706
0.752644
0.762544
0.771788
0.779052
0.783572
0.78527
0.784824
0.783296
0.781618
0.780243
0.779166
0.77818
0.777201
0.776442
0.776334
0.777265
0.779194
0.781593
0.783386
0.783319
0.780512
0.774971
0.767857
0.761403
0.757982
0.758838
0.763332
0.769358
0.774333
0.776214
0.774009
0.767647
0.757854
0.746003
0.733918
0.72364
0.717108
0.715708
0.719756
0.728331
0.739694
0.751826
0.763137
0.772644
0.779934
0.785076
0.788451
0.790594
0.792036
0.793053
0.793542
0.793262
0.792199
0.790828
0.79006
0.7909
0.794018
0.799354
0.806152
0.81313
0.818826
0.821893
0.82126
0.816182
0.806171
0.790981
0.770789
0.746455
0.719743
0.693535
0.67151
0.657462
0.654131
0.662262
0.680338
0.705149
0.732852
0.75997
0.783978
0.803275
0.817169
0.825808
0.829961
0.830809
0.82963
0.827638
0.825755
0.82445
0.823673
0.822755
0.820578
0.815939
0.808063
0.797082
0.784096
0.770993
0.75979
0.751846
0.747507
0.746207
0.747008
0.74906
0.751872
0.755346
0.759429
0.7638
0.76772
0.770425
0.771665
0.771935
0.772252
0.773652
0.776754
0.781473
0.787143
0.792726
0.797211
0.799822
0.800189
0.798307
0.794522
0.78939
0.783459
0.777171
0.770832
0.764629
0.758818
0.753664
0.749501
0.746513
0.74475
0.743976
0.743571
0.742615
0.740313
0.736442
0.731543
0.726628
0.722696
0.72034
0.719724
0.720775
0.723389
0.727597
0.733501
0.741015
0.749838
0.759483
0.769417
0.779262
0.78883
0.797982
0.806582
0.814548
0.821848
0.82845
0.834018
0.837812
0.838702
0.835544
0.82767
0.815539
0.800834
0.786256
0.774715
0.768333
0.767576
0.771399
0.777746
0.784319
0.78937
0.792023
0.792441
0.791498
0.79026
0.78939
0.788892
0.788248
0.78675
0.783977
0.780047
0.775446
0.770728
0.766212
0.761907
0.7578
0.753936
0.750545
0.747978
0.746556
0.746411
0.747518
0.749608
0.752107
0.754234
0.755115
0.75416
0.751176
0.746517
0.740943
0.735589
0.73171
0.730564
0.732934
0.73895
0.747974
0.758697
0.769587
0.779353
0.787092
0.792407
0.795291
0.795792
0.794043
0.790358
0.785241
0.779525
0.774193
0.770269
0.76858
0.769764
0.774034
0.78128
0.790867
0.801645
0.811999
0.820127
0.824385
0.823642
0.817478
0.80627
0.791058
0.773372
0.755183
0.73878
0.726395
0.719758
0.719382
0.724451
0.733142
0.743215
0.752653
0.759891
0.764029
0.764952
0.763264
0.759945
0.756066
0.75233
0.749225
0.747111
0.746341
0.747169
0.749693
0.75363
0.758259
0.762588
0.765768
0.767361
0.767715
0.767916
0.769523
0.774281
0.783554
0.797669
0.815514
0.834523
0.851427
0.863165
0.867409
0.862887
0.849319
0.827287
0.798269
0.764652
0.729736
0.697711
0.672961
0.658853
0.656839
0.666546
0.686116
0.712272
0.740597
0.766656
0.786998
0.79964
0.804073
0.800916
0.791663
0.778279
0.763011
0.748187
0.735922
0.727809
0.724418
0.725189
0.72864
0.733004
0.736922
0.739922
0.742517
0.746012
0.751841
0.760786
0.772446
0.785229
0.796882
0.805341
0.809421
0.808988
0.804883
0.798576
0.791665
0.78543
0.780583
0.777351
0.775595
0.775018
0.775269
0.776086
0.777254
0.778667
0.780276
0.782209
0.784736
0.788076
0.792192
0.796524
0.800096
0.801738
0.800596
0.796418
0.789687
0.781512
0.773248
0.765965
0.760156
0.755688
0.751863
0.747755
0.742512
0.735471
0.726504
0.716053
0.705113
0.695101
0.687525
0.683618
0.684253
0.689931
0.700702
0.715945
0.734349
0.75403
0.772951
0.789454
0.802639
0.812421
0.81946
0.824515
0.827885
0.829093
0.82726
0.821906
0.813659
0.804278
0.795968
0.790559
0.788936
0.790849
0.79523
0.800619
0.805671
0.809278
0.810748
0.809666
0.805737
0.798683
0.788418
0.775391
0.761059
0.747951
0.739044
0.736146
0.738776
0.744508
0.750279
0.75368
0.753596
0.750051
0.743842
0.73613
0.728179
0.72117
0.716273
0.714614
0.717246
0.724676
0.736552
0.751485
0.767519
0.782821
0.796219
0.807168
0.815642
0.821636
0.824907
0.824957
0.821201
0.813309
0.801575
0.787106
0.771795
0.757832
0.747008
0.740055
0.736444
0.73467
0.732984
0.729994
0.725068
0.718379
0.710905
0.704111
0.699714
0.699345
0.70421
0.714837
0.73082
0.750897
0.773146
0.795235
0.814686
0.829299
0.837454
0.838492
0.832773
0.821812
0.807925
0.793736
0.781699
0.77349
0.769724
0.770041
0.773454
0.778731
0.784579
0.78975
0.793091
0.793634
0.791046
0.78575
0.778802
0.771538
0.765083
0.760163
0.756964
0.755245
0.754557
0.754439
0.75464
0.75518
0.756301
0.758249
0.761033
0.764248
0.767163
0.769151
0.770146
0.77056
0.771117
0.772335
0.774323
0.776922
0.780009
0.783565
0.787628
0.791882
0.79546
0.796901
0.794608
0.787302
0.774479
0.756698
0.735623
0.71395
0.694966
0.681945
0.677353
0.682272
0.696076
0.716568
0.740518
0.764176
0.784047
0.797396
0.8029
0.800862
0.793113
0.782621
0.772669
0.766003
0.764215
0.767551
0.775062
0.785074
0.795648
0.805081
0.81218
0.816308
0.817308
0.815435
0.811221
0.805358
0.798572
0.791465
0.784283
0.777087
0.769965
0.763352
0.758022
0.754718
0.753752
0.754738
0.756723
0.758489
0.758926
0.757294
0.753341
0.74724
0.739502
0.731022
0.722884
0.716362
0.71277
0.713098
0.7178
0.726643
0.738554
0.751838
0.764504
0.774719
0.781266
0.783882
0.783399
0.781393
0.779719
0.779839
0.782236
0.786454
0.791575
0.796685
0.801234
0.804899
0.807445
0.808528
0.807726
0.804605
0.798693
0.789589
0.777151
0.761799
0.744784
0.728265
0.715052
0.707927
0.708985
0.718954
0.73691
0.760417
0.786092
0.810452
0.830709
0.845053
0.852592
0.853159
0.847239
0.835762
0.820037
0.801664
0.782253
0.763099
0.744906
0.727879
0.711992
0.697256
0.683995
0.673002
0.665328
0.66201
0.663669
0.670314
0.681334
0.695665
0.712124
0.729591
0.747219
0.764703
0.782055
0.799314
0.816338
0.832491
0.84674
0.857957
0.86519
0.867845
0.865741
0.859132
0.848732
0.835629
0.820883
0.8053
0.789384
0.773631
0.758792
0.74603
0.736733
0.732115
0.732694
0.737979
0.746551
0.756588
0.766346
0.774374
0.77961
0.781228
0.778564
0.771208
0.759237
0.743447
0.725412
0.707333
0.691863
0.681612
0.678585
0.683621
0.696218
0.714838
0.737209
0.760854
0.783446
0.803219
0.819203
0.831052
0.838792
0.842553
0.842327
0.838168
0.830321
0.819395
0.806398
0.792614
0.779236
0.767269
0.757453
0.750081
0.745243
0.742736
0.742403
0.74428
0.748693
0.756158
0.767181
0.781638
0.798232
0.814571
0.827871
0.835627
0.836247
0.829233
0.815202
0.795757
0.773263
0.750494
0.730185
0.714694
0.705793
0.70456
0.711244
0.725161
0.744626
0.767277
0.790465
0.81167
0.828774
0.840258
0.845283
0.843585
0.835646
0.822622
0.806342
0.789192
0.773709
0.762062
0.755553
0.754297
0.757221
0.762228
0.766756
0.768499
0.765878
0.75834
0.746433
0.731665
0.716195
0.702348
0.692102
0.686708
0.686538
0.691212
0.699985
0.711958
0.726279
0.742103
0.758566
0.774877
0.790404
0.804761
0.817712
0.828957
0.837974
0.844046
0.846437
0.844758
0.83903
0.829664
0.81733
0.802854
0.787161
0.771183
0.755874
0.742121
0.730697
0.722157
0.716761
0.714487
0.715156
0.718584
0.724574
0.732863
0.743098
0.754641
0.766446
0.777095
0.785174
0.789731
0.790734
0.789154
0.786501
0.784096
0.782445
0.781117
0.779103
0.775478
0.769926
0.763037
0.756393
0.752075
0.751999
0.757071
0.766583
0.778281
0.78913
0.796356
0.798141
0.793863
0.784118
0.770374
0.754717
0.73958
0.727738
0.722125
0.725106
0.737241
0.756531
0.778956
0.800078
0.81633
0.825511
0.82674
0.820419
0.808238
0.793005
0.778103
0.76669
0.76081
0.760855
0.765584
0.772675
0.779432
0.783499
0.783541
0.779651
0.773295
0.76658
0.76126
0.757904
0.755998
0.754732
0.753625
0.752725
0.752201
0.752214
0.75289
0.754403
0.757035
0.761023
0.766301
0.772344
0.778204
0.78273
0.784945
0.784406
0.781325
0.776547
0.771129
0.765953
0.761311
0.756882
0.751866
0.745404
0.73702
0.726999
0.716492
0.707373
0.701696
0.701055
0.706033
0.716237
0.730633
0.747968
0.766909
0.78612
0.804097
0.819269
0.830309
0.836416
0.837498
0.834271
0.828216
0.821239
0.814968
0.810328
0.807379
0.805485
0.803755
0.801418
0.797929
0.793049
0.786885
0.779729
0.771966
0.76405
0.756624
0.750564
0.746898
0.746513
0.749735
0.756084
0.764309
0.772596
0.779029
0.782064
0.780905
0.775652
0.767349
0.757685
0.748639
0.741923
0.738624
0.739015
0.742682
0.748703
0.755799
0.762553
0.767469
0.769272
0.767264
0.761703
0.753807
0.745573
0.739417
0.737429
0.740783
0.74926
0.761465
0.775229
0.788353
0.799014
0.806218
0.809807
0.810366
0.808964
0.806788
0.804787
0.803403
0.802654
0.802314
0.802069
0.801652
0.800992
0.800227
0.799654
0.799756
0.800971
0.80345
0.806808
0.810143
0.8123
0.812113
0.808625
0.801315
0.790287
0.776322
0.760875
0.745881
0.733274
0.724471
0.719909
0.719055
0.720803
0.724005
0.727848
0.732093
0.737062
0.743268
0.751084
0.760436
0.770722
0.78096
0.790176
0.797651
0.803
0.806164
0.80729
0.806493
0.803971
0.799966
0.794881
0.789235
0.783581
0.778309
0.773617
0.769551
0.76617
0.763683
0.762382
0.762288
0.763087
0.764198
0.765054
0.76531
0.764836
0.763616
0.761616
0.758848
0.75538
0.751389
0.74716
0.743
0.739171
0.736023
0.734049
0.733959
0.736729
0.743408
0.754827
0.770932
0.790241
0.809862
0.826418
0.837056
0.839997
0.83457
0.821055
0.800479
0.774483
0.745496
0.716937
0.693111
0.678434
0.675754
0.685012
0.703217
0.725995
0.749132
0.769361
0.784586
0.793798
0.797018
0.795213
0.790116
0.783811
0.778183
0.774295
0.772237
0.771461
0.771423
0.772122
0.773994
0.777516
0.78273
0.789043
0.795413
0.800793
0.804432
0.806002
0.805569
0.803443
0.799946
0.795491
0.790773
0.786662
0.784237
0.7843
0.786795
0.790731
0.794612
0.797156
0.797878
0.796837
0.794277
0.790245
0.784405
0.776196
0.765233
0.751686
0.736496
0.721312
0.708235
0.699224
0.695594
0.697724
0.705033
0.71618
0.72954
0.743525
0.756846
0.768506
0.777944
0.784946
0.78958
0.792112
0.792783
0.791855
0.789566
0.786221
0.782347
0.778616
0.775844
0.774605
0.774949
0.776356
0.778014
0.779258
0.779921
0.780161
0.780069
0.779406
0.777715
0.774733
0.770616
0.765991
0.761763
0.758601
0.756452
0.754526
0.751789
0.747932
0.743966
0.741867
0.743585
0.750085
0.761017
0.775076
0.790425
0.805021
0.816944
0.824774
0.827845
0.82657
0.82237
0.817378
0.813886
0.813755
0.817834
0.825804
0.836238
0.846957
0.855577
0.859855
0.85795
0.848845
0.832538
0.81008
0.783447
0.755143
0.727508
0.702157
0.680103
0.662213
0.649529
0.642981
0.642881
0.648644
0.658993
0.67262
0.688578
0.706512
0.72639
0.747988
0.770346
0.79178
0.810185
0.823581
0.830523
0.83042
0.823845
0.812693
0.79992
0.788701
0.78135
0.778651
0.780013
0.784011
0.789036
0.793677
0.796876
0.798271
0.798191
0.797469
0.796954
0.797054
0.797537
0.797701
0.796702
0.793877
0.788874
0.781725
0.772708
0.762306
0.751251
0.740381
0.730616
0.722817
0.717692
0.715849
0.717682
0.723271
0.732142
0.743266
0.755031
0.765594
0.773308
0.777168
0.777094
0.773913
0.768961
0.763612
0.7589
0.75544
0.753609
0.753719
0.756018
0.760428
0.76631
0.772532
0.777734
0.780887
0.781668
0.780355
0.777599
0.77418
0.770865
0.768577
0.768282
0.770715
0.776091
0.783845
0.792467
0.799722
0.802972
0.800131
0.790488
0.775359
0.758194
0.743518
0.735051
0.73414
0.739646
0.748974
0.759185
0.767752
0.772939
0.774131
0.771658
0.766631
0.760631
0.755391
0.752424
0.752849
0.757186
0.765315
0.776394
0.789112
0.801884
0.813023
0.820877
0.824031
0.82175
0.814293
0.803486
0.792498
0.784723
0.781988
0.78356
0.786863
0.789338
0.789636
0.787742
0.784296
0.779834
0.774452
0.767749
0.75933
0.749331
0.738813
0.729564
0.723409
0.721434
0.723692
0.729203
0.736379
0.743561
0.749514
0.753722
0.75646
0.758689
0.761727
0.766804
0.774638
0.785126
0.797252
0.809257
0.818987
0.824352
0.823627
0.815766
0.800644
0.779227
0.753699
0.727168
0.703272
0.685451
0.676291
0.676921
0.686724
0.703714
0.725269
0.748814
0.77191
0.792412
0.808617
0.819427
0.824345
0.823336
0.816736
0.80529
0.790386
0.774046
0.758879
0.747638
0.742444
0.744083
0.751706
0.763399
0.776973
0.790732
0.803663
0.81517
0.824757
0.831627
0.834742
0.833069
0.825992
0.81371
0.79741
0.779024
0.76089
0.745223
0.733564
0.726555
0.723921
0.724716
0.727741
0.731895
0.736388
0.740774
0.744667
0.747759
0.749811
0.750716
0.750661
0.750052
0.749435
0.749207
0.749607
0.750746
0.75276
0.75578
0.75988
0.764859
0.770128
0.774868
0.778214
0.779582
0.77887
0.77633
0.772474
0.767845
0.762965
0.75836
0.754621
0.752282
0.751732
0.753078
0.756055
0.760069
0.764116
0.767018
0.76787
0.766539
0.763666
0.760554
0.758847
0.760152
0.765659
0.77571
0.789423
0.804791
0.819298
0.830772
0.838128
0.841471
0.841815
0.840199
0.837179
0.832832
0.827316
0.821112
0.814931
0.809224
0.803743
0.797748
0.790274
0.78063
0.768645
0.754812
0.740344
0.727118
0.717388
0.713275
0.715905
0.724661
0.737091
0.749727
0.759449
0.764597
0.765278
0.763074
0.760188
0.758328
0.758004
0.758608
0.759105
0.758799
0.75772
0.756608
0.756413
0.757858
0.761244
0.766558
0.773603
0.782048
0.791256
0.800436
0.808603
0.814706
0.817792
0.817169
0.812581
0.804425
0.793867
0.782707
0.772756
0.76515
0.760039
0.756728
0.754298
0.752067
0.749898
0.748097
0.74717
0.747457
0.748884
0.750977
0.753006
0.754301
0.754598
0.754049
0.753028
0.751842
0.750644
0.749698
0.749623
0.751505
0.756345
0.764528
0.775677
0.788927
0.803138
0.817008
0.829219
0.838479
0.843708
0.844284
0.840078
0.831489
0.819519
0.8056
0.791488
0.778995
0.769621
0.764067
0.762004
0.762179
0.762822
0.762394
0.76
0.755765
0.750678
0.746226
0.743739
0.744027
0.747098
0.752265
0.75826
0.763648
0.767259
0.768408
0.76718
0.764234
0.760562
0.757089
0.75456
0.753526
0.754483
0.757897
0.764016
0.772692
0.783101
0.793697
0.802417
0.807063
0.805959
0.798495
0.785543
0.769555
0.753924
0.742022
0.736056
0.736479
0.742296
0.751762
0.762933
0.773906
0.782926
0.788503
0.789615
0.785738
0.776942
0.763859
0.747756
0.73059
0.714803
0.702941
0.697026
0.697863
0.704895
0.716525
0.73069
0.745538
0.75987
0.773229
0.785633
0.797134
0.80758
0.816524
0.82322
0.826923
0.82735
0.82492
0.820878
0.816768
0.813711
0.811995
0.811229
0.810878
0.810641
0.810532
0.810742
0.811442
0.81252
0.813622
0.814136
0.813287
0.810287
0.804568
0.796039
0.785051
0.772347
0.758721
0.744705
0.730471
0.716077
0.701832
0.688528
0.677502
0.670251
0.667744
0.670114
0.676696
0.686318
0.697823
0.710396
0.7236
0.737193
0.750725
0.763281
0.773448
0.779883
0.781791
0.779393
0.774152
0.768581
0.765569
0.767463
0.7752
0.788201
0.804815
0.822917
0.840496
0.855936
0.868092
0.87606
0.878928
0.875741
0.865679
0.848403
0.824306
0.794704
0.76193
0.729096
0.699672
0.676912
0.663074
0.65911
0.664642
0.678216
0.697613
0.720415
0.744517
0.768238
0.79024
0.809349
0.824447
0.834435
0.838505
0.836313
0.828088
0.814792
0.798013
0.779812
0.7624
0.747769
0.737382
0.731855
0.73102
0.734139
0.740149
0.748135
0.757399
0.767364
0.777317
0.786221
0.792911
0.796365
0.795828
0.790709
0.780454
0.764714
0.743871
0.719376
0.694083
0.671856
0.656716
0.651797
0.658397
0.675659
0.700861
0.730164
0.759488
0.785232
0.804875
0.817154
0.821881
0.819826
0.812476
0.801966
0.790987
0.78244
0.778925
0.782136
0.792245
0.807737
0.8258
0.843072
0.856494
0.863909
0.864276
0.857787
0.845694
0.829949
0.812814
0.796332
0.782014
0.770646
0.76249
0.757464
0.75535
0.755814
0.758344
0.76206
0.765706
0.767844
0.767299
0.763487
0.756792
0.748281
0.739175
0.730218
0.721726
0.714169
0.708734
0.707308
0.711622
0.722281
0.738253
0.75694
0.775105
0.78981
0.799145
0.802359
0.799657
0.791894
0.780316
0.766393
0.751933
0.738947
0.729268
0.724092
0.723678
0.727461
0.734395
0.743124
0.752263
0.760643
0.767537
0.772655
0.776076
0.778195
0.779523
0.78039
0.780833
0.780427
0.778511
0.774537
0.768444
0.760734
0.752389
0.744582
0.73841
0.734636
0.733726
0.736023
0.741652
0.75044
0.761681
0.774012
0.785795
0.795498
0.802376
0.806653
0.809202
0.811094
0.813103
0.81558
0.818521
0.821492
0.82369
0.824116
0.822014
0.817148
0.809956
0.801425
0.792747
0.784984
0.778848
0.774609
0.772093
0.770618
0.769154
0.766593
0.762096
0.755381
0.74689
0.737749
0.729394
0.72338
0.72077
0.721887
0.726362
0.733267
0.741439
0.749624
0.756412
0.760395
0.760435
0.755965
0.747409
0.736465
0.726078
0.719753
0.720156
0.727854
0.741374
0.758519
0.777746
0.798463
0.820386
0.84295
0.864995
0.884901
0.90101
0.911895
0.916562
0.914501
0.905726
0.890657
0.870108
0.845389
0.818279
0.790808
0.764848
0.741884
0.722836
0.708158
0.698181
0.693189
0.693416
0.698726
0.708564
0.721906
0.737455
0.753906
0.769865
0.784024
0.795282
0.802931
0.806771
0.806781
0.802813
0.794774
0.782977
0.768372
0.752318
0.73634
0.721889
0.710096
0.701607
0.696627
0.695126
0.697224
0.703172
0.713016
0.726094
0.741035
0.75609
0.76975
0.781015
0.789514
0.795382
0.79897
0.800625
0.800697
0.799474
0.797259
0.794274
0.790619
0.786344
0.781538
0.776387
0.771173
0.766146
0.761599
0.758048
0.75636
0.757545
0.762026
0.768845
0.775889
0.78091
0.782646
0.780948
0.776546
0.770875
0.765902
0.763697
0.7656
0.771584
0.780225
0.789275
0.796643
0.800831
0.801002
0.796931
0.788954
0.777973
0.765473
0.7535
0.744188
0.73914
0.738788
0.742304
0.747973
0.753958
0.758833
0.762036
0.764017
0.765959
0.76933
0.775241
0.783928
0.794482
0.805272
0.814649
0.821429
0.825
0.825008
0.821252
0.813751
0.802831
0.7894
0.774837
0.76086
0.74903
0.740286
0.7348
0.732235
0.731934
0.733109
0.734915
0.736661
0.73802
0.739063
0.740119
0.741384
0.7428
0.743971
0.744467
0.744002
0.742529
0.740273
0.737624
0.735031
0.733012
0.731922
0.731781
0.732185
0.732391
0.731777
0.730457
0.729677
0.731739
0.73882
0.751585
0.768462
0.786256
0.80161
0.811998
0.816254
0.814513
0.808047
0.798966
0.789731
0.782611
0.779201
0.78014
0.785106
0.79282
0.801403
0.809006
0.814534
0.817871
0.819571
0.820244
0.820172
0.819347
0.817985
0.816804
0.816671
0.818079
0.820445
0.822359
0.822208
0.81892
0.812312
0.803081
0.792339
0.781049
0.76975
0.758613
0.747963
0.73861
0.731868
0.729134
0.731262
0.738103
0.74843
0.760171
0.771024
0.77903
0.782883
0.781967
0.776292
0.766549
0.754003
0.740317
0.727165
0.715787
0.706672
0.699504
0.693572
0.688247
0.683618
0.680506
0.680145
0.683754
0.69195
0.704534
0.720606
0.73881
0.757696
0.775846
0.791966
0.804734
0.812742
0.81487
0.810897
0.801901
0.790208
0.778809
0.770382
0.766332
0.766728
0.770768
0.777316
0.785102
0.792887
0.799585
0.804398
0.806957
0.807351
0.80619
0.804675
0.804412
0.806617
0.811478
0.817966
0.824233
0.828408
0.829289
0.826673
0.821025
0.813005
0.803108
0.791601
0.778746
0.765088
0.751475
0.739005
0.728833
0.721853
0.718526
0.71875
0.721858
0.72691
0.732985
0.739405
0.74575
0.751796
0.757369
0.762324
0.766527
0.769825
0.771931
0.772598
0.771757
0.769545
0.766416
0.762921
0.75942
0.756166
0.753263
0.750936
0.749514
0.749372
0.750904
0.754368
0.759854
0.767165
0.775593
0.783632
0.789134
0.789803
0.783988
0.771513
0.75421
0.735859
0.721451
0.715692
0.721389
0.738507
0.764381
0.794763
0.82522
0.851995
0.872373
0.884794
0.888662
0.884221
0.872397
0.854529
0.832291
0.807585
0.782337
0.758458
0.737523
0.720573
0.707999
0.699621
0.69491
0.693352
0.694752
0.69952
0.708674
0.722893
0.741155
0.760311
0.776455
0.786706
0.790112
0.787361
0.780159
0.770777
0.761823
0.75579
0.754543
0.758668
0.767127
0.777875
0.788665
0.797909
0.805024
0.810403
0.814856
0.819116
0.823464
0.827506
0.830301
0.830765
0.828168
0.822348
0.813743
0.802987
0.790641
0.777049
0.762497
0.747453
0.73257
0.718577
0.706071
0.695414
0.686748
0.680184
0.675803
0.673735
0.674276
0.677997
0.685689
0.69797
0.71481
0.735168
0.757295
0.779252
0.799225
0.815718
0.827413
0.833316
0.832892
0.826358
0.814795
0.800209
0.785316
0.773173
0.766327
0.765876
0.770902
0.778878
0.786802
0.792421
0.794831
0.794489
0.79261
0.79063
0.789614
0.78989
0.79119
0.792811
0.79387
0.793501
0.790815
0.785002
0.775361
0.761572
0.744135
0.724529
0.705357
0.689901
0.681452
0.682316
0.693008
0.711978
0.736179
0.761948
0.785879
0.80544
0.819251
0.827079
0.829691
0.828301
0.824053
0.817598
0.809058
0.798267
0.785263
0.770522
0.755099
0.740469
0.728137
0.719303
0.71472
0.714868
0.720046
0.730157
0.744304
0.760656
0.776964
0.791162
0.80175
0.807823
0.809291
0.806961
0.802253
0.796656
0.791067
0.785497
0.779662
0.77365
0.768152
0.76422
0.762635
0.763362
0.765555
0.767903
0.769187
0.768688
0.766271
0.762314
0.757378
0.752054
0.746718
0.741522
0.736482
0.731902
0.728556
0.727849
0.731467
0.740697
0.755372
0.773654
0.792655
0.809479
0.822008
0.829195
0.831127
0.828881
0.824046
0.818029
0.811719
0.805515
0.799567
0.794005
0.788922
0.784287
0.780105
0.776511
0.773758
0.772062
0.771277
0.770943
0.770399
0.768957
0.766055
0.761195
0.753852
0.743761
0.731291
0.71785
0.705872
0.698264
0.697277
0.703495
0.715744
0.731834
0.74939
0.76638
0.781329
0.793329
0.801972
0.807276
0.809561
0.809607
0.808781
0.809045
0.812377
0.819986
0.83172
0.845947
0.860078
0.871473
0.878122
0.87891
0.873566
0.862342
0.845709
0.82442
0.799669
0.773075
0.746483
0.72171
0.700122
0.68252
0.669291
0.660459
0.656051
0.656135
0.660728
0.669498
0.681486
0.695212
0.709094
0.721957
0.733292
0.7432
0.751844
0.759038
0.764375
0.767566
0.768901
0.7693
0.770043
0.77233
0.777002
0.784459
0.794694
0.807203
0.821022
0.834878
0.847321
0.856922
0.862655
0.864128
0.861543
0.855548
0.847075
0.8371
0.826494
0.815802
0.805225
0.794767
0.784501
0.774743
0.766001
0.758506
0.75192
0.745154
0.736839
0.725862
0.711993
0.696253
0.681007
0.669384
0.664062
0.666131
0.674749
0.687644
0.701996
0.71513
0.724987
0.730372
0.73113
0.728195
0.72351
0.719816
0.719958
0.726157
0.739205
0.758392
0.781819
0.806929
0.830963
0.851219
0.865566
0.87272
0.872266
0.864696
0.85119
0.833442
0.813446
0.793187
0.774324
0.757853
0.74401
0.732501
0.722947
0.71529
0.709853
0.707205
0.707793
0.7118
0.719198
0.729848
0.743419
0.75911
0.775504
0.790708
0.802664
0.809622
0.810572
0.805462
0.795221
0.78152
0.766196
0.750821
0.736651
0.724911
0.716977
0.71421
0.71751
0.726909
0.741288
0.758618
0.776501
0.792711
0.805565
0.81403
0.817672
0.816584
0.811254
0.80262
0.791911
0.780514
0.769889
0.761225
0.755343
0.752614
0.753188
0.75705
0.764042
0.773531
0.784335
0.794867
0.803484
0.808907
0.810424
0.807859
0.801287
0.790952
0.777243
0.761097
0.744171
0.728815
0.717352
0.71103
0.709619
0.711741
0.71568
0.719949
0.723608
0.726349
0.728223
0.729335
0.729698
0.729249
0.728131
0.727133
0.728042
0.733453
0.745589
0.764673
0.788393
0.813203
0.835845
0.854114
0.866596
0.872461
0.871552
0.864596
0.853048
0.83861
0.82275
0.806768
0.792098
0.780245
0.772176
0.767598
0.764939
0.762162
0.757826
0.752185
0.747779
0.748676
0.758094
0.775475
0.796028
0.813405
0.822863
0.822461
0.812901
0.79682
0.777764
0.759235
0.74388
0.732896
0.726151
0.722537
0.720601
0.718973
0.716713
0.713393
0.709156
0.704591
0.70052
0.697803
0.697183
0.69919
0.703963
0.711283
0.720768
0.732038
0.744901
0.759316
0.77518
0.79207
0.80914
0.825211
0.838893
0.848881
0.854351
0.855301
0.852504
0.847167
0.840421
0.832871
0.824481
0.814754
0.802926
0.788279
0.770603
0.750323
0.728536
0.706916
0.687538
0.672649
0.664173
0.663301
0.670333
0.684693
0.705255
0.730453
0.758449
0.787189
0.814613
0.838698
0.857642
0.87001
0.874916
0.872171
0.862405
0.84711
0.828377
0.808616
0.789826
0.773381
0.759871
0.74945
0.742258
0.73856
0.738412
0.741204
0.745643
0.750138
0.753427
0.755132
0.755967
0.757531
0.761335
0.767661
0.775247
0.782218
0.787201
0.789766
0.790124
0.788793
0.786487
0.783977
0.781962
0.780914
0.780922
0.781662
0.782493
0.782719
0.782006
0.780511
0.7788
0.777648
0.777678
0.779143
0.781767
0.784802
0.787226
0.787988
0.786311
0.781987
0.77552
0.768108
0.761307
0.756532
0.754658
0.755859
0.759626
0.765075
0.771156
0.776809
0.780967
0.782571
0.780738
0.775026
0.765719
0.754001
0.741842
0.731551
0.725168
0.72383
0.727502
0.735296
0.745855
0.757772
0.769753
0.780568
0.789108
0.794565
0.796564
0.795329
0.791542
0.786171
0.780058
0.773875
0.768298
0.763972
0.761403
0.760868
0.762454
0.766046
0.771351
0.777807
0.784643
0.790922
0.795738
0.798421
0.798437
0.795574
0.789945
0.782121
0.773184
0.764492
0.75725
0.75214
0.749101
0.747424
0.746045
0.744038
0.740871
0.736717
0.732259
0.728478
0.726379
0.726804
0.730737
0.739006
0.751399
0.765786
0.778591
0.78673
0.788926
0.785627
0.77817
0.768084
0.756908
0.746198
0.737553
0.732394
0.731581
0.735033
0.741725
0.749936
0.75767
0.76323
0.765704
0.765211
0.762971
0.760998
0.761611
0.766785
0.777468
0.793128
0.811899
0.830933
0.847052
0.857425
0.86014
0.854634
0.841814
0.823738
0.803274
0.783386
0.766617
0.754789
0.748722
0.74821
0.75212
0.758718
0.766139
0.772876
0.778172
0.782009
0.784936
0.787659
0.790793
0.794624
0.799044
0.803364
0.806476
0.807079
0.804091
0.797085
0.786376
0.773079
0.758641
0.744616
0.732457
0.723272
0.717736
0.715919
0.717332
0.721049
0.726027
0.73135
0.736581
0.741744
0.747178
0.75316
0.759488
0.765429
0.770001
0.772422
0.772452
0.770286
0.7663
0.760901
0.754616
0.748362
0.743302
0.740583
0.740835
0.743973
0.749414
0.756392
0.7642
0.772188
0.779677
0.785862
0.789832
0.790979
0.789316
0.785542
0.780857
0.776328
0.772448
0.76878
0.764124
0.757121
0.747072
0.734516
0.721414
0.710845
0.706079
0.709564
0.721885
0.741507
0.765194
0.78897
0.809061
0.822648
0.828138
0.825319
0.815192
0.799784
0.781806
0.764144
0.749173
0.738041
0.730489
0.725308
0.721355
0.718313
0.716837
0.718088
0.723127
0.732324
0.745057
0.75995
0.775351
0.789771
0.802126
0.811704
0.818029
0.820682
0.819436
0.81439
0.806094
0.795655
0.784539
0.774373
0.766668
0.762484
0.762197
0.765415
0.77109
0.777725
0.783753
0.787872
0.7893
0.78798
0.784503
0.779832
0.774945
0.770654
0.767554
0.766053
0.766201
0.767639
0.769529
0.770615
0.769781
0.766541
0.761416
0.755944
0.752033
0.75148
0.755301
0.763545
0.775247
0.78856
0.801076
0.810341
0.814485
0.812594
0.804829
0.792367
0.777272
0.762201
0.749927
0.742756
0.741867
0.747081
0.757098
0.770028
0.783912
0.797149
0.808628
0.817493
0.822977
0.824207
0.820537
0.812144
0.800402
0.787685
0.776586
0.768754
0.764291
0.761918
0.759976
0.757333
0.75371
0.749617
0.746132
0.744565
0.745815
0.749897
0.755701
0.761557
0.766005
0.768306
0.768468
0.767087
0.765176
0.763961
0.764548
0.767626
0.773054
0.779772
0.786004
0.789729
0.789321
0.784076
0.774428
0.761771
0.747994
0.734951
0.724152
0.716617
0.712879
0.713047
0.716924
0.723973
0.733325
0.743672
0.753443
0.76123
0.76626
0.768699
0.769618
0.770552
0.773046
0.778101
0.785819
0.795468
0.805701
0.814994
0.822076
0.826212
0.827475
0.826546
0.82408
0.820199
0.814424
0.806331
0.796157
0.784977
0.774331
0.765685
0.76
0.757648
0.758613
0.762543
0.768717
0.77582
0.781836
0.7843
0.781027
0.771089
0.755356
0.736281
0.717049
0.700483
0.688215
0.680534
0.676766
0.67597
0.67762
0.681733
0.688612
0.698349
0.710504
0.724054
0.73784
0.750886
0.762519
0.772372
0.780526
0.787528
0.794269
0.801659
0.810259
0.820039
0.830468
0.840762
0.85024
0.858241
0.864117
0.867181
0.866752
0.862469
0.854511
0.843933
0.832464
0.822057
0.814157
0.809022
0.805491
0.801402
0.794326
0.782531
0.765678
0.745015
0.723074
0.70302
0.687793
0.679354
0.678161
0.683359
0.693576
0.707496
0.723963
0.741789
0.759544
0.77573
0.78901
0.798608
0.80468
0.808299
0.811203
0.814999
0.820244
0.825829
0.829259
0.827716
0.819272
0.803628
0.782139
0.75753
0.733101
0.71184
0.695765
0.685718
0.681365
0.681524
0.684605
0.688962
0.693344
0.697096
0.700163
0.703025
0.706464
0.711313
0.71818
0.727366
0.738757
0.751856
0.765734
0.779166
0.79094
0.800305
0.80719
0.812205
0.816407
0.820996
0.826711
0.833665
0.841143
0.847709
0.851577
0.851122
0.845378
0.834484
0.819809
0.803774
0.78925
0.778704
0.773226
0.772433
0.775137
0.780074
0.786128
0.792064
0.796341
0.797245
0.7934
0.784195
0.76994
0.751626
0.73065
0.708616
0.687434
0.669375
0.657025
0.652588
0.656921
0.669126
0.686906
0.707462
0.728218
0.747398
0.763943
0.777414
0.787703
0.794903
0.799434
0.802115
0.804009
0.806119
0.809102
0.81293
0.816936
0.820057
0.821143
0.819356
0.814301
0.806112
0.795372
0.783048
0.770331
0.758367
0.747876
0.738941
0.73105
0.72359
0.716404
0.710134
0.706134
0.705713
0.709407
0.716725
0.726233
0.735984
0.744101
0.749124
0.750394
0.748263
0.74419
0.740522
0.739829
0.744015
0.753742
0.768144
0.785262
0.802637
0.817955
0.829486
0.836188
0.837808
0.834704
0.82749
0.816839
0.803424
0.788115
0.772191
0.757353
0.74562
0.73866
0.737179
0.740464
0.746441
0.752618
0.757268
0.760052
0.761663
0.762817
0.763639
0.763916
0.763662
0.763098
0.762648
0.762666
0.763306
0.764514
0.766
0.767187
0.767271
0.765529
0.761627
0.75596
0.749784
0.744834
0.742787
0.74469
0.750472
0.758892
0.767999
0.775593
0.779606
0.778529
0.77169
0.759565
0.74379
0.727172
0.713409
0.706264
0.708403
0.720342
0.740054
0.763503
0.785973
0.80354
0.8138
0.816255
0.812166
0.804072
0.794989
0.787637
0.783753
0.78383
0.787178
0.792246
0.797185
0.800477
0.80127
0.799521
0.795744
0.790944
0.786436
0.783667
0.783799
0.787039
0.792638
0.799271
0.805538
0.810268
0.812536
0.811805
0.808115
0.802119
0.794953
0.787944
0.782238
0.778439
0.776498
0.775951
0.776048
0.775789
0.774057
0.769791
0.762632
0.753416
0.744477
0.73886
0.738879
0.744834
0.755161
0.767566
0.779828
0.790063
0.796802
0.799142
0.796789
0.790171
0.780211
0.768023
0.754374
0.739686
0.724376
0.709593
0.69743
0.690191
0.689404
0.695293
0.706911
0.722704
0.740807
0.759442
0.777196
0.793171
0.806792
0.817619
0.825145
0.828956
0.828785
0.824703
0.817108
0.806755
0.794673
0.782108
0.770367
0.760823
0.754708
0.752945
0.755951
0.763386
0.77411
0.786306
0.797687
0.806
0.809547
0.807538
0.800156
0.788523
0.774208
0.758678
0.742865
0.726907
0.710485
0.693494
0.676631
0.661686
0.651138
0.647297
0.651301
0.662769
0.679985
0.700609
0.722326
0.743266
0.762211
0.778467
0.791746
0.801913
0.809113
0.813748
0.816624
0.818896
0.821893
0.826816
0.834327
0.844245
0.855551
0.86641
0.874614
0.877926
0.874583
0.863778
0.845959
0.822807
0.796895
0.771111
0.747905
0.72899
0.715325
0.707352
0.705032
0.707432
0.712708
0.718744
0.724254
0.729283
0.735001
0.742686
0.752759
0.764426
0.776083
0.786126
0.793569
0.798191
0.800334
0.800654
0.799859
0.798579
0.797329
0.796541
0.796565
0.797694
0.800302
0.804734
0.81112
0.819211
0.828094
0.836224
0.841534
0.841888
0.835657
0.822115
0.8017
0.775923
0.747212
0.7187
0.694024
0.676792
0.669842
0.674291
0.688976
0.710773
0.735378
0.758326
0.775959
0.785951
0.787556
0.781421
0.769245
0.753298
0.735883
0.719112
0.704696
0.694015
0.688346
0.689039
0.697369
0.714191
0.739456
0.77173
0.808181
0.844892
0.877501
0.901965
0.915252
0.915803
0.903994
0.882016
0.853383
0.821698
0.789772
0.759567
0.732765
0.711145
0.696245
0.688853
0.688722
0.694642
0.704908
0.717561
0.730726
0.74271
0.752045
0.757714
0.75938
0.757632
0.75389
0.75006
0.74801
0.74928
0.754608
0.763712
0.775316
0.787535
0.798287
0.805788
0.808921
0.807369
0.801415
0.791611
0.778755
0.76405
0.749442
0.737308
0.729772
0.728013
0.732077
0.741052
0.753439
0.767488
0.781611
0.794568
0.805566
0.814287
0.82083
0.825641
0.829194
0.831835
0.833496
0.833688
0.831679
0.826876
0.819223
0.80941
0.798556
0.78791
0.778377
0.770356
0.763752
0.758031
0.752592
0.747027
0.741648
0.737533
0.736313
0.739383
0.747011
0.757993
0.770223
0.781722
0.791365
0.798783
0.803763
0.805639
0.80331
0.795775
0.782612
0.764556
0.743519
0.72229
0.703816
0.690437
0.683421
0.682808
0.687651
0.696347
0.706873
0.717123
0.7253
0.730203
0.731584
0.730169
0.727322
0.724765
0.723939
0.725707
0.730303
0.73741
0.746492
0.756876
0.767716
0.777865
0.785829
0.790097
0.789893
0.78622
0.782086
0.780819
0.783604
0.789255
0.796201
0.803746
0.811768
0.819863
0.827091
0.832314
0.834597
0.833417
0.828887
0.821719
0.813113
0.80441
0.796532
0.789774
0.783752
0.777807
0.771555
0.765117
0.759083
0.754185
0.750875
0.749087
0.748313
0.747889
0.747434
0.746912
0.746749
0.747489
0.7494
0.752119
0.754652
0.755829
0.754969
0.752343
0.749207
0.747303
0.74811
0.752212
0.759161
0.767798
0.77681
0.785134
0.792067
0.797168
0.800228
0.801281
0.800462
0.798045
0.794425
0.790082
0.785619
0.781775
0.779359
0.779114
0.781454
0.786179
0.792331
0.798259
0.801987
0.801926
0.797433
0.789079
0.778231
0.766529
0.755309
0.745667
0.738518
0.7346
0.734025
0.735971
0.738844
0.740794
0.740465
0.737429
0.732338
0.726714
0.722419
0.720986
0.723146
0.72873
0.736994
0.746919
0.757412
0.767453
0.776227
0.783334
0.788752
0.792689
0.795353
0.796854
0.797331
0.796997
0.796269
0.795735
0.795967
0.797313
0.799774
0.802942
0.806037
0.808012
0.807783
0.804407
0.797434
0.787176
0.774718
0.761582
0.749239
0.738656
0.730285
0.724416
0.721396
0.721724
0.725732
0.73328
0.743621
0.755632
0.768104
0.779824
0.789646
0.796679
0.800654
0.802258
0.802965
0.804339
0.80698
0.810098
0.812027
0.811213
0.806865
0.799015
0.788229
0.775355
0.761493
0.747955
0.73627
0.727781
0.723337
0.722877
0.725353
0.728972
0.731704
0.731806
0.728253
0.72118
0.712214
0.704565
0.702046
0.707126
0.719333
0.735699
0.752845
0.768552
0.782111
0.793768
0.804012
0.813046
0.820549
0.825694
0.827573
0.825459
0.81929
0.809729
0.797943
0.785351
0.773411
0.763462
0.756531
0.75306
0.752843
0.755153
0.75914
0.764298
0.770628
0.778365
0.78768
0.798249
0.809387
0.82015
0.829441
0.836098
0.839089
0.837786
0.832102
0.82249
0.809784
0.795121
0.779744
0.764816
0.751228
0.739518
0.729901
0.722554
0.717801
0.716159
0.718054
0.723566
0.732296
0.743442
0.755797
0.767982
0.778612
0.78659
0.791146
0.791793
0.788278
0.780505
0.7687
0.753635
0.736831
0.72056
0.707419
0.699696
0.698731
0.704501
0.715612
0.729743
0.74442
0.757655
0.768259
0.775682
0.779891
0.781351
0.780882
0.779442
0.777907
0.776863
0.776616
0.777244
0.778648
0.780507
0.782269
0.783377
0.783457
0.782723
0.782009
0.782546
0.785327
0.790413
0.796915
0.803448
0.808983
0.813187
0.816322
0.818652
0.819885
0.819006
0.814789
0.806543
0.794564
0.780312
0.765945
0.753589
0.744635
0.739387
0.737136
0.736678
0.736865
0.73719
0.738057
0.740699
0.74641
0.755558
0.767039
0.778969
0.789837
0.799155
0.806857
0.812473
0.814847
0.813008
0.806884
0.79729
0.785685
0.77376
0.763223
0.755615
0.751923
0.752201
0.755572
0.76057
0.765508
0.76897
0.77025
0.769553
0.767768
0.766028
0.764977
0.76448
0.763744
0.761974
0.759094
0.755939
0.753883
0.753976
0.756366
0.760454
0.765368
0.770398
0.775195
0.779577
0.783259
0.785724
0.786263
0.784343
0.780122
0.774866
0.770933
0.770763
0.775514
0.784206
0.794205
0.802425
0.806399
0.804558
0.796401
0.782453
0.764146
0.743857
0.724702
0.710085
0.703013
0.705296
0.716882
0.735732
0.758387
0.781089
0.800686
0.8149
0.822438
0.82301
0.81726
0.806794
0.794089
0.782068
0.773345
0.769384
0.769911
0.773161
0.776831
0.779077
0.779268
0.777986
0.776519
0.776097
0.77721
0.77931
0.781053
0.78085
0.777394
0.770085
0.759093
0.745378
0.730576
0.716748
0.705929
0.699686
0.698697
0.702793
0.711251
0.723258
0.737929
0.754111
0.770133
0.783973
0.793579
0.797597
0.79582
0.789202
0.779524
0.768619
0.757926
0.748315
0.740369
0.734685
0.732001
0.733071
0.738184
0.74704
0.75885
0.772737
0.788021
0.804158
0.820642
0.836856
0.851826
0.864299
0.872913
0.87646
0.874155
0.866114
0.853297
0.83726
0.819754
0.802321
0.786046
0.771591
0.759441
0.749981
0.743532
0.740163
0.739545
0.741125
0.744313
0.748716
0.754179
0.76077
0.768453
0.776815
0.784862
0.791113
0.793745
0.79111
0.782232
0.767244
0.747744
0.7268
0.708543
0.696963
0.694427
0.700562
0.712608
0.726878
0.740349
0.751384
0.759626
0.765379
0.769171
0.771334
0.771924
0.770831
0.767961
0.763319
0.757092
0.749675
0.741618
0.733588
0.726215
0.719964
0.715162
0.712071
0.71085
0.71158
0.714166
0.718313
0.723708
0.730178
0.73785
0.74709
0.758326
0.771709
0.786844
0.802818
0.818231
0.831565
0.841525
0.847366
0.848997
0.846803
0.841436
0.8336
0.823879
0.812759
0.800546
0.787442
0.773698
0.759904
0.747173
0.736965
0.730829
0.729993
0.735004
0.745353
0.759204
0.773495
0.784722
0.790062
0.788293
0.780094
0.76784
0.755178
0.745973
0.742943
0.746546
0.754903
0.764953
0.774123
0.781235
0.786394
0.790226
0.79318
0.795257
0.795892
0.794131
0.789005
0.779906
0.76693
0.751116
0.734782
0.720878
0.711245
0.705168
0.700416
0.695618
0.691521
0.690415
0.694743
0.705974
0.724127
0.747854
0.774794
0.802083
0.827002
0.847525
0.8626
0.871935
0.87562
0.873849
0.866861
0.855072
0.839383
0.821245
0.802507
0.785083
0.770463
0.759352
0.751665
0.746911
0.744523
0.743908
0.744404
0.745095
0.744967
0.743128
0.739099
0.732896
0.725151
0.716957
0.709646
0.704336
0.701727
0.702166
0.705748
0.712337
0.721456
0.732328
0.744273
0.756939
0.770389
0.78475
0.799845
0.814965
0.828939
0.840249
0.847351
0.849107
0.845041
0.8357
0.822542
0.80773
0.793641
0.78236
0.77533
0.77326
0.776124
0.783221
0.793311
0.804831
0.815995
0.825081
0.830735
0.832262
0.829661
0.823607
0.815027
0.804948
0.794296
0.783764
0.773821
0.764601
0.755999
0.747665
0.739202
0.730294
0.720985
0.711685
0.703127
0.696144
0.691404
0.689293
0.689849
0.692992
0.698603
0.706668
0.717235
0.73021
0.745179
0.761248
0.777059
0.791054
0.801839
0.808567
0.811122
0.809977
0.8061
0.800608
0.794556
0.788807
0.784009
0.780384
0.777615
0.775089
0.772009
0.767698
0.761783
0.754302
0.745705
0.736709
0.728194
0.721062
0.716072
0.713846
0.715019
0.720076
0.729222
0.742294
0.758575
0.77675
0.795071
0.811523
0.824177
0.831478
0.832565
0.827275
0.816322
0.801192
0.783878
0.766468
0.750569
0.737185
0.726969
0.720451
0.718057
0.719686
0.724626
0.731631
0.739233
0.745994
0.750989
0.754002
0.755713
0.757601
0.761568
0.769331
0.781902
0.799016
0.818964
0.838926
0.855659
0.86656
0.870284
0.866963
0.857888
0.844954
0.829998
0.814413
0.79919
0.785028
0.772607
0.762493
0.755007
0.750103
0.747345
0.746161
0.746048
0.746696
0.747961
0.749989
0.753106
0.757743
0.764232
0.772476
0.781585
0.789946
0.79551
0.796425
0.791574
0.781026
0.7661
0.749243
0.733451
0.721524
0.715156
0.714401
0.717905
0.723674
0.729991
0.735805
0.740839
0.745353
0.74983
0.75444
0.758615
0.76097
0.759723
0.753476
0.741977
0.726544
0.70995
0.695655
0.68665
0.684569
0.689558
0.700741
0.716888
0.736863
0.759599
0.783921
0.808532
0.831955
0.852867
0.870213
0.883025
0.89044
0.891724
0.886551
0.875272
0.859113
0.840108
0.820688
0.803261
0.789699
0.780901
0.776914
0.776889
0.779385
0.782703
0.785294
0.786217
0.78546
0.783788
0.781929
0.779414
0.774502
0.765532
0.752251
0.736317
0.720515
0.707812
0.700192
0.698218
0.700983
0.706863
0.71411
0.721356
0.727574
0.732055
0.734408
0.734684
0.733449
0.731737
0.730794
0.731612
0.734611
0.739506
0.745675
0.752454
0.759382
0.766106
0.772385
0.778258
0.784039
0.790322
0.797843
0.806869
0.816742
0.825844
0.832147
0.834063
0.830933
0.823024
0.811267
0.797106
0.782286
0.768612
0.757724
0.750811
0.748161
0.749136
0.752116
0.754943
0.755703
0.753459
0.748713
0.743092
0.738598
0.736717
0.737892
0.741594
0.746703
0.751989
0.756526
0.759951
0.762559
0.765271
0.769437
0.77632
0.786662
0.800271
0.815727
0.83078
0.842717
0.849083
0.848193
0.839429
0.823402
0.801928
0.777857
0.754799
0.73653
0.726061
0.724787
0.73206
0.745269
0.760677
0.774654
0.784704
0.789816
0.790457
0.788163
0.784935
0.782559
0.781956
0.78304
0.784875
0.78624
0.786133
0.783894
0.779338
0.772659
0.7645
0.755919
0.748278
0.742985
0.74114
0.743213
0.748707
0.756316
0.76417
0.770377
0.773516
0.772913
0.768763
0.762021
0.75411
0.746451
0.740199
0.736032
0.734124
0.734274
0.736067
0.739073
0.742957
0.747393
0.752005
0.756444
0.76066
0.765077
0.770601
0.778026
0.787173
0.79669
0.804599
0.809387
0.810651
0.809104
0.806196
0.80346
0.802038
0.802404
0.80445
0.807564
0.81085
0.813291
0.813894
0.811934
0.807158
0.799801
0.790718
0.781096
0.77205
0.764068
0.756885
0.749654
0.741506
0.73203
0.721427
0.710519
0.700579
0.692835
0.688294
0.687641
0.691314
0.699581
0.712414
0.729317
0.749164
0.770103
0.789705
0.805355
0.814847
0.816915
0.81149
0.799944
0.78473
0.768788
0.754959
0.745341
0.741104
0.742525
0.749318
0.760814
0.775953
0.793021
0.809624
0.823054
0.830979
0.832236
0.827045
0.816781
0.803562
0.789706
0.777332
0.767928
0.762361
0.760985
0.763664
0.769662
0.777545
0.785598
0.792344
0.796961
0.7993
0.799526
0.797848
0.794468
0.789657
0.7839
0.77788
0.77245
0.768585
0.767156
0.768509
0.77221
0.776941
0.78084
0.782197
0.780014
0.774277
0.765777
0.755805
0.745833
0.737376
0.731701
0.72977
0.732063
0.738457
0.748183
0.760104
0.773094
0.786251
0.798867
0.810268
0.819577
0.825727
0.827659
0.824544
0.816081
0.802921
0.786945
0.771028
0.758211
0.75046
0.747632
0.747854
0.748581
0.74791
0.745277
0.741571
0.738626
0.73837
0.741889
0.749083
0.75874
0.769132
0.778662
0.7864
0.792044
0.795528
0.796632
0.795097
0.790877
0.784258
0.775807
0.766183
0.756013
0.745954
0.736749
0.729104
0.723627
0.720776
0.720783
0.723827
0.729912
0.73885
0.750188
0.763273
0.77719
0.790777
0.802763
0.811855
0.817032
0.817862
0.814582
0.808035
0.799478
0.79026
0.781482
0.773695
0.766784
0.760167
0.75314
0.745311
0.736943
0.729118
0.723475
0.721727
0.725078
0.733878
0.747573
0.764853
0.784004
0.803216
0.820774
0.835175
0.8452
0.849946
0.848843
0.841931
0.829969
0.814534
0.797848
0.782146
0.769127
0.759665
0.754168
0.752714
0.754909
0.759685
0.765543
0.770993
0.774835
0.776232
0.774587
0.769587
0.761302
0.750286
0.737664
0.725208
0.71505
0.709108
0.708508
0.713211
0.721907
0.732387
0.742067
0.748763
0.751095
0.748735
0.742319
0.733245
0.723432
0.715029
0.710123
0.710373
0.716535
0.728221
0.744015
0.761908
0.779822
0.795961
0.808886
0.817753
0.822341
0.823048
0.820822
0.816775
0.811735
0.806028
0.799689
0.792775
0.785516
0.778285
0.771415
0.765118
0.759481
0.754712
0.751136
0.749146
0.74911
0.751341
0.75599
0.763073
0.77235
0.7832
0.794733
0.805805
0.81525
0.822216
0.826245
0.827301
0.825636
0.821655
0.815675
0.808171
0.799936
0.791965
0.785096
0.779404
0.774022
0.76755
0.758849
0.747585
0.734359
0.720463
0.707687
0.697928
0.69293
0.693877
0.701015
0.713516
0.729628
0.746962
0.762935
0.775174
0.781843
0.781931
0.775478
0.763742
0.749157
0.734914
0.724338
0.719854
0.722198
0.730456
0.74283
0.757396
0.772554
0.787146
0.80033
0.811376
0.819712
0.824964
0.826869
0.825592
0.821806
0.816521
0.810854
0.805666
0.801367
0.797899
0.794991
0.792294
0.789483
0.786208
0.78207
0.776646
0.769521
0.760401
0.749313
0.736968
0.724853
0.715008
0.709485
0.709562
0.715271
0.72531
0.737437
0.749232
0.75872
0.764764
0.76712
0.766309
0.763289
0.759122
0.754824
0.751194
0.748796
0.747941
0.748629
0.750519
0.752979
0.755301
0.756959
0.757955
0.758706
0.759948
0.762302
0.765837
0.770144
0.77442
0.777791
0.779647
0.779665
0.777972
0.775011
0.771478
0.767985
0.764949
0.762688
0.761575
0.762097
0.764982
0.771094
0.781029
0.794355
0.8092
0.822693
0.832026
0.83539
0.832447
0.824368
0.813363
0.801949
0.7923
0.785695
0.782447
0.782336
0.784901
0.789684
0.796217
0.803828
0.811543
0.81812
0.822413
0.823588
0.821346
0.815682
0.806688
0.794407
0.77899
0.760757
0.740486
0.719383
0.698914
0.680595
0.665675
0.65503
0.649148
0.64812
0.651869
0.660266
0.673128
0.690245
0.711236
0.735229
0.760707
0.785633
0.807804
0.825282
0.836786
0.84184
0.840681
0.834135
0.823515
0.810389
0.796311
0.782527
0.769981
0.759415
0.751463
0.746736
0.745791
0.74888
0.755701
0.765195
0.775619
0.78492
0.791228
0.793168
0.790062
0.781958
0.769569
0.754371
0.738642
0.725359
0.717754
0.71807
0.726374
0.740547
0.757453
0.774296
0.789052
0.800287
0.806873
0.808137
0.804403
0.797365
0.789616
0.783213
0.778505
0.774324
0.769206
0.762436
0.754383
0.74611
0.738925
0.733979
0.731957
0.732934
0.73648
0.741877
0.748374
0.755323
0.762144
0.768416
0.773911
0.778579
0.782438
0.785335
0.786771
0.786207
0.783428
0.77915
0.775164
0.773997
0.777919
0.787914
0.802933
0.82013
0.835811
0.846686
0.850717
0.847504
0.838152
0.824804
0.809982
0.795991
0.784469
0.776325
0.77183
0.770936
0.773294
0.778054
0.783764
0.788602
0.791037
0.790536
0.787941
0.784912
0.782747
0.781639
0.78094
0.779834
0.777782
0.774517
0.769783
0.763281
0.754783
0.744538
0.733299
0.722336
0.713161
0.706912
0.703947
0.703814
0.705541
0.708027
0.710378
0.711942
0.71241
0.711647
0.709733
0.706925
0.703627
0.700419
0.698013
0.697135
0.698418
0.70221
0.70852
0.7169
0.726478
0.736181
0.74501
0.752455
0.758791
0.765007
0.772358
0.781706
0.793129
0.805795
0.818251
0.828835
0.836126
0.839273
0.838172
0.833615
0.827196
0.820894
0.816302
0.813963
0.813239
0.812895
0.811909
0.809948
0.807515
0.805632
0.805248
0.806627
0.809261
0.812187
0.814504
0.815691
0.815622
0.814462
0.812532
0.810149
0.807616
0.804949
0.801744
0.797185
0.790176
0.779705
0.76529
0.7473
0.726994
0.706464
0.688422
0.675631
0.670253
0.673027
0.682666
0.69609
0.70955
0.719914
0.725502
0.726171
0.722863
0.717061
0.710235
0.703535
0.69774
0.693427
0.691176
0.691696
0.695749
0.703984
0.716694
0.733518
0.75336
0.774509
0.794851
0.812189
0.824571
0.830633
0.829897
0.822864
0.811101
0.796978
0.783171
0.772014
0.764953
0.762246
0.763155
0.766199
0.769775
0.772484
0.773388
0.772061
0.768623
0.763658
0.758222
0.753828
0.75228
0.755227
0.763609
0.777075
0.793921
0.811392
0.826494
0.83676
0.84085
0.838703
0.831374
0.820678
0.808692
0.79728
0.787805
0.781101
0.777356
0.776257
0.777318
0.780013
0.783988
0.788993
0.794622
0.800118
0.804347
0.806073
0.804297
0.798509
0.788594
0.774813
0.757855
0.738935
0.719805
0.702633
0.689835
0.683445
0.684625
0.693332
0.708275
0.727133
0.746995
0.764929
0.7784
0.785705
0.786212
0.780325
0.769171
0.754372
0.737754
0.721201
0.706709
0.696276
0.691529
0.693488
0.702265
0.717019
0.736045
0.757067
0.777697
0.795805
0.80988
0.819185
0.823637
0.823705
0.82026
0.814382
0.807123
0.79935
0.791628
0.784291
0.77745
0.771255
0.76571
0.760843
0.756701
0.753399
0.751097
0.750001
0.750397
0.752636
0.75714
0.764116
0.773208
0.78331
0.792891
0.800581
0.8058
0.808919
0.810912
0.812622
0.81428
0.815634
0.816187
0.815478
0.813101
0.808654
0.801842
0.792531
0.780937
0.767759
0.754251
0.742062
0.732968
0.728247
0.728147
0.731514
0.73623
0.740049
0.741501
0.740465
0.738103
0.736376
0.737058
0.740956
0.747526
0.755205
0.762211
0.767167
0.769363
0.768662
0.765342
0.760106
0.754066
0.748667
0.745252
0.744822
0.747654
0.753375
0.761371
0.771012
0.781891
0.793749
0.80628
0.818789
0.830137
0.838943
0.843952
0.844395
0.840154
0.831617
0.819587
0.80523
0.790156
0.776248
0.765273
0.758304
0.755235
0.754812
0.755134
0.754301
0.750925
0.744361
0.734679
0.722692
0.709977
0.698721
0.691267
0.689371
0.693557
0.703044
0.71614
0.730796
0.745144
0.757842
0.768191
0.776055
0.781702
0.785529
0.788103
0.790027
0.791958
0.794273
0.796958
0.799515
0.801169
0.800961
0.798017
0.791651
0.781448
0.76753
0.750663
0.732317
0.714506
0.699704
0.690522
0.689013
0.695654
0.708822
0.725021
0.740229
0.751009
0.755507
0.753639
0.74685
0.737776
0.729779
0.726285
0.730064
0.74224
0.762003
0.786761
0.813105
0.837739
0.858365
0.87389
0.884293
0.890124
0.892026
0.890437
0.885477
0.877145
0.86563
0.851629
0.836305
0.820971
0.806461
0.792884
0.779599
0.765884
0.751519
0.737044
0.723352
0.711045
0.700294
0.691323
0.684976
0.682453
0.684841
0.692951
0.707058
0.726595
0.749567
0.772388
0.790821
0.801641
0.803677
0.79786
0.786567
0.77274
0.759005
0.747526
0.740169
0.738417
0.743074
0.753712
0.768555
0.784999
0.800358
0.812486
0.820061
0.82261
0.820365
0.814168
0.805375
0.79556
0.786217
0.778477
0.77287
0.769364
0.767481
0.766452
0.765727
0.765299
0.765646
0.767346
0.770402
0.774036
0.777009
0.778194
0.776942
0.772909
0.766139
0.757152
0.747146
0.737951
0.731204
0.727491
0.726156
0.725947
0.725925
0.725977
0.726764
0.729401
0.734909
0.743765
0.755796
0.770179
0.785531
0.800039
0.811806
0.81919
0.821234
0.817726
0.80948
0.798232
0.786454
0.776795
0.771209
0.770366
0.773444
0.778669
0.783976
0.78764
0.788584
0.786583
0.782201
0.77647
0.770539
0.765338
0.761497
0.759497
0.759754
0.762539
0.767706
0.774595
0.782079
0.788941
0.79414
0.797105
0.797867
0.796962
0.795201
0.793289
0.791558
0.789955
0.788273
0.786451
0.784496
0.782385
0.779884
0.776445
0.771368
0.764102
0.754395
0.742545
0.729304
0.715922
0.704088
0.69581
0.692947
0.696348
0.705239
0.717451
0.730326
0.74174
0.750619
0.756931
0.761365
0.765157
0.769712
0.77633
0.785706
0.797394
0.809788
0.820587
0.827624
0.829553
0.82615
0.81823
0.807256
0.7949
0.782696
0.771787
0.762681
