-5.48754
-5.48721
-5.48754
-5.48851
-5.49013
-5.48786
-5.48883
-5.49013
-5.49012
-5.4898
-5.49077
-5.48915
-5.48915
-5.49045
-5.48915
-5.48915
-5.48689
-5.48559
-5.48526
-5.48624
-5.48559
-5.48721
-5.48657
-5.48786
-5.4856
-5.48657
-5.48495
-5.48592
-5.48688
-5.48656
-5.48753
-5.48785
-5.48656
-5.48656
-5.48851
-5.48818
-5.48851
-5.48851
-5.48851
-5.48851
-5.48592
-5.48689
-5.48591
-5.48623
-5.4872
-5.48752
-5.48461
-5.48656
-5.48656
-5.48333
-5.48463
-5.48624
-5.48624
-5.48592
-5.48754
-5.48754
-5.48851
-5.49013
-5.48948
-5.48851
-5.48916
-5.48916
-5.48818
-5.48656
-5.48689
-5.48592
-5.48592
-5.4843
-5.48398
-5.48365
-5.483
-5.48397
-5.48559
-5.48818
-5.48818
-5.49045
-5.4898
-5.48981
-5.49143
-5.4911
-5.49077
-5.49045
-5.48818
-5.4885
-5.48883
-5.48915
-5.49109
-5.49303
-5.49206
-5.49109
-5.49109
-5.49174
-5.4898
-5.4885
-5.48591
-5.48624
-5.48753
-5.48818
-5.48785
-5.48656
-5.48655
-5.48526
-5.48785
-5.48591
-5.4872
-5.4859
-5.48429
-5.48331
-5.48331
-5.48428
-5.48363
-5.4846
-5.4846
-5.48493
-5.48493
-5.48623
-5.48623
-5.48818
-5.48785
-5.48688
-5.48623
-5.48428
-5.48169
-5.48428
-5.48492
-5.4846
-5.48363
-5.48427
-5.48395
-5.48493
-5.48363
-5.48396
-5.48299
-5.4846
-5.48622
-5.48557
-5.48396
-5.48687
-5.4872
-5.48784
-5.49076
-5.49043
-5.48881
-5.48654
-5.48816
-5.48719
-5.48524
-5.48363
-5.48557
-5.48622
-5.48395
-5.48492
-5.48622
-5.48557
-5.48622
-5.48784
-5.48784
-5.48816
-5.48848
-5.48589
-5.48783
-5.48783
-5.48978
-5.48848
-5.48816
-5.48784
-5.48849
-5.48719
-5.48622
-5.48654
-5.4859
-5.48428
-5.48493
-5.48719
-5.48655
-5.48622
-5.4846
-5.4859
-5.48428
-5.48525
-5.48525
-5.48428
-5.48622
-5.48914
-5.48881
-5.48849
-5.48752
-5.48623
-5.48525
-5.48655
-5.48914
-5.49043
-5.48849
-5.48979
-5.49076
-5.48914
-5.48849
-5.48882
-5.48849
-5.48849
-5.48655
-5.48655
-5.48914
-5.48817
-5.48591
-5.4872
-5.48655
-5.48526
-5.4859
-5.48687
-5.48719
-5.4859
-5.48751
-5.48816
-5.48752
-5.48688
-5.48688
-5.48817
-5.4885
-5.48914
-5.48979
-5.49108
-5.4914
-5.49237
-5.49237
-5.49172
-5.4901
-5.49075
-5.48881
-5.48751
-5.48492
-5.48525
-5.48201
-5.47877
-5.48104
-5.48136
-5.48169
-5.48137
-5.48169
-5.48266
-5.48104
-5.48266
-5.48266
-5.48266
-5.48298
-5.48331
-5.48331
-5.48298
-5.48039
-5.48169
-5.48201
-5.48105
-5.48202
-5.48105
-5.48234
-5.48396
-5.48234
-5.48396
-5.4859
-5.48752
-5.48979
-5.48785
-5.48849
-5.48914
-5.48914
-5.48914
-5.48687
-5.48655
-5.48655
-5.48623
-5.48655
-5.4872
-5.4872
-5.48655
-5.48558
-5.4872
-5.48687
-5.48752
-5.48817
-5.48784
-5.48881
-5.48946
-5.49011
-5.48979
-5.48979
-5.49205
-5.4914
-5.48978
-5.48881
-5.48913
-5.48946
-5.49205
-5.48914
-5.48978
-5.48849
-5.48816
-5.48978
-5.48719
-5.48848
-5.48719
-5.48816
-5.4846
-5.48428
-5.4859
-5.48525
-5.48493
-5.48557
-5.48493
-5.48363
-5.48493
-5.48655
-5.48784
-5.48817
-5.48752
-5.48687
-5.4859
-5.48428
-5.48395
-5.48298
-5.48169
-5.48363
-5.48298
-5.48525
-5.48557
-5.48363
-5.48622
-5.48687
-5.4859
-5.48719
-5.48849
-5.48978
-5.48978
-5.49043
-5.49205
-5.48978
-5.48881
-5.48719
-5.48783
-5.48815
-5.48848
-5.48848
-5.48881
-5.48848
-5.4901
-5.49043
-5.48946
-5.48848
-5.48784
-5.48654
-5.48654
-5.48622
-5.48524
-5.48622
-5.48589
-5.48201
-5.48395
-5.48655
-5.48752
-5.48881
-5.48978
-5.48881
-5.4901
-5.49042
-5.49172
-5.49269
-5.49075
-5.48978
-5.48622
-5.48687
-5.48558
-5.48752
-5.48526
-5.4859
-5.4859
-5.48655
-5.48622
-5.48525
-5.48622
-5.48524
-5.48427
-5.48654
-5.48719
-5.48687
-5.48752
-5.4859
-5.48591
-5.48623
-5.48688
-5.48947
-5.4872
-5.48785
-5.49043
-5.48655
-5.48655
-5.48654
-5.48654
-5.48654
-5.48654
-5.48849
-5.48752
-5.48525
-5.48557
-5.48752
-5.48622
-5.48687
-5.48849
-5.48979
-5.49044
-5.49076
-5.48914
-5.49108
-5.4927
-5.49205
-5.49237
-5.49108
-5.49075
-5.49043
-5.48978
-5.48946
-5.48816
-5.48849
-5.48946
-5.48655
-5.4859
-5.48428
-5.48299
-5.48169
-5.48428
-5.48493
-5.4859
-5.48784
-5.48881
-5.48881
-5.48914
-5.48882
-5.48914
-5.48882
-5.48882
-5.48882
-5.48752
-5.48882
-5.48784
-5.48751
-5.48719
-5.48719
-5.48881
-5.48881
-5.48784
-5.4872
-5.48655
-5.48622
-5.48817
-5.48849
-5.48946
-5.48687
-5.4859
-5.48655
-5.48785
-5.48785
-5.48947
-5.48817
-5.48817
-5.49012
-5.49109
-5.49011
-5.48752
-5.48557
-5.48428
-5.48363
-5.48266
-5.48494
-5.48526
-5.48721
-5.48947
-5.49076
-5.49076
-5.49173
-5.4927
-5.49011
-5.49108
-5.49205
-5.49205
-5.49303
-5.49368
-5.49238
-5.494
-5.49368
-5.49173
-5.48914
-5.48979
-5.48752
-5.48881
-5.49011
-5.49108
-5.48785
-5.4872
-5.48817
-5.48947
-5.48688
-5.48785
-5.48785
-5.48882
-5.48882
-5.48818
-5.4885
-5.4859
-5.48655
-5.48525
-5.48784
-5.49011
-5.48914
-5.48914
-5.48947
-5.49141
-5.49271
-5.49271
-5.49206
-5.49174
-5.49045
-5.48948
-5.48948
-5.49142
-5.48883
-5.48947
-5.48915
-5.48785
-5.48752
-5.48915
-5.48817
-5.48753
-5.4885
-5.48526
-5.48332
-5.48267
-5.48494
-5.48365
-5.48365
-5.48333
-5.48333
-5.48203
-5.48397
-5.48591
-5.48526
-5.48688
-5.48591
-5.48624
-5.48591
-5.48462
-5.4885
-5.4885
-5.48721
-5.48591
-5.48623
-5.48785
-5.48656
-5.48721
-5.4885
-5.48559
-5.48527
-5.48527
-5.48818
-5.48882
-5.48785
-5.48785
-5.48817
-5.48947
-5.48817
-5.48785
-5.48785
-5.48558
-5.48558
-5.48526
-5.48785
-5.48785
-5.48785
-5.48818
-5.4885
-5.48915
-5.48721
-5.48526
-5.48559
-5.48688
-5.48558
-5.48526
-5.48428
-5.48331
-5.48396
-5.48461
-5.48494
-5.48559
-5.48559
-5.48623
-5.48753
-5.48947
-5.48882
-5.4885
-5.48753
-5.48429
-5.48429
-5.48461
-5.48558
-5.48429
-5.48461
-5.48525
-5.48396
-5.48461
-5.48688
-5.48526
-5.4872
-5.4872
-5.4885
-5.49011
-5.48882
-5.48849
-5.48817
-5.48914
-5.4872
-5.48881
-5.48817
-5.49011
-5.49076
-5.4927
-5.49141
-5.49011
-5.49076
-5.48914
-5.48752
-5.48589
-5.48168
-5.48169
-5.48266
-5.48331
-5.48557
-5.48558
-5.48461
-5.48493
-5.48461
-5.48591
-5.48494
-5.48364
-5.48396
-5.48299
-5.48298
-5.48396
-5.48461
-5.4846
-5.48299
-5.48461
-5.4872
-5.4872
-5.48752
-5.48882
-5.48882
-5.48784
-5.48979
-5.48817
-5.48979
-5.48688
-5.48785
-5.4872
-5.48429
-5.483
-5.48526
-5.48526
-5.48655
-5.48428
-5.48493
-5.4846
-5.4846
-5.48363
-5.48493
-5.48493
-5.48461
-5.48623
-5.48655
-5.48656
-5.48753
-5.48656
-5.48494
-5.48558
-5.48688
-5.48526
-5.48493
-5.48525
-5.48622
-5.4859
-5.48526
-5.48591
-5.48623
-5.48591
-5.4872
-5.48753
-5.48817
-5.48882
-5.49108
-5.49141
-5.49141
-5.49108
-5.48882
-5.49012
-5.49044
-5.48979
-5.48623
-5.48493
-5.48428
-5.48363
-5.48104
-5.48201
-5.48201
-5.48299
-5.48299
-5.48396
-5.4846
-5.48622
-5.48752
-5.48784
-5.48655
-5.48752
-5.48687
-5.48622
-5.48493
-5.48622
-5.4846
-5.48363
-5.48299
-5.48299
-5.48332
-5.48234
-5.48137
-5.48428
-5.48525
-5.48525
-5.48622
-5.48558
-5.48752
-5.48655
-5.48655
-5.48687
-5.48817
-5.48946
-5.48946
-5.4901
-5.4901
-5.48946
-5.48913
-5.48719
-5.48655
-5.48655
-5.48752
-5.48623
-5.48655
-5.48849
-5.48817
-5.48785
-5.4872
-5.48784
-5.48849
-5.48978
-5.48622
-5.48687
-5.48654
-5.48558
-5.48202
-5.48202
-5.48267
-5.48591
-5.48689
-5.48721
-5.48559
-5.48656
-5.48818
-5.48914
-5.48914
-5.48849
-5.48914
-5.49012
-5.49076
-5.49012
-5.48947
-5.49012
-5.4898
-5.49012
-5.4898
-5.48882
-5.4885
-5.48688
-5.48461
-5.48364
-5.48623
-5.48623
-5.48461
-5.48461
-5.48429
-5.48429
-5.48655
-5.48656
-5.4885
-5.48785
-5.48785
-5.4872
-5.4872
-5.48979
-5.49141
-5.49206
-5.49011
-5.48817
-5.48752
-5.48687
-5.4859
-5.48525
-5.48525
-5.48461
-5.48494
-5.48656
-5.4885
-5.48688
-5.48688
-5.48752
-5.48623
-5.48655
-5.4872
-5.48719
-5.48687
-5.4859
-5.4859
-5.48784
-5.48752
-5.48784
-5.48881
-5.48622
-5.48622
-5.48525
-5.4859
-5.4859
-5.48558
-5.48428
-5.48396
-5.48363
-5.48395
-5.48622
-5.48719
-5.48655
-5.4872
-5.48817
-5.48914
-5.49044
-5.49109
-5.48947
-5.48947
-5.49012
-5.48882
-5.48849
-5.48849
-5.48882
-5.49011
-5.48849
-5.48946
-5.49075
-5.48881
-5.48849
-5.48913
-5.49011
-5.49043
-5.48914
-5.48882
-5.4872
-5.48784
-5.48881
-5.48621
-5.48718
-5.48686
-5.48719
-5.48719
-5.48816
-5.48881
-5.48946
-5.48784
-5.48881
-5.48978
-5.4901
-5.48945
-5.49042
-5.4888
-5.48945
-5.48751
-5.48751
-5.48654
-5.48784
-5.48783
-5.48718
-5.48815
-5.48621
-5.48556
-5.48686
-5.48816
-5.49011
-5.48914
-5.49075
-5.49075
-5.48654
-5.48686
-5.48621
-5.48557
-5.48719
-5.48751
-5.48751
-5.4846
-5.48589
-5.48395
-5.4833
-5.4833
-5.48233
-5.48266
-5.48331
-5.48428
-5.48719
-5.48881
-5.48848
-5.48654
-5.48686
-5.48978
-5.48945
-5.48912
-5.48977
-5.48815
-5.48945
-5.48848
-5.48783
-5.48783
-5.48492
-5.4833
-5.48298
-5.4833
-5.48363
-5.48524
-5.48719
-5.48783
-5.4875
-5.48815
-5.48912
-5.4875
-5.48653
-5.48783
-5.48816
-5.48816
-5.48784
-5.48687
-5.48589
-5.48686
-5.48492
-5.48686
-5.48945
-5.48978
-5.48848
-5.4888
-5.48816
-5.48913
-5.4901
-5.48945
-5.49042
-5.48945
-5.49042
-5.48978
-5.49075
-5.48945
-5.4888
-5.48848
-5.48816
-5.48848
-5.48751
-5.48687
-5.48719
-5.48881
-5.48978
-5.48816
-5.48881
-5.48848
-5.48849
-5.48655
-5.48493
-5.48363
-5.48331
-5.48525
-5.48428
-5.48493
-5.48428
-5.48266
-5.4833
-5.48492
-5.48428
-5.48492
-5.48719
-5.48946
-5.49204
-5.49172
-5.49172
-5.49107
-5.4901
-5.48913
-5.48946
-5.48945
-5.4914
-5.49107
-5.48945
-5.4914
-5.49075
-5.49107
-5.48751
-5.48557
-5.48492
-5.48459
-5.48459
-5.48395
-5.48362
-5.48298
-5.48103
-5.47909
-5.47747
-5.47618
-5.47877
-5.48071
-5.48103
-5.48103
-5.48298
-5.48492
-5.48654
-5.48816
-5.48913
-5.48849
-5.48687
-5.48784
-5.48978
-5.48881
-5.48848
-5.48913
-5.4901
-5.48913
-5.48913
-5.48978
-5.49043
-5.48816
-5.48849
-5.48719
-5.48622
-5.48784
-5.48751
-5.48686
-5.48686
-5.48881
-5.4901
-5.48848
-5.48881
-5.48686
-5.48622
-5.48524
-5.48524
-5.48719
-5.48492
-5.48395
-5.48168
-5.48071
-5.48039
-5.482
-5.48297
-5.48362
-5.4833
-5.48362
-5.48426
-5.48329
-5.48459
-5.48621
-5.4875
-5.4875
-5.4875
-5.4888
-5.48913
-5.49042
-5.4901
-5.48945
-5.48783
-5.48783
-5.48685
-5.48523
-5.48491
-5.48652
-5.4849
-5.48717
-5.48815
-5.48685
-5.48879
-5.48717
-5.4875
-5.48685
-5.4862
-5.48588
-5.48426
-5.48393
-5.4849
-5.48426
-5.48426
-5.48523
-5.48524
-5.48718
-5.48815
-5.48879
-5.49074
-5.49106
-5.49203
-5.49236
-5.49106
-5.49041
-5.48944
-5.49009
-5.48944
-5.48685
-5.48653
-5.48621
-5.48427
-5.48556
-5.48556
-5.48589
-5.48524
-5.4833
-5.48265
-5.4833
-5.48427
-5.48459
-5.48556
-5.48685
-5.4875
-5.48879
-5.48847
-5.48912
-5.48847
-5.48783
-5.48718
-5.48782
-5.48879
-5.48944
-5.49106
-5.49106
-5.49139
-5.49074
-5.49171
-5.48912
-5.49074
-5.49074
-5.49073
-5.4875
-5.48555
-5.48491
-5.48361
-5.48361
-5.48362
-5.48361
-5.48459
-5.48491
-5.48588
-5.48394
-5.48394
-5.48427
-5.48556
-5.48589
-5.48621
-5.48815
-5.48847
-5.49009
-5.49009
-5.49268
-5.49333
-5.49398
-5.49366
-5.49463
-5.49204
-5.49107
-5.48815
-5.4875
-5.48653
-5.48588
-5.48361
-5.48102
-5.48361
-5.48394
-5.48394
-5.48491
-5.48653
-5.48653
-5.48815
-5.48977
-5.48977
-5.49074
-5.49171
-5.49203
-5.49138
-5.49333
-5.493
-5.49365
-5.49106
-5.48782
-5.48783
-5.48815
-5.48621
-5.48621
-5.48653
-5.48653
-5.48653
-5.48459
-5.48491
-5.48362
-5.48491
-5.48588
-5.4875
-5.48685
-5.48556
-5.48653
-5.48362
-5.48459
-5.48556
-5.48492
-5.48427
-5.48233
-5.48297
-5.48265
-5.482
-5.4807
-5.48265
-5.48232
-5.48394
-5.48362
-5.48556
-5.48524
-5.48362
-5.4833
-5.48621
-5.48719
-5.49075
-5.49075
-5.4914
-5.49107
-5.48945
-5.48913
-5.48913
-5.4875
-5.48718
-5.48718
-5.48686
-5.48815
-5.48718
-5.48621
-5.48525
-5.48557
-5.48395
-5.48266
-5.4833
-5.48233
-5.48427
-5.48492
-5.48524
-5.48394
-5.48426
-5.48394
-5.48265
-5.48233
-5.4833
-5.48363
-5.48525
-5.48492
-5.48557
-5.48655
-5.48881
-5.48978
-5.49075
-5.48784
-5.48816
-5.48751
-5.48686
-5.48686
-5.48751
-5.48751
-5.48752
-5.48784
-5.48946
-5.48881
-5.48752
-5.48687
-5.48428
-5.48168
-5.48233
-5.48071
-5.48201
-5.48428
-5.48557
-5.48557
-5.48622
-5.48719
-5.48784
-5.48816
-5.48848
-5.48816
-5.48946
-5.49011
-5.49043
-5.49172
-5.49172
-5.4901
-5.49107
-5.49172
-5.49204
-5.49042
-5.4901
-5.48913
-5.48881
-5.48848
-5.48978
-5.48881
-5.48816
-5.48654
-5.48654
-5.48751
-5.48848
-5.48945
-5.48978
-5.49043
-5.48881
-5.48719
-5.48557
-5.48687
-5.48719
-5.48686
-5.48719
-5.48719
-5.48687
-5.48751
-5.48719
-5.4859
-5.48654
-5.48622
-5.48687
-5.48654
-5.4859
-5.48816
-5.4859
-5.4872
-5.48655
-5.48817
-5.48849
-5.48784
-5.48752
-5.48654
-5.48428
-5.48525
-5.48363
-5.48363
-5.48492
-5.4859
-5.4859
-5.48752
-5.4859
-5.48461
-5.4846
-5.4859
-5.48784
-5.48622
-5.48654
-5.48589
-5.48525
-5.48395
-5.48395
-5.48493
-5.48396
-5.48558
-5.48493
-5.48623
-5.48558
-5.48396
-5.4846
-5.48848
-5.48783
-5.48848
-5.4888
-5.4901
-5.48815
-5.48686
-5.48848
-5.48848
-5.48622
-5.48784
-5.48816
-5.48881
-5.48817
-5.48817
-5.48817
-5.4872
-5.48914
-5.48914
-5.48978
-5.49043
-5.48978
-5.48816
-5.48718
-5.48621
-5.48654
-5.48622
-5.4859
-5.4859
-5.4859
-5.48622
-5.48655
-5.48687
-5.48622
-5.4846
-5.48654
-5.48557
-5.48428
-5.48331
-5.48396
-5.48331
-5.48622
-5.48687
-5.48687
-5.4859
-5.48687
-5.48784
-5.48784
-5.48849
-5.48816
-5.48784
-5.48978
-5.48849
-5.48817
-5.48914
-5.4872
-5.48753
-5.4872
-5.4872
-5.48688
-5.48752
-5.48526
-5.48622
-5.48622
-5.48622
-5.48784
-5.48881
-5.48687
-5.48655
-5.48622
-5.48687
-5.48946
-5.48946
-5.49173
-5.49011
-5.48914
-5.48946
-5.48946
-5.48914
-5.49044
-5.48979
-5.48849
-5.48784
-5.48784
-5.48687
-5.48493
-5.48525
-5.48461
-5.48493
-5.48655
-5.48655
-5.48558
-5.48687
-5.48979
-5.48882
-5.48623
-5.48429
-5.48655
-5.48591
-5.4872
-5.48914
-5.48947
-5.48979
-5.4872
-5.48526
-5.48526
-5.48429
-5.48396
-5.48428
-5.48428
-5.48493
-5.48331
-5.48493
-5.4859
-5.48428
-5.48558
-5.48461
-5.48882
-5.48785
-5.48785
-5.48558
-5.48558
-5.48525
-5.48622
-5.48557
-5.4846
-5.48363
-5.48331
-5.48363
-5.4846
-5.48525
-5.48654
-5.48913
-5.48784
-5.48654
-5.48622
-5.48622
-5.48654
-5.48719
-5.48816
-5.48978
-5.48881
-5.48881
-5.48978
-5.49042
-5.48945
-5.48654
-5.48751
-5.48719
-5.48655
-5.48461
-5.48201
-5.48072
-5.48201
-5.48233
-5.4833
-5.4833
-5.48265
-5.48362
-5.48363
-5.48331
-5.48428
-5.48493
-5.48492
-5.48363
-5.48363
-5.48816
-5.48848
-5.48945
-5.49075
-5.49172
-5.48913
-5.48751
-5.48557
-5.48589
-5.48978
-5.48913
-5.48913
-5.48945
-5.48815
-5.48492
-5.48524
-5.48686
-5.4875
-5.48783
-5.49107
-5.49334
-5.49334
-5.4914
-5.4901
-5.48913
-5.48881
-5.48848
-5.48848
-5.48686
-5.48719
-5.48654
-5.48783
-5.48524
-5.48621
-5.48783
-5.48783
-5.48653
-5.48718
-5.4888
-5.4888
-5.49042
-5.4888
-5.48783
-5.48783
-5.48783
-5.48977
-5.48977
-5.48945
-5.49139
-5.48881
-5.48815
-5.48783
-5.48718
-5.48685
-5.48426
-5.48329
-5.48459
-5.48621
-5.48686
-5.48815
-5.48686
-5.48492
-5.48589
-5.48589
-5.48459
-5.48298
-5.4833
-5.48557
-5.48525
-5.4846
-5.48395
-5.48394
-5.48491
-5.48653
-5.48686
-5.48815
-5.48815
-5.48783
-5.48589
-5.48718
-5.48848
-5.4875
-5.48718
-5.48912
-5.48783
-5.48556
-5.48427
-5.48297
-5.48395
-5.48298
-5.48557
-5.48654
-5.48751
-5.48718
-5.48815
-5.48782
-5.48976
-5.48944
-5.48912
-5.48977
-5.49107
-5.4943
-5.49398
-5.49236
-5.48945
-5.48588
-5.48362
-5.48265
-5.48265
-5.482
-5.48264
-5.48329
-5.48394
-5.48555
-5.48555
-5.48847
-5.48717
-5.48847
-5.49009
-5.4888
-5.4875
-5.48686
-5.49107
-5.49042
-5.49172
-5.49171
-5.4901
-5.49107
-5.49204
-5.49106
-5.48977
-5.49009
-5.48848
-5.48751
-5.4901
-5.49075
-5.4901
-5.48945
-5.49042
-5.48913
-5.4888
-5.49042
-5.48945
-5.48913
-5.48816
-5.48783
-5.48783
-5.49042
-5.49074
-5.48945
-5.49042
-5.49204
-5.49236
-5.49203
-5.49009
-5.48782
-5.4862
-5.48685
-5.48815
-5.4875
-5.48815
-5.48685
-5.48555
-5.48555
-5.48555
-5.48685
-5.48588
-5.4849
-5.4849
-5.48296
-5.48425
-5.48587
-5.48587
-5.4849
-5.48652
-5.48652
-5.48652
-5.48782
-5.4862
-5.48912
-5.48847
-5.48912
-5.48847
-5.49009
-5.49332
-5.49235
-5.49364
-5.49202
-5.48943
-5.48717
-5.48782
-5.48879
-5.48911
-5.48782
-5.48976
-5.48846
-5.48749
-5.48652
-5.48717
-5.4862
-5.48652
-5.48782
-5.48847
-5.48846
-5.48846
-5.48943
-5.48976
-5.4904
-5.4917
-5.4917
-5.49105
-5.49041
-5.48976
-5.49008
-5.49008
-5.49008
-5.49105
-5.48943
-5.48846
-5.49073
-5.49137
-5.49073
-5.48975
-5.48846
-5.48749
-5.48684
-5.48554
-5.48522
-5.48328
-5.48392
-5.48489
-5.48521
-5.48489
-5.48716
-5.48619
-5.48716
-5.48587
-5.4849
-5.48684
-5.48619
-5.48716
-5.48975
-5.49007
-5.48974
-5.48974
-5.48877
-5.49007
-5.49169
-5.49072
-5.49104
-5.48975
-5.48878
-5.48781
-5.48748
-5.48781
-5.48392
-5.48489
-5.48683
-5.48715
-5.48618
-5.48553
-5.48586
-5.48618
-5.48715
-5.48715
-5.48845
-5.48521
-5.48618
-5.48456
-5.48457
-5.48619
-5.48554
-5.48554
-5.48748
-5.49104
-5.49104
-5.49039
-5.4891
-5.4904
-5.49007
-5.4891
-5.48812
-5.48877
-5.49007
-5.49007
-5.48877
-5.48942
-5.49136
-5.49071
-5.49039
-5.49201
-5.49233
-5.49201
-5.49104
-5.48909
-5.48812
-5.48618
-5.48521
-5.48554
-5.48489
-5.48424
-5.48585
-5.4865
-5.48748
-5.48586
-5.4865
-5.48488
-5.48553
-5.48586
-5.48456
-5.48554
-5.48715
-5.48585
-5.4865
-5.48715
-5.48715
-5.48585
-5.48553
-5.48715
-5.48812
-5.48715
-5.48715
-5.48845
-5.48715
-5.48618
-5.48521
-5.48747
-5.48909
-5.4865
-5.48553
-5.48585
-5.48553
-5.48715
-5.48909
-5.48909
-5.48942
-5.48974
-5.48909
-5.48877
-5.4878
-5.48974
-5.48812
-5.48941
-5.48876
-5.49071
-5.48747
-5.48812
-5.48779
-5.48974
-5.48909
-5.48877
-5.48748
-5.4878
-5.48942
-5.49071
-5.48974
-5.48909
-5.48941
-5.49103
-5.48876
-5.48649
-5.48779
-5.48941
-5.48455
-5.48391
-5.48294
-5.48261
-5.48262
-5.48359
-5.48488
-5.48391
-5.48359
-5.48456
-5.48456
-5.48456
-5.48423
-5.48553
-5.48423
-5.48553
-5.48488
-5.48779
-5.48585
-5.48682
-5.48617
-5.48455
-5.4852
-5.48909
-5.48941
-5.48779
-5.48941
-5.48682
-5.4852
-5.4839
-5.48617
-5.48843
-5.48649
-5.48681
-5.48682
-5.48488
-5.48326
-5.48391
-5.48359
-5.48455
-5.48358
-5.48164
-5.48261
-5.48197
-5.48262
-5.48424
-5.48391
-5.48715
-5.4865
-5.48618
-5.4865
-5.48618
-5.48683
-5.48651
-5.48748
-5.48813
-5.48845
-5.48974
-5.48909
-5.48715
-5.48909
-5.48973
-5.49006
-5.48844
-5.48553
-5.48617
-5.4865
-5.48747
-5.48715
-5.48715
-5.48682
-5.48877
-5.49038
-5.48844
-5.48876
-5.48843
-5.48779
-5.48649
-5.48747
-5.48715
-5.48617
-5.48585
-5.48682
-5.48617
-5.48325
-5.48423
-5.48131
-5.48034
-5.48034
-5.48196
-5.48067
-5.48002
-5.48229
-5.48293
-5.4852
-5.48488
-5.48261
-5.48423
-5.48617
-5.48488
-5.48617
-5.4852
-5.48488
-5.48487
-5.48487
-5.48552
-5.48778
-5.48876
-5.48585
-5.4852
-5.48747
-5.48682
-5.48715
-5.48877
-5.48942
-5.49007
-5.48877
-5.49201
-5.49103
-5.48812
-5.48682
-5.4878
-5.48877
-5.48974
-5.48909
-5.48909
-5.49006
-5.49006
-5.49038
-5.48844
-5.4907
-5.49038
-5.49038
-5.48811
-5.48617
-5.48779
-5.48747
-5.48714
-5.48326
-5.48391
-5.48326
-5.48164
-5.48164
-5.48326
-5.48423
-5.48423
-5.48487
-5.48455
-5.48455
-5.4839
-5.48358
-5.48325
-5.48455
-5.48358
-5.4852
-5.48714
-5.48682
-5.48521
-5.48618
-5.48715
-5.48682
-5.48488
-5.48779
-5.48811
-5.48682
-5.48682
-5.4865
-5.48553
-5.48553
-5.4852
-5.48423
-5.48423
-5.48423
-5.48488
-5.48326
-5.48488
-5.48487
-5.48584
-5.48487
-5.48487
-5.48617
-5.48488
-5.48229
-5.48229
-5.4852
-5.48455
-5.48585
-5.48585
-5.48585
-5.48553
-5.48423
-5.48391
-5.48293
-5.48617
-5.48585
-5.48682
-5.48682
-5.48779
-5.48747
-5.49038
-5.49103
-5.49135
-5.49135
-5.49038
-5.49038
-5.49038
-5.48941
-5.48876
-5.48714
-5.48682
-5.4865
-5.48585
-5.48585
-5.48617
-5.48423
-5.48521
-5.48553
-5.48423
-5.48229
-5.48326
-5.48293
-5.48196
-5.48196
-5.48617
-5.48552
-5.48617
-5.48488
-5.4852
-5.4852
-5.4865
-5.48746
-5.48843
-5.48908
-5.48876
-5.48778
-5.48746
-5.48746
-5.48778
-5.48843
-5.4907
-5.49135
-5.4894
-5.49102
-5.492
-5.49297
-5.49297
-5.4933
-5.4933
-5.49136
-5.49071
-5.49038
-5.49038
-5.48974
-5.48909
-5.48876
-5.48973
-5.4907
-5.48941
-5.48843
-5.48779
-5.48714
-5.48682
-5.48585
-5.48585
-5.48552
-5.48585
-5.48682
-5.48681
-5.48616
-5.48746
-5.48746
-5.48616
-5.48681
-5.48778
-5.48778
-5.48778
-5.48616
-5.48746
-5.48552
-5.48422
-5.48357
-5.48228
-5.47969
-5.47904
-5.47936
-5.48131
-5.4839
-5.48454
-5.48843
-5.48875
-5.48746
-5.48875
-5.48875
-5.48746
-5.48584
-5.48649
-5.48844
-5.48941
-5.49038
-5.48909
-5.49103
-5.49005
-5.48746
-5.48551
-5.4881
-5.48875
-5.48745
-5.48681
-5.48649
-5.48778
-5.49005
-5.49199
-5.48972
-5.48778
-5.48713
-5.48777
-5.49004
-5.49004
-5.48842
-5.49004
-5.49134
-5.49036
-5.48939
-5.48971
-5.48777
-5.48647
-5.48777
-5.48777
-5.48777
-5.48939
-5.48842
-5.48778
-5.48713
-5.48713
-5.48843
-5.48778
-5.48487
-5.48324
-5.48195
-5.48194
-5.48291
-5.48291
-5.48518
-5.4855
-5.4868
-5.48583
-5.48486
-5.48389
-5.48357
-5.48454
-5.48357
-5.48519
-5.48616
-5.48713
-5.48745
-5.48712
-5.48615
-5.48518
-5.48518
-5.48583
-5.48616
-5.4881
-5.48746
-5.48487
-5.48487
-5.4826
-5.48551
-5.48778
-5.48649
-5.48486
-5.48357
-5.48454
-5.48518
-5.48518
-5.48389
-5.48227
-5.48259
-5.48097
-5.48097
-5.48486
-5.48583
-5.4868
-5.49068
-5.49133
-5.49198
-5.49166
-5.49295
-5.49263
-5.49069
-5.48972
-5.49069
-5.49069
-5.48875
-5.48713
-5.48745
-5.48583
-5.48777
-5.48777
-5.48745
-5.48777
-5.48777
-5.48583
-5.48713
-5.48778
-5.4881
-5.48842
-5.48971
-5.49004
-5.48744
-5.48744
-5.48647
-5.48648
-5.48648
-5.48551
-5.48616
-5.48778
-5.48907
-5.48648
-5.48681
-5.48648
-5.48713
-5.48648
-5.48583
-5.48648
-5.48616
-5.48518
-5.48648
-5.48583
-5.48551
-5.48519
-5.48778
-5.48778
-5.48681
-5.48551
-5.4868
-5.48648
-5.48842
-5.48939
-5.48777
-5.48648
-5.48583
-5.48486
-5.48519
-5.48486
-5.48551
-5.48647
-5.48679
-5.48453
-5.48453
-5.48582
-5.48647
-5.48745
-5.48583
-5.48486
-5.48356
-5.48292
-5.48324
-5.48647
-5.48518
-5.48518
-5.48388
-5.48485
-5.48744
-5.48809
-5.48907
-5.48939
-5.48874
-5.48907
-5.49004
-5.49069
-5.49004
-5.49166
-5.49004
-5.48939
-5.48842
-5.48972
-5.48874
-5.49101
-5.49133
-5.49133
-5.48907
-5.48777
-5.4881
-5.48745
-5.48713
-5.4868
-5.48745
-5.48681
-5.4839
-5.4826
-5.48325
-5.4839
-5.48551
-5.48616
-5.4881
-5.48842
-5.49036
-5.49198
-5.49263
-5.49263
-5.49004
-5.48939
-5.48972
-5.48519
-5.48584
-5.48713
-5.48746
-5.4907
-5.49102
-5.48972
-5.49004
-5.48777
-5.48842
-5.48745
-5.48615
-5.48421
-5.48486
-5.48356
-5.48583
-5.48778
-5.48908
-5.48843
-5.48519
-5.48616
-5.48584
-5.48584
-5.48228
-5.4826
-5.48227
-5.4826
-5.48357
-5.48389
-5.48324
-5.48259
-5.48324
-5.4826
-5.48227
-5.48324
-5.48324
-5.48389
-5.48713
-5.48843
-5.48778
-5.48552
-5.48746
-5.48422
-5.48519
-5.48228
-5.48357
-5.48358
-5.48649
-5.48584
-5.48617
-5.48714
-5.48811
-5.48811
-5.48552
-5.48649
-5.48778
-5.48973
-5.49167
-5.492
-5.49006
-5.49103
-5.49329
-5.4907
-5.4907
-5.49232
-5.4907
-5.49038
-5.48876
-5.48649
-5.48747
-5.48617
-5.48617
-5.4865
-5.4865
-5.48908
-5.48843
-5.48714
-5.48681
-5.48876
-5.48746
-5.48909
-5.49071
-5.48844
-5.48909
-5.49038
-5.48812
-5.48844
-5.49038
-5.48552
-5.48261
-5.48552
-5.48681
-5.48552
-5.48682
-5.48682
-5.48617
-5.48714
-5.48617
-5.48519
-5.48552
-5.48228
-5.48195
-5.4826
-5.48325
-5.4839
-5.48423
-5.4865
-5.4865
-5.4865
-5.48715
-5.48844
-5.48909
-5.48876
-5.49071
-5.49071
-5.48779
-5.4865
-5.48747
-5.48844
-5.48941
-5.48876
-5.48779
-5.48779
-5.48779
-5.48714
-5.48779
-5.48617
-5.48617
-5.48714
-5.48714
-5.48585
-5.48456
-5.48488
-5.4852
-5.48585
-5.48682
-5.48779
-5.48812
-5.48844
-5.49071
-5.49103
-5.48909
-5.48876
-5.48876
-5.48779
-5.48779
-5.48973
-5.48779
-5.48649
-5.48617
-5.48649
-5.48682
-5.48779
-5.48779
-5.48682
-5.48747
-5.48747
-5.48747
-5.48779
-5.48682
-5.48747
-5.4865
-5.48715
-5.48877
-5.48974
-5.49265
-5.49104
-5.48877
-5.48974
-5.49039
-5.49072
-5.48974
-5.48877
-5.48747
-5.48391
-5.48229
-5.48261
-5.48326
-5.48326
-5.48326
-5.48359
-5.48326
-5.48326
-5.48294
-5.48488
-5.48585
-5.48617
-5.48585
-5.48261
-5.4865
-5.48747
-5.48812
-5.4878
-5.48974
-5.4878
-5.48585
-5.48618
-5.48488
-5.48391
-5.48682
-5.48682
-5.4865
-5.48715
-5.4865
-5.48618
-5.48391
-5.48488
-5.48553
-5.48585
-5.48456
-5.48359
-5.48358
-5.48294
-5.48423
-5.48455
-5.48196
-5.48261
-5.48229
-5.48132
-5.48068
-5.48327
-5.48424
-5.48554
-5.48359
-5.48424
-5.48165
-5.4823
-5.48327
-5.48262
-5.4823
-5.48392
-5.48327
-5.48456
-5.48618
-5.48877
-5.48682
-5.48553
-5.48747
-5.48845
-5.49072
-5.4891
-5.4891
-5.48619
-5.48489
-5.48424
-5.4823
-5.48229
-5.48229
-5.48164
-5.48326
-5.48327
-5.48424
-5.48392
-5.48392
-5.48424
-5.48489
-5.48651
-5.48522
-5.48522
-5.48554
-5.48586
-5.48651
-5.48813
-5.48943
-5.48878
-5.48845
-5.48781
-5.48684
-5.48586
-5.48489
-5.48327
-5.48457
-5.48457
-5.48295
-5.48522
-5.48684
-5.48749
-5.48846
-5.48781
-5.48781
-5.48652
-5.48749
-5.48781
-5.48619
-5.48748
-5.48878
-5.48975
-5.49007
-5.4904
-5.49007
-5.4904
-5.49008
-5.49073
-5.4917
-5.48911
-5.48878
-5.49073
-5.49008
-5.48975
-5.4917
-5.49526
-5.49397
-5.49364
-5.49138
-5.49073
-5.49137
-5.49072
-5.49007
-5.4891
-5.49007
-5.48781
-5.48749
-5.48878
-5.48944
-5.48879
-5.48491
-5.4875
-5.48717
-5.48717
-5.48652
-5.48749
-5.48684
-5.48716
-5.48845
-5.48748
-5.48683
-5.48619
-5.48813
-5.48652
-5.48587
-5.48587
-5.48458
-5.48393
-5.48393
-5.48328
-5.48295
-5.48231
-5.48393
-5.4849
-5.48457
-5.48458
-5.48587
-5.48522
-5.48328
-5.48231
-5.48296
-5.48652
-5.48361
-5.48393
-5.48619
-5.48684
-5.48651
-5.48684
-5.48651
-5.48587
-5.48522
-5.4849
-5.48555
-5.4849
-5.4849
-5.48328
-5.48425
-5.48587
-5.48523
-5.48749
-5.48749
-5.48684
-5.48716
-5.48748
-5.48748
-5.48651
-5.48522
-5.48587
-5.48652
-5.48685
-5.48782
-5.48588
-5.48523
-5.48588
-5.48555
-5.48425
-5.48555
-5.48781
-5.48911
-5.48944
-5.48944
-5.49041
-5.48879
-5.48911
-5.48879
-5.48944
-5.48879
-5.48976
-5.49073
-5.49009
-5.48782
-5.48782
-5.48718
-5.4862
-5.48685
-5.48847
-5.48717
-5.48879
-5.48912
-5.48718
-5.48621
-5.48459
-5.48459
-5.48458
-5.48393
-5.48458
-5.48458
-5.48458
-5.4849
-5.48393
-5.48393
-5.48296
-5.48199
-5.48166
-5.48005
-5.48296
-5.48329
-5.48426
-5.482
-5.48297
-5.48361
-5.48426
-5.48264
-5.48328
-5.48458
-5.48425
-5.48684
-5.48749
-5.48813
-5.48781
-5.48943
-5.49008
-5.48879
-5.48814
-5.49008
-5.48976
-5.49106
-5.49041
-5.49008
-5.49008
-5.48944
-5.49008
-5.49009
-5.48944
-5.48717
-5.48684
-5.48652
-5.48814
-5.48717
-5.48587
-5.4862
-5.4862
-5.48457
-5.48392
-5.48522
-5.4836
-5.4836
-5.48199
-5.48393
-5.48587
-5.48685
-5.48555
-5.48523
-5.48491
-5.48426
-5.48523
-5.48458
-5.48426
-5.48588
-5.48749
-5.48652
-5.48749
-5.48749
-5.48943
-5.48846
-5.48555
-5.48426
-5.48459
-5.48459
-5.48459
-5.48459
-5.48329
-5.48556
-5.48847
-5.48749
-5.48555
-5.48652
-5.48684
-5.48684
-5.48717
-5.48814
-5.48814
-5.48717
-5.4875
-5.48782
-5.48717
-5.49138
-5.49073
-5.49009
-5.493
-5.49009
-5.49106
-5.49139
-5.49009
-5.48815
-5.4875
-5.48847
-5.49009
-5.48749
-5.48717
-5.48652
-5.48522
-5.4849
-5.48361
-5.48167
-5.48297
-5.48361
-5.48329
-5.48555
-5.48458
-5.48491
-5.48588
-5.48328
-5.48328
-5.4862
-5.48717
-5.48717
-5.48782
-5.48685
-5.4875
-5.4888
-5.48977
-5.49042
-5.48977
-5.4888
-5.48815
-5.4888
-5.48944
-5.48944
-5.48977
-5.49009
-5.48945
-5.48588
-5.48686
-5.48491
-5.48426
-5.48394
-5.48329
-5.48296
-5.48523
-5.4862
-5.48685
-5.48491
-5.48523
-5.48718
-5.48782
-5.4862
-5.4862
-5.48782
-5.48782
-5.4875
-5.48685
-5.4875
-5.48815
-5.48782
-5.48523
-5.48394
-5.48556
-5.48588
-5.48717
-5.4875
-5.48912
-5.48847
-5.48524
-5.48686
-5.4875
-5.48621
-5.4888
-5.48978
-5.48913
-5.48751
-5.48783
-5.4888
-5.48912
-5.48976
-5.49009
-5.49041
-5.4888
-5.49009
-5.48815
-5.48912
-5.4875
-5.48847
-5.48913
-5.48913
-5.49107
-5.4914
-5.49204
-5.49107
-5.49107
-5.49107
-5.49074
-5.49107
-5.49075
-5.48848
-5.48751
-5.48751
-5.48784
-5.48687
-5.48687
-5.48913
-5.48913
-5.48849
-5.48784
-5.48719
-5.48622
-5.48687
-5.48784
-5.48881
-5.48913
-5.48946
-5.48978
-5.48849
-5.48719
-5.48557
-5.48622
-5.48525
-5.4846
-5.48395
-5.48331
-5.48363
-5.48331
-5.48266
-5.4846
-5.4846
-5.4846
-5.48525
-5.48719
-5.48881
-5.48849
-5.48881
-5.48817
-5.49076
-5.49108
-5.48979
-5.48882
-5.48719
-5.48687
-5.48557
-5.4859
-5.4859
-5.48752
-5.48557
-5.48655
-5.48719
-5.48881
-5.48719
-5.48622
-5.48881
-5.48752
-5.48849
-5.48784
-5.48558
-5.48752
-5.48752
-5.49044
-5.48979
-5.48914
-5.48947
-5.48882
-5.48849
-5.48882
-5.4872
-5.48719
-5.48849
-5.48816
-5.48913
-5.48978
-5.48784
-5.48687
-5.48687
-5.48881
-5.48622
-5.48655
-5.48687
-5.48655
-5.48622
-5.48687
-5.4872
-5.48363
-5.4872
-5.48655
-5.4846
-5.4859
-5.48687
-5.48687
-5.48655
-5.48784
-5.48816
-5.48913
-5.49108
-5.49011
-5.48978
-5.48914
-5.48946
-5.49173
-5.48849
-5.48978
-5.48913
-5.48881
-5.48719
-5.48849
-5.48978
-5.48881
-5.48913
-5.48946
-5.48913
-5.48913
-5.48913
-5.48913
-5.48654
-5.48686
-5.48816
-5.48783
-5.48654
-5.48621
-5.48524
-5.48523
-5.48426
-5.48329
-5.48394
-5.48362
-5.48394
-5.48298
-5.48395
-5.48589
-5.48298
-5.48524
-5.48459
-5.48589
-5.48589
-5.4875
-5.48556
-5.48557
-5.48589
-5.48654
-5.48784
-5.48783
-5.48395
-5.48589
-5.48686
-5.48751
-5.48654
-5.48621
-5.48362
-5.48524
-5.48685
-5.48815
-5.48912
-5.48944
-5.4888
-5.48912
-5.4875
-5.48427
-5.48297
-5.48362
-5.48459
-5.48394
-5.482
-5.48362
-5.48459
-5.48621
-5.48815
-5.48815
-5.48685
-5.48912
-5.48718
-5.4875
-5.48686
-5.48945
-5.48848
-5.4875
-5.48848
-5.48912
-5.48751
-5.48848
-5.48751
-5.4888
-5.4875
-5.48912
-5.48718
-5.48685
-5.48783
-5.48945
-5.48815
-5.48653
-5.48685
-5.48394
-5.48523
-5.48556
-5.48718
-5.4888
-5.49074
-5.48945
-5.48913
-5.48783
-5.48751
-5.48589
-5.48816
-5.48653
-5.48718
-5.48977
-5.49106
-5.49106
-5.49009
-5.49009
-5.49009
-5.48912
-5.48977
-5.4888
-5.48912
-5.48524
-5.48524
-5.48654
-5.48815
-5.48686
-5.48912
-5.4875
-5.48555
-5.48522
-5.48523
-5.48458
-5.48555
-5.4862
-5.48491
-5.48621
-5.4875
-5.48718
-5.48718
-5.48718
-5.48814
-5.48717
-5.48976
-5.49203
-5.49202
-5.49106
-5.49073
-5.48944
-5.49041
-5.48912
-5.48848
-5.4875
-5.4875
-5.48944
-5.48782
-5.48944
-5.4875
-5.48588
-5.48458
-5.48652
-5.48846
-5.48685
-5.48717
-5.4875
-5.48686
-5.48848
-5.48751
-5.48977
-5.48815
-5.49042
-5.4888
-5.48847
-5.48944
-5.48814
-5.48588
-5.48523
-5.48555
-5.48555
-5.48652
-5.48652
-5.4862
-5.48847
-5.48944
-5.49074
-5.4888
-5.48976
-5.48879
-5.48879
-5.48782
-5.48879
-5.48717
-5.48426
-5.48491
-5.4862
-5.48717
-5.48879
-5.49203
-5.49267
-5.493
-5.49235
-5.49138
-5.48943
-5.48717
-5.48555
-5.48717
-5.48716
-5.48684
-5.48781
-5.48684
-5.48749
-5.48619
-5.48587
-5.48781
-5.4849
-5.48425
-5.48586
-5.48716
-5.48813
-5.48975
-5.48943
-5.48975
-5.48943
-5.48975
-5.4904
-5.48878
-5.48813
-5.48748
-5.48619
-5.48748
-5.48748
-5.48975
-5.49007
-5.48878
-5.48813
-5.48845
-5.48975
-5.48878
-5.48813
-5.48975
-5.49007
-5.49072
-5.48845
-5.48975
-5.48813
-5.48975
-5.48975
-5.4904
-5.4891
-5.48976
-5.48976
-5.48944
-5.48911
-5.48911
-5.48846
-5.48975
-5.48942
-5.4878
-5.4878
-5.48651
-5.48586
-5.48618
-5.48748
-5.48619
-5.48684
-5.48458
-5.48393
-5.48328
-5.48231
-5.48328
-5.48554
-5.48618
-5.48586
-5.48748
-5.48845
-5.48845
-5.48586
-5.48716
-5.48522
-5.48393
-5.48587
-5.48554
-5.48652
-5.48684
-5.48651
-5.48587
-5.48619
-5.48457
-5.48587
-5.48586
-5.48716
-5.48813
-5.48715
-5.48715
-5.48488
-5.48359
-5.48359
-5.48359
-5.48068
-5.48036
-5.48198
-5.48295
-5.4823
-5.4836
-5.48457
-5.48748
-5.4878
-5.4878
-5.48586
-5.48553
-5.48618
-5.48682
-5.48358
-5.48261
-5.48132
-5.48164
-5.48294
-5.48359
-5.481
-5.48132
-5.48294
-5.48326
-5.48488
-5.48488
-5.48617
-5.48747
-5.48715
-5.48682
-5.48682
-5.48942
-5.48942
-5.48715
-5.48554
-5.48586
-5.48457
-5.48522
-5.48554
-5.48424
-5.48521
-5.48554
-5.48392
-5.48456
-5.48553
-5.48586
-5.48618
-5.48651
-5.48522
-5.48457
-5.48716
-5.48619
-5.48749
-5.48619
-5.48328
-5.48327
-5.48392
-5.48553
-5.48391
-5.48683
-5.48553
-5.48586
-5.48553
-5.48618
-5.48488
-5.4865
-5.48651
-5.48456
-5.48683
-5.48683
-5.48812
-5.49071
-5.48877
-5.48942
-5.48747
-5.4865
-5.48715
-5.48618
-5.48651
-5.48456
-5.48262
-5.48521
-5.48618
-5.48521
-5.48618
-5.48586
-5.48424
-5.48715
-5.48683
-5.48974
-5.48877
-5.48716
-5.48716
-5.48651
-5.48748
-5.48748
-5.48845
-5.48618
-5.48813
-5.48845
-5.48813
-5.48684
-5.48554
-5.48748
-5.48748
-5.48651
-5.4878
-5.48651
-5.48716
-5.48845
-5.48683
-5.48748
-5.48619
-5.48619
-5.48716
-5.48781
-5.48749
-5.48684
-5.48846
-5.4891
-5.48651
-5.48651
-5.48619
-5.48683
-5.48748
-5.48942
-5.48975
-5.48942
-5.48975
-5.48975
-5.48943
-5.48878
-5.48911
-5.48846
-5.48846
-5.4904
-5.49105
-5.48911
-5.48943
-5.48651
-5.48619
-5.48425
-5.48716
-5.48814
-5.48749
-5.48716
-5.48554
-5.48457
-5.48295
-5.48554
-5.48328
-5.48522
-5.48587
-5.4849
-5.4849
-5.48587
-5.48717
-5.48846
-5.48975
-5.48975
-5.4891
-5.48975
-5.48716
-5.48911
-5.4904
-5.49008
-5.48814
-5.48781
-5.48684
-5.48749
-5.48684
-5.48684
-5.48651
-5.48651
-5.48457
-5.48651
-5.48522
-5.48522
-5.48522
-5.48684
-5.48813
-5.48651
-5.48846
-5.48554
-5.48619
-5.48328
-5.48457
-5.48489
-5.48683
-5.48716
-5.48845
-5.48845
-5.48781
-5.48748
-5.48716
-5.48652
-5.48587
-5.48619
-5.48586
-5.48619
-5.48554
-5.48489
-5.48683
-5.48651
-5.48521
-5.48489
-5.48619
-5.48716
-5.4836
-5.48554
-5.48586
-5.48554
-5.48521
-5.48619
-5.48619
-5.48587
-5.48587
-5.48619
-5.48716
-5.48846
-5.48878
-5.48813
-5.48813
-5.48846
-5.48619
-5.48587
-5.48619
-5.48781
-5.4891
-5.49007
-5.48975
-5.48846
-5.48716
-5.48587
-5.48554
-5.48587
-5.48813
-5.48813
-5.48749
-5.48749
-5.48943
-5.48943
-5.49105
-5.49105
-5.4917
-5.49105
-5.48976
-5.48911
-5.48588
-5.48523
-5.48523
-5.48652
-5.48555
-5.4849
-5.4836
-5.48198
-5.48263
-5.48296
-5.4836
-5.48489
-5.48716
-5.48749
-5.48717
-5.48879
-5.48976
-5.49138
-5.49041
-5.49105
-5.49234
-5.48975
-5.49072
-5.4891
-5.48684
-5.48749
-5.48587
-5.4862
-5.48717
-5.48587
-5.48684
-5.48911
-5.48749
-5.48717
-5.48652
-5.48523
-5.48329
-5.48231
-5.48426
-5.48555
-5.48522
-5.48555
-5.48652
-5.48652
-5.4875
-5.48717
-5.48814
-5.48588
-5.48976
-5.48717
-5.48652
-5.48522
-5.48522
-5.48458
-5.48685
-5.48782
-5.48717
-5.48555
-5.48588
-5.48588
-5.48652
-5.48717
-5.4862
-5.48329
-5.48394
-5.48523
-5.4862
-5.48717
-5.48652
-5.48749
-5.48782
-5.48652
-5.48814
-5.48782
-5.48717
-5.49105
-5.49267
-5.49203
-5.49106
-5.49008
-5.49008
-5.48782
-5.48782
-5.48717
-5.4849
-5.48296
-5.48425
-5.48263
-5.48231
-5.48295
-5.48166
-5.48425
-5.48619
-5.48619
-5.48555
-5.4849
-5.48394
-5.48394
-5.48329
-5.48296
-5.48523
-5.48652
-5.48587
-5.48425
-5.48587
-5.48555
-5.48555
-5.48652
-5.48652
-5.48717
-5.48619
-5.48555
-5.48716
-5.48587
-5.4849
-5.48393
-5.48555
-5.48846
-5.48781
-5.48781
-5.48748
-5.48781
-5.48878
-5.48781
-5.48846
-5.48846
-5.48846
-5.48813
-5.48943
-5.4891
-5.48748
-5.48683
-5.48425
-5.48425
-5.48554
-5.48586
-5.48522
-5.48457
-5.48359
-5.48359
-5.48586
-5.48553
-5.48748
-5.48715
-5.48748
-5.48845
-5.48813
-5.48748
-5.48975
-5.48975
-5.49072
-5.49072
-5.48845
-5.48716
-5.48748
-5.48813
-5.49039
-5.4891
-5.48975
-5.48845
-5.4891
-5.48651
-5.48618
-5.48747
-5.4865
-5.48618
-5.48715
-5.48651
-5.48554
-5.48295
-5.48521
-5.48586
-5.48651
-5.48554
-5.48554
-5.48586
-5.48618
-5.48586
-5.48586
-5.48683
-5.48651
-5.48456
-5.48521
-5.48683
-5.48586
-5.48716
-5.48522
-5.48684
-5.48586
-5.48586
-5.48521
-5.48779
-5.48779
-5.48974
-5.48877
-5.48715
-5.48554
-5.48716
-5.48489
-5.48619
-5.48683
-5.48748
-5.48749
-5.48781
-5.4878
-5.48845
-5.48748
-5.48553
-5.48715
-5.48618
-5.48683
-5.48716
-5.48716
-5.48619
-5.48813
-5.48813
-5.48554
-5.48393
-5.48328
-5.48328
-5.48133
-5.48165
-5.4823
-5.4836
-5.48554
-5.48424
-5.48456
-5.48618
-5.48554
-5.48521
-5.48619
-5.48684
-5.48813
-5.48878
-5.48716
-5.48684
-5.48683
-5.48586
-5.48554
-5.48683
-5.48457
-5.48262
-5.48392
-5.48295
-5.48198
-5.481
-5.48295
-5.48424
-5.48651
-5.48651
-5.48942
-5.48683
-5.4865
-5.48748
-5.48618
-5.48456
-5.48521
-5.48747
-5.48779
-5.48747
-5.48909
-5.48877
-5.48812
-5.48845
-5.48877
-5.48974
-5.4891
-5.48748
-5.48554
-5.4878
-5.48813
-5.48748
-5.48812
-5.48812
-5.48812
-5.48974
-5.49071
-5.48974
-5.48747
-5.4865
-5.48423
-5.48358
-5.48358
-5.48585
-5.48683
-5.48683
-5.48845
-5.48715
-5.48845
-5.48942
-5.48812
-5.48715
-5.4865
-5.48423
-5.4839
-5.48228
-5.48326
-5.48391
-5.48358
-5.48553
-5.48585
-5.48617
-5.4865
-5.48585
-5.48585
-5.48715
-5.48877
-5.4878
-5.48618
-5.48683
-5.48521
-5.48553
-5.48488
-5.48552
-5.48584
-5.48843
-5.48908
-5.49038
-5.49038
-5.48682
-5.48682
-5.4865
-5.48747
-5.48618
-5.48456
-5.48456
-5.48326
-5.48293
-5.48358
-5.48326
-5.48261
-5.48456
-5.48553
-5.48683
-5.48748
-5.48909
-5.4865
-5.48585
-5.4852
-5.48261
-5.48325
-5.48422
-5.48487
-5.48552
-5.48812
-5.48779
-5.4865
-5.48683
-5.48845
-5.49039
-5.48813
-5.48715
-5.4865
-5.48682
-5.48552
-5.48584
-5.48778
-5.48616
-5.48681
-5.48844
-5.48941
-5.48812
-5.48779
-5.48779
-5.48812
-5.4878
-5.48812
-5.48747
-5.48715
-5.48488
-5.48617
-5.4839
-5.48455
-5.48228
-5.48357
-5.48487
-5.48357
-5.48584
-5.48617
-5.48714
-5.48747
-5.48488
-5.48391
-5.48488
-5.48423
-5.48715
-5.48682
-5.48876
-5.4907
-5.49103
-5.49135
-5.49329
-5.492
-5.49265
-5.492
-5.49297
-5.492
-5.49168
-5.49103
-5.49232
-5.49006
-5.48941
-5.48812
-5.48909
-5.49038
-5.49006
-5.48973
-5.492
-5.49038
-5.48973
-5.49038
-5.49168
-5.49006
-5.48974
-5.48844
-5.48909
-5.48941
-5.49006
-5.49071
-5.48909
-5.48909
-5.48682
-5.48714
-5.48617
-5.48553
-5.48455
-5.4852
-5.4852
-5.4852
-5.48391
-5.48423
-5.48423
-5.48358
-5.48326
-5.48293
-5.48423
-5.48456
-5.48521
-5.48618
-5.48521
-5.4878
-5.48812
-5.4878
-5.48844
-5.48877
-5.49006
-5.48909
-5.49006
-5.49006
-5.48974
-5.48813
-5.48716
-5.48748
-5.48845
-5.48618
-5.48618
-5.48618
-5.48877
-5.4878
-5.48553
-5.48553
-5.48488
-5.48456
-5.48618
-5.48747
-5.48747
-5.48618
-5.48521
-5.48553
-5.48489
-5.48359
-5.48489
-5.48521
-5.48812
-5.48747
-5.48747
-5.4865
-5.48812
-5.48812
-5.48618
-5.48618
-5.48521
-5.48424
-5.48359
-5.48489
-5.48586
-5.48715
-5.48683
-5.48812
-5.48942
-5.48877
-5.48747
-5.48682
-5.48682
-5.48715
-5.48715
-5.48618
-5.48618
-5.48618
-5.48489
-5.48586
-5.4865
-5.48521
-5.48586
-5.48359
-5.48586
-5.48683
-5.48587
-5.48749
-5.48846
-5.48944
-5.48911
-5.48782
-5.48814
-5.48685
-5.48458
-5.48619
-5.48586
-5.48716
-5.48781
-5.48749
-5.48522
-5.4849
-5.48523
-5.48426
-5.48458
-5.48296
-5.48329
-5.48523
-5.48458
-5.48361
-5.48652
-5.48717
-5.48814
-5.48814
-5.48781
-5.48651
-5.48619
-5.48586
-5.48489
-5.48489
-5.48489
-5.48586
-5.48781
-5.48813
-5.48555
-5.4849
-5.48425
-5.4849
-5.48231
-5.48328
-5.48328
-5.4849
-5.48522
-5.48425
-5.48425
-5.48457
-5.48425
-5.4849
-5.48554
-5.48587
-5.48554
-5.48651
-5.48749
-5.48749
-5.48943
-5.49008
-5.49138
-5.49203
-5.49009
-5.48976
-5.48879
-5.48685
-5.48653
-5.48652
-5.4862
-5.48685
-5.48749
-5.48782
-5.4862
-5.48491
-5.48685
-5.48523
-5.48523
-5.48426
-5.48717
-5.4875
-5.4875
-5.48717
-5.48717
-5.4875
-5.48782
-5.49074
-5.48976
-5.48976
-5.48847
-5.48685
-5.48782
-5.48653
-5.48491
-5.48394
-5.48296
-5.48491
-5.48523
-5.48264
-5.48329
-5.48361
-5.48555
-5.48555
-5.48587
-5.4862
-5.48523
-5.48556
-5.48491
-5.48491
-5.48426
-5.48329
-5.48297
-5.48426
-5.48491
-5.48653
-5.48556
-5.48458
-5.48458
-5.48491
-5.48523
-5.48426
-5.4875
-5.48685
-5.48685
-5.48879
-5.49041
-5.49041
-5.49009
-5.49041
-5.49106
-5.49203
-5.49171
-5.49236
-5.49269
-5.49269
-5.49075
-5.48815
-5.48718
-5.48782
-5.48685
-5.48458
-5.48425
-5.48522
-5.4849
-5.48329
-5.48491
-5.48458
-5.48362
-5.48653
-5.48621
-5.48815
-5.48718
-5.48621
-5.48523
-5.48523
-5.48491
-5.48879
-5.49041
-5.49138
-5.48944
-5.48944
-5.48944
-5.48912
-5.4862
-5.48491
-5.48491
-5.48653
-5.48783
-5.4888
-5.48815
-5.48783
-5.48816
-5.48848
-5.48816
-5.4901
-5.48977
-5.48783
-5.48816
-5.48686
-5.48654
-5.48589
-5.48395
-5.48492
-5.48589
-5.48524
-5.48394
-5.48556
-5.48686
-5.48491
-5.48491
-5.4833
-5.4833
-5.48459
-5.48265
-5.48363
-5.4833
-5.48525
-5.4846
-5.48557
-5.48686
-5.48815
-5.4888
-5.48945
-5.48783
-5.48815
-5.48945
-5.48945
-5.48847
-5.49041
-5.49009
-5.49171
-5.48977
-5.49075
-5.49043
-5.48848
-5.48881
-5.48751
-5.48816
-5.4888
-5.48686
-5.48621
-5.48621
-5.48653
-5.48491
-5.48427
-5.48621
-5.48492
-5.48654
-5.48751
-5.48589
-5.48718
-5.48718
-5.48524
-5.48751
-5.48557
-5.48686
-5.48719
-5.48557
-5.48687
-5.48622
-5.48686
-5.48654
-5.48589
-5.4875
-5.48848
-5.48977
-5.48718
-5.48751
-5.48654
-5.48524
-5.48622
-5.48719
-5.48751
-5.48686
-5.48848
-5.49042
-5.48945
-5.49042
-5.49042
-5.49074
-5.49107
-5.49042
-5.49172
-5.49237
-5.49075
-5.49172
-5.49042
-5.48848
-5.48751
-5.48686
-5.48751
-5.48524
-5.48491
-5.48686
-5.48751
-5.48589
-5.4875
-5.4875
-5.48686
-5.48783
-5.48816
-5.48881
-5.48784
-5.48557
-5.48654
-5.48816
-5.48881
-5.48687
-5.48687
-5.48654
-5.48492
-5.48654
-5.48719
-5.48783
-5.48621
-5.48751
-5.48653
-5.48718
-5.48654
-5.48557
-5.48621
-5.48751
-5.48622
-5.48622
-5.48654
-5.48492
-5.48622
-5.48719
-5.48817
-5.48849
-5.48849
-5.48719
-5.49011
-5.49075
-5.48945
-5.48945
-5.49075
-5.48978
-5.49043
-5.49205
-5.48979
-5.48785
-5.48752
-5.48914
-5.48816
-5.49011
-5.48914
-5.49108
-5.48816
-5.48881
-5.48784
-5.48946
-5.48816
-5.48784
-5.48817
-5.48687
-5.48914
-5.48719
-5.48654
-5.48525
-5.48298
-5.48492
-5.48524
-5.48622
-5.48622
-5.48687
-5.48557
-5.48395
-5.48525
-5.48557
-5.48363
-5.4846
-5.48395
-5.48362
-5.4846
-5.48524
-5.48395
-5.48331
-5.48395
-5.48363
-5.48234
-5.48137
-5.48072
-5.48298
-5.48428
-5.48492
-5.48428
-5.48363
-5.4846
-5.48492
-5.48525
-5.48557
-5.4846
-5.48557
-5.48589
-5.48751
-5.4846
-5.48427
-5.48622
-5.48686
-5.48751
-5.48945
-5.49042
-5.49301
-5.4914
-5.49204
-5.49204
-5.49107
-5.49042
-5.4901
-5.48881
-5.4914
-5.4914
-5.49173
-5.49108
-5.49011
-5.49205
-5.49334
-5.49237
-5.49399
-5.49269
-5.49204
-5.4901
-5.48718
-5.48848
-5.4888
-5.48848
-5.48815
-5.4888
-5.48783
-5.48621
-5.48654
-5.48557
-5.48654
-5.48524
-5.48362
-5.48265
-5.48362
-5.48362
-5.48329
-5.48297
-5.48491
-5.48588
-5.48394
-5.48653
-5.48524
-5.48427
-5.48394
-5.48557
-5.48848
-5.48783
-5.48686
-5.48718
-5.48783
-5.48718
-5.48718
-5.48847
-5.4888
-5.4875
-5.48847
-5.48783
-5.4875
-5.48653
-5.48944
-5.48944
-5.48945
-5.48912
-5.48945
-5.4901
-5.48945
-5.48815
-5.48976
-5.49106
-5.48879
-5.48587
-5.48523
-5.48491
-5.48394
-5.48556
-5.48426
-5.48361
-5.48588
-5.48588
-5.48685
-5.48652
-5.48717
-5.4875
-5.4888
-5.48912
-5.49009
-5.48976
-5.48879
-5.49138
-5.49494
-5.49268
-5.48977
-5.48976
-5.48944
-5.49074
-5.48944
-5.48912
-5.48783
-5.4888
-5.48848
-5.48912
-5.49204
-5.49042
-5.49042
-5.49075
-5.49107
-5.49334
-5.49172
-5.49074
-5.49139
-5.49042
-5.49009
-5.49236
-5.49107
-5.48913
-5.48783
-5.48654
-5.48719
-5.48719
-5.48654
-5.48557
-5.48622
-5.48524
-5.48719
-5.48751
-5.48654
-5.48686
-5.48686
-5.48654
-5.48621
-5.4888
-5.48751
-5.48654
-5.48719
-5.48719
-5.48524
-5.48653
-5.48589
-5.48977
-5.48977
-5.49042
-5.49398
-5.4943
-5.49495
-5.49366
-5.49301
-5.49398
-5.49269
-5.49074
-5.49009
-5.49041
-5.49106
-5.48912
-5.48976
-5.49203
-5.49106
-5.48847
-5.48912
-5.48653
-5.48491
-5.48588
-5.48523
-5.48458
-5.4849
-5.48749
-5.48749
-5.48879
-5.4875
-5.48685
-5.48944
-5.48944
-5.48911
-5.48944
-5.48814
-5.48652
-5.48782
-5.48685
-5.4862
-5.48587
-5.48296
-5.48361
-5.48458
-5.4836
-5.48522
-5.48782
-5.48846
-5.48879
-5.48782
-5.48879
-5.48879
-5.48782
-5.4862
-5.48587
-5.48782
-5.48717
-5.48749
-5.48782
-5.49008
-5.49008
-5.48847
-5.48749
-5.48685
-5.48684
-5.48781
-5.48716
-5.48684
-5.48587
-5.48393
-5.4862
-5.48814
-5.48782
-5.48587
-5.48684
-5.48879
-5.4904
-5.49073
-5.48943
-5.48911
-5.49105
-5.49008
-5.49008
-5.48782
-5.48879
-5.49009
-5.48944
-5.4875
-5.48685
-5.4875
-5.48976
-5.49105
-5.48911
-5.48879
-5.48911
-5.49105
-5.48911
-5.48912
-5.48879
-5.48847
-5.48814
-5.48814
-5.48847
-5.48814
-5.48749
-5.48846
-5.48716
-5.48748
-5.48684
-5.48878
-5.48685
-5.48523
-5.48361
-5.48264
-5.48329
-5.48394
-5.48458
-5.48426
-5.48717
-5.4862
-5.48555
-5.48555
-5.48458
-5.48458
-5.48523
-5.48555
-5.48652
-5.48717
-5.48587
-5.48555
-5.48361
-5.48393
-5.48587
-5.48522
-5.48587
-5.48587
-5.48717
-5.48717
-5.48717
-5.48814
-5.48781
-5.48684
-5.48586
-5.48878
-5.48781
-5.48782
-5.48847
-5.49009
-5.48879
-5.48782
-5.4849
-5.48619
-5.48457
-5.48457
-5.48587
-5.48555
-5.48879
-5.48911
-5.48814
-5.48879
-5.48782
-5.48685
-5.48491
-5.48523
-5.48523
-5.48588
-5.48685
-5.48749
-5.48847
-5.4875
-5.48879
-5.4888
-5.48815
-5.48847
-5.49106
-5.49042
-5.48815
-5.48815
-5.48847
-5.48847
-5.48847
-5.48911
-5.48976
-5.48782
-5.48783
-5.48718
-5.48589
-5.48524
-5.48621
-5.48653
-5.48393
-5.4849
-5.48457
-5.4849
-5.48556
-5.48589
-5.48751
-5.48719
-5.48816
-5.48653
-5.48686
-5.48718
-5.4875
-5.48653
-5.48815
-5.48523
-5.48556
-5.48458
-5.48523
-5.48425
-5.48555
-5.48879
-5.48944
-5.48912
-5.48815
-5.48944
-5.4875
-5.48879
-5.4875
-5.48815
-5.48944
-5.48976
-5.49009
-5.48976
-5.48912
-5.48782
-5.48815
-5.48653
-5.4875
-5.48815
-5.48653
-5.4862
-5.48912
-5.48782
-5.48782
-5.48587
-5.4849
-5.48393
-5.48522
-5.48393
-5.48458
-5.48425
-5.48393
-5.48231
-5.48134
-5.48198
-5.48198
-5.47972
-5.48134
-5.48037
-5.48296
-5.48425
-5.48555
-5.48587
-5.48555
-5.48523
-5.4862
-5.48587
-5.48523
-5.48619
-5.48619
-5.48749
-5.48716
-5.48781
-5.48846
-5.48717
-5.4849
-5.48652
-5.48749
-5.4849
-5.48619
-5.48425
-5.4836
-5.4836
-5.48425
-5.48393
-5.4849
-5.48619
-5.48587
-5.4862
-5.48782
-5.48814
-5.49105
-5.4904
-5.48878
-5.48684
-5.48878
-5.49008
-5.4904
-5.48911
-5.48814
-5.48814
-5.48684
-5.48651
-5.48619
-5.48619
-5.48684
-5.48716
-5.48684
-5.48782
-5.48814
-5.48717
-5.48879
-5.48782
-5.48588
-5.48684
-5.4836
-5.48328
-5.48166
-5.48263
-5.48328
-5.48328
-5.4836
-5.48328
-5.48393
-5.48328
-5.48425
-5.4849
-5.48587
-5.48619
-5.48684
-5.48749
-5.48587
-5.48814
-5.48522
-5.48555
-5.48685
-5.48652
-5.48782
-5.4862
-5.48652
-5.48782
-5.48749
-5.48717
-5.48652
-5.48814
-5.49008
-5.48944
-5.48814
-5.48814
-5.48814
-5.48522
-5.48652
-5.48619
-5.4849
-5.48587
-5.48457
-5.4836
-5.4836
-5.48393
-5.48393
-5.4849
-5.4849
-5.48295
-5.48166
-5.48069
-5.48101
-5.4823
-5.48165
-5.48327
-5.48553
-5.48618
-5.48651
-5.48554
-5.48522
-5.48392
-5.48554
-5.4836
-5.4823
-5.48198
-5.48166
-5.48522
-5.48651
-5.48619
-5.48457
-5.48392
-5.48359
-5.48586
-5.48651
-5.48651
-5.48683
-5.48651
-5.48781
-5.48651
-5.48489
-5.48522
-5.48781
-5.48651
-5.48651
-5.48554
-5.48554
-5.48457
-5.48619
-5.4849
-5.48361
-5.48263
-5.48263
-5.48457
-5.48813
-5.48651
-5.48781
-5.48781
-5.48846
-5.48846
-5.48976
-5.48749
-5.48555
-5.48652
-5.48555
-5.48684
-5.48522
-5.48296
-5.48587
-5.48651
-5.48554
-5.48554
-5.48489
-5.48716
-5.48878
-5.48781
-5.48749
-5.4862
-5.48652
-5.48847
-5.48782
-5.48782
-5.48717
-5.48619
-5.48587
-5.48554
-5.4836
-5.48457
-5.48425
-5.4849
-5.48392
-5.48263
-5.4823
-5.4823
-5.48295
-5.48166
-5.48231
-5.48166
-5.48199
-5.48166
-5.48231
-5.48457
-5.48393
-5.48392
-5.48554
-5.48683
-5.48813
-5.49007
-5.48975
-5.48943
-5.48911
-5.48684
-5.48781
-5.48717
-5.48717
-5.48717
-5.48684
-5.48457
-5.48619
-5.48555
-5.48457
-5.4836
-5.48522
-5.48425
-5.48586
-5.48748
-5.48716
-5.48716
-5.48781
-5.48879
-5.48782
-5.48814
-5.48684
-5.48652
-5.48684
-5.48554
-5.48522
-5.48231
-5.48263
-5.48263
-5.48296
-5.48393
-5.48328
-5.48295
-5.48101
-5.48328
-5.48296
-5.48587
-5.48587
-5.48425
-5.48491
-5.48523
-5.48588
-5.48588
-5.48717
-5.48846
-5.48782
-5.48911
-5.48846
-5.48976
-5.48943
-5.48911
-5.48717
-5.48782
-5.48782
-5.48976
-5.48814
-5.48879
-5.48943
-5.48781
-5.48684
-5.48879
-5.48879
-5.48911
-5.48847
-5.49041
-5.48976
-5.49106
-5.48977
-5.49009
-5.48814
-5.48814
-5.48588
-5.48782
-5.48621
-5.48556
-5.48621
-5.48426
-5.48264
-5.48426
-5.48555
-5.48296
-5.4836
-5.48425
-5.48426
-5.48491
-5.48362
-5.482
-5.48265
-5.48362
-5.48459
-5.48588
-5.48621
-5.48589
-5.48297
-5.48297
-5.482
-5.48265
-5.482
-5.48168
-5.48524
-5.48459
-5.48361
-5.48393
-5.48393
-5.48491
-5.48523
-5.48426
-5.48685
-5.48653
-5.48718
-5.48621
-5.48362
-5.48395
-5.4833
-5.4833
-5.48232
-5.4833
-5.48265
-5.48071
-5.482
-5.48135
-5.482
-5.482
-5.48233
-5.48233
-5.48135
-5.48265
-5.48329
-5.48394
-5.48265
-5.48491
-5.48394
-5.48329
-5.48427
-5.48621
-5.48848
-5.4901
-5.49171
-5.49171
-5.4888
-5.48847
-5.48847
-5.48685
-5.4875
-5.4862
-5.48718
-5.48718
-5.48783
-5.48589
-5.48524
-5.48524
-5.48621
-5.48362
-5.48361
-5.48523
-5.48523
-5.48555
-5.48555
-5.48523
-5.48685
-5.49042
-5.4901
-5.4901
-5.48945
-5.48783
-5.48848
-5.49107
-5.4888
-5.4888
-5.48912
-5.48912
-5.48879
-5.48847
-5.48814
-5.48782
-5.48782
-5.48556
-5.48524
-5.48459
-5.4846
-5.48557
-5.48622
-5.48492
-5.48395
-5.48654
-5.48686
-5.48589
-5.48459
-5.48329
-5.48199
-5.48297
-5.48297
-5.48523
-5.48653
-5.4875
-5.48718
-5.49042
-5.4888
-5.4875
-5.48783
-5.48783
-5.48848
-5.4888
-5.48686
-5.48492
-5.48394
-5.48394
-5.48395
-5.48362
-5.48459
-5.48556
-5.48685
-5.48588
-5.48491
-5.48621
-5.48459
-5.48362
-5.48362
-5.48362
-5.48491
-5.48426
-5.48362
-5.48653
-5.4875
-5.48589
-5.48459
-5.48492
-5.48394
-5.48394
-5.48362
-5.48297
-5.48427
-5.48265
-5.48459
-5.48653
-5.48556
-5.48362
-5.48265
-5.48459
-5.48427
-5.48556
-5.48589
-5.48783
-5.4888
-5.48913
-5.48978
-5.48783
-5.48653
-5.48686
-5.48621
-5.48589
-5.4888
-5.48783
-5.48686
-5.48654
-5.48589
-5.48524
-5.48621
-5.48719
-5.48557
-5.48298
-5.48363
-5.48492
-5.48557
-5.48654
-5.48978
-5.48881
-5.48751
-5.48719
-5.48848
-5.48783
-5.48848
-5.48751
-5.48557
-5.48686
-5.48589
-5.48589
-5.48557
-5.48751
-5.4901
-5.49075
-5.4901
-5.4888
-5.48848
-5.48977
-5.48977
-5.48913
-5.48977
-5.48815
-5.48945
-5.4888
-5.48783
-5.48686
-5.48751
-5.48751
-5.48848
-5.48751
-5.48622
-5.48719
-5.48783
-5.48686
-5.48557
-5.48589
-5.48655
-5.48784
-5.48752
-5.48914
-5.48978
-5.4901
-5.48945
-5.48848
-5.48783
-5.48847
-5.48848
-5.48718
-5.48751
-5.48913
-5.48978
-5.48946
-5.48913
-5.49075
-5.48946
-5.49011
-5.4914
-5.49173
-5.49432
-5.49075
-5.49204
-5.49139
-5.48978
-5.48848
-5.48751
-5.48913
-5.48816
-5.48621
-5.48589
-5.48459
-5.48297
-5.48265
-5.48492
-5.48362
-5.48298
-5.48201
-5.48363
-5.48492
-5.48557
-5.48913
-5.48945
-5.48848
-5.48783
-5.48653
-5.48686
-5.48686
-5.48557
-5.48686
-5.48816
-5.49042
-5.49269
-5.49172
-5.49366
-5.4943
-5.49269
-5.49009
-5.48977
-5.48783
-5.48751
-5.48589
-5.48686
-5.48589
-5.48491
-5.48426
-5.48556
-5.48556
-5.48588
-5.48653
-5.48329
-5.48459
-5.48556
-5.48654
-5.48719
-5.48686
-5.48783
-5.48751
-5.48751
-5.48751
-5.48783
-5.49042
-5.48913
-5.48848
-5.49042
-5.48783
-5.48848
-5.48783
-5.48816
-5.48621
-5.48492
-5.48621
-5.48718
-5.48556
-5.48427
-5.48524
-5.48363
-5.48201
-5.48201
-5.4833
-5.4833
-5.48265
-5.4807
-5.48038
-5.48102
-5.48362
-5.48297
-5.48427
-5.48556
-5.48718
-5.48718
-5.48556
-5.48394
-5.48458
-5.48426
-5.4849
-5.48458
-5.48523
-5.48556
-5.48491
-5.48524
-5.48751
-5.48718
-5.48491
-5.48459
-5.48459
-5.48555
-5.48653
-5.48717
-5.48782
-5.48717
-5.48879
-5.4875
-5.48912
-5.48976
-5.48879
-5.48685
-5.48491
-5.48459
-5.48556
-5.48653
-5.48718
-5.4875
-5.48815
-5.48815
-5.48815
-5.48912
-5.49009
-5.49041
-5.48749
-5.4849
-5.48361
-5.4849
-5.48523
-5.48588
-5.48524
-5.48524
-5.48394
-5.48426
-5.48393
-5.4849
-5.48555
-5.48717
-5.48684
-5.48684
-5.48749
-5.48717
-5.48782
-5.4862
-5.48718
-5.48718
-5.48815
-5.48847
-5.48944
-5.48685
-5.48556
-5.48491
-5.48394
-5.48329
-5.48394
-5.48426
-5.48458
-5.48685
-5.48814
-5.48847
-5.49041
-5.48815
-5.48944
-5.49009
-5.49041
-5.49009
-5.49171
-5.49041
-5.48879
-5.48879
-5.48815
-5.48815
-5.48555
-5.4862
-5.48717
-5.48749
-5.48814
-5.48847
-5.49073
-5.49009
-5.48879
-5.48911
-5.48782
-5.48911
-5.4862
-5.48458
-5.48458
-5.48328
-5.48393
-5.48393
-5.48329
-5.48426
-5.4862
-5.48555
-5.4862
-5.48458
-5.48588
-5.48329
-5.48588
-5.48653
-5.48621
-5.48686
-5.48621
-5.48621
-5.48361
-5.48296
-5.48199
-5.4807
-5.48231
-5.48426
-5.48393
-5.48458
-5.48556
-5.48653
-5.48944
-5.49009
-5.48912
-5.48977
-5.48847
-5.48847
-5.48847
-5.48847
-5.49009
-5.4862
-5.4862
-5.48717
-5.48685
-5.48685
-5.48555
-5.48393
-5.48361
-5.48264
-5.48717
-5.4875
-5.48912
-5.49236
-5.49236
-5.49203
-5.49203
-5.48944
-5.49041
-5.48944
-5.49041
-5.48879
-5.48815
-5.4875
-5.48814
-5.48717
-5.4875
-5.48588
-5.48717
-5.48847
-5.48814
-5.48944
-5.48943
-5.49138
-5.49105
-5.48879
-5.48814
-5.4862
-5.48685
-5.48588
-5.48523
-5.48264
-5.48297
-5.48135
-5.48458
-5.48588
-5.48458
-5.48393
-5.48264
-5.48231
-5.48199
-5.48329
-5.48459
-5.48556
-5.48653
-5.48783
-5.48913
-5.48912
-5.49074
-5.49268
-5.49009
-5.48944
-5.49009
-5.49074
-5.49075
-5.48978
-5.48977
-5.48815
-5.48686
-5.48686
-5.48556
-5.48588
-5.48685
-5.48556
-5.48426
-5.48847
-5.48976
-5.48847
-5.48847
-5.48782
-5.4862
-5.48847
-5.48782
-5.48815
-5.48977
-5.48944
-5.49009
-5.48912
-5.48814
-5.48685
-5.48652
-5.48522
-5.4849
-5.48684
-5.48846
-5.48976
-5.48879
-5.48814
-5.48652
-5.4875
-5.48912
-5.49106
-5.48912
-5.48977
-5.4888
-5.48685
-5.48718
-5.48782
-5.48685
-5.48717
-5.4862
-5.48587
-5.48652
-5.48555
-5.4862
-5.48588
-5.48556
-5.48459
-5.48524
-5.48719
-5.48816
-5.48848
-5.48654
-5.48589
-5.48588
-5.48556
-5.48685
-5.48847
-5.48783
-5.48718
-5.48686
-5.48426
-5.48588
-5.48588
-5.4875
-5.4875
-5.4862
-5.48718
-5.48523
-5.48491
-5.48297
-5.48491
-5.48556
-5.48653
-5.48589
-5.48686
-5.48621
-5.48556
-5.48653
-5.48588
-5.48394
-5.48297
-5.48427
-5.48297
-5.4833
-5.48329
-5.48491
-5.48297
-5.48361
-5.48426
-5.48426
-5.48329
-5.482
-5.482
-5.48264
-5.48297
-5.48297
-5.48426
-5.48491
-5.48362
-5.48589
-5.48686
-5.48654
-5.48686
-5.48945
-5.48912
-5.48815
-5.48815
-5.49074
-5.49042
-5.4888
-5.48848
-5.48653
-5.4875
-5.48815
-5.48944
-5.48685
-5.48523
-5.48491
-5.48459
-5.48718
-5.48685
-5.48685
-5.48685
-5.48459
-5.48394
-5.48362
-5.48492
-5.48589
-5.48297
-5.48329
-5.48232
-5.48329
-5.48459
-5.48556
-5.48782
-5.48977
-5.48783
-5.4875
-5.48621
-5.48686
-5.48686
-5.4875
-5.48783
-5.48848
-5.48945
-5.48945
-5.4888
-5.48718
-5.48751
-5.48686
-5.48686
-5.48783
-5.48653
-5.48492
-5.482
-5.4833
-5.48524
-5.48718
-5.48783
-5.48816
-5.48816
-5.48783
-5.48686
-5.48815
-5.48815
-5.48912
-5.48912
-5.4888
-5.49042
-5.4914
-5.48978
-5.49205
-5.49432
-5.49464
-5.49173
-5.49108
-5.4901
-5.48816
-5.48977
-5.48913
-5.48848
-5.4888
-5.48783
-5.48621
-5.48589
-5.48784
-5.48816
-5.48914
-5.48914
-5.49076
-5.48946
-5.48719
-5.48654
-5.48395
-5.48492
-5.48427
-5.4846
-5.48751
-5.48719
-5.48719
-5.48686
-5.48751
-5.48752
-5.48752
-5.48817
-5.48687
-5.4872
-5.48784
-5.48882
-5.48978
-5.48946
-5.48881
-5.48914
-5.48784
-5.48817
-5.48817
-5.48784
-5.48784
-5.48525
-5.4859
-5.48525
-5.48525
-5.48428
-5.48655
-5.48655
-5.48622
-5.4846
-5.48525
-5.48687
-5.49043
-5.49043
-5.49076
-5.48946
-5.49076
-5.49043
-5.49335
-5.49076
-5.49141
-5.49044
-5.48946
-5.49108
-5.48979
-5.49011
-5.48752
-5.4872
-5.48623
-5.48558
-5.4859
-5.48558
-5.48817
-5.48784
-5.48946
-5.49044
-5.49044
-5.49076
-5.49076
-5.49011
-5.49076
-5.49011
-5.48946
-5.48687
-5.48655
-5.48687
-5.48784
-5.48817
-5.48687
-5.48849
-5.48784
-5.48817
-5.48687
-5.48784
-5.48849
-5.48752
-5.48622
-5.48686
-5.48848
-5.48881
-5.48686
-5.48946
-5.49043
-5.48817
-5.48687
-5.48849
-5.48816
-5.48849
-5.48881
-5.48817
-5.48623
-5.48752
-5.48784
-5.48816
-5.48912
-5.48751
-5.48556
-5.48525
-5.48396
-5.48267
-5.48332
-5.48558
-5.48591
-5.48688
-5.4872
-5.48752
-5.48719
-5.48978
-5.4914
-5.48978
-5.49205
-5.49075
-5.49205
-5.4914
-5.49238
-5.49335
-5.49141
-5.49076
-5.4927
-5.49173
-5.49076
-5.49011
-5.49108
-5.49043
-5.48686
-5.48913
-5.48977
-5.48816
-5.48719
-5.48589
-5.4846
-5.48492
-5.48525
-5.48654
-5.48622
-5.48428
-5.48525
-5.48525
-5.48719
-5.48751
-5.48589
-5.48589
-5.48492
-5.48719
-5.48719
-5.48687
-5.48687
-5.48849
-5.48913
-5.48784
-5.48687
-5.48816
-5.48849
-5.48881
-5.49043
-5.48849
-5.48913
-5.48881
-5.48978
-5.49043
-5.48848
-5.48913
-5.48655
-5.4859
-5.48331
-5.48331
-5.48654
-5.48784
-5.48881
-5.48881
-5.48848
-5.48945
-5.48913
-5.48816
-5.48492
-5.48459
-5.48588
-5.48394
-5.48588
-5.48589
-5.48427
-5.48427
-5.48557
-5.48622
-5.48525
-5.48525
-5.48751
-5.48816
-5.48978
-5.4901
-5.48848
-5.48945
-5.4888
-5.49074
-5.48815
-5.48815
-5.48912
-5.48719
-5.4846
-5.48492
-5.48233
-5.4833
-5.48233
-5.48428
-5.48427
-5.48783
-5.48881
-5.49043
-5.4914
-5.49302
-5.49237
-5.49043
-5.48784
-5.48784
-5.48589
-5.48524
-5.48459
-5.48427
-5.48491
-5.48556
-5.48654
-5.48686
-5.48654
-5.48622
-5.48623
-5.48558
-5.48428
-5.48363
-5.48266
-5.4846
-5.48428
-5.48428
-5.48622
-5.48428
-5.48266
-5.48428
-5.48492
-5.48719
-5.48784
-5.48849
-5.48687
-5.48687
-5.48687
-5.48654
-5.48557
-5.48363
-5.48266
-5.4833
-5.48427
-5.48427
-5.48427
-5.4833
-5.48394
-5.48621
-5.48459
-5.48329
-5.48492
-5.48654
-5.48492
-5.4846
-5.48492
-5.48427
-5.48428
-5.48654
-5.48784
-5.48557
-5.48362
-5.4833
-5.48297
-5.48491
-5.48589
-5.48654
-5.48848
-5.48913
-5.48946
-5.48848
-5.48978
-5.48913
-5.48783
-5.48848
-5.48848
-5.48945
-5.48913
-5.49075
-5.49074
-5.49107
-5.48816
-5.48913
-5.48913
-5.48784
-5.48816
-5.48719
-5.48622
-5.48686
-5.48686
-5.48751
-5.48718
-5.48686
-5.48912
-5.48815
-5.48653
-5.48523
-5.48523
-5.48556
-5.48718
-5.48783
-5.4888
-5.48815
-5.48815
-5.48621
-5.49009
-5.48977
-5.48815
-5.48685
-5.48653
-5.48621
-5.48718
-5.48783
-5.48718
-5.48718
-5.48782
-5.48717
-5.48685
-5.48814
-5.48846
-5.48587
-5.48814
-5.48847
-5.4875
-5.48847
-5.4888
-5.48815
-5.48718
-5.48491
-5.48394
-5.48167
-5.48005
-5.4807
-5.48231
-5.48555
-5.48458
-5.48393
-5.48167
-5.48296
-5.48362
-5.48686
-5.4875
-5.48589
-5.48524
-5.48459
-5.48491
-5.48588
-5.48653
-5.48976
-5.48976
-5.49009
-5.48653
-5.48783
-5.48621
-5.48653
-5.48815
-5.48718
-5.48879
-5.48815
-5.4875
-5.4875
-5.4875
-5.48815
-5.48686
-5.48881
-5.48881
-5.48978
-5.49075
-5.49172
-5.49075
-5.4901
-5.48978
-5.4901
-5.48848
-5.48719
-5.48557
-5.4846
-5.48557
-5.48395
-5.48395
-5.48459
-5.48492
-5.48492
-5.48427
-5.48394
-5.48621
-5.48556
-5.48621
-5.48298
-5.48265
-5.48265
-5.48363
-5.4846
-5.48395
-5.48233
-5.48168
-5.4833
-5.48362
-5.48621
-5.4888
-5.48653
-5.48555
-5.48426
-5.48426
-5.48685
-5.48588
-5.48588
-5.48686
-5.48718
-5.48524
-5.48589
-5.48783
-5.48783
-5.48718
-5.48816
-5.48718
-5.48783
-5.48685
-5.48782
-5.48847
-5.48944
-5.48814
-5.48717
-5.48783
-5.4888
-5.48751
-5.48653
-5.48815
-5.4888
-5.48815
-5.4875
-5.48653
-5.48717
-5.48653
-5.48491
-5.48524
-5.48556
-5.48751
-5.48621
-5.48621
-5.48426
-5.48556
-5.4862
-5.4862
-5.48458
-5.48556
-5.48297
-5.4833
-5.48524
-5.48686
-5.48978
-5.48913
-5.48816
-5.49075
-5.49075
-5.49172
-5.49204
-5.49075
-5.49075
-5.48946
-5.48946
-5.48848
-5.48686
-5.48783
-5.48686
-5.48459
-5.48394
-5.48394
-5.48653
-5.48556
-5.48815
-5.48783
-5.48589
-5.48751
-5.48719
-5.48687
-5.48751
-5.48655
-5.48687
-5.48881
-5.48655
-5.48622
-5.48589
-5.48653
-5.48653
-5.48523
-5.48587
-5.48523
-5.4849
-5.48329
-5.48491
-5.48426
-5.48362
-5.48427
-5.4846
-5.48557
-5.48557
-5.48654
-5.48556
-5.48718
-5.48718
-5.48717
-5.48879
-5.48782
-5.48912
-5.48879
-5.48912
-5.48814
-5.48912
-5.49074
-5.49139
-5.49106
-5.49171
-5.49172
-5.49366
-5.49366
-5.49237
-5.49301
-5.49139
-5.49042
-5.48815
-5.48847
-5.48782
-5.48685
-5.48685
-5.4875
-5.48782
-5.48815
-5.48944
-5.48912
-5.48976
-5.48912
-5.48879
-5.48944
-5.49041
-5.49106
-5.49009
-5.48977
-5.49041
-5.49009
-5.49009
-5.48815
-5.48815
-5.48685
-5.4862
-5.48491
-5.48588
-5.48491
-5.48588
-5.48588
-5.48685
-5.48523
-5.48297
-5.48005
-5.47941
-5.4807
-5.48362
-5.48685
-5.48686
-5.48686
-5.48848
-5.4888
-5.48686
-5.48718
-5.48588
-5.48459
-5.48459
-5.48588
-5.48621
-5.48491
-5.48427
-5.48492
-5.48524
-5.48394
-5.48394
-5.48427
-5.48589
-5.48686
-5.48524
-5.48654
-5.48492
-5.48459
-5.48427
-5.48524
-5.48394
-5.48362
-5.48394
-5.48524
-5.48783
-5.48718
-5.48848
-5.48913
-5.48751
-5.48718
-5.48815
-5.48945
-5.49139
-5.49171
-5.49204
-5.49107
-5.49074
-5.48977
-5.48978
-5.48816
-5.48881
-5.48881
-5.48881
-5.48653
-5.4888
-5.48782
-5.48879
-5.48879
-5.48685
-5.48751
-5.48912
-5.4888
-5.48815
-5.4888
-5.48847
-5.48977
-5.48977
-5.49041
-5.49009
-5.48944
-5.48879
-5.48879
-5.4875
-5.48685
-5.48653
-5.48912
-5.48847
-5.4875
-5.48879
-5.48878
-5.48975
-5.48879
-5.48977
-5.49107
-5.49075
-5.48945
-5.48977
-5.4888
-5.48944
-5.48814
-5.48717
-5.48555
-5.48555
-5.48749
-5.4862
-5.4862
-5.48749
-5.4849
-5.48523
-5.48555
-5.4849
-5.48458
-5.48587
-5.48555
-5.48587
-5.48943
-5.48813
-5.48846
-5.48425
-5.4849
-5.48652
-5.48619
-5.48619
-5.48716
-5.48813
-5.48716
-5.48586
-5.48683
-5.48651
-5.48618
-5.48618
-5.48359
-5.48392
-5.48424
-5.48457
-5.48587
-5.48425
-5.48295
-5.48587
-5.48619
-5.48684
-5.48781
-5.48911
-5.48781
-5.48781
-5.48846
-5.48911
-5.48943
-5.48976
-5.48911
-5.48911
-5.48716
-5.48554
-5.48392
-5.4849
-5.48263
-5.48263
-5.48361
-5.48458
-5.48782
-5.48879
-5.48879
-5.48912
-5.48814
-5.48782
-5.48976
-5.49073
-5.48879
-5.49074
-5.48718
-5.48685
-5.48653
-5.4875
-5.48847
-5.48977
-5.49074
-5.49009
-5.48977
-5.48815
-5.48718
-5.4875
-5.48653
-5.48815
-5.49009
-5.48977
-5.4888
-5.48912
-5.48653
-5.48945
-5.49042
-5.49074
-5.49204
-5.49139
-5.49139
-5.49042
-5.48977
-5.48782
-5.48815
-5.48459
-5.48459
-5.48653
-5.4862
-5.48588
-5.48621
-5.48718
-5.4888
-5.4888
-5.49042
-5.49301
-5.49495
-5.49204
-5.49333
-5.49236
-5.49139
-5.49074
-5.4888
-5.4888
-5.48847
-5.48686
-5.48686
-5.48524
-5.48491
-5.482
-5.48297
-5.48491
-5.48297
-5.4833
-5.48556
-5.48524
-5.48492
-5.48524
-5.48621
-5.48556
-5.48718
-5.48686
-5.48426
-5.48556
-5.48653
-5.48782
-5.4875
-5.48782
-5.48847
-5.48815
-5.49009
-5.4901
-5.48815
-5.4888
-5.48783
-5.48718
-5.48621
-5.48718
-5.48847
-5.4875
-5.48782
-5.48717
-5.48685
-5.48588
-5.48492
-5.48621
-5.48556
-5.48524
-5.48783
-5.4888
-5.48717
-5.48782
-5.48749
-5.48846
-5.48976
-5.48684
-5.48458
-5.48393
-5.48264
-5.48134
-5.4836
-5.48393
-5.4836
-5.48619
-5.4849
-5.48652
-5.48717
-5.4862
-5.48652
-5.48685
-5.48717
-5.48653
-5.48782
-5.48717
-5.48879
-5.48716
-5.48555
-5.48911
-5.4917
-5.49235
-5.48976
-5.49009
-5.48912
-5.49009
-5.49074
-5.49009
-5.48912
-5.48782
-5.48749
-5.48749
-5.48749
-5.48522
-5.48426
-5.48393
-5.48458
-5.48425
-5.48263
-5.4836
-5.48425
-5.48555
-5.48749
-5.48685
-5.48652
-5.48717
-5.48879
-5.49105
-5.49137
-5.48878
-5.4849
-5.48231
-5.48296
-5.48328
-5.48263
-5.48587
-5.4849
-5.48619
-5.48392
-5.48522
-5.48392
-5.48457
-5.4849
-5.4849
-5.48619
-5.48749
-5.48878
-5.48813
-5.48813
-5.48781
-5.48587
-5.4849
-5.48684
-5.48555
-5.48522
-5.48555
-5.48361
-5.48425
-5.4836
-5.48489
-5.48262
-5.4823
-5.48424
-5.48424
-5.48327
-5.48749
-5.48619
-5.48781
-5.48781
-5.48846
-5.48523
-5.4875
-5.48717
-5.4875
-5.48685
-5.48523
-5.48782
-5.48976
-5.48846
-5.48846
-5.48878
-5.49008
-5.49105
-5.4904
-5.48976
-5.49008
-5.48782
-5.4849
-5.48587
-5.48652
-5.48717
-5.48847
-5.48814
-5.48814
-5.49138
-5.49008
-5.48976
-5.48911
-5.49137
-5.49332
-5.49234
-5.49008
-5.49008
-5.48943
-5.48878
-5.48943
-5.48619
-5.48554
-5.48554
-5.48457
-5.4849
-5.4849
-5.4862
-5.48652
-5.4875
-5.48555
-5.48458
-5.48393
-5.48361
-5.48426
-5.4849
-5.4849
-5.4849
-5.48296
-5.48426
-5.48394
-5.48426
-5.4849
-5.4849
-5.48587
-5.48684
-5.48619
-5.48749
-5.48976
-5.48652
-5.48847
-5.48815
-5.48653
-5.48621
-5.48523
-5.48556
-5.4862
-5.4875
-5.48555
-5.48555
-5.48555
-5.4862
-5.48522
-5.4849
-5.48425
-5.48457
-5.48684
-5.48749
-5.48717
-5.4862
-5.48879
-5.48685
-5.4862
-5.48653
-5.48718
-5.48815
-5.48717
-5.4875
-5.48911
-5.48847
-5.4862
-5.48588
-5.48782
-5.4875
-5.48783
-5.4875
-5.48686
-5.48945
-5.48945
-5.48944
-5.48912
-5.48944
-5.48879
-5.48782
-5.48814
-5.48782
-5.48879
-5.48976
-5.48815
-5.48782
-5.48588
-5.48556
-5.48782
-5.4862
-5.48523
-5.4875
-5.48782
-5.48782
-5.48911
-5.48976
-5.48911
-5.48814
-5.48782
-5.4862
-5.48685
-5.48847
-5.48944
-5.48976
-5.48944
-5.48847
-5.48588
-5.48653
-5.48523
-5.48556
-5.48297
-5.48361
-5.48231
-5.48328
-5.48587
-5.48587
-5.48782
-5.48782
-5.48976
-5.48976
-5.48815
-5.48815
-5.48653
-5.48588
-5.48685
-5.48718
-5.48653
-5.48588
-5.48588
-5.48296
-5.48005
-5.48232
-5.48329
-5.48426
-5.48523
-5.4862
-5.48458
-5.48361
-5.48426
-5.48426
-5.48458
-5.48458
-5.48425
-5.48328
-5.4849
-5.48458
-5.48587
-5.48652
-5.48814
-5.48782
-5.48782
-5.48782
-5.4862
-5.4862
-5.48685
-5.48718
-5.48782
-5.4862
-5.48685
-5.48717
-5.4862
-5.48555
-5.48749
-5.48846
-5.48976
-5.48652
-5.48555
-5.48522
-5.48717
-5.48781
-5.48652
-5.48814
-5.48782
-5.48523
-5.48718
-5.48685
-5.48879
-5.48652
-5.48781
-5.48943
-5.48943
-5.48976
-5.48944
-5.49009
-5.49171
-5.49009
-5.48976
-5.49041
-5.48944
-5.48879
-5.48685
-5.48749
-5.4862
-5.48749
-5.48749
-5.4862
-5.48685
-5.48491
-5.48296
-5.48232
-5.48199
-5.48102
-5.48135
-5.48296
-5.48394
-5.48685
-5.48685
-5.48912
-5.48944
-5.48815
-5.48847
-5.48815
-5.48848
-5.49042
-5.49236
-5.49268
-5.49171
-5.49041
-5.4888
-5.48847
-5.49139
-5.49009
-5.4875
-5.48652
-5.48685
-5.48717
-5.48976
-5.48782
-5.48815
-5.48621
-5.48815
-5.49074
-5.48977
-5.48783
-5.4875
-5.4862
-5.48329
-5.48296
-5.48458
-5.48491
-5.4849
-5.48555
-5.4862
-5.48684
-5.48652
-5.48814
-5.48814
-5.48782
-5.4862
-5.4862
-5.48653
-5.4875
-5.48912
-5.48912
-5.48944
-5.48846
-5.48522
-5.48522
-5.48586
-5.48651
-5.48684
-5.48814
-5.48911
-5.48846
-5.49041
-5.49008
-5.49073
-5.49105
-5.48781
-5.4891
-5.48813
-5.48684
-5.48716
-5.48846
-5.48911
-5.48652
-5.48393
-5.48393
-5.4836
-5.4836
-5.48457
-5.48327
-5.48554
-5.48263
-5.4836
-5.48587
-5.48684
-5.48749
-5.48555
-5.48652
-5.48522
-5.48555
-5.48684
-5.48587
-5.48522
-5.48425
-5.48587
-5.48813
-5.48813
-5.48813
-5.48619
-5.48554
-5.48554
-5.48716
-5.48878
-5.49105
-5.49202
-5.48878
-5.48684
-5.48781
-5.48684
-5.48717
-5.48652
-5.48457
-5.48651
-5.48748
-5.48684
-5.48846
-5.48879
-5.49041
-5.48976
-5.48879
-5.49008
-5.48846
-5.49041
-5.49041
-5.48685
-5.48684
-5.48717
-5.48814
-5.48943
-5.48846
-5.48879
-5.48976
-5.48878
-5.49008
-5.48781
-5.48651
-5.48587
-5.48878
-5.48684
-5.48684
-5.48781
-5.4904
-5.49105
-5.493
-5.49138
-5.49332
-5.49364
-5.49558
-5.49363
-5.49396
-5.49234
-5.49396
-5.49104
-5.4904
-5.48683
-5.48619
-5.48586
-5.48489
-5.48586
-5.48781
-5.48878
-5.49008
-5.49073
-5.48975
-5.49137
-5.49072
-5.49137
-5.49104
-5.48975
-5.48975
-5.48943
-5.48975
-5.48975
-5.48845
-5.49007
-5.49202
-5.49267
-5.49138
-5.48879
-5.48814
-5.48619
-5.48587
-5.48425
-5.48652
-5.48587
-5.48684
-5.48717
-5.48749
-5.48361
-5.48101
-5.48004
-5.48037
-5.48166
-5.48198
-5.48263
-5.48328
-5.48198
-5.4836
-5.48263
-5.48425
-5.48393
-5.48329
-5.48199
-5.48232
-5.48329
-5.48393
-5.48619
-5.48393
-5.4836
-5.48424
-5.48457
-5.48457
-5.48554
-5.48587
-5.48555
-5.48652
-5.48458
-5.4849
-5.48393
-5.48393
-5.48619
-5.4878
-5.4878
-5.48488
-5.48456
-5.48715
-5.48716
-5.48684
-5.48652
-5.48555
-5.48813
-5.48684
-5.48619
-5.48845
-5.48845
-5.48878
-5.4891
-5.48845
-5.48748
-5.48748
-5.4891
-5.49169
-5.49007
-5.48716
-5.48619
-5.48619
-5.48748
-5.48748
-5.48554
-5.48392
-5.48424
-5.48359
-5.48813
-5.48813
-5.48781
-5.48878
-5.48846
-5.48554
-5.48716
-5.48781
-5.48716
-5.48781
-5.48749
-5.48846
-5.48781
-5.48781
-5.48651
-5.48619
-5.48651
-5.48781
-5.48813
-5.48651
-5.48554
-5.48619
-5.48813
-5.48813
-5.48651
-5.48522
-5.48813
-5.48911
-5.48878
-5.48684
-5.4862
-5.48587
-5.48846
-5.48879
-5.48879
-5.48814
-5.48587
-5.48522
-5.48683
-5.48327
-5.4823
-5.48392
-5.48263
-5.48295
-5.48392
-5.48198
-5.48263
-5.48198
-5.48198
-5.48199
-5.48296
-5.4849
-5.48588
-5.4862
-5.48782
-5.48782
-5.48911
-5.48846
-5.48846
-5.48846
-5.4904
-5.49202
-5.49008
-5.49008
-5.48911
-5.49073
-5.4917
-5.48943
-5.48879
-5.48976
-5.48846
-5.48975
-5.48976
-5.48684
-5.48652
-5.48652
-5.48619
-5.48555
-5.48166
-5.48166
-5.48263
-5.48231
-5.48198
-5.48198
-5.48037
-5.48263
-5.48199
-5.48199
-5.48555
-5.48555
-5.48685
-5.4849
-5.48458
-5.48523
-5.48782
-5.48782
-5.48846
-5.48814
-5.48782
-5.48847
-5.48879
-5.48749
-5.48782
-5.48652
-5.4875
-5.48652
-5.48426
-5.48426
-5.4849
-5.48587
-5.48684
-5.48587
-5.48717
-5.48782
-5.49009
-5.48944
-5.48815
-5.48718
-5.48783
-5.48848
-5.48653
-5.48718
-5.48653
-5.4888
-5.48782
-5.4862
-5.48685
-5.48718
-5.4888
-5.48815
-5.49107
-5.49139
-5.48977
-5.48945
-5.48751
-5.48718
-5.48783
-5.48686
-5.48394
-5.48491
-5.48815
-5.48718
-5.48685
-5.48427
-5.48427
-5.48394
-5.48329
-5.48556
-5.48394
-5.48362
-5.48167
-5.48394
-5.4875
-5.48912
-5.48912
-5.48815
-5.49138
-5.49235
-5.49332
-5.49268
-5.49235
-5.49268
-5.49268
-5.49171
-5.48977
-5.48848
-5.48815
-5.48685
-5.48556
-5.48555
-5.48944
-5.48847
-5.48912
-5.48815
-5.48782
-5.4875
-5.48879
-5.4875
-5.48588
-5.4862
-5.48685
-5.48426
-5.48232
-5.48394
-5.48556
-5.48523
-5.48459
-5.48588
-5.48588
-5.48523
-5.4875
-5.48685
-5.48815
-5.48976
-5.49041
-5.48814
-5.48944
-5.48847
-5.48652
-5.4875
-5.48685
-5.48588
-5.48847
-5.48814
-5.48944
-5.48815
-5.48847
-5.48912
-5.48944
-5.48945
-5.49042
-5.49106
-5.48977
-5.48944
-5.48814
-5.48814
-5.48879
-5.48944
-5.48847
-5.48782
-5.4875
-5.48621
-5.48685
-5.48653
-5.4875
-5.48685
-5.48847
-5.48783
-5.48815
-5.48653
-5.48815
-5.48685
-5.48977
-5.48815
-5.4875
-5.48685
-5.48815
-5.4862
-5.48782
-5.4862
-5.48653
-5.48847
-5.48815
-5.48718
-5.48718
-5.4875
-5.48718
-5.48686
-5.4875
-5.4888
-5.48782
-5.48815
-5.48847
-5.49009
-5.48815
-5.48783
-5.48847
-5.48815
-5.4888
-5.48815
-5.48815
-5.48685
-5.48653
-5.4862
-5.4875
-5.48814
-5.48717
-5.48879
-5.4862
-5.48555
-5.48458
-5.4849
-5.48652
-5.48458
-5.48556
-5.48555
-5.4862
-5.48587
-5.48263
-5.48587
-5.48458
-5.48522
-5.48425
-5.48523
-5.4862
-5.48717
-5.48685
-5.48555
-5.48685
-5.48587
-5.48717
-5.48846
-5.48813
-5.48684
-5.48748
-5.48749
-5.48652
-5.48652
-5.48717
-5.48879
-5.48911
-5.48652
-5.48652
-5.48652
-5.48587
-5.48684
-5.48814
-5.48911
-5.48878
-5.48619
-5.48814
-5.48782
-5.48911
-5.49138
-5.49009
-5.49074
-5.48879
-5.49041
-5.48911
-5.48976
-5.48781
-5.48619
-5.48425
-5.48522
-5.48619
-5.48489
-5.48554
-5.48587
-5.48782
-5.48847
-5.48912
-5.49074
-5.49009
-5.49041
-5.48911
-5.48846
-5.4904
-5.4891
-5.48716
-5.48813
-5.48522
-5.48134
-5.4794
-5.48426
-5.48296
-5.48458
-5.48522
-5.48555
-5.48457
-5.48522
-5.48522
-5.48716
-5.48651
-5.48554
-5.48781
-5.48878
-5.49105
-5.49332
-5.49203
-5.48943
-5.48878
-5.49072
-5.48911
-5.48781
-5.48878
-5.48943
-5.49008
-5.48814
-5.48879
-5.49203
-5.493
-5.49299
-5.49267
-5.4917
-5.4904
-5.48943
-5.48975
-5.4891
-5.48813
-5.4891
-5.48748
-5.48619
-5.48748
-5.48846
-5.48619
-5.4862
-5.4862
-5.48782
-5.48717
-5.48749
-5.48619
-5.48716
-5.48748
-5.48586
-5.48651
-5.48522
-5.48555
-5.48393
-5.48458
-5.48684
-5.48684
-5.48814
-5.48846
-5.48684
-5.48781
-5.48587
-5.48489
-5.48457
-5.48489
-5.48522
-5.48619
-5.48652
-5.48652
-5.48846
-5.48975
-5.48911
-5.4904
-5.48813
-5.48781
-5.48846
-5.48749
-5.48619
-5.48554
-5.48554
-5.48619
-5.48749
-5.48976
-5.48749
-5.4862
-5.48555
-5.48619
-5.48522
-5.48684
-5.48878
-5.4891
-5.48813
-5.48846
-5.49008
-5.49008
-5.48814
-5.48911
-5.49106
-5.49073
-5.49041
-5.48943
-5.48717
-5.4862
-5.48555
-5.48749
-5.4862
-5.48329
-5.48232
-5.48329
-5.48199
-5.48135
-5.48297
-5.48361
-5.48297
-5.48329
-5.48199
-5.48329
-5.48296
-5.48393
-5.48523
-5.4849
-5.48555
-5.48717
-5.48685
-5.48944
-5.49139
-5.49139
-5.49268
-5.49301
-5.48912
-5.48847
-5.49009
-5.49041
-5.49074
-5.48976
-5.48977
-5.48944
-5.48912
-5.49171
-5.49009
-5.48977
-5.4875
-5.48912
-5.48815
-5.48913
-5.48945
-5.48945
-5.49042
-5.49042
-5.48945
-5.48847
-5.48912
-5.48782
-5.48653
-5.48686
-5.48783
-5.48621
-5.48783
-5.48913
-5.49042
-5.49204
-5.49398
-5.49268
-5.49204
-5.48977
-5.49075
-5.49139
-5.49107
-5.48848
-5.48783
-5.48718
-5.48556
-5.48653
-5.48556
-5.48588
-5.48686
-5.48653
-5.48524
-5.48654
-5.48654
-5.48589
-5.48621
-5.48589
-5.48524
-5.48588
-5.48426
-5.48556
-5.48523
-5.48653
-5.48653
-5.48653
-5.48717
-5.48717
-5.4862
-5.48556
-5.48588
-5.48588
-5.48653
-5.48588
-5.48556
-5.48556
-5.48556
-5.48588
-5.48394
-5.48329
-5.48458
-5.48394
-5.48199
-5.48394
-5.48232
-5.48167
-5.48167
-5.48264
-5.48491
-5.4875
-5.48652
-5.48426
-5.48523
-5.48588
-5.48685
-5.48587
-5.48685
-5.48717
-5.48911
-5.48847
-5.48911
-5.48911
-5.48717
-5.48652
-5.4862
-5.48555
-5.48328
-5.4836
-5.48458
-5.48328
-5.48361
-5.48555
-5.4862
-5.48684
-5.48879
-5.4904
-5.48976
-5.48976
-5.49138
-5.49138
-5.49235
-5.49105
-5.48878
-5.48749
-5.48619
-5.48619
-5.48489
-5.48554
-5.48749
-5.48619
-5.48392
-5.48392
-5.48684
-5.48716
-5.48684
-5.48716
-5.48651
-5.48684
-5.48619
-5.48748
-5.48651
-5.48586
-5.48554
-5.48586
-5.48522
-5.48586
-5.48489
-5.48554
-5.48587
-5.48554
-5.48684
-5.48781
-5.48586
-5.48651
-5.48424
-5.48392
-5.48489
-5.48392
-5.48748
-5.48813
-5.49007
-5.49072
-5.48845
-5.48618
-5.48456
-5.48651
-5.48651
-5.48781
-5.48846
-5.48587
-5.48651
-5.48748
-5.48813
-5.48748
-5.48651
-5.48619
-5.48748
-5.48781
-5.48975
-5.48781
-5.48749
-5.48619
-5.48619
-5.48619
-5.48748
-5.48878
-5.4891
-5.4891
-5.49008
-5.48943
-5.48813
-5.48619
-5.4849
-5.48393
-5.4836
-5.48457
-5.48263
-5.4836
-5.48392
-5.48619
-5.48619
-5.48716
-5.48716
-5.48489
-5.48359
-5.48456
-5.48586
-5.48781
-5.48813
-5.48846
-5.48813
-5.48716
-5.48781
-5.48393
-5.48457
-5.48489
-5.48716
-5.48586
-5.48845
-5.4904
-5.48975
-5.4891
-5.48749
-5.48781
-5.48684
-5.48781
-5.48651
-5.48781
-5.48651
-5.48619
-5.48716
-5.48619
-5.4862
-5.48555
-5.48555
-5.48587
-5.4836
-5.4836
-5.48133
-5.4823
-5.4823
-5.48327
-5.4836
-5.48425
-5.4836
-5.48587
-5.48651
-5.48651
-5.48813
-5.48748
-5.48651
-5.48781
-5.48587
-5.48748
-5.48813
-5.48781
-5.48846
-5.48975
-5.48878
-5.48652
-5.48684
-5.48781
-5.48716
-5.48683
-5.48748
-5.4878
-5.48586
-5.48489
-5.4849
-5.48652
-5.48522
-5.48781
-5.48716
-5.48716
-5.48683
-5.48845
-5.48748
-5.48651
-5.48554
-5.48587
-5.48716
-5.48587
-5.48522
-5.48651
-5.48587
-5.48651
-5.48878
-5.48813
-5.48618
-5.48586
-5.48845
-5.48684
-5.48684
-5.4891
-5.48878
-5.48846
-5.48942
-5.48813
-5.48715
-5.48909
-5.48812
-5.48812
-5.4878
-5.48974
-5.49104
-5.49072
-5.49136
-5.48975
-5.49169
-5.49039
-5.48877
-5.48651
-5.48813
-5.4891
-5.49234
-5.49137
-5.49233
-5.49169
-5.49233
-5.49266
-5.49072
-5.49266
-5.49072
-5.48975
-5.49137
-5.49331
-5.49299
-5.49007
-5.49007
-5.49039
-5.49104
-5.49202
-5.49169
-5.49072
-5.4891
-5.48813
-5.48845
-5.4891
-5.48844
-5.48715
-5.48748
-5.4878
-5.48683
-5.48586
-5.48521
-5.48586
-5.48651
-5.48521
-5.48424
-5.48391
-5.48488
-5.48521
-5.48391
-5.48553
-5.48586
-5.48327
-5.48424
-5.48683
-5.48748
-5.48845
-5.48845
-5.49007
-5.48877
-5.48844
-5.48715
-5.48747
-5.48682
-5.48617
-5.48747
-5.48844
-5.48747
-5.48618
-5.48683
-5.48715
-5.48586
-5.48618
-5.48618
-5.48715
-5.48682
-5.48682
-5.4878
-5.48683
-5.48456
-5.48327
-5.48489
-5.48424
-5.48618
-5.48747
-5.48941
-5.48974
-5.49233
-5.49266
-5.49104
-5.49104
-5.49136
-5.49007
-5.48942
-5.4865
-5.48553
-5.48358
-5.48358
-5.48358
-5.48552
-5.48649
-5.48682
-5.48649
-5.48585
-5.48747
-5.48941
-5.48812
-5.48812
-5.48715
-5.48618
-5.48585
-5.48617
-5.4852
-5.48617
-5.48553
-5.48585
-5.48488
-5.48552
-5.48585
-5.48876
-5.48812
-5.48844
-5.48812
-5.48585
-5.4852
-5.48618
-5.48456
-5.48391
-5.48424
-5.48424
-5.48521
-5.48748
-5.48585
-5.48585
-5.48585
-5.48423
-5.48585
-5.48649
-5.48973
-5.48876
-5.48941
-5.48974
-5.48845
-5.48812
-5.48554
-5.48618
-5.48392
-5.48521
-5.48391
-5.48424
-5.48424
-5.4865
-5.48844
-5.48715
-5.48683
-5.48877
-5.4878
-5.4865
-5.48812
-5.48845
-5.48683
-5.48683
-5.48781
-5.49072
-5.49169
-5.49266
-5.49266
-5.49104
-5.49136
-5.49395
-5.4933
-5.49136
-5.48942
-5.48942
-5.49072
-5.49072
-5.49169
-5.49039
-5.4891
-5.48748
-5.48521
-5.48651
-5.48359
-5.48262
-5.48521
-5.48682
-5.4852
-5.48552
-5.4852
-5.48455
-5.48423
-5.4852
-5.4865
-5.48683
-5.48586
-5.48683
-5.4878
-5.48715
-5.48554
-5.48554
-5.48521
-5.48327
-5.4823
-5.48294
-5.48327
-5.48359
-5.48456
-5.48586
-5.48489
-5.48586
-5.48554
-5.48651
-5.48747
-5.4865
-5.48715
-5.48423
-5.48293
-5.48455
-5.48423
-5.48456
-5.48456
-5.48521
-5.48424
-5.48456
-5.48359
-5.48456
-5.48326
-5.48391
-5.48423
-5.48391
-5.48359
-5.48359
-5.48488
-5.48618
-5.48844
-5.48812
-5.4878
-5.48941
-5.48941
-5.48812
-5.48812
-5.48974
-5.48909
-5.48973
-5.48779
-5.48779
-5.48812
-5.4865
-5.48553
-5.48618
-5.48683
-5.48845
-5.48845
-5.48909
-5.48812
-5.49006
-5.48909
-5.48941
-5.48844
-5.48715
-5.4865
-5.48553
-5.48715
-5.48747
-5.48747
-5.48423
-5.48326
-5.48424
-5.48553
-5.48715
-5.48618
-5.48423
-5.48456
-5.4865
-5.48553
-5.48683
-5.48618
-5.48618
-5.48585
-5.48585
-5.48585
-5.48488
-5.48553
-5.48456
-5.48683
-5.48683
-5.48747
-5.48618
-5.48715
-5.48682
-5.48649
-5.4865
-5.48747
-5.48909
-5.49071
-5.48942
-5.49233
-5.49168
-5.48909
-5.49103
-5.49006
-5.48877
-5.48877
-5.48844
-5.48812
-5.48974
-5.48941
-5.48844
-5.48779
-5.48584
-5.48616
-5.48746
-5.48811
-5.48941
-5.48876
-5.48973
-5.49071
-5.49135
-5.48973
-5.48876
-5.48714
-5.48455
-5.48325
-5.48293
-5.48358
-5.4839
-5.48617
-5.4865
-5.48747
-5.48747
-5.48812
-5.48974
-5.49071
-5.48942
-5.48941
-5.48974
-5.48812
-5.48779
-5.4878
-5.48683
-5.48715
-5.48683
-5.48845
-5.48683
-5.48683
-5.4878
-5.48682
-5.4878
-5.49007
-5.49104
-5.49331
-5.49299
-5.49137
-5.49234
-5.49136
-5.49104
-5.4933
-5.49103
-5.48876
-5.48715
-5.4865
-5.4865
-5.4865
-5.4852
-5.48585
-5.48715
-5.48812
-5.48877
-5.49071
-5.49168
-5.49201
-5.4933
-5.4933
-5.49071
-5.49007
-5.48975
-5.48877
-5.48845
-5.48748
-5.48942
-5.4891
-5.4878
-5.48974
-5.48813
-5.48683
-5.48683
-5.48651
-5.48683
-5.48683
-5.48489
-5.4865
-5.48683
-5.48618
-5.4878
-5.48812
-5.48651
-5.48813
-5.48684
-5.48716
-5.48878
-5.48942
-5.48878
-5.48975
-5.48748
-5.48521
-5.48553
-5.48586
-5.48618
-5.48423
-5.48521
-5.48553
-5.48683
-5.48651
-5.48942
-5.48878
-5.4891
-5.4891
-5.48974
-5.48974
-5.49039
-5.48748
-5.48909
-5.49104
-5.49201
-5.49136
-5.49136
-5.49039
-5.48844
-5.4878
-5.48683
-5.48651
-5.48683
-5.4878
-5.48618
-5.48618
-5.48586
-5.48715
-5.48812
-5.48974
-5.48618
-5.48748
-5.48651
-5.48683
-5.48812
-5.48715
-5.4865
-5.48715
-5.4865
-5.48877
-5.48877
-5.48812
-5.48683
-5.48942
-5.48942
-5.48715
-5.48845
-5.48683
-5.48942
-5.48553
-5.48521
-5.48424
-5.48489
-5.48359
-5.48521
-5.48488
-5.4852
-5.48358
-5.4852
-5.48682
-5.48521
-5.48553
-5.48747
-5.48877
-5.48715
-5.48488
-5.48456
-5.48553
-5.48715
-5.48876
-5.48844
-5.48877
-5.48909
-5.48909
-5.48747
-5.48909
-5.48941
-5.49039
-5.49103
-5.49038
-5.49071
-5.4865
-5.4878
-5.48909
-5.48942
-5.48942
-5.48909
-5.4878
-5.48521
-5.48295
-5.48294
-5.48391
-5.48326
-5.48228
-5.48228
-5.4826
-5.48228
-5.48357
-5.48422
-5.48358
-5.4865
-5.48715
-5.48651
-5.48683
-5.48554
-5.48554
-5.48619
-5.48748
-5.48683
-5.48682
-5.48617
-5.4865
-5.48714
-5.48779
-5.48617
-5.4852
-5.48649
-5.4852
-5.48326
-5.48391
-5.48521
-5.48553
-5.48618
-5.49072
-5.4891
-5.48812
-5.48683
-5.4865
-5.48618
-5.48618
-5.48617
-5.48779
-5.48455
-5.48261
-5.48229
-5.48229
-5.48099
-5.48099
-5.4797
-5.481
-5.48229
-5.4823
-5.48392
-5.48392
-5.48295
-5.48295
-5.48489
-5.48586
-5.4878
-5.4878
-5.48748
-5.48942
-5.48877
-5.48942
-5.49039
-5.49201
-5.49298
-5.49006
-5.49071
-5.49038
-5.49135
-5.48974
-5.48845
-5.48748
-5.48877
-5.48716
-5.48684
-5.48651
-5.48554
-5.48813
-5.48813
-5.48845
-5.48845
-5.48682
-5.48585
-5.48682
-5.48682
-5.48682
-5.48553
-5.48489
-5.48651
-5.48586
-5.48392
-5.48424
-5.48456
-5.48521
-5.48748
-5.48618
-5.48391
-5.48327
-5.48521
-5.48683
-5.48682
-5.4878
-5.48974
-5.48877
-5.48715
-5.48845
-5.48715
-5.48715
-5.48423
-5.48229
-5.48326
-5.48293
-5.48585
-5.48617
-5.48488
-5.48812
-5.48812
-5.48877
-5.48844
-5.49006
-5.48974
-5.48877
-5.48488
-5.4852
-5.48617
-5.48326
-5.48229
-5.48423
-5.48359
-5.48618
-5.48391
-5.48585
-5.48812
-5.48747
-5.48747
-5.48715
-5.48682
-5.48715
-5.48844
-5.48844
-5.48974
-5.48747
-5.48488
-5.48617
-5.48682
-5.48683
-5.48877
-5.48845
-5.48812
-5.48845
-5.48909
-5.48618
-5.48747
-5.48909
-5.48844
-5.48844
-5.48715
-5.48682
-5.48456
-5.48391
-5.48553
-5.48683
-5.48877
-5.48974
-5.4933
-5.49233
-5.49266
-5.49168
-5.49298
-5.49168
-5.49233
-5.48942
-5.48812
-5.48553
-5.48359
-5.48618
-5.4878
-5.48618
-5.4865
-5.48715
-5.49039
-5.48877
-5.49007
-5.4891
-5.49007
-5.48877
-5.48748
-5.48683
-5.48391
-5.48229
-5.48359
-5.48488
-5.48844
-5.4878
-5.48715
-5.48909
-5.48845
-5.48974
-5.48942
-5.48812
-5.48683
-5.48844
-5.4878
-5.48844
-5.48877
-5.48747
-5.48714
-5.48714
-5.48617
-5.48585
-5.48618
-5.48586
-5.4865
-5.48715
-5.48715
-5.48974
-5.49006
-5.48974
-5.48909
-5.48747
-5.48585
-5.48552
-5.48682
-5.48714
-5.48844
-5.48844
-5.48908
-5.48973
-5.48909
-5.48812
-5.48747
-5.48747
-5.48844
-5.48876
-5.48714
-5.48746
-5.48746
-5.48584
-5.48455
-5.48552
-5.48552
-5.48455
-5.48423
-5.48487
-5.48585
-5.4852
-5.48617
-5.48844
-5.48844
-5.48649
-5.48779
-5.48941
-5.48941
-5.48941
-5.48941
-5.48876
-5.48877
-5.48941
-5.48909
-5.48779
-5.48812
-5.48812
-5.48585
-5.48488
-5.4852
-5.48488
-5.4839
-5.48293
-5.48196
-5.48099
-5.48229
-5.48455
-5.48455
-5.4839
-5.48423
-5.48617
-5.48714
-5.48844
-5.48876
-5.48973
-5.48876
-5.48844
-5.49038
-5.49038
-5.48909
-5.48876
-5.48811
-5.48876
-5.48844
-5.48811
-5.48876
-5.48682
-5.48585
-5.48488
-5.48423
-5.48521
-5.48553
-5.48456
-5.4865
-5.48747
-5.48779
-5.48877
-5.48941
-5.49006
-5.49168
-5.48779
-5.48682
-5.48261
-5.48423
-5.48423
-5.48391
-5.48456
-5.48488
-5.48553
-5.48423
-5.48423
-5.48423
-5.48682
-5.48779
-5.48617
-5.48682
-5.48682
-5.4878
-5.48877
-5.48942
-5.4878
-5.49039
-5.48909
-5.48747
-5.48747
-5.48715
-5.48553
-5.48585
-5.4852
-5.48488
-5.48586
-5.4878
-5.4891
-5.48845
-5.48651
-5.48748
-5.48521
-5.48618
-5.48651
-5.4878
-5.48845
-5.4891
-5.48877
-5.49071
-5.49104
-5.49104
-5.48877
-5.48974
-5.48942
-5.48909
-5.4878
-5.48554
-5.48521
-5.48521
-5.48489
-5.48715
-5.48845
-5.4865
-5.48748
-5.48651
-5.48618
-5.48619
-5.48942
-5.48813
-5.4891
-5.48749
-5.48845
-5.4891
-5.48942
-5.48942
-5.49039
-5.48877
-5.4891
-5.48878
-5.48716
-5.48781
-5.48684
-5.48683
-5.48683
-5.48651
-5.48683
-5.48619
-5.48716
-5.48618
-5.48845
-5.4878
-5.48975
-5.48975
-5.48845
-5.48942
-5.48878
-5.49072
-5.48877
-5.48975
-5.48716
-5.48716
-5.48684
-5.48717
-5.48749
-5.48846
-5.48911
-5.48975
-5.49104
-5.49039
-5.49137
-5.48878
-5.48781
-5.48748
-5.48651
-5.48522
-5.48554
-5.48619
-5.48749
-5.48684
-5.48619
-5.48716
-5.48425
-5.4836
-5.48295
-5.48328
-5.48392
-5.48392
-5.48392
-5.48295
-5.4823
-5.48425
-5.48457
-5.48392
-5.48392
-5.48489
-5.48425
-5.48522
-5.4836
-5.48327
-5.48359
-5.48586
-5.48942
-5.49137
-5.48943
-5.49072
-5.49137
-5.48716
-5.48651
-5.48619
-5.48652
-5.48878
-5.49008
-5.49041
-5.48879
-5.49008
-5.49008
-5.48781
-5.48846
-5.48716
-5.48651
-5.48327
-5.48391
-5.48456
-5.48294
-5.48068
-5.48036
-5.48198
-5.48295
-5.48522
-5.48522
-5.4836
-5.48619
-5.48749
-5.48716
-5.48813
-5.48586
-5.48424
-5.48554
-5.48424
-5.48521
-5.48845
-5.4878
-5.48878
-5.48618
-5.48716
-5.48716
-5.48845
-5.48684
-5.48489
-5.48392
-5.48489
-5.48618
-5.4878
-5.48975
-5.48845
-5.48877
-5.48812
-5.48683
-5.48683
-5.4878
-5.48878
-5.48716
-5.48845
-5.4891
-5.48975
-5.49007
-5.49039
-5.48942
-5.48942
-5.4865
-5.48651
-5.4891
-5.48877
-5.48975
-5.4878
-5.49072
-5.48878
-5.48942
-5.48748
-5.4891
-5.49007
-5.49039
-5.49039
-5.48942
-5.48683
-5.48715
-5.48748
-5.48812
-5.49071
-5.49071
-5.49104
-5.49169
-5.49169
-5.49233
-5.49104
-5.48909
-5.49104
-5.49071
-5.48812
-5.48682
-5.48521
-5.48553
-5.48618
-5.4865
-5.48813
-5.48715
-5.48489
-5.48553
-5.48359
-5.48327
-5.48489
-5.4865
-5.48456
-5.4878
-5.48812
-5.48812
-5.48812
-5.48909
-5.48779
-5.48973
-5.49006
-5.48909
-5.48779
-5.48618
-5.48585
-5.4878
-5.48812
-5.48748
-5.48424
-5.48521
-5.48327
-5.48359
-5.48359
-5.48262
-5.48294
-5.48229
-5.48326
-5.48488
-5.48294
-5.481
-5.47938
-5.48197
-5.48262
-5.48488
-5.48877
-5.48877
-5.48845
-5.48715
-5.48748
-5.48651
-5.48942
-5.4891
-5.48942
-5.49006
-5.4878
-5.48812
-5.48844
-5.4878
-5.48812
-5.48877
-5.48942
-5.48909
-5.48618
-5.48748
-5.48878
-5.48975
-5.48716
-5.48748
-5.48586
-5.48651
-5.48748
-5.48845
-5.48813
-5.48618
-5.48877
-5.48845
-5.48845
-5.49007
-5.49007
-5.49072
-5.4891
-5.48748
-5.48845
-5.4878
-5.48716
-5.48716
-5.48716
-5.4878
-5.49007
-5.48974
-5.49007
-5.48845
-5.4878
-5.48942
-5.4878
-5.48716
-5.48683
-5.48748
-5.48554
-5.4836
-5.48424
-5.48619
-5.48716
-5.48651
-5.48489
-5.48489
-5.48424
-5.48521
-5.48521
-5.48619
-5.48619
-5.48651
-5.48586
-5.48716
-5.48586
-5.48489
-5.48554
-5.48651
-5.48812
-5.48942
-5.49007
-5.49039
-5.4878
-5.48748
-5.48651
-5.48619
-5.48684
-5.48846
-5.48814
-5.49073
-5.48943
-5.48684
-5.48749
-5.49105
-5.4904
-5.48749
-5.48554
-5.48587
-5.48716
-5.49008
-5.49137
-5.48684
-5.48652
-5.48587
-5.48846
-5.48879
-5.48814
-5.48652
-5.48749
-5.48749
-5.48782
-5.4862
-5.4862
-5.48717
-5.48685
-5.48621
-5.48718
-5.48718
-5.48588
-5.4862
-5.48588
-5.48718
-5.48556
-5.4875
-5.48782
-5.48944
-5.4888
-5.48847
-5.48718
-5.48815
-5.48491
-5.48588
-5.4875
-5.48912
-5.48782
-5.4875
-5.48556
-5.48782
-5.48944
-5.49009
-5.48847
-5.48815
-5.48621
-5.48783
-5.4888
-5.48912
-5.4875
-5.48621
-5.4862
-5.48556
-5.48653
-5.48556
-5.48653
-5.48815
-5.48621
-5.48653
-5.48783
-5.48847
-5.48685
-5.48621
-5.48491
-5.48491
-5.48329
-5.48232
-5.48264
-5.48394
-5.48783
-5.48653
-5.48751
-5.48913
-5.48848
-5.48815
-5.48621
-5.48426
-5.48264
-5.48394
-5.48588
-5.4862
-5.48652
-5.48588
-5.48653
-5.48653
-5.48815
-5.4888
-5.49042
-5.48977
-5.48912
-5.49106
-5.48976
-5.49009
-5.4917
-5.49073
-5.49106
-5.48944
-5.48749
-5.48652
-5.4875
-5.48491
-5.48556
-5.48556
-5.48588
-5.48653
-5.48879
-5.48782
-5.48976
-5.48749
-5.48749
-5.48555
-5.4849
-5.48749
-5.48588
-5.48717
-5.48782
-5.48879
-5.48782
-5.48912
-5.48814
-5.48717
-5.48685
-5.48684
-5.48717
-5.48555
-5.48749
-5.48782
-5.4849
-5.48296
-5.48134
-5.48231
-5.48393
-5.48263
-5.48425
-5.48231
-5.48393
-5.48555
-5.48458
-5.48523
-5.48458
-5.48847
-5.48976
-5.4917
-5.49105
-5.49105
-5.48911
-5.48911
-5.48749
-5.48879
-5.48814
-5.48717
-5.48911
-5.48782
-5.48685
-5.48555
-5.48588
-5.48685
-5.48685
-5.48718
-5.48782
-5.48879
-5.48911
-5.48975
-5.48976
-5.48911
-5.49041
-5.49041
-5.49042
-5.49042
-5.49204
-5.49236
-5.49074
-5.4888
-5.49074
-5.49138
-5.48944
-5.48944
-5.48943
-5.4862
-5.48425
-5.48393
-5.48394
-5.48394
-5.48524
-5.48491
-5.48491
-5.48653
-5.48621
-5.48588
-5.48555
-5.48588
-5.4862
-5.48717
-5.48653
-5.48523
-5.48685
-5.48718
-5.48718
-5.48783
-5.4888
-5.48653
-5.48847
-5.48879
-5.48814
-5.48944
-5.48814
-5.48847
-5.49009
-5.49171
-5.49235
-5.49041
-5.49106
-5.48944
-5.48976
-5.48814
-5.48912
-5.4875
-5.48523
-5.48587
-5.4849
-5.48425
-5.48522
-5.48619
-5.48425
-5.48425
-5.48425
-5.48523
-5.48749
-5.4862
-5.48685
-5.48815
-5.48815
-5.48847
-5.48847
-5.48847
-5.48847
-5.48879
-5.48749
-5.48782
-5.48911
-5.4917
-5.48976
-5.48912
-5.4875
-5.48718
-5.48944
-5.48977
-5.48912
-5.4862
-5.4862
-5.48653
-5.48556
-5.48329
-5.48134
-5.48329
-5.48393
-5.48426
-5.48362
-5.48524
-5.48459
-5.48524
-5.48556
-5.48556
-5.48426
-5.48329
-5.48524
-5.48621
-5.48653
-5.48556
-5.48555
-5.4862
-5.48782
-5.48555
-5.48523
-5.48685
-5.48653
-5.48621
-5.48783
-5.48815
-5.48912
-5.48976
-5.49009
-5.48814
-5.48879
-5.48944
-5.49041
-5.49009
-5.48911
-5.48814
-5.48814
-5.48879
-5.48879
-5.48814
-5.48943
-5.48814
-5.48782
-5.48781
-5.49008
-5.48781
-5.48943
-5.48911
-5.49073
-5.49074
-5.49009
-5.48782
-5.4862
-5.48684
-5.48554
-5.48295
-5.48262
-5.48327
-5.48489
-5.48554
-5.48652
-5.48555
-5.48458
-5.48555
-5.48652
-5.48653
-5.48847
-5.48911
-5.49105
-5.4904
-5.48943
-5.49299
-5.49235
-5.49429
-5.49591
-5.49494
-5.4917
-5.49137
-5.49202
-5.4904
-5.49073
-5.48847
-5.48685
-5.48588
-5.48523
-5.48393
-5.48231
-5.4836
-5.48295
-5.48328
-5.48328
-5.48166
-5.48328
-5.48328
-5.48327
-5.48457
-5.48521
-5.48457
-5.48587
-5.48716
-5.48651
-5.48878
-5.48911
-5.48878
-5.48878
-5.48943
-5.48878
-5.48781
-5.48846
-5.48943
-5.48878
-5.48975
-5.48814
-5.48846
-5.48943
-5.48911
-5.48813
-5.48716
-5.48845
-5.49072
-5.49007
-5.49039
-5.49072
-5.48943
-5.48975
-5.49234
-5.49105
-5.48878
-5.48619
-5.48651
-5.48651
-5.48489
-5.48392
-5.4836
-5.48489
-5.48457
-5.48295
-5.481
-5.48391
-5.48262
-5.48391
-5.48326
-5.48391
-5.48489
-5.4878
-5.48716
-5.48489
-5.48489
-5.48586
-5.48683
-5.48877
-5.4891
-5.48715
-5.48715
-5.48747
-5.48715
-5.48844
-5.48812
-5.48715
-5.48715
-5.48845
-5.48488
-5.48618
-5.48715
-5.48877
-5.48715
-5.4891
-5.49104
-5.49233
-5.49233
-5.49201
-5.49168
-5.49201
-5.49103
-5.48876
-5.48747
-5.48779
-5.48941
-5.49039
-5.48974
-5.48974
-5.4891
-5.4891
-5.4891
-5.48813
-5.48748
-5.48586
-5.48715
-5.48683
-5.48618
-5.48585
-5.48294
-5.48358
-5.48196
-5.48229
-5.48197
-5.48294
-5.48683
-5.48715
-5.48716
-5.48457
-5.48424
-5.48748
-5.48716
-5.48943
-5.4891
-5.48846
-5.48813
-5.48716
-5.4878
-5.48651
-5.48391
-5.48294
-5.48553
-5.48456
-5.48359
-5.48294
-5.48424
-5.48489
-5.48489
-5.48748
-5.48878
-5.48975
-5.4904
-5.48878
-5.48975
-5.48845
-5.4878
-5.48683
-5.48845
-5.48877
-5.48748
-5.4878
-5.48683
-5.48586
-5.48715
-5.48877
-5.48942
-5.48877
-5.48845
-5.48748
-5.48683
-5.48781
-5.48942
-5.48845
-5.4878
-5.48585
-5.48714
-5.48876
-5.48747
-5.48618
-5.48942
-5.48812
-5.48877
-5.48812
-5.4878
-5.48812
-5.48683
-5.48909
-5.48779
-5.48747
-5.48488
-5.48488
-5.48585
-5.48553
-5.48747
-5.48974
-5.48876
-5.48682
-5.48682
-5.48326
-5.48649
-5.48617
-5.48811
-5.48876
-5.48876
-5.48746
-5.48843
-5.4894
-5.4894
-5.48778
-5.48713
-5.48746
-5.48713
-5.48714
-5.48779
-5.48843
-5.48973
-5.48811
-5.48779
-5.48747
-5.48649
-5.48649
-5.48422
-5.48196
-5.48293
-5.48325
-5.48357
-5.48357
-5.48325
-5.48325
-5.48358
-5.4839
-5.48422
-5.48357
-5.48454
-5.48422
-5.48584
-5.48357
-5.4826
-5.4826
-5.48131
-5.48293
-5.4826
-5.48552
-5.4839
-5.48454
-5.48422
-5.48422
-5.48616
-5.48681
-5.48778
-5.49005
-5.49005
-5.48973
-5.49005
-5.4894
-5.48875
-5.48908
-5.48778
-5.48875
-5.48843
-5.49037
-5.49004
-5.48551
-5.48421
-5.48648
-5.48681
-5.48681
-5.48745
-5.48777
-5.4881
-5.48615
-5.48421
-5.48259
-5.48454
-5.48357
-5.48421
-5.48388
-5.48453
-5.48388
-5.48518
-5.4855
-5.48486
-5.48583
-5.48583
-5.48583
-5.48583
-5.48518
-5.48517
-5.48582
-5.48874
-5.48809
-5.48809
-5.48777
-5.4881
-5.48713
-5.48842
-5.4881
-5.48583
-5.48712
-5.48583
-5.4855
-5.48615
-5.4855
-5.48421
-5.48518
-5.48615
-5.48647
-5.48583
-5.48712
-5.49003
-5.49003
-5.49166
-5.49263
-5.49295
-5.4949
-5.49457
-5.49198
-5.49069
-5.4881
-5.48842
-5.49133
-5.4881
-5.48875
-5.49004
-5.48972
-5.48907
-5.48842
-5.4868
-5.48616
-5.48551
-5.4868
-5.48616
-5.48486
-5.48551
-5.48453
-5.4855
-5.48744
-5.48745
-5.48615
-5.48712
-5.48842
-5.48745
-5.48777
-5.4881
-5.48745
-5.48778
-5.4894
-5.4894
-5.48939
-5.49166
-5.49004
-5.48841
-5.48841
-5.48971
-5.49036
-5.49036
-5.48972
-5.48874
-5.48874
-5.49133
-5.49004
-5.4923
-5.49101
-5.49069
-5.49036
-5.49134
-5.49199
-5.48907
-5.48874
-5.4868
-5.48712
