-5.54954
-5.54921
-5.54922
-5.54922
-5.5489
-5.54566
-5.54534
-5.54372
-5.54436
-5.54501
-5.5463
-5.54663
-5.54695
-5.5463
-5.54727
-5.54695
-5.54565
-5.5463
-5.54663
-5.54598
-5.54598
-5.54242
-5.54242
-5.54339
-5.54339
-5.54209
-5.54144
-5.54079
-5.53982
-5.53755
-5.53917
-5.54047
-5.54079
-5.54112
-5.5408
-5.54242
-5.54242
-5.54307
-5.54274
-5.54307
-5.54339
-5.54209
-5.54242
-5.54274
-5.54339
-5.54468
-5.54209
-5.54306
-5.54307
-5.54307
-5.54307
-5.54372
-5.5434
-5.54502
-5.54469
-5.54081
-5.54081
-5.54307
-5.5434
-5.54469
-5.54534
-5.54566
-5.54696
-5.5476
-5.54728
-5.54728
-5.54631
-5.54534
-5.54502
-5.54567
-5.54372
-5.54502
-5.54696
-5.54664
-5.54631
-5.54631
-5.54534
-5.5434
-5.54502
-5.54502
-5.54664
-5.54567
-5.54631
-5.54405
-5.54437
-5.54502
-5.54632
-5.54664
-5.54696
-5.54729
-5.54567
-5.54761
-5.54696
-5.54664
-5.54632
-5.54567
-5.54664
-5.54567
-5.54437
-5.54211
-5.54016
-5.54146
-5.54049
-5.54081
-5.54017
-5.54243
-5.54243
-5.54243
-5.54437
-5.54308
-5.54373
-5.5447
-5.5447
-5.54503
-5.54373
-5.54665
-5.54633
-5.54697
-5.54665
-5.5473
-5.54794
-5.546
-5.54697
-5.54762
-5.54859
-5.54891
-5.54859
-5.54761
-5.54729
-5.54503
-5.546
-5.54503
-5.54762
-5.5473
-5.54794
-5.546
-5.54568
-5.54406
-5.54405
-5.5434
-5.54146
-5.54211
-5.54308
-5.54341
-5.54309
-5.54536
-5.54633
-5.546
-5.5447
-5.54405
-5.54276
-5.5434
-5.54211
-5.54211
-5.54017
-5.53953
-5.54082
-5.54244
-5.54503
-5.546
-5.54633
-5.54568
-5.54503
-5.54503
-5.54697
-5.5473
-5.54697
-5.54633
-5.5486
-5.54763
-5.5473
-5.54762
-5.54795
-5.54633
-5.54374
-5.54244
-5.54147
-5.54212
-5.54083
-5.5405
-5.54147
-5.54147
-5.5405
-5.54082
-5.54244
-5.54244
-5.54374
-5.54503
-5.54341
-5.5447
-5.54535
-5.54567
-5.54535
-5.54567
-5.54632
-5.54859
-5.54697
-5.54924
-5.54827
-5.54924
-5.54859
-5.54859
-5.54632
-5.54471
-5.54438
-5.54729
-5.546
-5.54632
-5.5447
-5.54308
-5.54308
-5.5434
-5.54535
-5.5447
-5.54276
-5.54308
-5.54567
-5.54567
-5.54632
-5.54664
-5.54729
-5.54761
-5.546
-5.54535
-5.54308
-5.54244
-5.54211
-5.54016
-5.54016
-5.54178
-5.54243
-5.54243
-5.54437
-5.54696
-5.54631
-5.54566
-5.54469
-5.5447
-5.54437
-5.54405
-5.54405
-5.5434
-5.54211
-5.54179
-5.54244
-5.54243
-5.54438
-5.54308
-5.54243
-5.54243
-5.54114
-5.54243
-5.54372
-5.54502
-5.54632
-5.54535
-5.546
-5.54535
-5.54503
-5.54697
-5.54729
-5.54697
-5.54859
-5.54891
-5.5502
-5.54891
-5.54826
-5.54599
-5.54761
-5.54567
-5.54632
-5.54762
-5.54729
-5.54859
-5.54762
-5.54567
-5.546
-5.5447
-5.54567
-5.54664
-5.54826
-5.54859
-5.54632
-5.54762
-5.54762
-5.546
-5.54924
-5.54762
-5.54762
-5.54924
-5.54633
-5.54665
-5.54697
-5.54697
-5.54503
-5.5447
-5.5447
-5.54211
-5.54276
-5.54081
-5.54017
-5.54082
-5.54017
-5.54179
-5.54244
-5.54535
-5.54762
-5.54794
-5.54762
-5.54664
-5.54761
-5.54729
-5.54696
-5.54535
-5.54406
-5.54503
-5.54665
-5.5473
-5.54633
-5.54763
-5.54633
-5.54698
-5.54536
-5.54374
-5.54374
-5.54147
-5.54114
-5.5405
-5.54341
-5.54438
-5.54309
-5.54374
-5.54536
-5.54633
-5.54795
-5.5473
-5.54697
-5.54665
-5.54567
-5.54567
-5.54794
-5.54729
-5.54568
-5.54633
-5.54763
-5.54633
-5.54666
-5.5473
-5.54925
-5.54795
-5.54763
-5.54568
-5.54665
-5.54794
-5.54568
-5.54697
-5.546
-5.54407
-5.54439
-5.54342
-5.54083
-5.5418
-5.5431
-5.54309
-5.5418
-5.5418
-5.54244
-5.54244
-5.54373
-5.54146
-5.54082
-5.54309
-5.54471
-5.54633
-5.54698
-5.54698
-5.54601
-5.54569
-5.54536
-5.54795
-5.54666
-5.54536
-5.54438
-5.546
-5.546
-5.54762
-5.54698
-5.5473
-5.54892
-5.5499
-5.5473
-5.54633
-5.54665
-5.54471
-5.54374
-5.54503
-5.54374
-5.54147
-5.54342
-5.54147
-5.54212
-5.54569
-5.54666
-5.54795
-5.54633
-5.54665
-5.54568
-5.54503
-5.54795
-5.55021
-5.54892
-5.5473
-5.54568
-5.54439
-5.54536
-5.54472
-5.54439
-5.54601
-5.5473
-5.5486
-5.54989
-5.54924
-5.54892
-5.54698
-5.54697
-5.54568
-5.54633
-5.54795
-5.54633
-5.54697
-5.54633
-5.54504
-5.54471
-5.54277
-5.54115
-5.54018
-5.5431
-5.54375
-5.54569
-5.54699
-5.54893
-5.54893
-5.54892
-5.54827
-5.54697
-5.54406
-5.54503
-5.54503
-5.54503
-5.54471
-5.54471
-5.54374
-5.54568
-5.54568
-5.54568
-5.54633
-5.54633
-5.54504
-5.54471
-5.54504
-5.54471
-5.54342
-5.54212
-5.54374
-5.54439
-5.54472
-5.5431
-5.54342
-5.5431
-5.54245
-5.54309
-5.54244
-5.54439
-5.54406
-5.54439
-5.54569
-5.54666
-5.54698
-5.54698
-5.54666
-5.54666
-5.54665
-5.54633
-5.54601
-5.54471
-5.54439
-5.54666
-5.54634
-5.54698
-5.54471
-5.54633
-5.54504
-5.54342
-5.54601
-5.54731
-5.54731
-5.54537
-5.54537
-5.54342
-5.54083
-5.54212
-5.54115
-5.54244
-5.54309
-5.54276
-5.54438
-5.54568
-5.54309
-5.54342
-5.54568
-5.54536
-5.54731
-5.54536
-5.54439
-5.54504
-5.54731
-5.54795
-5.54731
-5.54828
-5.54957
-5.54763
-5.54633
-5.54666
-5.54633
-5.54406
-5.54439
-5.54374
-5.54277
-5.54179
-5.54179
-5.54374
-5.54471
-5.54374
-5.54503
-5.54374
-5.54212
-5.54309
-5.54471
-5.54374
-5.54374
-5.54504
-5.54698
-5.54731
-5.54698
-5.54731
-5.54698
-5.54698
-5.54796
-5.54731
-5.54795
-5.54665
-5.5486
-5.54795
-5.54536
-5.54471
-5.54407
-5.54633
-5.54666
-5.54666
-5.54407
-5.54471
-5.54569
-5.54666
-5.54536
-5.54439
-5.54407
-5.54407
-5.54537
-5.54472
-5.54569
-5.54472
-5.54731
-5.54828
-5.54796
-5.5499
-5.55055
-5.55022
-5.5499
-5.54925
-5.54795
-5.54633
-5.54666
-5.54472
-5.54537
-5.54634
-5.54537
-5.54181
-5.54116
-5.54019
-5.54214
-5.54116
-5.54246
-5.54375
-5.54343
-5.5431
-5.54277
-5.54245
-5.5418
-5.5418
-5.54245
-5.5431
-5.54343
-5.54408
-5.54635
-5.54311
-5.54344
-5.54408
-5.54214
-5.54116
-5.54019
-5.54084
-5.54148
-5.54019
-5.5431
-5.54375
-5.5431
-5.5431
-5.54602
-5.54472
-5.5431
-5.5444
-5.54472
-5.54601
-5.54634
-5.54537
-5.54601
-5.54278
-5.54343
-5.5431
-5.54375
-5.54537
-5.54602
-5.54537
-5.54213
-5.54148
-5.54083
-5.54245
-5.5418
-5.54278
-5.54375
-5.54472
-5.54504
-5.54601
-5.54698
-5.54666
-5.54471
-5.54342
-5.54407
-5.54666
-5.54763
-5.54861
-5.54893
-5.55023
-5.55023
-5.54763
-5.54861
-5.54893
-5.5499
-5.5486
-5.5486
-5.5473
-5.54536
-5.54633
-5.54406
-5.54535
-5.54535
-5.54633
-5.54634
-5.54602
-5.5444
-5.54246
-5.5444
-5.54342
-5.54342
-5.54407
-5.54601
-5.54601
-5.54569
-5.54342
-5.5444
-5.54472
-5.54407
-5.54407
-5.54504
-5.54698
-5.54698
-5.54796
-5.54763
-5.54602
-5.54602
-5.54699
-5.54569
-5.54569
-5.54375
-5.54342
-5.54277
-5.54406
-5.54503
-5.54568
-5.54568
-5.54665
-5.54795
-5.54957
-5.5486
-5.54731
-5.54666
-5.5473
-5.54892
-5.55054
-5.55054
-5.54827
-5.54827
-5.54504
-5.54407
-5.54471
-5.54244
-5.5418
-5.54082
-5.54115
-5.54277
-5.54406
-5.54407
-5.54472
-5.54634
-5.54601
-5.54343
-5.54472
-5.54407
-5.54504
-5.54569
-5.54665
-5.54633
-5.54633
-5.54698
-5.54536
-5.54601
-5.54309
-5.54342
-5.54504
-5.54471
-5.54504
-5.54536
-5.54503
-5.54471
-5.54439
-5.54536
-5.54569
-5.54536
-5.54439
-5.54213
-5.54213
-5.54342
-5.54536
-5.54536
-5.54471
-5.54633
-5.54762
-5.54665
-5.54698
-5.54763
-5.54828
-5.54634
-5.54764
-5.5499
-5.54667
-5.54666
-5.54666
-5.54763
-5.54666
-5.54504
-5.54601
-5.54504
-5.54666
-5.54763
-5.54472
-5.54569
-5.54472
-5.54343
-5.54375
-5.54375
-5.54278
-5.54472
-5.5444
-5.54343
-5.54311
-5.54181
-5.54473
-5.54537
-5.54764
-5.54764
-5.54537
-5.54602
-5.5457
-5.54699
-5.54602
-5.5457
-5.54408
-5.54505
-5.54472
-5.54505
-5.5457
-5.54505
-5.5444
-5.54375
-5.54149
-5.54278
-5.54408
-5.54213
-5.53987
-5.54149
-5.54149
-5.54116
-5.54116
-5.54019
-5.54149
-5.54051
-5.53986
-5.54213
-5.54245
-5.54375
-5.54343
-5.5431
-5.54537
-5.54699
-5.54796
-5.5457
-5.54602
-5.54634
-5.54602
-5.54666
-5.54958
-5.5499
-5.54861
-5.54861
-5.54925
-5.54926
-5.54893
-5.55282
-5.5525
-5.5525
-5.55153
-5.55153
-5.55056
-5.54926
-5.54991
-5.54958
-5.54893
-5.54796
-5.54698
-5.54633
-5.54666
-5.54698
-5.54569
-5.54407
-5.54407
-5.5431
-5.54278
-5.54408
-5.54343
-5.54343
-5.5444
-5.54343
-5.54537
-5.54537
-5.54472
-5.54536
-5.54698
-5.54828
-5.54569
-5.54537
-5.54504
-5.54537
-5.54343
-5.54407
-5.54569
-5.5444
-5.5444
-5.5431
-5.54246
-5.54375
-5.54505
-5.54602
-5.54861
-5.54667
-5.54602
-5.54796
-5.54699
-5.54667
-5.54473
-5.54311
-5.5444
-5.54116
-5.54084
-5.54116
-5.54181
-5.54019
-5.54084
-5.54278
-5.54246
-5.54408
-5.54375
-5.54505
-5.54602
-5.54537
-5.54505
-5.54537
-5.5457
-5.54602
-5.5457
-5.54537
-5.54505
-5.54472
-5.5444
-5.5444
-5.5444
-5.5444
-5.54343
-5.54376
-5.54311
-5.54408
-5.54538
-5.54505
-5.5444
-5.54408
-5.54537
-5.54537
-5.54505
-5.54376
-5.5457
-5.547
-5.547
-5.54635
-5.54732
-5.54667
-5.54602
-5.54731
-5.54764
-5.54732
-5.54635
-5.5457
-5.54603
-5.54635
-5.54764
-5.54764
-5.54959
-5.55088
-5.54893
-5.54732
-5.54732
-5.54667
-5.54699
-5.54634
-5.54861
-5.54699
-5.54602
-5.54667
-5.54796
-5.54634
-5.54667
-5.54635
-5.54602
-5.54537
-5.54699
-5.54796
-5.54764
-5.54602
-5.54537
-5.54666
-5.54601
-5.54795
-5.54731
-5.54666
-5.54698
-5.54698
-5.54634
-5.54407
-5.5431
-5.54504
-5.54439
-5.54245
-5.5418
-5.54245
-5.54342
-5.54471
-5.54212
-5.54148
-5.54115
-5.5418
-5.54439
-5.54536
-5.54504
-5.54568
-5.54504
-5.54439
-5.54374
-5.54471
-5.54536
-5.54763
-5.54763
-5.54731
-5.54569
-5.54666
-5.54601
-5.54601
-5.54666
-5.54665
-5.54762
-5.54697
-5.54633
-5.546
-5.54503
-5.54374
-5.54439
-5.54504
-5.54407
-5.54503
-5.54568
-5.54503
-5.54665
-5.5473
-5.5473
-5.54762
-5.54827
-5.5473
-5.54568
-5.54601
-5.54568
-5.54795
-5.54763
-5.54731
-5.54601
-5.5486
-5.5486
-5.54601
-5.54568
-5.54439
-5.54536
-5.54406
-5.54374
-5.54438
-5.54406
-5.54471
-5.54374
-5.54439
-5.54438
-5.54503
-5.546
-5.54632
-5.546
-5.5447
-5.54276
-5.54147
-5.54406
-5.54536
-5.54731
-5.54828
-5.5486
-5.55119
-5.5499
-5.54957
-5.54666
-5.54827
-5.54795
-5.54568
-5.54503
-5.54665
-5.54763
-5.54698
-5.54893
-5.54925
-5.5499
-5.55054
-5.54795
-5.54925
-5.5486
-5.54731
-5.54796
-5.54893
-5.54958
-5.54893
-5.54893
-5.54828
-5.54666
-5.54536
-5.54439
-5.54536
-5.54568
-5.54568
-5.54504
-5.54536
-5.54342
-5.5444
-5.5444
-5.54634
-5.54634
-5.54634
-5.54504
-5.54601
-5.54601
-5.54569
-5.54536
-5.54407
-5.5431
-5.54472
-5.54471
-5.54407
-5.54569
-5.54471
-5.54342
-5.54374
-5.5418
-5.54407
-5.5431
-5.5431
-5.5431
-5.54181
-5.54116
-5.54213
-5.54245
-5.54472
-5.54407
-5.54246
-5.54148
-5.54213
-5.54472
-5.54634
-5.54731
-5.5486
-5.5473
-5.5473
-5.54666
-5.54698
-5.54763
-5.54569
-5.54634
-5.54828
-5.54828
-5.54925
-5.54925
-5.54601
-5.54699
-5.54634
-5.54634
-5.54505
-5.5444
-5.54601
-5.54698
-5.54666
-5.54666
-5.54504
-5.54537
-5.54667
-5.54699
-5.54731
-5.54569
-5.54213
-5.54375
-5.54343
-5.54246
-5.54408
-5.5444
-5.54408
-5.54408
-5.54505
-5.54084
-5.54246
-5.54441
-5.54441
-5.54473
-5.54376
-5.54537
-5.54634
-5.54667
-5.54699
-5.54862
-5.54829
-5.55024
-5.54991
-5.54991
-5.54862
-5.54764
-5.54635
-5.54473
-5.54538
-5.54538
-5.54474
-5.54409
-5.54442
-5.54377
-5.54539
-5.54604
-5.54701
-5.54765
-5.54765
-5.54603
-5.54538
-5.54668
-5.54959
-5.55057
-5.55186
-5.55154
-5.55089
-5.54992
-5.54862
-5.54701
-5.54798
-5.54701
-5.54474
-5.54279
-5.54214
-5.54117
-5.54149
-5.54117
-5.54312
-5.54441
-5.54344
-5.54182
-5.54376
-5.54571
-5.54798
-5.54733
-5.54636
-5.54603
-5.54571
-5.5483
-5.547
-5.54636
-5.54506
-5.54538
-5.54538
-5.54506
-5.54603
-5.54474
-5.54571
-5.54409
-5.54377
-5.54053
-5.53988
-5.53794
-5.53988
-5.54021
-5.54021
-5.5428
-5.54312
-5.54247
-5.54085
-5.54312
-5.54571
-5.54571
-5.54701
-5.54669
-5.54766
-5.54863
-5.54928
-5.55058
-5.55122
-5.55284
-5.55219
-5.55413
-5.55283
-5.55315
-5.5525
-5.54894
-5.54992
-5.54927
-5.54766
-5.54733
-5.54572
-5.54475
-5.54637
-5.54637
-5.54442
-5.54507
-5.5441
-5.54474
-5.54766
-5.54701
-5.54604
-5.54766
-5.54895
-5.54928
-5.54798
-5.54863
-5.54831
-5.54928
-5.55123
-5.55155
-5.5509
-5.55155
-5.55252
-5.5496
-5.54928
-5.54701
-5.54637
-5.54507
-5.54637
-5.54605
-5.54475
-5.54378
-5.54313
-5.54475
-5.54345
-5.5441
-5.54507
-5.5441
-5.5428
-5.54345
-5.54572
-5.5441
-5.54637
-5.54669
-5.54702
-5.54573
-5.54669
-5.54928
-5.54993
-5.55122
-5.54895
-5.54668
-5.54571
-5.54668
-5.54636
-5.54604
-5.54863
-5.54831
-5.54928
-5.55025
-5.55025
-5.5496
-5.5496
-5.54895
-5.5496
-5.5509
-5.55219
-5.54895
-5.54928
-5.54798
-5.5454
-5.5441
-5.54346
-5.54443
-5.54572
-5.54313
-5.54443
-5.5441
-5.54475
-5.54345
-5.54378
-5.54475
-5.54475
-5.54539
-5.54507
-5.54701
-5.54766
-5.54799
-5.54605
-5.5467
-5.5454
-5.54605
-5.54475
-5.54605
-5.54605
-5.5454
-5.54475
-5.54507
-5.54572
-5.54604
-5.54669
-5.54798
-5.54896
-5.54734
-5.54669
-5.54864
-5.54929
-5.55285
-5.5535
-5.55252
-5.55382
-5.55058
-5.54961
-5.55091
-5.54993
-5.54734
-5.54702
-5.54507
-5.54572
-5.54313
-5.5428
-5.54345
-5.54475
-5.54475
-5.54508
-5.54573
-5.54508
-5.54378
-5.54346
-5.5454
-5.54443
-5.54637
-5.54572
-5.54669
-5.54572
-5.54637
-5.54572
-5.54605
-5.54669
-5.54831
-5.54604
-5.54475
-5.5454
-5.54734
-5.54993
-5.54767
-5.54864
-5.54605
-5.54604
-5.54378
-5.54216
-5.54313
-5.54345
-5.5441
-5.54378
-5.54248
-5.54443
-5.54378
-5.54378
-5.54119
-5.54183
-5.54183
-5.5441
-5.54442
-5.54216
-5.54119
-5.54054
-5.54054
-5.54184
-5.54475
-5.54443
-5.54443
-5.54475
-5.5454
-5.54475
-5.54378
-5.54248
-5.54216
-5.54248
-5.54249
-5.54281
-5.54378
-5.54443
-5.54475
-5.54313
-5.54248
-5.54346
-5.54313
-5.54346
-5.54475
-5.5454
-5.54605
-5.54378
-5.54346
-5.54281
-5.54345
-5.54572
-5.54669
-5.54669
-5.54832
-5.54897
-5.54897
-5.54735
-5.54638
-5.54574
-5.54865
-5.54768
-5.54412
-5.54541
-5.54444
-5.54508
-5.54573
-5.54475
-5.54378
-5.5441
-5.54216
-5.54184
-5.54054
-5.54184
-5.54087
-5.54216
-5.5454
-5.54702
-5.54605
-5.54637
-5.54605
-5.54605
-5.5467
-5.54541
-5.548
-5.54703
-5.54832
-5.54735
-5.54832
-5.54702
-5.54799
-5.54799
-5.54929
-5.54864
-5.54637
-5.54767
-5.54864
-5.54799
-5.5467
-5.54702
-5.54767
-5.54799
-5.54799
-5.54928
-5.54766
-5.54864
-5.54702
-5.54734
-5.54734
-5.5454
-5.54379
-5.54378
-5.54378
-5.5441
-5.54475
-5.54281
-5.54378
-5.54346
-5.54249
-5.54378
-5.5454
-5.54507
-5.54443
-5.54734
-5.54798
-5.54766
-5.54928
-5.54831
-5.54766
-5.54864
-5.54637
-5.5467
-5.54735
-5.54799
-5.54832
-5.54734
-5.54605
-5.5454
-5.54346
-5.5454
-5.54572
-5.54508
-5.54249
-5.54119
-5.54054
-5.54346
-5.54184
-5.54249
-5.54475
-5.54378
-5.54508
-5.5441
-5.54378
-5.54507
-5.54799
-5.54993
-5.54864
-5.54864
-5.54767
-5.54735
-5.54897
-5.54864
-5.54735
-5.54605
-5.5454
-5.54443
-5.54346
-5.54346
-5.54475
-5.54507
-5.54507
-5.54637
-5.54572
-5.54605
-5.54637
-5.54734
-5.54767
-5.54831
-5.5467
-5.54799
-5.54864
-5.5467
-5.54605
-5.54702
-5.54669
-5.54863
-5.54766
-5.54475
-5.54475
-5.5441
-5.54475
-5.5454
-5.54702
-5.54734
-5.54863
-5.54572
-5.54637
-5.54604
-5.54604
-5.54636
-5.54539
-5.5454
-5.54637
-5.54669
-5.54637
-5.5454
-5.54799
-5.54896
-5.54928
-5.54928
-5.54604
-5.54766
-5.54766
-5.54701
-5.54734
-5.54637
-5.5454
-5.54604
-5.54636
-5.54474
-5.54442
-5.54345
-5.54378
-5.54248
-5.54248
-5.54313
-5.54346
-5.54184
-5.54119
-5.54151
-5.54313
-5.54087
-5.54378
-5.54411
-5.54216
-5.54346
-5.54313
-5.54183
-5.54151
-5.54118
-5.5428
-5.54281
-5.54443
-5.54378
-5.54281
-5.54249
-5.54378
-5.54443
-5.54475
-5.5454
-5.54378
-5.54637
-5.54475
-5.5454
-5.5467
-5.54897
-5.55059
-5.55123
-5.55188
-5.54961
-5.55058
-5.55058
-5.5509
-5.55025
-5.54734
-5.54605
-5.5454
-5.5454
-5.54605
-5.54702
-5.54572
-5.54507
-5.54475
-5.54766
-5.54831
-5.55057
-5.54863
-5.54733
-5.54571
-5.54507
-5.54637
-5.5454
-5.54378
-5.54378
-5.54314
-5.54508
-5.54572
-5.54475
-5.5441
-5.54377
-5.54604
-5.54701
-5.54507
-5.54637
-5.54604
-5.54669
-5.54766
-5.54799
-5.54734
-5.54669
-5.54637
-5.54734
-5.54507
-5.5441
-5.5441
-5.54475
-5.54475
-5.54442
-5.54572
-5.54345
-5.54378
-5.54378
-5.54378
-5.54443
-5.54508
-5.54669
-5.54572
-5.54604
-5.54507
-5.54507
-5.54637
-5.54669
-5.54637
-5.54832
-5.54896
-5.54929
-5.54735
-5.54703
-5.54865
-5.54929
-5.54897
-5.54929
-5.54994
-5.55058
-5.54864
-5.54864
-5.54767
-5.54735
-5.548
-5.5467
-5.54573
-5.54573
-5.54605
-5.54378
-5.54314
-5.54443
-5.54572
-5.54799
-5.54508
-5.54637
-5.54605
-5.54637
-5.54476
-5.54443
-5.54346
-5.54281
-5.5454
-5.54508
-5.54411
-5.54346
-5.54346
-5.54086
-5.54151
-5.54378
-5.54507
-5.5467
-5.54864
-5.54734
-5.54572
-5.54637
-5.5467
-5.54637
-5.54702
-5.54734
-5.54798
-5.54798
-5.54831
-5.55025
-5.54992
-5.55251
-5.55251
-5.55057
-5.54765
-5.54668
-5.54474
-5.54603
-5.54474
-5.54571
-5.54409
-5.54474
-5.54377
-5.5441
-5.54378
-5.54216
-5.5428
-5.54345
-5.54312
-5.54571
-5.54701
-5.54636
-5.54701
-5.54603
-5.54344
-5.54474
-5.54377
-5.54539
-5.54539
-5.54507
-5.54604
-5.5441
-5.54572
-5.54442
-5.54507
-5.5441
-5.54442
-5.54378
-5.54604
-5.54507
-5.54669
-5.5483
-5.54733
-5.5483
-5.54701
-5.54604
-5.54604
-5.54571
-5.54668
-5.54863
-5.54733
-5.54766
-5.54701
-5.54442
-5.54571
-5.54345
-5.54377
-5.54506
-5.54603
-5.54441
-5.54409
-5.54215
-5.54312
-5.54604
-5.54733
-5.55025
-5.55025
-5.55187
-5.55349
-5.55414
-5.55155
-5.55284
-5.55057
-5.54895
-5.54766
-5.54733
-5.5483
-5.54636
-5.54571
-5.54506
-5.54247
-5.54571
-5.5483
-5.5483
-5.54797
-5.54636
-5.54441
-5.54441
-5.54474
-5.54571
-5.547
-5.54733
-5.54701
-5.54603
-5.54733
-5.54862
-5.54862
-5.5483
-5.55121
-5.5483
-5.54895
-5.54862
-5.54895
-5.54959
-5.55024
-5.55186
-5.54992
-5.54959
-5.54927
-5.54733
-5.54636
-5.54571
-5.5483
-5.54733
-5.54894
-5.54798
-5.54571
-5.54215
-5.5415
-5.54183
-5.5428
-5.54377
-5.54344
-5.54506
-5.54409
-5.54311
-5.54376
-5.54344
-5.54344
-5.54441
-5.54603
-5.54505
-5.54376
-5.54408
-5.547
-5.54506
-5.54538
-5.54603
-5.54765
-5.547
-5.54538
-5.54862
-5.54764
-5.54894
-5.54538
-5.54699
-5.54699
-5.54667
-5.54407
-5.54537
-5.54408
-5.5457
-5.54441
-5.54603
-5.54441
-5.54343
-5.54505
-5.54408
-5.54505
-5.54408
-5.54376
-5.54376
-5.5444
-5.54537
-5.54537
-5.5444
-5.54602
-5.54764
-5.54635
-5.5457
-5.5444
-5.54472
-5.54343
-5.54181
-5.54278
-5.54279
-5.54408
-5.54635
-5.5457
-5.54311
-5.54408
-5.54764
-5.54894
-5.54732
-5.54733
-5.54895
-5.54862
-5.5483
-5.547
-5.54505
-5.54408
-5.54408
-5.54441
-5.54409
-5.54473
-5.54603
-5.54636
-5.547
-5.54668
-5.54603
-5.54441
-5.54765
-5.54733
-5.54765
-5.54603
-5.54571
-5.54539
-5.54442
-5.54377
-5.54151
-5.5428
-5.54248
-5.54345
-5.54313
-5.5441
-5.54377
-5.54636
-5.54636
-5.54571
-5.54345
-5.54507
-5.54507
-5.5441
-5.54442
-5.54539
-5.5441
-5.54539
-5.54669
-5.54733
-5.54701
-5.54637
-5.54475
-5.54443
-5.54702
-5.5454
-5.54572
-5.5454
-5.54605
-5.54637
-5.54604
-5.54701
-5.54669
-5.54507
-5.54539
-5.54701
-5.54604
-5.54637
-5.54702
-5.54864
-5.54767
-5.54831
-5.55026
-5.5522
-5.55155
-5.55026
-5.55026
-5.54864
-5.54831
-5.54734
-5.54799
-5.54507
-5.54572
-5.54507
-5.54345
-5.54183
-5.54313
-5.54378
-5.54378
-5.54507
-5.5441
-5.54281
-5.54314
-5.54476
-5.54249
-5.54411
-5.54476
-5.54638
-5.54864
-5.54767
-5.54864
-5.54929
-5.54799
-5.54831
-5.54896
-5.54799
-5.5467
-5.54767
-5.54703
-5.54735
-5.54736
-5.5493
-5.54865
-5.54477
-5.54282
-5.54314
-5.54249
-5.54184
-5.54249
-5.54249
-5.54184
-5.54152
-5.54411
-5.54217
-5.54281
-5.54346
-5.54605
-5.54702
-5.54573
-5.54703
-5.54735
-5.54767
-5.54476
-5.54379
-5.54411
-5.54444
-5.54347
-5.54346
-5.54184
-5.54152
-5.54346
-5.54346
-5.54346
-5.54216
-5.54216
-5.54346
-5.54605
-5.54573
-5.54573
-5.5467
-5.54606
-5.54541
-5.54541
-5.54605
-5.54411
-5.54411
-5.54637
-5.54573
-5.54443
-5.54346
-5.54378
-5.54346
-5.54508
-5.54572
-5.5467
-5.54799
-5.54799
-5.54734
-5.54637
-5.54573
-5.54411
-5.5454
-5.54475
-5.54248
-5.54313
-5.54216
-5.54183
-5.54248
-5.54183
-5.54345
-5.54216
-5.54151
-5.54086
-5.54054
-5.54119
-5.54151
-5.54248
-5.54475
-5.5454
-5.54572
-5.54604
-5.54863
-5.54669
-5.54734
-5.54766
-5.54702
-5.54702
-5.54669
-5.54702
-5.54734
-5.54702
-5.54669
-5.54701
-5.54895
-5.54831
-5.54831
-5.54766
-5.54831
-5.54864
-5.54734
-5.54605
-5.5441
-5.54345
-5.54216
-5.54248
-5.54507
-5.54474
-5.54571
-5.54733
-5.54604
-5.54572
-5.54443
-5.54313
-5.54313
-5.5428
-5.54345
-5.54442
-5.5428
-5.54377
-5.54312
-5.54312
-5.54539
-5.54669
-5.5441
-5.54378
-5.54507
-5.54604
-5.54604
-5.54993
-5.54636
-5.54733
-5.54895
-5.54992
-5.54862
-5.54927
-5.54927
-5.55024
-5.54894
-5.5483
-5.54732
-5.54603
-5.54571
-5.54603
-5.54636
-5.54701
-5.54668
-5.54798
-5.54765
-5.54797
-5.54636
-5.54959
-5.54895
-5.54895
-5.547
-5.54668
-5.54603
-5.54668
-5.54765
-5.54538
-5.54538
-5.54441
-5.5457
-5.5457
-5.54571
-5.54506
-5.54409
-5.54441
-5.54441
-5.54539
-5.54539
-5.54603
-5.54603
-5.54862
-5.54733
-5.54571
-5.54571
-5.54571
-5.54344
-5.5415
-5.54215
-5.54377
-5.54538
-5.54603
-5.54441
-5.54376
-5.54474
-5.54571
-5.54635
-5.54635
-5.54571
-5.54571
-5.54539
-5.54539
-5.54377
-5.54409
-5.54571
-5.54539
-5.54506
-5.54506
-5.54506
-5.54636
-5.54539
-5.54636
-5.54603
-5.54701
-5.54636
-5.54539
-5.54669
-5.5496
-5.5496
-5.55057
-5.55187
-5.55122
-5.55219
-5.55154
-5.55025
-5.54928
-5.54831
-5.55057
-5.55219
-5.55219
-5.55154
-5.55187
-5.5496
-5.55025
-5.54928
-5.54928
-5.54798
-5.54636
-5.54506
-5.54603
-5.54733
-5.54539
-5.54733
-5.54539
-5.54409
-5.54442
-5.54409
-5.54442
-5.54571
-5.5428
-5.54442
-5.54345
-5.54344
-5.54344
-5.54344
-5.54279
-5.54344
-5.54441
-5.5428
-5.54312
-5.54377
-5.5428
-5.54377
-5.5441
-5.54312
-5.54474
-5.54247
-5.54215
-5.54215
-5.54312
-5.54247
-5.5428
-5.54474
-5.54604
-5.54248
-5.54151
-5.54377
-5.54539
-5.54378
-5.54345
-5.54669
-5.54701
-5.54734
-5.54734
-5.54831
-5.54701
-5.54733
-5.54701
-5.54604
-5.54442
-5.54474
-5.5441
-5.54442
-5.54345
-5.54281
-5.54572
-5.54442
-5.54313
-5.54377
-5.54442
-5.54507
-5.54701
-5.54637
-5.54701
-5.54734
-5.54734
-5.54864
-5.54863
-5.54637
-5.54475
-5.54507
-5.54345
-5.54248
-5.5428
-5.54378
-5.54378
-5.54443
-5.54572
-5.54378
-5.54475
-5.54507
-5.5454
-5.54507
-5.54572
-5.54572
-5.5454
-5.54604
-5.54572
-5.54507
-5.54475
-5.54766
-5.54701
-5.54604
-5.54442
-5.54474
-5.54539
-5.54539
-5.54507
-5.54281
-5.54346
-5.54411
-5.5454
-5.54605
-5.54702
-5.5467
-5.54734
-5.54637
-5.5454
-5.54475
-5.54734
-5.54701
-5.54702
-5.54669
-5.54767
-5.5467
-5.54573
-5.54767
-5.54734
-5.54475
-5.54475
-5.54702
-5.54604
-5.54896
-5.55058
-5.54993
-5.55058
-5.55123
-5.54961
-5.55058
-5.54831
-5.54605
-5.54475
-5.54507
-5.54474
-5.5441
-5.5428
-5.5415
-5.54312
-5.54442
-5.54377
-5.54571
-5.54571
-5.54571
-5.54507
-5.54733
-5.5496
-5.54928
-5.54798
-5.54895
-5.54669
-5.54474
-5.54506
-5.54377
-5.54474
-5.54344
-5.54377
-5.54409
-5.54538
-5.54441
-5.54441
-5.54539
-5.54733
-5.54636
-5.54733
-5.54701
-5.54863
-5.5496
-5.5496
-5.54733
-5.54959
-5.54765
-5.54797
-5.54927
-5.54862
-5.54927
-5.54862
-5.54603
-5.54539
-5.54636
-5.54668
-5.54895
-5.547
-5.54506
-5.54571
-5.54312
-5.54474
-5.54473
-5.54668
-5.54668
-5.54506
-5.54312
-5.54636
-5.54668
-5.54668
-5.54538
-5.54538
-5.54505
-5.54311
-5.54538
-5.54473
-5.54441
-5.54377
-5.54571
-5.54668
-5.54571
-5.54507
-5.54863
-5.5496
-5.54668
-5.54733
-5.54604
-5.54506
-5.54603
-5.54538
-5.54571
-5.54441
-5.54603
-5.54733
-5.54604
-5.54539
-5.54442
-5.54345
-5.54506
-5.54377
-5.5428
-5.54312
-5.54118
-5.54183
-5.5428
-5.53956
-5.53988
-5.54085
-5.5415
-5.54118
-5.54182
-5.54182
-5.54215
-5.54474
-5.54377
-5.54345
-5.54312
-5.5415
-5.54183
-5.5415
-5.54215
-5.54377
-5.54507
-5.54636
-5.54377
-5.54312
-5.5428
-5.54442
-5.54636
-5.54604
-5.54798
-5.5496
-5.54895
-5.54733
-5.54409
-5.54345
-5.5441
-5.54248
-5.5428
-5.54118
-5.53956
-5.53988
-5.54118
-5.5428
-5.54216
-5.5428
-5.54248
-5.54313
-5.54248
-5.54474
-5.54668
-5.54571
-5.54377
-5.54377
-5.54279
-5.54247
-5.54312
-5.54409
-5.54636
-5.54636
-5.54636
-5.54798
-5.54798
-5.54798
-5.5483
-5.55025
-5.55057
-5.55057
-5.54862
-5.54765
-5.54862
-5.5483
-5.54765
-5.54927
-5.55056
-5.54765
-5.54733
-5.54863
-5.54927
-5.54863
-5.5496
-5.54798
-5.54344
-5.5428
-5.54344
-5.5415
-5.53956
-5.54053
-5.54053
-5.5402
-5.54085
-5.54312
-5.54215
-5.54215
-5.54409
-5.5441
-5.5441
-5.54636
-5.54765
-5.54701
-5.54798
-5.54895
-5.5496
-5.55089
-5.5496
-5.54863
-5.54798
-5.54734
-5.54831
-5.54669
-5.54636
-5.54636
-5.54636
-5.54636
-5.54571
-5.54474
-5.54377
-5.54507
-5.54474
-5.54539
-5.54507
-5.54474
-5.54345
-5.54409
-5.54442
-5.54507
-5.54571
-5.54669
-5.54766
-5.54734
-5.54766
-5.54669
-5.54604
-5.54345
-5.54377
-5.54507
-5.54539
-5.54539
-5.54571
-5.54506
-5.54507
-5.54409
-5.54474
-5.54474
-5.5441
-5.54378
-5.54346
-5.5454
-5.54507
-5.54669
-5.54734
-5.54733
-5.54636
-5.54636
-5.54733
-5.54862
-5.54895
-5.5496
-5.5496
-5.5509
-5.55058
-5.5496
-5.54798
-5.5496
-5.5496
-5.54701
-5.54636
-5.54442
-5.54604
-5.54799
-5.54831
-5.54766
-5.54702
-5.54507
-5.54636
-5.54539
-5.54507
-5.54604
-5.54701
-5.54637
-5.54669
-5.54766
-5.54799
-5.54799
-5.54702
-5.54702
-5.5467
-5.54605
-5.54637
-5.54605
-5.54508
-5.54411
-5.54572
-5.54767
-5.54896
-5.54864
-5.54605
-5.54669
-5.54507
-5.54605
-5.54346
-5.54216
-5.54346
-5.54249
-5.54217
-5.54346
-5.54314
-5.54378
-5.54378
-5.54443
-5.54605
-5.54637
-5.54767
-5.54702
-5.54605
-5.54896
-5.54799
-5.54767
-5.54541
-5.5467
-5.54606
-5.54411
-5.54411
-5.54444
-5.54444
-5.54379
-5.54508
-5.54444
-5.54606
-5.54573
-5.54476
-5.54508
-5.5467
-5.54638
-5.54638
-5.5467
-5.5467
-5.54832
-5.548
-5.54897
-5.54929
-5.55026
-5.54994
-5.55027
-5.54962
-5.54832
-5.548
-5.54573
-5.54573
-5.54411
-5.54282
-5.54249
-5.54282
-5.54249
-5.54346
-5.54346
-5.54444
-5.54606
-5.54606
-5.54509
-5.54574
-5.54444
-5.54444
-5.54509
-5.54347
-5.54379
-5.54412
-5.54444
-5.54542
-5.5438
-5.54542
-5.54607
-5.54866
-5.55027
-5.55189
-5.54962
-5.55027
-5.54897
-5.54638
-5.54574
-5.54347
-5.54509
-5.54444
-5.54282
-5.54476
-5.54508
-5.54411
-5.54411
-5.54282
-5.54347
-5.54412
-5.54574
-5.54573
-5.54703
-5.54637
-5.54605
-5.54638
-5.54411
-5.54249
-5.54476
-5.54476
-5.54411
-5.54313
-5.53892
-5.53925
-5.54087
-5.54119
-5.54313
-5.54281
-5.54507
-5.54604
-5.54766
-5.54734
-5.54929
-5.54897
-5.54703
-5.54476
-5.54638
-5.54767
-5.54637
-5.54831
-5.54669
-5.54669
-5.54474
-5.54442
-5.54118
-5.54119
-5.54086
-5.54151
-5.54411
-5.54346
-5.54378
-5.54378
-5.54475
-5.54475
-5.54184
-5.54087
-5.54054
-5.54119
-5.54442
-5.5428
-5.54248
-5.54345
-5.54345
-5.5428
-5.54151
-5.54215
-5.5428
-5.5415
-5.54182
-5.54215
-5.54506
-5.54474
-5.54636
-5.54668
-5.54604
-5.54604
-5.54507
-5.54572
-5.54604
-5.54734
-5.54572
-5.54507
-5.54604
-5.54669
-5.54733
-5.54765
-5.54636
-5.54571
-5.54603
-5.54571
-5.54539
-5.54701
-5.54798
-5.54734
-5.54798
-5.54475
-5.54734
-5.54572
-5.54701
-5.54636
-5.54636
-5.54572
-5.54604
-5.54442
-5.54344
-5.5428
-5.5415
-5.5415
-5.54215
-5.54215
-5.54215
-5.54409
-5.54539
-5.54636
-5.54733
-5.54604
-5.54766
-5.54765
-5.54895
-5.54635
-5.54538
-5.54473
-5.54571
-5.54733
-5.54733
-5.54571
-5.54701
-5.54927
-5.54992
-5.54863
-5.55122
-5.55057
-5.54928
-5.54927
-5.54992
-5.5483
-5.54669
-5.54701
-5.54572
-5.54475
-5.5441
-5.54572
-5.54442
-5.54604
-5.54636
-5.54474
-5.54474
-5.54441
-5.54441
-5.54279
-5.54247
-5.54182
-5.54247
-5.5428
-5.54247
-5.54377
-5.54571
-5.54701
-5.54668
-5.54604
-5.54701
-5.54798
-5.54701
-5.5483
-5.54733
-5.54959
-5.55024
-5.54959
-5.54894
-5.54829
-5.54634
-5.54732
-5.54764
-5.54764
-5.54538
-5.54279
-5.54247
-5.54344
-5.54279
-5.54149
-5.54278
-5.5444
-5.5444
-5.54472
-5.54537
-5.5444
-5.54569
-5.54537
-5.54569
-5.54602
-5.54505
-5.54473
-5.5457
-5.54861
-5.54829
-5.54731
-5.54828
-5.54698
-5.54795
-5.54763
-5.54342
-5.54018
-5.54083
-5.54213
-5.54116
-5.54051
-5.53986
-5.54051
-5.54148
-5.54245
-5.54375
-5.54375
-5.54342
-5.54472
-5.54536
-5.54633
-5.54536
-5.54633
-5.54471
-5.54504
-5.54536
-5.54536
-5.54633
-5.54536
-5.54568
-5.54892
-5.54731
-5.54763
-5.54828
-5.54795
-5.5473
-5.54763
-5.5499
-5.54795
-5.54763
-5.54633
-5.54568
-5.54504
-5.54504
-5.54828
-5.54828
-5.54796
-5.54828
-5.54828
-5.5499
-5.54892
-5.5486
-5.54795
-5.54633
-5.54536
-5.54569
-5.54763
-5.54796
-5.54699
-5.54699
-5.54732
-5.54602
-5.54504
-5.54569
-5.54763
-5.54601
-5.54698
-5.54828
-5.54828
-5.54861
-5.54699
-5.54504
-5.54537
-5.54569
-5.54666
-5.54731
-5.54699
-5.54666
-5.54569
-5.54666
-5.54698
-5.54601
-5.54536
-5.54698
-5.54925
-5.5473
-5.54666
-5.54439
-5.54504
-5.54471
-5.54439
-5.54342
-5.54342
-5.54278
-5.54019
-5.54051
-5.54148
-5.54277
-5.54374
-5.54341
-5.54341
-5.54374
-5.54406
-5.54439
-5.54601
-5.54568
-5.54633
-5.54666
-5.54795
-5.54763
-5.54698
-5.54407
-5.54536
-5.54439
-5.54471
-5.54309
-5.54179
-5.54244
-5.54373
-5.54309
-5.54276
-5.54406
-5.54504
-5.54342
-5.54342
-5.54407
-5.54439
-5.54342
-5.54342
-5.54212
-5.54277
-5.54277
-5.54212
-5.54212
-5.54374
-5.54471
-5.54569
-5.54763
-5.54828
-5.54796
-5.54763
-5.54763
-5.54763
-5.54957
-5.54633
-5.54601
-5.54666
-5.54763
-5.54958
-5.54666
-5.54601
-5.54569
-5.54698
-5.54763
-5.54698
-5.54698
-5.54795
-5.5486
-5.54731
-5.54763
-5.54569
-5.54342
-5.54407
-5.5431
-5.54213
-5.54116
-5.54051
-5.54115
-5.54115
-5.5405
-5.53986
-5.54019
-5.54278
-5.54408
-5.54505
-5.54408
-5.54505
-5.54796
-5.54829
-5.54505
-5.54473
-5.5444
-5.54537
-5.54472
-5.54667
-5.54829
-5.54958
-5.54958
-5.54991
-5.54732
-5.5457
-5.54635
-5.54538
-5.54246
-5.54116
-5.54084
-5.54181
-5.54084
-5.54278
-5.54602
-5.54537
-5.5457
-5.54376
-5.54376
-5.54311
-5.54408
-5.54343
-5.54376
-5.54538
-5.54668
-5.54603
-5.54732
-5.54538
-5.54506
-5.54409
-5.54247
-5.54117
-5.54085
-5.54085
-5.54117
-5.53923
-5.53955
-5.54052
-5.54052
-5.54052
-5.54182
-5.54182
-5.54279
-5.54149
-5.54182
-5.54409
-5.54376
-5.54441
-5.54312
-5.54506
-5.54442
-5.54539
-5.54441
-5.54344
-5.54441
-5.54408
-5.54473
-5.54506
-5.54506
-5.54474
-5.54182
-5.54441
-5.54505
-5.54667
-5.54893
-5.54732
-5.54796
-5.54699
-5.54732
-5.547
-5.54635
-5.54797
-5.54797
-5.54668
-5.54571
-5.54441
-5.54344
-5.54311
-5.54376
-5.54311
-5.54117
-5.54085
-5.54376
-5.54603
-5.54732
-5.54861
-5.54959
-5.54894
-5.54473
-5.5457
-5.54829
-5.54635
-5.54635
-5.54603
-5.54506
-5.54701
-5.54571
-5.54538
-5.54667
-5.547
-5.54797
-5.54764
-5.54829
-5.54927
-5.55153
-5.55283
-5.55348
-5.55122
-5.55057
-5.54863
-5.54765
-5.54603
-5.54571
-5.54538
-5.54505
-5.54408
-5.54182
-5.54117
-5.54279
-5.54408
-5.54344
-5.54473
-5.54506
-5.54604
-5.54669
-5.54928
-5.54799
-5.54766
-5.54539
-5.54442
-5.5441
-5.54506
-5.54959
-5.54926
-5.55088
-5.54829
-5.5457
-5.54505
-5.54441
-5.54441
-5.54409
-5.54442
-5.54571
-5.54539
-5.54151
-5.53957
-5.53989
-5.54086
-5.54377
-5.54474
-5.54507
-5.5441
-5.54474
-5.54377
-5.54377
-5.54474
-5.54507
-5.54507
-5.54605
-5.54766
-5.54734
-5.54507
-5.54604
-5.54669
-5.54799
-5.54767
-5.5467
-5.5454
-5.54378
-5.54508
-5.54573
-5.54637
-5.54637
-5.54572
-5.54378
-5.54377
-5.54248
-5.54345
-5.54442
-5.54345
-5.5428
-5.54345
-5.54183
-5.54216
-5.54086
-5.54054
-5.54184
-5.54248
-5.54119
-5.54021
-5.54118
-5.53989
-5.54248
-5.5428
-5.54637
-5.54605
-5.5454
-5.54573
-5.54637
-5.54799
-5.54734
-5.54734
-5.54734
-5.54507
-5.54539
-5.54507
-5.5467
-5.54605
-5.54767
-5.54735
-5.54832
-5.54799
-5.5454
-5.54637
-5.54636
-5.54701
-5.54636
-5.54604
-5.54637
-5.54669
-5.54766
-5.54637
-5.54572
-5.54572
-5.54669
-5.54636
-5.54636
-5.54636
-5.54507
-5.5441
-5.54475
-5.54475
-5.54475
-5.5441
-5.54377
-5.54636
-5.54377
-5.5441
-5.54345
-5.5441
-5.54248
-5.5428
-5.54053
-5.54021
-5.54151
-5.54086
-5.54118
-5.54345
-5.54539
-5.54507
-5.54571
-5.54409
-5.54377
-5.54409
-5.54409
-5.54571
-5.54894
-5.54862
-5.54797
-5.54992
-5.55024
-5.55024
-5.54959
-5.54992
-5.54733
-5.547
-5.54668
-5.54635
-5.54668
-5.547
-5.54603
-5.54408
-5.54505
-5.54602
-5.54667
-5.54797
-5.54797
-5.54699
-5.54959
-5.55121
-5.55056
-5.54829
-5.54926
-5.547
-5.54538
-5.54408
-5.5457
-5.54667
-5.54473
-5.54505
-5.54603
-5.54603
-5.54894
-5.54894
-5.54797
-5.54635
-5.54506
-5.54408
-5.54538
-5.54667
-5.54667
-5.54602
-5.54505
-5.54344
-5.54149
-5.54084
-5.54181
-5.54213
-5.54278
-5.54213
-5.54019
-5.54019
-5.54117
-5.54376
-5.54376
-5.54279
-5.54377
-5.54377
-5.54571
-5.54279
-5.54117
-5.54149
-5.54116
-5.54019
-5.54149
-5.54117
-5.54149
-5.54052
-5.53987
-5.5402
-5.54052
-5.54117
-5.54311
-5.54441
-5.54571
-5.54603
-5.54701
-5.54927
-5.5496
-5.54927
-5.54636
-5.54765
-5.54959
-5.55089
-5.55218
-5.55283
-5.55218
-5.55283
-5.55186
-5.55251
-5.54927
-5.54765
-5.54571
-5.54669
-5.54571
-5.54636
-5.5441
-5.54345
-5.54377
-5.54312
-5.54441
-5.54538
-5.54668
-5.54862
-5.54895
-5.5483
-5.54636
-5.54766
-5.54604
-5.54636
-5.54668
-5.54603
-5.54539
-5.54538
-5.54797
-5.5483
-5.54797
-5.54636
-5.54797
-5.54765
-5.54571
-5.54701
-5.54895
-5.55024
-5.5496
-5.54862
-5.54668
-5.54506
-5.54571
-5.54733
-5.54474
-5.54344
-5.54247
-5.54182
-5.54183
-5.54215
-5.5428
-5.54474
-5.54474
-5.54507
-5.54539
-5.54539
-5.54409
-5.54053
-5.5402
-5.54441
-5.54311
-5.54571
-5.54506
-5.54636
-5.54474
-5.54442
-5.54474
-5.54571
-5.54345
-5.54183
-5.54442
-5.5428
-5.54345
-5.54054
-5.54086
-5.54215
-5.54377
-5.54409
-5.54603
-5.54603
-5.54668
-5.54539
-5.54668
-5.54733
-5.54636
-5.54539
-5.54378
-5.5441
-5.5428
-5.54118
-5.5415
-5.54182
-5.54182
-5.54377
-5.5428
-5.54313
-5.54345
-5.54474
-5.54636
-5.54863
-5.5509
-5.5522
-5.55058
-5.55155
-5.55123
-5.55252
-5.55252
-5.5522
-5.55187
-5.54831
-5.54636
-5.54669
-5.54409
-5.54247
-5.54474
-5.54215
-5.54312
-5.54215
-5.54151
-5.53957
-5.54021
-5.53989
-5.53924
-5.53892
-5.54216
-5.54345
-5.54377
-5.54442
-5.54474
-5.54571
-5.54798
-5.54701
-5.54734
-5.54766
-5.54864
-5.54605
-5.54572
-5.54442
-5.54507
-5.54539
-5.54636
-5.54442
-5.54636
-5.54247
-5.5428
-5.54215
-5.54183
-5.53989
-5.54345
-5.54474
-5.54474
-5.54668
-5.54733
-5.54862
-5.54992
-5.54927
-5.54732
-5.54765
-5.5483
-5.54765
-5.54798
-5.54571
-5.54474
-5.54604
-5.54831
-5.54993
-5.55058
-5.54863
-5.54701
-5.54863
-5.54992
-5.54798
-5.54571
-5.54797
-5.54603
-5.54636
-5.54701
-5.54798
-5.54571
-5.54571
-5.54539
-5.54507
-5.54669
-5.54604
-5.5441
-5.5428
-5.54215
-5.54248
-5.5428
-5.54604
-5.54539
-5.54701
-5.54766
-5.54702
-5.54669
-5.54378
-5.54572
-5.54766
-5.54702
-5.54604
-5.54572
-5.54507
-5.54539
-5.54637
-5.54701
-5.54669
-5.54442
-5.5441
-5.5441
-5.54411
-5.54411
-5.54411
-5.54314
-5.54346
-5.54443
-5.54476
-5.54799
-5.54767
-5.54896
-5.54896
-5.54766
-5.54507
-5.54507
-5.54636
-5.54637
-5.54572
-5.54637
-5.54669
-5.54734
-5.54669
-5.54605
-5.54443
-5.54508
-5.54734
-5.54572
-5.54507
-5.5454
-5.54572
-5.54831
-5.5509
-5.55025
-5.55219
-5.54927
-5.5496
-5.54831
-5.54993
-5.54863
-5.54734
-5.54896
-5.54831
-5.54572
-5.54734
-5.54961
-5.54929
-5.54864
-5.54767
-5.54928
-5.55155
-5.55025
-5.54798
-5.54539
-5.54637
-5.54637
-5.54799
-5.54734
-5.54734
-5.54896
-5.54961
-5.54799
-5.54702
-5.54637
-5.54605
-5.54475
-5.54831
-5.54766
-5.54734
-5.54928
-5.54831
-5.54799
-5.54605
-5.54573
-5.54476
-5.54379
-5.54152
-5.54347
-5.54379
-5.54411
-5.54476
-5.54476
-5.54476
-5.54411
-5.54605
-5.54735
-5.54702
-5.54702
-5.54767
-5.54897
-5.548
-5.54671
-5.54736
-5.54671
-5.54671
-5.54704
-5.54542
-5.54509
-5.54509
-5.54768
-5.548
-5.54865
-5.54865
-5.54897
-5.54865
-5.54768
-5.54704
-5.54866
-5.54898
-5.54769
-5.54769
-5.55027
-5.54865
-5.54833
-5.54638
-5.5467
-5.548
-5.54735
-5.54702
-5.54735
-5.54638
-5.54411
-5.54703
-5.54736
-5.54834
-5.54931
-5.54866
-5.54963
-5.55092
-5.548
-5.54897
-5.548
-5.54897
-5.5493
-5.54801
-5.54833
-5.54898
-5.54639
-5.54897
-5.54897
-5.55026
-5.54994
-5.54962
-5.54897
-5.548
-5.54768
-5.54703
-5.54929
-5.54865
-5.5467
-5.54509
-5.54541
-5.54508
-5.54411
-5.54476
-5.54637
-5.54572
-5.54637
-5.54702
-5.54573
-5.54444
-5.54379
-5.54477
-5.54477
-5.54444
-5.54444
-5.54509
-5.54606
-5.54411
-5.54411
-5.54282
-5.54315
-5.5425
-5.54283
-5.54444
-5.54444
-5.54379
-5.54541
-5.54573
-5.54638
-5.548
-5.54897
-5.54703
-5.548
-5.54671
-5.54477
-5.54606
-5.54736
-5.548
-5.548
-5.54897
-5.54767
-5.54703
-5.54541
-5.54412
-5.54185
-5.53958
-5.54088
-5.54088
-5.54153
-5.5425
-5.54444
-5.54282
-5.54282
-5.54477
-5.54542
-5.54509
-5.54444
-5.54477
-5.54509
-5.54703
-5.54768
-5.54767
-5.54897
-5.54994
-5.54897
-5.5493
-5.54703
-5.54703
-5.54541
-5.54541
-5.5467
-5.54379
-5.54346
-5.54476
-5.5454
-5.54541
-5.5467
-5.54476
-5.5467
-5.5467
-5.548
-5.54767
-5.5467
-5.54735
-5.5467
-5.54702
-5.54573
-5.54735
-5.54573
-5.54379
-5.54152
-5.5412
-5.54152
-5.54055
-5.54346
-5.5412
-5.5412
-5.5412
-5.54282
-5.54541
-5.54282
-5.54476
-5.54573
-5.5454
-5.54735
-5.548
-5.54735
-5.54735
-5.54541
-5.54249
-5.54249
-5.54508
-5.54702
-5.54605
-5.5467
-5.54897
-5.54735
-5.54605
-5.54443
-5.54314
-5.54346
-5.54313
-5.54184
-5.54216
-5.54087
-5.53892
-5.54054
-5.54152
-5.5412
-5.5412
-5.54412
-5.54379
-5.54379
-5.54314
-5.5454
-5.5454
-5.54379
-5.54411
-5.54379
-5.54476
-5.54476
-5.54249
-5.54119
-5.54184
-5.54022
-5.54152
-5.54281
-5.54508
-5.54573
-5.54476
-5.5467
-5.54767
-5.54669
-5.54573
-5.5467
-5.54475
-5.54638
-5.5467
-5.54508
-5.54475
-5.5454
-5.54605
-5.54702
-5.54929
-5.54799
-5.54735
-5.54573
-5.54703
-5.54703
-5.54509
-5.54703
-5.54606
-5.54573
-5.54702
-5.54734
-5.54864
-5.54896
-5.54735
-5.54929
-5.54994
-5.55026
-5.54865
-5.54768
-5.54638
-5.54703
-5.548
-5.54832
-5.54702
-5.5467
-5.54638
-5.54735
-5.54929
-5.5467
-5.5467
-5.54638
-5.54735
-5.54768
-5.54832
-5.54638
-5.54541
-5.54411
-5.54281
-5.54216
-5.54346
-5.54184
-5.54217
-5.54088
-5.53958
-5.54055
-5.53991
-5.5425
-5.54379
-5.54508
-5.54735
-5.54735
-5.54799
-5.54573
-5.54573
-5.54476
-5.54444
-5.54541
-5.54541
-5.54509
-5.54509
-5.54606
-5.54768
-5.54606
-5.54542
-5.54574
-5.54477
-5.54412
-5.54379
-5.54347
-5.54638
-5.54476
-5.54314
-5.54411
-5.54379
-5.54217
-5.54314
-5.54443
-5.54508
-5.54476
-5.54605
-5.54638
-5.54865
-5.548
-5.54833
-5.54736
-5.54962
-5.54865
-5.5493
-5.54832
-5.54929
-5.54832
-5.54864
-5.5454
-5.54735
-5.54767
-5.54767
-5.54605
-5.54606
-5.54379
-5.54379
-5.54315
-5.54282
-5.54347
-5.54735
-5.54606
-5.54541
-5.54703
-5.54832
-5.54865
-5.54832
-5.54606
-5.54703
-5.54606
-5.54832
-5.54735
-5.54508
-5.54541
-5.54346
-5.54411
-5.54411
-5.54508
-5.54443
-5.5467
-5.54703
-5.54703
-5.54897
-5.54962
-5.54994
-5.55221
-5.55059
-5.55124
-5.55221
-5.54962
-5.5493
-5.54638
-5.54638
-5.54509
-5.54347
-5.54185
-5.54218
-5.5412
-5.54379
-5.54282
-5.54444
-5.54444
-5.54379
-5.54282
-5.54315
-5.54282
-5.54541
-5.54736
-5.54703
-5.54833
-5.54638
-5.54412
-5.54412
-5.5438
-5.54315
-5.5451
-5.54315
-5.54283
-5.54347
-5.5425
-5.5412
-5.53926
-5.54153
-5.5412
-5.54023
-5.54055
-5.54282
-5.54346
-5.5412
-5.5399
-5.54087
-5.54184
-5.54541
-5.54411
-5.54217
-5.54282
-5.54379
-5.54606
-5.54541
-5.54638
-5.54606
-5.54638
-5.54832
-5.54703
-5.54832
-5.55059
-5.55156
-5.55253
-5.55059
-5.54832
-5.54832
-5.54735
-5.54605
-5.54541
-5.54605
-5.54508
-5.54541
-5.54508
-5.54541
-5.54605
-5.54605
-5.54767
-5.54735
-5.5467
-5.5467
-5.54669
-5.54799
-5.54734
-5.54735
-5.54832
-5.54929
-5.54897
-5.5493
-5.54897
-5.54995
-5.55124
-5.55221
-5.55318
-5.55221
-5.54961
-5.54993
-5.54799
-5.54896
-5.5467
-5.54864
-5.54768
-5.54768
-5.54898
-5.54898
-5.54834
-5.54898
-5.54736
-5.54639
-5.54509
-5.54315
-5.54444
-5.54574
-5.54509
-5.54541
-5.54509
-5.54477
-5.54315
-5.5438
-5.54671
-5.54671
-5.54607
-5.54639
-5.54768
-5.54639
-5.54703
-5.54638
-5.54541
-5.54573
-5.54476
-5.54541
-5.54412
-5.54574
-5.54671
-5.54833
-5.54801
-5.54703
-5.54736
-5.54606
-5.54542
-5.54509
-5.54574
-5.54477
-5.54347
-5.54347
-5.54444
-5.54347
-5.54476
-5.54346
-5.54313
-5.54249
-5.54605
-5.54508
-5.54606
-5.54671
-5.54671
-5.54671
-5.54509
-5.54476
-5.54379
-5.54671
-5.54833
-5.5493
-5.5493
-5.54865
-5.54962
-5.54833
-5.54962
-5.5493
-5.54671
-5.54574
-5.54476
-5.54379
-5.54379
-5.54282
-5.54379
-5.54347
-5.54315
-5.54444
-5.54865
-5.54833
-5.54671
-5.54736
-5.54639
-5.54607
-5.54542
-5.54671
-5.54671
-5.548
-5.5493
-5.54606
-5.54606
-5.54379
-5.5412
-5.53861
-5.53926
-5.54282
-5.54282
-5.54217
-5.54314
-5.54314
-5.54249
-5.54314
-5.54444
-5.54509
-5.54638
-5.54736
-5.54768
-5.5493
-5.54832
-5.54897
-5.54702
-5.54541
-5.54573
-5.54735
-5.54638
-5.54768
-5.54735
-5.54573
-5.54703
-5.54508
-5.54444
-5.54573
-5.54606
-5.54703
-5.548
-5.54768
-5.54735
-5.54606
-5.54702
-5.5467
-5.54476
-5.54444
-5.54638
-5.54671
-5.54865
-5.54962
-5.54995
-5.55059
-5.54703
-5.54735
-5.54638
-5.54703
-5.54832
-5.54606
-5.54476
-5.54606
-5.54509
-5.54282
-5.54185
-5.5425
-5.54185
-5.54152
-5.5425
-5.54282
-5.5425
-5.54347
-5.54217
-5.54217
-5.54314
-5.54314
-5.54249
-5.54185
-5.54088
-5.54152
-5.54087
-5.5412
-5.54152
-5.54184
-5.54184
-5.54411
-5.54573
-5.54767
-5.54476
-5.54508
-5.54638
-5.54606
-5.54638
-5.54606
-5.54703
-5.54735
-5.54767
-5.54703
-5.54897
-5.54735
-5.54735
-5.54735
-5.5467
-5.5467
-5.54768
-5.54606
-5.54541
-5.54541
-5.54573
-5.5454
-5.54767
-5.54993
-5.55058
-5.55058
-5.54864
-5.548
-5.54735
-5.54638
-5.54638
-5.54735
-5.548
-5.54541
-5.54541
-5.5467
-5.54735
-5.54443
-5.54378
-5.54637
-5.5454
-5.5467
-5.54346
-5.54411
-5.54443
-5.54378
-5.5441
-5.54346
-5.54378
-5.54281
-5.5454
-5.54508
-5.54443
-5.54443
-5.54572
-5.54345
-5.54215
-5.5441
-5.54248
-5.54215
-5.54086
-5.54216
-5.5428
-5.54475
-5.54442
-5.54895
-5.54928
-5.54863
-5.5496
-5.54863
-5.54765
-5.54701
-5.54798
-5.547
-5.547
-5.547
-5.54668
-5.54474
-5.54312
-5.54182
-5.54247
-5.5415
-5.5415
-5.53956
-5.53891
-5.54053
-5.54214
-5.54215
-5.54344
-5.54409
-5.54474
-5.54377
-5.54442
-5.54604
-5.54571
-5.54506
-5.54701
-5.54636
-5.54571
-5.54668
-5.54927
-5.54992
-5.55024
-5.55154
-5.54959
-5.54895
-5.55025
-5.55284
-5.55122
-5.54992
-5.5483
-5.5483
-5.5496
-5.54733
-5.54636
-5.54636
-5.547
-5.5483
-5.54732
-5.54668
-5.54603
-5.55024
-5.55024
-5.54733
-5.547
-5.54603
-5.54635
-5.54506
-5.54603
-5.54344
-5.54247
-5.5415
-5.54214
-5.54376
-5.54473
-5.54473
-5.54635
-5.54506
-5.54376
-5.54311
-5.54311
-5.54053
-5.54312
-5.54311
-5.54376
-5.54441
-5.54603
-5.54668
-5.547
-5.54538
-5.54668
-5.54506
-5.54473
-5.54732
-5.54635
-5.547
-5.54797
-5.54668
-5.54376
-5.54344
-5.5415
-5.54377
-5.54312
-5.54247
-5.53956
-5.53793
-5.53858
-5.54085
-5.54247
-5.54279
-5.54181
-5.54116
-5.54311
-5.54149
-5.54116
-5.54311
-5.54408
-5.54344
-5.54604
-5.5483
-5.54798
-5.54992
-5.54927
-5.5483
-5.54668
-5.547
-5.54376
-5.54344
-5.54311
-5.53987
-5.54019
-5.53857
-5.53825
-5.54052
-5.54084
-5.54214
-5.54279
-5.54214
-5.54182
-5.54182
-5.54085
-5.54183
-5.54085
-5.54053
-5.53923
-5.53988
-5.53988
-5.5389
-5.54085
-5.54312
-5.54473
-5.54279
-5.54247
-5.54409
-5.54409
-5.54376
-5.54376
-5.54118
-5.54247
-5.54247
-5.54538
-5.54473
-5.54376
-5.54376
-5.54409
-5.54376
-5.54409
-5.54441
-5.54506
-5.54506
-5.54409
-5.54539
-5.54603
-5.54409
-5.54441
-5.54376
-5.54441
-5.54635
-5.54506
-5.54377
-5.5428
-5.54247
-5.54345
-5.54247
-5.54215
-5.54247
-5.54247
-5.54409
-5.54344
-5.54376
-5.54377
-5.54215
-5.54474
-5.54473
-5.54344
-5.5415
-5.54344
-5.54344
-5.54215
-5.54215
-5.54215
-5.54085
-5.54085
-5.53826
-5.53794
-5.54053
-5.54053
-5.53956
-5.53988
-5.5415
-5.54247
-5.54215
-5.54344
-5.54603
-5.54668
-5.547
-5.54797
-5.54765
-5.54862
-5.54765
-5.54992
-5.5496
-5.54895
-5.55024
-5.55024
-5.54765
-5.54927
-5.54603
-5.54603
-5.54636
-5.54571
-5.54571
-5.54668
-5.54409
-5.54376
-5.54344
-5.54376
-5.54538
-5.54668
-5.54797
-5.547
-5.54635
-5.54409
-5.54506
-5.54603
-5.54538
-5.54409
-5.54376
-5.54538
-5.5444
-5.5444
-5.5444
-5.54505
-5.54602
-5.54505
-5.54473
-5.54473
-5.5457
-5.54473
-5.54506
-5.54538
-5.54538
-5.54408
-5.54667
-5.54861
-5.55023
-5.55121
-5.55056
-5.55153
-5.55153
-5.54894
-5.54764
-5.54667
-5.54537
-5.54602
-5.54472
-5.54472
-5.5444
-5.5444
-5.5444
-5.54504
-5.54666
-5.54796
-5.54796
-5.54634
-5.54796
-5.54861
-5.5499
-5.54699
-5.54893
-5.54634
-5.54505
-5.54407
-5.5431
-5.54311
-5.54311
-5.54537
-5.54667
-5.54829
-5.54764
-5.54796
-5.54958
-5.55055
-5.5499
-5.55023
-5.55055
-5.55152
-5.54828
-5.54666
-5.54634
-5.54795
-5.54536
-5.54569
-5.54472
-5.54504
-5.54601
-5.54698
-5.54795
-5.54731
-5.5473
-5.54698
-5.54504
-5.54568
-5.54439
-5.54569
-5.54569
-5.54439
-5.54666
-5.54925
-5.54957
-5.54957
-5.54731
-5.54763
-5.54828
-5.54796
-5.54796
-5.54407
-5.54505
-5.5444
-5.54505
-5.54602
-5.54407
-5.54504
-5.5473
-5.54536
-5.54471
-5.54569
-5.54537
-5.54472
-5.54343
-5.5444
-5.54505
-5.54634
-5.54893
-5.54925
-5.5512
-5.55217
-5.55023
-5.54861
-5.54537
-5.54602
-5.54569
-5.54537
-5.54536
-5.54569
-5.54666
-5.54633
-5.54536
-5.54536
-5.54439
-5.54277
-5.54245
-5.54504
-5.54375
-5.5431
-5.54342
-5.54472
-5.54407
-5.54633
-5.5473
-5.54666
-5.5499
-5.55119
-5.54925
-5.5486
-5.54893
-5.54861
-5.54958
-5.54893
-5.54699
-5.54796
-5.55022
-5.55022
-5.55152
-5.54925
-5.54601
-5.54569
-5.54537
-5.54342
-5.54439
-5.54601
-5.54699
-5.54828
-5.54667
-5.54764
-5.54894
-5.54732
-5.54538
-5.5457
-5.54764
-5.54764
-5.54408
-5.54504
-5.54342
-5.54504
-5.54439
-5.54471
-5.54472
-5.54504
-5.54537
-5.54537
-5.54667
-5.54667
-5.54667
-5.54537
-5.54764
-5.54731
-5.54861
-5.54699
-5.54763
-5.54666
-5.54634
-5.54666
-5.54763
-5.54731
-5.54634
-5.54796
-5.54731
-5.54699
-5.54407
-5.5431
-5.54407
-5.54375
-5.54699
-5.54731
-5.54958
-5.54926
-5.54959
-5.547
-5.54603
-5.54538
-5.54635
-5.547
-5.54829
-5.54602
-5.54537
-5.54536
-5.54472
-5.54569
-5.54407
-5.5444
-5.54181
-5.54149
-5.54246
-5.54441
-5.54408
-5.54311
-5.54214
-5.54214
-5.54181
-5.54408
-5.54569
-5.54472
-5.54375
-5.54342
-5.54472
-5.54602
-5.54635
-5.5457
-5.5444
-5.54408
-5.54634
-5.54537
-5.54569
-5.54666
-5.5457
-5.54634
-5.54537
-5.54505
-5.54505
-5.5457
-5.54634
-5.54602
-5.54472
-5.54472
-5.54537
-5.54537
-5.54569
-5.54472
-5.5444
-5.54375
-5.54245
-5.5431
-5.54472
-5.54634
-5.54666
-5.54666
-5.54569
-5.54569
-5.54343
-5.54472
-5.54472
-5.54407
-5.54537
-5.54472
-5.54342
-5.5431
-5.54342
-5.54343
-5.54278
-5.54278
-5.54634
-5.54407
-5.5444
-5.5444
-5.54375
-5.5444
-5.54278
-5.54278
-5.54472
-5.54504
-5.54504
-5.54569
-5.54408
-5.54472
-5.54602
-5.54602
-5.54731
-5.54764
-5.54569
-5.54505
-5.54667
-5.54667
-5.54634
-5.54666
-5.54666
-5.54634
-5.54828
-5.54763
-5.54763
-5.54601
-5.54569
-5.54407
-5.5431
-5.54278
-5.5431
-5.54213
-5.54116
-5.54311
-5.54181
-5.54051
-5.54116
-5.54018
-5.54115
-5.54148
-5.53889
-5.53954
-5.54181
-5.54084
-5.54149
-5.54213
-5.54375
-5.54407
-5.5444
-5.54504
-5.54634
-5.54504
-5.54504
-5.54504
-5.54472
-5.54407
-5.54569
-5.54472
-5.54116
-5.54213
-5.54343
-5.54505
-5.54505
-5.54634
-5.54828
-5.54796
-5.54763
-5.54601
-5.54666
-5.54666
-5.54796
-5.54796
-5.54763
-5.54731
-5.54407
-5.5431
-5.54245
-5.54278
-5.54245
-5.54245
-5.54342
-5.54212
-5.54083
-5.53985
-5.54083
-5.53921
-5.54148
-5.54375
-5.54375
-5.5444
-5.54505
-5.54504
-5.5431
-5.54536
-5.54245
-5.54342
-5.54309
-5.54342
-5.54536
-5.54568
-5.54472
-5.54634
-5.54634
-5.54731
-5.54666
-5.54763
-5.54601
-5.54698
-5.54666
-5.54892
-5.54698
-5.54536
-5.54666
-5.54309
-5.54342
-5.5418
-5.54115
-5.54277
-5.54342
-5.54115
-5.54115
-5.54083
-5.54018
-5.54083
-5.54115
-5.54083
-5.54018
-5.5405
-5.54277
-5.54406
-5.54212
-5.54277
-5.54147
-5.5418
-5.54213
-5.54342
-5.54375
-5.54504
-5.54342
-5.54439
-5.54245
-5.54309
-5.54147
-5.54179
-5.54115
-5.54277
-5.5431
-5.54472
-5.54828
-5.55023
-5.54925
-5.54828
-5.54796
-5.54763
-5.5486
-5.54892
-5.5473
-5.54568
-5.54665
-5.54439
-5.54342
-5.54342
-5.54212
-5.54536
-5.54439
-5.5431
-5.54472
-5.54407
-5.5431
-5.54439
-5.54342
-5.54277
-5.54051
-5.54213
-5.54309
-5.54212
-5.54374
-5.54148
-5.54374
-5.54569
-5.54666
-5.54601
-5.54439
-5.54407
-5.54277
-5.54277
-5.5418
-5.54018
-5.54115
-5.54147
-5.54244
-5.54374
-5.54504
-5.54277
-5.54342
-5.54537
-5.54796
-5.54861
-5.54731
-5.54569
-5.54504
-5.54796
-5.54634
-5.54634
-5.54601
-5.54472
-5.54439
-5.54374
-5.54471
-5.54569
-5.54634
-5.54634
-5.54699
-5.54763
-5.54763
-5.54828
-5.54861
-5.54731
-5.5486
-5.54601
-5.54536
-5.54569
-5.54763
-5.54472
-5.54602
-5.5457
-5.54829
-5.54732
-5.54538
-5.54441
-5.54603
-5.547
-5.54829
-5.54667
-5.5457
-5.54537
-5.54505
-5.54505
-5.54343
-5.54375
-5.54505
-5.54408
-5.54084
-5.54213
-5.54213
-5.54148
-5.53987
-5.53954
-5.54214
-5.54343
-5.54279
-5.54537
-5.5444
-5.54408
-5.54343
-5.54505
-5.5457
-5.5457
-5.54667
-5.5457
-5.54635
-5.54538
-5.54764
-5.54667
-5.54667
-5.54764
-5.547
-5.54926
-5.54861
-5.54602
-5.54634
-5.54537
-5.54537
-5.54472
-5.54602
-5.54537
-5.54537
-5.54408
-5.54602
-5.54311
-5.54408
-5.54408
-5.54214
-5.54181
-5.54213
-5.54343
-5.54083
-5.54148
-5.53986
-5.53791
-5.53888
-5.53921
-5.5405
-5.53986
-5.53986
-5.54083
-5.54245
-5.54472
-5.54245
-5.54472
-5.54569
-5.54504
-5.54699
-5.54569
-5.54731
-5.54731
-5.54601
-5.54375
-5.54375
-5.54537
-5.54472
-5.54472
-5.54537
-5.54408
-5.54505
-5.54472
-5.54699
-5.54731
-5.54828
-5.54829
-5.54764
-5.54667
-5.54829
-5.54667
-5.54829
-5.54602
-5.5444
-5.54343
-5.5431
-5.54245
-5.54342
-5.54375
-5.54569
-5.54666
-5.54342
-5.54245
-5.54213
-5.54148
-5.54084
-5.54052
-5.54376
-5.54538
-5.54505
-5.54537
-5.54375
-5.54408
-5.54666
-5.54796
-5.54731
-5.54796
-5.54893
-5.55055
-5.55055
-5.54893
-5.54829
-5.54764
-5.54699
-5.54699
-5.54602
-5.54828
-5.54796
-5.54698
-5.54634
-5.54504
-5.54504
-5.54472
-5.54375
-5.54634
-5.54796
-5.54796
-5.54926
-5.54796
-5.54828
-5.54537
-5.54505
-5.54634
-5.54634
-5.54537
-5.54408
-5.54569
-5.54375
-5.54472
-5.54634
-5.54537
-5.54569
-5.54439
-5.5418
-5.54277
-5.54439
-5.54569
-5.54569
-5.54536
-5.54472
-5.54375
-5.54277
-5.54342
-5.54342
-5.54278
-5.54246
-5.54148
-5.5431
-5.54245
-5.54278
-5.54213
-5.54213
-5.54181
-5.54148
-5.5431
-5.54278
-5.54245
-5.54374
-5.54148
-5.54342
-5.54536
-5.54568
-5.54666
-5.54504
-5.5431
-5.5431
-5.54246
-5.54148
-5.54278
-5.5444
-5.5431
-5.54407
-5.54504
-5.54601
-5.54406
-5.54536
-5.54472
-5.54537
-5.54732
-5.54732
-5.547
-5.54635
-5.54699
-5.54699
-5.54634
-5.54633
-5.54504
-5.54666
-5.5473
-5.54892
-5.54666
-5.54569
-5.54407
-5.54472
-5.54569
-5.54213
-5.5431
-5.54439
-5.54439
-5.54569
-5.54795
-5.54763
-5.54666
-5.54471
-5.54633
-5.54601
-5.54633
-5.54795
-5.54665
-5.54568
-5.5473
-5.54568
-5.54763
-5.54698
-5.54666
-5.5473
-5.54601
-5.54438
-5.54374
-5.54309
-5.54082
-5.54244
-5.54309
-5.54504
-5.54536
-5.54439
-5.54341
-5.54438
-5.546
-5.54633
-5.546
-5.54536
-5.54503
-5.54568
-5.54244
-5.54406
-5.54471
-5.54568
-5.54666
-5.54665
-5.546
-5.54341
-5.54309
-5.54179
-5.54114
-5.54276
-5.5447
-5.54276
-5.54244
-5.54373
-5.54438
-5.54406
-5.54373
-5.54341
-5.54405
-5.5434
-5.5447
-5.54502
-5.54761
-5.54826
-5.54858
-5.54697
-5.54503
-5.54535
-5.54471
-5.54439
-5.54406
-5.54535
-5.54535
-5.54697
-5.54535
-5.54535
-5.54405
-5.54308
-5.54276
-5.54147
-5.54147
-5.54017
-5.5405
-5.53855
-5.54114
-5.53985
-5.54082
-5.54146
-5.54114
-5.54017
-5.54308
-5.54309
-5.54309
-5.54212
-5.54212
-5.54342
-5.54439
-5.54665
-5.546
-5.54503
-5.54536
-5.54503
-5.54568
-5.54633
-5.54536
-5.54601
-5.54633
-5.54762
-5.54697
-5.54891
-5.54859
-5.54633
-5.546
-5.54568
-5.54633
-5.54827
-5.54633
-5.54762
-5.54892
-5.54892
-5.54762
-5.54729
-5.5447
-5.54373
-5.54373
-5.54438
-5.546
-5.546
-5.54535
-5.54633
-5.54568
-5.54568
-5.54697
-5.54665
-5.54503
-5.54504
-5.54374
-5.54374
-5.54374
-5.54439
-5.54504
-5.54601
-5.54666
-5.54666
-5.54698
-5.54439
-5.54407
-5.54504
-5.54666
-5.54633
-5.54698
-5.54601
-5.54796
-5.54537
-5.54537
-5.5444
-5.54342
-5.54245
-5.54213
-5.54245
-5.54472
-5.54666
-5.54537
-5.54472
-5.54666
-5.54569
-5.54342
-5.54407
-5.54439
-5.54504
-5.54471
-5.54504
-5.54406
-5.54439
-5.54407
-5.5431
-5.54407
-5.54375
-5.54408
-5.54246
-5.54375
-5.54505
-5.5444
-5.54343
-5.54115
-5.54212
-5.54244
-5.54277
-5.54407
-5.54439
-5.54505
-5.54375
-5.54537
-5.54635
-5.54602
-5.547
-5.54667
-5.54667
-5.54828
-5.54505
-5.54569
-5.54537
-5.54343
-5.54278
-5.54408
-5.5457
-5.54828
-5.54893
-5.5499
-5.54829
-5.54667
-5.54602
-5.54473
-5.54408
-5.54602
-5.54472
-5.54375
-5.54278
-5.54472
-5.54472
-5.54699
-5.54699
-5.54538
-5.54505
-5.54506
-5.54505
-5.54667
-5.54538
-5.54635
-5.54603
-5.54765
-5.547
-5.54473
-5.54506
-5.54668
-5.54635
-5.54667
-5.54667
-5.54602
-5.54635
-5.54603
-5.54344
-5.54312
-5.54215
-5.54344
-5.54344
-5.54474
-5.54247
-5.54312
-5.54474
-5.54473
-5.54473
-5.54506
-5.54668
-5.54732
-5.547
-5.54732
-5.54797
-5.54765
-5.547
-5.54668
-5.54441
-5.54247
-5.54279
-5.54474
-5.54636
-5.54765
-5.54797
-5.54668
-5.54603
-5.54571
-5.54506
-5.54571
-5.54539
-5.54927
-5.54959
-5.5483
-5.547
-5.54733
-5.54733
-5.547
-5.5496
-5.54992
-5.55057
-5.54895
-5.5496
-5.5496
-5.55089
-5.5496
-5.54798
-5.54862
-5.54733
-5.54766
-5.54766
-5.54799
-5.54799
-5.54669
-5.54669
-5.54702
-5.54507
-5.54281
-5.54248
-5.54021
-5.54151
-5.54054
-5.54021
-5.54053
-5.54118
-5.54054
-5.54313
-5.54377
-5.54475
-5.54378
-5.54345
-5.54442
-5.5441
-5.54475
-5.54572
-5.54637
-5.54573
-5.54638
-5.5454
-5.54443
-5.54508
-5.54572
-5.5454
-5.54766
-5.5496
-5.54993
-5.5509
-5.54864
-5.54864
-5.54831
-5.55058
-5.55026
-5.54831
-5.54961
-5.54701
-5.54604
-5.54637
-5.54539
-5.54378
-5.54281
-5.54702
-5.5454
-5.54475
-5.54475
-5.54605
-5.54799
-5.54896
-5.54766
-5.54702
-5.54604
-5.54766
-5.54767
-5.54702
-5.54572
-5.54734
-5.54832
-5.54735
-5.54735
-5.54637
-5.54864
-5.54767
-5.54961
-5.54896
-5.54702
-5.54669
-5.5441
-5.54346
-5.54507
-5.54475
-5.54572
-5.54476
-5.54378
-5.54476
-5.54443
-5.54378
-5.54508
-5.5454
-5.54605
-5.54443
-5.5454
-5.54734
-5.5467
-5.5454
-5.54314
-5.54282
-5.54217
-5.54153
-5.54249
-5.54314
-5.54216
-5.54345
-5.54281
-5.54346
-5.54217
-5.54379
-5.54703
-5.54735
-5.54638
-5.54735
-5.54832
-5.5467
-5.5467
-5.5467
-5.54702
-5.54443
-5.54346
-5.5467
-5.54768
-5.54703
-5.54703
-5.54704
-5.54704
-5.54671
-5.54768
-5.54639
-5.54703
-5.5467
-5.54573
-5.54606
-5.54703
-5.54541
-5.54477
-5.54703
-5.54573
-5.54444
-5.54671
-5.54282
-5.54217
-5.54379
-5.54314
-5.54314
-5.54346
-5.54314
-5.54573
-5.548
-5.54638
-5.54606
-5.54606
-5.54703
-5.5467
-5.54767
-5.5467
-5.5454
-5.54476
-5.5454
-5.54702
-5.54606
-5.54444
-5.54412
-5.54477
-5.54412
-5.54477
-5.54347
-5.54249
-5.5412
-5.54055
-5.54054
-5.53957
-5.53989
-5.54054
-5.54054
-5.54217
-5.54476
-5.54541
-5.54444
-5.54541
-5.54476
-5.54573
-5.54541
-5.54573
-5.54702
-5.54734
-5.54605
-5.54799
-5.54863
-5.54669
-5.54572
-5.54734
-5.54572
-5.54637
-5.54799
-5.54831
-5.54637
-5.54378
-5.54281
-5.54508
-5.54572
-5.54508
-5.5454
-5.54734
-5.54572
-5.54507
-5.54572
-5.54507
-5.54442
-5.5441
-5.54442
-5.54637
-5.54766
-5.54604
-5.54507
-5.54475
-5.54669
-5.54507
-5.54345
-5.54248
-5.5441
-5.54572
-5.54604
-5.54604
-5.54636
-5.54539
-5.5441
-5.5441
-5.54507
-5.54572
-5.54702
-5.54929
-5.54864
-5.54993
-5.54994
-5.54896
-5.55091
-5.55058
-5.55026
-5.54734
-5.5454
-5.54411
-5.54346
-5.54314
-5.54411
-5.54443
-5.54573
-5.54573
-5.54735
-5.54702
-5.54702
-5.5467
-5.5467
-5.54799
-5.54702
-5.5467
-5.548
-5.54735
-5.54897
-5.548
-5.54994
-5.54897
-5.548
-5.54638
-5.54735
-5.54606
-5.54768
-5.54735
-5.5467
-5.54638
-5.54541
-5.54606
-5.54703
-5.54671
-5.54412
-5.54185
-5.5412
-5.54152
-5.54055
-5.5412
-5.53991
-5.54023
-5.54153
-5.54251
-5.54056
-5.53959
-5.53862
-5.54185
-5.54444
-5.54542
-5.54639
-5.54671
-5.54445
-5.54865
-5.55027
-5.55351
-5.55222
-5.55351
-5.55092
-5.54736
-5.54703
-5.54639
-5.54639
-5.54671
-5.54542
-5.54444
-5.54445
-5.54348
-5.54283
-5.54477
-5.54541
-5.54638
-5.54865
-5.5493
-5.54865
-5.54865
-5.54995
-5.54801
-5.54736
-5.54768
-5.54833
-5.54768
-5.54801
-5.54963
-5.5506
-5.54995
-5.54962
-5.54898
-5.5493
-5.54898
-5.54541
-5.54412
-5.54314
-5.54476
-5.54606
-5.54541
-5.5493
-5.55059
-5.54995
-5.55027
-5.5493
-5.55157
-5.55189
-5.5506
-5.55092
-5.55124
-5.5493
-5.54865
-5.54768
-5.54994
-5.54962
-5.54768
-5.54897
-5.54833
-5.54574
-5.54444
-5.54315
-5.54282
-5.54055
-5.53926
-5.5399
-5.54153
-5.53958
-5.53958
-5.54023
-5.54217
-5.54282
-5.54444
-5.54347
-5.54444
-5.54509
-5.54638
-5.54638
-5.54865
-5.54735
-5.5493
-5.548
-5.54638
-5.54639
-5.54639
-5.54769
-5.54736
-5.54704
-5.54801
-5.54671
-5.54768
-5.548
-5.548
-5.54832
-5.54703
-5.54832
-5.54962
-5.54994
-5.5493
-5.54897
-5.54671
-5.54606
-5.54347
-5.54379
-5.54152
-5.54152
-5.54184
-5.54281
-5.54216
-5.54152
-5.54184
-5.54444
-5.54476
-5.54444
-5.54314
-5.54217
-5.54314
-5.54444
-5.54509
-5.54703
-5.548
-5.548
-5.54606
-5.54703
-5.54671
-5.54703
-5.54703
-5.54994
-5.54833
-5.548
-5.548
-5.54833
-5.548
-5.54638
-5.54476
-5.54509
-5.54606
-5.54573
-5.54574
-5.54541
-5.54703
-5.54444
-5.54476
-5.54703
-5.54541
-5.54541
-5.54444
-5.54444
-5.54282
-5.54217
-5.54605
-5.54605
-5.5467
-5.54703
-5.54444
-5.54606
-5.54509
-5.54444
-5.54509
-5.54509
-5.54703
-5.54703
-5.54963
-5.54866
-5.54671
-5.54703
-5.54574
-5.54735
-5.54735
-5.54735
-5.54832
-5.55059
-5.54962
-5.5506
-5.55319
-5.55286
-5.55222
-5.55254
-5.55254
-5.55416
-5.55093
-5.5506
-5.55092
-5.5493
-5.54995
-5.5493
-5.54865
-5.54865
-5.54832
-5.54735
-5.548
-5.54865
-5.54833
-5.54671
-5.54607
-5.54898
-5.54801
-5.54866
-5.54931
-5.54995
-5.54866
-5.54801
-5.54704
-5.54542
-5.54121
-5.54218
-5.54347
-5.54444
-5.54574
-5.54703
-5.54541
-5.54541
-5.54736
-5.54801
-5.5493
-5.5493
-5.54833
-5.54833
-5.54801
-5.54639
-5.54768
-5.54866
-5.5506
-5.5493
-5.54801
-5.54444
-5.54444
-5.54346
-5.54346
-5.54023
-5.53958
-5.53894
-5.53991
-5.54121
-5.54348
-5.54381
-5.54575
-5.5451
-5.54607
-5.54834
-5.5493
-5.54995
-5.5493
-5.54962
-5.54865
-5.54833
-5.54768
-5.54866
-5.54898
-5.54769
-5.54834
-5.54575
-5.54704
-5.54899
-5.54704
-5.54704
-5.54833
-5.54639
-5.54672
-5.54348
-5.54413
-5.54607
-5.54607
-5.5451
-5.54769
-5.54704
-5.54607
-5.54575
-5.54866
-5.54704
-5.54834
-5.54801
-5.54898
-5.54575
-5.54736
-5.54704
-5.54412
-5.54541
-5.54412
-5.5451
-5.5451
-5.54219
-5.54219
-5.54478
-5.54413
-5.54348
-5.54316
-5.54251
-5.54251
-5.54218
-5.54121
-5.54186
-5.54283
-5.54348
-5.54445
-5.54445
-5.54445
-5.54413
-5.54283
-5.54381
-5.54348
-5.54186
-5.54283
-5.5438
-5.54477
-5.5451
-5.54186
-5.54316
-5.54219
-5.54251
-5.54316
-5.5438
-5.54186
-5.53992
-5.54218
-5.54186
-5.54445
-5.54413
-5.54348
-5.54639
-5.54542
-5.54575
-5.54478
-5.54251
-5.54251
-5.54284
-5.54543
-5.5464
-5.54607
-5.54672
-5.54575
-5.5451
-5.54639
-5.54769
-5.54833
-5.54736
-5.54736
-5.54639
-5.54445
-5.54477
-5.54671
-5.54704
-5.54509
-5.5438
-5.54057
-5.54121
-5.53959
-5.53894
-5.53894
-5.53991
-5.53926
-5.53926
-5.53959
-5.54153
-5.54347
-5.54444
-5.54444
-5.54542
-5.54575
-5.54574
-5.54769
-5.54801
-5.54898
-5.54995
-5.54962
-5.55027
-5.55124
-5.5506
-5.54801
-5.54833
-5.548
-5.54671
-5.54736
-5.54833
-5.5493
-5.54833
-5.54736
-5.54736
-5.54639
-5.5438
-5.54445
-5.54477
-5.54413
-5.54542
-5.54574
-5.54736
-5.54703
-5.54574
-5.54509
-5.54315
-5.5438
-5.54412
-5.54315
-5.54477
-5.5425
-5.54444
-5.54541
-5.54412
-5.54412
-5.54736
-5.54671
-5.54768
-5.54671
-5.54574
-5.54541
-5.54736
-5.5493
-5.54897
-5.54833
-5.54735
-5.54638
-5.54768
-5.54639
-5.54574
-5.54412
-5.54315
-5.54347
-5.54444
-5.54315
-5.5438
-5.5425
-5.54186
-5.54056
-5.54153
-5.54153
-5.54088
-5.54088
-5.54153
-5.54218
-5.54185
-5.54185
-5.54153
-5.54023
-5.53764
-5.54088
-5.54218
-5.54379
-5.54541
-5.54476
-5.54314
-5.5425
-5.54153
-5.54088
-5.54024
-5.53797
-5.54056
-5.53991
-5.5425
-5.54282
-5.54217
-5.54347
-5.54379
-5.54509
-5.54606
-5.54638
-5.54638
-5.54476
-5.54573
-5.54573
-5.54541
-5.54573
-5.54379
-5.54249
-5.54475
-5.54249
-5.54282
-5.54411
-5.54573
-5.54573
-5.54541
-5.54605
-5.54443
-5.54508
-5.54508
-5.54314
-5.54217
-5.54087
-5.53893
-5.53926
-5.5425
-5.5425
-5.54314
-5.54314
-5.54314
-5.54282
-5.54411
-5.54475
-5.54313
-5.54508
-5.54637
-5.54443
-5.54475
-5.54378
-5.5412
-5.54022
-5.5412
-5.54087
-5.54023
-5.54249
-5.54184
-5.54346
-5.54217
-5.54185
-5.54314
-5.54411
-5.54411
-5.54605
-5.54443
-5.54541
-5.54541
-5.54605
-5.54573
-5.54541
-5.54411
-5.54378
-5.54216
-5.54054
-5.54119
-5.54152
-5.54055
-5.53829
-5.54024
-5.54121
-5.54153
-5.54347
-5.54055
-5.54444
-5.54444
-5.54282
-5.54152
-5.54055
-5.53991
-5.54056
-5.54315
-5.5425
-5.54218
-5.54315
-5.54833
-5.54704
-5.54995
-5.55221
-5.55157
-5.55221
-5.54768
-5.54768
-5.54639
-5.54444
-5.54445
-5.54542
-5.54477
-5.54606
-5.54476
-5.54638
-5.54638
-5.54508
-5.54605
-5.54443
-5.54475
-5.5467
-5.54799
-5.54961
-5.54897
-5.548
-5.54897
-5.54962
-5.54929
-5.54864
-5.54605
-5.54508
-5.54475
-5.54572
-5.54507
-5.54475
-5.54378
-5.54378
-5.54378
-5.54572
-5.54475
-5.54281
-5.54345
-5.5428
-5.5428
-5.54183
-5.54151
-5.54054
-5.53893
-5.54055
-5.54346
-5.54346
-5.54541
-5.54605
-5.54476
-5.54572
-5.54572
-5.54702
-5.54443
-5.54216
-5.54281
-5.54378
-5.54508
-5.54475
-5.54443
-5.5467
-5.54896
-5.54929
-5.54896
-5.54831
-5.54863
-5.55025
-5.54993
-5.54896
-5.54832
-5.54767
-5.54897
-5.54994
-5.54961
-5.54993
-5.55091
-5.54799
-5.54734
-5.5467
-5.54799
-5.54734
-5.54864
-5.54831
-5.55058
-5.5509
-5.54928
-5.54799
-5.54605
-5.54702
-5.54734
-5.54734
-5.54669
-5.54734
-5.54799
-5.54637
-5.54604
-5.54799
-5.55025
-5.55025
-5.55122
-5.55057
-5.55154
-5.54831
-5.54701
-5.54733
-5.5483
-5.5483
-5.54927
-5.54992
-5.55024
-5.55025
-5.55025
-5.5496
-5.54993
-5.55187
-5.5509
-5.55025
-5.5496
-5.54862
-5.54732
-5.54732
-5.54764
-5.54829
-5.54733
-5.54701
-5.54928
-5.54799
-5.54766
-5.54604
-5.54701
-5.54507
-5.54507
-5.54313
-5.5428
-5.5428
-5.54442
-5.54571
-5.54312
-5.54441
-5.54312
-5.54312
-5.54247
-5.54344
-5.54409
-5.54538
-5.54409
-5.54247
-5.54085
-5.54086
-5.54151
-5.54248
-5.5441
-5.54604
-5.54733
-5.54733
-5.54636
-5.54538
-5.54603
-5.54571
-5.547
-5.54441
-5.54247
-5.54215
-5.5428
-5.54312
-5.54247
-5.54474
-5.54635
-5.54668
-5.547
-5.54765
-5.54668
-5.54506
-5.54603
-5.54409
-5.54344
-5.54571
-5.54603
-5.54473
-5.54506
-5.54538
-5.54473
-5.54279
-5.54182
-5.54441
-5.54376
-5.54279
-5.54409
-5.54441
-5.54376
-5.54441
-5.54603
-5.54733
-5.54798
-5.54571
-5.54701
-5.54668
-5.54927
-5.5496
-5.54895
-5.54895
-5.54895
-5.54895
-5.54765
-5.54862
-5.54894
-5.54733
-5.54668
-5.54636
-5.54636
-5.54604
-5.54345
-5.54668
-5.54668
-5.54571
-5.54344
-5.54506
-5.54441
-5.54377
-5.54571
-5.54506
-5.54312
-5.54279
-5.54215
-5.54247
-5.54214
-5.54247
-5.53955
-5.54052
-5.54084
-5.54311
-5.54473
-5.5444
-5.54505
-5.54603
-5.54797
-5.54797
-5.54668
-5.54571
-5.547
-5.5457
-5.54602
-5.54732
-5.54732
-5.54797
-5.54894
-5.54959
-5.55088
-5.55088
-5.5512
-5.5499
-5.55023
-5.55152
-5.54893
-5.5499
-5.55055
-5.54894
-5.54894
-5.55088
-5.55153
-5.55056
-5.55121
-5.54894
-5.54926
-5.54796
-5.54699
-5.54829
-5.54667
-5.54602
-5.54505
-5.54505
-5.54473
-5.5444
-5.54473
-5.54343
-5.54344
-5.54408
-5.54473
-5.54602
-5.54829
-5.54862
-5.54797
-5.54732
-5.54538
-5.547
-5.547
-5.54537
-5.54764
-5.54537
-5.54246
-5.54311
-5.54506
-5.54312
-5.54344
-5.54409
-5.54797
-5.54765
-5.547
-5.54765
-5.54926
-5.54473
-5.54441
-5.54473
-5.54603
-5.54732
-5.54441
-5.54214
-5.54085
-5.54149
-5.54149
-5.54505
-5.54538
-5.54408
-5.54279
-5.53988
-5.54085
-5.54182
-5.54182
-5.5402
-5.5389
-5.5389
-5.5389
-5.53663
-5.53598
-5.53696
-5.53761
-5.54052
-5.5402
-5.53923
-5.53858
-5.53858
-5.53891
-5.53988
-5.54085
-5.54343
-5.54408
-5.5444
-5.54473
-5.54376
-5.54215
-5.54377
-5.54441
-5.54506
-5.547
-5.54895
-5.54862
-5.54991
-5.54959
-5.54829
-5.54796
-5.54473
-5.5444
-5.54343
-5.54376
-5.54376
-5.54311
-5.54278
-5.54246
-5.54246
-5.54182
-5.54085
-5.54085
-5.5415
-5.54247
-5.54214
-5.54182
-5.54085
-5.54117
-5.54247
-5.54344
-5.54441
-5.54376
-5.54408
-5.54538
-5.54312
-5.54376
-5.54603
-5.54668
-5.54701
-5.54863
-5.5496
-5.55219
-5.55154
-5.55057
-5.54927
-5.54895
-5.54798
-5.54765
-5.547
-5.54539
-5.54538
-5.54571
-5.54603
-5.54571
-5.54344
-5.54409
-5.54474
-5.54474
-5.54442
-5.54409
-5.54474
-5.54668
-5.54765
-5.54635
-5.54473
-5.54441
-5.54247
-5.54183
-5.54183
-5.54215
-5.54345
-5.5428
-5.54312
-5.54215
-5.54052
-5.54117
-5.54214
-5.54311
-5.54506
-5.54668
-5.54538
-5.54636
-5.54539
-5.54604
-5.54442
-5.5428
-5.54409
-5.54538
-5.54409
-5.54441
-5.54668
-5.5483
-5.54894
-5.54862
-5.54798
-5.54603
-5.54733
-5.54668
-5.547
-5.54571
-5.54668
-5.547
-5.547
-5.54668
-5.54603
-5.54603
-5.54377
-5.54312
-5.54506
-5.54571
-5.54377
-5.54312
-5.54312
-5.54538
-5.54732
-5.547
-5.54699
-5.54699
-5.54796
-5.54634
-5.54505
-5.54473
-5.54602
-5.5457
-5.54538
-5.54538
-5.54506
-5.54538
-5.54311
-5.54311
-5.5457
-5.54667
-5.54699
-5.54699
-5.54829
-5.54764
-5.54829
-5.54667
-5.547
-5.54603
-5.54603
-5.54571
-5.54636
-5.54506
-5.54376
-5.54279
-5.54473
-5.54441
-5.54344
-5.54279
-5.54311
-5.54343
-5.54117
-5.54084
-5.5402
-5.54279
-5.54214
-5.54311
-5.54376
-5.54538
-5.54635
-5.54603
-5.54668
-5.54603
-5.54538
-5.54473
-5.54538
-5.54473
-5.54473
-5.54505
-5.54473
-5.54474
-5.54506
-5.54474
-5.54701
-5.54701
-5.54668
-5.54733
-5.54992
-5.54862
-5.54797
-5.54862
-5.55056
-5.55056
-5.54926
-5.54894
-5.54635
-5.54571
-5.54506
-5.54539
-5.54409
-5.54603
-5.54441
-5.54441
-5.54214
-5.54183
-5.54248
-5.54507
-5.54474
-5.54441
-5.54344
-5.54376
-5.54311
-5.54408
-5.54472
-5.54537
-5.54537
-5.54602
-5.54505
-5.54603
-5.54473
-5.5402
-5.5389
-5.53858
-5.53955
-5.53858
-5.5402
-5.54052
-5.54084
-5.5389
-5.54149
-5.54246
-5.54278
-5.54505
-5.54408
-5.54635
-5.54667
-5.54765
-5.54862
-5.54991
-5.54926
-5.54861
-5.54667
-5.54602
-5.54537
-5.54376
-5.54408
-5.54473
-5.54408
-5.54376
-5.54538
-5.54343
-5.54149
-5.54181
-5.54148
-5.54148
-5.54472
-5.54311
-5.54116
-5.54181
-5.54246
-5.54279
-5.54441
-5.54506
-5.54668
-5.54571
-5.54539
-5.54668
-5.54701
-5.54798
-5.54862
-5.5483
-5.54926
-5.54764
-5.5457
-5.54505
-5.54602
-5.54635
-5.54635
-5.54602
-5.54441
-5.54408
-5.54441
-5.54214
-5.54247
-5.54376
-5.54376
-5.54408
-5.54505
-5.54505
-5.54344
-5.54473
-5.54505
-5.54441
-5.5457
-5.54538
-5.54635
-5.54764
-5.54732
-5.54538
-5.54505
-5.54408
-5.54279
-5.54667
-5.54505
-5.54602
-5.54538
-5.54602
-5.54732
-5.54861
-5.54797
-5.54635
-5.54797
-5.54732
-5.54732
-5.54473
-5.54473
-5.5457
-5.54602
-5.54731
-5.54796
-5.54699
-5.54602
-5.54602
-5.54408
-5.54376
-5.54343
-5.54343
-5.54376
-5.54246
-5.54408
-5.54343
-5.5431
-5.54278
-5.53986
-5.54148
-5.54019
-5.54084
-5.54149
-5.54181
-5.54149
-5.54375
-5.5444
-5.54375
-5.54473
-5.54472
-5.5431
-5.54375
-5.54375
-5.5431
-5.54472
-5.54537
-5.54634
-5.54602
-5.54732
-5.5457
-5.54699
-5.54667
-5.547
-5.54635
-5.54667
-5.54311
-5.54052
-5.54182
-5.53987
-5.5389
-5.5376
-5.5376
-5.53631
-5.53663
-5.53825
-5.53825
-5.54019
-5.5402
-5.54214
-5.54181
-5.54052
-5.53728
-5.53663
-5.53922
-5.54084
-5.54311
-5.54246
-5.54214
-5.54408
-5.54311
-5.54117
-5.54084
-5.54019
-5.54181
-5.54278
-5.54245
-5.5431
-5.54407
-5.5431
-5.54375
-5.54408
-5.5444
-5.54635
-5.54699
-5.54602
-5.54764
-5.54634
-5.54407
-5.54083
-5.5418
-5.54181
-5.54246
-5.54343
-5.54473
-5.54408
-5.54441
-5.54506
-5.54505
-5.54505
-5.54505
-5.54699
-5.54699
-5.54569
-5.54537
-5.54472
-5.54537
-5.54537
-5.54408
-5.54343
-5.54278
-5.54407
-5.5431
-5.54375
-5.54213
-5.54408
-5.54473
-5.54473
-5.547
-5.54732
-5.54765
-5.54603
-5.547
-5.5457
-5.54537
-5.54311
-5.54246
-5.54084
-5.54084
-5.54278
-5.54472
-5.54375
-5.5431
-5.54311
-5.54051
-5.54343
-5.54181
-5.54148
-5.54213
-5.54213
-5.54278
-5.54343
-5.54537
-5.54375
-5.54375
-5.54472
-5.54278
-5.54116
-5.54083
-5.54213
-5.54213
-5.5418
-5.53954
-5.54116
-5.5431
-5.54277
-5.5431
-5.54115
-5.54148
-5.5431
-5.54277
-5.54407
-5.54633
-5.54795
-5.54698
-5.5473
-5.54828
-5.54828
-5.54796
-5.54828
-5.54795
-5.54762
-5.546
-5.54633
-5.54633
-5.54374
-5.54472
-5.54569
-5.54634
-5.54732
-5.54699
-5.54764
-5.54764
-5.54634
-5.54505
-5.54472
-5.54504
-5.5444
-5.54278
-5.54343
-5.54472
-5.54375
-5.54407
-5.54602
-5.54569
-5.54634
-5.54764
-5.54958
-5.54861
-5.54667
-5.54472
-5.54569
-5.54537
-5.54408
-5.54408
-5.54505
-5.54472
-5.54408
-5.54602
-5.54504
-5.54569
-5.54472
-5.54536
-5.54407
-5.54504
-5.5444
-5.54666
-5.54504
-5.54375
-5.54569
-5.54342
-5.54213
-5.54374
-5.54407
-5.54666
-5.54406
-5.54245
-5.54212
-5.54504
-5.5431
-5.5431
-5.54245
-5.54278
-5.54439
-5.54569
-5.54731
-5.54795
-5.54892
-5.54892
-5.54925
-5.54796
-5.54569
-5.54602
-5.54569
-5.54472
-5.54504
-5.54472
-5.54148
-5.54083
-5.54179
-5.54179
-5.54082
-5.54245
-5.54245
-5.54018
-5.54407
-5.54407
-5.54245
-5.54343
-5.54246
-5.54472
-5.54472
-5.54342
-5.54342
-5.54374
-5.54406
-5.54374
-5.54601
-5.54634
-5.54439
-5.54601
-5.54569
-5.54731
-5.55022
-5.54795
-5.5473
-5.54666
-5.54536
-5.54504
-5.54666
-5.54731
-5.54828
-5.5486
-5.54795
-5.54924
-5.54924
-5.54795
-5.54601
-5.54666
-5.54665
-5.5473
-5.546
-5.54665
-5.54697
-5.54632
-5.54503
-5.5447
-5.54405
-5.54438
-5.54632
-5.54503
-5.54503
-5.54535
-5.54568
-5.54697
-5.54697
-5.54632
-5.54762
-5.54826
-5.54794
-5.54696
-5.5447
-5.546
-5.54632
-5.54535
-5.54697
-5.54503
-5.54471
-5.54341
-5.54373
-5.54503
-5.54665
-5.54762
-5.54859
-5.54956
-5.54923
-5.5515
-5.55279
-5.5515
-5.55052
-5.55214
-5.55117
-5.54955
-5.54793
-5.54761
-5.54664
-5.546
-5.54438
-5.54502
-5.54405
-5.54404
-5.54242
-5.54275
-5.54372
-5.5434
-5.5434
-5.54275
-5.54502
-5.5434
-5.54307
-5.54631
-5.54437
-5.54534
-5.54469
-5.54437
-5.54502
-5.54566
-5.54793
-5.54793
-5.5489
-5.54955
-5.54955
-5.54825
-5.55052
-5.55246
-5.55052
-5.55052
-5.55182
-5.5502
-5.5502
-5.54955
-5.54534
-5.54631
-5.54922
-5.55019
-5.54922
-5.5476
-5.54696
-5.54663
-5.54599
-5.54469
-5.54404
-5.54533
-5.54533
-5.54468
-5.54598
-5.54598
-5.54501
-5.54339
-5.54533
-5.54663
-5.54793
-5.54825
-5.54663
-5.54761
-5.54631
-5.54696
-5.54533
-5.54307
-5.54371
-5.54371
-5.54533
-5.54307
-5.54437
-5.54437
-5.54372
-5.54372
-5.54404
-5.54209
-5.54371
-5.54306
-5.54177
-5.54209
-5.54339
-5.54145
-5.54112
-5.53951
-5.5408
-5.53918
-5.53886
-5.54145
-5.54112
-5.54209
-5.54274
-5.54274
-5.54209
-5.54468
-5.54598
-5.54792
-5.54695
-5.54631
-5.54695
-5.54792
-5.54533
-5.54695
-5.54824
-5.54792
-5.5476
-5.54695
-5.54469
-5.54436
-5.54404
-5.54371
-5.54306
-5.54338
-5.54435
-5.54435
-5.54532
-5.54533
-5.54468
-5.545
-5.54436
-5.54403
-5.54306
-5.54371
-5.54403
-5.54468
-5.54436
-5.54371
-5.54338
-5.5437
-5.54435
-5.54467
-5.5424
-5.54272
-5.54273
-5.54273
-5.54338
-5.54273
-5.54403
-5.545
-5.54694
-5.54694
-5.54694
-5.54824
-5.54824
-5.54662
-5.54629
-5.54629
-5.54661
-5.54565
-5.54759
-5.54759
-5.54791
-5.54759
-5.54565
-5.54597
-5.54629
-5.54662
-5.54564
-5.54338
-5.54305
-5.54305
-5.545
-5.54241
-5.54143
-5.54241
-5.54176
-5.54241
-5.54241
-5.54144
-5.54177
-5.54112
-5.54241
-5.54306
-5.54436
-5.54403
-5.54403
-5.54338
-5.54111
-5.54435
-5.545
-5.54694
-5.54694
-5.54598
-5.54371
-5.54501
-5.54695
-5.54565
-5.54533
-5.54371
-5.54371
-5.54306
-5.54403
-5.54176
-5.54046
-5.54208
-5.54176
-5.54306
-5.54306
-5.54209
-5.54144
-5.53983
-5.54177
-5.53918
-5.5395
-5.54015
-5.54015
-5.54209
-5.54306
-5.54597
-5.5463
-5.54824
-5.54856
-5.54532
-5.54727
-5.54694
-5.54759
-5.54662
-5.54435
-5.54532
-5.545
-5.54564
-5.54662
-5.54662
-5.54565
-5.5463
-5.54662
-5.5463
-5.54759
-5.5463
-5.5463
-5.54467
-5.54435
-5.54499
-5.54564
-5.54467
-5.54467
-5.54403
-5.54403
-5.54663
-5.54727
-5.54695
-5.54792
-5.55018
-5.55018
-5.54823
-5.54921
-5.55083
-5.54953
-5.54791
-5.54629
-5.5437
-5.54532
-5.54565
-5.54532
-5.54597
-5.54596
-5.54467
-5.54693
-5.54888
-5.54855
-5.55018
-5.54985
-5.54759
-5.54726
-5.54953
-5.54856
-5.54856
-5.54791
-5.55082
-5.55082
-5.54953
-5.54694
-5.54564
-5.54597
-5.545
-5.54208
-5.54111
-5.54079
-5.54403
-5.54467
-5.54467
-5.54499
-5.54564
-5.54597
-5.54565
-5.54403
-5.54629
-5.54532
-5.54597
-5.545
-5.54662
-5.54629
-5.54694
-5.54662
-5.545
-5.5437
-5.5437
-5.54467
-5.54499
-5.54596
-5.54629
-5.54435
-5.54694
-5.54629
-5.54468
-5.54597
-5.5463
-5.54695
-5.54565
-5.54695
-5.54824
-5.54986
-5.54889
-5.55051
-5.54986
-5.54986
-5.54921
-5.54759
-5.54467
-5.54532
-5.54531
-5.54467
-5.5437
-5.54434
-5.54435
-5.54273
-5.54338
-5.54403
-5.54532
-5.54565
-5.54564
-5.545
-5.54467
-5.5437
-5.54435
-5.54371
-5.54176
-5.54079
-5.54047
-5.54143
-5.54176
-5.54014
-5.54014
-5.54208
-5.54241
-5.54306
-5.54176
-5.54435
-5.54533
-5.54597
-5.5463
-5.54695
-5.54597
-5.545
-5.54597
-5.54759
-5.54823
-5.54856
-5.55017
-5.54888
-5.54824
-5.54889
-5.54889
-5.55051
-5.55181
-5.54954
-5.54759
-5.54791
-5.54759
-5.54597
-5.54338
-5.5437
-5.54564
-5.54532
-5.54597
-5.54694
-5.54662
-5.5463
-5.54468
-5.54403
-5.54338
-5.54338
-5.54176
-5.5437
-5.54565
-5.54533
-5.54435
-5.54467
-5.54467
-5.54694
-5.54791
-5.54661
-5.54564
-5.54629
-5.54597
-5.54564
-5.54532
-5.54629
-5.5492
-5.54953
-5.54888
-5.54694
-5.54695
-5.54468
-5.5463
-5.54598
-5.5463
-5.54597
-5.54726
-5.54597
-5.54596
-5.54531
-5.54564
-5.54661
-5.54662
-5.54435
-5.54338
-5.54371
-5.54695
-5.54533
-5.54532
-5.54824
-5.54791
-5.54726
-5.54402
-5.54532
-5.54499
-5.54531
-5.54531
-5.54758
-5.54758
-5.54661
-5.54855
-5.54726
-5.55018
-5.5505
-5.55018
-5.55051
-5.55051
-5.5505
-5.54791
-5.54758
-5.54629
-5.54629
-5.54596
-5.54661
-5.54628
-5.54628
-5.54434
-5.54531
-5.54369
-5.54596
-5.54628
-5.54564
-5.5479
-5.54726
-5.54629
-5.54823
-5.54726
-5.5479
-5.54693
-5.54661
-5.54531
-5.54628
-5.54499
-5.54531
-5.54693
-5.54531
-5.54499
-5.54337
-5.54434
-5.54531
-5.54531
-5.54725
-5.5479
-5.54952
-5.54822
-5.54919
-5.54595
-5.54595
-5.54628
-5.54693
-5.54433
-5.54563
-5.54499
-5.54596
-5.54822
-5.54823
-5.54596
-5.54499
-5.54531
-5.54434
-5.54499
-5.54369
-5.54337
-5.54369
-5.54466
-5.54498
-5.54563
-5.54563
-5.5466
-5.54628
-5.5466
-5.5479
-5.54628
-5.54498
-5.54627
-5.5453
-5.54336
-5.54563
-5.54595
-5.54498
-5.54693
-5.54628
-5.54628
-5.54563
-5.54628
-5.54757
-5.54822
-5.54757
-5.54757
-5.54627
-5.54595
-5.54562
-5.54432
-5.544
-5.54141
-5.54109
-5.53947
-5.54012
-5.53915
-5.53948
-5.53883
-5.54012
-5.54045
-5.54044
-5.53947
-5.54077
-5.54174
-5.54076
-5.54141
-5.54335
-5.54335
-5.54432
-5.54497
-5.54498
-5.54498
-5.5453
-5.54659
-5.54723
-5.54756
-5.54853
-5.54821
-5.54885
-5.54853
-5.54788
-5.54983
-5.5495
-5.54789
-5.54821
-5.54918
-5.55015
-5.54821
-5.55047
-5.55144
-5.54885
-5.54594
-5.54562
-5.54303
-5.54465
-5.54206
-5.54011
-5.53946
-5.54108
-5.54011
-5.54044
-5.53882
-5.53979
-5.53979
-5.54303
-5.544
-5.54367
-5.54238
-5.54335
-5.54594
-5.54659
-5.54788
-5.54691
-5.54723
-5.54561
-5.54561
-5.54367
-5.5427
-5.54368
-5.54303
-5.54335
-5.54335
-5.54691
-5.54594
-5.54788
-5.54821
-5.5508
-5.55144
-5.55177
-5.555
-5.55339
-5.55274
-5.55371
-5.55274
-5.55274
-5.55307
-5.55371
-5.55469
-5.55372
-5.55501
-5.55242
-5.54983
-5.5508
-5.54821
-5.54724
-5.54821
-5.54626
-5.54432
-5.5453
-5.544
-5.54206
-5.54206
-5.54206
-5.54141
-5.54238
-5.5427
-5.54497
-5.54465
-5.54562
-5.54368
-5.54271
-5.54271
-5.54368
-5.54336
-5.54401
-5.54401
-5.54433
-5.54595
-5.54692
-5.54725
-5.54725
-5.5466
-5.54789
-5.54757
-5.54692
-5.54822
-5.55016
-5.54919
-5.5479
-5.54822
-5.54854
-5.54951
-5.54757
-5.5466
-5.5453
-5.54595
-5.5453
-5.54562
-5.544
-5.54238
-5.54141
-5.54109
-5.54141
-5.54077
-5.54271
-5.54433
-5.54498
-5.5453
-5.54692
-5.54724
-5.54821
-5.54789
-5.54627
-5.54725
-5.5466
-5.54563
-5.5453
-5.54498
-5.54271
-5.54368
-5.54433
-5.54303
-5.54368
-5.54206
-5.54044
-5.54174
-5.54368
-5.54465
-5.5453
-5.54627
-5.54498
-5.544
-5.54594
-5.54465
-5.54594
-5.54594
-5.54724
-5.54756
-5.54724
-5.54724
-5.54498
-5.5453
-5.54627
-5.54692
-5.54659
-5.5466
-5.54595
-5.54562
-5.54562
-5.54336
-5.54303
-5.54432
-5.5427
-5.54173
-5.54335
-5.54497
-5.54465
-5.544
-5.54465
-5.54368
-5.5453
-5.54659
-5.54692
-5.54659
-5.54627
-5.5453
-5.5466
-5.54401
-5.54433
-5.54498
-5.54628
-5.54563
-5.54627
-5.54854
-5.54757
-5.54692
-5.54756
-5.54627
-5.54433
-5.5453
-5.54627
-5.54724
-5.54789
-5.54854
-5.54692
-5.54595
-5.54465
-5.54498
-5.54563
-5.5453
-5.5453
-5.54466
-5.54336
-5.54239
-5.54142
-5.54142
-5.544
-5.54271
-5.54367
-5.54464
-5.54335
-5.5427
-5.54206
-5.54109
-5.54303
-5.54368
-5.54368
-5.5466
-5.54724
-5.54498
-5.54659
-5.54724
-5.54691
-5.54562
-5.54594
-5.54594
-5.54821
-5.54627
-5.54238
-5.54174
-5.54465
-5.54562
-5.544
-5.544
-5.54465
-5.54303
-5.54433
-5.54497
-5.54465
-5.54498
-5.54627
-5.54822
-5.54951
-5.55081
-5.55049
-5.54854
-5.5479
-5.5453
-5.54401
-5.54433
-5.544
-5.54433
-5.54336
-5.54368
-5.54239
-5.54271
-5.544
-5.544
-5.54271
-5.54562
-5.54465
-5.54498
-5.54595
-5.54692
-5.54628
-5.54822
-5.54887
-5.55017
-5.55081
-5.54919
-5.54919
-5.55081
-5.54854
-5.54821
-5.54854
-5.54822
-5.54692
-5.54692
-5.54531
-5.54531
-5.54498
-5.5453
-5.54692
-5.54724
-5.54757
-5.54627
-5.54595
-5.54563
-5.54433
-5.54465
-5.54562
-5.54465
-5.544
-5.544
-5.54271
-5.54368
-5.5453
-5.54595
-5.54433
-5.54336
-5.544
-5.54433
-5.54433
-5.544
-5.54367
-5.54659
-5.54659
-5.54529
-5.54562
-5.54692
-5.54466
-5.54465
-5.54303
-5.54239
-5.54368
-5.5427
-5.54367
-5.54399
-5.54432
-5.54593
-5.54529
-5.54529
-5.54562
-5.544
-5.54206
-5.54368
-5.54336
-5.54433
-5.5466
-5.5453
-5.54659
-5.54659
-5.54335
-5.5427
-5.54044
-5.54109
-5.54206
-5.544
-5.54465
-5.54659
-5.54659
-5.54465
-5.54594
-5.54497
-5.54659
-5.5453
-5.54627
-5.54465
-5.54659
-5.54562
-5.54497
-5.54465
-5.54497
-5.54723
-5.54885
-5.54561
-5.54465
-5.54465
-5.54206
-5.54335
-5.54465
-5.5453
-5.5466
-5.5453
-5.54239
-5.54141
-5.54044
-5.5372
-5.53979
-5.53882
-5.53979
-5.5385
-5.53979
-5.54076
-5.5385
-5.53947
-5.54141
-5.54368
-5.54368
-5.54562
-5.54724
-5.54983
-5.54983
-5.5508
-5.55275
-5.55177
-5.55113
-5.54821
-5.54594
-5.54691
-5.54659
-5.54918
-5.5482
-5.54432
-5.54367
-5.54432
-5.54141
-5.53914
-5.53979
-5.54109
-5.54368
-5.54141
-5.54303
-5.54497
-5.54756
-5.54691
-5.54594
-5.54368
-5.54498
-5.5453
-5.54627
-5.54303
-5.54529
-5.54658
-5.54625
-5.54625
-5.54561
-5.54464
-5.54561
-5.54723
-5.54464
-5.54432
-5.54367
-5.54399
-5.54691
-5.54561
-5.54399
-5.54075
-5.54334
-5.54334
-5.54464
-5.54302
-5.54205
-5.5414
-5.54043
-5.5401
-5.54237
-5.54237
-5.54302
-5.54302
-5.54431
-5.54593
-5.54561
-5.54561
-5.54625
-5.54787
-5.5482
-5.54787
-5.54723
-5.54723
-5.54755
-5.54529
-5.54593
-5.54755
-5.54982
-5.54885
-5.54593
-5.54431
-5.54431
-5.54269
-5.54399
-5.54496
-5.54722
-5.5469
-5.54593
-5.54366
-5.54269
-5.54625
-5.54787
-5.54658
-5.5482
-5.54853
-5.54918
-5.5495
-5.55015
-5.55112
-5.54982
-5.54982
-5.54787
-5.5469
-5.54593
-5.54496
-5.54529
-5.54561
-5.54302
-5.54205
-5.5427
-5.54432
-5.54496
-5.54594
-5.54529
-5.5427
-5.54497
-5.54561
-5.54432
-5.54593
-5.54399
-5.54334
-5.54367
-5.54399
-5.54237
-5.54367
-5.54463
-5.54399
-5.54625
-5.54755
-5.54787
-5.54755
-5.5469
-5.54593
-5.54496
-5.54528
-5.54593
-5.54658
-5.54658
-5.54593
-5.54787
-5.55046
-5.55207
-5.54916
-5.54916
-5.54592
-5.54527
-5.54495
-5.5456
-5.54333
-5.54301
-5.54268
-5.54203
-5.54236
-5.54204
-5.54333
-5.54398
-5.54463
-5.54624
-5.54592
-5.54624
-5.54559
-5.54689
-5.54721
-5.54754
-5.54819
-5.54689
-5.54721
-5.54786
-5.54721
-5.54527
-5.54398
-5.54301
-5.54431
-5.5456
-5.54593
-5.54787
-5.54852
-5.54722
-5.54657
-5.54819
-5.55013
-5.55272
-5.55175
-5.55045
-5.54722
-5.54754
-5.5469
-5.54917
-5.55014
-5.54982
-5.54917
-5.5469
-5.54464
-5.54496
-5.54431
-5.54334
-5.54463
-5.54366
-5.5456
-5.54658
-5.5469
-5.54528
-5.54463
-5.54431
-5.54366
-5.54431
-5.54431
-5.54496
-5.54204
-5.54269
-5.54236
-5.54398
-5.54333
-5.54236
-5.54236
-5.54236
-5.54431
-5.54722
-5.54755
-5.54722
-5.54787
-5.54755
-5.54787
-5.54722
-5.5456
-5.54269
-5.54333
-5.54236
-5.54334
-5.54366
-5.5456
-5.5456
-5.54496
-5.54593
-5.54755
-5.54884
-5.54884
-5.54884
-5.54851
-5.54722
-5.54365
-5.54398
-5.54333
-5.54333
-5.5443
-5.54462
-5.54722
-5.54624
-5.54527
-5.54301
-5.54366
-5.54495
-5.54172
-5.54075
-5.54204
-5.54333
-5.54462
-5.54333
-5.54333
-5.54203
-5.54268
-5.543
-5.54397
-5.54365
-5.54333
-5.54527
-5.54657
-5.54689
-5.54818
-5.54721
-5.54786
-5.54947
-5.54915
-5.55012
-5.5472
-5.54688
-5.54786
-5.54786
-5.54916
-5.54786
-5.54819
-5.54592
-5.54689
-5.54818
-5.54689
-5.55012
-5.54915
-5.54915
-5.5498
-5.54948
-5.54786
-5.54624
-5.54753
-5.54883
-5.54786
-5.54559
-5.54429
-5.54268
-5.54364
-5.54138
-5.53944
-5.53976
-5.54268
-5.543
-5.5443
-5.54462
-5.54689
-5.54559
-5.54397
-5.54591
-5.54623
-5.5472
-5.54785
-5.54656
-5.54462
-5.54527
-5.54656
-5.54494
-5.54656
-5.54656
-5.54753
-5.54624
-5.54656
-5.54397
-5.54527
-5.54559
-5.54592
-5.54559
-5.54494
-5.54591
-5.54591
-5.54558
-5.54623
-5.54558
-5.54753
-5.54721
-5.54494
-5.54785
-5.55012
-5.55045
-5.55142
-5.55239
-5.55012
-5.55077
-5.55077
-5.54947
-5.5498
-5.55141
-5.54915
-5.54947
-5.5485
-5.5472
-5.5472
-5.54655
-5.54558
-5.54817
-5.54753
-5.54688
-5.54753
-5.54883
-5.55109
-5.54882
-5.54753
-5.54915
-5.5511
-5.55012
-5.54882
-5.54785
-5.54785
-5.54882
-5.54752
-5.5485
-5.54882
-5.54817
-5.5472
-5.54753
-5.54818
-5.54656
-5.54656
-5.54526
-5.54591
-5.54526
-5.54591
-5.54623
-5.54591
-5.5472
-5.54753
-5.54591
-5.54397
-5.54397
-5.543
-5.54235
-5.54364
-5.54332
-5.54364
-5.54559
-5.54526
-5.54623
-5.54591
-5.54559
-5.54721
-5.54656
-5.5485
-5.54817
-5.54752
-5.54364
-5.54234
-5.54072
-5.54105
-5.54332
-5.54267
-5.54073
-5.54137
-5.5417
-5.54299
-5.54202
-5.54234
-5.54299
-5.54428
-5.54623
-5.54429
-5.54493
-5.54493
-5.54331
-5.54493
-5.54557
-5.54395
-5.54525
-5.54655
-5.54623
-5.5472
-5.54817
-5.5485
-5.5485
-5.5498
-5.55012
-5.54591
-5.54558
-5.54493
-5.5472
-5.54493
-5.54687
-5.54623
-5.54526
-5.54656
-5.54591
-5.54364
-5.54105
-5.54203
-5.54202
-5.54137
-5.54267
-5.54235
-5.54267
-5.5417
-5.54202
-5.54591
-5.54526
-5.54623
-5.54688
-5.54753
-5.5472
-5.54817
-5.54785
-5.54817
-5.54525
-5.54558
-5.54331
-5.54526
-5.54364
-5.54364
-5.54526
-5.54753
-5.5472
-5.54687
-5.54817
-5.54817
-5.5459
-5.54557
-5.54557
-5.54622
-5.54687
-5.54655
-5.54687
-5.5459
-5.54558
-5.54493
-5.54461
-5.54331
-5.54298
-5.54493
-5.54396
-5.54396
-5.54623
-5.54558
-5.54752
-5.5472
-5.55011
-5.55043
-5.54881
-5.54752
-5.5459
-5.54558
-5.54331
-5.54331
-5.54461
-5.54266
-5.54266
-5.54493
-5.54493
-5.54428
-5.54428
-5.54331
-5.54104
-5.54169
-5.54137
-5.53975
-5.54169
-5.54363
-5.54331
-5.54395
-5.54363
-5.54493
-5.54525
-5.54428
-5.54396
-5.54461
-5.54493
-5.54526
-5.54299
-5.54494
-5.54623
-5.54688
-5.54753
-5.54914
-5.54946
-5.54752
-5.54784
-5.54719
-5.54881
-5.54849
-5.54752
-5.5472
-5.54688
-5.5472
-5.54753
-5.54786
-5.54591
-5.54721
-5.54753
-5.54656
-5.54655
-5.54947
-5.54947
-5.54914
-5.54785
-5.5472
-5.54785
-5.54752
-5.54623
-5.5472
-5.5472
-5.5472
-5.54688
-5.54915
-5.54915
-5.54785
-5.55077
-5.54915
-5.54688
-5.54688
-5.54688
-5.54688
-5.54461
-5.54494
-5.54364
-5.54429
-5.543
-5.54462
-5.543
-5.54267
-5.54299
-5.54332
-5.53976
-5.54137
-5.54526
-5.54688
-5.5472
-5.54785
-5.55012
-5.54947
-5.54947
-5.55142
-5.55206
-5.5511
-5.55077
-5.54948
-5.5498
-5.55012
-5.54688
-5.54655
-5.54752
-5.5472
-5.54526
-5.54591
-5.54656
-5.54656
-5.54689
-5.54753
-5.54785
-5.54558
-5.54364
-5.54364
-5.54332
-5.54397
-5.54462
-5.54624
-5.54624
-5.54656
-5.54624
-5.54495
-5.54462
-5.54753
-5.54721
-5.54721
-5.54689
-5.54786
-5.54656
-5.54559
-5.54559
-5.54429
-5.54559
-5.54462
-5.54429
-5.54526
-5.54721
-5.5485
-5.54721
-5.54786
-5.54656
-5.54754
-5.54721
-5.54592
-5.54398
-5.54365
-5.5443
-5.54462
-5.54365
-5.54462
-5.54494
-5.54462
-5.54462
-5.54494
-5.54656
-5.54656
-5.54721
-5.54753
-5.54591
-5.54429
-5.54365
-5.5443
-5.54365
-5.54624
-5.54398
-5.54106
-5.54204
-5.54333
-5.54463
-5.54398
-5.54462
-5.54527
-5.54462
-5.54365
-5.5443
-5.54171
-5.54268
-5.54462
-5.54657
-5.5456
-5.54463
-5.5456
-5.54398
-5.54236
-5.54074
-5.54074
-5.54301
-5.54106
-5.54138
-5.54138
-5.54397
-5.54462
-5.54267
-5.54268
-5.54009
-5.53944
-5.5388
-5.53815
-5.53685
-5.53653
-5.5362
-5.53814
-5.53911
-5.53944
-5.53976
-5.54138
-5.54235
-5.54332
-5.54333
-5.54592
-5.54689
-5.54625
-5.54754
-5.54787
-5.54851
-5.55045
-5.54851
-5.54851
-5.54981
-5.54916
-5.54657
-5.54689
-5.54495
-5.54689
-5.54495
-5.54657
-5.54657
-5.54819
-5.54883
-5.54786
-5.54948
-5.5498
-5.55045
-5.5498
-5.54818
-5.54786
-5.54786
-5.54722
-5.5456
-5.54786
-5.54657
-5.54592
-5.54527
-5.54462
-5.54624
-5.54559
-5.54527
-5.54559
-5.54494
-5.54592
-5.54786
-5.54721
-5.54689
-5.54463
-5.543
-5.543
-5.543
-5.54203
-5.54268
-5.54235
-5.54397
-5.54397
-5.54527
-5.54333
-5.54301
-5.54463
-5.54431
-5.5456
-5.54528
-5.5456
-5.54592
-5.54494
-5.54494
-5.54559
-5.54559
-5.54656
-5.54656
-5.54948
-5.54657
-5.54495
-5.54721
-5.54495
-5.54689
-5.54495
-5.54689
-5.54657
-5.54624
-5.54527
-5.54689
-5.54657
-5.54722
-5.54657
-5.54787
-5.5456
-5.54495
-5.54592
-5.54593
-5.5456
-5.5456
-5.54463
-5.54431
-5.54204
-5.54171
-5.54041
-5.54074
-5.54138
-5.54171
-5.54301
-5.54204
-5.54269
-5.53945
-5.54075
-5.54301
-5.54204
-5.54398
-5.54463
-5.54625
-5.54592
-5.54527
-5.54592
-5.54819
-5.54786
-5.54722
-5.54625
-5.54528
-5.54431
-5.54495
-5.54528
-5.5456
-5.54463
-5.54431
-5.54399
-5.54204
-5.54075
-5.54237
-5.54172
-5.54366
-5.54463
-5.54463
-5.54528
-5.5469
-5.5469
-5.5456
-5.54463
-5.54722
-5.5469
-5.5456
-5.54722
-5.54755
-5.5469
-5.54431
-5.54464
-5.54463
-5.5456
-5.54657
-5.54787
-5.54657
-5.54689
-5.54527
-5.54463
-5.54398
-5.54463
-5.54495
-5.54528
-5.54495
-5.54625
-5.54431
-5.54463
-5.54204
-5.54301
-5.54398
-5.54269
-5.54495
-5.54269
-5.54301
-5.54333
-5.54366
-5.54495
-5.5443
-5.54333
-5.54301
-5.54333
-5.54107
-5.54236
-5.54398
-5.54463
-5.54657
-5.54755
-5.54723
-5.54788
-5.54885
-5.55144
-5.55209
-5.55241
-5.5537
-5.55111
-5.55079
-5.54982
-5.5482
-5.5456
-5.5469
-5.54625
-5.54722
-5.54722
-5.5469
-5.54592
-5.54463
-5.54431
-5.54431
-5.54496
-5.54464
-5.54431
-5.54107
-5.54172
-5.54463
-5.54528
-5.54495
-5.5443
-5.54333
-5.54365
-5.54495
-5.54593
-5.54593
-5.54593
-5.54593
-5.54593
-5.54658
-5.54755
-5.5469
-5.54657
-5.54754
-5.54625
-5.54463
-5.54528
-5.5469
-5.54496
-5.54463
-5.54301
-5.54463
-5.54528
-5.54495
-5.54398
-5.54269
-5.5456
-5.54398
-5.54301
-5.54302
-5.54399
-5.54431
-5.54237
-5.54431
-5.54755
-5.54625
-5.54528
-5.54723
-5.54593
-5.54787
-5.55013
-5.55143
-5.54787
-5.54625
-5.54723
-5.54658
-5.54658
-5.54593
-5.54593
-5.54464
-5.54625
-5.54884
-5.54755
-5.54755
-5.54593
-5.5456
-5.54496
-5.54496
-5.54431
-5.54399
-5.54367
-5.54367
-5.54334
-5.54334
-5.54496
-5.54528
-5.54366
-5.54496
-5.54431
-5.54529
-5.54399
-5.5427
-5.54367
-5.54496
-5.54432
-5.54334
-5.54205
-5.5414
-5.54107
-5.54237
-5.54075
-5.54366
-5.54399
-5.54528
-5.54593
-5.5456
-5.54722
-5.54657
-5.54722
-5.54657
-5.5443
-5.54366
-5.54495
-5.54528
-5.54398
-5.54171
-5.54236
-5.54334
-5.54496
-5.54334
-5.54139
-5.54301
-5.54301
-5.54268
-5.54269
-5.54301
-5.54398
-5.54431
-5.54561
-5.54496
-5.5482
-5.54917
-5.54787
-5.54657
-5.54528
-5.54593
-5.5482
-5.5482
-5.54593
-5.54722
-5.54463
-5.54431
-5.54658
-5.54625
-5.54366
-5.54528
-5.54496
-5.5469
-5.54658
-5.54561
-5.5469
-5.54787
-5.54755
-5.54529
-5.54367
-5.54529
-5.54691
-5.54335
-5.54076
-5.5414
-5.54237
-5.54302
-5.54237
-5.54139
-5.54042
-5.54204
-5.54172
-5.54367
-5.54432
-5.54335
-5.5427
-5.54205
-5.54302
-5.54108
-5.54237
-5.54399
-5.54432
-5.54367
-5.54464
-5.54399
-5.54367
-5.54302
-5.54334
-5.54367
-5.54399
-5.54302
-5.54432
-5.54465
-5.54594
-5.54692
-5.54659
-5.54691
-5.54885
-5.54982
-5.5495
-5.54917
-5.54885
-5.55047
-5.5482
-5.54691
-5.54594
-5.54658
-5.54562
-5.54626
-5.54497
-5.54399
-5.54399
-5.54496
-5.54334
-5.54431
-5.54269
-5.54399
-5.54691
-5.54658
-5.54691
-5.54658
-5.54464
-5.54399
-5.54205
-5.54302
-5.54237
-5.54237
-5.54236
-5.54172
-5.54528
-5.54398
-5.54301
-5.54237
-5.54269
-5.54172
-5.5414
-5.54237
-5.54334
-5.54302
-5.54302
-5.54497
-5.54561
-5.54464
-5.54464
-5.54367
-5.54334
-5.54463
-5.54366
-5.54301
-5.54528
-5.5456
-5.54237
-5.54172
-5.54334
-5.54011
-5.54011
-5.54108
-5.54075
-5.53816
-5.53913
-5.54075
-5.5401
-5.54107
-5.54204
-5.54333
-5.54236
-5.54301
-5.54301
-5.54399
-5.54431
-5.54691
-5.54561
-5.54659
-5.54885
-5.54756
-5.54853
-5.54886
-5.54853
-5.54982
-5.54982
-5.55015
-5.54918
-5.54885
-5.54885
-5.5495
-5.54691
-5.54788
-5.54658
-5.54432
-5.54496
-5.54367
-5.54302
-5.54399
-5.54205
-5.54237
-5.54335
-5.54335
-5.54367
-5.54238
-5.54335
-5.54367
-5.54399
-5.54302
-5.54335
-5.54302
-5.54367
-5.54464
-5.54561
-5.54464
-5.54659
-5.54691
-5.54724
-5.5482
-5.54788
-5.54691
-5.5482
-5.54561
-5.54464
-5.54658
-5.54659
-5.54756
-5.54562
-5.5427
-5.54335
-5.54302
-5.54334
-5.54432
-5.54076
-5.54011
-5.54076
-5.54076
-5.54076
-5.54011
-5.54076
-5.54173
-5.54335
-5.54561
-5.54496
-5.54691
-5.54594
-5.54561
-5.54756
-5.54626
-5.54885
-5.54853
-5.54723
-5.54788
-5.54918
-5.54853
-5.54723
-5.54691
-5.54626
-5.54367
-5.54367
-5.54367
-5.54237
-5.5427
-5.54237
-5.54172
-5.54205
-5.54173
-5.54141
-5.53914
-5.53849
-5.53882
-5.53914
-5.5414
-5.54302
-5.54335
-5.54367
-5.54399
-5.54464
-5.54529
-5.54626
-5.54594
-5.54723
-5.54853
-5.54691
-5.54885
-5.54853
-5.54853
-5.54788
-5.54756
-5.54562
-5.544
-5.54464
-5.54594
-5.54691
-5.54562
-5.544
-5.54302
-5.54335
-5.54432
-5.5427
-5.54237
-5.54237
-5.54204
-5.54334
-5.54204
-5.54561
-5.54529
-5.54368
-5.54465
-5.54595
-5.54627
-5.54497
-5.54562
-5.54497
-5.54367
-5.54464
-5.54431
-5.54302
-5.54367
-5.54529
-5.54788
-5.54789
-5.54627
-5.5466
-5.544
-5.54497
-5.54627
-5.5453
-5.54562
-5.54562
-5.54594
-5.54691
-5.54853
-5.54949
-5.5482
-5.54755
-5.54917
-5.54885
-5.54756
-5.54853
-5.54918
-5.5495
-5.54756
-5.54723
-5.54496
-5.54399
-5.54399
-5.54496
-5.54593
-5.54626
-5.54626
-5.5453
-5.54692
-5.54562
-5.54692
-5.54756
-5.54724
-5.54691
-5.54917
-5.54917
-5.54723
-5.54723
-5.54528
-5.54496
-5.54496
-5.54464
-5.544
-5.54303
-5.54303
-5.54497
-5.54367
-5.54302
-5.54302
-5.54302
-5.54625
-5.54528
-5.54366
-5.54528
-5.54593
-5.54658
-5.5469
-5.54787
-5.54884
-5.54916
-5.54981
-5.54852
-5.54884
-5.54884
-5.54949
-5.54982
-5.54787
-5.54561
-5.54528
-5.54334
-5.54366
-5.54366
-5.54463
-5.54431
-5.54302
-5.54269
-5.54107
-5.54269
-5.54172
-5.54528
-5.54495
-5.54658
-5.54334
-5.54269
-5.54269
-5.54626
-5.54561
-5.54399
-5.54561
-5.54593
-5.54722
-5.54916
-5.54949
-5.54787
-5.54657
-5.54787
-5.54755
-5.54658
-5.54529
-5.54269
-5.54237
-5.54366
-5.54528
-5.54431
-5.54366
-5.54496
-5.54496
-5.54528
-5.54593
-5.54431
-5.54625
-5.54722
-5.54657
-5.5469
-5.54625
-5.54689
-5.54657
-5.54495
-5.54463
-5.54204
-5.54107
-5.54171
-5.54366
-5.5443
-5.54528
-5.54463
-5.54334
-5.54334
-5.54334
-5.54398
-5.54334
-5.54333
-5.54366
-5.54268
-5.54268
-5.54365
-5.54528
-5.5456
-5.5456
-5.5469
-5.54593
-5.54431
-5.54496
-5.5456
-5.5456
-5.54754
-5.54787
-5.54722
-5.54916
-5.54885
-5.54852
-5.5482
-5.54496
-5.54431
-5.54366
-5.54237
-5.54107
-5.54431
-5.54561
