1.18862
1.17678
1.16434
1.15098
1.13702
1.12341
1.11157
1.10309
1.09944
1.10137
1.10858
1.11955
1.13215
1.14421
1.15432
1.16199
1.16779
1.17308
1.17967
1.18903
1.20184
1.21731
1.23313
1.24606
1.25296
1.2521
1.24384
1.23042
1.21521
1.20177
1.19263
1.18868
1.18909
1.19185
1.19445
1.19473
1.19143
1.18415
1.1731
1.15867
1.14144
1.12258
1.10431
1.09036
1.08533
1.09326
1.11531
1.14849
1.18689
1.22443
1.25689
1.2823
1.30028
1.31109
1.31497
1.31203
1.30248
1.28695
1.26666
1.24347
1.21952
1.19688
1.17736
1.16222
1.15183
1.14551
1.14167
1.13844
1.13461
1.13022
1.12673
1.12649
1.13171
1.14363
1.16191
1.18461
1.20844
1.22946
1.24435
1.25112
1.24952
1.24062
1.22646
1.20972
1.19366
1.18158
1.17616
1.17881
1.18937
1.2061
1.2264
1.24745
1.2665
1.28116
1.28954
1.29081
1.28523
1.27407
1.25941
1.2436
1.22886
1.21637
1.20598
1.19606
1.18465
1.17057
1.15424
1.13782
1.12446
1.11718
1.11809
1.1278
1.14554
1.16938
1.19631
1.22237
1.24312
1.25471
1.25478
1.24315
1.2216
1.19329
1.16172
1.13
1.10075
1.07634
1.05934
1.05216
1.05599
1.06985
1.09091
1.11559
1.14083
1.16464
1.18597
1.2043
1.21913
1.22999
1.23656
1.2388
1.23698
1.23155
1.22309
1.21234
1.20033
1.18831
1.17747
1.16877
1.16302
1.16084
1.16244
1.16728
1.17361
1.17891
1.18061
1.1771
1.16843
1.15642
1.14422
1.13537
1.13274
1.13759
1.14922
1.1654
1.18303
1.19915
1.2115
1.21912
1.22259
1.22383
1.22496
1.22715
1.23021
1.23319
1.23513
1.23529
1.23311
1.22786
1.21879
1.20557
1.18866
1.16944
1.15006
1.13267
1.11869
1.10863
1.10219
1.09894
1.09906
1.10358
1.11378
1.12973
1.14935
1.16903
1.18548
1.19718
1.20478
1.21033
1.21619
1.22406
1.23432
1.24622
1.25802
1.26764
1.27294
1.27233
1.26505
1.25139
1.23281
1.21185
1.19212
1.17775
1.17243
1.17786
1.19247
1.21162
1.22952
1.24124
1.24395
1.2373
1.22315
1.20487
1.18639
1.17122
1.16156
1.15761
1.15799
1.16049
1.16303
1.16453
1.16484
1.16443
1.16392
1.1638
1.16435
1.16555
1.16688
1.16746
1.16647
1.16341
1.15846
1.1522
1.1453
1.13804
1.13027
1.12158
1.11217
1.1037
1.09967
1.10407
1.11853
1.14069
1.16582
1.1898
1.21065
1.22831
1.24353
1.25699
1.26874
1.27813
1.28416
1.28597
1.28294
1.27512
1.26306
1.24799
1.23139
1.21462
1.19864
1.18376
1.16964
1.15607
1.14328
1.13202
1.1235
1.11895
1.11945
1.12562
1.13765
1.15492
1.17585
1.1978
1.218
1.2343
1.24588
1.25333
1.25783
1.26068
1.26254
1.26318
1.26174
1.25713
1.24864
1.23618
1.22062
1.20371
1.18764
1.17459
1.16594
1.16206
1.16221
1.16495
1.16839
1.17066
1.17049
1.16766
1.16326
1.15895
1.15622
1.15566
1.15685
1.15881
1.16031
1.16045
1.15891
1.15625
1.15391
1.1538
1.15769
1.16634
1.17917
1.19456
1.21043
1.22476
1.23598
1.24322
1.24623
1.24526
1.24096
1.23411
1.22554
1.21575
1.2046
1.19155
1.176
1.15821
1.14001
1.12488
1.11674
1.11773
1.12697
1.14118
1.15647
1.1697
1.17899
1.18379
1.18468
1.18296
1.18006
1.17719
1.17518
1.17464
1.17642
1.18136
1.18963
1.20014
1.21044
1.21772
1.22025
1.21825
1.21392
1.21033
1.21013
1.21474
1.22385
1.23591
1.24876
1.26004
1.26753
1.26926
1.26366
1.24966
1.227
1.19669
1.16124
1.12443
1.09053
1.06339
1.04554
1.03815
1.04121
1.0539
1.07476
1.10142
1.1302
1.15672
1.177
1.18867
1.1916
1.18752
1.17897
1.16846
1.15776
1.14812
1.14064
1.13676
1.1381
1.14582
1.15976
1.17841
1.1996
1.22136
1.24211
1.26045
1.275
1.28433
1.28736
1.28369
1.27395
1.25971
1.24307
1.22608
1.21033
1.19677
1.18598
1.17829
1.17397
1.17306
1.17525
1.1798
1.18565
1.19151
1.19621
1.19891
1.19925
1.19726
1.19329
1.18842
1.18457
1.18427
1.18956
1.20074
1.216
1.2324
1.24676
1.25608
1.2578
1.25044
1.23418
1.21123
1.18552
1.16191
1.14501
1.13785
1.14086
1.15207
1.16794
1.18469
1.19926
1.20974
1.21512
1.21522
1.21044
1.20181
1.19099
1.17992
1.17047
1.16375
1.1597
1.15712
1.15424
1.14948
1.14222
1.13317
1.12442
1.11921
1.12107
1.13282
1.15497
1.18507
1.21805
1.24807
1.27033
1.28245
1.28459
1.27941
1.27117
1.26458
1.26311
1.26779
1.27722
1.28822
1.29708
1.30044
1.29602
1.28301
1.2622
1.23556
1.20588
1.17668
1.15228
1.13715
1.13373
1.14072
1.15333
1.1658
1.17406
1.17668
1.17449
1.16933
1.16235
1.15327
1.14062
1.12321
1.1016
1.0786
1.05877
1.04711
1.04753
1.06165
1.08867
1.1258
1.16927
1.21511
1.25959
1.29926
1.33094
1.35181
1.35959
1.35302
1.33206
1.29839
1.25535
1.20766
1.16075
1.11959
1.08745
1.06538
1.05261
1.04757
1.04901
1.0564
1.06958
1.0879
1.10972
1.13231
1.15261
1.1682
1.17794
1.18234
1.18347
1.18411
1.18654
1.19169
1.19902
1.20726
1.21528
1.22265
1.22943
1.23584
1.24202
1.24809
1.25428
1.26066
1.26695
1.27227
1.27521
1.27435
1.26843
1.25689
1.24002
1.21879
1.19484
1.17052
1.1484
1.13012
1.11579
1.1049
1.09784
1.09602
1.10064
1.11157
1.12728
1.1455
1.16368
1.17925
1.18997
1.19427
1.1917
1.18318
1.17087
1.15797
1.1478
1.14296
1.14484
1.15345
1.16755
1.18493
1.20304
1.21956
1.2329
1.2423
1.24769
1.24921
1.2469
1.24053
1.22982
1.21471
1.19582
1.17463
1.15334
1.13464
1.12132
1.11569
1.11901
1.13091
1.14928
1.17052
1.19084
1.20738
1.21885
1.22533
1.22801
1.22837
1.22773
1.22684
1.22609
1.22541
1.22463
1.22351
1.2215
1.21757
1.2104
1.19887
1.18271
1.16294
1.14167
1.1218
1.10633
1.09781
1.09801
1.10755
1.12562
1.14983
1.17654
1.20147
1.22056
1.23078
1.23097
1.2221
1.20722
1.19053
1.17593
1.16581
1.16095
1.16072
1.16395
1.16931
1.17575
1.18272
1.19011
1.1984
1.20843
1.2209
1.23579
1.25181
1.26655
1.277
1.28015
1.27369
1.2566
1.22942
1.19442
1.15543
1.11723
1.08469
1.06187
1.05122
1.05313
1.06589
1.08615
1.11004
1.13415
1.156
1.17382
1.18624
1.19227
1.19139
1.18389
1.17116
1.1559
1.14212
1.13434
1.136
1.14821
1.16919
1.19539
1.22294
1.24841
1.26935
1.28448
1.29378
1.29834
1.29984
1.30003
1.30005
1.30028
1.30019
1.29861
1.29391
1.28455
1.26966
1.24953
1.22574
1.20092
1.17796
1.15936
1.14633
1.13866
1.13516
1.13437
1.13528
1.13752
1.14097
1.1454
1.15024
1.15467
1.15779
1.15927
1.15955
1.15976
1.1613
1.16527
1.1718
1.17987
1.18756
1.19271
1.19413
1.19222
1.18908
1.18751
1.1896
1.19551
1.20324
1.20933
1.21022
1.20344
1.18844
1.16683
1.1421
1.11872
1.10095
1.09137
1.09011
1.09522
1.10379
1.11345
1.12281
1.1311
1.13759
1.14123
1.14092
1.13601
1.12685
1.11503
1.10321
1.0946
1.09219
1.09831
1.1143
1.1405
1.17597
1.21826
1.26338
1.30641
1.3422
1.36653
1.37696
1.37332
1.35751
1.33316
1.30508
1.27868
1.25877
1.24821
1.24714
1.25317
1.26266
1.27172
1.27676
1.27489
1.26429
1.24483
1.2183
1.18816
1.15878
1.13448
1.11841
1.11171
1.11346
1.12159
1.13402
1.14932
1.16642
1.18408
1.20061
1.2141
1.22282
1.22549
1.22166
1.21191
1.1978
1.18126
1.16391
1.14709
1.13228
1.12146
1.11707
1.12118
1.13427
1.15457
1.17825
1.20061
1.21744
1.2262
1.22658
1.2201
1.20915
1.19615
1.1828
1.16997
1.15786
1.14649
1.1361
1.12732
1.12087
1.11727
1.11651
1.11805
1.12095
1.12424
1.1272
1.12929
1.12991
1.12834
1.12449
1.1194
1.11532
1.11503
1.12087
1.13366
1.15264
1.17618
1.20244
1.22994
1.2571
1.28179
1.30154
1.31407
1.31805
1.31324
1.30045
1.28133
1.25818
1.23375
1.21105
1.19277
1.18068
1.1752
1.17543
1.17957
1.1854
1.19014
1.19056
1.1839
1.16935
1.14945
1.13003
1.1183
1.11943
1.13378
1.1575
1.18518
1.21212
1.23501
1.25163
1.26065
1.26186
1.25667
1.24774
1.23812
1.23047
1.22617
1.22505
1.22572
1.22612
1.22445
1.21999
1.21359
1.20741
1.20449
1.20779
1.21836
1.23408
1.25023
1.2616
1.2644
1.25738
1.24178
1.22104
1.19933
1.18006
1.1647
1.15314
1.14469
1.13868
1.13484
1.13315
1.13365
1.13595
1.13909
1.14191
1.14344
1.14332
1.14171
1.13889
1.13517
1.13098
1.12709
1.12467
1.1251
1.12971
1.13929
1.15379
1.17194
1.1915
1.20985
1.22461
1.23403
1.23704
1.23328
1.22303
1.207
1.18643
1.16299
1.13871
1.11606
1.098
1.08737
1.08632
1.09549
1.11366
1.13802
1.16496
1.19089
1.21309
1.23008
1.24154
1.2482
1.25135
1.25213
1.2514
1.24991
1.24841
1.24767
1.24791
1.24863
1.24901
1.24865
1.24752
1.24571
1.24309
1.23947
1.23478
1.22927
1.22356
1.2184
1.21404
1.21005
1.20517
1.19781
1.18677
1.17228
1.15619
1.14159
1.13158
1.12777
1.1296
1.13459
1.13965
1.14245
1.14227
1.13991
1.13699
1.13504
1.135
1.13728
1.14173
1.14778
1.15454
1.16109
1.16677
1.17144
1.17556
1.17985
1.18504
1.19139
1.19882
1.20697
1.21551
1.22421
1.23286
1.24116
1.24862
1.25456
1.25815
1.25861
1.25522
1.24783
1.2371
1.22446
1.21187
1.20099
1.19259
1.18642
1.18135
1.17585
1.16856
1.15901
1.14779
1.13644
1.12693
1.12079
1.11846
1.11928
1.12194
1.12509
1.12768
1.12924
1.12968
1.12924
1.12845
1.12805
1.12879
1.13142
1.13648
1.14439
1.15514
1.16798
1.18096
1.19148
1.19727
1.19751
1.19341
1.1876
1.18322
1.18228
1.18491
1.18967
1.19474
1.19892
1.20205
1.20457
1.20683
1.20874
1.20963
1.20858
1.20455
1.19713
1.18662
1.17409
1.1607
1.14726
1.13406
1.12146
1.11034
1.10218
1.09879
1.10186
1.1122
1.12942
1.15215
1.17842
1.20601
1.23255
1.25554
1.27276
1.2829
1.28582
1.28203
1.27228
1.25759
1.23993
1.22239
1.20824
1.19938
1.19504
1.19236
1.18849
1.18226
1.17462
1.16765
1.16325
1.16226
1.16464
1.17007
1.17812
1.188
1.19847
1.20789
1.21452
1.21692
1.21418
1.20629
1.19407
1.17895
1.16245
1.14593
1.13049
1.11725
1.10725
1.10142
1.10038
1.1044
1.11358
1.12783
1.14683
1.16997
1.19604
1.22323
1.2491
1.27076
1.28531
1.29055
1.28579
1.27237
1.2533
1.23245
1.21328
1.19777
1.18643
1.17868
1.17358
1.17024
1.16794
1.16644
1.16587
1.1668
1.17011
1.17635
1.18507
1.19448
1.20181
1.20409
1.19936
1.1877
1.17183
1.15653
1.14653
1.14379
1.14663
1.15155
1.15569
1.15818
1.15989
1.16252
1.16741
1.1748
1.18347
1.1911
1.19517
1.19394
1.18727
1.17705
1.16679
1.16048
1.16062
1.16715
1.17792
1.19025
1.20185
1.21105
1.21676
1.21865
1.21687
1.21198
1.20451
1.19492
1.18416
1.17439
1.16878
1.16956
1.17647
1.1868
1.19718
1.20506
1.20923
1.20964
1.20697
1.20242
1.19755
1.19375
1.19208
1.19329
1.19769
1.20473
1.21329
1.22205
1.22993
1.23612
1.23996
1.24095
1.23873
1.23348
1.22586
1.21677
1.20683
1.19629
1.18523
1.17401
1.16367
1.15581
1.15181
1.15206
1.15545
1.15982
1.16281
1.16276
1.1591
1.15205
1.14241
1.13126
1.12007
1.11073
1.10511
1.10465
1.11034
1.12284
1.14243
1.16828
1.19824
1.22961
1.25964
1.28602
1.30661
1.31932
1.32236
1.31469
1.29647
1.26923
1.23584
1.20021
1.1668
1.13953
1.12113
1.11246
1.11277
1.1203
1.13268
1.14717
1.16074
1.17052
1.17454
1.17233
1.16496
1.15476
1.14491
1.13886
1.13968
1.14939
1.16842
1.19542
1.2273
1.25993
1.289
1.31092
1.32318
1.32438
1.31436
1.294
1.26536
1.23167
1.19683
1.16467
1.13806
1.11844
1.10609
1.10037
1.09998
1.10303
1.10695
1.10888
1.10673
1.10012
1.0906
1.08099
1.07426
1.07244
1.07662
1.08695
1.10256
1.12179
1.14276
1.16412
1.18532
1.20647
1.22757
1.24812
1.26682
1.28187
1.29148
1.29452
1.29129
1.28356
1.27427
1.2665
1.2624
1.26236
1.2651
1.26836
1.26984
1.26779
1.26111
1.24955
1.23365
1.21488
1.19558
1.1784
1.1655
1.15804
1.15571
1.15674
1.15839
1.15781
1.15283
1.1425
1.12784
1.11187
1.09861
1.09125
1.09064
1.09541
1.10338
1.11292
1.1233
1.13476
1.14781
1.16278
1.17934
1.1963
1.2119
1.22443
1.23262
1.23581
1.23377
1.22659
1.21487
1.19996
1.18401
1.16985
1.16021
1.15669
1.15918
1.16576
1.17353
1.17964
1.18196
1.17938
1.17191
1.1609
1.14879
1.13875
1.13386
1.13656
1.14788
1.16705
1.19176
1.21872
1.24439
1.26569
1.28022
1.28648
1.28393
1.27291
1.25476
1.23165
1.20669
1.18336
1.16533
1.15563
1.1561
1.16693
1.18669
1.21277
1.24194
1.27081
1.29629
1.31584
1.32728
1.32892
1.31976
1.29965
1.26958
1.23164
1.18886
1.14487
1.10366
1.06927
1.04552
1.03503
1.03784
1.051
1.06975
1.08943
1.10683
1.12048
1.13039
1.13743
1.14324
1.15012
1.16033
1.175
1.19327
1.21239
1.22894
1.24019
1.24476
1.24256
1.23445
1.22213
1.20795
1.19475
1.18539
1.1822
1.18638
1.19794
1.21577
1.23801
1.26237
1.2863
1.30725
1.32294
1.3312
1.33039
1.31971
1.29948
1.27122
1.23759
1.20213
1.16869
1.14088
1.12145
1.11194
1.1123
1.12107
1.13584
1.15394
1.17299
1.19123
1.20726
1.22004
1.22882
1.23315
1.23257
1.22657
1.21483
1.19775
1.17688
1.15479
1.13416
1.11706
1.10447
1.09651
1.09284
1.09311
1.09715
1.10499
1.11694
1.13319
1.1535
1.17678
1.20109
1.2241
1.24367
1.25849
1.26824
1.2734
1.27468
1.27239
1.26638
1.25627
1.24199
1.22412
1.20389
1.18281
1.16244
1.14444
1.13078
1.12358
1.12444
1.1337
1.15017
1.17095
1.19226
1.21051
1.22312
1.22907
1.22856
1.22272
1.21305
1.2012
1.18883
1.17734
1.16764
1.16025
1.15547
1.15351
1.15459
1.15887
1.16586
1.17448
1.18329
1.19106
1.19694
1.20066
1.20239
1.20268
1.20235
1.20248
1.20419
1.20824
1.21453
1.22185
1.22788
1.22986
1.2253
1.21277
1.19257
1.16697
1.13977
1.11558
1.09869
1.09195
1.09594
1.10877
1.12663
1.145
1.16035
1.17083
1.17632
1.17795
1.17734
1.17625
1.17613
1.17796
1.18194
1.18728
1.19237
1.19542
1.19514
1.19124
1.18436
1.17558
1.16594
1.15661
1.14895
1.14433
1.14379
1.14774
1.15594
1.16772
1.18201
1.19738
1.21223
1.22508
1.23474
1.24046
1.24176
1.23836
1.2304
1.21862
1.20441
1.18937
1.1747
1.16108
1.14878
1.13822
1.13032
1.12637
1.1274
1.13357
1.14404
1.1575
1.17288
1.18977
1.20793
1.2269
1.24537
1.2611
1.27144
1.2742
1.26839
1.25471
1.23548
1.21419
1.19466
1.17997
1.17167
1.16945
1.17171
1.17627
1.18093
1.18402
1.18482
1.18396
1.18306
1.18392
1.18709
1.19103
1.19291
1.19063
1.18423
1.17581
1.1684
1.16462
1.16567
1.17108
1.17908
1.18708
1.19266
1.19425
1.19167
1.18631
1.18081
1.17822
1.18082
1.18914
1.20167
1.21567
1.22811
1.23666
1.23995
1.23768
1.23035
1.21908
1.20569
1.19249
1.18213
1.1771
1.17898
1.18766
1.20113
1.21615
1.22939
1.23823
1.24127
1.23838
1.23002
1.21686
1.19919
1.17699
1.1505
1.12087
1.09046
1.06235
1.03947
1.0238
1.01654
1.01815
1.02826
1.04559
1.06813
1.09339
1.1189
1.14261
1.16304
1.17937
1.19137
1.19943
1.20449
1.20801
1.21171
1.21703
1.22479
1.2349
1.24639
1.25785
1.26803
1.27616
1.28232
1.28726
1.29183
1.29654
1.30117
1.30494
1.30661
1.30509
1.29974
1.29043
1.27751
1.26168
1.24388
1.22467
1.20412
1.18218
1.15944
1.13773
1.11957
1.10697
1.10032
1.0986
1.09994
1.10259
1.10539
1.1077
1.10916
1.10941
1.10777
1.10362
1.09674
1.08796
1.07932
1.07372
1.07408
1.0824
1.09919
1.12367
1.15409
1.18807
1.2227
1.25476
1.28085
1.29791
1.30372
1.29751
1.28034
1.25515
1.22619
1.19809
1.17496
1.15955
1.15285
1.15407
1.16112
1.17138
1.18265
1.19378
1.20433
1.21418
1.22292
1.22971
1.23341
1.23318
1.22901
1.22208
1.21458
1.20905
1.20728
1.20982
1.2159
1.22397
1.23221
1.23908
1.24362
1.24562
1.24539
1.24345
1.2401
1.2354
1.22957
1.22309
1.21678
1.21135
1.20709
1.20373
1.20034
1.19579
1.18921
1.18006
1.16807
1.15332
1.1365
1.11906
1.10337
1.09239
1.08868
1.093
1.10353
1.11638
1.12706
1.13263
1.13296
1.13056
1.12938
1.13298
1.14323
1.1601
1.18208
1.20688
1.23217
1.256
1.27696
1.29392
1.3059
1.31185
1.31068
1.30164
1.28467
1.2609
1.23261
1.20308
1.17596
1.15441
1.14017
1.13323
1.13217
1.13481
1.13908
1.14373
1.14855
1.1536
1.15847
1.1623
1.16436
1.16477
1.16449
1.16466
1.16583
1.16753
1.16862
1.16814
1.16599
1.16326
1.16165
1.16265
1.16696
1.17447
1.18443
1.19582
1.20786
1.22005
1.23208
1.24356
1.25403
1.26317
1.271
1.2776
1.28239
1.28379
1.27998
1.27
1.25464
1.23615
1.21743
1.20109
1.18876
1.18067
1.17585
1.17213
1.16694
1.1579
1.14378
1.12489
1.10323
1.08188
1.06375
1.05091
1.04391
1.04185
1.04305
1.04585
1.04938
1.05364
1.05927
1.06705
1.07752
1.09072
1.10605
1.12245
1.1389
1.15504
1.17156
1.18979
1.21083
1.2347
1.2597
1.28284
1.30075
1.31076
1.31173
1.30428
1.2906
1.27401
1.25826
1.2466
1.24097
1.24172
1.24793
1.25817
1.271
1.2849
1.29799
1.30756
1.31042
1.30372
1.28586
1.25726
1.22082
1.18121
1.14395
1.11375
1.09318
1.08219
1.07885
1.08055
1.08537
1.09268
1.1028
1.11617
1.13254
1.15072
1.16883
1.18495
1.19762
1.20616
1.21057
1.21146
1.20964
1.20606
1.20165
1.19751
1.19491
1.19515
1.19917
1.20714
1.21828
1.2311
1.24379
1.25444
1.26118
1.26247
1.25727
1.2454
1.22768
1.206
1.18289
1.16097
1.14223
1.12768
1.1171
1.10924
1.1023
1.09472
1.0861
1.07787
1.07311
1.07534
1.08673
1.10692
1.13304
1.16097
1.1871
1.20972
1.22929
1.24827
1.26956
1.29443
1.32069
1.34332
1.35716
1.35897
1.34806
1.32592
1.29569
1.26156
1.22805
1.19949
1.179
1.16747
1.16339
1.16336
1.16359
1.16143
1.15584
1.14716
1.13658
1.12558
1.116
1.10978
1.10877
1.11396
1.12476
1.13885
1.1531
1.16483
1.17275
1.17695
1.17851
1.17885
1.17919
1.18015
1.18176
1.18377
1.18602
1.18879
1.19256
1.1978
1.20438
1.21157
1.21802
1.22202
1.22203
1.21706
1.20672
1.19121
1.17129
1.14818
1.12371
1.10063
1.08254
1.07316
1.07528
1.08952
1.11415
1.14574
1.18042
1.2147
1.24598
1.2725
1.29324
1.30797
1.31703
1.32109
1.32104
1.31785
1.31219
1.30417
1.29347
1.27926
1.261
1.23897
1.21466
1.19038
1.16848
1.15073
1.13773
1.12904
1.12366
1.12085
1.12043
1.12285
1.12868
1.13795
1.14968
1.162
1.17251
1.17885
1.17889
1.17107
1.15481
1.13125
1.10376
1.07738
1.0567
1.04428
1.04051
1.04511
1.05821
1.08009
1.10999
1.1453
1.18162
1.21404
1.23883
1.25477
1.26347
1.26873
1.27479
1.28437
1.29763
1.31238
1.32545
1.33416
1.33693
1.33309
1.32255
1.30534
1.28127
1.25014
1.21248
1.17065
1.12992
1.09794
1.08154
1.08251
1.09665
1.11694
1.13733
1.1542
1.16613
1.17334
1.1768
1.1776
1.17647
1.17375
1.16971
1.16487
1.16008
1.15649
1.15483
1.15518
1.15696
1.15933
1.16183
1.16476
1.16877
1.17418
1.18056
1.18689
1.19212
1.19574
1.19797
1.1996
1.20126
1.20316
1.20516
1.20671
1.2071
1.2055
1.20113
1.19343
1.18258
1.16941
1.15553
1.143
1.13399
1.13039
1.13334
1.14273
1.15703
1.17331
1.188
1.19786
1.20086
1.19671
1.18666
1.17298
1.15837
1.1452
1.13535
1.13024
1.13107
1.13864
1.15284
1.1724
1.19532
1.2194
1.24309
1.26557
1.28645
1.30498
1.31986
1.32954
1.33258
1.32816
1.31579
1.29533
1.26709
1.23256
1.19508
1.15973
1.13176
1.11467
1.10903
1.11294
1.1236
1.13854
1.15589
1.17408
1.19139
1.20626
1.21791
1.22652
1.23313
1.23885
1.24418
1.24879
1.25183
1.25265
1.25118
1.24728
1.23996
1.22724
1.20717
1.17931
1.14534
1.10845
1.0724
1.04027
1.01393
0.994485
0.982771
0.979726
0.986297
1.00283
1.02873
1.06234
1.10118
1.14241
1.18308
1.22031
1.25149
1.2743
1.28691
1.28835
1.27923
1.26203
1.24115
1.22187
1.20897
1.20532
1.21092
1.22322
1.23799
1.25072
1.25813
1.25894
1.25377
1.24454
1.23381
1.22404
1.21711
1.21392
1.21435
1.21714
1.22042
1.22231
1.22174
1.21914
1.21637
1.21651
1.2223
1.23472
1.25215
1.27127
1.28871
1.30226
1.31068
1.31288
1.30751
1.29344
1.27045
1.23975
1.20389
1.16675
1.13264
1.10527
1.08701
1.07842
1.07847
1.08507
1.09534
1.10619
1.11465
1.11859
1.11715
1.11078
1.10129
1.09125
1.08357
1.08095
1.08525
1.09691
1.11477
1.13643
1.15903
1.18012
1.19811
1.2123
1.22277
1.22988
1.23389
1.23478
1.2324
1.22662
1.21761
1.20609
1.19318
1.18008
1.16796
1.15763
1.14956
1.14412
1.14161
1.14252
1.14776
1.15861
1.17632
1.20136
1.23258
1.26726
1.30173
1.33211
1.35515
1.36855
1.37117
1.36303
1.34517
1.31968
1.2891
1.25627
1.22415
1.1957
1.17356
1.15915
1.15172
1.14819
1.14408
1.1353
1.11964
1.0978
1.07306
1.05043
1.03528
1.03152
1.0402
1.05931
1.08463
1.11155
1.13645
1.15739
1.17381
1.18609
1.19492
1.20085
1.20418
1.20521
1.20465
1.20394
1.2049
1.20929
1.21779
1.22972
1.24291
1.25427
1.26077
1.26023
1.25201
1.23747
1.21972
1.20277
1.19027
1.18431
1.18482
1.18966
1.19535
1.19816
1.19518
1.18547
1.17035
1.15329
1.13861
1.12999
1.12929
1.13623
1.14891
1.16443
1.17947
1.19106
1.19716
1.19727
1.19247
1.18516
1.17849
1.17551
1.17843
1.18804
1.20335
1.22172
1.23981
1.25458
1.26409
1.2677
1.26583
1.25937
1.24925
1.23607
1.22007
1.20169
1.18186
1.16227
1.14488
1.13116
1.12205
1.11823
1.12009
1.12766
1.14048
1.15778
1.17837
1.2006
1.22222
1.24028
1.25156
1.25355
1.2451
1.22696
1.20163
1.17277
1.14451
1.12073
1.10455
1.09797
1.10166
1.11505
1.13666
1.16434
1.19537
1.22673
1.25523
1.27775
1.29192
1.29641
1.2911
1.277
1.25622
1.23165
1.20662
1.18456
1.16845
1.16024
1.16039
1.16791
1.18034
1.19444
1.20694
1.21516
1.21739
1.21281
1.20143
1.18382
1.16116
1.13512
1.10791
1.082
1.05975
1.043
1.03267
1.0288
1.03072
1.03744
1.0481
1.06209
1.07903
1.09843
1.11936
1.14051
1.16074
1.17953
1.197
1.21355
1.22936
1.24385
1.2559
1.26425
1.26797
1.26675
1.26087
1.25137
1.24001
1.22895
1.22036
1.21539
1.21376
1.21388
1.21373
1.21184
1.20789
1.20256
1.19696
1.19215
1.18897
1.18811
1.18999
1.19458
1.20119
1.20844
1.21463
1.21824
1.21827
1.21426
1.20657
1.19656
1.18649
1.17913
1.17693
1.18115
1.19141
1.20585
1.22181
1.23642
1.24712
1.25194
1.24978
1.24043
1.22503
1.20584
1.18586
1.16786
1.15346
1.14248
1.13313
1.12312
1.11077
1.09596
1.08026
1.06648
1.05781
1.05699
1.06554
1.08367
1.11035
1.14366
1.1809
1.21896
1.25458
1.28491
1.30804
1.32313
1.33006
1.32915
1.32097
1.30632
1.28618
1.26168
1.23398
1.20467
1.1757
1.14937
1.12805
1.11346
1.1063
1.10638
1.11302
1.12543
1.14268
1.16345
1.18533
1.20516
1.22027
1.22957
1.23362
1.2339
1.23192
1.2287
1.22474
1.22007
1.21449
1.20777
1.2001
1.19197
1.18402
1.17683
1.17089
1.16702
1.16636
1.16974
1.17694
1.18629
1.19533
1.20186
1.20468
1.20398
1.20105
1.19765
1.19521
1.194
1.19291
1.19021
1.18516
1.17936
1.17625
1.17899
1.18801
1.20044
1.21166
1.21743
1.21537
1.2052
1.18858
1.16848
1.14815
1.1302
1.11591
1.10528
1.0977
1.09243
1.08881
1.08622
1.08412
1.08225
1.08079
1.0806
1.08318
1.09061
1.10518
1.12852
1.16046
1.19826
1.23719
1.2722
1.29945
1.31713
1.32553
1.32651
1.32261
1.31622
1.30882
1.30068
1.2911
1.27878
1.26221
1.24038
1.21297
1.18057
1.14465
1.10756
1.07198
1.04069
1.01632
1.00122
0.996915
1.00367
1.02033
1.0447
1.07432
1.10706
1.14105
1.17477
1.20696
1.2365
1.26243
1.28373
1.29915
1.30767
1.30869
1.30252
1.29056
1.27515
1.25886
1.24378
1.23142
1.22285
1.21889
1.21979
1.22489
1.23224
1.23872
1.24076
1.23527
1.22064
1.19704
1.16655
1.13294
1.1014
1.07733
1.06492
1.06571
1.07836
1.09958
1.12566
1.15357
1.18112
1.20675
1.22892
1.24631
1.2579
1.26332
1.26301
1.25801
1.24944
1.23816
1.22482
1.2101
1.1952
1.18168
1.17096
1.16372
1.15989
1.15871
1.15922
1.16061
1.16229
1.16391
1.16537
1.16654
1.16699
1.16598
1.16276
1.15691
1.14894
1.14061
1.13452
1.13318
1.13799
1.14864
1.16351
1.18035
1.19708
1.21191
1.22344
1.23091
1.2343
1.23406
1.231
1.22585
1.21912
1.21104
1.20162
1.19067
1.17806
1.16401
1.14912
1.13478
1.12329
1.11777
1.12163
1.13727
1.16458
1.2004
1.23948
1.27623
1.30572
1.32394
1.32811
1.31661
1.2896
1.24951
1.20101
1.15071
1.10605
1.07386
1.05862
1.06108
1.07838
1.1054
1.13663
1.1674
1.19448
1.21586
1.23069
1.23917
1.24246
1.24233
1.24058
1.23877
1.23773
1.23754
1.23786
1.23812
1.2376
1.23526
1.22987
1.22037
1.20634
1.18853
1.16897
1.1506
1.13684
1.13028
1.13201
1.14111
1.15494
1.17019
1.18413
1.19501
1.20214
1.20536
1.20463
1.19974
1.19064
1.17749
1.16108
1.14296
1.12558
1.11206
1.10563
1.10887
1.12263
1.14568
1.17485
1.20583
1.23406
1.25543
1.26666
1.26612
1.25444
1.23496
1.21346
1.19601
1.18598
1.18291
1.18411
1.18747
1.19236
1.19892
1.20701
1.21564
1.22349
1.22974
1.23444
1.23826
1.24193
1.24571
1.24913
1.25162
1.25331
1.25516
1.25849
1.26392
1.27051
1.27578
1.27641
1.26942
1.25328
1.22845
1.19723
1.16348
1.13152
1.10502
1.08649
1.0772
1.07741
1.08672
1.10395
1.1273
1.15445
1.18298
1.21042
1.23406
1.25097
1.25847
1.25478
1.23954
1.21394
1.18051
1.14257
1.10393
1.06857
1.04039
1.02244
1.01664
1.02323
1.04069
1.06611
1.09585
1.12648
1.15559
1.18206
1.20587
1.22744
1.24689
1.26372
1.27698
1.28553
1.28858
1.28592
1.27795
1.2654
1.24912
1.22952
1.20704
1.18228
1.15645
1.13179
1.11112
1.09747
1.09302
1.09852
1.11308
1.13447
1.15972
1.18586
1.21026
1.23078
1.24562
1.25342
1.25336
1.24547
1.23058
1.21031
1.18686
1.16279
1.14084
1.12375
1.1138
1.11229
1.11912
1.13288
1.1509
1.1697
1.18544
1.19467
1.19505
1.186
1.16913
1.14829
1.12883
1.11626
1.11462
1.12493
1.14517
1.17113
1.19819
1.22242
1.2414
1.25438
1.26218
1.26671
1.27027
1.27462
1.2804
1.28695
1.29246
1.29469
1.29152
1.28158
1.2645
1.2412
1.21372
1.18488
1.15774
1.13516
1.1193
1.11124
1.11105
1.11759
1.12863
1.14129
1.153
1.16231
1.16913
1.17418
1.17797
1.18081
1.18291
1.18468
1.18688
1.19046
1.19626
1.20475
1.21588
1.22896
1.24303
1.25687
1.26898
1.27782
1.28231
1.28219
1.27802
1.27074
1.26117
1.24967
1.23626
1.22045
1.20133
1.17791
1.15014
1.11993
1.09096
1.06757
1.05303
1.04862
1.05344
1.06525
1.08132
1.09913
1.11659
1.13204
1.14454
1.154
1.16135
1.16812
1.17563
1.18413
1.19264
1.19949
1.20332
1.20364
1.20088
1.19628
1.1915
1.18842
1.18854
1.19268
1.20078
1.21198
1.22476
1.23727
1.24746
1.25313
1.25216
1.24292
1.22534
1.20155
1.1759
1.15337
1.13729
1.12823
1.1251
1.12657
1.13168
1.13976
1.15068
1.16461
1.18149
1.20026
1.21858
1.23331
1.24176
1.24274
1.23694
1.22642
1.21398
1.20231
1.19354
1.18904
1.18929
1.19374
1.20109
1.20963
1.21755
1.22341
1.22663
1.22741
1.22656
1.22487
1.22258
1.21947
1.21542
1.21115
1.20829
1.20825
1.21127
1.21598
1.2202
1.22192
1.2202
1.21537
1.20858
1.20096
1.19274
1.18324
1.17145
1.15683
1.14009
1.12308
1.10832
1.09817
1.09394
1.09575
1.10262
1.11312
1.12596
1.14008
1.15439
1.16776
1.17917
1.18798
1.19417
1.1983
1.20109
1.20294
1.20352
1.20214
1.19843
1.19271
1.18598
1.1796
1.17487
1.17303
1.17518
1.18201
1.19347
1.20835
1.22459
1.23982
1.25182
1.25891
1.26028
1.25587
1.24584
1.23043
1.20994
1.18517
1.15789
1.13086
1.10739
1.09024
1.08094
1.07946
1.0848
1.09581
1.11147
1.13093
1.15309
1.17634
1.19871
1.21825
1.23333
1.24281
1.24606
1.24302
1.23431
1.22119
1.20527
1.18845
1.17254
1.15918
1.14958
1.1444
1.14381
1.14758
1.15545
1.16709
1.18191
1.19878
1.2162
1.23261
1.24708
1.25939
1.26997
1.27922
1.28747
1.29467
1.30046
1.3041
1.30441
1.3001
1.29028
1.27504
1.25569
1.23423
1.21226
1.19008
1.16713
1.14318
1.11897
1.09636
1.07773
1.06523
1.06026
1.06298
1.07226
1.08571
1.10026
1.11293
1.12172
1.12606
1.12676
1.12572
1.1252
1.12729
1.13353
1.14445
1.15945
1.17688
1.1946
1.21046
1.22307
1.2319
1.23708
1.23886
1.23735
1.23242
1.22408
1.21282
1.19987
1.18723
1.17719
1.17179
1.17215
1.17823
1.18887
1.20227
1.21637
1.22915
1.23866
1.24312
1.24119
1.23199
1.21532
1.19162
1.16235
1.13015
1.09876
1.07262
1.056
1.05182
1.06067
1.08056
1.10786
1.13869
1.17015
1.20044
1.22854
1.25335
1.27349
1.2875
1.29452
1.29467
1.28908
1.2793
1.26675
1.2522
1.23584
1.21755
1.19748
1.17656
1.15686
1.14133
1.1328
1.13283
1.14081
1.15398
1.16855
1.18088
1.18844
1.19013
1.18598
1.17678
1.16384
1.14875
1.13348
1.12017
1.11094
1.10776
1.1121
1.12473
1.14535
1.17235
1.20287
1.23306
1.25902
1.2773
1.28514
1.28094
1.26465
1.23806
1.20498
1.17079
1.14134
1.12159
1.11438
1.11999
1.13628
1.15938
1.18468
1.20748
1.22389
1.23149
1.22948
1.21885
1.202
1.18216
1.16271
1.14651
1.13555
1.13086
1.13231
1.13855
1.14726
1.15562
1.16115
1.16202
1.15733
1.14724
1.13285
1.116
1.09906
1.0849
1.0769
1.07863
1.09292
1.12036
1.15828
1.20155
1.24428
1.28138
1.30948
1.32706
1.33406
1.33138
1.32037
1.30281
1.28071
1.2563
1.23183
1.20949
1.19125
1.17861
1.17232
1.17223
1.17705
1.18468
1.19262
1.19833
1.20019
1.19786
1.19248
1.18614
1.18083
1.17765
1.17635
1.17594
1.17556
1.17494
1.17391
1.17189
1.1681
1.16255
1.1563
1.15116
1.14871
1.14952
1.15287
1.15748
1.16244
1.16761
1.17342
1.18004
1.18698
1.19313
1.19728
1.19884
1.19842
1.19749
1.1978
1.20007
1.20347
1.20631
1.20755
1.20764
1.20819
1.2102
1.21329
1.21586
1.21643
1.21459
1.21112
1.20785
1.20688
1.20986
1.21759
1.2297
1.24458
1.25965
1.27182
1.27801
1.27607
1.26555
1.24785
1.2261
1.20399
1.18474
1.17045
1.16212
1.16014
1.16444
1.17381
1.18518
1.19409
1.19598
1.18763
1.16805
1.13858
1.10273
1.06561
1.03289
1.00955
0.999347
1.00477
1.02712
1.06565
1.11683
1.174
1.22877
1.27344
1.30317
1.31694
1.31704
1.3078
1.29411
1.2803
1.26955
1.26367
1.26292
1.26672
1.27372
1.28205
1.28948
1.29375
1.29334
1.28786
1.2777
1.26338
1.24516
1.22309
1.19737
1.16865
1.13818
1.10771
1.07966
1.05721
1.044
1.04306
1.05569
1.08062
1.11418
1.15125
1.18669
1.21629
1.23723
1.24835
1.24991
1.24327
1.2306
1.21434
1.19682
1.17984
1.16467
1.15214
1.14292
1.13758
1.13662
1.13992
1.1467
1.15556
1.16489
1.17317
1.17916
1.18195
1.18103
1.17639
1.16906
1.16097
1.15457
1.15213
1.15485
1.16251
1.17362
1.18602
1.19753
1.20646
1.21155
1.21177
1.20601
1.19397
1.17662
1.15608
1.13478
1.11498
1.09915
1.09003
1.08974
1.09868
1.11519
1.13609
1.15805
1.17845
1.19549
1.20795
1.21483
1.21551
1.21018
1.2002
1.18787
1.17593
1.16681
1.16203
1.16204
1.16634
1.17396
1.1839
1.19529
1.20733
1.21901
1.22891
1.23546
1.23751
1.23465
1.22766
1.21827
1.20836
1.19942
1.19193
1.18554
1.17952
1.17336
1.1671
1.1614
1.15693
1.15382
1.15159
1.14947
1.14693
1.14422
1.14238
1.14296
1.14726
1.15557
1.16649
1.17721
1.18482
1.1875
1.1854
1.18044
1.17544
1.17249
1.17201
1.17273
1.17275
1.1709
1.16719
1.16264
1.15882
1.15718
1.15875
1.16395
1.17273
1.18464
1.19888
1.21427
1.22931
1.24208
1.2506
1.25309
1.2485
1.23709
1.22065
1.20202
1.18448
1.1706
1.16191
1.15889
1.16139
1.16914
1.18162
1.19791
1.21615
1.23375
1.24795
1.25642
1.25759
1.25082
1.2365
1.21617
1.19231
1.16814
1.14704
1.13162
1.12293
1.12037
1.12215
1.12639
1.13172
1.13755
1.1438
1.1505
1.15759
1.16488
1.17201
1.17851
1.18376
1.18717
1.18818
1.18678
1.18374
1.18059
1.17915
1.18075
1.18561
1.19277
1.20066
1.20785
1.2131
1.21522
1.21315
1.2064
1.19544
1.18188
1.16795
1.15587
1.14751
1.14387
1.14504
1.15016
1.15795
1.16718
1.17687
1.1862
1.19413
1.19949
1.20107
1.19802
1.19065
1.18043
1.16978
1.16141
1.15751
1.15912
1.16582
1.17593
1.18707
1.19668
1.20261
1.20331
1.19834
1.18869
1.17661
1.16505
1.15665
1.15277
1.15296
1.15526
1.15727
1.15719
1.15484
1.15167
1.15047
1.15419
1.16443
1.18079
1.20102
1.22178
1.23979
1.25235
1.25762
1.25474
1.24397
1.22668
1.20528
1.1827
1.16172
1.14442
1.13178
1.12389
1.12024
1.12041
1.12427
1.13181
1.14261
1.15546
1.16886
1.18156
1.1929
1.20298
1.21233
1.22167
1.23156
1.24244
1.25451
1.26757
1.28087
1.29301
1.30201
1.30564
1.30186
1.28941
1.26857
1.24157
1.21224
1.18487
1.16254
1.14587
1.13353
1.12382
1.11651
1.11369
1.11834
1.13209
1.15324
1.17702
1.1976
1.21017
1.21245
1.20485
1.18985
1.17126
1.1532
1.13917
1.13126
1.12972
1.1331
1.13863
1.14335
1.14533
1.14504
1.14573
1.15189
1.16572
1.18522
1.20597
1.22424
1.23856
1.24917
1.2571
1.26362
1.26992
1.27666
1.28366
1.28991
1.29376
1.29352
1.28794
1.27681
1.26093
1.24207
1.22266
1.20497
1.19066
1.1801
1.17262
1.16703
1.16245
1.15876
1.15673
1.15709
1.1598
1.16373
1.16696
1.16765
1.16487
1.15881
1.15088
1.14293
1.13669
1.13306
1.13212
1.13348
1.13665
1.14144
1.1481
1.15717
1.16878
1.18223
1.19602
1.20819
1.21715
1.22202
1.22279
1.21968
1.21287
1.2023
1.18807
1.17109
1.15341
1.1381
1.1284
1.12699
1.13489
1.1513
1.17358
1.19789
1.22025
1.23743
1.24732
1.24898
1.2424
1.22864
1.20993
1.18954
1.17073
1.15581
1.14563
1.13991
1.13786
1.13865
1.14171
1.14665
1.15303
1.16032
1.16798
1.17566
1.18347
1.19211
1.20232
1.21452
1.22848
1.24335
1.25752
1.26915
1.27675
1.27969
1.27817
1.27293
1.26487
1.25478
1.24304
1.22956
1.21374
1.19495
1.17299
1.1486
1.12361
1.10044
1.08167
1.06948
1.06539
1.07021
1.0839
1.10529
1.13193
1.16041
1.18704
1.20866
1.22344
1.23114
1.23271
1.23001
1.22496
1.21892
1.21233
1.20484
1.19554
1.18373
1.16961
1.15434
1.13957
1.12686
1.1173
1.11142
1.10949
1.11152
1.11693
1.1243
1.13177
1.13791
1.14253
1.1467
1.15184
1.15878
1.16753
1.17741
1.18772
1.19797
1.20828
1.21904
1.23083
1.24375
1.25719
1.26972
1.27929
1.28365
1.28066
1.26897
1.24879
1.22281
1.19606
1.17428
1.16159
1.15904
1.16474
1.17537
1.18797
1.20032
1.2109
1.21825
1.22081
1.21704
1.20631
1.18955
1.16972
1.15119
1.13829
1.13377
1.13819
1.15024
1.16744
1.18693
1.20596
1.22212
1.2332
1.23715
1.23251
1.21902
1.19797
1.172
1.1444
1.11834
1.09642
1.08063
1.07269
1.07379
1.08398
1.1018
1.12467
1.14962
1.17382
1.19485
1.21088
1.22106
1.22571
1.22615
1.22424
1.22166
1.21949
1.21799
1.21675
1.21521
1.21332
1.21151
1.21028
1.20969
1.20905
1.20747
1.20461
1.201
1.19771
1.19567
1.19512
1.19557
1.19633
1.19696
1.1976
1.19905
1.20236
1.20835
1.21729
1.22843
1.24022
1.25082
1.25869
1.2628
1.26254
1.25779
1.24877
1.23615
1.22101
1.20452
1.18768
1.17122
1.15583
1.14239
1.13185
1.12506
1.12238
1.12395
1.12988
1.14013
1.1544
1.17166
1.1901
1.20743
1.22131
1.22974
1.23139
1.2257
1.21316
1.19543
1.17516
1.15547
1.1392
1.12815
1.12285
1.12266
1.12625
1.13244
1.14074
1.15139
1.16475
1.18071
1.19845
1.21638
1.23235
1.24394
1.24897
1.24599
1.23446
1.21539
1.19152
1.16703
1.14652
1.1336
1.12987
1.13477
1.14617
1.16122
1.17702
1.1914
1.20321
1.2123
1.21935
1.22548
1.23215
1.24106
1.25341
1.26893
1.28554
1.29959
1.30715
1.30508
1.29181
1.26744
1.23369
1.19374
1.15193
1.11342
1.08348
1.06642
1.06425
1.07592
1.09781
1.12522
1.15371
1.17986
1.20109
1.21514
1.22001
1.21459
1.1992
1.17612
1.14936
1.12391
1.10473
1.09546
1.09754
1.11001
1.13019
1.15471
1.1802
1.20358
1.22215
1.23354
1.23592
1.22836
1.2112
1.18622
1.15665
1.1268
1.10151
1.08482
1.0793
1.0856
1.10259
1.12795
1.1587
1.19181
1.22445
1.25433
1.27959
1.29866
1.3102
1.31362
1.30951
1.29978
1.2871
1.27384
1.26147
1.2506
1.24141
1.23395
1.22808
1.22345
1.21985
1.21758
1.21731
1.21906
1.2217
1.22302
1.22074
1.21357
1.20191
1.18778
1.17424
1.16438
1.16018
1.16182
1.16757
1.1746
1.17985
1.18105
1.17703
1.16778
1.15397
1.13683
1.11833
1.10101
1.08749
1.07947
1.07713
1.07937
1.0848
1.09256
1.1022
1.11325
1.12483
1.13583
1.14543
1.15356
1.16125
1.17021
1.18164
1.19527
1.20917
1.22072
1.22801
1.23071
1.22998
1.22731
1.22382
1.2202
1.21731
1.2166
1.2195
1.22648
1.23647
1.247
1.25502
1.25787
1.25434
1.24482
1.2312
1.21643
1.2035
1.19448
1.18993
1.18895
1.18967
1.19018
1.18915
1.18622
1.18204
1.1778
1.17459
1.17301
1.17294
1.17367
1.17413
1.1732
1.1702
1.16532
1.15975
1.15548
1.15478
1.1595
1.17053
1.18753
1.20869
1.23115
1.25122
1.26528
1.27046
1.26548
1.25067
1.22793
1.20025
1.17104
1.14348
1.12009
1.10261
1.09203
1.0882
1.08989
1.09507
1.10155
1.10764
1.11274
1.11756
1.1238
1.13363
1.14893
1.17052
1.19784
1.22897
1.26103
1.29058
1.31404
1.32802
1.32996
1.31874
1.29506
1.26172
1.22339
1.1861
1.156
1.13794
1.13425
1.14438
1.16562
1.19404
1.2252
1.25481
1.27914
1.29533
1.30164
1.29735
1.28283
1.25925
1.22832
1.19213
1.15313
1.11404
1.0779
1.04758
1.0254
1.01285
1.01049
1.0183
1.0357
1.06158
1.0942
1.13105
1.16876
1.20366
1.23229
1.25194
1.26097
1.259
1.24701
1.22727
1.20282
1.17695
1.15235
1.13101
1.11413
1.10234
1.09606
1.09554
1.10067
1.11095
1.1254
1.14273
1.16147
1.18007
1.19685
1.21015
1.21852
1.22123
1.21846
1.21165
1.20303
1.195
1.18962
1.18807
1.19077
1.19756
1.20772
1.21997
1.2328
1.24463
1.25428
1.26129
1.26596
1.26905
1.27111
1.2723
1.27235
1.2707
1.26698
1.26111
1.25366
1.24547
1.23712
1.22827
1.21775
1.20428
1.18721
1.16705
1.14545
1.12434
1.10511
1.08837
1.0743
1.06331
1.05651
1.05544
1.06127
1.07403
1.09232
1.11399
1.13679
1.15906
1.17952
1.19711
1.21069
1.21924
1.22227
1.22014
1.21413
1.20609
1.19792
1.19091
1.18544
1.18165
1.1796
1.17957
1.18173
1.18635
1.19387
1.20481
1.21955
1.23777
1.25824
1.27865
1.29591
1.30663
1.30772
1.29698
1.27347
1.23777
1.19202
1.14032
1.08877
1.04465
1.01472
1.00288
1.0092
1.03064
1.06267
1.10048
1.13934
1.17496
1.20397
1.22446
1.23624
1.24032
1.23826
1.23151
1.22121
1.20843
1.19448
1.18113
1.17039
1.16401
1.16306
1.1676
1.17694
1.18966
1.2039
1.21798
1.23094
1.2425
1.25276
1.26175
1.26929
1.27511
1.27886
1.28026
1.27887
1.27424
1.26553
1.25196
1.23331
1.21019
1.18401
1.15656
1.12969
1.10548
1.08618
1.07418
1.07157
1.07903
1.09566
1.11944
1.14793
1.17831
1.20726
1.2315
1.24838
1.2565
1.25585
1.24769
1.23392
1.21659
1.19749
1.17783
1.1585
1.14057
1.12566
1.11626
1.11522
1.12445
1.14353
1.16946
1.19747
1.22294
1.24259
1.255
1.26035
1.2597
1.25438
1.24546
1.23371
1.22003
1.20561
1.19205
1.18058
1.17159
1.16441
1.15784
1.15089
1.14339
1.13631
1.1315
1.13091
1.13584
1.14638
1.1609
1.17631
1.18871
1.19469
1.19241
1.18227
1.16657
1.14875
1.13241
1.12048
1.11501
1.11715
1.12728
1.1448
1.16815
1.1948
1.22164
1.24576
1.2651
1.27864
1.28634
1.28873
1.28661
1.28089
1.2726
1.26274
1.25232
1.24196
1.23173
1.22103
1.20892
1.19469
1.17829
1.16069
1.14346
1.12807
1.11532
1.10529
1.09784
1.09328
1.09269
1.09767
1.10994
1.1305
1.15906
1.19372
1.23121
1.26765
1.29922
1.32262
1.33545
1.33629
1.32496
1.30258
1.27181
1.23668
1.20161
1.16999
1.14329
1.12131
1.10337
1.08949
1.0804
1.07665
1.07801
1.08339
1.09127
1.10025
1.10957
1.11949
1.13139
1.14698
1.16651
1.18796
1.20786
1.22304
1.23198
1.23504
1.23398
1.23146
1.23037
1.23299
1.24014
1.25094
1.26322
1.27418
1.28151
1.28367
1.28021
1.27131
1.25796
1.2416
1.22426
1.20823
1.19561
1.18777
1.18496
1.1861
1.18899
1.1907
1.18833
1.17995
1.16514
1.14528
1.12359
1.1042
1.09113
1.08677
1.09113
1.10214
1.11694
1.13285
1.14792
1.16091
1.17114
1.17854
1.18371
1.18782
1.19272
1.20037
1.2122
1.22847
1.24778
1.26736
1.28367
1.29336
1.29417
1.28566
1.26916
1.24741
1.22364
1.20065
1.18002
1.16199
1.14584
1.13065
1.11594
1.10185
1.08902
1.07832
1.07051
1.06604
1.0648
1.06621
1.06943
1.07362
1.07802
1.08225
1.08639
1.09128
1.09833
1.10918
1.12527
1.14744
1.17561
1.20886
1.24548
1.28305
1.31876
1.34973
1.37327
1.38719
1.39022
1.38215
1.36372
1.33664
1.30328
1.26657
1.22991
1.19668
1.16991
1.15202
1.14411
1.14537
1.15324
1.1642
1.1749
1.18285
1.18661
1.1856
1.17973
1.16908
1.15369
1.13397
1.11099
1.08699
1.06512
1.04873
1.04045
1.04153
1.05177
1.06964
1.09282
1.11874
1.14516
1.17022
1.19236
1.21041
1.22388
1.23321
1.23953
1.24413
1.24778
1.25039
1.25126
1.2496
1.24536
1.23983
1.23563
1.23568
1.24149
1.25165
1.262
1.2678
1.26576
1.25534
1.23887
1.2207
1.2054
1.19646
1.19545
1.20179
1.21321
1.22648
1.23829
1.24604
1.24832
1.24534
1.2386
1.23039
1.22256
1.21551
1.20813
1.19866
1.18583
1.16957
1.15108
1.13232
1.1154
1.10219
1.09392
1.09116
1.09371
1.10074
1.11119
1.12425
1.13944
1.15634
1.1743
1.1921
1.20795
1.21973
1.2255
1.22406
1.2156
1.20169
1.18501
1.16837
1.154
1.14345
1.13796
1.13841
1.14504
1.15685
1.17182
1.18751
1.20159
1.21224
1.21833
1.2197
1.21697
1.21137
1.20422
1.19665
1.18933
1.18268
1.17716
1.17335
1.17181
1.17301
1.17668
1.18159
1.18576
1.18727
1.1853
1.18079
1.17614
1.17375
1.1747
1.17854
1.18432
1.19166
1.20124
1.21386
1.22918
1.24519
1.2591
1.26868
1.27332
1.27395
1.27236
1.27043
1.26929
1.26885
1.26795
1.26472
1.25749
1.24523
1.2279
1.20656
1.18309
1.16023
1.14111
1.12831
1.12295
1.12434
1.13045
1.13885
1.14758
1.15557
1.16259
1.16879
1.17441
1.17956
1.18434
1.18878
1.19264
1.19556
1.19746
1.19889
1.20089
1.20456
1.2103
1.21762
1.22521
1.23131
1.23425
1.23308
1.22796
1.22002
1.2111
1.20296
1.1967
1.19262
1.19045
1.18958
1.18922
1.1884
1.18582
1.18022
1.17062
1.15683
1.13977
1.12155
1.10471
1.09137
1.0825
1.07776
1.07598
1.076
1.07734
1.08013
1.08466
1.09097
1.09881
1.10804
1.11912
1.13308
1.15102
1.17336
1.19915
1.22606
1.25101
1.27111
1.28441
1.29034
1.28963
1.28412
1.27611
1.26793
1.26129
1.25682
1.25434
1.25306
1.25198
1.24999
1.24596
1.23866
1.22672
1.2091
1.18573
1.15833
1.13082
1.10853
1.09626
1.09636
1.10777
1.12685
1.14873
1.16855
1.18253
1.18862
1.18675
1.17858
1.16703
1.15552
1.14697
1.14311
1.14397
1.14828
1.15425
1.16051
1.16638
1.1716
1.17587
1.17864
1.17943
1.17822
1.1758
1.17362
1.17312
1.17511
1.17927
1.18413
1.18751
1.18723
1.1821
1.173
1.16369
1.16024
1.16811
1.18847
1.21694
1.24594
1.26848
1.28052
1.28153
1.27348
1.25979
1.24414
1.22972
1.2186
1.21139
1.20732
1.2047
1.20191
1.19803
1.19313
1.18778
1.1825
1.17756
1.173
1.16925
1.16754
1.16965
1.17708
1.19015
1.20755
1.22684
1.24509
1.25959
1.26811
1.26902
1.2617
1.24699
1.22752
1.20734
1.19049
1.1796
1.17511
1.17544
1.1777
1.17832
1.17388
1.16197
1.14187
1.11497
1.08531
1.05954
1.04566
1.05008
1.07395
1.11185
1.15428
1.19216
1.21992
1.23625
1.2429
1.24287
1.23888
1.23246
1.2241
1.21354
1.20053
1.1855
1.17008
1.15722
1.15012
1.15055
1.15756
1.16832
1.17949
1.18881
1.19554
1.20019
1.20367
1.20677
1.20983
1.2128
1.21547
1.21754
1.21871
1.21882
1.21785
1.21582
1.21302
1.20987
1.20681
1.20415
1.20181
1.19919
1.19526
1.1891
1.1805
1.17011
1.15896
1.14786
1.13717
1.12713
1.11846
1.11235
1.10997
1.11218
1.11918
1.13043
1.14476
1.16061
1.17661
1.19177
1.20556
1.21763
1.22754
1.23446
1.23713
1.23422
1.22517
1.21072
1.19306
1.17535
1.16065
1.15082
1.14593
1.1444
1.14408
1.14323
1.14136
1.13912
1.13776
1.13854
1.14226
1.14913
1.15896
1.17151
1.18657
1.20365
1.22149
1.23769
1.24927
1.25382
1.25054
1.24065
1.22719
1.21394
1.20405
1.19899
1.19821
1.19942
1.19976
1.19708
1.19116
1.18414
1.17994
1.18238
1.19328
1.21146
1.23341
1.2547
1.27142
1.28069
1.28083
1.27107
1.25149
1.2232
1.18857
1.15127
1.11572
1.08619
1.06533
1.05348
1.0492
1.05032
1.05472
1.061
1.0683
1.07626
1.08487
1.09437
1.10507
1.11716
1.13062
1.14524
1.16094
1.17761
1.19488
1.2117
1.22636
1.23725
1.24373
1.24655
1.24746
1.2482
1.24971
1.25176
1.25342
1.25338
1.25073
1.24517
1.23714
1.22785
1.21897
1.21199
1.20774
1.20623
1.20674
1.20817
1.20934
1.20927
1.20717
1.20246
1.19477
1.18417
1.17092
1.15536
1.13804
1.12004
1.10336
1.09084
1.08564
1.09009
1.10456
1.12708
1.15392
1.18085
1.20435
1.22224
1.23362
1.23832
1.23638
1.22768
1.21228
1.19111
1.16635
1.14129
1.11963
1.10452
1.09785
1.09983
1.10916
1.1237
1.14102
1.15885
1.17541
1.18948
1.20052
1.20848
1.21359
1.21651
1.21826
1.22004
1.22268
1.22609
1.22899
1.22965
1.22677
1.22025
1.21148
1.20316
1.19809
1.19791
1.20218
1.20871
1.21455
1.21707
1.21469
1.20696
1.1943
1.17777
1.15848
1.13751
1.11603
1.09562
1.07855
1.06761
1.06536
1.07324
1.09111
1.11741
1.14946
1.18371
1.21607
1.2422
1.25837
1.26233
1.25394
1.23561
1.21192
1.18848
1.17015
1.15924
1.15504
1.15493
1.15587
1.15598
1.15499
1.15419
1.15571
1.16142
1.17181
1.18551
1.19974
1.21106
1.2165
1.2144
1.20494
1.19
1.17265
1.15645
1.14493
1.1409
1.14592
1.15968
1.18007
1.20357
1.22642
1.2453
1.25791
1.2631
1.26099
1.25275
1.2402
1.22498
1.20831
1.19095
1.17371
1.15807
1.14649
1.14177
1.14587
1.15877
1.17792
1.19908
1.21765
1.23019
1.23518
1.23298
1.22526
1.21419
1.20159
1.1885
1.17517
1.16162
1.14794
1.13454
1.12244
1.11289
1.10718
1.10634
1.11093
1.12099
1.13599
1.1548
1.17536
1.19483
1.21005
1.21839
1.219
1.21323
1.20439
1.19652
1.19304
1.19566
1.20389
1.21541
1.22702
1.2356
1.23899
1.23627
1.22817
1.21687
1.20553
1.19696
1.19225
1.1908
1.19183
1.19543
1.20209
1.21151
1.22209
1.23171
1.2386
1.24192
1.24176
1.23916
1.23576
1.23275
1.22992
1.22518
1.21568
1.19948
1.17692
1.15058
1.12464
1.10379
1.09227
1.09277
1.10559
1.12861
1.15789
1.18891
1.21752
1.24101
1.25829
1.26966
1.27615
1.2786
1.27701
1.27053
1.25812
1.23908
1.21378
1.18364
1.15092
1.11822
1.08796
1.06243
1.044
1.03501
1.03729
1.05111
1.07455
1.10381
1.13449
1.16248
1.185
1.20096
1.21079
1.2162
1.21947
1.22229
1.22523
1.22789
1.22934
1.22852
1.22424
1.21552
1.202
1.18448
1.16503
1.14672
1.13261
1.12483
1.12393
1.12911
1.13902
1.15233
1.16775
1.18391
1.19911
1.21155
1.21974
1.22275
1.2206
1.2145
1.20662
1.19959
1.19583
1.19653
1.20104
1.20723
1.21212
1.21273
1.20672
1.19276
1.17089
1.14274
1.11152
1.08165
1.05799
1.04495
1.04557
1.06091
1.08988
1.12952
1.17575
1.22418
1.27049
1.31056
1.3408
1.35845
1.36203
1.35155
1.3285
1.29566
1.25687
1.21658
1.17974
1.15142
1.1357
1.13446
1.14657
1.16815
1.19388
1.21825
1.23664
1.24567
1.24356
1.22993
1.20581
1.17357
1.13679
1.10007
1.06808
1.04446
1.03098
1.02759
1.03284
1.04486
1.06177
1.08184
1.10352
1.12559
1.14722
1.1682
1.18841
1.20749
1.2244
1.23784
1.24686
1.25116
1.25095
1.24651
1.23834
1.22735
1.21522
1.20425
1.19657
1.19327
1.19384
1.19651
1.19905
1.19972
1.19798
1.19429
1.18955
1.18451
1.17935
1.17379
1.16738
1.16019
1.15294
1.1467
1.14215
1.13938
1.13798
1.13773
1.1389
1.14215
1.14836
1.15816
1.17156
1.18783
1.20559
1.22319
1.23893
1.25111
1.25827
1.25943
1.25429
1.24327
1.2275
1.20859
1.18845
1.16908
1.15228
1.13953
1.13197
1.13035
1.13511
1.14592
1.16154
1.18001
1.19911
1.21703
1.23263
1.24528
1.25457
1.26001
1.26099
1.25719
1.24903
1.23761
1.22472
1.21236
1.20228
1.19514
1.19056
1.18746
1.18479
1.18237
1.18083
1.18095
1.18271
1.185
1.18609
1.18457
1.17997
1.1727
1.16369
1.15395
1.14462
1.13704
1.13293
1.1338
1.14028
1.15136
1.16472
1.17754
1.18772
1.19446
1.19814
1.19991
1.20111
1.20301
1.20677
1.21297
1.22076
1.22695
1.22709
1.21748
1.19693
1.16718
1.13219
1.09716
1.06722
1.04642
1.03723
1.04047
1.0556
1.08069
1.11279
1.14863
1.18554
1.22194
1.25689
1.28874
1.31499
1.33314
1.342
1.34225
1.33583
1.32519
1.31242
1.29891
1.28506
1.27057
1.25492
1.23804
1.2207
1.20421
1.18993
1.17863
1.17048
1.1653
1.16263
1.1617
1.16099
1.15861
1.15296
1.14352
1.13156
1.11995
1.11231
1.11188
1.12043
1.13757
1.16087
1.1866
1.21076
1.22992
1.24189
1.24583
1.24226
1.23293
1.22023
1.20653
1.19358
1.18216
1.17194
1.16179
1.15021
1.13588
1.11855
1.09931
1.08087
1.06701
1.06144
1.06647
1.08212
1.10614
1.13483
1.16407
1.19018
1.21063
1.22414
1.23065
1.23114
1.22737
1.22132
1.21463
1.20823
1.20223
1.19638
1.19039
1.18433
1.17882
1.17475
1.17314
1.17461
1.17933
1.18699
1.19718
1.20945
1.22316
1.23697
1.24865
1.25565
1.25607
1.24969
1.23812
1.22441
1.21231
1.20527
1.20547
1.21294
1.22526
1.2381
1.24645
1.24641
1.23624
1.21703
1.19253
1.16812
1.14931
1.13996
1.14138
1.15216
1.16895
1.18745
1.20344
1.21366
1.21616
1.21059
1.19815
1.18122
1.16286
1.14599
1.13272
1.12413
1.12041
1.12116
1.12595
1.13476
1.14776
1.16481
1.18486
1.20577
1.22476
1.23916
1.2472
1.24847
1.24375
1.23441
1.22178
1.20667
1.18963
1.17173
1.15503
1.14221
1.13561
1.13604
1.14222
1.15113
1.15893
1.16214
1.1586
1.14818
1.13265
1.11546
1.10089
1.09309
1.095
1.10771
1.13031
1.16013
1.19363
1.22706
1.25703
1.2809
1.29679
1.30361
1.30108
1.28967
1.27096
1.24772
1.22341
1.20142
1.18394
1.17162
1.16402
1.1604
1.1604
1.16372
1.1698
1.17762
1.18599
1.1937
1.1999
1.20433
1.20749
1.21052
1.21433
1.21872
1.22206
1.22201
1.21683
1.20635
1.19201
1.17624
1.16155
1.1496
1.14075
1.13405
1.128
1.1216
1.11494
1.10933
1.10668
1.10846
1.11516
1.12618
1.14021
1.15579
1.1718
1.18757
1.2029
1.21761
1.23156
1.24449
1.25599
1.26565
1.27306
1.27768
1.27885
1.27546
1.26645
1.251
1.2294
1.20334
1.17557
1.14914
1.12667
1.11027
1.10173
1.10209
1.1107
1.12512
1.14217
1.15899
1.17351
1.18438
1.19083
1.19268
1.19032
1.1847
1.17743
1.1705
1.16556
1.16324
1.16299
1.16394
1.16604
1.17045
1.17896
1.19259
1.2106
1.23047
1.24894
1.26311
1.27139
1.27347
1.27017
1.26294
1.25336
1.24271
1.23172
1.22062
1.2095
1.19873
1.18906
1.18125
1.17555
1.17138
1.16746
1.1627
1.15692
1.15114
1.14743
1.14795
1.1542
1.16636
1.18344
1.20371
1.22489
1.24435
1.25941
1.26756
1.26701
1.25705
1.23817
1.21226
1.18245
1.15287
1.12811
1.11239
1.10847
1.11669
1.1347
1.15822
1.1821
1.20192
1.21489
1.22015
1.21873
1.21323
1.20738
1.2048
1.20764
1.21552
1.22555
1.23381
1.23724
1.23459
1.22665
1.21525
1.2022
1.18869
1.17519
1.16205
1.15008
1.14096
1.13678
1.13912
1.14789
1.16166
1.17833
1.19617
1.21389
1.23003
1.24248
1.24867
1.24617
1.23352
1.21088
1.18025
1.145
1.10948
1.07809
1.0545
1.04094
1.03795
1.04462
1.059
1.07872
1.10123
1.12414
1.14526
1.16283
1.17568
1.18316
1.18503
1.18146
1.17298
1.16095
1.14745
1.13511
1.12675
1.12496
1.13149
1.14698
1.17057
1.19995
1.23168
1.26164
1.28587
1.30149
1.30719
1.30337
1.2919
1.27547
1.25688
1.23832
1.221
1.20492
1.1892
1.17276
1.15545
1.13853
1.12428
1.11528
1.11351
1.1196
1.13288
1.15162
1.17351
1.1963
1.21815
1.23756
1.25321
1.26391
1.26861
1.26708
1.26032
1.25051
1.24026
1.23106
1.22235
1.21179
1.19692
1.17663
1.15195
1.12559
1.10113
1.08188
1.07
1.06594
1.06861
1.07605
1.08616
1.09729
1.10862
1.12001
1.13181
1.14435
1.15777
1.17178
1.18561
1.19817
1.20834
1.21561
1.2202
1.22327
1.22668
1.23216
1.24068
1.25175
1.26365
1.27426
1.28194
1.28599
1.28653
1.28394
1.27856
1.27055
1.26015
1.2482
1.23598
1.22465
1.21466
1.20567
1.19682
1.18733
1.1768
1.16511
1.15232
1.13851
1.1238
1.1085
1.09346
1.08016
1.07055
1.06654
1.06912
1.07776
1.09028
1.10392
1.11649
1.12703
1.13542
1.14198
1.14728
1.15189
1.15635
1.16098
1.16579
1.17049
1.17476
1.17827
1.18105
1.18353
1.18659
1.19114
1.19764
1.2056
1.21346
1.21916
1.22116
1.21903
1.21368
1.207
1.20123
1.19857
1.20079
1.20859
1.22149
1.23745
1.25319
1.26504
1.26992
1.26598
1.2528
1.23124
1.20312
1.17092
1.13768
1.10679
1.08176
1.06555
1.06037
1.06721
1.08539
1.1124
1.14406
1.17544
1.20188
1.21998
1.22804
1.22606
1.21535
1.19809
1.17678
1.15389
1.13174
1.11245
1.0981
1.09049
1.09096
1.09984
1.11602
1.13708
1.16003
1.1823
1.2023
1.21946
1.23387
1.24585
1.25566
1.26312
1.26773
1.26882
1.26565
1.25763
1.24449
1.22664
1.20525
1.18217
1.15961
1.13939
1.12242
1.10853
1.09686
1.08672
1.0782
1.07252
1.07168
1.07765
1.09154
1.11306
1.14042
1.17097
1.20189
1.23089
1.25644
1.27744
1.29309
1.3027
1.30579
1.30227
1.29281
1.27854
1.26133
1.24339
1.22682
1.21327
1.20351
1.19745
1.19448
1.19359
1.19342
1.19232
1.18839
1.1799
1.1663
1.14888
1.13077
1.11581
1.10715
1.106
1.11158
1.12192
1.13502
1.14936
1.16407
1.17852
1.19203
1.20366
1.21221
1.21668
1.21681
1.21346
1.20873
1.20541
1.20616
1.21247
1.22404
1.23882
1.25379
1.26621
1.27422
1.27703
1.27455
1.26642
1.25155
1.22849
1.19642
1.15641
1.11261
1.07264
1.04595
1.04001
1.05691
1.0925
1.13869
1.18655
1.22863
1.26005
1.27848
1.2839
1.27807
1.26386
1.24473
1.22432
1.20625
1.1938
1.18933
1.19382
1.20664
1.22563
1.24751
1.26856
1.28479
1.29254
1.28889
1.27237
1.2435
1.20521
1.16268
1.12226
1.08984
1.06923
1.06158
1.06577
1.07921
1.09886
1.12179
1.14544
1.16744
1.18547
1.1971
1.20024
1.19401
1.17933
1.15922
1.13794
1.11957
1.10664
1.09994
1.09899
1.10309
1.11173
1.12467
1.14177
1.16247
1.18538
1.20834
1.22898
1.24554
1.25734
1.26459
1.26816
1.26939
1.27028
1.27331
1.28073
1.29327
1.30917
1.3246
1.33523
1.33786
1.33115
1.31579
1.29365
1.26688
1.23737
1.20641
1.17467
1.14246
1.11022
1.07909
1.0515
1.03141
1.02366
1.03173
1.05518
1.08906
1.12645
1.16154
1.19091
1.21304
1.22731
1.23337
1.2311
1.22097
1.20472
1.18545
1.16704
1.15323
1.1466
1.14806
1.15689
1.17118
1.1884
1.20601
1.22181
1.23414
1.2422
1.24619
1.24728
1.24725
1.24786
1.25035
1.25503
1.26111
1.26654
1.26852
1.26426
1.25183
1.231
1.20333
1.17209
1.14158
1.1165
1.10104
1.09772
1.10656
1.12485
1.14784
1.17022
1.1877
1.198
1.20107
1.19863
1.19331
1.18776
1.18358
1.18119
1.17998
1.17907
1.17802
1.17708
1.1769
1.17791
1.17997
1.18227
1.18366
1.18306
1.17983
1.17389
1.16557
1.15539
1.14358
1.13031
1.11591
1.10124
1.08785
1.07772
1.07313
1.07652
1.08988
1.11379
1.14641
1.18363
1.2205
1.25276
1.27776
1.2942
1.30157
1.29986
1.28987
1.27361
1.25423
1.23532
1.22021
1.2111
1.20856
1.21138
1.21708
1.22289
1.22639
1.22596
1.2209
1.21156
1.19946
1.18714
1.17766
1.1737
1.17674
1.18667
1.20204
1.22042
1.2393
1.25641
1.26979
1.27781
1.27902
1.27229
1.25721
1.23436
1.20546
1.17315
1.14043
1.11022
1.08495
1.06651
1.05617
1.05443
1.06097
1.07456
1.0933
1.11487
1.13679
1.1571
1.17479
1.18994
1.20338
1.21617
1.22879
1.24075
1.25053
1.25607
1.25521
1.24656
1.23006
1.20704
1.18009
1.15269
1.12862
1.11106
1.10177
1.10087
1.10703
1.11797
1.13108
1.14413
1.15545
1.16374
1.16777
1.16644
1.15915
1.14656
1.13083
1.1155
1.10457
1.10158
1.10874
1.12663
1.15416
1.18888
1.22716
1.26466
1.29672
1.31935
1.33009
1.32853
1.31679
1.29902
1.28001
1.26345
1.25052
1.2399
1.22877
1.21426
1.19482
1.17114
1.14597
1.12314
1.10618
1.09762
1.0987
1.10919
1.12729
1.1499
1.17336
1.19436
1.21092
1.22271
1.23072
1.23649
1.24127
1.24557
1.24911
1.25073
1.24858
1.24096
1.22715
1.20768
1.18411
1.15835
1.13228
1.10785
1.08737
1.07359
1.06913
1.07583
1.09387
1.12158
1.15556
1.19157
1.22535
1.25344
1.27339
1.28374
1.28372
1.27314
1.25247
1.22301
1.18718
1.14837
1.11084
1.07906
1.05686
1.04681
1.04949
1.06384
1.08762
1.11801
1.15198
1.18674
1.21971
1.24872
1.27198
1.28779
1.2945
1.29084
1.27684
1.2544
1.22735
1.20077
1.17967
1.16761
1.16575
1.1729
1.18626
1.20221
1.21712
1.22806
1.23333
1.23262
1.22727
1.21971
1.21248
1.20736
1.20471
1.20334
1.20129
1.19665
1.18823
1.176
1.16119
1.1461
1.13347
1.12583
1.12483
1.13096
1.14334
1.16004
1.17854
1.19631
1.21129
1.2223
1.22929
1.23314
1.23536
1.23708
1.23856
1.23878
1.23602
1.22856
1.21523
1.19553
1.16976
1.13886
1.10487
1.07113
1.04177
1.02096
1.01183
1.01601
1.03362
1.06378
1.10487
1.15419
1.20788
1.26108
1.30857
1.3453
1.36735
1.37233
1.35949
1.32991
1.28667
1.23475
1.18085
1.13257
1.09667
1.07774
1.07754
1.09543
1.12846
1.17178
1.21911
1.26392
1.30038
1.32415
1.33273
1.32554
1.30371
1.27007
1.22895
1.18561
1.14531
1.11205
1.08734
1.07049
1.06013
1.05607
1.05966
1.07238
1.09439
1.12404
1.15816
1.19315
1.22556
1.25241
1.27155
1.28168
1.28269
1.27567
1.26299
1.24795
1.23394
1.22372
1.21871
1.21905
1.22399
1.23227
1.2424
1.25298
1.26284
1.27116
1.27743
1.28118
1.28191
1.27916
1.27262
1.26232
1.24864
1.23235
1.21438
1.19574
1.17727
1.15931
1.14171
1.12408
1.1064
1.08953
1.07531
1.06609
1.06365
1.06841
1.07926
1.09414
1.11085
1.12768
1.14355
1.1581
1.1712
1.18243
1.19082
1.19508
1.19402
1.18731
1.17606
1.16311
1.15245
1.1478
1.15125
1.16267
1.18003
1.20038
1.22098
1.23991
1.25614
1.26939
1.27947
1.28596
1.28816
1.28519
1.27654
1.26259
1.24472
1.22521
1.20675
1.19168
1.18136
1.17583
1.17393
1.17388
1.17395
1.17282
1.16997
1.16562
1.16106
1.1585
1.16004
1.16666
1.17775
1.19153
1.20582
1.21875
1.22889
1.23489
1.2351
1.22766
1.21149
1.18755
1.15952
1.13329
1.11539
1.11055
1.11962
1.13923
1.1637
1.18763
1.20767
1.22282
1.23376
1.24115
1.24482
1.24381
1.23755
1.22686
1.21392
1.20152
1.19154
1.18461
1.18003
1.17595
1.17005
1.16014
1.14556
1.13001
1.12379
1.13873
1.17637
1.2244
1.26772
1.29748
1.3112
1.30964
1.29547
1.2734
1.24968
1.22996
1.21696
1.20953
1.20453
1.19893
1.19099
1.18053
1.1686
1.157
1.14746
1.14079
1.1364
1.13286
1.12905
1.12548
1.12487
1.13085
1.14564
1.16833
1.19513
1.22121
1.24224
1.2554
1.25955
1.25482
1.24238
1.2241
1.20233
1.17995
1.15984
1.1443
1.13455
1.13035
1.13034
1.13266
1.13562
1.13811
1.13955
1.13992
1.13952
1.1387
1.13753
1.13591
1.13386
1.13161
1.12967
1.12851
1.12811
1.12804
1.12781
1.12723
1.12681
1.12772
1.13178
1.14101
1.15661
1.17793
1.20237
1.22628
1.24627
1.26026
1.26783
1.2701
1.2692
1.26718
1.26535
1.26368
1.26089
1.25551
1.24685
1.23575
1.22424
1.21482
1.20934
1.20808
1.20989
1.21264
1.21403
1.21233
1.20699
1.19869
1.18918
1.18069
1.17523
1.17385
1.17642
1.18188
1.18844
1.19412
1.1972
1.1964
1.19105
1.18098
1.16662
1.14929
1.13172
1.11731
1.10851
1.10565
1.1071
1.11119
1.11766
1.12716
1.13991
1.15503
1.171
1.18632
1.19986
1.21096
1.21925
1.22425
1.22559
1.22277
1.21582
1.20523
1.19211
1.17791
1.16409
1.15163
1.14094
1.13247
1.12695
1.12562
1.12989
1.14079
1.15829
1.18091
1.20595
1.23013
1.25031
1.26413
1.27027
1.26839
1.25887
1.24272
1.22169
1.19822
1.17521
1.15558
1.14161
1.13442
1.13357
1.13727
1.14319
1.14913
1.15356
1.15552
1.15458
1.15086
1.14539
1.14036
1.13895
1.14451
1.1594
1.18382
1.21521
1.24881
1.27913
1.30101
1.31093
1.30746
1.29134
1.26512
1.23251
1.19784
1.1653
1.13807
1.11787
1.10462
1.09684
1.09257
1.09024
1.08923
1.08983
1.09273
1.09856
1.10753
1.11925
1.13286
1.14739
1.16172
1.17441
1.18375
1.18811
1.18654
1.17902
1.1668
1.15245
1.13955
1.13213
1.13336
1.14466
1.1648
1.19024
1.21606
1.23726
1.24956
1.25012
1.23799
1.21456
1.18379
1.15151
1.1238
1.10472
1.09513
1.09289
1.0947
1.09793
1.10157
1.10657
1.11513
1.1297
1.15149
1.17961
1.21111
1.24206
1.26904
1.29017
1.30524
1.31485
1.31954
1.31931
1.3137
1.30232
1.28544
1.26431
1.24099
1.21803
1.19805
1.18301
1.17354
1.16861
1.166
1.16364
1.1606
1.15747
1.15608
1.15849
1.16596
1.17826
1.1938
1.21027
1.22529
1.23657
1.24213
1.24019
1.22947
1.20975
1.18241
1.15057
1.11866
1.09146
1.07315
1.06639
1.07201
1.08887
1.11429
1.14468
1.17642
1.20649
1.23245
1.2524
1.26454
1.26734
1.25961
1.24112
1.21313
1.17881
1.14274
1.10961
1.08324
1.0661
1.0594
1.06281
1.07485
1.09341
1.11625
1.14147
1.16738
1.19246
1.21512
1.23392
1.24765
1.25542
1.25688
1.25205
1.24142
1.22597
1.20733
1.18747
1.16838
1.15168
1.13833
1.12853
1.12171
1.1169
1.11363
1.1125
1.11506
1.12313
1.13765
1.15821
1.18277
1.20832
1.23148
1.24921
1.25922
1.26037
1.25285
1.23813
1.21875
1.19787
1.17868
1.16349
1.15317
1.14686
1.14253
1.13809
1.13271
1.1275
1.12518
1.12899
1.14136
1.16275
1.19158
1.2246
1.25763
1.28649
1.30772
1.31905
1.31949
1.30896
1.28822
1.25855
1.22171
1.17986
1.13584
1.09315
1.05607
1.02873
1.01447
1.01479
1.02914
1.05547
1.09061
1.13073
1.1715
1.20842
1.23773
1.25727
1.26693
1.2684
1.26456
1.25877
1.25394
1.25193
1.25322
1.25687
1.26109
1.26397
1.26387
1.25943
1.25
1.23561
1.217
1.19581
1.17442
1.15571
1.14252
1.13682
1.13899
1.14743
1.15911
1.17052
1.17891
1.18299
1.18292
1.17985
1.17511
1.16969
1.16426
1.15958
1.15675
1.15689
1.16069
1.16806
1.17804
1.18902
1.19886
1.20517
1.20601
1.20051
1.18963
1.17615
1.16359
1.15465
1.14987
1.14798
1.14689
1.14478
1.14064
1.13474
1.12849
1.12393
1.12289
1.12638
1.13478
1.14794
1.16514
1.18499
1.2054
1.22395
1.23825
1.24626
1.24676
1.23986
1.22715
1.21134
1.19559
1.18242
1.17289
1.1663
1.16071
1.15401
1.14474
1.13263
1.11838
1.10346
1.08976
1.07903
1.07275
1.07189
1.07664
1.0865
1.10049
1.11745
1.1361
1.15518
1.17368
1.1915
1.20981
1.23032
1.25321
1.27598
1.29467
1.30582
1.30812
1.30269
1.29235
1.28037
1.26948
1.26102
1.25497
1.25044
1.24623
1.24124
1.23504
1.22805
1.22149
1.21684
1.21494
1.21516
1.21533
1.21232
1.20333
1.1871
1.16539
1.14324
1.12766
1.12428
1.134
1.15243
1.17263
1.18859
1.19704
1.19731
1.19036
1.17793
1.16182
1.14373
1.12537
1.10866
1.09536
1.08688
1.08377
1.08556
1.09089
1.09794
1.105
1.11083
1.11495
1.11773
1.12026
1.124
1.1303
1.14
1.15324
1.16948
1.18767
1.2063
1.2236
1.23789
1.24786
1.25301
1.25379
1.25118
1.24622
1.23928
1.22999
1.21771
1.20238
1.18529
1.16912
1.1574
1.15327
1.15855
1.17293
1.1941
1.21834
1.24146
1.25967
1.27042
1.27272
1.26709
1.25513
1.23896
1.22052
1.20122
1.18186
1.16301
1.14534
1.13021
1.11973
1.11616
1.12094
1.13403
1.15383
1.17755
1.20207
1.22448
1.24231
1.25373
1.25761
1.25361
1.24241
1.22602
1.2078
1.19202
1.1826
1.18182
1.18933
1.20232
1.21643
1.22739
1.23227
1.23006
1.22186
1.21026
1.19828
1.18841
1.18186
1.17839
1.1766
1.17463
1.17051
1.16293
1.15159
1.13752
1.12313
1.11178
1.10692
1.11112
1.12489
1.1464
1.17205
1.19763
1.21958
1.2356
1.24465
1.24657
1.24176
1.23105
1.21568
1.19726
1.17765
1.15852
1.14127
1.12705
1.11682
1.11162
1.11243
1.11968
1.13274
1.14985
1.16859
1.18663
1.20221
1.21431
1.2223
1.22601
1.22534
1.22024
1.2111
1.19964
1.18923
1.18365
1.1844
1.18945
1.19504
1.1984
1.19916
1.19867
1.19876
1.2008
1.205
1.21049
1.21581
1.21961
1.22108
1.2203
1.21788
1.21418
1.20867
1.20096
1.19209
1.18499
1.18307
1.18812
1.19941
1.21475
1.23204
1.25002
1.26785
1.28412
1.29629
1.30094
1.29535
1.2791
1.25466
1.22644
1.19917
1.1761
1.15824
1.14493
1.13492
1.1272
1.12122
1.11702
1.11493
1.11558
1.11941
1.12634
1.13535
1.14469
1.15233
1.15666
1.15694
1.15349
1.14747
1.14033
1.13331
1.12721
1.12243
1.11964
1.12037
1.1271
1.14196
1.16455
1.19116
1.21643
1.23583
1.24736
1.2515
1.25039
1.24672
1.24295
1.24033
1.23856
1.23621
1.23171
1.22418
1.21375
1.20142
1.18839
1.17576
1.16449
1.15579
1.15102
1.15148
1.15789
1.16985
1.18581
1.20328
1.21948
1.23184
1.23852
1.23861
1.23211
1.22015
1.20463
1.18817
1.17368
1.16374
1.16006
1.16279
1.17009
1.17845
1.18332
1.18035
1.16672
1.14205
1.10869
1.0717
1.0379
1.01431
1.00623
1.01575
1.04103
1.07721
1.11794
1.15729
1.191
1.21709
1.23564
1.24813
1.25685
1.2641
1.27143
1.27907
1.28618
1.29175
1.29504
1.29553
1.29266
1.28574
1.27424
1.25811
1.23804
1.21535
1.19185
1.16973
1.15122
1.13829
1.13202
1.13239
1.13854
1.14906
1.16249
1.17716
1.19128
1.2031
1.2115
1.21614
1.21743
1.21591
1.21187
1.20521
1.19601
1.18508
1.17406
1.16504
1.15994
1.15963
1.16385
1.17143
1.18079
1.19057
1.1999
1.20864
1.21702
1.22527
1.23321
1.24009
1.24433
1.2437
1.23579
1.21886
1.19253
1.15807
1.11825
1.07703
1.03904
1.00847
0.988038
0.978665
0.979799
0.989975
1.00738
1.03049
1.05847
1.09099
1.12756
1.16674
1.20582
1.24132
1.26965
1.28791
1.29445
1.28913
1.27338
1.25015
1.22359
1.19856
1.17994
1.17132
1.17416
1.18729
1.20729
1.22968
1.25031
1.26606
1.27554
1.27887
1.27716
1.27184
1.26416
1.25484
1.24422
1.23252
1.2199
1.20642
1.19196
1.17642
1.16008
1.14427
1.13111
1.12248
1.11939
1.12163
1.12817
1.13778
1.14951
1.16268
1.17668
1.1908
1.20421
1.21625
1.22658
1.23516
1.24202
1.24692
1.24928
1.24833
1.24333
1.23406
1.22086
1.20465
1.18627
1.16617
1.14458
1.12182
1.09894
1.07821
1.06307
1.0572
1.06329
1.08188
1.11089
1.14596
1.1814
1.21175
1.23314
1.24377
1.24381
1.23487
1.21931
1.19998
1.18014
1.16308
1.15161
1.14738
1.15068
1.16052
1.17502
1.19163
1.2073
1.21896
1.22431
1.22237
1.21394
1.20132
1.18754
1.17558
1.16768
1.1649
1.16708
1.17304
1.18079
1.18815
1.1934
1.19622
1.19771
1.19959
1.20326
1.20879
1.2148
1.21949
1.22142
1.22035
1.21725
1.21378
1.21171
1.21226
1.21571
1.22151
1.22826
1.23401
1.23681
1.23504
1.22783
1.21555
1.19968
1.18245
1.16605
1.1519
1.14027
1.13062
1.12242
1.11566
1.111
1.10946
1.11188
1.11876
1.13017
1.14566
1.16422
1.18424
1.20385
1.22132
1.23558
1.24635
1.25395
1.25868
1.26045
1.25864
1.25244
1.24134
1.2257
1.20663
1.18583
1.16515
1.14614
1.13016
1.11834
1.11171
1.11096
1.11625
1.12694
1.14127
1.15683
1.17112
1.18182
1.18727
1.18635
1.17881
1.16518
1.14706
1.12727
1.10994
1.09962
1.09979
1.11119
1.1315
1.1566
1.18229
1.20554
1.22457
1.23848
1.24692
1.25007
1.24884
1.24488
1.2402
1.23634
1.23351
1.23062
1.22618
1.21909
1.20953
1.19887
1.18906
1.18208
1.17902
1.17984
1.18342
1.188
1.19161
1.19263
1.18969
1.18182
1.16859
1.1505
1.12931
1.10805
1.09041
1.07948
1.07695
1.08273
1.0956
1.11382
1.13556
1.15906
1.18254
1.20432
1.22296
1.23732
1.24689
1.25167
1.25227
1.24973
1.24528
1.2402
1.23545
1.2317
1.22938
1.22852
1.22863
1.22871
1.22745
1.22348
1.21607
1.20565
1.19399
1.1836
1.17672
1.17408
1.17452
1.17581
1.1757
1.17254
1.16535
1.15388
1.13854
1.12042
1.10145
1.0844
1.07254
1.06888
1.07521
1.09123
1.11466
1.14193
1.16913
1.1927
1.20999
1.2199
1.22318
1.22222
1.22018
1.21985
1.22285
1.22974
1.24022
1.25344
1.26811
1.28244
1.29409
1.30067
1.29996
1.29057
1.27212
1.24563
1.21338
1.17864
1.14537
1.1175
1.09855
1.09114
1.09647
1.11386
1.14036
1.17128
1.20092
1.22376
1.23552
1.23413
1.22023
1.19717
1.17046
1.14657
1.13112
1.12765
1.13666
1.15547
1.17918
1.20234
1.22039
1.23071
1.23263
1.22688
1.21507
1.19915
1.1811
1.16288
1.14623
1.13279
1.12374
1.1197
1.12039
1.12463
1.13051
1.13604
1.13982
1.14186
1.1439
1.14884
1.15908
1.17515
1.19526
1.21615
1.23444
1.2473
1.25276
1.25004
1.23945
1.22259
1.20189
1.17963
1.15748
1.13695
1.11989
1.10855
1.10493
1.11015
1.1242
1.14573
1.17212
1.19971
1.22457
1.24322
1.25317
1.25323
1.24381
1.22707
1.20707
1.18895
1.17755
1.17566
1.18306
1.19692
1.21319
1.22816
1.23918
1.24464
1.24401
1.23757
1.22615
1.21106
1.19411
1.17779
1.1654
1.15986
1.16199
1.16945
1.17792
1.18377
1.18564
1.18404
1.18031
1.17557
1.17056
1.16601
1.16292
1.1624
1.16566
1.17368
1.18678
1.2044
1.22484
1.24547
1.26344
1.27628
1.28226
1.28059
1.27146
1.25612
1.23687
1.21699
1.20005
1.18866
1.18359
1.18376
1.1867
1.18964
1.19019
1.1868
1.17901
1.16762
1.15456
1.14253
1.13417
1.13109
1.13339
1.13935
1.14646
1.15242
1.15601
1.15732
1.15684
1.15479
1.15088
1.14464
1.13609
1.12617
1.11664
1.10975
1.10793
1.1132
1.12676
1.14846
1.17644
1.20744
1.23753
1.26349
1.28323
1.2959
1.30152
1.3005
1.29356
1.28185
1.26715
1.25158
1.23705
1.22468
1.21481
1.2075
1.20285
1.201
1.20168
1.20387
1.2058
1.2053
1.20039
1.18971
1.17292
1.15087
1.12587
1.10124
1.08088
1.06856
1.06691
1.07674
1.09642
1.12231
1.1498
1.17465
1.1943
1.20844
1.21841
1.22635
1.23403
1.24208
1.2497
1.25518
1.25661
1.25286
1.24405
1.23173
1.21807
1.20523
1.19502
1.18893
1.18813
1.19296
1.20239
1.21407
1.22502
1.23249
1.23424
1.22873
1.21527
1.19411
1.1667
1.13556
1.10391
1.07496
1.0512
1.03418
1.02483
1.02367
1.0307
1.04525
1.06579
1.09022
1.11618
1.14162
1.16489
1.18478
1.20051
1.21166
1.21846
1.22158
1.22193
1.22058
1.21854
1.21652
1.21494
1.21408
1.21403
1.21487
1.21664
1.21943
1.22321
1.22758
1.23195
1.23534
1.23679
1.23556
1.23147
1.2247
1.21568
1.20479
1.19232
1.17837
1.16302
1.14657
1.12961
1.11316
1.0985
1.08685
1.07902
1.07516
1.07513
1.07849
1.0848
1.09392
1.1059
1.12086
1.1386
1.15821
1.17802
1.19584
1.20965
1.2182
1.22157
1.22116
1.21916
1.21795
1.21922
1.22353
1.23022
1.2375
1.24326
1.24571
1.24377
1.23732
1.22699
1.21389
1.19929
1.18428
1.16949
1.15526
1.1418
1.12949
1.11895
1.11111
1.10685
1.10668
1.11037
1.1169
1.1247
1.13222
1.13843
1.143
1.14641
1.14926
1.15192
1.15417
1.15536
1.15487
1.15234
1.14796
1.14255
1.13755
1.13463
1.13558
1.14179
1.1539
1.17147
1.19269
1.21478
1.23472
1.2502
1.26016
1.26502
1.26642
1.26636
1.26656
1.26762
1.26886
1.26871
1.26539
1.25767
1.24548
1.22988
1.21279
1.19621
1.18165
1.16971
1.16023
1.15274
1.14662
1.14108
1.13526
1.12823
1.11957
1.10979
1.10053
1.09399
1.09208
1.09565
1.1046
1.11815
1.13571
1.157
1.18181
1.20962
1.23908
1.26821
1.29457
1.31556
1.32887
1.33271
1.3262
1.30938
1.28346
1.25075
1.21425
1.17745
1.14367
1.11578
1.09571
1.08402
1.08
1.08172
1.08698
1.09423
1.10295
1.1137
1.12758
1.14557
1.16774
1.1925
1.21654
1.2354
1.24474
1.24145
1.22464
1.19603
1.16011
1.12334
1.09298
1.07478
1.0709
1.07959
1.09639
1.11654
1.13636
1.15414
1.16984
1.18447
1.19918
1.21467
1.23086
1.24713
1.26249
1.27588
1.28644
1.29349
1.29646
1.29461
1.28704
1.27311
1.25297
1.22835
1.20279
1.18108
1.16743
1.16379
1.169
1.17928
1.18967
1.19581
1.19485
1.18613
1.17119
1.15339
1.13719
1.12668
1.12441
1.13025
1.14174
1.15512
1.16687
1.17468
1.17779
1.17657
1.17188
1.16496
1.15744
1.15136
1.14874
1.15073
1.15695
1.16557
1.17394
1.17931
1.17977
1.17484
1.16566
1.15489
1.14593
1.1419
1.14466
1.15425
1.16947
1.18835
1.20883
1.22908
1.24759
1.2634
1.27627
1.2861
1.29253
1.29458
1.29081
1.28015
1.26271
1.2404
1.21685
1.19632
1.18243
1.17669
1.1779
1.1826
1.18675
1.18744
1.18395
1.17768
1.17125
1.1672
1.16682
1.16945
1.17298
1.17471
1.17238
1.16515
1.15402
1.14169
1.13152
1.12622
1.12684
1.13263
1.14154
1.15118
1.15932
1.16422
1.16479
1.16059
1.15219
1.14095
1.1289
1.11837
1.11166
1.11071
1.11647
1.12846
1.14471
1.16241
1.17885
1.19191
1.20023
1.20342
1.20195
1.19693
1.19003
1.18303
1.17755
1.17466
1.17474
1.17754
1.18238
1.18821
1.19377
1.19767
1.19861
1.19569
1.18884
1.17918
1.16902
1.16158
1.15967
1.16445
1.1749
1.18853
1.20245
1.21473
1.22474
1.23323
1.24161
1.25122
1.26269
1.27568
1.28881
1.30006
1.30716
1.308
1.30099
1.28552
1.26225
1.2332
1.20155
1.1709
1.14412
1.12273
1.10735
1.09828
1.09576
1.09963
1.10891
1.12158
1.13511
1.14693
1.1551
1.15877
1.15797
1.1534
1.14604
1.13677
1.12627
1.11492
1.10325
1.09191
1.08188
1.07439
1.07059
1.07122
1.07635
1.08543
1.09763
1.11178
1.12668
1.14098
1.15326
1.16206
1.16611
1.1647
1.15812
1.14794
1.13688
1.12851
1.12622
1.13227
1.14718
1.16968
1.19725
1.22669
1.25448
1.27732
1.29268
1.29912
1.29647
1.28557
1.26797
1.24552
1.22
1.1931
1.16651
1.14224
1.1223
1.10838
1.10157
1.10267
1.11217
1.13004
1.1549
1.18362
1.21184
1.23558
1.25246
1.26191
1.26505
1.26415
1.26213
1.26162
1.26395
1.26885
1.27494
1.28059
1.2845
1.28607
1.28548
1.28368
1.28203
1.2812
1.27999
1.2753
1.26397
1.24429
1.21658
1.18317
1.14766
1.11418
1.08661
1.0679
1.05957
1.06129
1.07072
1.08449
1.09941
1.11331
1.12502
1.13421
1.14106
1.14602
1.14971
1.15287
1.15635
1.16093
1.1671
1.17486
1.1837
1.19257
1.19985
1.20355
1.2015
1.19221
1.1754
1.15271
1.12777
1.10551
1.09078
1.08692
1.09476
1.11262
1.1371
1.16413
1.19037
1.21368
1.23307
1.24823
1.25901
1.26519
1.26689
1.26487
1.26046
1.2551
1.24971
1.24445
1.23884
1.23226
1.22443
1.21544
1.20577
1.19609
1.18709
1.17939
1.17345
1.16971
1.16852
1.17019
1.17497
1.18288
1.19324
1.20438
1.21361
1.21789
1.215
1.20465
1.18872
1.17087
1.15512
1.14445
1.13959
1.13901
1.14006
1.14053
1.13962
1.13813
1.13762
1.13938
1.14356
1.14903
1.15403
1.15713
1.15781
1.15669
1.15509
1.15444
1.1556
1.15853
1.1627
1.16743
1.17243
1.17762
1.18308
1.18878
1.19441
1.19926
1.20217
1.20157
1.19597
1.18477
1.1689
1.15126
1.13612
1.12794
1.12953
1.14101
1.15997
1.18255
1.20469
1.22315
1.23619
1.24368
1.24681
1.24719
1.24619
1.24442
1.24195
1.23828
1.23264
1.22421
1.21257
1.19833
1.18347
1.17081
1.16287
1.16074
1.16344
1.16847
1.17264
1.17321
1.16861
1.15894
1.146
1.13291
1.12289
1.11822
1.1197
1.12683
1.13831
1.15257
1.16803
1.18312
1.19636
1.20624
1.21137
1.21078
1.20449
1.19422
1.18348
1.17629
1.17457
1.1765
1.17813
1.17614
1.16962
1.16011
1.15078
1.14534
1.1468
1.15678
1.17512
1.20001
1.22793
1.25395
1.27238
1.27869
1.27112
1.25153
1.22469
1.19605
1.16956
1.14689
1.12842
1.11437
1.1053
1.10211
1.10536
1.115
1.1304
1.15037
1.17337
1.19761
1.22141
1.24335
1.26228
1.27737
1.28789
1.29321
1.29284
1.28666
1.27531
1.26025
1.24378
1.22815
1.21455
1.20253
1.19042
1.17639
1.1595
1.13994
1.11877
1.09763
1.07857
1.0639
1.05589
1.05616
1.06488
1.08032
1.09914
1.11747
1.13227
1.14218
1.14754
1.14943
1.14877
1.14594
1.14133
1.13581
1.13119
1.12999
1.13482
1.14724
1.16676
1.19075
1.21519
1.23606
1.25049
1.25724
1.25679
1.25088
1.24168
1.23101
1.22007
1.20957
1.20016
1.19232
1.18618
1.18152
1.1781
1.17602
1.17591
1.17861
1.18438
1.1925
1.20112
1.20823
1.21283
1.2152
1.21623
1.21686
1.21755
1.21815
1.21803
1.2162
1.21164
1.20371
1.19262
1.17968
1.16726
1.15811
1.15443
1.15712
1.16548
1.17775
1.19169
1.20523
1.21661
1.22456
1.22812
1.22663
1.21982
1.20808
1.19256
1.17501
1.15701
1.13945
1.1226
1.10702
1.09434
1.08699
1.08681
1.09364
1.10533
1.11898
1.13208
1.14292
1.15058
1.15489
1.15651
1.15717
1.15916
1.1643
1.17305
1.18436
1.19632
1.20684
1.21429
1.21782
1.21769
1.21531
1.21299
1.21329
1.21822
1.22855
1.24334
1.2599
1.2749
1.28569
1.2908
1.289
1.27832
1.25647
1.22286
1.17981
1.13214
1.08593
1.04743
1.02206
1.01395
1.02521
1.05525
1.10047
1.15482
1.21097
1.2618
1.30162
1.32647
1.33426
1.32466
1.29911
1.2607
1.21409
1.16496
1.11902
1.08121
1.05494
1.042
1.04284
1.05718
1.08394
1.12075
1.16341
1.20652
1.2448
1.27454
1.29412
1.30339
1.30307
1.29437
1.27856
1.25715
1.23187
1.2045
1.17682
1.15053
1.12739
1.10922
1.09765
1.09396
1.09857
1.11085
1.12914
1.15088
1.17309
1.19299
1.20855
1.21869
1.22324
1.22247
1.21666
1.20657
1.1937
1.18024
1.16833
1.15908
1.15211
1.14633
1.14085
1.13616
1.13412
1.13744
1.14874
1.16911
1.19761
1.23139
1.26658
1.29911
1.32519
1.34159
1.34585
1.33657
1.31382
1.27936
1.23674
1.19087
1.14712
1.11019
1.08307
1.06677
1.06065
1.06312
1.07224
1.08617
1.10324
1.12198
1.14102
1.15911
1.17501
1.18778
1.19723
1.20401
1.20957
1.2157
1.22382
1.2344
1.24661
1.25848
1.26739
1.27078
1.26682
1.25495
1.23607
1.21255
1.18773
1.16542
1.14913
1.14148
1.14351
1.15438
1.17166
1.19186
1.21122
1.22635
1.23471
1.23491
1.22701
1.21279
1.19568
1.17995
1.16926
1.16493
1.16535
1.16729
1.16773
1.16495
1.1589
1.15085
1.14273
1.13617
1.13166
1.12807
1.12321
1.11527
1.10434
1.09268
1.08361
1.07958
1.08135
1.08832
1.09899
1.11143
1.1236
1.13404
1.1424
1.14933
1.15582
1.16247
1.16936
1.17666
1.18501
1.1954
1.20889
1.22576
1.2452
1.26514
1.28263
1.29496
1.30038
1.29835
1.28964
1.27589
1.25937
1.24248
1.22722
1.2147
1.20508
1.19826
1.19427
1.19347
1.19592
1.20067
1.20609
1.21064
1.21387
1.21643
1.21901
1.22117
1.22124
1.21694
1.20697
1.19171
1.17358
1.1563
1.14373
1.13819
1.1402
1.14877
1.16228
1.17895
1.19714
1.21508
1.23089
1.24273
1.24894
1.24852
1.24135
1.22838
1.21145
1.19334
1.17735
1.16665
1.16359
1.16892
1.18145
1.19843
1.21609
1.23059
1.23876
1.23858
1.22942
1.21206
1.1888
1.16321
1.13955
1.12178
1.11269
1.11332
1.12318
1.14064
1.16343
1.18889
1.21403
1.23585
1.25179
1.25993
1.25939
1.25032
1.23404
1.21309
1.19111
1.1723
1.1602
1.15607
1.1583
1.16368
1.16919
1.1732
1.17559
1.17704
1.17825
1.17957
1.18111
1.18313
1.1863
1.19165
1.20013
1.21216
1.22722
1.24341
1.25788
1.26774
1.27118
1.268
1.25949
1.24758
1.2338
1.21886
1.20267
1.185
1.16618
1.14741
1.13057
1.11741
1.10867
1.10378
1.10143
1.10054
1.10086
1.10272
1.1068
1.11357
1.12298
1.13448
1.14724
1.16019
1.17234
1.18278
1.19099
1.19702
1.20149
1.2052
1.20891
1.21309
1.21805
1.22414
1.23152
1.23998
1.24855
1.25556
1.2593
1.25871
1.25356
1.24453
1.23286
1.21976
1.20611
1.19228
1.17836
1.16461
1.15161
1.14032
1.13206
1.12747
1.12571
1.12439
1.12095
1.11433
1.10596
1.09921
1.09755
1.10298
1.11574
1.1353
1.16119
1.19257
1.22727
1.26119
1.28906
1.30649
1.31141
1.30454
1.28874
1.2678
1.24563
1.22554
1.21026
1.20165
1.2004
1.20567
1.21533
1.22658
1.23685
1.24429
1.24785
1.24731
1.24286
1.23488
1.2239
1.21032
1.19459
1.17731
1.15918
1.14108
1.12416
1.10992
1.10027
1.09712
1.10166
1.1135
1.13045
1.14894
1.16529
1.17694
1.18318
1.18526
1.18573
1.18759
1.19327
1.20385
1.21901
1.23725
1.2562
1.27304
1.28504
1.29027
1.28811
1.27955
1.26704
1.25385
1.24266
1.23464
1.22898
1.22353
1.21606
1.20536
1.19211
1.17853
1.16735
1.16029
1.15687
1.1551
1.15322
1.15102
1.14958
1.15011
1.15291
1.15707
1.16106
1.16403
1.1665
1.17031
1.17774
1.18991
1.20617
1.22381
1.23901
1.24779
1.24728
1.23668
1.2175
1.19337
1.16879
1.14788
1.13313
1.12549
1.12454
1.12923
1.13817
1.14978
1.16237
1.17431
1.18428
1.19139
1.19535
1.19672
1.19658
1.19606
1.19557
1.19481
1.1931
1.19
1.18595
1.1824
1.18114
1.18278
1.18557
1.18652
1.1834
1.17587
1.16535
1.15404
1.14432
1.13854
1.13848
1.14485
1.15714
1.17365
1.19213
1.21055
1.22778
1.24382
1.2592
1.27402
1.28735
1.29734
1.30212
1.30035
1.29134
1.27487
1.25099
1.22011
1.18342
1.14342
1.10412
1.07037
1.04664
1.03588
1.03881
1.0538
1.0776
1.10624
1.13617
1.16467
1.18987
1.21052
1.22591
1.23568
1.23993
1.23925
1.23471
1.22769
1.21968
1.21188
1.20477
1.19849
1.19316
1.18896
1.18606
1.18429
1.18289
1.18074
1.17696
1.17113
1.1635
1.1548
1.14589
1.13743
1.12992
1.12387
1.11984
1.11834
1.1197
1.12363
1.12927
1.1351
1.13941
1.14084
1.13875
1.1335
1.12658
1.12024
1.11686
1.11823
1.12496
1.13654
1.15162
1.16857
1.18577
1.20146
1.214
1.22213
1.22544
1.22464
1.22152
1.21836
1.2171
1.21874
1.22282
1.22783
1.23212
1.23467
1.23557
1.23586
1.23688
1.2393
1.24236
1.24398
1.2419
1.23506
1.22412
1.21136
1.19945
1.19044
1.18503
1.18262
1.18208
1.1823
1.18259
1.1828
1.18329
1.1846
1.18686
1.18958
1.19172
1.19217
1.19017
1.18541
1.17782
1.16745
1.15445
1.1396
1.12462
1.11234
1.10603
1.10838
1.12042
1.1411
1.16744
1.19562
1.22194
1.24365
1.25918
1.26773
1.26912
1.26356
1.25167
1.23469
1.21458
1.19387
1.17523
1.16086
1.15201
1.14868
1.14963
1.15287
1.15636
1.15887
1.16055
1.16277
1.1673
1.17506
1.18553
1.1967
1.20581
1.21051
1.20979
1.2041
1.19492
1.18378
1.17169
1.15941
1.14836
1.141
1.14003
1.14671
1.16008
1.17738
1.1954
1.21135
1.22344
1.23083
1.23365
1.23282
1.22957
1.2252
1.22062
1.21641
1.21293
1.21077
1.21085
1.21412
1.2206
1.22902
1.2369
1.24161
1.24158
1.23672
1.22811
1.21708
1.20462
1.19132
1.17768
1.16445
1.15272
1.14368
1.13861
1.13869
1.14455
1.15584
1.17126
1.18877
1.20593
1.22088
1.2328
1.24175
1.24801
1.25143
1.25136
1.24713
1.23874
1.22711
1.21391
1.20083
1.18892
1.1783
1.16852
1.15902
1.14958
1.14042
1.13254
1.1274
1.12664
1.13152
1.14229
1.15796
1.17659
1.19606
1.21488
1.23237
1.24846
1.26292
1.27474
1.2821
1.28288
1.27561
1.26013
1.23781
1.21106
1.18282
1.15567
1.1316
1.1121
1.09834
1.09084
1.08923
1.09224
1.09837
1.10657
1.11654
1.12829
1.14145
1.15508
1.16812
1.17994
1.19072
1.20102
1.21113
1.22058
1.22799
1.23172
1.2307
1.22501
1.21586
1.20505
1.19449
1.18587
1.18061
1.17956
1.18281
1.18946
1.19795
1.20656
1.21385
1.21887
1.22129
1.22131
1.21942
1.21632
1.21295
1.21054
1.21046
1.21357
1.21984
1.22799
1.23611
1.24234
1.24532
1.24433
1.23906
1.22966
1.21672
1.20125
1.18473
1.16879
1.15469
1.14296
1.13347
1.12551
1.11833
1.11141
1.10451
1.09765
1.09127
1.08611
1.08352
1.08525
1.09286
1.10706
1.12721
1.15127
1.17617
1.19838
1.21493
1.22413
1.22575
1.22079
1.21103
1.19913
1.18828
1.18148
1.18093
1.18756
1.20115
1.22038
1.24285
1.26509
1.28313
1.29339
1.2936
1.28365
1.26542
1.2422
1.21756
1.19446
1.17497
1.16035
1.15135
1.14849
1.15189
1.16093
1.17396
1.18829
1.20065
1.20781
1.20752
1.1989
1.18299
1.16268
1.14237
1.12684
1.1198
1.12298
1.13582
1.15605
1.18054
1.20585
1.22885
1.24695
1.25839
1.26244
1.25937
1.25037
1.23713
1.222
1.20733
1.19522
1.18679
1.18209
1.18015
1.17946
1.17865
1.17699
1.17457
1.17201
1.17003
1.16884
1.16814
1.16728
1.16551
1.16209
1.15648
1.14865
1.1394
1.13025
1.12337
1.12122
1.12599
1.13859
1.15798
1.18143
1.20576
1.2284
1.24778
1.26317
1.27413
1.28002
1.27991
1.27254
1.2572
1.23414
1.20548
1.17534
1.14924
1.13256
1.12877
1.13814
1.15764
1.1821
1.20579
1.22382
1.23311
1.23268
1.22342
1.20752
1.18772
1.16708
1.14879
1.13599
1.13141
1.13683
1.15232
1.17611
1.20455
1.23316
1.2575
1.27408
1.28113
1.27879
1.269
1.25486
1.23958
1.22571
1.21439
1.20522
1.19684
1.18755
1.17609
1.16198
1.14556
1.12777
1.1099
1.09332
1.07938
1.06937
1.06471
1.06674
1.07649
1.09397
1.1175
1.14377
1.16902
1.19031
1.20628
1.21662
1.22137
1.22006
1.21181
1.19617
1.17392
1.14747
1.12055
1.09714
1.07999
1.07021
1.06812
1.07403
1.08816
1.10984
1.13709
1.16684
1.19545
1.2197
1.23723
1.24685
1.24869
1.24397
1.23474
1.22348
1.21277
1.20495
1.20175
1.20385
1.21046
1.21972
1.22928
1.23693
1.24108
1.24085
1.23607
1.22725
1.2154
1.20223
1.18985
1.18086
1.1777
1.18217
1.19453
1.21297
1.23401
1.2535
1.26821
1.2765
1.27821
1.27414
1.26525
1.25217
1.23518
1.21455
1.19112
1.16667
1.14391
1.12614
1.11649
1.11697
1.12767
1.14621
1.16828
1.18903
1.20436
1.21199
1.2119
1.20585
1.19652
1.18636
1.17694
1.16881
1.162
1.15651
1.15232
1.14945
1.14768
1.14695
1.14749
1.1498
1.15424
1.16086
1.16952
1.17998
1.19189
1.20458
1.21679
1.22633
1.23002
1.22435
1.20672
1.17684
1.13737
1.09354
1.05209
1.01987
1.00247
1.00306
1.0218
1.05564
1.09922
1.14595
1.18969
1.22604
1.25268
1.26928
1.27699
1.27801
1.27498
1.27023
1.26542
1.26125
1.25759
1.25399
1.25019
1.2466
1.24429
1.2448
1.24913
1.25704
1.26639
1.27385
1.27616
1.27134
1.25924
1.24145
1.22052
1.19896
1.17832
1.15875
1.13927
1.11884
1.09743
1.07634
1.05793
1.04467
1.03843
1.04012
1.04956
1.06541
1.08558
1.10761
1.12916
1.14858
1.16526
1.17979
1.19363
1.2083
1.22486
1.24322
1.26199
1.2788
1.29117
1.29728
1.29646
1.28917
1.27683
1.2615
1.24553
1.23126
1.22063
1.21485
1.214
1.21702
1.22186
1.22613
1.22741
1.22383
1.21442
1.19897
1.17803
1.15265
1.12427
1.09473
1.0663
1.04152
1.02271
1.01153
1.00887
1.01543
1.03222
1.06048
1.10038
1.14958
1.20316
1.25494
1.29922
1.33184
1.35077
1.35583
1.34832
1.33034
1.30441
1.27343
1.24067
1.20964
1.18357
1.16481
1.15442
1.15181
1.15534
1.16274
1.17181
1.18079
1.18848
1.19427
1.19776
1.19862
1.19662
1.19159
1.1836
1.17326
1.16202
1.1522
1.14634
1.14619
1.1519
1.16211
1.17442
1.1862
1.1954
1.20086
1.2018
1.19753
1.18754
1.17186
1.15147
1.12811
1.10389
1.08101
1.06175
1.04863
1.04446
1.05179
1.07191
1.10372
1.14383
1.1876
1.23064
1.26965
1.30254
1.32785
1.34458
1.35175
1.34862
1.33476
1.31057
1.27765
1.23867
1.19685
1.15564
1.11863
1.08945
1.07133
1.06621
1.07428
1.09395
1.12205
1.15416
1.18572
1.21309
1.23419
1.24804
1.25423
1.25257
1.24344
1.22832
1.2102
1.19299
1.17994
1.17244
1.17006
1.17197
1.1777
1.18685
1.19846
1.21097
1.22252
1.23146
1.23654
1.23677
1.23129
1.21947
1.20143
1.17921
1.15715
1.14091
1.13462
1.13896
1.1515
1.16838
1.18579
1.2005
1.20994
1.21246
1.20745
1.19576
1.18004
1.16471
1.15466
1.1531
1.16024
1.17382
1.19079
1.20878
1.22632
1.24219
1.25494
1.26279
1.2643
1.25892
1.24718
1.23035
1.20999
1.18787
1.16601
1.1466
1.13164
1.1226
1.12024
1.12436
1.13399
1.14766
1.16366
1.18043
1.19655
1.21077
1.22192
1.22893
1.23089
1.2274
1.21877
1.20615
1.19144
1.1767
1.16376
1.15364
1.14642
1.14126
1.13683
1.13194
1.12606
1.11946
1.11319
1.10886
1.10818
1.11241
1.12169
1.13491
1.14997
1.16444
1.17622
1.18422
1.18852
1.19011
1.1906
1.19173
1.19511
1.20204
1.21311
1.22795
1.24516
1.26241
1.27693
1.28654
1.29022
1.28798
1.28061
1.26924
1.25514
1.23954
1.22361
1.20851
1.19529
1.18438
1.17535
1.16685
1.15699
1.14443
1.1293
1.11366
1.10082
1.09374
1.09332
1.0981
1.10539
1.11281
1.11908
1.12393
1.12759
1.13052
1.13296
1.13481
1.13549
1.1341
1.13
1.1234
1.11566
1.10936
1.10775
1.11364
1.12852
1.15188
1.18119
1.21281
1.24284
1.26782
1.28524
1.29383
1.29374
1.28631
1.27363
1.25787
1.24063
1.22262
1.20384
1.18401
1.16338
1.14319
1.12559
1.11297
1.10732
1.10945
1.11894
1.13424
1.15322
1.17352
1.19304
1.21014
1.22405
1.23484
1.2432
1.25011
1.25608
1.26077
1.26312
1.26182
1.2561
1.24601
1.23232
1.21566
1.19594
1.17285
1.14687
1.11983
1.09441
1.07336
1.05903
1.053
1.05569
1.06614
1.08239
1.10231
1.12456
1.1483
1.17241
1.19476
1.21242
1.22253
1.22358
1.21588
1.20195
1.18573
1.17163
1.16298
1.16109
1.16509
1.17293
1.1825
1.19267
1.20343
1.21536
1.22909
1.24473
1.26161
1.27821
1.29231
1.3017
1.30469
1.30052
1.2897
1.27398
1.25587
