-5.57006
-5.57071
-5.57168
-5.57168
-5.57006
-5.56876
-5.56909
-5.57006
-5.56812
-5.56812
-5.56715
-5.56391
-5.56585
-5.56488
-5.56359
-5.56423
-5.5665
-5.56715
-5.56715
-5.56747
-5.56617
-5.56811
-5.56876
-5.56811
-5.56812
-5.56844
-5.56844
-5.56618
-5.5678
-5.56844
-5.57006
-5.56942
-5.56747
-5.56683
-5.56747
-5.56779
-5.56844
-5.56812
-5.56812
-5.56553
-5.56391
-5.56553
-5.56359
-5.56295
-5.56424
-5.56554
-5.56845
-5.56812
-5.56877
-5.56845
-5.56683
-5.56683
-5.56716
-5.56619
-5.5678
-5.56716
-5.56554
-5.56489
-5.56457
-5.5623
-5.56295
-5.56456
-5.56456
-5.56618
-5.56748
-5.5678
-5.56683
-5.56521
-5.56716
-5.5678
-5.56845
-5.56813
-5.56845
-5.56716
-5.56781
-5.56813
-5.56716
-5.56781
-5.56749
-5.56878
-5.56781
-5.56975
-5.56878
-5.56781
-5.56425
-5.56684
-5.56522
-5.56619
-5.56651
-5.56845
-5.56683
-5.56586
-5.56554
-5.56489
-5.56683
-5.56716
-5.56683
-5.56618
-5.56522
-5.56684
-5.56554
-5.56716
-5.56716
-5.56651
-5.56522
-5.56327
-5.56392
-5.56327
-5.56618
-5.56424
-5.56554
-5.56554
-5.56262
-5.56327
-5.56262
-5.56327
-5.56457
-5.56457
-5.56327
-5.56618
-5.56586
-5.56489
-5.56391
-5.56327
-5.56327
-5.5636
-5.56457
-5.56716
-5.56684
-5.56619
-5.56716
-5.56748
-5.56716
-5.56651
-5.56587
-5.56489
-5.56619
-5.56651
-5.56748
-5.56618
-5.56586
-5.56457
-5.56457
-5.56295
-5.5636
-5.56554
-5.56522
-5.56295
-5.56392
-5.56457
-5.56683
-5.56553
-5.56553
-5.56553
-5.56424
-5.56424
-5.56165
-5.56165
-5.56522
-5.56587
-5.56327
-5.56425
-5.56619
-5.56587
-5.56781
-5.56716
-5.56877
-5.56845
-5.56812
-5.56845
-5.56909
-5.56974
-5.56877
-5.56877
-5.57233
-5.57136
-5.56974
-5.56844
-5.56812
-5.56715
-5.56747
-5.56682
-5.5678
-5.56877
-5.56747
-5.56844
-5.56747
-5.56715
-5.56779
-5.56844
-5.56779
-5.56585
-5.56747
-5.56714
-5.5665
-5.56715
-5.5665
-5.56747
-5.56812
-5.56747
-5.5665
-5.56585
-5.56617
-5.56585
-5.5652
-5.56391
-5.56391
-5.56585
-5.5665
-5.56488
-5.56618
-5.56715
-5.56682
-5.5652
-5.56553
-5.56358
-5.56423
-5.56455
-5.56423
-5.56358
-5.5652
-5.56423
-5.56456
-5.5652
-5.56521
-5.56585
-5.56618
-5.56812
-5.56813
-5.56942
-5.56877
-5.56877
-5.5678
-5.56489
-5.56456
-5.56424
-5.56456
-5.56553
-5.56521
-5.56521
-5.56586
-5.56618
-5.56845
-5.56845
-5.56845
-5.56845
-5.56683
-5.56747
-5.56715
-5.56812
-5.56683
-5.56553
-5.56521
-5.56424
-5.56326
-5.56294
-5.56488
-5.56489
-5.56586
-5.56716
-5.56651
-5.5665
-5.56747
-5.5665
-5.5652
-5.56487
-5.56519
-5.5639
-5.56293
-5.56164
-5.56423
-5.56585
-5.56683
-5.56844
-5.57006
-5.56812
-5.56941
-5.56909
-5.56973
-5.57135
-5.5707
-5.56973
-5.57006
-5.56844
-5.56909
-5.56552
-5.56844
-5.56876
-5.56811
-5.56908
-5.56714
-5.56812
-5.56714
-5.56682
-5.56682
-5.56553
-5.56585
-5.56359
-5.56326
-5.56391
-5.56455
-5.56455
-5.56553
-5.5652
-5.56261
-5.56229
-5.56456
-5.5652
-5.56747
-5.56811
-5.56682
-5.56552
-5.56682
-5.56779
-5.56552
-5.56261
-5.56326
-5.56326
-5.56197
-5.56423
-5.56261
-5.56294
-5.56358
-5.56682
-5.56617
-5.56844
-5.56909
-5.56876
-5.56812
-5.56909
-5.56909
-5.56844
-5.56682
-5.56779
-5.56552
-5.56682
-5.56714
-5.56585
-5.56552
-5.56326
-5.56455
-5.5652
-5.56455
-5.56358
-5.5639
-5.5652
-5.56455
-5.56455
-5.5639
-5.56325
-5.56455
-5.56488
-5.56714
-5.56617
-5.56585
-5.56585
-5.56553
-5.56779
-5.56585
-5.56811
-5.56779
-5.56779
-5.56747
-5.56714
-5.56553
-5.5652
-5.56617
-5.56649
-5.56552
-5.56779
-5.56779
-5.56682
-5.56942
-5.56812
-5.56747
-5.56876
-5.56844
-5.56779
-5.56682
-5.56488
-5.56715
-5.5665
-5.56683
-5.56521
-5.56747
-5.56779
-5.5678
-5.5678
-5.5665
-5.56715
-5.5665
-5.56521
-5.56553
-5.56585
-5.5652
-5.56488
-5.56618
-5.57006
-5.57006
-5.5678
-5.56553
-5.56715
-5.56683
-5.56618
-5.56748
-5.56683
-5.56683
-5.56618
-5.56585
-5.56391
-5.56391
-5.56294
-5.56294
-5.56391
-5.56488
-5.56618
-5.5665
-5.5691
-5.56942
-5.56716
-5.5678
-5.56845
-5.56747
-5.56812
-5.56812
-5.56812
-5.56811
-5.5707
-5.57135
-5.57167
-5.57005
-5.57232
-5.57329
-5.57232
-5.572
-5.57168
-5.57104
-5.57104
-5.57136
-5.57039
-5.56974
-5.56877
-5.56974
-5.56974
-5.5678
-5.56747
-5.56682
-5.5652
-5.56455
-5.56455
-5.56325
-5.56455
-5.56391
-5.56456
-5.56585
-5.56521
-5.56747
-5.56845
-5.56942
-5.56877
-5.56877
-5.56779
-5.56812
-5.56973
-5.56811
-5.56844
-5.56682
-5.5665
-5.56423
-5.56326
-5.56326
-5.56326
-5.56325
-5.56422
-5.56293
-5.56325
-5.56455
-5.5652
-5.56552
-5.56616
-5.56681
-5.56746
-5.56681
-5.56649
-5.56779
-5.56617
-5.5652
-5.56455
-5.56487
-5.56422
-5.56487
-5.56584
-5.56519
-5.56325
-5.56098
-5.56066
-5.56033
-5.5626
-5.56422
-5.56422
-5.56487
-5.56293
-5.56293
-5.56099
-5.56099
-5.56358
-5.56617
-5.56682
-5.56909
-5.56909
-5.56909
-5.56909
-5.57071
-5.56877
-5.56844
-5.56974
-5.56844
-5.56682
-5.56941
-5.57006
-5.56941
-5.56941
-5.56844
-5.56714
-5.56649
-5.56649
-5.56844
-5.56747
-5.56876
-5.56876
-5.56779
-5.56811
-5.56585
-5.56779
-5.56811
-5.56844
-5.56779
-5.5665
-5.56617
-5.5665
-5.5652
-5.56488
-5.56585
-5.5652
-5.56585
-5.56585
-5.56844
-5.56973
-5.57005
-5.56649
-5.56616
-5.56552
-5.56454
-5.56325
-5.56357
-5.56422
-5.56293
-5.56293
-5.56196
-5.56067
-5.56002
-5.5584
-5.55872
-5.56067
-5.56196
-5.56584
-5.56811
-5.56778
-5.56713
-5.56551
-5.56778
-5.56811
-5.56875
-5.56778
-5.56681
-5.56681
-5.5681
-5.57005
-5.56811
-5.56746
-5.56746
-5.56487
-5.56616
-5.56584
-5.56551
-5.56713
-5.56616
-5.56421
-5.56227
-5.56356
-5.56324
-5.56518
-5.56648
-5.56778
-5.5694
-5.56746
-5.56811
-5.57005
-5.56876
-5.56973
-5.56941
-5.56973
-5.56811
-5.56811
-5.56844
-5.56941
-5.56714
-5.56487
-5.56455
-5.56293
-5.5639
-5.56681
-5.56811
-5.56779
-5.56876
-5.56909
-5.56747
-5.56618
-5.56359
-5.56229
-5.56391
-5.56326
-5.56423
-5.56617
-5.56552
-5.5639
-5.56422
-5.56325
-5.56358
-5.56455
-5.56552
-5.56617
-5.56617
-5.56552
-5.56617
-5.56423
-5.56552
-5.5665
-5.5665
-5.5665
-5.56779
-5.56779
-5.56811
-5.56747
-5.56909
-5.56941
-5.56909
-5.57006
-5.56811
-5.56908
-5.56972
-5.57005
-5.5694
-5.56714
-5.56844
-5.56812
-5.56812
-5.56747
-5.57039
-5.57103
-5.56941
-5.56812
-5.56811
-5.56778
-5.56778
-5.56811
-5.56811
-5.56779
-5.56649
-5.56876
-5.5665
-5.56424
-5.56521
-5.56423
-5.56391
-5.56261
-5.56164
-5.56099
-5.56326
-5.56229
-5.56164
-5.56035
-5.5597
-5.55905
-5.56326
-5.56293
-5.56455
-5.56488
-5.56617
-5.56876
-5.56844
-5.56811
-5.57071
-5.57233
-5.57104
-5.57201
-5.57136
-5.57039
-5.56974
-5.56747
-5.56909
-5.56812
-5.56715
-5.56974
-5.56845
-5.56586
-5.56553
-5.56553
-5.56682
-5.56715
-5.56844
-5.56682
-5.5665
-5.56456
-5.56456
-5.56618
-5.56521
-5.56553
-5.56618
-5.56651
-5.56618
-5.56586
-5.56683
-5.56845
-5.5691
-5.56812
-5.5665
-5.5678
-5.56715
-5.56586
-5.56748
-5.56683
-5.56845
-5.56813
-5.56813
-5.56748
-5.5691
-5.56845
-5.5691
-5.57169
-5.57201
-5.57007
-5.56909
-5.56844
-5.56391
-5.56423
-5.56229
-5.56294
-5.56261
-5.56294
-5.56261
-5.56359
-5.5665
-5.57039
-5.57168
-5.57298
-5.57233
-5.56909
-5.5678
-5.56845
-5.56974
-5.56845
-5.56909
-5.56844
-5.56682
-5.56682
-5.56747
-5.56877
-5.56553
-5.56295
-5.56133
-5.56068
-5.56068
-5.561
-5.56327
-5.56197
-5.56294
-5.56585
-5.56683
-5.56586
-5.56683
-5.5665
-5.56618
-5.56586
-5.56683
-5.56748
-5.56489
-5.56489
-5.56456
-5.56327
-5.56391
-5.56488
-5.5665
-5.56748
-5.56748
-5.56683
-5.56683
-5.56586
-5.5665
-5.5665
-5.56585
-5.56553
-5.56262
-5.56035
-5.56133
-5.56294
-5.56327
-5.56327
-5.56456
-5.56391
-5.56424
-5.56359
-5.56553
-5.56456
-5.56618
-5.56651
-5.56521
-5.5678
-5.56813
-5.57104
-5.57039
-5.57104
-5.57104
-5.57071
-5.57136
-5.57039
-5.56877
-5.56715
-5.5691
-5.56813
-5.5691
-5.56877
-5.56715
-5.56553
-5.56715
-5.56683
-5.56553
-5.56618
-5.56748
-5.56877
-5.5691
-5.56586
-5.56489
-5.56715
-5.56747
-5.56812
-5.56812
-5.56715
-5.5678
-5.56845
-5.56974
-5.57007
-5.57136
-5.57007
-5.56877
-5.56682
-5.56876
-5.56876
-5.56876
-5.56747
-5.56779
-5.5678
-5.56521
-5.5665
-5.56521
-5.56327
-5.5665
-5.56683
-5.56553
-5.56618
-5.56488
-5.5665
-5.56488
-5.56359
-5.56423
-5.56326
-5.56261
-5.56132
-5.56099
-5.56002
-5.55841
-5.56035
-5.56068
-5.56068
-5.55971
-5.56197
-5.56392
-5.5623
-5.56359
-5.56456
-5.56683
-5.56812
-5.56715
-5.56585
-5.56617
-5.56747
-5.56488
-5.56456
-5.5665
-5.56618
-5.56682
-5.56779
-5.56682
-5.56423
-5.56521
-5.56585
-5.56488
-5.5665
-5.5665
-5.56585
-5.56455
-5.56682
-5.56714
-5.56714
-5.56779
-5.56779
-5.56779
-5.56649
-5.56811
-5.56552
-5.56487
-5.56584
-5.56649
-5.56649
-5.56617
-5.56811
-5.56682
-5.5665
-5.5652
-5.56553
-5.56747
-5.56941
-5.56812
-5.56552
-5.56455
-5.56488
-5.56423
-5.56164
-5.56326
-5.56196
-5.56358
-5.56553
-5.5665
-5.56811
-5.56747
-5.56617
-5.56293
-5.56616
-5.56552
-5.56714
-5.56487
-5.5652
-5.56649
-5.56714
-5.56909
-5.56876
-5.56681
-5.56552
-5.56649
-5.56681
-5.56616
-5.56714
-5.56649
-5.56714
-5.56747
-5.56747
-5.56844
-5.56779
-5.56585
-5.56487
-5.56455
-5.56584
-5.56616
-5.56713
-5.56811
-5.57037
-5.5694
-5.56843
-5.56843
-5.56875
-5.56649
-5.56617
-5.56617
-5.56843
-5.57135
-5.5707
-5.57232
-5.57038
-5.572
-5.57103
-5.57038
-5.572
-5.57232
-5.57265
-5.57168
-5.57038
-5.56973
-5.56941
-5.56876
-5.56909
-5.56877
-5.56877
-5.56877
-5.5678
-5.56779
-5.56941
-5.56553
-5.5652
-5.5665
-5.5652
-5.56682
-5.56779
-5.56812
-5.56585
-5.5652
-5.56618
-5.56585
-5.56585
-5.5678
-5.5678
-5.56812
-5.56812
-5.56812
-5.56488
-5.56424
-5.56391
-5.56294
-5.56196
-5.56164
-5.56099
-5.56325
-5.56196
-5.56358
-5.56423
-5.56488
-5.56617
-5.56521
-5.56391
-5.56586
-5.56586
-5.56391
-5.56391
-5.56715
-5.56585
-5.56423
-5.56521
-5.56423
-5.56553
-5.56553
-5.56585
-5.5665
-5.56747
-5.56585
-5.56585
-5.56391
-5.56164
-5.56294
-5.56294
-5.56294
-5.56326
-5.56456
-5.56585
-5.56488
-5.56585
-5.56844
-5.56715
-5.56585
-5.56682
-5.56585
-5.56779
-5.56747
-5.56941
-5.56941
-5.56909
-5.5665
-5.56682
-5.56715
-5.56844
-5.56812
-5.56812
-5.56747
-5.56553
-5.5652
-5.56488
-5.56455
-5.56487
-5.56487
-5.56714
-5.56682
-5.56325
-5.5652
-5.5639
-5.56358
-5.56325
-5.56552
-5.56714
-5.56681
-5.56649
-5.56552
-5.56649
-5.56649
-5.56649
-5.56358
-5.56358
-5.56455
-5.56455
-5.56552
-5.56585
-5.56617
-5.57006
-5.57103
-5.56909
-5.56973
-5.57038
-5.57038
-5.56682
-5.56649
-5.56746
-5.56649
-5.56649
-5.56552
-5.5652
-5.56456
-5.56326
-5.56391
-5.56423
-5.5652
-5.56649
-5.56649
-5.56584
-5.56552
-5.56714
-5.56811
-5.56714
-5.56779
-5.56747
-5.56488
-5.56294
-5.56196
-5.56196
-5.56326
-5.56325
-5.56455
-5.56552
-5.56649
-5.56649
-5.56358
-5.56455
-5.5652
-5.56617
-5.5665
-5.56812
-5.56779
-5.56909
-5.56876
-5.56779
-5.57005
-5.56973
-5.56811
-5.56811
-5.56649
-5.56876
-5.56585
-5.5665
-5.56682
-5.56682
-5.56585
-5.56617
-5.56747
-5.56682
-5.56779
-5.56553
-5.56618
-5.56683
-5.56488
-5.56391
-5.56423
-5.56553
-5.5652
-5.5652
-5.56488
-5.5652
-5.56553
-5.56456
-5.56521
-5.56456
-5.56586
-5.56618
-5.56683
-5.56553
-5.56489
-5.56748
-5.5665
-5.56618
-5.5678
-5.56877
-5.5678
-5.56488
-5.56618
-5.5665
-5.56521
-5.5665
-5.56586
-5.56586
-5.56424
-5.56553
-5.56553
-5.56489
-5.56262
-5.5623
-5.56262
-5.56165
-5.56197
-5.56618
-5.56586
-5.56618
-5.56489
-5.56521
-5.56522
-5.56489
-5.56295
-5.56392
-5.56327
-5.56521
-5.56295
-5.56101
-5.56262
-5.56262
-5.56262
-5.5623
-5.56262
-5.56198
-5.56295
-5.56198
-5.56198
-5.56425
-5.56522
-5.5636
-5.56392
-5.56392
-5.56425
-5.56522
-5.56392
-5.56521
-5.56392
-5.56391
-5.56521
-5.56554
-5.56683
-5.5691
-5.56716
-5.56684
-5.56716
-5.56684
-5.56619
-5.56651
-5.56489
-5.56327
-5.56457
-5.5636
-5.5636
-5.56424
-5.56392
-5.56457
-5.56489
-5.56521
-5.56619
-5.56716
-5.56619
-5.56424
-5.56489
-5.56619
-5.56554
-5.56489
-5.56586
-5.56748
-5.56619
-5.56457
-5.56424
-5.56457
-5.56457
-5.56457
-5.56522
-5.56716
-5.5649
-5.56619
-5.56716
-5.56749
-5.56846
-5.56749
-5.56879
-5.56878
-5.56813
-5.56683
-5.56619
-5.56683
-5.56619
-5.56845
-5.56748
-5.56651
-5.56651
-5.56522
-5.56522
-5.56555
-5.56425
-5.5649
-5.5662
-5.56846
-5.5704
-5.57105
-5.5704
-5.57072
-5.56975
-5.56749
-5.56814
-5.56814
-5.56943
-5.57235
-5.57073
-5.56976
-5.56911
-5.56846
-5.56911
-5.56684
-5.56652
-5.56587
-5.5662
-5.56588
-5.56685
-5.56684
-5.56717
-5.57008
-5.56943
-5.56879
-5.57008
-5.56943
-5.57008
-5.56878
-5.56748
-5.56522
-5.56457
-5.56554
-5.56717
-5.56619
-5.56458
-5.56296
-5.56522
-5.5649
-5.56523
-5.5649
-5.56782
-5.5662
-5.56296
-5.56166
-5.56101
-5.56166
-5.55972
-5.56004
-5.56102
-5.56069
-5.56134
-5.56167
-5.56264
-5.56264
-5.5649
-5.56555
-5.56555
-5.56523
-5.5649
-5.56652
-5.56717
-5.56814
-5.56717
-5.56685
-5.56782
-5.56911
-5.56749
-5.56685
-5.56782
-5.56652
-5.56652
-5.5662
-5.5662
-5.56652
-5.56717
-5.56523
-5.56556
-5.56717
-5.56944
-5.5675
-5.56847
-5.56782
-5.56653
-5.56815
-5.56653
-5.56718
-5.56621
-5.56491
-5.56459
-5.56556
-5.56523
-5.56556
-5.56588
-5.56459
-5.56426
-5.56426
-5.5662
-5.56588
-5.56523
-5.56523
-5.56523
-5.56555
-5.5675
-5.56782
-5.56815
-5.57042
-5.56815
-5.57042
-5.5688
-5.56847
-5.56782
-5.56782
-5.5675
-5.56814
-5.56847
-5.57041
-5.56847
-5.56847
-5.5675
-5.56879
-5.56523
-5.56458
-5.5662
-5.56459
-5.56426
-5.56523
-5.56362
-5.56491
-5.56686
-5.56783
-5.56912
-5.5688
-5.56815
-5.56556
-5.56782
-5.56653
-5.5662
-5.56782
-5.5675
-5.56717
-5.56976
-5.56976
-5.56912
-5.56782
-5.56783
-5.5675
-5.5675
-5.5675
-5.56426
-5.56296
-5.56458
-5.5662
-5.56588
-5.56717
-5.5675
-5.56815
-5.57139
-5.57009
-5.57009
-5.57074
-5.56977
-5.56976
-5.57008
-5.56813
-5.56846
-5.56813
-5.57008
-5.57138
-5.57073
-5.573
-5.5743
-5.57398
-5.57463
-5.5756
-5.57301
-5.57074
-5.57074
-5.57138
-5.57105
-5.56976
-5.56879
-5.56457
-5.56522
-5.56652
-5.56522
-5.56328
-5.56296
-5.5649
-5.56361
-5.56523
-5.56717
-5.56717
-5.5662
-5.56685
-5.56587
-5.56458
-5.56361
-5.56393
-5.56555
-5.56555
-5.56393
-5.56555
-5.56685
-5.56944
-5.56911
-5.56911
-5.57203
-5.57235
-5.57203
-5.57041
-5.57268
-5.57268
-5.57074
-5.56685
-5.5675
-5.56588
-5.5675
-5.56556
-5.56621
-5.56718
-5.56556
-5.56653
-5.56427
-5.56492
-5.56654
-5.56751
-5.56492
-5.56524
-5.56848
-5.56977
-5.56977
-5.5688
-5.56912
-5.56945
-5.5688
-5.56815
-5.56686
-5.56945
-5.56913
-5.56913
-5.5701
-5.56686
-5.56621
-5.56621
-5.56362
-5.56362
-5.56492
-5.56751
-5.5688
-5.56816
-5.56654
-5.56848
-5.56912
-5.56848
-5.56945
-5.56783
-5.56751
-5.56751
-5.56816
-5.56751
-5.5675
-5.56783
-5.56848
-5.56653
-5.56621
-5.56297
-5.56459
-5.56427
-5.56427
-5.56427
-5.56362
-5.5633
-5.56394
-5.56459
-5.56427
-5.56362
-5.56103
-5.55941
-5.5607
-5.56135
-5.562
-5.56362
-5.56362
-5.56265
-5.56395
-5.56718
-5.56621
-5.56718
-5.56718
-5.56847
-5.57074
-5.57074
-5.56945
-5.57074
-5.5675
-5.56815
-5.56524
-5.56621
-5.56653
-5.56459
-5.56523
-5.56621
-5.56718
-5.56847
-5.56945
-5.57042
-5.56815
-5.56654
-5.56718
-5.56718
-5.56524
-5.56362
-5.5633
-5.56492
-5.56394
-5.56589
-5.56685
-5.5675
-5.56815
-5.57042
-5.56847
-5.5675
-5.56718
-5.56879
-5.56944
-5.56977
-5.57009
-5.56879
-5.56847
-5.56847
-5.57009
-5.56848
-5.56945
-5.5701
-5.56751
-5.56784
-5.56751
-5.56848
-5.56913
-5.56945
-5.5688
-5.57042
-5.56945
-5.57106
-5.56945
-5.56913
-5.56718
-5.56719
-5.56848
-5.56816
-5.56816
-5.56654
-5.56751
-5.56783
-5.56653
-5.56718
-5.56685
-5.56912
-5.57106
-5.57042
-5.57042
-5.57075
-5.5714
-5.57269
-5.57139
-5.57074
-5.56945
-5.56913
-5.56621
-5.56783
-5.56654
-5.56816
-5.5688
-5.57042
-5.57042
-5.56945
-5.56977
-5.57107
-5.5701
-5.5688
-5.56913
-5.56977
-5.56848
-5.57139
-5.56977
-5.56944
-5.57074
-5.56815
-5.56588
-5.56426
-5.56491
-5.56556
-5.56523
-5.5662
-5.56588
-5.56621
-5.56976
-5.56912
-5.56944
-5.56782
-5.56879
-5.56814
-5.56782
-5.5675
-5.5662
-5.56523
-5.56459
-5.56523
-5.56491
-5.56588
-5.56523
-5.5649
-5.56458
-5.56555
-5.5662
-5.56717
-5.56782
-5.56847
-5.56717
-5.56718
-5.56815
-5.56912
-5.56879
-5.56685
-5.56847
-5.57041
-5.56944
-5.56977
-5.56912
-5.5675
-5.56815
-5.56653
-5.56686
-5.5633
-5.56297
-5.56297
-5.56362
-5.56492
-5.56653
-5.56782
-5.56717
-5.56782
-5.56717
-5.56718
-5.56718
-5.56783
-5.56686
-5.56589
-5.56621
-5.56524
-5.56329
-5.56329
-5.56362
-5.56103
-5.56103
-5.56232
-5.562
-5.56103
-5.56297
-5.56394
-5.56523
-5.56394
-5.56621
-5.56621
-5.56621
-5.56589
-5.56491
-5.56426
-5.5662
-5.56814
-5.56685
-5.56652
-5.56653
-5.56783
-5.56815
-5.56977
-5.5688
-5.56751
-5.56686
-5.56847
-5.56718
-5.56588
-5.56459
-5.56458
-5.56588
-5.56588
-5.56426
-5.56135
-5.56167
-5.56491
-5.56329
-5.56458
-5.56555
-5.56491
-5.56491
-5.5662
-5.56523
-5.5662
-5.5662
-5.56588
-5.56523
-5.56685
-5.56718
-5.56944
-5.56847
-5.56912
-5.57203
-5.57203
-5.57204
-5.57009
-5.56686
-5.56751
-5.56718
-5.56816
-5.56686
-5.56492
-5.56395
-5.56459
-5.56588
-5.56653
-5.5675
-5.56524
-5.56621
-5.56751
-5.56719
-5.56816
-5.56687
-5.56816
-5.56622
-5.56524
-5.56524
-5.56459
-5.56427
-5.56265
-5.56297
-5.56297
-5.56296
-5.56134
-5.56264
-5.56523
-5.56362
-5.56556
-5.5646
-5.56525
-5.56686
-5.56589
-5.56621
-5.56524
-5.56686
-5.56556
-5.56621
-5.56912
-5.56718
-5.56718
-5.56686
-5.56686
-5.56557
-5.56719
-5.56557
-5.56686
-5.56751
-5.56459
-5.56621
-5.56621
-5.56589
-5.56621
-5.56459
-5.56297
-5.56395
-5.56492
-5.56556
-5.56556
-5.56556
-5.56588
-5.56458
-5.56491
-5.56847
-5.5688
-5.56977
-5.56977
-5.56977
-5.56977
-5.57139
-5.56945
-5.56977
-5.56815
-5.56718
-5.56686
-5.56751
-5.5688
-5.5688
-5.56912
-5.56653
-5.56783
-5.5688
-5.56912
-5.5688
-5.56848
-5.56589
-5.56557
-5.56622
-5.56622
-5.56589
-5.56848
-5.56751
-5.56783
-5.56815
-5.56783
-5.56751
-5.56783
-5.56653
-5.56653
-5.56686
-5.56718
-5.56589
-5.56557
-5.56524
-5.56459
-5.56556
-5.56621
-5.56621
-5.56588
-5.56459
-5.56232
-5.56459
-5.56589
-5.56622
-5.5659
-5.56978
-5.56946
-5.56816
-5.56686
-5.56848
-5.56621
-5.56783
-5.56589
-5.56557
-5.56557
-5.56686
-5.56525
-5.56427
-5.5633
-5.56427
-5.56459
-5.56233
-5.5633
-5.56298
-5.56459
-5.56621
-5.56881
-5.56881
-5.56654
-5.56719
-5.56752
-5.56557
-5.5633
-5.56492
-5.56395
-5.56265
-5.5633
-5.56168
-5.56265
-5.56135
-5.56233
-5.56201
-5.56136
-5.56007
-5.55812
-5.55974
-5.56169
-5.56039
-5.55845
-5.56103
-5.56298
-5.56265
-5.56362
-5.56265
-5.56395
-5.56427
-5.56557
-5.56784
-5.56784
-5.56719
-5.56784
-5.56751
-5.56816
-5.56751
-5.56556
-5.56427
-5.56265
-5.56395
-5.56427
-5.56331
-5.56331
-5.56363
-5.56363
-5.56427
-5.56589
-5.56524
-5.56427
-5.56362
-5.56427
-5.56168
-5.56395
-5.56265
-5.5646
-5.56395
-5.56654
-5.56881
-5.56622
-5.56557
-5.56687
-5.56784
-5.56751
-5.56589
-5.56751
-5.56881
-5.56686
-5.56751
-5.56557
-5.56589
-5.56945
-5.56977
-5.57042
-5.57075
-5.57042
-5.57042
-5.57042
-5.56848
-5.56784
-5.56751
-5.56687
-5.56654
-5.56719
-5.56525
-5.56557
-5.56687
-5.56784
-5.56752
-5.56751
-5.56622
-5.56589
-5.56751
-5.56687
-5.56654
-5.56589
-5.56525
-5.56589
-5.56622
-5.56751
-5.56816
-5.56719
-5.56525
-5.56946
-5.5714
-5.57075
-5.56978
-5.57043
-5.56817
-5.56849
-5.56946
-5.56849
-5.56913
-5.56816
-5.56913
-5.56848
-5.56945
-5.56977
-5.56848
-5.56783
-5.56751
-5.57011
-5.56881
-5.56558
-5.56687
-5.56687
-5.56655
-5.56719
-5.56687
-5.56687
-5.56719
-5.56881
-5.56946
-5.56784
-5.56848
-5.56654
-5.56687
-5.56525
-5.56752
-5.56687
-5.56816
-5.56913
-5.56881
-5.56784
-5.56946
-5.57011
-5.56849
-5.56751
-5.56654
-5.56783
-5.56751
-5.56686
-5.56492
-5.5646
-5.56687
-5.56687
-5.56881
-5.56881
-5.56978
-5.56978
-5.5701
-5.56946
-5.56687
-5.56719
-5.56557
-5.56719
-5.56816
-5.56752
-5.56784
-5.56655
-5.56655
-5.56687
-5.56881
-5.56849
-5.56913
-5.56978
-5.56946
-5.57075
-5.56881
-5.56913
-5.56687
-5.56687
-5.5646
-5.5646
-5.56395
-5.56395
-5.5646
-5.56622
-5.56395
-5.56363
-5.56589
-5.56718
-5.56751
-5.56686
-5.56913
-5.56751
-5.56751
-5.56654
-5.56395
-5.56557
-5.56622
-5.56492
-5.56427
-5.5633
-5.562
-5.5633
-5.5633
-5.56298
-5.56492
-5.56427
-5.56524
-5.56524
-5.56556
-5.56621
-5.56685
-5.56653
-5.56847
-5.56783
-5.5675
-5.56524
-5.56459
-5.56362
-5.56621
-5.56556
-5.56718
-5.56654
-5.56427
-5.56298
-5.56427
-5.56621
-5.56557
-5.5646
-5.56524
-5.56427
-5.56492
-5.56394
-5.56394
-5.56556
-5.56621
-5.56685
-5.56588
-5.56524
-5.56621
-5.56719
-5.56816
-5.5659
-5.56655
-5.56622
-5.56784
-5.56751
-5.56783
-5.56686
-5.5688
-5.56784
-5.56945
-5.56816
-5.56816
-5.56817
-5.56654
-5.56751
-5.56654
-5.56395
-5.56362
-5.56492
-5.56427
-5.56556
-5.56718
-5.56718
-5.56751
-5.56751
-5.56848
-5.56848
-5.56783
-5.56654
-5.56621
-5.56459
-5.56556
-5.56588
-5.56556
-5.56751
-5.56621
-5.56686
-5.56556
-5.56524
-5.56524
-5.56492
-5.56687
-5.56816
-5.56622
-5.56492
-5.5646
-5.5646
-5.56589
-5.56492
-5.56687
-5.56525
-5.56363
-5.56589
-5.56362
-5.5633
-5.56427
-5.56427
-5.56331
-5.56266
-5.56072
-5.56169
-5.56104
-5.56201
-5.56202
-5.56299
-5.56493
-5.56525
-5.56655
-5.56525
-5.5659
-5.56622
-5.56687
-5.56525
-5.56558
-5.56591
-5.56558
-5.56558
-5.56623
-5.56332
-5.56558
-5.56526
-5.56364
-5.56591
-5.56558
-5.56623
-5.56623
-5.56687
-5.56687
-5.5659
-5.56622
-5.56623
-5.56688
-5.56785
-5.56753
-5.56624
-5.56526
-5.56462
-5.56623
-5.56785
-5.56947
-5.56623
-5.56493
-5.56299
-5.56299
-5.56396
-5.56526
-5.56526
-5.56526
-5.56461
-5.56397
-5.56364
-5.56461
-5.56494
-5.56493
-5.56493
-5.56558
-5.56525
-5.56525
-5.56396
-5.56396
-5.56396
-5.56364
-5.56396
-5.56364
-5.56493
-5.56623
-5.56752
-5.56817
-5.56882
-5.56946
-5.57108
-5.56817
-5.56752
-5.5672
-5.56882
-5.56882
-5.56784
-5.56979
-5.56881
-5.56817
-5.56752
-5.56558
-5.56493
-5.56558
-5.56655
-5.5646
-5.56201
-5.56395
-5.56265
-5.56362
-5.56492
-5.56621
-5.56654
-5.56946
-5.56719
-5.56881
-5.5659
-5.56525
-5.56331
-5.5604
-5.56201
-5.56363
-5.56395
-5.56266
-5.56395
-5.56168
-5.56395
-5.56298
-5.56363
-5.56233
-5.56266
-5.56298
-5.56395
-5.56396
-5.56428
-5.56493
-5.56525
-5.56492
-5.56589
-5.56395
-5.56492
-5.56524
-5.56394
-5.56621
-5.56621
-5.56654
-5.56654
-5.56557
-5.56654
-5.56719
-5.56783
-5.56977
-5.56783
-5.56848
-5.5688
-5.5675
-5.56783
-5.56653
-5.56847
-5.56653
-5.56588
-5.56524
-5.56556
-5.56718
-5.56686
-5.56783
-5.56427
-5.562
-5.56297
-5.56168
-5.56103
-5.56135
-5.56232
-5.56361
-5.56556
-5.56458
-5.56329
-5.56361
-5.56459
-5.56556
-5.56589
-5.56816
-5.56718
-5.56557
-5.56492
-5.56686
-5.56816
-5.57075
-5.57204
-5.57204
-5.57107
-5.57075
-5.5701
-5.5688
-5.56913
-5.56686
-5.56395
-5.56427
-5.56556
-5.56395
-5.56751
-5.56589
-5.56556
-5.56621
-5.56654
-5.56492
-5.5646
-5.56492
-5.56589
-5.56427
-5.56524
-5.56427
-5.56395
-5.56524
-5.56556
-5.56556
-5.56362
-5.56168
-5.5633
-5.56362
-5.56427
-5.56459
-5.56427
-5.56653
-5.56686
-5.56459
-5.56362
-5.56491
-5.56653
-5.56654
-5.56589
-5.56815
-5.56653
-5.56718
-5.56783
-5.56686
-5.56816
-5.57042
-5.57042
-5.57009
-5.57074
-5.57139
-5.57074
-5.57171
-5.57203
-5.57042
-5.56945
-5.56815
-5.56815
-5.56718
-5.56653
-5.56718
-5.56783
-5.56654
-5.56557
-5.56622
-5.56589
-5.56654
-5.56718
-5.56686
-5.56751
-5.56783
-5.56654
-5.56622
-5.56492
-5.56687
-5.56816
-5.56978
-5.56913
-5.57043
-5.57011
-5.57043
-5.57108
-5.56978
-5.56946
-5.56881
-5.56816
-5.56751
-5.56557
-5.56622
-5.56848
-5.56751
-5.56589
-5.56557
-5.56557
-5.56589
-5.56654
-5.56557
-5.56622
-5.56428
-5.56395
-5.56298
-5.56201
-5.56363
-5.56363
-5.56233
-5.56492
-5.56525
-5.56622
-5.56525
-5.56719
-5.56524
-5.5646
-5.56362
-5.56622
-5.56589
-5.5646
-5.56492
-5.56492
-5.5646
-5.56589
-5.56848
-5.56816
-5.56816
-5.56654
-5.56718
-5.57075
-5.57204
-5.57301
-5.57107
-5.57237
-5.57205
-5.56946
-5.5701
-5.56913
-5.56978
-5.56978
-5.5714
-5.57205
-5.57043
-5.57172
-5.57302
-5.57205
-5.56946
-5.5714
-5.56978
-5.56881
-5.56622
-5.5646
-5.56557
-5.5659
-5.56493
-5.56557
-5.56719
-5.56784
-5.56719
-5.56622
-5.56687
-5.56816
-5.56816
-5.56881
-5.56946
-5.56719
-5.56752
-5.56817
-5.57043
-5.5714
-5.57269
-5.5714
-5.56881
-5.56978
-5.56848
-5.56718
-5.56654
-5.56622
-5.56654
-5.56622
-5.56623
-5.56655
-5.56656
-5.5672
-5.56558
-5.56752
-5.56687
-5.56622
-5.56687
-5.56654
-5.56687
-5.56816
-5.56979
-5.56979
-5.56849
-5.56817
-5.56785
-5.5672
-5.5672
-5.5672
-5.5672
-5.56784
-5.57076
-5.56978
-5.56816
-5.56687
-5.56719
-5.56881
-5.56719
-5.56751
-5.56654
-5.56557
-5.56428
-5.5672
-5.56752
-5.56817
-5.56817
-5.56914
-5.56751
-5.56751
-5.56654
-5.56816
-5.56783
-5.56945
-5.56977
-5.56912
-5.56815
-5.56751
-5.56783
-5.5688
-5.56945
-5.5688
-5.56816
-5.56621
-5.56362
-5.56362
-5.56329
-5.56362
-5.56232
-5.56264
-5.56199
-5.56232
-5.56264
-5.56264
-5.56491
-5.56653
-5.56621
-5.56621
-5.56815
-5.56944
-5.57106
-5.57236
-5.57236
-5.57236
-5.57139
-5.57203
-5.57074
-5.57106
-5.57106
-5.57073
-5.57268
-5.57138
-5.56911
-5.56717
-5.56588
-5.56458
-5.56491
-5.56458
-5.56556
-5.56459
-5.56459
-5.56459
-5.56588
-5.56523
-5.5662
-5.56685
-5.56426
-5.56394
-5.56426
-5.56459
-5.56297
-5.56232
-5.56264
-5.56361
-5.56556
-5.56588
-5.5675
-5.56783
-5.56815
-5.56977
-5.57204
-5.57333
-5.57398
-5.57333
-5.57171
-5.57236
-5.57074
-5.57042
-5.57171
-5.57236
-5.57172
-5.56945
-5.57107
-5.56977
-5.5675
-5.56912
-5.56847
-5.56847
-5.56815
-5.56912
-5.57009
-5.57042
-5.5701
-5.56816
-5.56492
-5.56654
-5.56622
-5.56622
-5.56492
-5.56524
-5.56427
-5.56524
-5.56491
-5.56524
-5.56588
-5.56686
-5.56621
-5.56556
-5.56654
-5.56945
-5.57042
-5.5688
-5.5701
-5.57042
-5.56978
-5.56848
-5.56849
-5.56784
-5.56751
-5.56816
-5.56978
-5.56945
-5.56912
-5.56718
-5.56912
-5.56848
-5.56783
-5.5688
-5.56783
-5.56751
-5.56751
-5.56751
-5.56557
-5.56427
-5.56557
-5.56654
-5.56589
-5.56654
-5.5659
-5.5659
-5.56558
-5.56687
-5.56687
-5.56654
-5.57043
-5.56945
-5.56589
-5.56589
-5.56751
-5.5646
-5.56525
-5.56396
-5.56492
-5.56492
-5.56589
-5.56459
-5.56653
-5.56751
-5.56751
-5.56589
-5.5659
-5.56622
-5.5659
-5.56655
-5.56817
-5.57043
-5.57043
-5.56946
-5.56751
-5.56654
-5.56524
-5.56427
-5.56492
-5.56363
-5.56427
-5.56784
-5.56784
-5.56783
-5.56848
-5.56912
-5.56945
-5.56816
-5.56848
-5.56816
-5.56816
-5.56751
-5.56751
-5.56751
-5.56784
-5.56978
-5.56913
-5.5701
-5.56977
-5.5701
-5.57074
-5.57042
-5.57236
-5.57139
-5.57107
-5.5701
-5.57042
-5.56945
-5.57075
-5.5701
-5.56946
-5.56913
-5.56687
-5.56654
-5.56525
-5.56492
-5.5646
-5.56557
-5.56622
-5.56784
-5.56687
-5.56881
-5.56946
-5.56881
-5.56687
-5.56751
-5.56945
-5.56945
-5.56816
-5.56848
-5.56816
-5.56816
-5.56784
-5.56752
-5.56784
-5.56784
-5.56914
-5.56687
-5.56752
-5.5659
-5.56654
-5.56687
-5.56622
-5.56427
-5.56524
-5.56783
-5.56913
-5.56719
-5.56946
-5.56979
-5.56785
-5.56687
-5.56752
-5.56784
-5.56719
-5.56655
-5.56396
-5.56622
-5.56978
-5.56849
-5.56719
-5.56719
-5.56719
-5.56686
-5.56816
-5.56557
-5.56427
-5.56492
-5.56622
-5.56428
-5.56234
-5.56266
-5.56363
-5.56396
-5.56331
-5.56395
-5.5646
-5.56524
-5.56459
-5.56395
-5.56395
-5.56266
-5.56395
-5.56493
-5.56558
-5.56558
-5.56785
-5.56947
-5.56882
-5.56882
-5.56655
-5.56655
-5.5659
-5.56622
-5.56558
-5.56655
-5.56655
-5.56655
-5.56526
-5.5659
-5.5672
-5.56817
-5.56817
-5.56849
-5.56784
-5.57011
-5.56849
-5.5672
-5.56817
-5.57044
-5.56752
-5.56849
-5.56882
-5.57011
-5.57044
-5.56785
-5.56688
-5.56753
-5.56688
-5.56785
-5.56785
-5.56558
-5.56525
-5.56493
-5.56233
-5.56266
-5.56234
-5.56298
-5.56137
-5.56428
-5.56234
-5.56331
-5.56428
-5.56558
-5.56526
-5.56623
-5.56558
-5.56429
-5.56461
-5.56428
-5.56461
-5.56363
-5.56266
-5.56558
-5.56525
-5.56428
-5.56526
-5.56753
-5.56656
-5.56688
-5.56591
-5.56591
-5.56753
-5.56656
-5.56429
-5.56461
-5.56461
-5.56526
-5.56623
-5.5672
-5.56655
-5.56882
-5.5672
-5.56655
-5.56558
-5.56591
-5.56689
-5.56527
-5.5656
-5.56754
-5.56753
-5.56753
-5.56882
-5.5672
-5.56687
-5.56655
-5.5672
-5.56655
-5.56882
-5.57141
-5.57141
-5.57239
-5.57174
-5.56979
-5.56947
-5.56882
-5.56623
-5.56591
-5.56623
-5.56526
-5.56655
-5.56655
-5.56753
-5.56817
-5.5672
-5.56882
-5.5685
-5.5685
-5.56721
-5.56624
-5.56624
-5.56786
-5.56947
-5.5685
-5.56559
-5.56591
-5.56656
-5.56559
-5.56397
-5.56429
-5.56526
-5.5685
-5.5672
-5.56721
-5.56721
-5.56721
-5.56591
-5.5685
-5.56753
-5.56591
-5.56558
-5.56655
-5.56591
-5.56494
-5.56462
-5.56364
-5.56397
-5.56656
-5.5672
-5.56947
-5.56817
-5.56753
-5.56721
-5.56397
-5.56462
-5.56494
-5.56333
-5.563
-5.563
-5.56591
-5.56559
-5.56559
-5.56624
-5.56527
-5.56591
-5.56591
-5.56623
-5.56397
-5.56396
-5.56364
-5.56234
-5.56104
-5.56299
-5.56332
-5.56267
-5.56332
-5.56429
-5.56656
-5.56785
-5.56688
-5.56785
-5.56882
-5.56558
-5.56526
-5.5672
-5.56591
-5.56656
-5.56753
-5.56915
-5.5711
-5.57077
-5.56915
-5.56915
-5.56656
-5.56656
-5.56818
-5.56688
-5.56397
-5.56364
-5.56235
-5.56332
-5.56235
-5.56267
-5.56202
-5.56332
-5.56299
-5.56494
-5.56494
-5.5672
-5.56688
-5.56623
-5.56656
-5.56753
-5.56753
-5.56656
-5.5672
-5.56591
-5.56655
-5.56785
-5.56721
-5.56559
-5.56462
-5.56527
-5.56592
-5.56463
-5.56624
-5.56559
-5.56494
-5.56332
-5.56267
-5.563
-5.56397
-5.56527
-5.56462
-5.56397
-5.56235
-5.56429
-5.56462
-5.56656
-5.56624
-5.56688
-5.5685
-5.56948
-5.5698
-5.57239
-5.57078
-5.57013
-5.57142
-5.57174
-5.5698
-5.56948
-5.56915
-5.56753
-5.56915
-5.5685
-5.5685
-5.56818
-5.56883
-5.57142
-5.57369
-5.57175
-5.57077
-5.5698
-5.57013
-5.56883
-5.56721
-5.56883
-5.56689
-5.56721
-5.56559
-5.56429
-5.56591
-5.56461
-5.56429
-5.56624
-5.56624
-5.56722
-5.5669
-5.56819
-5.56786
-5.56397
-5.56494
-5.56235
-5.56397
-5.56494
-5.56624
-5.56851
-5.56754
-5.56754
-5.56786
-5.56851
-5.56948
-5.56915
-5.56948
-5.56883
-5.56948
-5.5698
-5.56851
-5.56786
-5.56753
-5.56656
-5.56948
-5.56753
-5.56656
-5.56753
-5.56623
-5.56818
-5.5685
-5.56623
-5.56332
-5.56332
-5.56332
-5.56462
-5.56786
-5.56753
-5.56592
-5.56559
-5.5643
-5.56462
-5.56203
-5.56333
-5.56527
-5.56494
-5.56623
-5.56202
-5.56202
-5.56137
-5.56072
-5.56105
-5.56202
-5.56235
-5.56429
-5.56365
-5.56365
-5.56527
-5.56495
-5.56527
-5.56592
-5.56851
-5.56689
-5.56753
-5.56591
-5.56462
-5.56526
-5.56558
-5.56461
-5.56461
-5.56397
-5.56429
-5.56527
-5.56527
-5.5656
-5.56624
-5.5643
-5.56462
-5.56559
-5.56397
-5.56656
-5.5685
-5.56818
-5.5672
-5.5685
-5.56914
-5.57012
-5.5685
-5.57012
-5.57142
-5.57109
-5.5698
-5.5698
-5.57012
-5.57077
-5.56721
-5.56721
-5.56689
-5.56689
-5.56656
-5.56753
-5.56786
-5.56591
-5.56688
-5.56785
-5.57044
-5.56979
-5.57076
-5.57238
-5.57335
-5.57206
-5.57174
-5.57206
-5.57174
-5.57045
-5.56688
-5.5698
-5.56948
-5.56947
-5.57044
-5.56947
-5.57012
-5.56914
-5.56623
-5.5659
-5.56687
-5.5659
-5.56752
-5.56785
-5.56753
-5.5685
-5.56818
-5.56656
-5.56818
-5.56948
-5.57013
-5.57045
-5.57045
-5.56948
-5.56948
-5.56947
-5.56947
-5.5685
-5.56817
-5.56623
-5.56461
-5.56461
-5.56429
-5.56526
-5.56364
-5.56364
-5.56525
-5.56623
-5.56558
-5.56332
-5.56235
-5.56202
-5.56558
-5.56526
-5.56461
-5.56494
-5.56461
-5.56493
-5.56688
-5.56785
-5.56882
-5.56849
-5.5672
-5.56688
-5.56493
-5.56429
-5.56267
-5.56267
-5.56299
-5.56396
-5.56397
-5.563
-5.56267
-5.56591
-5.56461
-5.56591
-5.56559
-5.56591
-5.5672
-5.56947
-5.56817
-5.56785
-5.56688
-5.56656
-5.56396
-5.5659
-5.56493
-5.56234
-5.56072
-5.56234
-5.56202
-5.56234
-5.56332
-5.56364
-5.56656
-5.56785
-5.57076
-5.56915
-5.56979
-5.57076
-5.57109
-5.57174
-5.57206
-5.56883
-5.56591
-5.56494
-5.56461
-5.5672
-5.56752
-5.56558
-5.56493
-5.56623
-5.56493
-5.56687
-5.5659
-5.5685
-5.56785
-5.56817
-5.56656
-5.56623
-5.56526
-5.56461
-5.56331
-5.5646
-5.56169
-5.56558
-5.5672
-5.56817
-5.56882
-5.57011
-5.57044
-5.57077
-5.57044
-5.57044
-5.57141
-5.57141
-5.5727
-5.57562
-5.574
-5.57076
-5.56752
-5.56752
-5.56654
-5.56622
-5.56622
-5.56589
-5.56557
-5.56525
-5.56396
-5.5659
-5.56623
-5.56655
-5.5685
-5.57011
-5.56785
-5.56687
-5.56622
-5.56914
-5.57043
-5.56914
-5.56817
-5.56817
-5.56752
-5.56784
-5.56752
-5.5659
-5.56655
-5.56655
-5.56687
-5.56914
-5.56655
-5.56849
-5.56752
-5.56687
-5.56849
-5.56849
-5.56849
-5.56785
-5.56687
-5.56817
-5.57076
-5.56849
-5.56719
-5.56881
-5.5672
-5.56687
-5.5659
-5.56363
-5.56557
-5.56655
-5.56557
-5.5659
-5.5659
-5.56622
-5.56331
-5.56363
-5.56233
-5.56233
-5.5646
-5.56557
-5.56525
-5.56654
-5.56848
-5.56946
-5.56946
-5.56784
-5.56784
-5.56525
-5.56557
-5.56622
-5.56719
-5.56816
-5.56719
-5.56848
-5.56848
-5.56946
-5.57043
-5.57237
-5.57432
-5.57529
-5.57626
-5.57691
-5.57399
-5.5727
-5.5714
-5.57302
-5.57076
-5.56979
-5.57011
-5.5659
-5.56525
-5.56428
-5.56428
-5.56396
-5.56202
-5.55975
-5.55878
-5.55878
-5.56007
-5.55878
-5.55813
-5.5604
-5.55878
-5.55878
-5.55813
-5.55846
-5.55846
-5.55813
-5.55943
-5.56008
-5.56234
-5.56332
-5.56526
-5.56526
-5.56461
-5.5659
-5.56687
-5.56784
-5.57011
-5.56978
-5.56881
-5.56817
-5.56849
-5.56882
-5.56882
-5.56946
-5.56946
-5.57011
-5.56914
-5.57011
-5.57141
-5.57206
-5.56882
-5.56946
-5.56655
-5.56719
-5.56655
-5.56719
-5.56881
-5.56557
-5.56655
-5.56784
-5.56687
-5.56525
-5.56428
-5.5659
-5.56946
-5.56914
-5.56914
-5.5672
-5.56817
-5.5672
-5.5672
-5.56493
-5.56525
-5.5646
-5.56428
-5.56266
-5.56492
-5.5646
-5.5646
-5.56427
-5.56395
-5.56362
-5.5633
-5.5646
-5.56298
-5.5646
-5.56396
-5.56461
-5.56331
-5.56525
-5.56622
-5.5646
-5.56557
-5.56557
-5.56687
-5.56557
-5.56363
-5.5646
-5.56428
-5.56525
-5.56589
-5.56525
-5.56816
-5.56783
-5.5688
-5.56848
-5.56848
-5.56751
-5.56881
-5.56816
-5.56816
-5.56751
-5.56557
-5.56589
-5.56492
-5.56589
-5.56524
-5.56718
-5.56816
-5.56783
-5.56977
-5.57075
-5.56848
-5.5688
-5.56816
-5.56783
-5.56654
-5.56589
-5.56751
-5.56719
-5.56848
-5.56718
-5.56912
-5.5688
-5.56848
-5.56815
-5.56912
-5.56815
-5.56783
-5.56556
-5.56751
-5.56848
-5.56686
-5.56848
-5.56719
-5.56654
-5.56589
-5.56331
-5.56298
-5.56427
-5.56298
-5.56556
-5.56588
-5.56653
-5.56653
-5.5675
-5.56782
-5.56653
-5.56588
-5.56588
-5.56589
-5.56653
-5.56588
-5.56621
-5.56556
-5.56556
-5.56653
-5.56653
-5.56654
-5.56395
-5.56524
-5.56524
-5.56556
-5.56492
-5.56524
-5.56621
-5.56556
-5.56394
-5.56232
-5.56426
-5.56394
-5.56458
-5.56426
-5.56491
-5.56361
-5.56621
-5.56589
-5.56556
-5.56621
-5.56718
-5.56686
-5.56362
-5.56459
-5.56459
-5.56427
-5.56297
-5.56718
-5.56848
-5.56686
-5.56912
-5.5688
-5.56912
-5.56879
-5.56912
-5.56815
-5.56847
-5.56879
-5.56588
-5.56361
-5.56232
-5.56426
-5.56458
-5.5675
-5.56847
-5.56847
-5.56555
-5.56523
-5.56491
-5.56556
-5.56718
-5.56686
-5.56815
-5.56621
-5.56686
-5.56686
-5.56653
-5.56653
-5.56394
-5.56458
-5.56426
-5.56361
-5.56264
-5.56393
-5.56393
-5.5649
-5.56458
-5.5662
-5.56717
-5.56912
-5.56782
-5.56847
-5.56944
-5.56944
-5.57204
-5.57042
-5.57009
-5.57106
-5.56847
-5.56782
-5.56912
-5.56847
-5.56847
-5.56717
-5.56847
-5.5675
-5.5662
-5.56556
-5.56815
-5.56685
-5.5662
-5.56717
-5.56846
-5.56619
-5.56619
-5.56554
-5.5636
-5.56458
-5.56653
-5.56621
-5.56653
-5.56621
-5.5675
-5.56783
-5.56653
-5.56718
-5.56815
-5.5675
-5.56782
-5.57009
-5.56944
-5.56652
-5.56685
-5.56523
-5.5662
-5.56459
-5.56459
-5.56426
-5.56523
-5.56523
-5.56783
-5.56621
-5.56847
-5.56847
-5.56749
-5.56846
-5.56976
-5.57041
-5.56944
-5.56879
-5.56911
-5.56814
-5.56749
-5.56717
-5.56846
-5.56652
-5.56652
-5.5675
-5.5662
-5.56362
-5.56329
-5.56362
-5.56459
-5.56523
-5.56523
-5.56685
-5.56847
-5.56749
-5.56652
-5.56426
-5.5649
-5.56458
-5.56587
-5.56523
-5.56588
-5.56394
-5.56297
-5.56394
-5.56556
-5.56329
-5.56426
-5.56393
-5.56458
-5.56491
-5.56523
-5.56685
-5.56685
-5.5662
-5.56329
-5.56199
-5.56232
-5.56297
-5.56297
-5.56361
-5.56426
-5.56297
-5.56394
-5.56426
-5.56264
-5.56102
-5.56167
-5.56102
-5.56167
-5.56296
-5.56296
-5.56264
-5.56361
-5.56329
-5.56491
-5.56426
-5.56653
-5.56588
-5.56782
-5.56912
-5.57009
-5.57009
-5.57138
-5.56944
-5.56944
-5.56977
-5.56977
-5.57171
-5.56912
-5.57042
-5.57171
-5.56879
-5.5675
-5.56847
-5.56717
-5.56749
-5.56587
-5.56555
-5.56717
-5.56847
-5.56879
-5.56879
-5.56879
-5.56814
-5.56879
-5.56814
-5.56912
-5.57138
-5.56912
-5.57008
-5.56944
-5.56943
-5.56846
-5.57041
-5.56846
-5.56782
-5.56523
-5.56426
-5.56231
-5.56426
-5.56296
-5.56426
-5.56555
-5.56426
-5.56167
-5.56264
-5.562
-5.56329
-5.56329
-5.56393
-5.56587
-5.5649
-5.56554
-5.56554
-5.56651
-5.56457
-5.56716
-5.56619
-5.5662
-5.56555
-5.56426
-5.56491
-5.56653
-5.56556
-5.56524
-5.56361
-5.56394
-5.56393
-5.56717
-5.56749
-5.56814
-5.56879
-5.56943
-5.56975
-5.57008
-5.56943
-5.56814
-5.56749
-5.56555
-5.56361
-5.56296
-5.56361
-5.56523
-5.56652
-5.56781
-5.56555
-5.56522
-5.56781
-5.56878
-5.56911
-5.56781
-5.5662
-5.56717
-5.56814
-5.56846
-5.56749
-5.56554
-5.56619
-5.56586
-5.56942
-5.56716
-5.56716
-5.56748
-5.56619
-5.56749
-5.56781
-5.56846
-5.56878
-5.56749
-5.56619
-5.56651
-5.56748
-5.56651
-5.56877
-5.56845
-5.56748
-5.56618
-5.56716
-5.56684
-5.56457
-5.56489
-5.56295
-5.56198
-5.56295
-5.56327
-5.56489
-5.56619
-5.56522
-5.5636
-5.56392
-5.56424
-5.56327
-5.56359
-5.56165
-5.5623
-5.56327
-5.56327
-5.5636
-5.5636
-5.56522
-5.56425
-5.5649
-5.56716
-5.56652
-5.56717
-5.56878
-5.56781
-5.56716
-5.56716
-5.56748
-5.56619
-5.56522
-5.56587
-5.5649
-5.56425
-5.56523
-5.5662
-5.56588
-5.56847
-5.56782
-5.56684
-5.56814
-5.56846
-5.56749
-5.56782
-5.56814
-5.56685
-5.56588
-5.56426
-5.56328
-5.56393
-5.56425
-5.56296
-5.5649
-5.56652
-5.56426
-5.5662
-5.56588
-5.5662
-5.5675
-5.56749
-5.57041
-5.57268
-5.57106
-5.56912
-5.56782
-5.56847
-5.56944
-5.56782
-5.56847
-5.5662
-5.56458
-5.56555
-5.5649
-5.56523
-5.5662
-5.56522
-5.56393
-5.56425
-5.56749
-5.56587
-5.56684
-5.56814
-5.56879
-5.56846
-5.56911
-5.56717
-5.56782
-5.56749
-5.56652
-5.5662
-5.56555
-5.56685
-5.56782
-5.56717
-5.56847
-5.57041
-5.56814
-5.56976
-5.56976
-5.57041
-5.57041
-5.56976
-5.56944
-5.56944
-5.56976
-5.56944
-5.56944
-5.56944
-5.57074
-5.56912
-5.56976
-5.56944
-5.56976
-5.56684
-5.56587
-5.56555
-5.5649
-5.56426
-5.56361
-5.56329
-5.56426
-5.56426
-5.56653
-5.5675
-5.56814
-5.56588
-5.56782
-5.56847
-5.57041
-5.5688
-5.5688
-5.56782
-5.56524
-5.56621
-5.56426
-5.56394
-5.56523
-5.56556
-5.56717
-5.56685
-5.56911
-5.5675
-5.56782
-5.56944
-5.56814
-5.56944
-5.57009
-5.56912
-5.56944
-5.5688
-5.56847
-5.56653
-5.56491
-5.56426
-5.56393
-5.56458
-5.56296
-5.56458
-5.56685
-5.56717
-5.56912
-5.56879
-5.56944
-5.56847
-5.5675
-5.56329
-5.56393
-5.5649
-5.56749
-5.56782
-5.56911
-5.57073
-5.5717
-5.57041
-5.57073
-5.56912
-5.57074
-5.56912
-5.56718
-5.56588
-5.56426
-5.56361
-5.56232
-5.56199
-5.56231
-5.56361
-5.56685
-5.56523
-5.56749
-5.56523
-5.56588
-5.56361
-5.56394
-5.56135
-5.56103
-5.56362
-5.56426
-5.56329
-5.56458
-5.5649
-5.56555
-5.56749
-5.5662
-5.5662
-5.56556
-5.56815
-5.56912
-5.5688
-5.56815
-5.5675
-5.56718
-5.56717
-5.56685
-5.56944
-5.56879
-5.56588
-5.56653
-5.56426
-5.56426
-5.56491
-5.56491
-5.56523
-5.56653
-5.5675
-5.56685
-5.5662
-5.56523
-5.56588
-5.56588
-5.56459
-5.56329
-5.56459
-5.56459
-5.56297
-5.562
-5.56135
-5.56394
-5.56264
-5.56102
-5.56361
-5.562
-5.56329
-5.56361
-5.56296
-5.55973
-5.56134
-5.56167
-5.56264
-5.56297
-5.56394
-5.56264
-5.56297
-5.56297
-5.56232
-5.56297
-5.56458
-5.56523
-5.5675
-5.5675
-5.5688
-5.56977
-5.56816
-5.56881
-5.56913
-5.56913
-5.56978
-5.56945
-5.57074
-5.56912
-5.56912
-5.56912
-5.56944
-5.5688
-5.56848
-5.5688
-5.56848
-5.5701
-5.57075
-5.5688
-5.56816
-5.56848
-5.56848
-5.56718
-5.56815
-5.56524
-5.56524
-5.56589
-5.56524
-5.56492
-5.5633
-5.56394
-5.5633
-5.56427
-5.56588
-5.56621
-5.56783
-5.56848
-5.56912
-5.56848
-5.57074
-5.56913
-5.56977
-5.5701
-5.56978
-5.5714
-5.56978
-5.56849
-5.56816
-5.56622
-5.56719
-5.56849
-5.56784
-5.57043
-5.5714
-5.56945
-5.5701
-5.57043
-5.56978
-5.56783
-5.56783
-5.56686
-5.5688
-5.56718
-5.56783
-5.5688
-5.56718
-5.56816
-5.56686
-5.56719
-5.56589
-5.56525
-5.56492
-5.56589
-5.56427
-5.5633
-5.56427
-5.56427
-5.56524
-5.56686
-5.5688
-5.5688
-5.56913
-5.5701
-5.56914
-5.56719
-5.56849
-5.56687
-5.56622
-5.56395
-5.56395
-5.56168
-5.56297
-5.56621
-5.56653
-5.56556
-5.56783
-5.56815
-5.5688
-5.56913
-5.56881
-5.56816
-5.56654
-5.56816
-5.56719
-5.56654
-5.56622
-5.56557
-5.56751
-5.56784
-5.56978
-5.56848
-5.56913
-5.56589
-5.56621
-5.56654
-5.56654
-5.56783
-5.56977
-5.56945
-5.56912
-5.56783
-5.56848
-5.56524
-5.56459
-5.56427
-5.56071
-5.55909
-5.55845
-5.55715
-5.55715
-5.55715
-5.55553
-5.55715
-5.55682
-5.55877
-5.56103
-5.56168
-5.56039
-5.56201
-5.56039
-5.56201
-5.56233
-5.5633
-5.56459
-5.56362
-5.56362
-5.56362
-5.56718
-5.56751
-5.56848
-5.5701
-5.56784
-5.56881
-5.56719
-5.56913
-5.56686
-5.56783
-5.57074
-5.57074
-5.57042
-5.57042
-5.5701
-5.56848
-5.56815
-5.56815
-5.56815
-5.56782
-5.56718
-5.56685
-5.56556
-5.56491
-5.56426
-5.56459
-5.56394
-5.56426
-5.56458
-5.56555
-5.56782
-5.56749
-5.56685
-5.56652
-5.5675
-5.56621
-5.56589
-5.56459
-5.56589
-5.56394
-5.56491
-5.56653
-5.56653
-5.56815
-5.56685
-5.56685
-5.56685
-5.56718
-5.56686
-5.5646
-5.56589
-5.5646
-5.56557
-5.56622
-5.56784
-5.56622
-5.56622
-5.56589
-5.56686
-5.56524
-5.56265
-5.56233
-5.56362
-5.56525
-5.5659
-5.56557
-5.56558
-5.56655
-5.5659
-5.56654
-5.56654
-5.56848
-5.56881
-5.56945
-5.56751
-5.56751
-5.56913
-5.56848
-5.56849
-5.56881
-5.56946
-5.56946
-5.57043
-5.56784
-5.56913
-5.56978
-5.56848
-5.56557
-5.56719
-5.56848
-5.56589
-5.56395
-5.56395
-5.56557
-5.56784
-5.56557
-5.56589
-5.56492
-5.5646
-5.56525
-5.56557
-5.56557
-5.56589
-5.56719
-5.56816
-5.56783
-5.5701
-5.56718
-5.56492
-5.56557
-5.56622
-5.56687
-5.56849
-5.56622
-5.56557
-5.56557
-5.56557
-5.56557
-5.56589
-5.56428
-5.5633
-5.56363
-5.56395
-5.56265
-5.56427
-5.56298
-5.5633
-5.56265
-5.56169
-5.56104
-5.56104
-5.56233
-5.56298
-5.56201
-5.56298
-5.56428
-5.56525
-5.56557
-5.56622
-5.56784
-5.56751
-5.56719
-5.56654
-5.56589
-5.56687
-5.56687
-5.56719
-5.56849
-5.56881
-5.56881
-5.56687
-5.56654
-5.5659
-5.56654
-5.56752
-5.56461
-5.56687
-5.56622
-5.56622
-5.56654
-5.56557
-5.56298
-5.56072
-5.56071
-5.56104
-5.56266
-5.56298
-5.56395
-5.56493
-5.56396
-5.56331
-5.56461
-5.56299
-5.56235
-5.56332
-5.563
-5.56299
-5.56332
-5.56364
-5.56234
-5.56299
-5.56493
-5.56299
-5.56332
-5.56267
-5.56331
-5.56429
-5.56494
-5.56364
-5.56526
-5.56364
-5.56526
-5.56655
-5.56526
-5.56655
-5.56493
-5.56461
-5.56525
-5.56752
-5.56655
-5.56752
-5.56687
-5.56655
-5.5672
-5.56784
-5.56882
-5.56817
-5.56785
-5.5672
-5.5659
-5.5672
-5.56687
-5.56882
-5.56914
-5.56753
-5.56623
-5.56493
-5.56623
-5.56687
-5.56558
-5.56655
-5.5672
-5.56558
-5.56785
-5.56785
-5.56721
-5.5672
-5.56785
-5.56688
-5.56655
-5.56752
-5.56785
-5.56655
-5.5659
-5.56688
-5.56849
-5.56979
-5.57044
-5.56979
-5.5685
-5.56785
-5.56915
-5.5685
-5.56753
-5.56688
-5.56526
-5.56655
-5.56687
-5.56752
-5.56914
-5.56752
-5.56623
-5.56558
-5.56526
-5.56332
-5.56493
-5.56655
-5.56687
-5.56719
-5.56655
-5.56849
-5.56882
-5.56979
-5.56947
-5.57044
-5.57141
-5.56979
-5.56882
-5.56882
-5.56785
-5.56915
-5.5698
-5.56915
-5.56656
-5.56688
-5.56623
-5.56558
-5.56558
-5.56461
-5.56364
-5.56688
-5.56721
-5.56721
-5.5685
-5.56786
-5.56883
-5.56721
-5.5685
-5.56817
-5.56461
-5.56428
-5.56428
-5.56234
-5.56396
-5.56428
-5.56461
-5.56493
-5.56623
-5.56655
-5.56591
-5.5672
-5.56752
-5.56817
-5.56946
-5.5714
-5.57076
-5.57043
-5.56784
-5.56687
-5.56978
-5.56978
-5.5688
-5.5688
-5.5688
-5.56913
-5.56751
-5.56622
-5.56654
-5.56719
-5.56363
-5.56396
-5.56623
-5.56687
-5.56655
-5.56687
-5.56816
-5.56913
-5.56687
-5.56978
-5.56978
-5.57172
-5.56945
-5.57107
-5.56978
-5.56978
-5.57011
-5.56978
-5.57043
-5.56978
-5.56978
-5.56913
-5.56978
-5.5701
-5.57011
-5.56946
-5.5701
-5.57075
-5.56783
-5.56816
-5.56719
-5.56686
-5.56556
-5.56492
-5.56459
-5.56362
-5.56427
-5.56331
-5.56493
-5.56493
-5.56881
-5.56849
-5.56849
-5.56493
-5.56363
-5.56492
-5.56395
-5.56428
-5.56525
-5.56492
-5.56525
-5.56655
-5.56784
-5.5672
-5.5659
-5.56396
-5.56526
-5.56558
-5.56849
-5.56946
-5.56946
-5.56817
-5.56882
-5.57011
-5.56979
-5.56817
-5.56752
-5.56525
-5.56784
-5.56849
-5.56914
-5.56817
-5.56752
-5.56623
-5.56946
-5.57043
-5.56914
-5.56557
-5.56428
-5.5646
-5.56298
-5.56363
-5.56331
-5.56331
-5.56233
-5.56266
-5.56331
-5.56525
-5.56492
-5.56557
-5.56525
-5.56395
-5.56557
-5.56492
-5.5633
-5.56363
-5.56395
-5.56525
-5.5646
-5.5659
-5.56752
-5.56816
-5.56946
-5.56784
-5.57043
-5.5714
-5.57172
-5.56978
-5.56816
-5.56687
-5.56752
-5.56751
-5.56816
-5.56783
-5.56945
-5.5701
-5.5701
-5.56913
-5.56913
-5.56816
-5.56784
-5.56751
-5.56589
-5.56557
-5.56589
-5.56395
-5.56266
-5.56266
-5.56363
-5.56331
-5.5646
-5.56525
-5.56493
-5.56557
-5.5646
-5.56266
-5.56266
-5.56428
-5.5659
-5.5646
-5.56525
-5.56622
-5.56622
-5.56817
-5.56687
-5.56816
-5.56848
-5.56848
-5.56881
-5.57075
-5.57075
-5.57042
-5.56816
-5.56848
-5.56816
-5.56654
-5.56849
-5.56686
-5.56654
-5.56719
-5.5659
-5.56622
-5.56687
-5.5701
-5.56849
-5.56946
-5.57075
-5.56946
-5.56719
-5.56881
-5.56654
-5.56784
-5.56914
-5.56817
-5.56752
-5.56687
-5.56558
-5.56785
-5.56752
-5.56687
-5.56687
-5.56622
-5.56428
-5.56428
-5.56428
-5.56395
-5.56233
-5.5646
-5.56298
-5.5646
-5.56525
-5.56428
-5.56331
-5.56299
-5.5646
-5.56331
-5.56364
-5.56396
-5.56396
-5.56331
-5.56655
-5.56849
-5.56881
-5.56622
-5.56558
-5.56428
-5.56428
-5.56526
-5.56526
-5.56526
-5.56558
-5.56623
-5.56721
-5.56785
-5.56688
-5.56656
-5.5672
-5.56558
-5.56558
-5.56461
-5.56461
-5.56655
-5.56299
-5.56299
-5.56396
-5.56429
-5.56558
-5.56429
-5.56364
-5.56267
-5.56364
-5.56461
-5.56429
-5.56818
-5.56947
-5.57077
-5.57109
-5.57109
-5.57335
-5.57076
-5.56785
-5.56687
-5.56525
-5.56396
-5.5659
-5.56461
-5.56461
-5.56558
-5.56364
-5.56591
-5.5685
-5.5672
-5.56784
-5.56881
-5.56784
-5.56784
-5.56687
-5.56525
-5.56396
-5.56331
-5.56104
-5.56363
-5.56298
-5.56492
-5.56589
-5.56622
-5.56719
-5.56622
-5.56687
-5.56622
-5.56687
-5.56622
-5.56492
-5.56557
-5.56395
-5.56298
-5.56363
-5.5646
-5.56557
-5.56363
-5.56492
-5.56622
-5.56622
-5.56428
-5.56298
-5.5633
-5.56298
-5.5633
-5.5633
-5.5646
-5.5633
-5.56265
-5.56201
-5.56168
-5.56395
-5.56525
-5.56427
-5.56395
-5.56362
-5.56265
-5.56265
-5.56264
-5.56459
-5.56588
-5.56588
-5.56556
-5.56588
-5.56491
-5.56588
-5.56394
-5.56264
-5.56491
-5.56491
-5.56653
-5.5675
-5.56848
-5.56783
-5.5675
-5.56523
-5.56394
-5.56329
-5.56297
-5.56491
-5.56491
-5.56426
-5.56297
-5.56459
-5.56394
-5.56426
-5.56297
-5.56362
-5.56264
-5.56329
-5.56653
-5.56588
-5.56555
-5.5675
-5.56782
-5.56847
-5.56588
-5.56685
-5.56685
-5.56653
-5.56491
-5.56426
-5.56458
-5.56458
-5.56426
-5.5662
-5.56556
-5.56717
-5.56588
-5.56555
-5.56588
-5.56523
-5.56426
-5.56587
-5.56814
-5.5662
-5.56652
-5.56393
-5.56426
-5.56458
-5.56426
-5.56523
-5.56685
-5.56717
-5.56944
-5.56814
-5.56847
-5.56847
-5.56847
-5.56847
-5.56847
-5.56782
-5.56814
-5.56911
-5.57073
-5.57171
-5.56944
-5.56847
-5.56782
-5.56619
-5.56716
-5.56651
-5.56587
-5.5649
-5.56587
-5.56846
-5.56847
-5.56523
-5.56329
-5.56328
-5.5649
-5.56328
-5.56263
-5.56198
-5.56037
-5.56263
-5.56166
-5.56231
-5.56425
-5.56652
-5.5662
-5.56393
-5.56555
-5.56749
-5.56879
-5.57009
-5.56847
-5.56814
-5.56782
-5.56846
-5.56943
-5.56879
-5.57138
-5.57138
-5.57138
-5.56879
-5.56717
-5.56717
-5.56685
-5.56717
-5.56846
-5.56749
-5.56749
-5.56846
-5.56749
-5.56716
-5.56587
-5.56651
-5.56716
-5.56781
-5.57007
-5.57008
-5.57073
-5.5704
-5.57202
-5.57332
-5.57461
-5.57332
-5.5717
-5.5704
-5.56748
-5.56813
-5.56877
-5.5691
-5.56813
-5.5678
-5.56877
-5.56975
-5.57007
-5.57007
-5.56715
-5.56618
-5.5678
-5.56748
-5.56684
-5.56716
-5.56813
-5.56748
-5.56748
-5.56716
-5.56748
-5.56974
-5.57072
-5.57006
-5.57104
-5.57071
-5.57039
-5.57071
-5.5678
-5.56748
-5.56683
-5.5691
-5.56812
-5.56812
-5.56715
-5.56683
-5.56586
-5.56456
-5.561
-5.56262
-5.56326
-5.56359
-5.56326
-5.56391
-5.56391
-5.56521
-5.56553
-5.56456
-5.56554
-5.5678
-5.56845
-5.56974
-5.57007
-5.57071
-5.56974
-5.57071
-5.57071
-5.56779
-5.56747
-5.56618
-5.56715
-5.56812
-5.5665
-5.56423
-5.56715
-5.57006
-5.57233
-5.57103
-5.57071
-5.56941
-5.56844
-5.56682
-5.56584
-5.5652
-5.5639
-5.56423
-5.56293
-5.56487
-5.56423
-5.56358
-5.56584
-5.56649
-5.56746
-5.56746
-5.56844
-5.57103
-5.572
-5.57071
-5.57071
-5.57006
-5.57168
-5.57136
-5.57201
-5.57039
-5.57136
-5.57135
-5.57265
-5.57135
-5.57167
-5.57005
-5.57134
-5.57264
-5.57296
-5.5694
-5.56844
-5.57006
-5.57233
-5.56909
-5.56974
-5.56909
-5.56909
-5.56779
-5.56682
-5.56779
-5.56617
-5.56746
-5.56779
-5.56682
-5.56682
-5.56779
-5.56714
-5.56779
-5.5665
-5.56747
-5.5665
-5.56617
-5.56552
-5.56552
-5.56552
-5.56552
-5.56585
-5.56423
-5.5652
-5.56747
-5.56941
-5.56618
-5.56876
-5.56941
-5.56973
-5.56973
-5.56876
-5.56843
-5.56779
-5.56584
-5.5652
-5.56584
-5.56682
-5.56552
-5.56617
-5.5665
-5.56779
-5.56747
-5.56585
-5.56617
-5.56779
-5.56779
-5.56746
-5.56714
-5.56552
-5.56552
-5.56552
-5.5639
-5.56325
-5.56357
-5.56293
-5.56228
-5.5626
-5.56325
-5.56325
-5.56455
-5.56617
-5.56552
-5.56552
-5.56714
-5.56584
-5.56617
-5.56681
-5.56746
-5.56714
-5.56617
-5.56519
-5.56293
-5.56454
-5.56778
-5.56842
-5.5694
-5.57069
-5.5694
-5.56875
-5.56908
-5.56876
-5.56843
-5.56908
-5.56681
-5.56778
-5.56778
-5.56778
-5.56649
-5.56422
-5.56649
-5.56649
-5.56487
-5.56616
-5.56486
-5.56518
-5.56389
-5.56421
-5.56227
-5.56389
-5.56551
-5.56843
-5.5694
-5.56649
-5.56455
-5.55969
-5.56099
-5.56164
-5.56261
-5.56164
-5.56293
-5.56357
-5.56422
-5.56422
-5.56357
-5.56357
-5.56519
-5.56487
-5.56551
-5.56616
-5.56487
-5.56713
-5.56843
-5.56746
-5.56713
-5.56519
-5.56519
-5.56584
-5.56551
-5.56422
-5.56551
-5.56422
-5.56325
-5.56422
-5.56422
-5.56681
-5.56551
-5.56422
-5.56584
-5.56519
-5.56584
-5.56552
-5.56617
-5.56616
-5.56422
-5.56584
-5.5681
-5.56583
-5.56778
-5.56907
-5.56843
-5.56939
-5.56874
-5.57069
-5.57133
-5.57069
-5.57102
-5.56875
-5.56973
-5.57005
-5.56811
-5.56649
-5.56875
-5.5681
-5.56842
-5.56874
-5.56712
-5.56745
-5.5668
-5.5668
-5.56648
-5.56616
-5.56875
-5.56875
-5.56843
-5.56972
-5.57004
-5.56843
-5.56843
-5.56843
-5.56875
-5.5694
-5.56972
-5.57037
-5.57102
-5.5694
-5.56907
-5.5694
-5.56843
-5.56907
-5.57005
-5.57134
-5.56908
-5.56843
-5.56746
-5.56713
-5.56843
-5.56778
-5.56746
-5.56681
-5.56519
-5.56195
-5.56357
-5.56228
-5.56357
-5.56357
-5.56325
-5.56325
-5.56389
-5.56292
-5.56001
-5.56357
-5.56422
-5.56649
-5.56455
-5.56455
-5.56422
-5.56487
-5.56455
-5.56681
-5.56616
-5.56681
-5.56552
-5.56616
-5.56519
-5.56584
-5.56454
-5.56357
-5.56325
-5.56357
-5.56292
-5.56195
-5.56163
-5.5613
-5.5613
-5.5626
-5.56357
-5.56422
-5.56551
-5.56649
-5.56552
-5.56325
-5.56487
-5.56454
-5.56648
-5.56713
-5.56584
-5.56519
-5.56616
-5.56616
-5.56551
-5.56487
-5.56357
-5.5626
-5.55969
-5.55807
-5.55709
-5.55807
-5.55936
-5.56033
-5.5613
-5.56324
-5.56584
-5.56519
-5.56616
-5.56681
-5.56648
-5.56551
-5.5681
-5.56875
-5.56972
-5.57005
-5.57134
-5.57134
-5.57037
-5.5694
-5.56843
-5.5694
-5.56778
-5.5681
-5.56681
-5.56616
-5.56584
-5.56713
-5.56778
-5.56777
-5.56615
-5.56874
-5.56551
-5.56745
-5.56713
-5.56745
-5.5681
-5.56454
-5.56551
-5.56551
-5.56486
-5.56487
-5.5626
-5.56519
-5.56649
-5.56552
-5.56552
-5.56519
-5.56422
-5.56616
-5.56681
-5.56713
-5.56616
-5.56616
-5.56681
-5.56648
-5.56486
-5.56454
-5.56358
-5.56584
-5.56649
-5.56714
-5.56617
-5.56844
-5.56747
-5.56552
-5.56617
-5.56876
-5.56779
-5.56617
-5.56584
-5.56585
-5.56552
-5.56617
-5.56552
-5.56423
-5.5639
-5.56487
-5.5639
-5.56358
-5.56196
-5.56293
-5.56519
-5.56519
-5.56454
-5.56649
-5.56746
-5.56584
-5.56551
-5.56552
-5.56487
-5.56551
-5.5639
-5.56293
-5.56228
-5.56454
-5.5639
-5.56584
-5.56713
-5.56778
-5.56616
-5.56745
-5.56778
-5.56843
-5.56875
-5.5681
-5.56648
-5.56584
-5.56681
-5.56778
-5.56455
-5.56455
-5.56487
-5.56423
-5.5639
-5.5639
-5.56293
-5.56454
-5.56584
-5.56326
-5.56261
-5.56359
-5.56391
-5.56488
-5.56585
-5.5652
-5.56585
-5.56552
-5.56487
-5.56552
-5.56585
-5.56617
-5.56423
-5.56488
-5.56358
-5.56423
-5.56455
-5.56811
-5.5652
-5.56423
-5.5639
-5.56293
-5.56487
-5.56455
-5.56714
-5.56617
-5.56649
-5.56649
-5.56585
-5.5652
-5.56617
-5.56682
-5.56487
-5.5652
-5.56682
-5.56779
-5.56682
-5.56618
-5.56844
-5.56844
-5.56909
-5.57006
-5.56812
-5.56617
-5.56585
-5.56617
-5.56649
-5.56747
-5.56747
-5.56779
-5.56747
-5.56877
-5.56586
-5.56619
-5.5636
-5.56586
-5.56522
-5.56618
-5.56489
-5.56489
-5.56423
-5.56391
-5.56197
-5.56164
-5.56002
-5.56261
-5.56229
-5.56262
-5.56262
-5.56327
-5.56359
-5.56521
-5.56619
-5.56554
-5.56651
-5.56716
-5.5678
-5.56651
-5.56715
-5.56845
-5.56812
-5.56845
-5.56715
-5.56586
-5.56748
-5.56489
-5.56456
-5.56488
-5.56326
-5.56618
-5.56424
-5.56456
-5.56586
-5.56424
-5.56424
-5.5636
-5.56554
-5.56522
-5.56651
-5.56683
-5.56683
-5.56683
-5.56716
-5.56683
-5.56813
-5.56651
-5.56716
-5.56554
-5.56554
-5.56586
-5.56586
-5.56554
-5.56651
-5.56781
-5.56684
-5.56781
-5.56814
-5.56684
-5.56781
-5.56749
-5.56781
-5.56651
-5.56748
-5.56748
-5.56553
-5.56586
-5.56748
-5.56456
-5.56392
-5.56392
-5.56262
-5.56165
-5.56424
-5.56586
-5.56619
-5.56683
-5.56684
-5.56522
-5.56586
-5.56425
-5.56457
-5.56489
-5.56425
-5.56781
-5.56878
-5.56586
-5.56619
-5.56684
-5.56943
-5.5691
-5.57072
-5.5691
-5.57007
-5.57072
-5.57104
-5.57072
-5.56943
-5.56781
-5.56846
-5.56813
-5.56781
-5.56781
-5.56813
-5.57039
-5.57201
-5.57201
-5.57169
-5.5704
-5.56846
-5.56879
-5.56943
-5.56976
-5.5704
-5.56813
-5.5704
-5.57007
-5.56878
-5.56748
-5.56748
-5.56781
-5.56878
-5.5691
-5.5704
-5.56975
-5.56878
-5.5691
-5.56942
-5.57137
-5.56845
-5.56748
-5.56716
-5.56619
-5.56716
-5.56587
-5.56684
-5.56619
-5.56619
-5.56684
-5.56716
-5.56878
-5.56781
-5.56683
-5.56781
-5.56813
-5.56943
-5.57105
-5.57234
-5.57235
-5.573
-5.57397
-5.57364
-5.57138
-5.57105
-5.57105
-5.5704
-5.5704
-5.57072
-5.56943
-5.56943
-5.56619
-5.56522
-5.56587
-5.5649
-5.56587
-5.56328
-5.56426
-5.5662
-5.56814
-5.56944
-5.56976
-5.57072
-5.5691
-5.5691
-5.56683
-5.56651
-5.56651
-5.56522
-5.56652
-5.56847
-5.56782
-5.56944
-5.56911
-5.56911
-5.56846
-5.56781
-5.56684
-5.57105
-5.57072
-5.57137
-5.56975
-5.5717
-5.57008
-5.5704
-5.57073
-5.56879
-5.56846
-5.56943
-5.56976
-5.56814
-5.56782
-5.56588
-5.5662
-5.56717
-5.56749
-5.56619
-5.56522
-5.56619
-5.56587
-5.56619
-5.56555
-5.56555
-5.56425
-5.56328
-5.56393
-5.56587
-5.56296
-5.56458
-5.56523
-5.56425
-5.56684
-5.56651
-5.56846
-5.56683
-5.57007
-5.5704
-5.5717
-5.56878
-5.56782
-5.56717
-5.56815
-5.56685
-5.56782
-5.56685
-5.56587
-5.56555
-5.56425
-5.5649
-5.56522
-5.56522
-5.5662
-5.5649
-5.56652
-5.56426
-5.56458
-5.56232
-5.56491
-5.5662
-5.56814
-5.5662
-5.56717
-5.56749
-5.56717
-5.56588
-5.5662
-5.56782
-5.56847
-5.56749
-5.56846
-5.56781
-5.56684
-5.56651
-5.56684
-5.56748
-5.56781
-5.5691
-5.56619
-5.56652
-5.56685
-5.56685
-5.56587
-5.5662
-5.56522
-5.56814
-5.56878
-5.56716
-5.56813
-5.56813
-5.56911
-5.56846
-5.56716
-5.56813
-5.56846
-5.56878
-5.5704
-5.56943
-5.56975
-5.5691
-5.56975
-5.56943
-5.56814
-5.56749
-5.56684
-5.56652
-5.5649
-5.56717
-5.56749
-5.56684
-5.56651
-5.56716
-5.56652
-5.56522
-5.56749
-5.56749
-5.56489
-5.56554
-5.56619
-5.56651
-5.56425
-5.56716
-5.56716
-5.56749
-5.56814
-5.56749
-5.57138
-5.57397
-5.57429
-5.57202
-5.57364
-5.573
-5.5717
-5.57073
-5.57073
-5.56975
-5.56943
-5.56975
-5.56684
-5.56781
-5.56716
-5.56781
-5.56781
-5.56846
-5.56846
-5.57008
-5.56976
-5.56912
-5.56847
-5.56782
-5.56911
-5.56814
-5.56814
-5.56587
-5.56652
-5.56652
-5.56393
-5.56782
-5.56685
-5.56555
-5.56587
-5.5649
-5.5649
-5.56555
-5.56555
-5.56425
-5.56555
-5.56684
-5.56716
-5.56684
-5.56457
-5.56457
-5.56587
-5.56587
-5.56587
-5.56361
-5.56231
-5.56296
-5.56426
-5.5662
-5.56847
-5.56879
-5.56847
-5.56944
-5.57008
-5.56976
-5.56976
-5.56911
-5.56879
-5.56911
-5.5662
-5.56717
-5.56685
-5.56749
-5.56426
-5.56588
-5.56296
-5.56102
-5.56328
-5.5649
-5.56554
-5.56651
-5.56425
-5.56458
-5.5662
-5.5662
-5.56588
-5.56847
-5.56944
-5.57008
-5.56879
-5.56975
-5.57008
-5.56748
-5.56748
-5.56618
-5.56813
-5.57039
-5.5704
-5.57072
-5.56975
-5.56813
-5.56555
-5.56619
-5.56522
-5.56393
-5.5623
-5.56133
-5.56359
-5.56553
-5.56813
-5.56651
-5.56586
-5.56683
-5.56748
-5.56554
-5.56619
-5.56748
-5.5691
-5.56975
-5.5691
-5.5691
-5.56845
-5.56812
-5.56845
-5.5691
-5.56845
-5.56943
-5.56813
-5.57137
-5.57267
-5.57202
-5.5717
-5.57105
-5.5704
-5.57105
-5.56813
-5.56586
-5.56327
-5.56456
-5.56489
-5.56489
-5.56489
-5.56651
-5.56457
-5.56457
-5.56716
-5.56684
-5.56522
-5.56425
-5.56587
-5.56587
-5.56749
-5.56846
-5.56878
-5.56976
-5.56975
-5.56943
-5.56749
-5.56846
-5.56814
-5.56684
-5.56619
-5.56684
-5.56879
-5.56814
-5.56879
-5.56814
-5.56555
-5.56652
-5.56717
-5.56878
-5.56911
-5.56813
-5.56652
-5.5636
-5.56523
-5.56523
-5.56361
-5.56361
-5.56361
-5.56458
-5.56426
-5.56458
-5.56523
-5.56555
-5.56199
-5.56457
-5.56425
-5.5649
-5.56458
-5.56425
-5.5662
-5.56717
-5.56556
-5.56555
-5.56976
-5.57074
-5.56912
-5.56847
-5.56976
-5.57041
-5.57073
-5.56976
-5.56814
-5.5649
-5.56426
-5.56426
-5.56588
-5.5675
-5.5662
-5.56458
-5.56361
-5.56459
-5.56361
-5.56556
-5.56361
-5.56524
-5.56653
-5.5662
-5.56685
-5.56685
-5.56653
-5.56555
-5.56523
-5.56393
-5.56393
-5.56361
-5.56458
-5.56653
-5.5675
-5.56912
-5.56976
-5.56847
-5.56717
-5.56458
-5.56199
-5.56232
-5.56199
-5.56231
-5.56167
-5.56199
-5.56199
-5.56361
-5.56555
-5.56426
-5.56458
-5.56523
-5.56458
-5.56361
-5.56394
-5.56426
-5.56426
-5.56653
-5.56815
-5.56524
-5.56588
-5.56491
-5.56588
-5.56814
-5.57073
-5.57137
-5.5704
-5.56943
-5.57138
-5.56911
-5.57041
-5.5688
-5.57009
-5.5688
-5.56815
-5.56718
-5.56717
-5.56782
-5.56846
-5.57202
-5.57105
-5.57041
-5.56847
-5.56782
-5.56685
-5.5662
-5.56588
-5.5662
-5.56523
-5.5662
-5.5662
-5.56588
-5.56749
-5.56685
-5.56749
-5.56749
-5.56555
-5.5649
-5.56393
-5.56393
-5.56231
-5.56264
-5.56393
-5.56652
-5.56588
-5.56782
-5.56912
-5.56847
-5.56847
-5.56911
-5.57041
-5.5717
-5.57073
-5.57364
-5.573
-5.57138
-5.57009
-5.56814
-5.5675
-5.5662
-5.56588
-5.56296
-5.56264
-5.56297
-5.562
-5.56232
-5.56361
-5.56426
-5.56426
-5.56394
-5.56329
-5.56426
-5.56491
-5.56718
-5.56653
-5.56556
-5.5675
-5.56848
-5.56913
-5.56945
-5.57042
-5.57139
-5.57074
-5.56945
-5.56977
-5.5688
-5.56847
-5.56912
-5.5675
-5.56783
-5.5688
-5.56944
-5.56912
-5.56879
-5.56782
-5.5662
-5.56588
-5.56653
-5.56718
-5.56523
-5.56556
-5.56458
-5.56459
-5.56394
-5.56523
-5.56653
-5.56523
-5.56231
-5.56328
-5.56523
-5.56555
-5.56717
-5.56815
-5.56847
-5.56847
-5.56717
-5.56685
-5.56523
-5.56717
-5.56749
-5.56685
-5.56685
-5.56458
-5.56264
-5.56394
-5.56523
-5.56393
-5.56393
-5.56264
-5.56393
-5.5649
-5.56522
-5.56555
-5.56749
-5.56457
-5.56489
-5.56586
-5.56295
-5.56522
-5.56554
-5.56684
-5.56716
-5.56619
-5.56522
-5.56587
-5.56522
-5.56425
-5.56555
-5.56458
-5.5649
-5.56425
-5.56652
-5.56717
-5.5662
-5.56458
-5.56458
-5.56587
-5.56587
-5.56684
-5.56425
-5.56425
-5.5649
-5.56522
-5.56523
-5.56782
-5.56879
-5.56813
-5.56684
-5.56586
-5.56619
-5.56554
-5.56425
-5.56295
-5.56295
-5.56166
-5.56393
-5.56425
-5.56231
-5.56166
-5.56328
-5.56361
-5.56231
-5.56361
-5.56522
-5.56555
-5.56619
-5.56458
-5.56457
-5.56522
-5.56457
-5.56263
-5.56134
-5.56263
-5.56231
-5.56134
-5.5594
-5.56199
-5.56037
-5.56328
-5.56587
-5.56717
-5.56587
-5.56652
-5.56749
-5.56685
-5.56911
-5.56911
-5.57203
-5.57397
-5.57106
-5.57074
-5.57074
-5.57009
-5.57074
-5.57041
-5.56814
-5.56912
-5.56879
-5.56977
-5.56847
-5.56944
-5.56783
-5.56653
-5.56718
-5.5675
-5.56815
-5.56783
-5.56654
-5.5646
-5.56589
-5.56395
-5.56395
-5.56395
-5.56298
-5.56427
-5.56265
-5.562
-5.56103
-5.56136
-5.56038
-5.562
-5.5633
-5.5633
-5.56071
-5.56395
-5.56492
-5.56621
-5.56719
-5.56719
-5.56816
-5.56622
-5.5646
-5.56557
-5.56492
-5.56621
-5.56686
-5.56556
-5.56686
-5.56848
-5.56686
-5.5646
-5.56589
-5.56751
-5.56752
-5.56946
-5.56914
-5.56881
-5.56881
-5.56946
-5.57107
-5.56848
-5.56718
-5.56751
-5.56654
-5.56524
-5.56395
-5.56427
-5.5646
-5.56428
-5.56525
-5.56492
-5.56362
-5.56524
-5.56492
-5.5633
-5.56362
-5.56459
-5.5633
-5.56395
-5.56362
-5.56362
-5.56362
-5.56589
-5.56395
-5.56395
-5.5646
-5.56557
-5.56589
-5.56622
-5.56427
-5.56589
-5.5646
-5.56557
-5.56492
-5.56557
-5.56589
-5.56622
-5.56622
-5.56687
-5.56493
-5.56719
-5.56719
-5.56622
-5.56589
-5.56751
-5.56848
-5.56816
-5.56848
-5.5701
-5.57043
-5.57205
-5.57043
-5.56881
-5.56655
-5.56687
-5.56752
-5.56979
-5.56914
-5.56913
-5.56913
-5.57075
-5.56978
-5.56945
-5.56848
-5.56849
-5.56687
-5.56687
-5.56428
-5.56266
-5.56234
-5.56461
-5.56525
-5.56655
-5.56914
-5.56946
-5.5714
-5.5714
-5.57205
-5.57302
-5.57237
-5.57108
-5.57237
-5.57011
-5.56752
-5.56719
-5.5659
-5.5659
-5.56784
-5.56817
-5.56785
-5.56882
-5.56752
-5.56752
-5.56655
-5.56687
-5.56719
-5.56719
-5.56687
-5.56654
-5.56687
-5.56525
-5.56558
-5.56687
-5.56817
-5.56493
-5.56525
-5.56719
-5.56849
-5.56979
-5.56914
-5.56817
-5.56558
-5.56461
-5.56494
-5.56396
-5.56364
-5.56429
-5.56169
-5.56169
-5.56234
-5.56363
-5.56299
-5.56201
-5.56331
-5.56331
-5.56623
-5.56655
-5.56461
-5.56591
-5.5685
-5.56785
-5.57076
-5.57108
-5.57238
-5.57044
-5.57076
-5.56882
-5.5685
-5.56688
-5.56526
-5.56428
-5.5646
-5.56622
-5.56525
-5.56363
-5.56492
-5.56525
-5.56654
-5.56752
-5.56914
-5.57076
-5.57043
-5.56882
-5.56752
-5.56849
-5.56331
-5.56363
-5.56266
-5.56201
-5.56169
-5.56299
-5.56266
-5.56461
-5.56591
-5.56656
-5.56688
-5.56623
-5.56623
-5.56623
-5.56429
-5.56364
-5.56429
-5.56429
-5.56688
-5.56558
-5.56396
-5.56526
-5.56461
-5.56526
-5.56752
-5.56688
-5.56558
-5.56526
-5.56429
-5.56591
-5.56914
-5.56946
-5.5672
-5.5672
-5.56817
-5.56979
-5.56687
-5.56655
-5.56429
-5.56655
-5.56688
-5.56785
-5.56753
-5.56623
-5.56753
-5.56785
-5.56785
-5.5672
-5.56655
-5.56849
-5.56784
-5.56849
-5.56881
-5.56817
-5.56688
-5.56785
-5.56882
-5.56979
-5.56882
-5.56849
-5.56591
-5.56526
-5.56591
-5.56688
-5.56882
-5.56947
-5.5685
-5.56817
-5.5685
-5.5685
-5.56882
-5.56752
-5.5672
-5.56655
-5.56623
-5.56688
-5.5672
-5.56915
-5.56915
-5.56818
-5.56818
-5.56721
-5.56656
-5.56365
-5.56267
-5.56332
-5.56073
-5.56041
-5.56106
-5.56235
-5.56462
-5.56462
-5.56591
-5.56558
-5.56753
-5.57012
-5.57141
-5.57206
-5.57206
-5.57271
-5.57433
-5.5724
-5.57272
-5.57304
-5.57304
-5.57078
-5.57175
-5.5711
-5.5698
-5.57045
-5.56948
-5.57142
-5.56883
-5.56753
-5.56753
-5.56786
-5.5685
-5.57109
-5.56818
-5.56785
-5.56915
-5.56688
-5.56656
-5.56688
-5.5643
-5.56462
-5.56591
-5.56397
-5.56397
-5.56559
-5.56688
-5.56526
-5.56591
-5.56753
-5.56623
-5.56656
-5.56494
-5.56494
-5.56558
-5.56623
-5.56688
-5.56623
-5.5685
-5.56558
-5.56591
-5.56623
-5.56656
-5.5672
-5.56623
-5.56688
-5.56721
-5.56948
-5.5698
-5.56883
-5.56915
-5.56688
-5.56656
-5.56559
-5.56591
-5.56558
-5.5659
-5.56493
-5.5659
-5.56526
-5.56623
-5.56591
-5.56461
-5.56526
-5.56559
-5.56689
-5.56721
-5.56883
-5.56818
-5.56883
-5.56979
-5.57076
-5.57076
-5.57044
-5.57108
-5.56914
-5.56914
-5.56914
-5.56785
-5.56979
-5.56818
-5.56818
-5.56818
-5.56721
-5.56915
-5.56624
-5.56656
-5.56688
-5.56752
-5.56752
-5.56752
-5.56688
-5.56785
-5.56753
-5.56655
-5.56461
-5.56591
-5.56494
-5.56558
-5.56817
-5.56882
-5.56817
-5.56688
-5.56753
-5.5685
-5.56915
-5.57012
-5.56914
-5.56914
-5.56979
-5.56914
-5.57076
-5.57109
-5.57238
-5.57044
-5.57012
-5.5698
-5.56883
-5.57012
-5.56915
-5.57109
-5.57077
-5.56883
-5.56817
-5.56753
-5.56655
-5.56591
-5.56558
-5.56332
-5.56396
-5.56526
-5.56688
-5.56655
-5.56623
-5.56655
-5.56526
-5.56591
-5.56591
-5.56656
-5.56786
-5.56947
-5.56494
-5.56623
-5.56559
-5.5672
-5.56979
-5.56979
-5.57011
-5.5685
-5.56817
-5.5685
-5.56914
-5.56882
-5.57011
-5.56817
-5.56785
-5.56655
-5.56785
-5.56752
-5.5672
-5.56623
-5.56688
-5.5672
-5.56753
-5.56688
-5.56915
-5.56979
-5.56882
-5.56849
-5.56687
-5.56623
-5.56785
-5.56914
-5.57043
-5.57205
-5.57108
-5.57368
-5.57012
-5.56882
-5.5672
-5.56461
-5.56558
-5.56493
-5.56493
-5.56396
-5.56461
-5.56656
-5.56429
-5.56623
-5.56591
-5.56526
-5.56364
-5.56138
-5.5617
-5.56397
-5.56461
-5.56397
-5.56235
-5.5604
-5.55976
-5.56041
-5.5617
-5.56397
-5.56364
-5.56591
-5.56753
-5.56817
-5.56785
-5.56688
-5.56753
-5.56688
-5.56494
-5.56559
-5.56559
-5.56365
-5.56333
-5.56559
-5.56624
-5.56591
-5.56624
-5.56688
-5.5672
-5.56688
-5.56721
-5.56721
-5.5685
-5.56851
-5.56851
-5.56916
-5.56948
-5.56916
-5.56851
-5.56915
-5.56915
-5.56753
-5.56915
-5.56591
-5.56656
-5.56624
-5.56656
-5.56656
-5.56688
-5.56591
-5.56688
-5.56785
-5.56818
-5.56785
-5.5685
-5.56883
-5.5685
-5.56689
-5.56818
-5.56915
-5.56915
-5.57012
-5.57045
-5.57045
-5.56915
-5.56753
-5.56721
-5.56883
-5.56948
-5.56916
-5.56916
-5.57045
-5.57175
-5.56916
-5.56851
-5.56948
-5.56851
-5.56818
-5.56721
-5.56754
-5.56851
-5.56754
-5.56462
-5.5656
-5.56787
-5.56625
-5.56593
-5.56463
-5.56722
-5.56754
-5.56592
-5.56494
-5.56332
-5.56364
-5.56462
-5.56462
-5.56689
-5.56657
-5.56592
-5.56592
-5.56625
-5.56787
-5.57078
-5.56948
-5.56916
-5.56981
-5.56851
-5.56689
-5.56689
-5.5656
-5.56624
-5.56883
-5.56819
-5.56916
-5.57045
-5.57013
-5.56884
-5.56657
-5.56625
-5.56852
-5.56722
-5.5669
-5.56561
-5.56561
-5.56658
-5.5656
-5.56722
-5.56787
-5.56689
-5.56624
-5.5656
-5.56398
-5.56366
-5.56301
-5.56236
-5.56172
-5.56236
-5.56171
-5.56268
-5.56398
-5.56625
-5.5656
-5.56657
-5.56657
-5.56754
-5.56884
-5.56981
-5.56981
-5.56948
-5.57013
-5.57207
-5.5724
-5.57369
-5.57272
-5.57337
-5.57013
-5.56916
-5.56949
-5.57014
-5.56981
-5.56884
-5.56981
-5.56948
-5.57013
-5.56981
-5.56819
-5.56625
-5.56787
-5.56949
-5.56851
-5.56916
-5.56722
-5.56884
-5.56981
-5.56722
-5.56657
-5.56528
-5.56301
-5.56301
-5.5643
-5.56268
-5.56204
-5.56269
-5.56204
-5.56074
-5.56398
-5.56366
-5.56334
-5.56236
-5.56269
-5.56042
-5.56398
-5.5656
-5.56624
-5.56754
-5.56754
-5.56559
-5.56624
-5.56495
-5.56528
-5.56528
-5.56561
-5.56399
-5.56334
-5.56398
-5.56269
-5.56657
-5.56624
-5.56689
-5.56818
-5.56721
-5.56591
-5.56721
-5.56948
-5.56851
-5.56949
-5.56884
-5.56949
-5.57078
-5.57046
-5.56884
-5.56625
-5.56657
-5.56787
-5.56786
-5.56786
-5.56883
-5.56819
-5.57013
-5.57045
-5.56819
-5.56786
-5.56916
-5.56851
-5.56689
-5.56689
-5.56624
-5.56721
-5.56527
-5.56462
-5.56527
-5.56559
-5.56592
-5.56559
-5.56236
-5.56495
-5.56656
-5.56397
-5.56397
-5.56203
-5.56268
-5.56268
-5.56236
-5.56462
-5.56494
-5.563
-5.56268
-5.56269
-5.56301
-5.56366
-5.56528
-5.56496
-5.56561
-5.5669
-5.5669
-5.56722
-5.5656
-5.56592
-5.56753
-5.56948
-5.56883
-5.56818
-5.56657
-5.56625
-5.56528
-5.56496
-5.56819
-5.56787
-5.56722
-5.56787
-5.56916
-5.57045
-5.56981
-5.56916
-5.56981
-5.56787
-5.56787
-5.57014
-5.56949
-5.57079
-5.5724
-5.57435
-5.5724
-5.5711
-5.57402
-5.57532
-5.57402
-5.57176
-5.57111
-5.57144
-5.56982
-5.5682
-5.5682
-5.56528
-5.56625
-5.5656
-5.56657
-5.56495
-5.56333
-5.56269
-5.56269
-5.56075
-5.56269
-5.56269
-5.56528
-5.56528
-5.56366
-5.56463
-5.56399
-5.56496
-5.56431
-5.5656
-5.56431
-5.56689
-5.56625
-5.56431
-5.56496
-5.56593
-5.56755
-5.5669
-5.56593
-5.5682
-5.56723
-5.56658
-5.56625
-5.56755
-5.56787
-5.56787
-5.56852
-5.56722
-5.5669
-5.56722
-5.56657
-5.56657
-5.56689
-5.56657
-5.5656
-5.57078
-5.57079
-5.56982
-5.56852
-5.56982
-5.56917
-5.57111
-5.56755
-5.5682
-5.57079
-5.57176
-5.57046
-5.57047
-5.57208
-5.56885
-5.56788
-5.56432
-5.56561
-5.56755
-5.56885
-5.56852
-5.56917
-5.5695
-5.56917
-5.57144
-5.57015
-5.56918
-5.56885
-5.56885
-5.56658
-5.56529
-5.56626
-5.56593
-5.56431
-5.56496
-5.56496
-5.56593
-5.56593
-5.56333
-5.56107
-5.56139
-5.56301
-5.56334
-5.56269
-5.5627
-5.56529
-5.56691
-5.56432
-5.56399
-5.56301
-5.5656
-5.56884
-5.56755
-5.56723
-5.56949
-5.56917
-5.56981
-5.57078
-5.57208
-5.57176
-5.57111
-5.56819
-5.56592
-5.56398
-5.56301
-5.56301
-5.56334
-5.56431
-5.56431
-5.56237
-5.56334
-5.56463
-5.56398
-5.56722
-5.56754
-5.56754
-5.56787
-5.56755
-5.56787
-5.56787
-5.56852
-5.56787
-5.56658
-5.56593
-5.56496
-5.5643
-5.56463
-5.56463
-5.56333
-5.56301
-5.56204
-5.56205
-5.56367
-5.56464
-5.56561
-5.56496
-5.56625
-5.56463
-5.5656
-5.56495
-5.56625
-5.5669
-5.56755
-5.5669
-5.56658
-5.56529
-5.56691
-5.56788
-5.56658
-5.56626
-5.56593
-5.56496
-5.56431
-5.56398
-5.56495
-5.56528
-5.56496
-5.56399
-5.56496
-5.56529
-5.56594
-5.56529
-5.56626
-5.56691
-5.5695
-5.57047
-5.57112
-5.57209
-5.57144
-5.57209
-5.57176
-5.57143
-5.56917
-5.56787
-5.56787
-5.56593
-5.56463
-5.5669
-5.56399
-5.56626
-5.56755
-5.56658
-5.5669
-5.56626
-5.56626
-5.56658
-5.56787
-5.5669
-5.56528
-5.56464
-5.56464
-5.56723
-5.56723
-5.56658
-5.56367
-5.56302
-5.56205
-5.56399
-5.56172
-5.56398
-5.56495
-5.56657
-5.56528
-5.56593
-5.56463
-5.56496
-5.56528
-5.56334
-5.56399
-5.56269
-5.56301
-5.56366
-5.56431
-5.56399
-5.56432
-5.56496
-5.56432
-5.56464
-5.56464
-5.56431
-5.56528
-5.56495
-5.56528
-5.5669
-5.56819
-5.56787
-5.5669
-5.56852
-5.5682
-5.56561
-5.56399
-5.56529
-5.56561
-5.56625
-5.5656
-5.56366
-5.56204
-5.56107
-5.56236
-5.56366
-5.56301
-5.56237
-5.56334
-5.56463
-5.56722
-5.5669
-5.56625
-5.56528
-5.56593
-5.56398
-5.56755
-5.56755
-5.5682
-5.56787
-5.56561
-5.56496
-5.56593
-5.56463
-5.56334
-5.56301
-5.56366
-5.56269
-5.56107
-5.56107
-5.56237
-5.56399
-5.56463
-5.56495
-5.56366
-5.56463
-5.56463
-5.56463
-5.56625
-5.56981
-5.56852
-5.56755
-5.56787
-5.56787
-5.56852
-5.56722
-5.56755
-5.56787
-5.56723
-5.56788
-5.56788
-5.56755
-5.56658
-5.5656
-5.56496
-5.56398
-5.56431
-5.56528
-5.56366
-5.56496
-5.56528
-5.56431
-5.56237
-5.56367
-5.56431
-5.5669
-5.56755
-5.5669
-5.5669
-5.56658
-5.56625
-5.56561
-5.56528
-5.5656
-5.56754
-5.56851
-5.56689
-5.5669
-5.56754
-5.56949
-5.57014
-5.57111
-5.57208
-5.57241
-5.57371
-5.57241
-5.57047
-5.56853
-5.56723
-5.56367
-5.56528
-5.5656
-5.56625
-5.56593
-5.56723
-5.57047
-5.5695
-5.56853
-5.5695
-5.56626
-5.56885
-5.56917
-5.56755
-5.56626
-5.56496
-5.56463
-5.56366
-5.5669
-5.56819
-5.56917
-5.56982
-5.56917
-5.56561
-5.56852
-5.56884
-5.56787
-5.56917
-5.56852
-5.57014
-5.56949
-5.56787
-5.56884
-5.56787
-5.56755
-5.56722
-5.56431
-5.56463
-5.56528
-5.56658
-5.56625
-5.56658
-5.56625
-5.56561
-5.5656
-5.56755
-5.5656
-5.5656
-5.56625
-5.56722
-5.56981
-5.57078
-5.57208
-5.57208
-5.56917
-5.5682
-5.56723
-5.56593
-5.56626
-5.56496
-5.56625
-5.56592
-5.56657
-5.56495
-5.56333
-5.56528
-5.56625
-5.56561
-5.56626
-5.56949
-5.57014
-5.56981
-5.57078
-5.57143
-5.56948
-5.56753
-5.56656
-5.56429
-5.563
-5.56106
-5.56171
-5.56236
-5.56236
-5.56203
-5.56365
-5.56398
-5.56333
-5.56365
-5.56365
-5.5643
-5.56365
-5.56364
-5.56364
-5.56623
-5.56785
-5.5685
-5.56818
-5.56656
-5.56527
-5.56494
-5.56527
-5.56559
-5.56527
-5.56365
-5.56559
-5.56689
-5.56656
-5.56753
-5.56948
-5.5685
-5.5685
-5.56689
-5.56559
-5.5643
-5.56559
-5.56656
-5.56721
-5.56688
-5.56786
-5.56786
-5.56916
-5.56851
-5.56754
-5.56786
-5.56721
-5.56656
-5.56527
-5.56494
-5.56364
-5.56364
-5.56494
-5.56397
-5.56559
-5.56591
-5.56397
-5.56332
-5.563
-5.563
-5.56203
-5.56332
-5.56397
-5.56526
-5.56299
-5.56526
-5.56656
-5.56332
-5.56429
-5.56429
-5.56429
-5.56462
-5.56429
-5.56494
-5.56656
-5.56785
-5.56494
-5.56688
-5.56623
-5.56882
-5.5672
-5.56591
-5.56494
-5.56526
-5.56396
-5.56299
-5.56364
-5.56105
-5.5604
-5.55879
-5.55976
-5.56073
-5.56203
-5.56267
-5.56429
-5.56299
-5.56364
-5.56461
-5.56461
-5.56526
-5.56526
-5.56429
-5.56332
-5.56332
-5.563
-5.563
-5.56429
-5.56365
-5.56462
-5.56429
-5.56559
-5.56397
-5.56591
-5.56817
-5.56882
-5.56817
-5.56947
-5.56817
-5.56785
-5.56494
-5.56624
-5.56721
-5.56753
-5.56656
-5.56624
-5.56591
-5.56527
-5.56494
-5.56592
-5.56657
-5.56657
-5.56721
-5.56656
-5.56753
-5.56688
-5.5685
-5.5672
-5.5698
-5.5685
-5.56689
-5.56689
-5.56754
-5.56689
-5.56462
-5.56333
-5.56236
-5.56333
-5.56721
-5.56786
-5.56786
-5.56786
-5.57078
-5.57078
-5.57077
-5.5711
-5.57012
-5.57174
-5.57174
-5.57109
-5.57045
-5.5698
-5.56818
-5.5685
-5.56786
-5.57142
-5.57271
-5.57206
-5.57109
-5.56947
-5.56817
-5.56785
-5.56623
-5.5672
-5.56494
-5.56526
-5.56785
-5.5685
-5.56785
-5.56785
-5.56559
-5.56559
-5.56592
-5.56656
-5.56527
-5.56559
-5.56656
-5.56818
-5.56591
-5.56365
-5.56268
-5.56397
-5.56332
-5.56235
-5.56041
-5.55943
-5.5604
-5.56234
-5.56202
-5.56461
-5.56591
-5.56494
-5.56429
-5.56527
-5.56559
-5.56656
-5.56689
-5.56559
-5.56721
-5.56656
-5.56559
-5.5643
-5.56656
-5.56753
-5.56915
-5.57109
-5.56882
-5.56753
-5.56915
-5.56818
-5.56818
-5.56915
-5.56786
-5.56818
-5.56818
-5.56818
-5.56786
-5.56948
-5.56916
-5.56916
-5.56819
-5.56851
-5.56883
-5.5685
-5.56785
-5.56688
-5.56591
-5.56655
-5.56591
-5.56655
-5.56526
-5.56462
-5.56365
-5.56267
-5.56397
-5.56235
-5.56526
-5.56494
-5.56559
-5.56429
-5.56624
-5.56623
-5.56559
-5.56461
-5.5672
-5.56785
-5.56752
-5.56655
-5.56817
-5.56946
-5.56882
-5.56914
-5.56914
-5.56882
-5.56914
-5.56946
-5.56816
-5.56817
-5.56493
-5.56396
-5.56428
-5.56331
-5.56266
-5.56234
-5.56493
-5.56396
-5.56428
-5.56428
-5.56558
-5.56428
-5.56493
-5.56363
-5.56363
-5.56525
-5.5659
-5.56687
-5.56784
-5.56687
-5.56493
-5.56525
-5.5659
-5.56655
-5.5672
-5.56299
-5.56428
-5.56493
-5.5659
-5.56654
-5.5659
-5.5646
-5.5659
-5.56428
-5.56363
-5.56299
-5.56364
-5.56623
-5.56623
-5.5672
-5.56623
-5.5672
-5.56817
-5.56752
-5.56719
-5.56817
-5.56719
-5.56428
-5.56687
-5.5659
-5.56364
-5.56364
-5.56428
-5.5659
-5.5672
-5.57012
-5.57044
-5.57044
-5.56753
-5.56688
-5.56817
-5.56688
-5.5659
-5.56461
-5.56299
-5.56396
-5.56428
-5.56331
-5.56169
-5.56299
-5.56526
-5.56494
-5.56494
-5.56461
-5.56526
-5.56558
-5.56753
-5.56882
-5.5685
-5.56688
-5.56623
-5.56623
-5.56622
-5.56655
-5.56525
-5.5672
-5.56623
-5.56591
-5.56493
-5.56526
-5.56623
-5.56655
-5.56525
-5.5672
-5.56784
-5.56817
-5.56784
-5.56784
-5.56817
-5.56655
-5.56525
-5.56363
-5.56202
-5.56169
-5.56267
-5.56364
-5.56332
-5.56267
-5.56429
-5.56558
-5.56558
-5.56654
-5.56751
-5.56719
-5.56589
-5.5646
-5.5633
-5.56136
-5.56201
-5.56363
-5.56557
-5.56687
-5.56557
-5.56395
-5.56525
-5.56363
-5.56169
-5.56298
-5.56428
-5.56558
-5.56493
-5.56363
-5.56428
-5.5659
-5.56557
-5.56557
-5.56622
-5.56655
-5.56558
-5.56525
-5.56396
-5.56526
-5.56558
-5.56461
-5.56461
-5.56526
-5.56688
-5.56688
-5.56947
-5.57076
-5.56947
-5.56915
-5.5685
-5.56688
-5.56461
-5.56364
-5.56494
-5.56526
-5.56494
-5.56396
-5.56364
-5.56364
-5.56493
-5.5659
-5.56687
-5.5685
-5.56817
-5.5698
-5.57109
-5.57142
-5.56948
-5.5711
-5.57045
-5.57078
-5.56915
-5.56721
-5.56559
-5.56591
-5.56397
-5.56365
-5.56624
-5.5656
-5.56916
-5.56819
-5.56851
-5.57078
-5.57175
-5.57013
-5.56851
-5.56559
-5.56462
-5.56235
-5.56332
-5.56462
-5.563
-5.56203
-5.56203
-5.56332
-5.56332
-5.56365
-5.56494
-5.56494
-5.56462
-5.56688
-5.56753
-5.56721
-5.56656
-5.56462
-5.5643
-5.5643
-5.56494
-5.56527
-5.56624
-5.56656
-5.56526
-5.56753
-5.56591
-5.56656
-5.56623
-5.56624
-5.56624
-5.56721
-5.56624
-5.56494
-5.56591
-5.56526
-5.56494
-5.56461
-5.56558
-5.56623
-5.56656
-5.56656
-5.56656
-5.56494
-5.56462
-5.56397
-5.56397
-5.56429
-5.56332
-5.56397
-5.56688
-5.56655
-5.56655
-5.56623
-5.56396
-5.56461
-5.56526
-5.56591
-5.56332
-5.56365
-5.56397
-5.56494
-5.56527
-5.56397
-5.56332
-5.56299
-5.56396
-5.56396
-5.5659
-5.56493
-5.56525
-5.5659
-5.56914
-5.56914
-5.56979
-5.56688
-5.56785
-5.56947
-5.56785
-5.5672
-5.5685
-5.56979
-5.56849
-5.56752
-5.56655
-5.56558
-5.56655
-5.5672
-5.56591
-5.56688
-5.56526
-5.56591
-5.56656
-5.56591
-5.56591
-5.56655
-5.56688
-5.56752
-5.56623
-5.5659
-5.56558
-5.56526
-5.56397
-5.56526
-5.56591
-5.56396
-5.56396
-5.56299
-5.56267
-5.56332
-5.56623
-5.56623
-5.56818
-5.56786
-5.56883
-5.56818
-5.56883
-5.56915
-5.56883
-5.5698
-5.56882
-5.5672
-5.56493
-5.56461
-5.56396
-5.56461
-5.56558
-5.56396
-5.56429
-5.56461
-5.56494
-5.56688
-5.56786
-5.56721
-5.56591
-5.56785
-5.56883
-5.56883
-5.56883
-5.56818
-5.56786
-5.56656
-5.56429
-5.56494
-5.56397
-5.56461
-5.56429
-5.56526
-5.56558
-5.56461
-5.56396
-5.56461
-5.56461
-5.56493
-5.56558
-5.56623
-5.56688
-5.56591
-5.56558
-5.56623
-5.56623
-5.56494
-5.56397
-5.56494
-5.56721
-5.56656
-5.56785
-5.56493
-5.56461
-5.56558
-5.56623
-5.56752
-5.56817
-5.56656
-5.56623
-5.56688
-5.56753
-5.56656
-5.5672
-5.5672
-5.56817
-5.56947
-5.56947
-5.56947
-5.56882
-5.5685
-5.56979
-5.5698
-5.56883
-5.56753
-5.56656
-5.56526
-5.56558
-5.56493
-5.5659
-5.56849
-5.56784
-5.56752
-5.5685
-5.56882
-5.56818
-5.56753
-5.56753
-5.5672
-5.56914
-5.56817
-5.56525
-5.56492
-5.56427
-5.56298
-5.56233
-5.56266
-5.56266
-5.5646
-5.5659
-5.56266
-5.5646
-5.56493
-5.56396
-5.56395
-5.56363
-5.56493
-5.56622
-5.56557
-5.56719
-5.56881
-5.56719
-5.56719
-5.56525
-5.56428
-5.56557
-5.56492
-5.56363
-5.56363
-5.56395
-5.56201
-5.56169
-5.56169
-5.56396
-5.56558
-5.5659
-5.56525
-5.56525
-5.56525
-5.56492
-5.56427
-5.56395
-5.5633
-5.56362
-5.56492
-5.56654
-5.56848
-5.56719
-5.56752
-5.56784
-5.56752
-5.56752
-5.56687
-5.56752
-5.5672
-5.56622
-5.56493
-5.56428
-5.5646
-5.56589
-5.56557
-5.56752
-5.56687
-5.5672
-5.56688
-5.56656
-5.56882
-5.56947
-5.57044
-5.56947
-5.56817
-5.56849
-5.56623
-5.56882
-5.56882
-5.56915
-5.56785
-5.56494
-5.56396
-5.56331
-5.56493
-5.56493
-5.56622
-5.56493
-5.56266
-5.56493
-5.56493
-5.56493
-5.56461
-5.56364
-5.56461
-5.56493
-5.56493
-5.56558
-5.5659
-5.56525
-5.56428
-5.56331
-5.56331
-5.56428
-5.56234
-5.56331
-5.56493
-5.56072
-5.56169
-5.56234
-5.56202
-5.56331
-5.56363
-5.56331
-5.56363
-5.56428
-5.56396
-5.56299
-5.56429
-5.56656
-5.56623
-5.56785
-5.56947
-5.56946
-5.57076
-5.57303
-5.57173
-5.57076
-5.57108
-5.56979
-5.56914
-5.5672
-5.56687
-5.56622
-5.56816
-5.56849
-5.56946
-5.56978
-5.57043
-5.56849
-5.56817
-5.56623
-5.56817
-5.56688
-5.5659
-5.56881
-5.56784
-5.56751
-5.56687
-5.56719
-5.56654
-5.56687
-5.56752
-5.56719
-5.56687
-5.5659
-5.5659
-5.56719
-5.56849
-5.5659
-5.56719
-5.56784
-5.56687
-5.56719
-5.56687
-5.56816
-5.56783
-5.56718
-5.56686
-5.56718
-5.56751
-5.56848
-5.56588
-5.56718
-5.56621
-5.56751
-5.56654
-5.56816
-5.56816
-5.56913
-5.57075
-5.57107
-5.56978
-5.56816
-5.56719
-5.56816
-5.56881
-5.57011
-5.56946
-5.56849
-5.56752
-5.56687
-5.56784
-5.56848
-5.56751
-5.56589
-5.56524
-5.56654
-5.56946
-5.56914
-5.57011
-5.57076
-5.56881
-5.56946
-5.56946
-5.5714
-5.57173
-5.5714
-5.57205
-5.57043
-5.57173
-5.57173
-5.57076
-5.57108
-5.57043
-5.56849
-5.56881
-5.56848
-5.56881
-5.56816
-5.56946
-5.56978
-5.5672
-5.56785
-5.5672
-5.56687
-5.56687
-5.56622
-5.56622
-5.56493
-5.5672
-5.56687
-5.56719
-5.56493
-5.56428
-5.5659
-5.56557
-5.5659
-5.56914
-5.56816
-5.56428
-5.56396
-5.56525
-5.5659
-5.56784
-5.56784
-5.56622
-5.56752
-5.56914
-5.56784
-5.56946
-5.56979
-5.56979
-5.56914
-5.56978
-5.56784
-5.56881
-5.56816
-5.57043
-5.56945
-5.56946
-5.56881
-5.56881
-5.56849
-5.56849
-5.56623
-5.56493
-5.56461
-5.56331
-5.56493
-5.56558
-5.56428
-5.56427
-5.56557
-5.56395
-5.56557
-5.56751
-5.56751
-5.56816
-5.56881
-5.56687
-5.56687
-5.56719
-5.56622
-5.56687
-5.56752
-5.56363
-5.56493
-5.5646
-5.56719
-5.56849
-5.56882
-5.56946
-5.56881
-5.56946
-5.57011
-5.57043
-5.57011
-5.56914
-5.56849
-5.56817
-5.57109
-5.57044
-5.56947
-5.56752
-5.56655
-5.56429
-5.56526
-5.56493
-5.56461
-5.56267
-5.56234
-5.56169
-5.56202
-5.56202
-5.56428
-5.56331
-5.56525
-5.56849
-5.56914
-5.57076
-5.57173
-5.57044
-5.57044
-5.56882
-5.56526
-5.56558
-5.56558
-5.56332
-5.56526
-5.56623
-5.56461
-5.56493
-5.56526
-5.56526
-5.56591
-5.56655
-5.5672
-5.56687
-5.56622
-5.56557
-5.56848
-5.56784
-5.56654
-5.56687
-5.56557
-5.5659
-5.56817
-5.5672
-5.56817
-5.56785
-5.5672
-5.5672
-5.56687
-5.56752
-5.56751
-5.56719
-5.56848
-5.56848
-5.56784
-5.56816
-5.56752
-5.56784
-5.56622
-5.56461
-5.56558
-5.56461
-5.56655
-5.56688
-5.5672
-5.56785
-5.56979
-5.57173
-5.57076
-5.56947
-5.56785
-5.56655
-5.56558
-5.56234
-5.56364
-5.56299
-5.56299
-5.56137
-5.56235
-5.56137
-5.56072
-5.56007
-5.5604
-5.56267
-5.56202
-5.56267
-5.56364
-5.56688
-5.56786
-5.5685
-5.5685
-5.57012
-5.57174
-5.56753
-5.56785
-5.56656
-5.56655
-5.56558
-5.56397
-5.56397
-5.56397
-5.56623
-5.56753
-5.56915
-5.56785
-5.56656
-5.56623
-5.56591
-5.56721
-5.56623
-5.56721
-5.56559
-5.56397
-5.56429
-5.56786
-5.56559
-5.56268
-5.56203
-5.56332
-5.56138
-5.56268
-5.56397
-5.56656
-5.56624
-5.56753
-5.5685
-5.57012
-5.5685
-5.56851
-5.56883
-5.56948
-5.56916
-5.56883
-5.56818
-5.57013
-5.56948
-5.56689
-5.56559
-5.56559
-5.56754
-5.56851
-5.56624
-5.56657
-5.56721
-5.56721
-5.56591
-5.56753
-5.56526
-5.56591
-5.56591
-5.56624
-5.56559
-5.56624
-5.56527
-5.56527
-5.56624
-5.56332
-5.56527
-5.56592
-5.56559
-5.56721
-5.56721
-5.56754
-5.56915
-5.57207
-5.5711
-5.57012
-5.57142
-5.57336
-5.57207
-5.57078
-5.5698
-5.56818
-5.56786
-5.56915
-5.56591
-5.56656
-5.56689
-5.56494
-5.56559
-5.56657
-5.56754
-5.56624
-5.56722
-5.5656
-5.56819
-5.56592
-5.56657
-5.56624
-5.56916
-5.57142
-5.57207
-5.57175
-5.5711
-5.56948
-5.56721
-5.56591
-5.563
-5.56365
-5.56462
-5.56592
-5.56721
-5.56592
-5.56689
-5.56753
-5.56624
-5.56462
-5.56689
-5.56592
-5.56592
-5.56689
-5.56592
-5.56689
-5.56883
-5.57013
-5.57045
-5.5711
-5.57077
-5.57077
-5.56883
-5.56947
-5.56882
-5.56947
-5.5685
-5.56883
-5.56948
-5.56689
-5.56657
-5.5669
-5.56689
-5.56786
-5.56818
-5.56656
-5.56656
-5.56527
-5.56527
-5.56592
-5.56721
-5.56818
-5.5685
-5.56721
-5.5685
-5.56915
-5.56915
-5.57045
-5.5698
-5.57045
-5.57207
-5.57045
-5.56883
-5.56754
-5.56592
-5.56527
-5.5643
-5.56527
-5.56527
-5.56527
-5.56462
-5.56559
-5.56527
-5.56365
-5.56365
-5.56689
-5.56689
-5.56592
-5.56819
-5.57045
-5.56981
-5.56754
-5.57046
-5.56982
-5.56852
-5.56949
-5.56626
-5.56334
-5.56431
-5.5656
-5.56592
-5.56495
-5.56366
-5.56495
-5.5656
-5.56657
-5.56787
-5.56787
-5.56852
-5.5682
-5.56885
-5.56787
-5.5682
-5.5669
-5.56755
-5.56529
-5.56561
-5.56561
-5.56431
-5.56334
-5.56367
-5.56302
-5.56334
-5.56528
-5.56723
-5.56723
-5.5669
-5.56657
-5.5656
-5.56722
-5.56593
-5.56593
-5.56334
-5.56431
-5.5656
-5.56431
-5.56463
-5.56463
-5.56657
-5.56754
-5.56592
-5.5656
-5.56689
-5.56592
-5.56236
-5.56333
-5.56398
-5.56171
-5.56268
-5.56333
-5.56301
-5.56236
-5.56689
-5.56657
-5.56819
-5.56851
-5.57111
-5.57046
-5.57111
-5.56982
-5.56755
-5.56723
-5.56496
-5.56431
-5.56464
-5.56626
-5.56852
-5.56949
-5.56981
-5.57142
-5.56819
-5.56883
-5.56884
-5.56884
-5.57046
-5.56982
-5.57144
-5.57273
-5.57208
-5.57273
-5.57306
-5.57338
-5.57208
-5.57208
-5.57176
-5.57143
-5.56981
-5.56884
-5.56593
-5.56689
-5.56592
-5.56592
-5.56657
-5.56851
-5.56786
-5.56592
-5.56656
-5.56786
-5.56786
-5.56721
-5.56624
-5.56592
-5.56625
-5.56657
-5.56851
-5.57046
-5.57078
-5.56981
-5.57013
-5.56948
-5.56818
-5.56688
-5.56753
-5.56753
-5.56591
-5.56624
-5.56591
-5.56656
-5.56656
-5.57012
-5.56915
-5.56916
-5.56883
-5.57013
-5.56883
-5.56754
-5.56689
-5.56883
-5.56948
-5.5711
-5.57044
-5.57044
-5.57206
-5.57044
-5.56817
-5.57076
-5.57109
-5.57012
-5.57142
-5.56915
-5.5711
-5.56916
-5.56851
-5.56851
-5.56786
-5.56883
-5.56753
-5.56753
-5.57045
-5.5698
-5.56947
-5.5685
-5.56947
-5.57076
-5.57206
-5.57238
-5.57109
-5.57174
-5.57206
-5.57304
-5.5711
-5.5698
-5.5698
-5.57175
-5.57401
-5.5711
-5.5698
-5.56883
-5.56882
-5.56947
-5.56915
-5.56786
-5.56786
-5.56786
-5.56786
-5.56818
-5.56883
-5.56721
-5.56494
-5.56364
-5.56235
-5.56429
-5.56526
-5.56623
-5.56882
-5.5698
-5.57109
-5.57011
-5.56914
-5.56752
-5.5659
-5.5672
-5.5685
-5.57109
-5.57044
-5.57141
-5.56915
-5.56818
-5.56947
-5.56915
-5.56623
-5.56526
-5.5659
-5.56655
-5.56622
-5.56622
-5.56687
-5.56752
-5.56881
-5.56881
-5.56719
-5.56687
-5.56784
-5.56817
-5.57011
-5.5659
-5.56525
-5.56784
-5.56719
-5.56687
-5.56719
-5.56881
-5.56816
-5.56816
-5.56687
-5.56719
-5.56557
-5.56589
-5.5646
-5.56492
-5.56622
-5.56492
-5.56752
-5.56525
-5.5659
-5.56654
-5.56622
-5.5659
-5.56622
-5.56655
-5.56817
-5.56622
-5.56654
-5.56557
-5.56525
-5.56428
-5.56687
-5.5659
-5.56751
-5.56783
-5.56718
-5.56653
-5.56621
-5.56395
-5.56395
-5.56654
-5.56751
-5.56978
-5.57011
-5.56946
-5.57108
-5.5714
-5.57075
-5.57043
-5.57011
-5.57108
-5.57108
-5.57205
-5.57238
-5.57302
-5.57173
-5.57205
-5.57335
-5.57043
-5.56881
-5.56816
-5.56882
-5.56785
-5.56785
-5.5672
-5.56622
-5.56784
-5.56914
-5.56816
-5.56719
-5.56914
-5.56817
-5.56655
-5.56493
-5.56493
-5.5659
-5.56816
-5.56816
-5.56816
-5.56849
-5.56881
-5.56849
-5.56817
-5.56752
-5.56978
-5.56913
-5.56816
-5.56751
-5.56784
-5.56719
-5.56752
-5.56849
-5.56687
-5.56784
-5.56525
-5.56363
-5.56169
-5.56104
-5.56169
-5.56363
-5.56428
-5.56298
-5.56363
-5.56493
-5.56558
-5.56623
-5.5672
-5.56688
-5.56914
-5.56914
-5.56914
-5.56849
-5.5672
-5.56687
-5.56558
-5.5659
-5.56558
-5.5659
-5.56525
-5.56557
-5.56525
-5.56525
-5.56363
-5.56298
-5.56363
-5.56525
-5.56655
-5.56622
-5.5659
-5.56687
-5.56947
-5.56882
-5.56849
-5.56623
-5.56558
-5.56655
-5.56688
-5.56752
-5.56817
-5.56817
-5.56816
-5.56752
-5.56784
-5.56914
-5.56687
-5.56525
-5.56331
-5.56364
-5.56331
-5.56429
-5.56331
-5.56558
-5.56687
-5.56752
-5.56849
-5.5701
-5.5714
-5.5714
-5.5714
-5.56849
-5.56947
-5.5685
-5.56818
-5.56785
-5.56752
-5.56752
-5.56752
-5.56687
-5.56558
-5.56688
-5.56558
-5.56849
-5.56558
-5.56428
-5.56363
-5.56654
-5.56654
-5.56784
-5.56719
-5.56525
-5.5646
-5.56363
-5.56331
-5.5646
-5.56395
-5.56686
-5.56784
-5.56655
-5.5659
-5.56461
-5.56623
-5.56558
-5.56525
-5.56493
-5.56525
-5.56331
-5.56428
-5.56395
-5.56525
-5.5633
-5.56557
-5.56622
-5.56492
-5.56654
-5.56751
-5.56881
-5.56784
-5.56978
-5.57042
-5.57172
-5.5714
-5.56882
-5.56947
-5.56817
-5.56817
-5.56591
-5.56494
-5.56591
-5.56526
-5.56591
-5.56785
-5.56655
-5.5659
-5.56752
-5.56752
-5.56719
-5.56719
-5.56557
-5.56525
-5.56623
-5.56493
-5.56493
-5.56525
-5.56881
-5.56784
-5.56557
-5.56525
-5.56752
-5.56849
-5.56655
-5.56817
-5.56558
-5.56493
-5.56558
-5.56493
-5.56428
-5.5659
-5.56526
-5.56364
-5.56396
-5.56169
-5.56331
-5.56525
-5.56427
-5.56557
-5.5659
-5.56849
-5.56817
-5.56752
-5.56882
-5.56784
-5.56914
-5.56622
-5.56557
-5.56622
-5.56654
-5.56589
-5.56589
-5.56525
-5.5659
-5.56428
-5.56461
-5.5646
-5.56428
-5.56557
-5.56655
-5.57011
-5.57237
-5.57335
-5.57432
-5.5727
-5.57464
-5.57334
-5.57042
-5.56913
-5.57042
-5.56848
-5.56622
-5.56557
-5.5646
-5.56557
-5.56687
-5.56817
-5.5672
-5.56785
-5.56785
-5.5659
-5.56687
-5.56719
-5.56849
-5.56881
-5.56978
-5.56881
-5.56589
-5.56622
-5.56719
-5.56622
-5.56751
-5.56719
-5.56784
-5.56687
-5.56655
-5.56784
-5.56914
-5.56849
-5.56914
-5.56817
-5.56752
-5.56655
-5.56655
-5.56557
-5.56654
-5.56719
-5.56784
-5.56687
-5.5659
-5.56493
-5.56525
-5.56655
-5.56396
-5.56428
-5.56363
-5.56266
-5.56428
-5.56493
-5.56395
-5.56233
-5.56428
-5.56589
-5.56687
-5.56816
-5.56816
-5.56848
-5.56946
-5.56978
-5.56687
-5.5659
-5.56493
-5.56655
-5.56622
-5.5646
-5.56557
-5.56265
-5.56395
-5.56525
-5.56395
-5.56493
-5.56655
-5.56428
-5.56395
-5.56363
-5.5646
-5.56233
-5.56201
-5.56525
-5.56493
-5.56396
-5.56299
-5.56331
-5.56655
-5.5672
-5.56817
-5.56687
-5.5659
-5.56622
-5.56557
-5.56492
-5.56428
-5.56687
-5.56849
-5.56946
-5.56817
-5.56752
-5.56752
-5.5672
-5.56655
-5.56655
-5.56817
-5.56784
-5.56849
-5.56914
-5.56915
-5.5685
-5.56948
-5.57109
-5.57142
-5.57238
-5.57141
-5.56946
-5.56979
-5.56946
-5.56816
-5.56751
-5.56816
-5.56816
-5.56784
-5.56687
-5.56817
-5.5672
-5.5672
-5.56753
-5.56817
-5.56752
-5.56591
-5.56688
-5.5672
-5.56785
-5.56817
-5.57043
-5.5714
-5.56978
-5.56913
-5.56881
-5.56817
-5.5672
-5.56817
-5.56817
-5.56752
-5.56655
-5.56752
-5.5672
-5.56623
-5.56526
-5.56623
-5.56623
-5.56493
-5.56493
-5.5659
-5.56655
-5.56752
-5.5672
-5.56591
-5.5672
-5.56915
-5.57012
-5.56753
-5.56915
-5.56948
-5.56818
-5.56851
-5.56915
-5.56947
-5.56817
-5.56785
-5.56785
-5.56752
-5.56526
-5.56688
-5.56623
-5.56526
-5.56396
-5.56429
-5.56462
-5.56689
-5.56495
-5.56624
-5.56721
-5.56721
-5.56753
-5.56883
-5.5685
-5.57012
-5.56883
-5.5698
-5.56948
-5.56818
-5.56721
-5.56688
-5.56623
-5.56655
-5.56591
-5.56526
-5.56526
-5.56429
-5.56656
-5.56624
-5.56786
-5.56754
-5.56883
-5.56656
-5.56559
-5.56332
-5.56559
-5.56559
-5.56688
-5.56947
-5.56915
-5.57109
-5.57077
-5.57174
-5.57045
-5.57013
-5.56818
-5.56624
-5.56592
-5.56689
-5.56462
-5.56397
-5.56332
-5.56235
-5.56364
-5.56461
-5.56753
-5.56656
-5.56753
-5.56753
-5.56688
-5.56623
-5.56818
-5.56688
-5.56558
-5.56688
-5.56688
-5.56461
-5.56429
-5.56202
-5.56007
-5.55975
-5.56266
-5.56364
-5.56331
-5.56331
-5.56428
-5.56526
-5.56882
-5.57012
-5.5685
-5.56979
-5.56946
-5.56946
-5.56946
-5.5659
-5.56493
-5.56622
-5.5646
-5.56299
-5.56331
-5.56104
-5.56461
-5.56396
-5.56266
-5.56299
-5.56331
-5.56363
-5.56557
-5.56654
-5.56557
-5.56525
-5.56525
-5.56492
-5.56428
-5.56525
-5.56493
-5.56234
-5.56234
-5.56493
-5.56557
-5.5659
-5.56687
-5.56557
-5.56719
-5.56816
-5.56913
-5.56978
-5.57043
-5.57075
-5.56945
-5.5701
-5.56881
-5.56816
-5.56751
-5.56784
-5.56784
-5.56881
-5.56751
-5.56557
-5.56525
-5.56622
-5.56719
-5.56622
-5.56816
-5.56881
-5.56945
-5.56719
-5.56686
-5.56816
-5.56589
-5.56557
-5.56654
-5.56622
-5.56751
-5.57042
-5.57107
-5.57204
-5.5714
-5.57366
-5.57302
-5.57399
-5.57204
-5.56945
-5.56751
-5.56718
-5.56589
-5.56686
-5.56751
-5.56687
-5.56816
-5.56784
-5.56816
-5.56913
-5.56881
-5.5701
-5.56784
-5.56719
-5.56977
-5.5688
-5.56913
-5.56686
-5.56427
-5.56233
-5.56233
-5.56395
-5.5659
-5.56687
-5.56784
-5.56946
-5.57108
-5.56913
-5.56913
-5.56751
-5.56719
-5.56751
-5.57075
-5.57075
-5.56849
-5.56881
-5.56946
-5.5714
-5.57043
-5.56979
-5.57108
-5.5714
-5.57173
-5.57043
-5.56816
-5.56525
-5.56492
-5.56427
-5.56428
-5.56428
-5.56525
-5.5659
-5.5659
-5.56558
-5.5659
-5.56395
-5.56201
-5.56266
-5.56201
-5.56492
-5.5633
-5.56395
-5.56589
-5.56492
-5.56201
-5.56395
-5.5646
-5.56492
-5.56492
-5.56654
-5.56686
-5.56492
-5.56622
-5.5646
-5.56428
-5.56687
-5.56557
-5.56493
-5.56395
-5.56395
-5.56298
-5.56362
-5.56589
-5.56557
-5.56395
-5.56395
-5.56395
-5.56525
-5.5659
-5.56719
-5.56978
-5.57043
-5.56849
-5.56784
-5.56881
-5.56719
-5.56946
-5.56978
-5.56978
-5.56784
-5.56816
-5.56654
-5.56783
-5.56718
-5.56783
-5.56621
-5.56589
-5.56654
-5.56686
-5.56945
-5.56945
-5.56816
-5.56556
-5.56524
-5.56621
-5.56913
-5.5688
-5.56783
-5.56913
-5.56848
-5.57042
-5.57139
-5.56816
-5.57107
-5.56977
-5.56945
-5.56912
-5.56815
-5.56944
-5.56685
-5.56426
-5.56426
-5.56556
-5.56491
-5.56426
-5.56426
-5.56653
-5.57042
-5.56783
-5.56783
-5.57074
-5.56945
-5.56751
-5.56685
-5.5675
-5.56459
-5.56685
-5.56846
-5.5662
-5.5662
-5.56588
-5.56491
-5.56588
-5.56329
-5.56329
-5.56426
-5.56394
-5.56329
-5.56588
-5.56718
-5.56782
-5.56944
-5.56718
-5.56847
-5.56944
-5.57106
-5.57041
-5.56945
-5.5675
-5.5675
-5.56718
-5.56847
-5.56588
-5.56524
-5.56297
-5.56265
-5.56264
-5.5607
-5.56264
-5.56199
-5.56199
-5.56069
-5.56296
-5.5636
-5.56296
-5.56457
-5.56393
-5.56264
-5.56361
-5.56231
-5.56199
-5.56102
-5.56231
-5.56264
-5.56426
-5.56393
-5.56296
-5.56393
-5.56522
-5.56392
-5.56652
-5.56555
-5.56684
-5.56943
-5.57041
-5.56814
-5.56944
-5.57009
-5.56944
-5.56944
-5.56911
-5.56943
-5.57105
-5.5704
