-0.164934   -0.391506   0.353118
0.120902   -0.327204   -0.162424
0.113489   0.31757   -0.442437
-0.374952   -0.251007   -0.100675
0.298918   -0.0236229   -0.215202
-0.371154   -0.217846   -0.212651
-0.293589   0.0426906   -0.366297
-0.0436294   0.229641   -0.129247
0.146901   -0.438435   -0.0347456
0.151819   0.0378248   -0.391109
-0.162456   -0.0423337   -0.0195617
0.0458204   -0.498353   0.210266
-0.29774   0.417827   0.42657
-0.220196   0.217383   -0.110276
0.249536   0.369444   0.196739
0.455621   0.477253   0.472762
-0.0184229   -0.408754   -0.387426
-0.24835   0.146235   0.0412471
-0.0818818   0.384829   0.423551
0.249122   -0.491148   0.444216
-0.332045   -0.0224623   -0.328819
0.38235   -0.299517   0.160142
0.144623   -0.261837   0.35478
0.11639   0.354387   0.227539
-0.380543   -0.0593322   -0.486535
0.0687276   -0.2596   0.413992
0.445041   -0.30743   0.0775351
-0.41596   0.253345   0.364334
0.380461   -0.0695895   0.0278686
-0.0748781   -0.116729   0.00512402
-0.28821   -0.0930942   0.0679459
0.444527   0.30557   0.38829
0.304772   -0.188568   0.149749
0.136746   -0.0948439   -0.425109
-0.267961   0.491026   -0.366264
0.284062   0.369477   -0.120114
-0.0744269   -0.339131   0.185774
-0.381853   0.309527   0.015866
-0.368637   -0.345953   0.214881
-0.12479   -0.421653   -0.387412
-0.115557   -0.395425   0.147857
0.0236373   -0.264888   0.483543
0.188036   -0.442824   0.394909
0.480975   -0.258569   0.383972
0.119249   0.0399975   -0.464464
0.350841   -0.250511   0.224158
0.0675973   0.0875751   -0.399451
-0.143355   -0.358521   -0.316333
-0.317784   0.0642468   -0.0315473
0.116561   0.397613   0.326343
-0.169127   0.371253   0.143468
-0.166225   0.352658   0.481692
-0.157595   -0.0242576   0.204864
-0.340175   0.312761   0.117792
0.383514   0.0656501   -0.0130104
0.106453   -0.0643188   0.369883
0.260168   -0.305526   -0.282811
-0.308167   0.0329888   0.147447
-0.20647   -0.229902   -0.37664
-0.0683247   -0.358297   -0.34149
-0.30974   0.139795   0.323423
-0.196158   -0.0918049   -0.169893
-0.27642   0.388801   -0.29966
0.0918791   0.0679906   0.0812094
-0.408123   0.0298545   -0.381955
-0.227913   -0.28391   -0.287402
-0.253565   0.115238   -0.248453
-0.28832   -0.0578821   -0.465144
0.154718   -0.170709   0.43717
-0.321608   -0.118257   -0.302058
0.0621305   -0.17085   -0.290617
0.102702   -0.419593   -0.396077
0.00930476   -0.118392   0.129021
-0.00636569   0.346822   -0.337923
-0.414339   -0.0273232   -0.323544
-0.334676   0.451752   0.0316651
-0.191628   0.280339   -0.393998
-0.275176   -0.389629   -0.387595
-0.195257   0.435986   0.474778
-0.0393416   0.314685   -0.253858
0.49772   -0.240518   -0.461963
0.319527   -0.490859   -0.495679
-0.130873   0.340439   -0.0736702
0.0415111   -0.443195   -0.126923
-0.357608   0.283334   0.284449
0.296594   0.258237   -0.20987
0.0530744   0.418468   0.202836
0.413561   -0.0690007   -0.180897
-0.43483   0.27535   0.467233
0.175319   -0.0521108   -0.343324
0.271339   -0.296185   0.235367
-0.424453   0.215759   -0.0560646
0.455684   -0.251975   0.0149142
-0.0679662   -0.0840211   0.369662
0.281413   0.468887   -0.179498
0.115375   -0.0368129   0.279385
0.333612   0.168462   -0.125368
0.372673   0.119069   0.327573
0.47096   -0.36511   -0.290994
0.37112   0.105056   0.215971
0.111018   0.45675   0.255524
0.274492   -0.430518   -0.359582
0.152345   0.46933   0.123984
-0.0112891   -0.15423   0.405328
0.476571   0.122348   -0.14267
-0.447013   -0.0122035   0.045278
-0.357053   0.0705499   0.25317
0.193985   -0.0162013   -0.458
