0.0556869
0.0495797
0.050613
0.0671047
0.0432547
0.0428964
0.0536147
0.044852
0.0357103
0.0496898
0.0445869
0.0423085
0.0408218
0.0370424
0.0424645
0.0484342
0.063116
0.049197
0.0449418
0.0466718
0.0388454
0.039879
0.0386962
0.0473279
0.0441944
0.0496354
0.0426794
0.0456687
0.0405504
0.0391037
0.0483016
0.0563296
0.0414365
0.0482189
0.0463366
0.0521164
0.0558127
0.0459467
0.0470814
0.0556428
0.0475811
0.047449
0.04358
0.0438735
0.0464673
0.049018
0.0561647
0.0567419
0.0554807
0.0547398
0.0390529
0.0505765
0.0496453
0.0483311
0.0472847
0.0519218
0.0543527
0.0460854
0.0430575
0.038834
0.0463223
0.038717
0.049263
0.0549687
0.0572419
0.0517716
0.0460686
0.0442942
0.0394393
0.0475541
0.0589595
0.0519386
0.0388386
0.0417795
0.0470843
0.081949
0.0629473
0.0619407
0.045044
0.0470889
0.0449187
0.0462902
0.0543172
0.0441814
0.0488595
0.0524327
0.0583461
0.0488219
0.0441117
0.0503386
0.0500197
0.0523322
0.0418516
0.0450353
0.0446996
0.040665
0.0386109
0.040261
0.0623282
0.0425935
0.0564661
0.0609578
0.048916
0.0508787
0.0493121
0.0379627
0.045227
0.0414751
0.0499356
0.0548405
0.0483526
0.0450577
0.042434
0.0492926
0.0426267
0.058913
0.0542186
0.0467599
0.0397631
0.0429466
0.0472247
0.0523927
0.0530117
0.0479003
0.0436509
0.0436479
0.0406314
0.0448336
0.0598787
0.0391802
0.0671965
0.0355076
0.0433922
0.0450624
0.0463346
0.0465613
0.03864
0.0532337
0.0434076
0.0537192
0.0421033
0.0427932
0.038445
0.0440022
0.0412885
0.0397496
0.0451865
0.0472006
0.0425582
0.0410328
0.0494695
0.0675225
0.0681585
0.0528515
0.0642932
0.0561886
0.0497345
0.0527586
0.0486525
0.0464375
0.0441257
0.0505466
0.0478513
0.0431396
0.0402999
0.0570405
0.0651778
0.0422853
0.0566985
0.0521385
0.0496521
0.0549621
0.0525101
0.0482649
0.0576077
0.0500053
0.0539384
0.0481878
0.0461586
0.0469231
0.0486969
0.0457032
0.0456394
0.0468602
0.0519923
0.0556457
0.0544261
0.0634149
0.0643516
0.0722723
0.0522191
0.0434851
0.0509193
0.0467986
0.058948
0.061203
0.0550191
0.0482543
0.0451054
0.0392597
0.0510141
0.0536568
0.0428853
0.0490158
0.0525293
0.0492413
0.0441079
0.0408522
0.058489
0.0579767
0.0451571
0.0566948
0.0588783
0.0444579
0.0392755
0.0562471
0.0387006
0.0505111
0.0458611
0.040163
0.04318
0.0667139
0.0441436
0.0596542
0.0818323
0.0482382
0.0370601
0.0548769
0.0635921
0.0480213
0.0403126
0.0424215
0.057616
0.0481675
0.0539415
0.0448971
0.0501699
0.0485074
0.0468117
0.0455412
0.0508408
0.0493475
0.0425013
0.0404948
0.0394255
0.049831
0.038937
0.0466763
0.0491071
0.038132
0.0346075
0.0391495
0.0474536
0.0661113
0.0559649
0.0541224
0.0478078
0.0568936
0.0432732
0.0586097
0.0484439
0.0463903
0.0512546
0.0453099
0.0491156
0.0374887
0.0491849
0.0374955
0.057784
0.0501195
0.0419439
0.0570107
0.046442
0.0548081
0.0441946
0.0466749
0.0358703
0.0412542
0.0471238
0.0603569
0.0476793
0.0553458
0.0580637
0.0499538
0.0407053
0.0394816
0.0353405
0.0392972
0.0419183
0.0482966
0.0478555
0.0493456
0.0614509
0.0606931
0.0564601
0.0449811
0.0382476
0.0392197
0.0447987
0.0430461
0.0563987
0.0587592
0.0495065
0.0381076
0.0440952
0.0414471
0.0497893
0.0498666
0.0511093
0.050848
0.0484797
0.0432991
0.0525444
0.0433794
0.0463856
0.0508678
0.042393
0.0436013
0.0531767
0.0424013
0.0461525
0.0404701
0.0447265
0.0555501
0.060702
0.0604783
0.0527193
0.0545327
0.049422
0.050555
0.0441534
0.0391961
0.0479019
0.0489834
0.0619492
0.0514736
0.0435623
0.0380066
0.0534848
0.0455003
0.0355645
0.0554535
0.0475931
0.0429763
0.0453163
0.0589269
0.0605694
0.0631926
0.0578619
0.0545502
0.0426201
0.0456693
0.0576157
0.0571419
0.057656
0.0730259
0.0513124
0.049633
0.0545908
0.0483534
0.0486471
0.0565631
0.0446017
0.0544166
0.0705106
0.0691156
0.0558847
0.0442814
0.0516368
0.0483951
0.046628
0.0521527
0.0526504
0.0468199
0.0459662
0.056009
0.0496919
0.054526
0.062715
0.054111
0.0427967
0.0522629
0.0496903
0.0455068
0.0590622
0.0644302
0.0422908
0.0328115
0.0397922
0.0491918
0.0518896
0.0574312
0.0528428
0.0439433
0.038423
0.0489337
0.0430088
0.0378284
0.0493208
0.0496044
0.0476894
0.048245
0.0400525
0.0600261
0.0525228
0.0618686
0.0499681
0.0493352
0.0536354
0.0532456
0.0533115
0.0411871
0.0529826
0.0504662
0.0446324
0.0354844
0.0441648
0.0435747
0.0475774
0.061063
0.0509568
0.0410513
0.0461129
0.0455877
0.0453464
0.0470924
0.0428165
0.0394325
0.0471063
0.0399507
0.0409153
0.0471947
0.0415614
0.0406615
0.0419068
0.0559736
0.0487235
0.0619367
0.0489979
0.050092
0.0427075
0.0426348
0.0422745
0.0487283
0.0481178
0.0531501
0.0520112
0.0446725
0.0373085
0.0427051
0.0413185
0.0508059
0.0510778
0.0529669
0.0488009
0.0444545
0.0552311
0.0537528
0.0440549
0.0454294
0.0501537
0.0529581
0.0466899
0.0521972
0.0561373
0.040318
0.0386775
0.0635197
0.0502602
0.065918
0.0552371
0.043433
0.0485146
0.0471227
0.0484318
0.0578729
0.0700571
0.0675926
0.0437088
0.054742
0.0656921
0.0642144
0.0508617
0.0503483
0.0532907
0.044574
0.0612468
0.0643508
0.0508058
0.0404335
0.0548215
0.0411103
0.0517153
0.0798885
0.0421787
0.0397954
0.0462845
0.0530155
0.0622835
0.0431393
0.053298
0.0396633
0.062562
0.0611513
0.0458936
0.049944
0.0461287
0.0602989
0.0519118
0.0596366
0.0486725
0.0506358
0.0548524
0.0569743
0.0680593
0.0535563
0.0674211
0.0543139
0.0490181
0.0425269
0.0405981
0.0489599
0.0481619
0.0434193
0.0546519
0.0601299
0.0557039
0.0455379
0.0497315
0.0435629
0.0510386
0.051474
0.0575617
0.0512362
0.051935
0.0597855
0.0602972
0.0563486
0.0546145
0.0652958
0.0624167
0.0586745
0.0530614
0.0468361
0.0440625
0.0461929
0.0459971
0.0399684
0.0488777
0.0464627
0.0585877
0.0483598
0.0411977
0.0525613
0.0455215
0.0586409
0.0534557
0.0452982
0.0478494
0.049368
0.0444118
0.0431342
0.0466704
0.0417772
0.0434941
0.0413397
0.0409685
0.0574308
0.0534276
0.0501434
0.0448901
0.0516577
0.054941
0.0475626
0.0497375
0.0523823
0.0565691
0.0473361
0.0552133
0.0486563
0.0487904
0.0464625
0.0522146
0.0505636
0.0451287
0.0446122
0.0574653
0.0466365
0.0430755
0.0461986
0.0754084
0.0654659
0.0575462
0.0417407
0.048079
0.0536203
0.0459142
0.0473146
0.042064
0.04134
0.0393917
0.0506904
0.065512
0.0435323
0.0440191
0.048193
0.0359986
0.0530209
0.0658824
0.0682629
0.0712901
0.0566518
0.0528204
0.066523
0.050345
0.0511242
0.0416875
0.0384119
0.0483958
0.0525672
0.0626016
0.0368177
0.050739
0.0529536
0.0478611
0.0426658
0.0404672
0.0585103
0.0444346
0.0470802
0.0353486
0.0464797
0.0417125
0.0490095
0.0419321
0.0443009
0.0632136
0.040094
0.0434923
0.0475768
0.0568725
0.0574062
0.058039
0.046677
0.0425382
0.0457859
0.0358207
0.0408132
0.0452016
0.0433897
0.0547273
0.0664811
0.0508921
0.0578073
0.0494583
0.0483075
0.0695468
0.0474736
0.0367704
0.0548964
0.0519511
0.0538174
0.0480948
0.0501898
0.0615235
0.0490659
0.0615788
0.0562839
0.0490087
0.0546795
0.058439
0.0625112
0.044821
0.0454411
0.0618647
0.068118
0.0687618
0.0690755
0.0667641
0.0439755
0.0506815
0.0471815
0.0437135
0.0477696
0.0530611
0.0445639
0.0403416
0.0534315
0.0521731
0.0529441
0.0474621
0.0503682
0.0612629
0.0525619
0.0451562
0.0446247
0.0566674
0.0509178
0.047848
0.0482711
0.0425698
0.0534614
0.0411937
0.0413597
0.0566634
0.0525516
0.0516502
0.0397807
0.0433739
0.0487986
0.0501358
0.0447154
0.0477242
0.0418031
0.0368808
0.0392558
0.0452044
0.0452905
0.0638279
0.0558911
0.0461985
0.0609942
0.0522095
0.0581781
0.0421947
0.0512175
0.0494548
0.0544931
0.0571044
0.0630894
0.06198
0.0483171
0.0479361
0.0466664
0.0390519
0.0501833
0.0421298
0.0431253
0.0569635
0.049754
0.0452414
0.0424964
0.0439298
0.0376705
0.0432403
0.0542988
0.0429902
0.0681037
0.0620988
0.0634908
0.0564701
0.0518967
0.0557359
0.0483705
0.04659
0.0496927
0.046492
0.0490708
0.042409
0.0409894
0.042305
0.0428701
0.045029
0.059801
0.0635598
0.0450887
0.0399991
0.044104
0.0439709
0.0461233
0.0409035
0.0443575
0.043151
0.0558049
0.0460765
0.0437871
0.0366412
0.0481306
0.0521543
0.0578785
0.0558225
0.0542352
0.0541781
0.0552157
0.0477738
0.042417
0.0561291
0.0539006
0.0485673
0.0466474
0.0497856
0.0509767
0.0442902
0.0442702
0.0454
0.0467927
0.0553323
0.0438746
0.0572777
0.0415808
0.0458041
0.0498732
0.0520945
0.0439019
0.0422792
0.0668332
0.0601227
0.0551544
0.0620111
0.0538523
0.0559697
0.0467582
0.048552
0.0519894
0.0523902
0.057354
0.038254
0.0413761
0.0478774
0.0616611
0.0555238
0.0380855
0.0553232
0.0426409
0.0501345
0.0429371
0.0419337
0.0488798
0.0679314
0.0602998
0.0447909
0.0462407
0.0499138
0.0564442
0.0518662
0.0451132
0.0557558
0.0767839
0.0689147
0.0606944
0.0636897
0.0563787
0.0538538
0.0439257
0.0460564
0.051389
0.0464054
0.0638106
0.048667
0.0562816
0.0559381
0.0482713
0.0406608
0.0443789
0.0593235
0.0482566
0.053108
0.0468015
0.05517
0.0822065
0.0594327
0.0615533
0.0631716
0.0548392
0.0355926
0.0478536
0.0455854
0.0422274
0.0435497
0.0457525
0.0576359
0.0383925
0.0517558
0.0494208
0.0562894
0.0628269
0.0521912
0.0470224
0.042055
0.0399515
0.0419288
0.0490226
0.0384546
0.0490532
0.0533067
0.0446784
0.0517885
0.0477366
0.0473456
0.0479442
0.0474477
0.0509361
0.0623997
0.0437399
0.0627669
0.0467991
0.0614556
0.0547839
0.0503558
0.040785
0.0358837
0.0356189
0.0390658
0.0400797
0.0683728
0.0584964
0.0458334
0.0456409
0.052886
0.052663
0.0516918
0.0523759
0.0422406
0.0476997
0.0505394
0.0532417
0.0432382
0.0490225
0.0415015
0.0419146
0.0428713
0.0568157
0.06178
0.0682248
0.0475563
0.0482587
0.0546925
0.0591337
0.0508054
0.0490855
0.0448599
0.0532901
0.0535329
0.0613933
0.0481628
0.0542783
0.0521014
0.0561022
0.063153
0.0497096
0.0454211
0.0466481
0.0572151
0.0612503
0.0511398
0.0451323
0.0501797
0.0384323
0.0397701
0.0449463
0.0449619
0.0477046
0.0457304
0.0472264
0.0474948
0.0441502
0.0659752
0.0486802
0.0461564
0.0426473
0.0567034
0.0537346
0.0451472
0.049571
0.0559825
0.0503507
0.0408805
0.0418457
0.0399503
0.0472059
0.046611
0.0383633
0.0516198
0.0454286
0.0551501
0.0563687
0.0583449
0.0517686
0.0402751
0.0417599
0.039976
0.0456514
0.0450555
0.0677939
0.0507605
0.0522705
0.0586885
0.0575644
0.04899
0.0479511
0.0742297
0.061747
0.0535185
0.0621415
0.0478623
0.0448647
0.0423503
0.0375757
0.0462974
0.0447471
0.0380399
0.036127
0.0385942
0.0374759
0.0512165
0.0538545
0.0641223
0.0470291
0.0433516
0.0356498
0.0406849
0.0394472
0.055516
0.0393971
0.0363301
0.0357865
0.0404243
0.0434148
0.0504165
0.0455466
0.047784
0.0425424
0.045156
0.0384186
0.0409526
0.0551428
0.0450839
0.0401237
0.0457172
0.0558139
0.0530951
0.0430004
0.0493637
0.0440117
0.0536683
0.0389412
0.0425563
0.0485275
0.0596857
0.0637823
0.0478118
0.0526499
0.0513462
0.0462718
0.0570808
0.0520193
0.0531985
0.046753
0.0457296
0.0510833
0.0409238
0.0506763
0.0554788
0.0533146
0.0553702
0.0561255
0.048888
0.05115
0.0434683
0.039972
0.0428272
0.0542433
0.040726
0.0458649
0.0510571
0.0434504
0.0457426
0.043913
0.0602244
0.0466546
0.0427522
0.0497779
0.061076
0.0566846
0.0482635
0.0413609
0.0313864
0.0340373
0.0440986
0.0519025
0.0440912
0.0453187
0.0740665
0.0515178
0.0509999
0.0580177
0.0613958
0.0557596
0.0538526
0.0521229
0.0390518
0.0524003
0.0425878
0.0445448
0.0446544
0.0582938
0.0532813
0.0592124
0.058254
0.0599127
0.048281
0.0511871
0.0494852
0.0482679
0.0579575
0.0537555
0.0440528
0.052017
0.0507406
0.0476264
0.0449439
0.0485761
0.0453821
0.0372041
0.0484316
0.0495477
0.0647069
0.0390054
0.0531934
0.0482435
0.0507209
0.0505483
0.0406338
0.0395979
0.0583609
0.0412241
0.0601809
0.0466854
0.0427439
0.0394158
0.0417918
0.05954
0.0575757
0.0440091
0.044291
0.0408655
0.0557212
0.0435007
0.0482564
0.0463802
0.0482701
0.0480789
0.0441927
0.067773
0.0666292
0.0512725
0.0583008
0.0518474
0.0430807
0.052386
0.0435085
0.0526805
0.0504466
0.0426466
0.0576489
0.072247
0.0449194
0.0419979
0.0504158
0.0365437
0.0534564
0.0464084
0.0460432
0.0428378
0.0480503
0.043773
0.0452616
0.0511614
0.0537572
0.049902
0.041844
0.0426643
0.0425984
0.0411412
0.054162
0.0605315
0.053895
0.0539778
0.0397595
0.0460471
0.0340092
0.0373369
0.0386689
0.0457337
0.0438181
0.0552765
0.047013
0.0450508
0.0483422
0.0535794
0.0515189
0.0491565
0.0419182
0.0586524
0.0530983
0.0429492
0.0376589
0.0432772
0.0410815
0.043845
0.0561419
0.0482395
0.0486886
0.0552349
0.0517596
0.0575422
0.0531402
0.0526277
0.0429816
0.0581479
0.0712076
0.044898
0.0502645
0.0522018
0.0398329
0.037883
0.0331524
0.0460174
0.0446588
0.068172
0.0440862
0.0425279
0.0453978
0.0489216
0.0543001
0.0552557
0.0500282
0.0445788
0.0484476
0.0397709
0.0449539
0.0366614
0.0377456
0.0457511
0.0471191
0.0490586
0.0559518
0.0549825
0.0533163
0.0516788
0.059482
0.0469505
0.0498526
0.050733
0.0786093
0.0488934
0.0505606
0.0543203
0.0486595
0.045415
0.0397542
0.0504139
0.0405913
0.0363912
0.0473766
0.0472238
0.0624201
0.0548242
0.0487582
0.0528118
0.0486811
0.0429182
0.0554168
0.0483384
0.0518545
0.0492848
0.0476205
0.045078
0.0503283
0.049667
0.0402483
0.0444287
0.045754
0.0393894
0.0429686
0.0475062
0.0570516
0.0481412
0.0545609
0.0461994
0.0575265
0.0545632
0.0546825
0.0417392
0.0466546
0.0498454
0.0499955
0.0496953
0.0598515
0.0456831
0.0433542
0.0351034
0.0415547
0.0436045
0.0429648
0.0371473
0.0515341
0.0397506
0.0344875
0.0603945
0.0600875
0.0505809
0.055055
0.0587302
0.072962
0.0515358
0.0494707
0.0468858
0.0493965
0.045845
0.055891
0.0480831
0.0441095
0.0456287
0.0500302
0.0657331
0.0469549
0.0506797
0.0510166
0.0538537
0.0494351
0.0548667
0.0433336
0.0350227
0.0454304
0.0488949
0.0596572
0.0490778
0.0535337
0.0449603
0.0425052
0.0433146
0.0470776
0.0480521
0.0490324
0.0531533
0.0426909
0.0391457
0.0429584
0.0570484
0.0471753
0.0439637
0.0468294
0.0593679
0.0408355
0.0430315
0.0425577
0.0612368
0.0553245
0.039555
0.0555944
0.0504076
0.0487691
0.0510145
0.0520356
0.0446609
0.0728941
0.0392348
0.0366282
0.0510271
0.0526682
0.0603918
0.0487994
0.0586574
0.0420159
0.0414744
0.056489
0.0508524
0.050203
0.0419355
0.0472704
0.0545215
0.0418415
0.0582865
0.0571728
0.0507506
0.0397787
0.0428306
0.0521561
0.0585009
0.0540518
0.0562072
0.0555057
0.0511203
0.0408999
0.0368239
0.0490358
0.0626616
0.0599254
0.0518505
0.0444978
0.0347485
0.063835
0.0433124
0.0527026
0.0477236
0.046082
0.0463514
0.0590184
0.0566742
0.0615235
0.0378608
0.0455498
0.0450861
0.0486822
0.0403969
0.0460351
0.056967
0.0576249
0.0435709
0.0486761
0.0667713
0.0379869
0.0429266
0.037835
0.0433818
0.0430541
0.0527764
0.0471105
0.0464096
0.0425045
0.0458878
0.0416305
0.0422618
0.0433426
0.0449026
0.0460457
0.0446019
0.0398909
0.0468879
0.0465594
0.0535405
0.0431249
0.0586804
0.0531796
0.042279
0.0419267
0.0573777
0.0584749
0.0567045
0.0637626
0.0664643
0.0461637
0.0501801
0.0449383
0.0528625
0.043987
0.0403709
0.045212
0.0484016
0.0428693
0.049164
0.0617582
0.041453
0.0426923
0.0414374
0.0623114
0.0399702
0.0464964
0.0484297
0.0398629
0.0334993
0.0499813
0.0415349
0.0605752
0.0445204
0.0443727
0.0536611
0.0491745
0.0467657
0.0514859
0.0641595
0.0499172
0.051365
0.0537136
0.0412391
0.0468526
0.0503955
0.0456763
0.0514236
0.0507805
0.0397642
0.0526592
0.0413654
0.0509533
0.0511516
0.0450387
0.0418727
0.0397112
0.0685302
0.0557349
0.0674046
0.0613922
0.0526638
0.0511541
0.0488951
0.0452812
0.04291
0.0406155
0.0582612
0.0604801
0.0595738
0.0665727
0.0736663
0.0635765
0.0607899
0.0479051
0.0516763
0.0417256
0.0478916
0.0466006
0.061563
0.0419574
0.0504211
0.0372882
0.0443343
0.0565587
0.0474299
0.04445
0.0385996
0.0528354
0.0372044
0.0438479
0.0543583
0.0500598
0.044677
0.0618766
0.0580465
0.0597579
0.0553049
0.0477331
0.0439184
0.042887
0.0450685
0.0505156
0.0566164
0.0667899
0.0574517
0.0596743
0.049157
0.044662
0.0441591
0.0476407
0.055272
0.0346709
0.0331363
0.0420761
0.0499792
0.0376661
0.0407177
0.0468783
0.0496767
0.0469646
0.0408361
0.0459338
0.0526969
0.0492296
0.0488223
0.0431703
0.061764
0.0679862
0.0511612
0.0466446
0.0519124
0.0488982
0.0518567
0.0401479
0.0414576
0.0290967
0.0456962
0.0555043
0.0562006
0.0484405
0.0491896
0.0605252
0.0611924
0.05906
0.0491904
0.0495247
0.0610487
0.0579629
0.0505843
0.0514693
0.0452369
0.0412946
0.0376823
0.0537477
0.0730596
0.0596042
0.0573759
0.0421686
0.0462931
0.0416411
0.0600394
0.069013
0.0434129
0.0473629
0.0520523
0.0453193
0.0485754
0.0620296
0.0389243
0.0372965
0.042659
0.0438093
0.0519202
0.0401303
0.0371319
0.0588362
0.0414499
0.0484624
0.0585553
0.0613974
0.06992
0.0560552
0.044485
0.050802
0.036892
0.0448295
0.044784
0.0442064
0.0463949
0.0530136
0.0408151
0.0443926
0.0417812
0.0359619
0.0347832
0.0478021
0.0476664
0.0484129
0.0462695
0.0425901
0.0343074
0.0431071
0.0498461
0.0447239
0.0689067
0.0477508
0.0418212
0.0596557
0.0503082
0.0576043
0.0576621
0.0707033
0.0503218
0.0522713
0.0551597
0.0475819
0.0416142
0.0528057
0.0433748
0.0496343
0.0473152
0.0434283
0.0531102
0.055413
0.0580807
0.0483319
0.047796
0.0507045
0.0390176
0.0478771
0.0461513
0.0519915
0.049965
0.0533888
0.039122
0.038458
0.0523168
0.0513932
0.0509938
0.0410347
0.0537466
0.037897
0.0400025
0.0407257
0.0405154
0.0377469
0.0464215
0.0429267
0.0416353
0.0456056
0.0516591
0.0591611
0.0550061
0.0442516
0.050457
0.0418781
0.0503763
0.043625
0.0404825
0.0350448
0.0471704
0.0409628
0.0512114
0.0493118
0.045096
0.0533516
0.0582212
0.0480309
0.0598598
0.0596437
0.0613583
0.0422189
0.0412081
0.0450983
0.0466468
0.0453523
0.0386455
0.0445984
0.0422122
0.0468425
0.0480788
0.0560519
0.0427784
0.0336285
0.0317055
0.0329884
0.0344112
0.0426907
0.0475417
0.0472466
0.0528149
0.048681
0.0531089
0.0471021
0.0504994
0.0347451
0.0452814
0.042443
0.0426603
0.0607126
0.0527395
0.0610814
0.0451192
0.0425991
0.0425764
0.0470468
0.0400551
0.045686
0.0620886
0.0467436
0.0577942
0.0402865
0.0491314
0.071731
0.0449403
0.0597238
0.0532799
0.0541765
0.0588006
0.0536097
0.0502934
0.0568072
0.0587481
0.071586
0.0539891
0.0458459
0.0444823
0.0459345
0.0472531
0.059293
0.0493804
0.0480176
0.0609096
0.0457716
0.0486406
0.0461787
0.0506301
0.047137
0.0340155
0.0368222
0.0564477
0.0573291
0.0529195
0.0430853
0.0387235
0.0495517
0.0370219
0.0521273
0.0444067
0.0486473
0.0384787
0.0350274
0.0404162
0.038529
0.0544698
0.0475868
0.0527581
0.0449518
0.0548977
0.0394778
0.037762
0.0488833
0.0468412
0.0343174
0.0402453
0.04644
0.049499
0.0401794
0.0349502
0.0431925
0.0434463
0.0339109
0.0396081
0.0665678
0.0476892
0.0517826
0.0533215
0.0484712
0.0572171
0.0484236
0.0457336
0.0624005
0.0602301
0.0476517
0.046718
0.0577929
0.0542647
0.0444913
0.0410075
0.0390618
0.0405726
0.0526714
0.0422252
0.0598416
0.0483764
0.0625166
0.0530302
0.059928
0.0521735
0.064749
0.0607951
0.0645596
0.0429734
0.0629008
0.0418061
0.0477462
0.053548
0.061739
0.0404081
0.0514847
0.0515064
0.0383495
0.0441387
0.0424829
0.0587518
0.0512757
0.0532089
0.0408973
0.0723943
0.0580394
0.0420174
0.049735
0.0508934
0.0469479
0.0501074
0.0437515
0.0437854
0.0382927
0.0350641
0.0415763
0.0494233
0.0464678
0.0435619
0.0435766
0.0457656
0.0472387
0.0417858
0.0470573
0.0631043
0.0440304
0.0522427
0.0488507
0.0452853
0.0472128
0.0605579
0.0458488
0.047744
0.050976
0.0491705
0.0426181
0.041808
0.04876
0.0447345
0.0354354
0.0316874
0.0546921
0.0478754
0.0558357
0.0537825
0.0591437
0.0468161
0.0457959
0.0480586
0.0461327
0.0401518
0.0626618
0.0675466
0.0611593
0.0411506
0.0383255
0.0439613
0.0411099
0.0434139
0.0615508
0.0463686
0.0437367
0.0556624
0.0513776
0.0428502
0.0400352
0.0504891
0.0417013
0.0476906
0.045726
0.0499562
0.0435226
0.0400196
0.0425056
0.0435388
0.0355418
0.0492399
0.060154
0.0515432
0.0402071
0.0478977
0.050264
0.0416841
0.0419223
0.0364447
0.0477018
0.0591386
0.04949
0.0395119
0.0390114
0.0395762
0.049727
0.05219
0.0545261
0.0642489
0.0566261
0.0504152
0.0518875
0.0718109
0.048961
0.0454171
0.0579679
0.0566116
0.0560745
0.0403876
0.0566212
0.0479447
0.0446843
0.0485718
0.0465367
0.0457533
0.0395479
0.0401268
0.0381214
0.037997
0.0610597
0.0768872
0.0461368
0.0476378
0.0558795
0.0588818
0.0602326
0.0504591
0.0476984
0.0383829
0.0426464
0.0397916
0.0426897
0.0357709
0.0400843
0.0477175
0.0575585
0.0594339
0.0478165
0.0457961
0.0482347
0.0476421
0.0528945
0.0378935
0.0486039
0.0430978
0.044367
0.0549239
0.0525748
0.0383422
0.039787
0.0303354
0.0518138
0.0555579
0.052601
0.0479464
0.0431528
0.0426645
0.0535375
0.0528224
0.0419614
0.0428759
0.0498634
0.0494274
0.0533902
0.0645028
0.0669546
0.0627505
0.0561955
0.0614282
0.0515085
0.0457403
0.0404969
0.0498885
0.0559639
0.0433388
0.0566823
0.0572061
0.0479269
0.0563641
0.0498569
0.0351492
0.0495584
0.0716233
0.0388821
0.0500538
0.0651617
0.0454872
0.0461225
0.035413
0.0392649
0.0470637
0.0451985
0.0529607
0.0400289
0.0606831
0.047826
0.0508248
0.0630853
0.0472489
0.0494996
0.0466129
0.0544833
0.0679938
0.0501871
0.0431989
0.0421499
0.0438598
0.046934
0.0493111
0.0600909
0.0494997
0.0415377
0.0432442
0.0506414
0.0463302
0.0415707
0.0517114
0.0480347
0.0560786
0.0506557
0.0527131
0.0355172
0.0348839
0.0553608
0.0494975
0.0486175
0.047614
0.0438451
0.0494051
0.044398
0.0649776
0.0494328
0.0500776
0.0450445
0.0400287
0.0521841
0.0559607
0.0378274
0.0421383
0.0391562
0.0453193
0.0514025
0.0766058
0.0517975
0.0449197
0.0415046
0.0477022
0.0643672
0.0607725
0.0480745
0.0485373
0.0499727
0.0459335
0.0474019
0.042555
0.0439568
0.0628299
0.0510022
0.0528717
0.0603242
0.0600798
0.0560434
0.0607497
0.054478
0.0503857
0.0548774
0.038502
0.0368273
0.0385157
0.0402842
0.037933
0.0540318
0.0649143
0.0396885
0.0549979
0.0605036
0.0376681
0.0443951
0.0468119
0.047559
0.071575
0.0539241
0.0566775
0.057317
0.0702205
0.0678673
0.0566802
0.0451038
0.0465259
0.0459678
0.0503286
0.0414931
0.0353359
0.0408421
0.0398827
0.053132
0.0493868
0.0386688
0.033466
0.0405604
0.0391231
0.0445816
0.0362497
0.0336055
0.0475955
0.0390524
0.0697005
0.040341
0.0333138
0.0524037
0.0427352
0.0564982
0.0460858
0.05255
0.044217
0.0469271
0.0392281
0.0578892
0.0645089
0.0487785
0.0513362
0.0458717
0.0496113
0.0426825
0.0514079
0.0667746
0.0597994
0.0435473
0.0427788
0.0393144
0.0652548
0.0525441
0.046421
0.0540244
0.0464732
0.0556499
0.058459
0.0464202
0.0442301
0.0650053
0.0458221
0.0415206
0.0433717
0.0418828
0.0469185
0.0404333
0.0519536
0.0535893
0.0681898
0.0467847
0.0525539
0.0718304
0.0481812
0.0442231
0.050127
0.0446023
0.0408528
0.0475915
0.0475366
0.0491248
0.0478266
0.0429765
0.0449202
0.0578243
0.0498378
0.0459708
0.0624558
0.0417851
0.0403224
0.0620339
0.0506942
0.0461994
0.047689
0.0455441
0.0420536
0.0394872
0.0343398
0.0427735
0.0419067
0.0580671
0.0512019
0.0506248
0.0494369
0.0503373
0.0408429
0.0524422
0.0537737
0.0462425
0.0352367
0.0383511
0.0428302
0.0544737
0.0496054
0.0488478
0.047187
0.0423616
0.0403773
0.0415178
0.0411291
0.0461509
0.0448305
0.0493896
0.0583194
0.053439
0.0405603
0.036473
0.0638356
0.0432748
0.0488684
0.0572134
0.0552701
0.0473221
0.0487267
0.0506779
0.048963
0.0397259
0.0366432
0.0494092
0.0543534
0.0457126
0.0509646
0.0439002
0.0544632
0.0609462
0.051275
0.0344171
0.0473468
0.0338007
0.0436913
0.0477831
0.0476597
0.0481126
0.0424491
0.0507369
0.0471622
0.0494415
0.0660236
0.0459229
0.0582772
0.0533974
0.0473934
0.0527598
0.0468087
0.0403773
0.0367742
0.0460801
0.0414525
0.0383099
0.0570838
0.0576797
0.0373973
0.0549164
0.042006
0.0538983
0.0455789
0.0472422
0.0468339
0.0380057
0.0524893
0.0604355
0.0394177
0.0506444
0.0452311
0.054792
0.0547615
0.0459159
0.0584644
0.042496
0.0483405
0.0800727
0.047961
0.0478858
0.0502422
0.0451771
0.0493483
0.0511997
0.0461765
0.042484
0.0350635
0.0523937
0.049097
0.0539707
0.0667409
0.0647082
0.0751395
0.0476581
0.0496681
0.0449608
0.0527672
0.0400339
0.0435425
0.0395826
0.0515191
0.0359511
0.0422575
0.0561934
0.0452545
0.0469931
0.0444116
0.070314
0.0566101
0.0536728
0.0401286
0.0454071
0.0486571
0.0421652
0.043118
0.054575
0.0487445
0.0435889
0.0544271
0.0659484
0.0568109
0.068994
0.0514888
0.0386742
0.0426743
0.0478222
0.0460735
0.0427924
0.0462611
0.0488856
0.0566805
0.0537574
0.0507101
0.0473283
0.0459987
0.0509141
0.0503655
0.0548019
0.0480694
0.0503481
0.0483362
0.0431581
0.0403168
0.0503685
0.0503129
0.0462679
0.0457478
0.0411423
0.0439852
0.0402988
0.0546476
0.0496624
0.0457179
0.0549673
0.0596659
0.0487502
0.043428
0.0506142
0.0352997
0.0376043
0.0516017
0.0587283
0.044745
0.0433974
0.0365047
0.056438
0.0606948
0.0421178
0.0547291
0.0492244
0.0498153
0.0501797
0.0500732
0.0424721
0.044546
0.0421882
0.0513178
0.0544046
0.0418913
0.0473712
0.0433798
0.05363
0.0492082
0.0470767
0.0391465
0.0499514
0.0423748
0.0483326
0.0457233
0.0487952
0.0341688
0.058077
0.0431961
0.0375557
0.0447708
0.0527614
0.0416306
0.0472506
0.0519644
0.0509118
0.0397076
0.0483475
0.0415041
0.0476734
0.0469888
0.0421438
0.0484528
0.0506504
0.0487484
0.0618942
0.0516243
0.0438883
0.042944
0.0613887
0.0538932
0.0398704
0.0409692
0.0377267
0.0383363
0.0540568
0.0573248
0.047708
0.0447648
0.0408612
0.0430867
0.0407634
0.0335556
0.0513397
0.0477101
0.0455143
0.0494482
0.0554227
0.05204
0.0535717
0.0561758
0.0659432
0.0451369
0.0412587
0.0562809
0.0542677
0.0486709
0.0445888
0.0484117
0.0536887
0.0515855
0.0440342
0.0440534
0.0405404
0.0445104
0.0504032
0.0532343
0.0532221
0.0504529
0.0372113
0.0329375
0.0433006
0.0410425
0.0403495
0.0383558
0.0454789
0.0523116
0.0671347
0.0503908
0.0427522
0.0612204
0.046025
0.04994
0.0435454
0.0514429
0.0602492
0.0601603
0.054361
0.0491166
0.0426651
0.0542011
0.0414313
0.0409423
0.0493674
0.0464493
0.0383821
0.0419945
0.0481267
0.0502379
0.047624
0.0477088
0.0393286
0.041473
0.0466983
0.045553
0.0411755
0.0540976
0.0521151
0.0489711
0.0464673
0.0375558
0.0517371
0.0532672
0.0539894
0.0623569
0.0545484
0.0457588
0.0529555
0.0388724
0.0415067
0.0505887
0.0454607
0.0651811
0.0513629
0.0467731
0.0492785
0.0453507
0.0437079
0.0484624
0.0473785
0.0516109
0.0399847
0.0436313
0.0549897
0.0523817
0.0449326
0.0406702
0.0521685
0.0504567
0.0475184
0.0400257
0.0442999
0.0549319
0.0458402
0.0448466
0.0428419
0.0477815
0.0667809
0.0630694
0.0421843
0.0434309
0.0444041
0.0479573
0.0454139
0.0508841
0.0539289
0.0486957
0.0504067
0.0519805
0.05828
0.0430631
0.0523923
0.0405412
0.0376551
0.0427325
0.0413833
0.0508027
0.0520311
0.0485117
0.0448894
0.062724
0.0478154
0.0413163
0.0697666
0.051623
0.0373053
0.0446887
0.0560791
0.0621074
0.0629631
0.0524597
0.0466242
0.0450964
0.0418507
0.0537461
0.0489657
0.0453154
0.0566959
0.0554136
0.0463761
0.0521907
0.0598605
0.0579926
0.0592759
0.0463783
0.0533557
0.050797
0.0545484
0.0527373
0.0459945
0.0459636
0.0476464
0.0440775
0.0465851
0.0535584
0.0601374
0.0450148
0.0516309
0.0487537
0.0508253
0.0468717
0.0494835
0.046221
0.0615921
0.0444333
0.047411
0.0518713
0.0423658
0.050483
0.0584365
0.0647764
0.0634943
0.0718423
0.0426539
0.0435486
0.0534714
0.0480523
0.0481648
0.0457232
0.0414154
0.0433933
0.0433983
0.0389459
0.0374049
0.044451
0.0464475
0.0444452
0.055922
0.0399595
0.0432681
0.0576324
0.0565856
0.041823
0.0407149
0.0390933
0.0447015
0.0451582
0.0383292
0.0435324
0.0351133
0.0433607
0.0465456
0.0486491
0.0500025
0.046512
0.0429619
0.0460757
0.0479126
0.0502239
0.0657395
0.0625401
0.0501432
0.0406982
0.0465668
0.0399435
0.0456241
0.0470388
0.0474126
0.0407317
0.0620601
0.0554903
0.0702536
0.0590659
0.0511595
0.050839
0.0491561
0.050995
0.0440624
0.0369425
0.0575593
0.0467669
0.0443298
0.0486034
0.0420483
0.0452067
0.0456311
0.0387029
0.0504005
0.0497699
0.0477185
0.0466785
0.0571785
0.0633193
0.042363
0.0603629
0.0470336
0.0427474
0.0429642
0.0376454
0.0416017
0.0378987
0.0454868
0.0454977
0.0414486
0.0440868
0.0596459
0.0541852
0.0586772
0.0532816
0.0463813
0.0561694
0.0497671
0.0428416
0.0396744
0.0446043
0.0525223
0.0421077
0.0349658
0.0338337
0.0369083
0.0548768
0.0523572
0.0462779
0.0597958
0.0507364
0.0637031
0.054312
0.0435956
0.0373657
0.0497101
0.0564814
0.0550249
0.0438459
0.0375146
0.0437355
0.0541356
0.0429346
0.0545654
0.0529264
0.0510169
0.0454399
0.054644
0.0537694
0.0566843
0.0603449
0.0646463
0.0541543
0.0505036
0.0443767
0.0469702
0.0504176
0.0591129
0.0562477
0.0478052
0.0456837
0.0419884
0.0474637
0.0424371
0.0413114
0.0715678
0.0482765
0.0480029
0.0421043
0.0555615
0.0464949
0.0434747
0.0475379
0.0445804
0.0491075
0.0530084
0.0568465
0.0414265
0.0481549
0.0397953
0.0483624
0.0440566
0.078037
0.05782
0.0562621
0.0421945
0.056734
0.0433768
0.046982
0.03681
0.038247
0.0387064
0.046611
0.0495328
0.0621257
0.0456774
0.0405813
0.0432672
0.0504685
0.0314963
0.0352082
0.0398135
0.0416513
0.0475236
0.0484568
0.0377865
0.0632948
0.0594674
0.0414605
0.0442287
0.0465535
0.0563062
0.0564794
0.0526696
0.0416074
0.044665
0.055922
0.0671783
0.0546492
0.0537606
0.0489517
0.0514653
0.0434501
0.0502295
0.0528668
0.0487405
0.0418122
0.0459168
0.0470051
0.0523641
0.0490569
0.049345
0.0414335
0.0360397
0.0561156
0.0470613
0.0545173
0.0424431
0.0472878
0.0528753
0.0434957
0.0535411
0.0498572
0.0565324
0.0543492
0.0537081
0.0519128
0.0577267
0.0641152
0.0522403
0.0668185
0.0624177
0.0488225
0.0472665
0.0473909
0.0502588
0.0393745
0.0449274
0.0381321
0.0475513
0.0606771
0.0436439
0.0649265
0.0592058
0.0374964
0.0568202
0.0537451
0.0368219
0.0367279
0.0596262
0.0436219
0.0471622
0.050294
0.0412241
0.0408213
0.0394467
0.0365172
0.0410045
0.0437806
0.0458577
0.0667812
0.0626622
0.048611
0.0658487
0.0427494
0.0546027
0.04611
0.0462461
0.0462645
0.0465327
0.0524065
0.0495936
0.0560314
0.0660402
0.0490361
0.047632
0.0385752
0.048242
0.0486932
0.0498561
0.0425325
0.0515971
0.0420715
0.0629213
0.0619583
0.0493149
0.0505128
0.0474382
0.0457105
0.040487
0.0448503
0.0445364
0.0400125
0.0408734
0.0400506
0.0425328
0.0364581
0.0448784
0.0499694
0.0397716
0.0574937
0.0479871
0.044762
0.0438228
0.0532917
0.0506815
0.0619444
0.0442013
0.0379024
0.0397937
0.0500718
0.0441715
0.0446872
0.0560401
0.0584933
0.0513314
0.0582064
0.0503424
0.0480129
0.0447945
0.0595515
0.0636447
0.0676563
0.0461472
0.0428294
0.0483402
0.0490735
0.0589269
0.050706
0.0526889
0.0412957
0.0535631
0.0432129
0.0636936
0.0339714
0.0497367
0.0422112
0.0366017
0.0550616
0.0578664
0.0537757
0.0622502
0.0657096
0.0492959
0.0417654
0.0463763
0.0488352
0.0483022
0.0482658
0.0514407
0.0382503
0.0427992
0.0538171
0.0482324
0.0570428
0.0505364
0.0416693
0.0395193
0.0487566
0.0517507
0.0703238
0.0435365
0.0440251
0.0424612
0.046436
0.0495321
0.0608906
0.058268
0.0490172
0.0523735
0.06859
0.0528772
0.0579016
0.0541519
0.0530404
0.0459665
0.0400821
0.0512663
0.0530724
0.0478715
0.0546054
0.0473728
0.0519369
0.0393506
0.044675
0.0541873
0.0533658
0.0431861
0.0499984
0.0625102
0.0401733
0.0560538
0.0552499
0.0426855
0.0477472
0.0513977
0.0458665
0.0434807
0.0439123
0.0435099
0.0476635
0.0475346
0.0438821
0.0544421
0.0436183
0.0523271
0.0573207
0.0584644
0.0490088
0.0583704
0.0507381
0.0555175
0.0553706
0.0556671
0.0573027
0.0444722
0.0536307
0.0375851
0.0592737
0.0425918
0.0350483
0.0544386
0.0390044
0.0555962
0.043198
0.0476122
0.0364171
0.0584675
0.0445871
0.046775
0.0431731
0.0514862
0.058655
0.0477259
0.0417314
0.0408015
0.0554773
0.0424796
0.0491197
0.0472608
0.0601515
0.0645271
0.0678629
0.0691305
0.0571544
0.041248
0.0390801
0.0478576
0.0506207
0.044918
0.0657316
0.0489614
0.0603744
0.0487095
0.0447493
0.0393644
0.0384448
0.0480784
0.0490239
0.0483661
0.0477538
0.0514888
0.0404097
0.0457108
0.042628
0.0398134
0.0433872
0.0593623
0.0582791
0.0520964
0.053663
0.0510722
0.0415119
0.0427451
0.0533811
0.0522895
0.0462206
0.0466211
0.0461489
0.0380544
0.0428735
0.0465215
0.0536476
0.0531078
0.0605399
0.0522969
0.0422037
0.0466471
0.0383213
0.0431994
0.0351001
0.0475821
0.051836
0.0515724
0.0528122
0.0542814
0.0395203
0.0413146
0.0529525
0.0609419
0.0453071
0.045644
0.0571675
0.0543594
0.0665016
0.0443376
0.0444034
0.0418983
0.0379697
0.0602901
0.0563658
0.0422328
0.0478609
0.0553055
0.0542628
0.0368176
0.0340132
0.0411433
0.0405971
0.038924
0.0410509
0.0459122
0.0466799
0.0534544
0.0518866
0.0410129
0.0562414
0.0497685
0.0528315
0.0507781
0.0506163
0.052829
0.0553811
0.0403999
0.039087
0.0445032
0.0564413
0.0725284
0.0454053
0.0439577
0.0389727
0.0662372
0.0465209
0.0448034
0.0614705
0.0445249
0.0464969
0.0412525
0.0408769
0.0529744
0.0456701
0.0503679
0.0414667
0.0452852
0.0491168
0.0515101
0.0416841
0.050137
0.0426908
0.0500309
0.042936
0.0417665
0.0533558
0.0443099
0.0488829
0.0557125
0.0574519
0.0538698
0.0559061
0.0536166
0.0573889
0.0400064
0.0497187
0.0416663
0.0463535
0.0606135
0.0612411
0.0476078
0.0603068
0.0429654
0.0418644
0.0446044
0.0596952
0.0427734
0.0403807
0.0358267
0.0539543
0.0518653
0.0621762
0.0452456
0.0606886
0.0477083
0.0552044
0.0462228
0.0489857
0.0458746
0.044238
0.0435984
0.0386132
0.0422631
0.0428537
0.0451348
0.0411564
0.037189
0.0501681
0.0569004
0.0563279
0.0503512
0.057249
0.048985
0.0353478
0.041313
0.0644379
0.0521512
0.0525838
0.0415669
0.0419709
0.0568727
0.0540883
0.0542186
0.0398962
0.0441052
0.0493989
0.0493085
0.0343318
0.0569574
0.0436534
0.0442158
0.052518
0.0620885
0.0588908
0.0526407
0.0529619
0.0425307
0.0414665
0.0427001
0.0467583
0.050203
0.0598047
0.0414201
0.0468881
0.0426184
0.0527129
0.053526
0.0443259
0.056895
0.0509588
0.0401262
0.0406464
0.0579349
0.0486337
0.0553943
0.0396627
0.0581769
0.0591812
0.04554
0.0483932
0.0485659
0.0753949
0.0525045
0.0515299
0.0650318
0.0535851
0.0608305
0.0470285
0.0405987
0.0429327
0.0626047
0.0590502
0.0663176
0.048014
0.0500148
0.0435695
0.0429535
0.0333566
0.0430189
0.0577113
0.0607444
0.058036
0.0527177
0.0440469
0.0416595
0.0513988
0.0486216
0.0533691
0.0438037
0.0456607
0.0370346
0.0310088
0.0343352
0.0471343
0.043698
0.0460367
0.0510573
0.0406963
0.0619165
0.0522083
0.0491566
0.046579
0.0546217
0.0502475
0.0468904
0.055232
0.0483306
0.0406275
0.0471257
0.0444765
0.0507074
0.0535821
0.0526839
0.0606078
0.0468515
0.0464478
0.0451619
0.0568135
0.044668
0.0522969
0.0472953
0.04038
0.0360578
0.0322116
0.0299008
0.0409838
0.0492388
0.0625658
0.0538318
0.0543617
0.049148
0.0632644
0.0565918
0.0550206
0.0602816
0.0496694
0.0459372
0.044051
0.0356668
0.0420465
0.0424608
0.041948
0.0648667
0.0642933
0.0353629
0.0399706
0.0387651
0.0574193
0.0570357
0.0605016
0.0496696
0.0518507
0.0491619
0.0461007
0.0417243
0.0510248
0.0503049
0.0586738
0.0602517
0.0544865
0.0761573
0.0684918
0.0508213
0.0521498
0.0435618
0.0431191
0.0430978
0.0362899
0.0395803
0.0356459
0.0354247
0.0589342
0.0564671
0.0472543
0.0492379
0.0506796
0.0636688
0.0419729
0.0561297
0.0417605
0.0541105
0.0562409
0.0466455
0.0553703
0.0408711
0.0470957
0.0479357
0.0419644
0.0397062
0.036279
0.0457069
0.0598125
0.049367
0.0447849
0.0374551
0.0392528
0.0459905
0.0443472
0.0636108
0.0555326
0.0557628
0.0517064
0.0646601
0.0465049
0.051982
0.045258
0.0487894
0.048082
0.0636356
0.0425075
0.0433019
0.0343396
0.0494608
0.0578248
0.0481503
0.0502422
0.0370673
0.0484456
0.0550383
0.0502228
0.0499474
0.0456489
0.0552871
0.0632183
0.0473642
0.0538454
0.0436569
0.0528128
0.0521341
0.0473717
0.0474516
0.0374278
0.0705708
0.0643879
0.0532407
0.0454391
0.0475497
0.0649312
0.0409921
0.0429205
0.052553
0.0467627
0.0464122
0.0419437
0.0455309
0.0470397
0.0553589
0.0391722
0.0452105
0.0488237
0.0602154
0.0495436
0.0405445
0.0397819
0.0542836
0.0372507
0.0283846
0.0475975
0.0368105
0.0506298
0.0545502
0.0494941
0.0514754
0.0467929
0.0458743
0.045277
0.0473758
0.0416054
0.0512982
0.0485494
0.0381279
0.0603935
0.0605364
0.0601113
0.0520872
0.0615254
0.0584963
0.0458757
0.0385527
0.0468235
0.0397287
0.0393676
0.0408667
0.04195
0.0407112
0.0680798
0.0442059
0.0371476
0.038281
0.0441562
0.0401807
0.0380438
0.0474094
0.0485237
0.0460462
0.0612149
0.0539762
0.0535317
0.0449753
0.0522916
0.0521152
0.0481745
0.0432016
0.0575823
0.0613793
0.0636869
0.048454
0.0538922
0.0467951
0.0430228
0.0441061
0.0515497
0.0577218
0.0634008
0.0531671
0.0494809
0.0506204
0.0528374
0.0449025
0.0415543
0.0476277
0.0444329
0.0489416
0.0450776
0.0387475
0.0470645
0.0515044
0.0539399
0.043557
0.0404082
0.0484433
0.03523
0.0589732
0.048918
0.0456096
0.0389627
0.0424841
0.0460044
0.0543716
0.0491175
0.0605997
0.0402404
0.0464675
0.0447374
0.0450403
0.0599231
0.0616469
0.0451521
0.06451
0.0545356
0.0484289
0.0381037
0.0442635
0.0562334
0.0509622
0.0465014
0.0464555
0.043485
0.0425354
0.0496756
0.0437722
0.042666
0.0453973
0.0356306
0.0397038
0.0508202
0.0543532
0.0578848
0.0474697
0.0473019
0.0539024
0.0389569
0.0425347
0.0451516
0.0431412
0.0387746
0.069267
0.0658727
0.0611774
0.0431237
0.0542591
0.0616643
0.0473199
0.0422246
0.0491474
0.0417686
0.0475173
0.0398432
0.0577307
0.0710817
0.0459749
0.0401123
0.0484662
0.039429
0.0376382
0.0510409
0.0421904
0.0464677
0.0657238
0.0492524
0.0776648
0.063599
0.0470953
0.0419942
0.0375317
0.0490139
0.0434727
0.0422689
0.0685832
0.0430087
0.0409736
0.0432526
0.0493633
0.0578196
0.0524936
0.0715917
0.0512843
0.0452085
0.0387756
0.0409877
0.0572439
0.0534783
0.0574911
0.0499983
0.0535181
0.0516777
0.043453
0.0394104
0.0422647
0.0486983
0.05544
0.0492158
0.0571242
0.0413525
0.0511871
0.0516904
0.0601405
0.0524839
0.0467934
0.0363397
0.0387138
0.0483974
0.0599598
0.0448135
0.0491341
0.0401335
0.0580821
0.0520344
0.0553739
0.0466997
0.0495924
0.0523388
0.0639858
0.0387605
0.0363356
0.049916
0.0671794
0.0579727
0.0478658
0.0463653
0.0504247
0.0581698
0.0449517
0.0464978
0.040376
0.0373622
0.0507814
0.0563305
0.0508952
0.0525933
0.0563656
0.0617595
0.0668072
0.0631652
0.071516
0.064633
0.0616311
0.0550194
0.0441824
0.0650156
0.0482367
0.0499038
0.0394024
0.0658323
0.0683131
0.0523195
0.0400929
0.0446799
0.0404721
0.0445693
0.0562071
0.0498373
0.0446599
0.0503721
0.0376086
0.0410047
0.0477151
0.0404348
0.0507975
0.0473043
0.0555566
0.0503713
0.0603407
0.0902527
0.0402207
0.0635146
0.0512233
0.0471966
0.0532057
0.0384619
0.0402138
0.0424122
0.0403429
0.0445082
0.0480978
0.0526889
0.0589163
0.0547625
0.0539305
0.0490673
0.0482839
0.0451675
0.0420214
0.0446479
0.0394442
0.0542074
0.0498377
0.0560247
0.0397738
0.0702597
0.069186
0.0529717
0.0512452
0.0511475
0.0472726
0.0502889
0.0489408
0.0405822
0.0508948
0.0476863
0.0540674
0.0390253
0.0378736
0.0452576
0.0460263
0.0406262
0.0543751
0.0587232
0.0665919
0.0479239
0.0427204
0.0556618
0.0379317
0.0439455
0.0392597
0.0636259
0.051041
0.0448308
0.0652575
0.0573258
0.0481706
0.0436134
0.0509202
0.0630378
0.0497389
0.0432129
0.0421187
0.0416606
0.045641
0.0471279
0.042695
0.0470678
0.0429439
0.0644718
0.0586195
0.0663864
0.0442721
0.0383964
0.058034
0.0604804
0.0427078
0.0468933
0.0481272
0.0538529
0.0444026
0.0487775
0.0376183
0.0538516
0.0553604
0.0515138
0.0435828
0.0645846
0.0462983
0.0460774
0.0511832
0.0461723
0.0400307
0.0422875
0.052479
0.054638
0.046497
0.0552264
0.0424189
0.0595312
0.0611442
0.0439411
0.0415948
0.044827
0.0430439
0.0380479
0.0494023
0.031782
0.0531122
0.0491853
0.0512985
0.0411552
0.0479186
0.0469814
0.0439121
0.0460854
0.0489699
0.0684251
0.0641793
0.0686441
0.0364488
0.0453995
0.0445003
0.0470357
0.0427328
0.0503787
0.0562158
0.0545802
0.0566481
0.0496301
0.0373892
0.0439065
0.038318
0.0465403
0.0512673
0.0471655
0.0429479
0.042855
0.0440239
0.0510342
0.0354836
0.0455081
0.0422524
0.0434102
0.0471687
0.033311
0.0470996
0.0513505
0.0501368
0.0441228
0.0480373
0.0523728
0.0514605
0.0595516
0.0441375
0.0418705
0.0474326
0.0626845
0.0648883
0.0680098
0.0534066
0.0431249
0.0465603
0.0394999
0.0437984
0.0498976
0.0530041
0.0420332
0.049137
0.0397285
0.056896
0.0536936
0.0367646
0.0471234
0.0480306
0.0426528
0.0487631
0.0499965
0.0501426
0.0386797
0.0506903
0.0473999
0.0411957
0.0447793
0.0366313
0.0452073
0.0549742
0.0421603
0.0438901
0.0557792
0.0501965
0.0454303
0.0541174
0.0554001
0.0472051
0.0493359
0.0597243
0.0443932
0.0595591
0.0563739
0.0500581
0.0428477
0.0491694
0.0502885
0.0383945
0.0543512
0.0495245
0.0612541
0.0454665
0.0380533
0.0462575
0.0537736
0.0492712
0.0462046
0.0432882
0.0438336
0.0478646
0.0474964
0.0427474
0.0526632
0.0577525
0.0715852
0.0631149
0.058663
0.0412426
0.0408831
0.0437053
0.0379035
0.0494752
0.044638
0.042549
0.0538215
0.055133
0.0462621
0.0453502
0.0534508
0.0432629
0.0507971
0.0409928
0.0525976
0.0528004
0.052477
0.0454319
0.0430925
0.0419891
0.0472935
0.0523797
0.0449506
0.0510502
0.0489678
0.0493032
0.0499719
0.0589475
0.0541602
0.0458498
0.0519901
0.0578715
0.046433
0.041062
0.0457822
0.0380116
0.0497387
0.0486421
0.0509094
0.0644581
0.0404736
0.0526027
0.0622332
0.0627382
0.0566673
0.0422493
0.0488289
0.0474669
0.0495647
0.0549636
0.0413088
0.0525169
0.0582093
0.0466117
0.0378686
0.0599192
0.0552916
0.0435507
0.0400102
0.0537572
0.0507709
0.0476253
0.0496704
0.0386278
0.0432317
0.0413267
0.0495534
0.0411392
0.0506796
0.0489687
0.0479509
0.0400544
0.0523134
0.0415417
0.0500945
0.0492657
0.0427604
0.0493568
0.0513382
0.0519022
0.042944
0.0433086
0.0642159
0.061974
0.0666239
0.0578898
0.0662885
0.0524693
0.0411234
0.0427367
0.0569208
0.0460137
0.0409085
0.0408747
0.0573602
0.0579934
0.03862
0.0394567
0.042792
0.0487225
0.0779649
0.055226
0.0614111
0.0521039
0.0529138
0.0456879
0.0442923
0.0490725
0.0490936
0.0508348
0.0443021
0.0617941
0.0430897
0.0578728
0.0481606
0.0460287
0.0430876
0.0499098
0.0490296
0.0527129
0.0487818
0.0453173
0.0488032
0.0460945
0.0462108
0.0624044
0.0693403
0.0508561
0.0431406
0.0445942
0.0416684
0.039235
0.0488673
0.0456555
0.0540932
0.0536391
0.0486001
0.0468984
0.0437402
0.0466991
0.044063
0.0496188
0.0504341
0.0443186
0.0383098
0.0463752
0.0396238
0.0440672
0.0570371
0.0489562
0.0445243
0.0476072
0.0469055
0.0546553
0.0507528
0.0503057
0.0537188
0.051413
0.0527077
0.0452911
0.0514431
0.064016
0.0562108
0.0489413
0.0563136
0.0514319
0.0517724
0.0417625
0.0435931
0.0453017
0.0544462
0.0507629
0.0485873
0.0486809
0.0448135
0.0494134
0.0445606
0.0421419
0.0380818
0.0381816
0.0540107
0.0475346
0.0485711
0.0424101
0.04759
0.0585813
0.0503817
0.0501111
0.0408324
0.0501438
0.0480248
0.0590551
0.0491862
0.0487601
0.0471969
0.0326708
0.0435289
0.0523908
0.0489673
0.0519014
0.0625056
0.0492659
0.0472914
0.0412389
0.0551806
0.0643293
0.0542629
0.0494215
0.0456298
0.0420384
0.0413871
0.0523509
0.0497715
0.0428382
0.0517083
0.0502895
0.0413821
0.0422854
0.0585985
0.0533186
0.0399618
0.0445284
0.0427278
0.0519623
0.057868
0.0472125
0.0496205
0.0489515
0.0391633
0.0503225
0.047327
0.0620773
0.0522985
0.0530336
0.0584817
0.040971
0.0351104
0.0477241
0.0558541
0.0495809
0.053948
0.037835
0.0436776
0.0576347
0.0584112
0.054123
0.0413843
0.0397572
0.0414367
0.0416351
0.049407
0.0519909
0.0466379
0.0576059
0.0595924
0.0454531
0.0528957
0.045718
0.0477197
0.0490022
0.0443606
0.0412883
0.0466178
0.046116
0.0420496
0.0454117
0.037127
0.064223
0.0501085
0.0625927
0.0493565
0.0488171
0.0484838
0.0478334
0.051221
0.0503483
0.0486624
0.0488556
0.0405788
0.0395485
0.0404299
0.0417018
0.0381799
0.0521267
0.0565581
0.0490371
0.0518041
0.0422887
0.045595
0.0472602
0.046672
0.0360307
0.0429549
0.0735105
0.0391709
0.0567722
0.0628421
0.0589275
0.0517311
0.0457611
0.0518047
0.0558891
0.0456147
0.0515082
0.0563409
0.0467001
0.0603014
0.0401048
0.044938
0.0483259
0.0383252
0.0461745
0.057324
0.0485328
0.0371922
0.055358
0.0585193
0.0513163
0.0413839
0.0605156
0.0622895
0.0605149
0.0478507
0.0581283
0.052354
0.0536112
0.0511656
0.0606965
0.0432225
0.0529494
0.0558102
0.0421257
0.0440281
0.0365122
0.0431185
0.065806
0.0605421
0.0508721
0.0538778
0.0518712
0.0508284
0.058503
0.0530591
0.051492
0.0343358
0.0400722
0.0426921
0.0431273
0.0498871
0.0399986
0.0529179
0.0577363
0.0563461
0.0428167
0.0363333
0.0562125
0.0604441
0.0449214
0.0434021
0.0413571
0.0474894
0.0440385
0.040322
0.0371407
0.0436533
0.0538874
0.0557412
0.0490476
0.0494398
0.0481178
0.0415948
0.0588387
0.0414564
0.0454488
0.050921
0.0470232
0.0395968
0.0402729
0.041019
0.050784
0.0444448
0.0469121
0.0555785
0.049026
0.0484841
0.0406761
0.0462481
0.0464192
0.0449087
0.0493463
0.0475286
0.0613008
0.0432396
0.0440077
0.052737
0.0461521
0.0465591
0.0473635
0.0437938
0.045925
0.0471343
0.0432922
0.0472929
0.0526343
0.0390997
0.0524532
0.054672
0.0683743
0.0617297
0.0537691
0.0506889
0.0466182
0.0509187
0.0460278
0.0586206
0.0482335
0.0622081
0.0610914
0.0431781
0.0412361
0.0493762
0.0707815
0.0580661
0.0569486
0.0525578
0.0566532
0.0541668
0.0530366
0.0538101
0.0493088
0.0511038
0.0491269
0.048935
0.0582269
0.0426179
0.0445811
0.0468105
0.0404414
0.037485
0.0451644
0.0493212
0.0420322
0.0485794
0.0526957
0.0463495
0.0553202
0.0475575
0.0450897
0.0400329
0.0665235
0.0569381
0.0573186
0.0494938
0.0541924
0.0497475
0.0460577
0.0548877
0.0413544
0.0407636
0.052678
0.0644468
0.0556734
0.0519312
0.0586616
0.0490877
0.0443579
0.0413826
0.0407107
0.0368796
0.038978
0.0373369
0.0507882
0.0443646
0.0532534
0.0417129
0.0533367
0.0538941
0.041134
0.0503269
0.0422831
0.0455847
0.0377404
0.0347083
0.0423587
0.0561324
0.0521053
0.0469692
0.0363846
0.0473382
0.057778
0.0591758
0.0609697
0.0485854
0.0483269
0.0372727
0.0478186
0.0503902
0.0521939
0.0521402
0.0576696
0.0540405
0.041273
0.0576988
0.0466049
0.0462057
0.0464419
0.0475668
0.0485268
0.049022
0.0395329
0.0494904
0.0499659
0.0510815
0.0502451
0.055227
0.0474172
0.0521592
0.0446253
0.0353994
0.043014
0.0474618
0.0496739
0.043774
0.0594186
0.0385983
0.0582881
0.0477375
0.0526323
0.0505331
0.0371369
0.0350165
0.0477114
0.0404938
0.0469274
0.0461781
0.0479759
0.0402381
0.0562848
0.0517045
0.0655055
0.0419902
0.0505421
0.0475529
0.0433237
0.0494515
0.0484113
0.0472534
0.0444676
0.0455489
0.0433569
0.0632811
0.0696457
0.0657079
0.0587569
0.0570539
0.0626118
0.049738
0.060597
0.0639406
0.0523925
0.0551836
0.0547735
0.0579362
0.0601332
0.0469665
0.0471796
0.0597846
0.0615734
0.0445177
0.0489425
0.0469033
0.0449365
0.0500308
0.0521658
0.0530037
0.0528376
0.0467698
0.0494708
0.0800781
0.0476465
0.0553414
0.0528426
0.0576818
0.0497842
0.0370229
0.0471178
0.0453634
0.0840648
0.0548235
0.0625495
0.0523914
0.0569706
0.0462578
0.0536807
0.0484715
0.046629
0.0428138
0.0440638
0.0544888
0.069313
0.053167
0.0714795
0.0582286
0.0427714
0.0432013
0.0430014
0.0455665
0.0569768
0.0508945
0.0359092
0.0546358
0.0552411
0.0457128
0.0483308
0.0417259
0.0484262
0.0478272
0.0446116
0.0466912
0.0431292
0.0399518
0.0525757
0.0439604
0.0376172
0.0437052
0.0345307
0.0580815
0.0392686
0.0477608
0.0479141
0.0572248
0.0520825
0.0464554
0.0456402
0.0459354
0.0478326
0.0511672
0.0539787
0.0428086
0.038344
0.0390154
0.0409988
0.0329882
0.0454942
0.0536339
0.0506975
0.0468185
0.0444687
0.0525562
0.0432056
0.0496156
0.0467681
0.0430783
0.0571965
0.0456582
0.0510271
0.0669327
0.0458637
0.0442063
0.0456121
0.0469401
0.0506152
0.0427971
0.051478
0.0611702
0.045285
0.0479809
0.0403201
0.0492169
0.0480502
0.0605175
0.055302
0.0456832
0.0478367
0.0732807
0.0428732
0.036421
0.047177
0.062368
0.051536
0.0480236
0.045414
0.05319
0.050415
0.0450657
0.0403696
0.0515224
0.0504636
0.0423605
0.0604023
0.0480242
0.0507235
0.0392121
0.0417061
0.0421223
0.0641994
0.046076
0.0572196
0.0491567
0.0460954
0.0412211
0.045524
0.0662301
0.0782452
0.0621741
0.0484052
0.0638484
0.0420132
0.0431206
0.055505
0.0537386
0.0532548
0.0427138
0.0518379
0.0576887
0.0532089
0.0392715
0.0392973
0.0455119
0.058689
0.0493436
0.0471142
0.0558792
0.0469421
0.0568554
0.0449538
0.0473595
0.0460597
0.0472606
0.0616251
0.0551271
0.0453184
0.0468274
0.0468896
0.044857
0.0416301
0.0395647
0.0384771
0.0396855
0.0415327
0.0567655
0.0477429
0.0504694
0.0451951
0.037628
0.0518547
0.0557404
0.0520279
0.048036
0.0402348
0.0347768
0.0411228
0.0690425
0.0477896
0.0342943
0.0450042
0.0390817
0.0467879
0.0578824
0.0432461
0.0589627
0.0478506
0.0524278
0.0537915
0.0522489
0.0510005
0.0329
0.0348088
0.0454217
0.0377644
0.0524037
0.0490286
0.0530051
0.0582725
0.0497755
0.0447175
0.0539193
0.0463788
0.0520178
0.0402344
0.0593902
0.0444153
0.056033
0.0637788
0.0579303
0.0481314
0.049359
0.0472768
0.0324211
0.0508897
0.0506166
0.0647514
0.0578303
0.0591181
0.0448135
0.0456536
0.0553859
0.0445262
0.0367055
0.0410934
0.0461021
0.0530927
0.049988
0.0710904
0.0545295
0.0443776
0.0472963
0.0625725
0.0452106
0.0706643
0.0680595
0.0606641
0.0632839
0.0460331
0.0406004
0.0481017
0.0539033
0.0567477
0.0472834
0.0425313
0.0566007
0.0501025
0.0574792
0.0410613
0.0470815
0.0511011
0.0520306
0.0451944
0.0371379
0.032294
0.0364431
0.0394338
0.0503607
0.0591914
0.0599845
0.0545161
0.0453153
0.044408
0.0400582
0.0483384
0.044451
0.0495814
0.0439776
0.054091
0.0426733
0.038513
0.04514
0.0567304
0.0516575
0.0365137
0.0506452
0.0455837
0.0552704
0.0565633
0.0547377
0.0738718
0.0615875
0.0495852
0.0525926
0.0318362
0.0353785
0.0449502
0.0452555
0.0486979
0.0420741
0.045258
0.0643531
0.0500784
0.0502651
0.0437832
0.0615497
0.0559887
0.0385484
0.0580724
0.0619238
0.0495544
0.0554932
0.0489754
0.0531999
0.0620704
0.0444722
0.0401332
0.037371
0.0451249
0.035623
0.0523795
0.0394123
0.0413389
0.0446754
0.0490044
0.0532715
0.0468212
0.0478372
0.040701
0.0500906
0.0612322
0.0515114
0.048172
0.0467524
0.0579386
0.0680218
0.0542442
0.0480773
0.0371595
0.041703
0.0467557
0.0509733
0.0467276
0.0486131
0.0389624
0.0465142
0.0515992
0.0426216
0.0324043
0.0411981
0.0396036
0.0483879
0.0433944
0.0505212
0.0636441
0.0476902
0.0458683
0.0475452
0.0475372
0.0444278
0.0518346
0.0493801
0.0568486
0.0459702
0.0449238
0.047034
0.0546876
0.0651949
0.0669971
0.0560508
0.053055
0.0559089
0.0502547
0.0542084
0.0526612
0.0509382
0.0404578
0.0425836
0.0615398
0.0449892
0.0415949
0.0453465
0.0547093
0.0509995
0.0421872
0.0444211
0.050764
0.0584285
0.0586859
0.0539224
0.042871
0.0500809
0.0398809
0.0467207
0.0455661
0.0472398
0.0572465
0.0492936
0.0482631
0.046382
0.0356748
0.0440896
0.0464935
0.0510452
0.0543031
0.048208
0.0460339
0.0586135
0.0518095
0.0489507
0.0683128
0.0591929
0.0727763
0.0568579
0.0541789
0.0462096
0.0502657
0.0444137
0.0585698
0.0502999
0.056173
0.048027
0.0458045
0.0418761
0.0514845
0.0553066
0.0401541
0.0496119
0.048487
0.0434066
0.0508113
0.0404426
0.0526854
0.0701555
0.0602658
0.0459422
0.0565636
0.0450151
0.0424439
0.0443061
0.0414168
0.0416083
0.0432278
0.0471738
0.0450809
0.0462761
0.0454891
0.0408539
0.0419971
0.0524015
0.0626095
0.0464887
0.0453202
0.0421765
0.0511668
0.0513107
0.0528206
0.0466134
0.0446663
0.0370517
0.0488304
0.0435233
0.0394285
0.032139
0.0324989
0.0330197
0.0403478
0.0421862
0.037902
0.0381946
0.0503452
0.038812
0.0407027
0.0422483
0.0413077
0.0462605
0.0446099
