-0.0432172
-0.284837
-0.341265
-0.336353
-0.362232
-0.374793
-0.35025
-0.441722
-0.444713
-0.386549
-0.454082
-0.435259
-0.430514
-0.411711
-0.284034
-0.377725
-0.348748
-0.378297
-0.393238
-0.409449
-0.36294
-0.404365
-0.420968
-0.406374
-0.38247
-0.339564
-0.40091
-0.437133
-0.459016
-0.376581
-0.418033
-0.40112
-0.409848
-0.390768
-0.381946
-0.387659
-0.381037
-0.41173
-0.382329
-0.386405
-0.454148
-0.447623
-0.426707
-0.402646
-0.440603
-0.459295
-0.441757
-0.400326
-0.435798
-0.444233
-0.458787
-0.459587
-0.458541
-0.381706
-0.331465
-0.388964
-0.442476
-0.365464
-0.332616
-0.405416
-0.319689
-0.368838
-0.367008
-0.371286
-0.397008
-0.395616
-0.411724
-0.431452
-0.472279
-0.525316
-0.467148
-0.445015
-0.481164
-0.400545
-0.431767
-0.350274
-0.38716
-0.410786
-0.430679
-0.47132
-0.39789
-0.378619
-0.447086
-0.499788
-0.44824
-0.499549
-0.483539
-0.458019
-0.407688
-0.397145
-0.406469
-0.423911
-0.377516
-0.412864
-0.484048
-0.457077
-0.494604
-0.436597
-0.425285
-0.460709
-0.495157
-0.418673
-0.402163
-0.415942
-0.491671
-0.442392
-0.413584
-0.41702
-0.387803
-0.387589
-0.329284
-0.389962
-0.520464
-0.48127
-0.454914
-0.378964
-0.389645
-0.403916
-0.445697
-0.410373
-0.402956
-0.453048
-0.418849
-0.410034
-0.425208
-0.377728
-0.34295
-0.319676
-0.357495
-0.397752
-0.383902
-0.413786
-0.445746
-0.394975
-0.399838
-0.44734
-0.440526
-0.397577
-0.509283
-0.452166
-0.493325
-0.489739
-0.581378
-0.533924
-0.532687
-0.522923
-0.441704
-0.413414
-0.466806
-0.526366
-0.430277
-0.42361
-0.511349
-0.498418
-0.410012
-0.470616
-0.459348
-0.362545
-0.363247
-0.376904
-0.345839
-0.401089
-0.403693
-0.368709
-0.351916
-0.363323
-0.338548
-0.350495
-0.306359
-0.441215
-0.375396
-0.393316
-0.415973
-0.4437
-0.396606
-0.473835
-0.461738
-0.493097
-0.522476
-0.495281
-0.467202
-0.461429
-0.559817
-0.546357
-0.402138
-0.453347
-0.504816
-0.451076
-0.474909
-0.506965
-0.437183
-0.434098
-0.330107
-0.354475
-0.318451
-0.325805
-0.421964
-0.414719
-0.464167
-0.380979
-0.345943
-0.363746
-0.343211
-0.439664
-0.436836
-0.457316
-0.440465
-0.434426
-0.369004
-0.406882
-0.390435
-0.467094
-0.468296
-0.438074
-0.428229
-0.381269
-0.434579
-0.364526
-0.386531
-0.394542
-0.440738
-0.34945
-0.362845
-0.420488
-0.388674
-0.480144
-0.446294
-0.379994
-0.409096
-0.392336
-0.393239
-0.387445
-0.413149
-0.458467
-0.434281
-0.481789
-0.471757
-0.480515
-0.422278
-0.434642
-0.390703
-0.422711
-0.397437
-0.369032
-0.428273
-0.388103
-0.381189
-0.383646
-0.445403
-0.436081
-0.399721
-0.38529
-0.367145
-0.398378
-0.427008
-0.424731
-0.459272
-0.452686
-0.416412
-0.426516
-0.452397
-0.393441
-0.445009
-0.506611
-0.460696
-0.46972
-0.429617
-0.396091
-0.308292
-0.381811
-0.452515
-0.362185
-0.44096
-0.377829
-0.383284
-0.437638
-0.522487
-0.527157
-0.499387
-0.362687
-0.446406
-0.430848
-0.420306
-0.468254
-0.442987
-0.36403
-0.418818
-0.375327
-0.395357
-0.357989
-0.377
-0.363893
-0.496551
-0.443877
-0.389098
-0.46652
-0.499973
-0.498402
-0.440864
-0.418269
-0.39555
-0.444752
-0.413691
-0.468855
-0.427853
-0.451671
-0.416504
-0.433424
-0.442398
-0.411066
-0.469039
-0.475895
-0.414787
-0.469818
-0.4795
-0.405086
-0.465985
-0.468014
-0.364249
-0.385387
-0.357123
-0.406801
-0.487698
-0.432947
-0.429501
-0.378502
-0.444174
-0.479178
-0.450349
-0.457419
-0.417322
-0.440137
-0.444753
-0.436008
-0.409462
-0.440205
-0.45097
-0.441234
-0.402758
-0.343071
-0.385679
-0.365488
-0.40938
-0.416341
-0.408685
-0.456696
-0.572869
-0.511224
-0.488949
-0.465155
-0.469186
-0.503669
-0.476819
-0.376949
-0.391066
-0.412332
-0.4562
-0.403868
-0.345254
-0.368538
-0.455089
-0.3672
-0.382412
-0.409471
-0.365596
-0.385917
-0.455787
-0.412059
-0.398878
-0.451978
-0.451511
-0.423303
-0.413823
-0.382206
-0.433996
-0.396186
-0.4019
-0.411642
-0.357682
-0.320195
-0.437001
-0.391813
-0.398554
-0.402912
-0.427619
-0.369008
-0.428211
-0.464757
-0.44301
-0.41172
-0.36747
-0.374106
-0.302811
-0.351897
-0.38143
-0.326913
-0.378763
-0.370557
-0.365841
-0.398604
-0.453734
-0.454216
-0.433342
-0.412396
-0.450977
-0.393702
-0.392746
-0.383554
-0.402662
-0.341115
-0.401113
-0.384725
-0.376568
-0.422744
-0.454127
-0.374026
-0.349649
-0.346901
-0.35588
-0.356782
-0.371844
-0.369961
-0.368195
-0.362839
-0.3654
-0.398878
-0.409706
-0.426336
-0.384436
-0.396719
-0.423582
-0.427002
-0.458204
-0.443965
-0.449199
-0.361051
-0.459309
-0.383625
-0.379691
-0.387421
-0.425398
-0.399146
-0.418831
-0.360427
-0.513094
-0.464042
-0.411377
-0.425624
-0.464375
-0.437842
-0.408071
-0.432617
-0.440626
-0.380171
-0.292638
-0.395775
-0.366572
-0.429571
-0.466155
-0.500126
-0.531628
-0.479954
-0.454416
-0.387027
-0.425451
-0.432439
-0.41058
-0.416308
-0.415192
-0.371161
-0.388477
-0.424753
-0.345282
-0.394705
-0.39944
-0.406305
-0.412663
-0.411099
-0.369556
-0.391945
-0.354427
-0.390539
-0.329123
-0.323653
-0.387027
-0.379839
-0.399894
-0.372549
-0.435862
-0.431748
-0.395466
-0.49115
-0.478784
-0.378158
-0.476847
-0.528748
-0.493253
-0.408241
-0.42153
-0.414974
-0.354182
-0.360959
-0.352783
-0.419962
-0.395977
-0.466864
-0.45015
-0.406942
-0.432038
-0.344637
-0.394812
-0.368073
-0.303746
-0.306524
-0.351098
-0.273349
-0.283064
-0.342513
-0.380998
-0.439807
-0.509397
-0.436801
-0.474448
-0.4528
-0.426628
-0.384675
-0.488741
-0.461747
-0.421469
-0.416615
-0.4143
-0.418109
-0.423493
-0.417003
-0.460568
-0.368841
-0.430499
-0.437687
-0.397577
-0.372582
-0.369465
-0.398263
-0.40348
-0.419336
-0.373735
-0.392838
-0.454048
-0.392755
-0.417482
-0.433637
-0.423486
-0.369579
-0.415032
-0.420662
-0.378447
-0.333816
-0.382394
-0.402668
-0.38628
-0.402517
-0.431533
-0.481648
-0.491802
-0.478543
-0.46282
-0.411402
-0.443414
-0.427434
-0.405908
-0.449629
-0.513994
-0.435266
-0.482673
-0.49989
-0.398082
-0.391456
-0.356844
-0.371886
-0.385886
-0.423355
-0.415524
-0.44556
-0.357632
-0.410758
-0.43467
-0.456758
-0.354996
-0.454049
-0.424005
-0.382377
-0.442312
-0.394566
-0.352797
-0.382274
-0.431211
-0.425434
-0.406472
-0.389726
-0.377019
-0.326167
-0.440721
-0.343118
-0.35724
-0.422886
-0.366024
-0.368026
-0.421972
-0.380827
-0.400574
-0.429512
-0.382174
-0.414171
-0.330122
-0.313617
-0.386213
-0.320299
-0.279846
-0.391998
-0.343496
-0.354992
-0.437263
-0.437842
-0.446289
-0.369463
-0.417182
-0.41047
-0.426422
-0.400538
-0.429689
-0.379184
-0.446987
-0.368572
-0.387159
-0.414848
-0.444281
-0.391107
-0.356034
-0.434246
-0.528315
-0.460417
-0.38767
-0.396254
-0.394878
-0.404486
-0.404691
-0.3336
-0.332127
-0.306623
-0.352551
-0.395649
-0.378516
-0.384767
-0.361063
-0.467071
-0.462498
-0.500173
-0.422341
-0.454453
-0.468819
-0.376353
-0.330241
-0.395633
-0.46667
-0.403068
-0.407483
-0.38124
-0.333958
-0.386831
-0.393644
-0.37144
-0.320333
-0.380123
-0.379992
-0.468977
-0.359159
-0.390662
-0.42846
-0.41831
-0.398433
-0.346483
-0.321859
-0.372255
-0.429542
-0.383591
-0.372129
-0.407197
-0.413199
-0.360432
-0.378917
-0.438125
-0.522031
-0.434857
-0.406851
-0.419372
-0.4563
-0.418908
-0.429182
-0.361345
-0.343666
-0.454936
-0.478157
-0.4899
-0.463462
-0.416095
-0.375076
-0.353431
-0.346103
-0.438448
-0.471472
-0.487543
-0.419511
-0.413768
-0.408231
-0.389691
-0.375217
-0.383467
-0.418117
-0.47298
-0.367101
-0.385537
-0.413158
-0.390814
-0.3709
-0.366155
-0.343281
-0.451657
-0.430546
-0.385049
-0.445217
-0.459578
-0.369759
-0.413728
-0.464867
-0.437198
-0.460711
-0.514159
-0.474774
-0.37113
-0.387718
-0.470549
-0.489328
-0.555241
-0.554375
-0.568015
-0.521817
-0.533259
-0.537286
-0.549424
-0.483197
-0.390774
-0.428327
-0.367888
-0.408361
-0.357951
-0.465764
-0.413994
-0.365061
-0.346759
-0.405003
-0.393919
-0.380452
-0.460106
-0.372122
-0.401604
-0.366621
-0.363616
-0.34763
-0.336515
-0.368389
-0.36784
-0.430339
-0.379981
-0.387517
-0.400687
-0.447055
-0.404338
-0.434324
-0.426464
-0.385602
-0.418162
-0.44397
-0.458618
-0.485849
-0.421445
-0.459044
-0.460228
-0.410328
-0.315031
-0.395429
-0.365694
-0.384945
-0.391924
-0.340033
-0.337045
-0.401353
-0.388633
-0.308014
-0.323984
-0.339789
-0.384959
-0.369874
-0.399802
-0.407424
-0.354723
-0.319249
-0.302224
-0.362695
-0.388739
-0.481902
-0.427059
-0.45418
-0.509832
-0.409403
-0.436264
-0.43599
-0.407124
-0.458897
-0.41266
-0.339234
-0.313154
-0.349805
-0.421193
-0.386352
-0.465493
-0.363182
-0.411996
-0.384308
-0.366867
-0.402066
-0.392535
-0.425979
-0.453776
-0.429008
-0.456595
-0.453935
-0.389605
-0.38176
-0.385857
-0.374001
-0.392725
-0.320074
-0.311512
-0.377183
-0.43735
-0.429704
-0.388723
-0.36103
-0.362033
-0.391313
-0.326185
-0.298288
-0.306423
-0.377316
-0.34629
-0.345483
-0.33756
-0.446602
-0.385842
-0.42798
-0.341116
-0.366477
-0.386498
-0.410747
-0.455723
-0.466427
-0.40154
-0.418907
-0.466801
-0.321529
-0.315359
-0.355511
-0.339537
-0.295018
-0.361671
-0.367852
-0.41037
-0.456561
-0.386507
-0.348496
-0.438999
-0.42626
-0.363567
-0.409893
-0.403008
-0.428549
-0.389456
-0.325401
-0.353107
-0.369956
-0.360582
-0.392672
-0.363577
-0.327951
-0.342707
-0.372783
-0.424959
-0.421192
-0.451752
-0.390851
-0.366762
-0.467954
-0.440098
-0.456349
-0.437703
-0.381683
-0.38806
-0.434397
-0.463017
-0.468562
-0.399673
-0.403429
-0.422943
-0.389093
-0.432049
-0.427135
-0.450668
-0.429174
-0.4295
-0.463585
-0.47133
-0.438247
-0.44365
-0.397241
-0.41328
-0.378485
-0.326491
-0.362068
-0.369904
-0.377637
-0.473988
-0.453682
-0.438967
-0.50316
-0.414851
-0.484194
-0.476839
-0.45046
-0.455044
-0.388572
-0.438659
-0.467118
-0.370989
-0.378044
-0.303352
-0.356805
-0.460732
-0.41556
-0.476627
-0.480621
-0.483836
-0.425943
-0.486423
-0.452937
-0.362264
-0.434982
-0.388689
-0.407394
-0.505194
-0.497954
-0.500801
-0.500747
-0.450467
-0.333347
-0.368065
-0.356889
-0.402424
-0.454564
-0.413514
-0.396131
-0.404441
-0.387401
-0.464418
-0.40903
-0.415234
-0.374971
-0.336288
-0.346637
-0.381427
-0.442267
-0.40378
-0.423107
-0.436321
-0.32551
-0.348462
-0.437107
-0.458584
-0.442807
-0.350204
-0.302268
-0.332627
-0.340437
-0.401838
-0.441988
-0.35692
-0.442013
-0.508689
-0.498002
-0.435917
-0.403776
-0.370239
-0.495074
-0.444749
-0.42926
-0.450153
-0.36596
-0.36652
-0.428553
-0.472906
-0.43805
-0.500209
-0.469922
-0.522774
-0.453037
-0.510207
-0.502877
-0.438941
-0.423521
-0.376583
-0.402547
-0.417621
-0.358897
-0.397298
-0.366141
-0.384706
-0.394939
-0.407806
-0.45934
-0.411578
-0.42016
-0.399793
-0.36355
-0.463111
-0.478225
-0.454252
-0.36214
-0.428102
-0.460423
-0.423089
-0.499153
-0.439896
-0.469513
-0.547047
-0.387998
-0.356444
-0.383654
-0.438303
-0.314918
-0.36532
-0.34834
-0.387109
-0.3953
-0.331313
-0.414371
-0.438555
-0.448209
-0.394781
-0.431334
-0.396398
-0.456507
-0.486435
-0.428693
-0.533473
-0.472845
-0.450504
-0.47319
-0.466411
-0.478825
-0.422614
-0.328429
-0.34747
-0.395033
-0.375645
-0.422852
-0.483499
-0.478969
-0.445481
-0.517096
-0.490862
-0.439944
-0.4193
-0.413225
-0.418777
-0.369413
-0.401144
-0.302804
-0.356348
-0.401625
-0.404227
-0.395113
-0.435272
-0.412295
-0.402477
-0.430413
-0.402624
-0.366026
-0.356747
-0.367433
-0.348856
-0.275335
-0.32715
-0.391262
-0.460631
-0.47692
-0.431541
-0.328233
-0.372724
-0.34736
-0.399081
-0.405232
-0.411343
-0.416921
-0.373165
-0.396112
-0.407666
-0.393809
-0.396527
-0.38281
-0.391759
-0.359546
-0.423694
-0.366025
-0.349603
-0.36656
-0.338071
-0.316501
-0.397928
-0.369645
-0.381611
-0.404008
-0.436737
-0.380605
-0.364558
-0.374255
-0.399211
-0.349948
-0.355684
-0.328196
-0.277607
-0.326864
-0.367464
-0.460755
-0.471096
-0.426938
-0.289742
-0.343173
-0.345639
-0.363637
-0.408406
-0.459094
-0.389031
-0.363988
-0.432264
-0.364069
-0.414592
-0.46632
-0.420411
-0.458632
-0.476737
-0.383559
-0.377559
-0.353266
-0.407617
-0.421344
-0.44866
-0.405438
-0.468243
-0.493611
-0.373271
-0.405031
-0.368068
-0.379348
-0.367181
-0.376262
-0.403221
-0.365977
-0.383589
-0.410429
-0.332039
-0.407978
-0.389103
-0.4245
-0.394175
-0.355338
-0.412416
-0.451864
-0.421639
-0.515093
-0.526597
-0.536325
-0.487184
-0.517272
-0.530914
-0.628548
-0.420936
-0.427566
-0.443146
-0.407581
-0.411345
-0.381378
-0.383325
-0.37301
-0.361251
-0.42412
-0.400351
-0.43243
-0.417041
-0.367251
-0.349757
-0.483974
-0.387743
-0.358227
-0.394123
-0.327649
-0.37704
-0.386095
-0.42745
-0.461183
-0.430179
-0.479542
-0.410567
-0.430482
-0.402239
-0.402684
-0.418795
-0.380049
-0.330415
-0.359262
-0.318911
-0.335155
-0.404774
-0.51077
-0.429886
-0.447048
-0.486736
-0.491831
-0.409419
-0.48543
-0.379579
-0.373642
-0.41614
-0.414655
-0.453216
-0.482793
-0.483256
-0.398055
-0.502893
-0.411159
-0.421071
-0.460092
-0.424129
-0.395979
-0.458842
-0.453093
-0.501335
-0.480798
-0.451323
-0.406264
-0.394629
-0.417144
-0.442079
-0.4246
-0.394423
-0.342376
-0.356076
-0.355761
-0.35507
-0.379744
-0.374073
-0.401111
-0.440187
-0.459871
-0.385566
-0.389163
-0.419193
-0.462764
-0.481734
-0.457419
-0.480809
-0.410203
-0.344378
-0.321107
-0.322139
-0.395766
-0.340778
-0.410338
-0.415205
-0.380872
-0.416878
-0.36318
-0.429109
-0.484422
-0.440737
-0.460234
-0.465149
-0.411415
-0.405806
-0.377181
-0.393638
-0.480861
-0.40875
-0.519802
-0.50497
-0.459095
-0.474382
-0.406823
-0.484873
-0.449827
-0.446386
-0.423346
-0.382737
-0.356111
-0.379775
-0.383172
-0.393178
-0.431537
-0.381797
-0.394796
-0.38811
-0.435088
-0.364448
-0.365833
-0.417496
-0.416017
-0.428729
-0.374598
-0.381736
-0.393737
-0.444643
-0.39432
-0.369117
-0.386761
-0.40134
-0.316738
-0.399882
-0.41032
-0.437434
-0.448196
-0.468255
-0.47926
-0.465504
-0.427334
-0.507283
-0.436533
-0.403041
-0.368647
-0.375755
-0.417384
-0.433
-0.420325
-0.504374
-0.490022
-0.49848
-0.480176
-0.500511
-0.489221
-0.473056
-0.445815
-0.530458
-0.489204
-0.408357
-0.433869
-0.332324
-0.383602
-0.436019
-0.406562
-0.430226
-0.396973
-0.383975
-0.410916
-0.459279
-0.427693
-0.336021
-0.357247
-0.290196
-0.257647
-0.350281
-0.324181
-0.331328
-0.33052
-0.332043
-0.370345
-0.319886
-0.39195
-0.403906
-0.405539
-0.4283
-0.42918
-0.448388
-0.385725
-0.416712
-0.425214
-0.480822
-0.402893
-0.465035
-0.393751
-0.353249
-0.312259
-0.32726
-0.358455
-0.380533
-0.371792
-0.405057
-0.393802
-0.405102
-0.415617
-0.440139
-0.474059
-0.31572
-0.36954
-0.47078
-0.444373
-0.347874
-0.436077
-0.45713
-0.455938
-0.470718
-0.432865
-0.45497
-0.424779
-0.434611
-0.361651
-0.363825
-0.418572
-0.359648
-0.412686
-0.366615
-0.367461
-0.356042
-0.458606
-0.45541
-0.405314
-0.387835
-0.387453
-0.360678
-0.374688
-0.348502
-0.324445
-0.349845
-0.392671
-0.389256
-0.375611
-0.399277
-0.408562
-0.339528
-0.329746
-0.332936
-0.402079
-0.485672
-0.448883
-0.513255
-0.482278
-0.391767
-0.361306
-0.372837
-0.409136
-0.362836
-0.384845
-0.419133
-0.426879
-0.397708
-0.461252
-0.449224
-0.46651
-0.450118
-0.380207
-0.428839
-0.486637
-0.423074
-0.419357
-0.41257
-0.446274
-0.380997
-0.406998
-0.388453
-0.358698
-0.35783
-0.377978
-0.358739
-0.363454
-0.372931
-0.374986
-0.359176
-0.35213
-0.393249
-0.442142
-0.448255
-0.398797
-0.34292
-0.375926
-0.418534
-0.357273
-0.352354
-0.330047
-0.415768
-0.393833
-0.425658
-0.463596
-0.458778
-0.39055
-0.377303
-0.442375
-0.430903
-0.456138
-0.443836
-0.436566
-0.36224
-0.348354
-0.325348
-0.402684
-0.388812
-0.350945
-0.377624
-0.394013
-0.425483
-0.456472
-0.432126
-0.447321
-0.47484
-0.436504
-0.394389
-0.422651
-0.468042
-0.438198
-0.448364
-0.449841
-0.386449
-0.444704
-0.352391
-0.398662
-0.360285
-0.41472
-0.376474
-0.358643
-0.364445
-0.302617
-0.340758
-0.382499
-0.499442
-0.46197
-0.445658
-0.447728
-0.399597
-0.405313
-0.38094
-0.459874
-0.487864
-0.452243
-0.421919
-0.511855
-0.498473
-0.474085
-0.447186
-0.462285
-0.456322
-0.394838
-0.394683
-0.433956
-0.389803
-0.388583
-0.369601
-0.335501
-0.360893
-0.363901
-0.404988
-0.416604
-0.446469
-0.508975
-0.431922
-0.461793
-0.368416
-0.382251
-0.389847
-0.401455
-0.494679
-0.44678
-0.392044
-0.40838
-0.476193
-0.412973
-0.344627
-0.375088
-0.476959
-0.357775
-0.391128
-0.465934
-0.418839
-0.371706
-0.287648
-0.333888
-0.314003
-0.390565
-0.386634
-0.428372
-0.401178
-0.424219
-0.452167
-0.368477
-0.44079
-0.451065
-0.393395
-0.435754
-0.484612
-0.516207
-0.428941
-0.447529
-0.358964
-0.37131
-0.373231
-0.421406
-0.500013
-0.564835
-0.551395
-0.532331
-0.496602
-0.409675
-0.4043
-0.446717
-0.501955
-0.458913
-0.446153
-0.42259
-0.413011
-0.398222
-0.401227
-0.415667
-0.400053
-0.391614
-0.403832
-0.444259
-0.417691
-0.415495
-0.406988
-0.415582
-0.374732
-0.353732
-0.392253
-0.364899
-0.335453
-0.355903
-0.41454
-0.400589
-0.457228
-0.417006
-0.409834
-0.377029
-0.396435
-0.454535
-0.471378
-0.380214
-0.439954
-0.430606
-0.443273
-0.419005
-0.395083
-0.390416
-0.34277
-0.309511
-0.331306
-0.358385
-0.41755
-0.368356
-0.370061
-0.385642
-0.44218
-0.463119
-0.503201
-0.469222
-0.54416
-0.520893
-0.482709
-0.387503
-0.365587
-0.422775
-0.404224
-0.39261
-0.454744
-0.403952
-0.473435
-0.364656
-0.352454
-0.401387
-0.432778
-0.459487
-0.432277
-0.481177
-0.477046
-0.391897
-0.425028
-0.428909
-0.390784
-0.422829
-0.414891
-0.50814
-0.448331
-0.415334
-0.418673
-0.368017
-0.427976
-0.367966
-0.35237
-0.470574
-0.496974
-0.43588
-0.483885
-0.457432
-0.453223
-0.471258
-0.494154
-0.413383
-0.424382
-0.413892
-0.429728
-0.466754
-0.417309
-0.404349
-0.451226
-0.433793
-0.418802
-0.507924
-0.411281
-0.472515
-0.379122
-0.43033
-0.368897
-0.365517
-0.419347
-0.450823
-0.497435
-0.401676
-0.428288
-0.45887
-0.447143
-0.455775
-0.479249
-0.482183
-0.437297
-0.438855
-0.484121
-0.471237
-0.441269
-0.528914
-0.513601
-0.48825
-0.482788
-0.413461
-0.497426
-0.467884
-0.409977
-0.34735
-0.343573
-0.354752
-0.362686
-0.364139
-0.392314
-0.394487
-0.395761
-0.394255
-0.324977
-0.463248
-0.462598
-0.435382
-0.394045
-0.3532
-0.326734
-0.348304
-0.374589
-0.443005
-0.414936
-0.413741
-0.404504
-0.440494
-0.449901
-0.398714
-0.344975
-0.412057
-0.403827
-0.431016
-0.37119
-0.372787
-0.467487
-0.401548
-0.492839
-0.433123
-0.44339
-0.465365
-0.391117
-0.353739
-0.49402
-0.499992
-0.519148
-0.522168
-0.503346
-0.531105
-0.47752
-0.40835
-0.461388
-0.500071
-0.506741
-0.46101
-0.417532
-0.418841
-0.395748
-0.392659
-0.464059
-0.531509
-0.56022
-0.457799
-0.425245
-0.409774
-0.439907
-0.465732
-0.480753
-0.434808
-0.501395
-0.461211
-0.417303
-0.391342
-0.428104
-0.378573
-0.426898
-0.409354
-0.423545
-0.455274
-0.409853
-0.439917
-0.459983
-0.38551
-0.394133
-0.404576
-0.38895
-0.382029
-0.395364
-0.402401
-0.373725
-0.340381
-0.413948
-0.37918
-0.398529
-0.344556
-0.421051
-0.492986
-0.532458
-0.457104
-0.44194
-0.408868
-0.412918
-0.404522
-0.380603
-0.398894
-0.350247
-0.363436
-0.377761
-0.468543
-0.457221
-0.475258
-0.524896
-0.43025
-0.327918
-0.364509
-0.408131
-0.432137
-0.41754
-0.379644
-0.338882
-0.395645
-0.374058
-0.385496
-0.328626
-0.341444
-0.350914
-0.380745
-0.383754
-0.442296
-0.375507
-0.370213
-0.396966
-0.395793
-0.35133
-0.43201
-0.412935
-0.366375
-0.419047
-0.38108
-0.449146
-0.50117
-0.499683
-0.581213
-0.619722
-0.589183
-0.594331
-0.493832
-0.421471
-0.408244
-0.450413
-0.422336
-0.35384
-0.384922
-0.333495
-0.301954
-0.368562
-0.363378
-0.400986
-0.424258
-0.388994
-0.404276
-0.402692
-0.428828
-0.475431
-0.444672
-0.419159
-0.347848
-0.360118
-0.412522
-0.386289
-0.385545
-0.408912
-0.370211
-0.386498
-0.416067
-0.432222
-0.377554
-0.408368
-0.495249
-0.401058
-0.379108
-0.333163
-0.436589
-0.377686
-0.367632
-0.4014
-0.435211
-0.429146
-0.3961
-0.4245
-0.447775
-0.460524
-0.477971
-0.488302
-0.441999
-0.452627
-0.47049
-0.422748
-0.463617
-0.524359
-0.42897
-0.364044
-0.355775
-0.347179
-0.386033
-0.38278
-0.337307
-0.417419
-0.452325
-0.38176
-0.37809
-0.368546
-0.33338
-0.373321
-0.452863
-0.421697
-0.397648
-0.402511
-0.380508
-0.381224
-0.3706
-0.403805
-0.422647
-0.410427
-0.340289
-0.335579
-0.349066
-0.323947
-0.360666
-0.39484
-0.412281
-0.383682
-0.421403
-0.395812
-0.434444
-0.406943
-0.463344
-0.435405
-0.391624
-0.405885
-0.412163
-0.45713
-0.416873
-0.399572
-0.417465
-0.452419
-0.410076
-0.414242
-0.442945
-0.496488
-0.484615
-0.506659
-0.483468
-0.467562
-0.461941
-0.375313
-0.439051
-0.462754
-0.456258
-0.41899
-0.406179
-0.443312
-0.448233
-0.426851
-0.431781
-0.393992
-0.407728
-0.358908
-0.336871
-0.416133
-0.405398
-0.380527
-0.284966
-0.356692
-0.381291
-0.36231
-0.454275
-0.348969
-0.429873
-0.451581
-0.440248
-0.332992
-0.348834
-0.3186
-0.38513
-0.467362
-0.468285
-0.467448
-0.437152
-0.369689
-0.386211
-0.336261
-0.417832
-0.372025
-0.410873
-0.402881
-0.431392
-0.395116
-0.422113
-0.412553
-0.385723
-0.437633
-0.487342
-0.37558
-0.447043
-0.394005
-0.360959
-0.332085
-0.309267
-0.353258
-0.486407
-0.42009
-0.454873
-0.407662
-0.433524
-0.455652
-0.447222
-0.479207
-0.479438
-0.487901
-0.524555
-0.492952
-0.462728
-0.359659
-0.355506
-0.43111
-0.434949
-0.469297
-0.420013
-0.364948
-0.405946
-0.413864
-0.453621
-0.495578
-0.528171
-0.471709
-0.503863
-0.418154
-0.436935
-0.387052
-0.41677
-0.395796
-0.406743
-0.488607
-0.429295
-0.417344
-0.411609
-0.421035
-0.516354
-0.486249
-0.495372
-0.425016
-0.426432
-0.43668
-0.485457
-0.470303
-0.460858
-0.512717
-0.476281
-0.507723
-0.461644
-0.467513
-0.478612
-0.465986
-0.43547
-0.461978
-0.411807
-0.40779
-0.478776
-0.517184
-0.399361
-0.380262
-0.375297
-0.331516
-0.35554
-0.410538
-0.394691
-0.398678
-0.357471
-0.406986
-0.463863
-0.380024
-0.40359
-0.386784
-0.412569
-0.456631
-0.446776
-0.488036
-0.4373
-0.433675
-0.455742
-0.414296
-0.397343
-0.447763
-0.392447
-0.457474
-0.438106
-0.492966
-0.457739
-0.486996
-0.492256
-0.523354
-0.490507
-0.43743
-0.457515
-0.420548
-0.441602
-0.463152
-0.422863
-0.416004
-0.440402
-0.430943
-0.364108
-0.416314
-0.424674
-0.445918
-0.429173
-0.4558
-0.490578
-0.49059
-0.480278
-0.413114
-0.4067
-0.420631
-0.372823
-0.409831
-0.472829
-0.473622
-0.424821
-0.414687
-0.349834
-0.382365
-0.343514
-0.315516
-0.352546
-0.427946
-0.407445
-0.407607
-0.419663
-0.39253
-0.440328
-0.410807
-0.416711
-0.450645
-0.447606
-0.423443
-0.492261
-0.431193
-0.422407
-0.472085
-0.442991
-0.546579
-0.516487
-0.407442
-0.411968
-0.42092
-0.386468
-0.452285
-0.417092
-0.467917
-0.44863
-0.436748
-0.348937
-0.325715
-0.314049
-0.24714
-0.359066
-0.385697
-0.390862
-0.457985
-0.46217
-0.448333
-0.421774
-0.369921
-0.383147
-0.440123
-0.405989
-0.478571
-0.434767
-0.479671
-0.419381
-0.381387
-0.392059
-0.339139
-0.336419
-0.388135
-0.521394
-0.449773
-0.537767
-0.469688
-0.411748
-0.392727
-0.424853
-0.419326
-0.402493
-0.389873
-0.387504
-0.401134
-0.460891
-0.441666
-0.436242
-0.433392
-0.421804
-0.409505
-0.469052
-0.457909
-0.398293
-0.409084
-0.434877
-0.406367
-0.374392
-0.378182
-0.383198
-0.426312
-0.415246
-0.42965
-0.43037
-0.407498
-0.419986
-0.389773
-0.424292
-0.298564
-0.309836
-0.337847
-0.381502
-0.371021
-0.394507
-0.356718
-0.368793
-0.343406
-0.368594
-0.427672
-0.420651
-0.466445
-0.408918
-0.386554
-0.394472
-0.281438
-0.316702
-0.413301
-0.422925
-0.413596
-0.398396
-0.384945
-0.344674
-0.375082
-0.407727
-0.355562
-0.383483
-0.45591
-0.421718
-0.394791
-0.307304
-0.368807
-0.398179
-0.382667
-0.401666
-0.407552
-0.342584
-0.424417
-0.366072
-0.342298
-0.354225
-0.31232
-0.371659
-0.370708
-0.394068
-0.44891
-0.297148
-0.369552
-0.354631
-0.420373
-0.412995
-0.461646
-0.419671
-0.397102
-0.406774
-0.346342
-0.393245
-0.386524
-0.375337
-0.416384
-0.46161
-0.3718
-0.397856
-0.418377
-0.478091
-0.455398
-0.459184
-0.456606
-0.555801
-0.528286
-0.490191
-0.521808
-0.436764
-0.553826
-0.598149
-0.591996
-0.460362
-0.452875
-0.409706
-0.491492
-0.432314
-0.414333
-0.394408
-0.440218
-0.395444
-0.447452
-0.478317
-0.450543
-0.358672
-0.35631
-0.395837
-0.427126
-0.470199
-0.455259
-0.484553
-0.47869
-0.480312
-0.42067
-0.404545
-0.422396
-0.385304
-0.39429
-0.3741
-0.453645
-0.423881
-0.476471
-0.442109
-0.512414
-0.481524
-0.459717
-0.497851
-0.455696
-0.393507
-0.463611
-0.429811
-0.424064
-0.442692
-0.4278
-0.381222
-0.334244
-0.348382
-0.411845
-0.440401
-0.470003
-0.459785
-0.393574
-0.296465
-0.374288
-0.380509
-0.357647
-0.346645
-0.387239
-0.371392
-0.456624
-0.422775
-0.367884
-0.32919
-0.400527
-0.420221
-0.44747
-0.381117
-0.36725
-0.372585
-0.418371
-0.385691
-0.406583
-0.393322
-0.440219
-0.405889
-0.399923
-0.333602
-0.351174
-0.445709
-0.483508
-0.486142
-0.542956
-0.546834
-0.45569
-0.393562
-0.512558
-0.450799
-0.470595
-0.410384
-0.453576
-0.320557
-0.421647
-0.408224
-0.461508
-0.483006
-0.458855
-0.389385
-0.399128
-0.382885
-0.409722
-0.408736
-0.373253
-0.376999
-0.447347
-0.398399
-0.370038
-0.367402
-0.348783
-0.426107
-0.377352
-0.464081
-0.400537
-0.462151
-0.371216
-0.437274
-0.388465
-0.340268
-0.370382
-0.384513
-0.400836
-0.464836
-0.454566
-0.444261
-0.510787
-0.510172
-0.491446
-0.471466
-0.487104
-0.532127
-0.436794
-0.36694
-0.413376
-0.376182
-0.342443
-0.394893
-0.405448
-0.401291
-0.386308
-0.390968
-0.4694
-0.368877
-0.346552
-0.420828
-0.442044
-0.396338
-0.463025
-0.473846
-0.419145
-0.429906
-0.428816
-0.428478
-0.430663
-0.486698
-0.468962
-0.496852
-0.461454
-0.348801
-0.414106
-0.374593
-0.456648
-0.475705
-0.497372
-0.466244
-0.407955
-0.36265
-0.381257
-0.360285
-0.32132
-0.378972
-0.480738
-0.457729
-0.502769
-0.449693
-0.406797
-0.467508
-0.353349
-0.327422
-0.346481
-0.393984
-0.344045
-0.393203
-0.400799
-0.427533
-0.371667
-0.435938
-0.375266
-0.420651
-0.455025
-0.406619
-0.451978
-0.475399
-0.443988
-0.455427
-0.484816
-0.538221
-0.467311
-0.483392
-0.482052
-0.439976
-0.417837
-0.453907
-0.422042
-0.383703
-0.394515
-0.405872
-0.397766
-0.486555
-0.481587
-0.433616
-0.425995
-0.428521
-0.454138
-0.418636
-0.435165
-0.456433
-0.448283
-0.444603
-0.500451
-0.427581
-0.410278
-0.406185
-0.411709
-0.388804
-0.368618
-0.380344
-0.385231
-0.327592
-0.369602
-0.346104
-0.367425
-0.335781
-0.352549
-0.392213
-0.448242
-0.455247
-0.45902
-0.448012
-0.433091
-0.426873
-0.463413
-0.468459
-0.464811
-0.485056
-0.466357
-0.433948
-0.431328
-0.42777
-0.392544
-0.329683
-0.319396
-0.370403
-0.327794
-0.281951
-0.366046
-0.396309
-0.400192
-0.5167
-0.504992
-0.513323
-0.435552
-0.372952
-0.403282
-0.399285
-0.371766
-0.408123
-0.410817
-0.353258
-0.341302
-0.366365
-0.373902
-0.413779
-0.382373
-0.405212
-0.328258
-0.317276
-0.363838
-0.38717
-0.42642
-0.462641
-0.467154
-0.440949
-0.338775
-0.324521
-0.348958
-0.392042
-0.386351
-0.445927
-0.427986
-0.480279
-0.43189
-0.456871
-0.433604
-0.313465
-0.374751
-0.396983
-0.400635
-0.503139
-0.489758
-0.535031
-0.368856
-0.353612
-0.406381
-0.470243
-0.38895
-0.386454
-0.398498
-0.441342
-0.378811
-0.349159
-0.379056
-0.412905
-0.484907
-0.460866
-0.488391
-0.519911
-0.574432
-0.443951
-0.434488
-0.423738
-0.352575
-0.334383
-0.360575
-0.446988
-0.379695
-0.36995
-0.428251
-0.423413
-0.468201
-0.444941
-0.473239
-0.378537
-0.384853
-0.399742
-0.364777
-0.406429
-0.433315
-0.463972
-0.395159
-0.35996
-0.372304
-0.376672
-0.414458
-0.464167
-0.436312
-0.410773
-0.442893
-0.378478
-0.394835
-0.354054
-0.318826
-0.339648
-0.426877
-0.44045
-0.415206
-0.513764
-0.47954
-0.430519
-0.419718
-0.48607
-0.464182
-0.470831
-0.468897
-0.474661
-0.36504
-0.420948
-0.436947
-0.424813
-0.367052
-0.393427
-0.41798
-0.386412
-0.393571
-0.393953
-0.477993
-0.473204
-0.534074
-0.449889
-0.464816
-0.474819
-0.458767
-0.491281
-0.472916
-0.456413
-0.375352
-0.384941
-0.413032
-0.481944
-0.460403
-0.34998
-0.398053
-0.444252
-0.467951
-0.419622
-0.347997
-0.342807
-0.363033
-0.373828
-0.4202
-0.449979
-0.382551
-0.385002
-0.398071
-0.385753
-0.417571
-0.333192
-0.351708
-0.41642
-0.388252
-0.393512
-0.37023
-0.414317
-0.469442
-0.443236
-0.47045
-0.38078
-0.441864
-0.575355
-0.503218
-0.510357
-0.538958
-0.526706
-0.481858
-0.509424
-0.350094
-0.398406
-0.405844
-0.510809
-0.437125
-0.445036
-0.37606
-0.429764
-0.459881
-0.390028
-0.392791
-0.396405
-0.387272
-0.454412
-0.395856
-0.366642
-0.353553
-0.323588
-0.401049
-0.375765
-0.378336
-0.419318
-0.368744
-0.343159
-0.350325
-0.422174
-0.420571
-0.421405
-0.478608
-0.4595
-0.532444
-0.454666
-0.387877
-0.386064
-0.421224
-0.442615
-0.42584
-0.408106
-0.435053
-0.387268
-0.443094
-0.37961
-0.396488
-0.412512
-0.413826
-0.3507
-0.331943
-0.396692
-0.425128
-0.508732
-0.448317
-0.408826
-0.421705
-0.430978
-0.383029
-0.438785
-0.321783
-0.392117
-0.371275
-0.371611
-0.397906
-0.444261
-0.470509
-0.355713
-0.386439
-0.395175
-0.350991
-0.333195
-0.356077
-0.37191
-0.430502
-0.409867
-0.4147
-0.409542
-0.453
-0.455659
-0.41974
-0.444936
-0.464687
-0.453442
-0.472338
-0.428391
-0.418349
-0.444416
-0.407401
-0.408213
-0.342645
-0.407748
-0.446093
-0.392164
-0.384476
-0.431799
-0.499401
-0.581811
-0.615693
-0.584362
-0.524487
-0.494786
-0.392003
-0.402269
-0.470487
-0.42828
-0.405939
-0.488458
-0.467684
-0.479086
-0.441386
-0.341628
-0.346329
-0.404725
-0.349616
-0.439256
-0.314211
-0.365829
-0.450363
-0.40355
-0.401286
-0.463902
-0.527036
-0.398772
-0.435198
-0.317476
-0.365647
-0.405252
-0.431937
-0.406267
-0.431288
-0.424654
-0.387741
-0.424649
-0.412003
-0.42549
-0.380706
-0.346758
-0.368173
-0.341831
-0.341727
-0.396119
-0.369763
-0.416109
-0.416791
-0.447135
-0.400907
-0.289659
-0.340279
-0.354461
-0.35742
-0.397064
-0.419683
-0.435632
-0.415223
-0.400876
-0.336104
-0.285282
-0.355685
-0.397558
-0.385683
-0.418846
-0.466753
-0.435121
-0.463752
-0.47819
-0.47297
-0.470073
-0.489096
-0.46077
-0.49175
-0.471688
-0.413818
-0.462768
-0.424232
-0.434257
-0.422184
-0.420523
-0.407399
-0.428945
-0.389223
-0.385146
-0.452282
-0.417775
-0.403699
-0.443249
-0.382114
-0.323791
-0.378787
-0.38555
-0.346619
-0.382096
-0.399232
-0.417953
-0.457392
-0.358931
-0.311681
-0.346696
-0.450923
-0.486632
-0.502296
-0.442131
-0.353625
-0.36135
-0.372076
-0.346877
-0.344939
-0.356826
-0.387312
-0.367661
-0.343578
-0.379163
-0.33749
-0.349427
-0.325335
-0.376956
-0.344584
-0.305884
-0.325022
-0.372862
-0.350734
-0.346593
-0.333197
-0.453164
-0.437525
-0.386664
-0.339472
-0.399594
-0.429701
-0.43952
-0.404344
-0.406682
-0.438948
-0.389285
-0.360356
-0.393584
-0.341981
-0.362822
-0.359458
-0.381371
-0.41671
-0.473221
-0.47516
-0.446871
-0.428087
-0.512295
-0.495838
-0.505926
-0.508451
-0.493403
-0.497138
-0.4841
-0.510828
-0.380271
-0.336808
-0.327762
-0.318194
-0.351733
-0.275112
-0.390493
-0.411483
-0.479482
-0.425284
-0.394687
-0.457814
-0.399297
-0.372288
-0.373948
-0.340221
-0.432569
-0.40743
-0.442927
-0.402811
-0.372769
-0.395263
-0.406803
-0.444482
-0.36583
-0.444727
-0.4335
-0.415721
-0.429436
-0.433206
-0.475454
-0.454016
-0.428852
-0.416439
-0.38203
-0.489493
-0.501504
-0.489873
-0.486189
-0.389634
-0.348006
-0.398529
-0.418884
-0.482453
-0.414127
-0.426723
-0.419375
-0.518391
-0.488059
-0.396356
-0.408761
-0.471633
-0.400441
-0.429686
-0.415284
-0.431236
-0.451321
-0.406286
-0.370137
-0.374203
-0.462394
-0.455518
-0.448046
-0.390803
-0.428148
-0.437214
-0.485501
-0.476148
-0.470512
-0.449349
-0.450106
-0.418026
-0.479754
-0.408272
-0.408188
-0.386991
-0.405269
-0.43238
-0.467593
-0.476603
-0.336551
-0.390352
-0.422765
-0.436376
-0.508797
-0.494906
-0.501735
-0.583176
-0.495799
-0.475695
-0.476688
-0.462979
-0.436905
-0.464174
-0.439884
-0.338245
-0.309911
-0.386087
-0.437314
-0.50973
-0.568223
-0.513597
-0.436575
-0.485222
-0.475741
-0.496447
-0.490552
-0.500723
-0.547237
-0.497249
-0.51294
-0.529943
-0.53963
-0.417467
-0.412975
-0.440435
-0.48166
-0.385681
-0.476386
-0.407725
-0.394268
-0.474605
-0.411379
-0.334771
-0.392923
-0.375708
-0.363852
-0.421159
-0.505842
-0.449419
-0.416973
-0.362266
-0.353782
-0.392365
-0.350601
-0.448529
-0.493903
-0.487612
-0.457642
-0.403015
-0.404977
-0.425994
-0.426717
-0.489545
-0.484715
-0.423327
-0.388519
-0.390913
-0.370629
-0.433548
-0.395369
-0.386181
-0.411658
-0.447781
-0.48277
-0.509965
-0.476124
-0.501779
-0.414856
-0.445345
-0.451472
-0.500596
-0.405499
-0.374072
-0.363352
-0.408647
-0.392625
-0.419162
-0.491597
-0.46132
-0.367116
-0.374987
-0.337128
-0.303078
-0.330686
-0.365303
-0.404631
-0.505335
-0.425217
-0.403492
-0.412503
-0.418512
-0.446368
-0.450232
-0.454505
-0.431976
-0.437532
-0.338784
-0.357737
-0.368948
-0.379689
-0.34389
-0.337711
-0.282178
-0.364027
-0.408615
-0.332368
-0.359902
-0.467492
-0.360628
-0.400567
-0.452047
-0.39761
-0.345919
-0.395753
-0.364164
-0.429254
-0.430937
-0.404567
-0.401865
-0.490597
-0.427029
-0.453769
-0.435555
-0.381319
-0.417887
-0.36696
-0.435874
-0.381908
-0.42315
-0.390012
-0.36969
-0.39514
-0.441142
-0.409495
-0.355823
-0.323103
-0.46851
-0.459544
-0.427404
-0.3637
-0.469417
-0.366398
-0.382388
-0.34503
-0.379232
-0.404108
-0.405534
-0.426563
-0.42464
-0.424169
-0.446196
-0.457891
-0.415572
-0.440003
-0.454247
-0.412754
-0.422983
-0.357709
-0.365685
-0.378756
-0.400701
-0.428722
-0.479286
-0.463036
-0.460941
-0.447408
-0.38961
-0.458368
-0.404044
-0.425314
-0.455582
-0.497181
-0.427158
-0.380086
-0.397325
-0.318098
-0.456479
-0.482987
-0.471612
-0.391076
-0.359913
-0.377418
-0.40516
-0.371841
-0.376957
-0.382515
-0.40199
-0.407121
-0.310298
-0.355749
-0.369562
-0.341087
-0.387383
-0.399698
-0.439668
-0.392907
-0.452211
-0.314786
-0.31459
-0.2613
-0.338415
-0.3548
-0.346759
-0.351707
-0.448311
-0.456633
-0.407136
-0.409913
-0.412985
-0.411082
-0.382364
-0.406309
-0.397044
-0.411461
-0.327785
-0.383166
-0.419181
-0.448469
-0.44719
-0.462391
-0.429169
-0.341452
-0.374464
-0.422346
-0.436024
-0.421331
-0.429205
-0.426736
-0.421446
-0.442298
-0.411498
-0.448371
-0.473237
-0.477354
-0.461018
-0.418887
-0.48992
-0.523897
-0.449155
-0.399407
-0.381045
-0.365394
-0.372866
-0.31475
-0.341973
-0.385299
-0.448163
-0.360492
-0.423353
-0.505943
-0.525765
-0.528194
-0.474529
-0.422774
-0.488362
-0.434012
-0.462689
-0.447901
-0.386385
-0.404351
-0.364549
-0.365506
-0.422711
-0.460674
-0.422493
-0.483166
-0.441274
-0.411993
-0.420298
-0.432468
-0.421324
-0.35931
-0.344304
-0.373218
-0.364961
-0.429334
-0.49749
-0.42708
-0.375669
-0.372053
-0.419341
-0.405317
-0.461976
-0.353019
-0.355418
-0.379957
-0.406469
-0.353615
-0.413649
-0.375839
-0.345
-0.40175
-0.393307
-0.400501
-0.379185
-0.404894
-0.414833
-0.472052
-0.468757
-0.432478
-0.443068
-0.509792
-0.469528
-0.405655
-0.38854
-0.403318
-0.382163
-0.378641
-0.339541
-0.350898
-0.360158
-0.427863
-0.396181
-0.37813
-0.401483
-0.412028
-0.415363
-0.367483
-0.350422
-0.416669
-0.432974
-0.4038
-0.419918
-0.489422
-0.406532
-0.355171
-0.38694
-0.423214
-0.37551
-0.328219
-0.360269
-0.32376
-0.36341
-0.374965
-0.361377
-0.362694
-0.339272
-0.418406
-0.466356
-0.482878
-0.380173
-0.392706
-0.386023
-0.446439
-0.44857
-0.44054
-0.386901
-0.41426
-0.356079
-0.31727
-0.273447
-0.336508
-0.354738
-0.424658
-0.342754
-0.345244
-0.388605
-0.334369
-0.436562
-0.337988
-0.338633
-0.399316
-0.415393
-0.416029
-0.390439
-0.349061
-0.316956
-0.336357
-0.373546
-0.367328
-0.423165
-0.349317
-0.359438
-0.381665
-0.486288
-0.475463
-0.460661
-0.362606
-0.386964
-0.404903
-0.463167
-0.417126
-0.517941
-0.611521
-0.509187
-0.529639
-0.460891
-0.399783
-0.365425
-0.345451
-0.411057
-0.454753
-0.396259
-0.373983
-0.389672
-0.372167
-0.469532
-0.431145
-0.379048
-0.378287
-0.344848
-0.489404
-0.42397
-0.409884
-0.46412
-0.451189
-0.470342
-0.446575
-0.394122
-0.442555
-0.459153
-0.396603
-0.302375
-0.332019
-0.342419
-0.407638
-0.373451
-0.389808
-0.402179
-0.409096
-0.404198
-0.343622
-0.313809
-0.373645
-0.395096
-0.492354
-0.553954
-0.514669
-0.477126
-0.407022
-0.375026
-0.309399
-0.302717
-0.33702
-0.372225
-0.382316
-0.452035
-0.422728
-0.389868
-0.315636
-0.270766
-0.400899
-0.378069
-0.444531
-0.383236
-0.39737
-0.408174
-0.472715
-0.3925
-0.425166
-0.389045
-0.399253
-0.360514
-0.40079
-0.403319
-0.450623
-0.475991
-0.486895
-0.456906
-0.404161
-0.477274
-0.442148
-0.468845
-0.500802
-0.502956
-0.469386
-0.500505
-0.489306
-0.485234
-0.496227
-0.511382
-0.446311
-0.402505
-0.423887
-0.402836
-0.437677
-0.376978
-0.393125
-0.381198
-0.384327
-0.361667
-0.380965
-0.274659
-0.347973
-0.416096
-0.353701
-0.460496
-0.462812
-0.428864
-0.421092
-0.417208
-0.447226
-0.41203
-0.382107
-0.409955
-0.413159
-0.464322
-0.464388
-0.469993
-0.479443
-0.467798
-0.462686
-0.384159
-0.452193
-0.411189
-0.411434
-0.452
-0.393599
-0.351933
-0.41287
-0.430467
-0.433712
-0.471145
-0.433684
-0.445241
-0.344844
-0.378132
-0.440907
-0.36884
-0.359804
-0.446891
-0.467177
-0.388775
-0.388988
-0.396969
-0.418839
-0.424055
-0.393384
-0.375785
-0.354733
-0.364899
-0.442075
-0.403777
-0.373449
-0.436081
-0.273544
-0.327444
-0.418381
-0.434981
-0.511944
-0.479678
-0.518232
-0.437535
-0.483547
-0.42697
-0.452949
-0.423502
-0.430307
-0.46564
-0.567786
-0.497423
-0.517159
-0.487265
-0.430484
-0.396141
-0.394759
-0.375142
-0.390198
-0.356815
-0.336918
-0.403234
-0.338264
-0.42013
-0.400892
-0.347548
-0.400201
-0.378262
-0.389536
-0.345083
-0.413627
-0.447046
-0.425361
-0.469127
-0.442333
-0.430466
-0.473184
-0.46416
-0.47482
-0.437909
-0.344977
-0.436597
-0.454619
-0.404122
-0.320563
-0.308418
-0.321968
-0.378058
-0.333815
-0.334473
-0.36632
-0.385638
-0.49876
-0.516675
-0.501933
-0.470012
-0.458832
-0.460066
-0.413094
-0.410425
-0.427475
-0.410465
-0.361788
-0.427235
-0.364729
-0.36737
-0.29172
-0.278076
-0.355407
-0.382277
-0.365365
-0.362175
-0.421665
-0.408319
-0.407428
-0.482428
-0.473372
-0.533832
-0.531517
-0.500527
-0.511297
-0.452324
-0.497665
-0.39937
-0.39092
-0.339992
-0.408944
-0.402969
-0.416858
-0.374239
-0.352468
-0.333559
-0.451326
-0.391703
-0.413264
-0.379263
-0.357611
-0.377569
-0.44669
-0.417782
-0.421907
-0.422735
-0.407876
-0.315389
-0.355747
-0.376001
-0.384306
-0.391502
-0.453009
-0.43217
-0.366152
-0.394022
-0.344884
-0.37427
-0.400081
-0.483736
-0.470435
-0.45216
-0.385766
-0.445598
-0.391057
-0.382656
-0.378434
-0.350968
-0.351422
-0.334011
-0.345116
-0.392335
-0.378555
-0.412008
-0.453633
-0.458276
-0.432298
-0.413569
-0.444269
-0.434116
-0.466925
-0.50377
-0.490875
-0.456751
-0.474779
-0.397797
-0.386755
-0.421598
-0.373826
-0.453909
-0.37724
-0.387217
-0.428366
-0.38194
-0.335337
-0.344245
-0.381921
-0.411665
-0.407412
-0.498318
-0.466268
-0.448518
-0.475513
-0.507024
-0.490377
-0.455589
-0.443853
-0.424684
-0.422007
-0.455053
-0.428152
-0.34685
-0.366784
-0.341767
-0.374473
-0.402262
-0.452297
-0.380531
-0.360295
-0.392831
-0.413911
-0.427578
-0.412362
-0.415725
-0.439328
-0.379466
-0.433496
-0.435072
-0.459451
-0.419843
-0.363965
-0.333812
-0.341002
-0.35017
-0.388826
-0.367977
-0.470735
-0.439961
-0.517726
-0.457971
-0.429005
-0.41602
-0.444273
-0.451212
-0.451329
-0.532679
-0.512101
-0.507482
-0.475461
-0.433072
-0.444542
-0.426681
-0.41594
-0.341545
-0.426107
-0.494389
-0.510608
-0.452271
-0.45799
-0.442019
-0.454025
-0.454468
-0.432678
-0.442129
-0.412865
-0.42595
-0.44659
-0.42598
-0.415819
-0.406364
-0.35732
-0.373545
-0.431187
-0.405598
-0.373722
-0.494677
-0.491841
-0.557221
-0.542786
-0.626216
-0.526271
-0.514819
-0.521964
-0.514238
-0.456368
-0.418347
-0.435823
-0.483319
-0.487604
-0.382552
-0.462686
-0.497943
-0.491658
-0.516568
-0.580148
-0.480244
-0.517835
-0.513164
-0.513933
-0.538375
-0.448343
-0.427651
-0.36003
-0.407357
-0.453528
-0.474065
-0.421463
-0.559151
-0.499043
-0.428253
-0.36974
-0.376769
-0.355574
-0.385717
-0.364276
-0.409056
-0.392751
-0.46126
-0.46097
-0.392506
-0.379701
-0.454029
-0.412707
-0.411653
-0.393032
-0.37824
-0.407327
-0.421247
-0.416453
-0.374271
-0.448882
-0.393342
-0.439905
-0.347972
-0.367457
-0.352487
-0.372854
-0.383293
-0.398503
-0.423564
-0.465932
-0.453251
-0.428244
-0.412837
-0.405133
-0.447361
-0.487736
-0.364579
-0.346207
-0.33182
-0.389566
-0.398064
-0.443319
-0.47824
-0.401299
-0.358953
-0.342792
-0.355432
-0.375372
-0.367382
-0.417578
-0.430113
-0.400607
-0.418912
-0.448108
-0.411014
-0.399124
-0.432103
-0.342634
-0.362612
-0.335363
-0.365972
-0.403869
-0.404998
-0.483201
-0.344347
-0.301677
-0.366833
-0.42037
-0.418427
-0.461104
-0.440114
-0.355546
-0.433337
-0.49712
-0.451668
-0.412965
-0.42495
-0.420775
-0.350884
-0.369666
-0.415438
-0.421687
-0.374583
-0.362803
-0.366524
-0.400081
-0.379183
-0.381524
-0.395968
-0.439415
-0.496101
-0.3845
-0.331688
-0.330583
-0.391388
-0.375798
-0.406289
-0.499068
-0.460489
-0.462237
-0.455225
-0.354827
-0.404021
-0.391113
-0.41636
-0.416717
-0.433032
-0.501112
-0.438542
-0.427846
-0.428858
-0.397902
-0.390708
-0.411814
-0.398397
-0.381463
-0.470922
-0.41093
-0.380671
-0.373913
-0.393365
-0.425911
-0.392304
-0.424158
-0.426723
-0.439426
-0.443257
-0.390119
-0.410108
-0.415024
-0.419025
-0.418247
-0.371947
-0.417694
-0.370588
-0.328636
-0.352372
-0.410953
-0.519375
-0.455823
-0.35435
-0.40705
-0.413959
-0.439958
-0.444309
-0.437619
-0.436209
-0.400433
-0.383355
-0.411484
-0.265744
-0.416284
-0.435532
-0.527459
-0.444372
-0.442146
-0.42976
-0.385794
-0.409939
-0.48935
-0.476626
-0.34869
-0.412837
-0.449077
-0.445218
-0.381817
-0.413151
-0.39652
-0.389068
-0.388275
-0.391892
-0.384535
-0.337291
-0.349259
-0.356857
-0.268104
-0.291743
-0.30808
-0.383541
-0.407684
-0.377446
-0.387529
-0.38478
-0.374028
-0.384407
-0.407523
-0.448507
-0.400045
-0.407036
-0.464467
-0.436358
-0.446884
-0.472864
-0.475764
-0.531486
-0.494042
-0.502772
-0.500323
-0.48626
-0.515445
-0.487201
-0.490994
-0.423119
-0.475142
-0.401838
-0.429251
-0.402786
-0.395518
-0.412914
-0.393689
-0.392349
-0.350664
-0.400614
-0.366474
-0.338723
-0.446757
-0.501125
-0.431033
-0.462452
-0.462021
-0.363819
-0.331399
-0.294774
-0.314856
-0.382101
-0.325968
-0.373696
-0.401925
-0.419718
-0.452131
-0.343757
-0.4002
-0.338284
-0.369931
-0.321157
-0.322751
-0.409709
-0.369098
-0.402426
-0.460005
-0.427923
-0.394861
-0.337458
-0.322527
-0.397242
-0.467204
-0.424045
-0.384861
-0.503555
-0.511273
-0.545351
-0.4751
-0.520154
-0.531045
-0.485183
-0.503768
-0.530953
-0.52927
-0.532842
-0.446713
-0.421218
-0.395272
-0.386427
-0.422538
-0.404625
-0.423928
-0.385533
-0.404981
-0.367066
-0.450457
-0.394068
-0.467867
-0.433805
-0.370626
-0.399174
-0.392179
-0.303776
-0.348856
-0.342917
-0.343938
-0.317354
-0.264711
-0.391406
-0.450441
-0.391772
-0.376263
-0.44494
-0.405991
-0.448204
-0.528784
-0.48003
-0.50184
-0.434503
-0.453134
-0.436127
-0.421641
-0.486376
-0.44602
-0.398781
-0.369307
-0.389188
-0.443751
-0.41256
-0.319167
-0.375356
-0.456352
-0.444594
-0.480931
-0.472269
-0.482367
-0.467841
-0.411321
-0.373261
-0.410942
-0.409294
-0.408408
-0.446223
-0.473642
-0.357218
-0.363481
-0.414941
-0.408429
-0.458183
-0.431909
-0.392705
-0.376272
-0.410898
-0.385282
-0.51476
-0.44391
-0.425675
-0.366477
-0.388626
-0.322153
-0.316861
-0.383387
-0.484584
-0.436046
-0.35804
-0.344654
-0.401109
-0.443726
-0.503798
-0.36302
-0.380075
-0.387718
-0.406956
-0.382718
-0.373915
-0.377092
-0.307513
-0.356561
-0.371455
-0.384542
-0.358237
-0.368344
-0.397547
-0.381474
-0.341073
-0.374906
-0.417791
-0.412307
-0.348156
-0.406262
-0.414203
-0.38013
-0.341245
-0.368757
-0.437581
-0.464622
-0.461729
-0.463131
-0.426365
-0.415355
-0.414541
-0.388746
-0.370563
-0.41604
-0.397163
-0.365863
-0.400462
-0.393346
-0.404016
-0.399409
-0.366425
-0.412822
-0.458581
-0.415223
-0.404207
-0.445437
-0.440915
-0.386736
-0.427393
-0.443502
-0.401564
-0.412014
-0.342086
-0.394463
-0.350291
-0.382169
-0.334834
-0.38018
-0.400494
-0.447869
-0.469954
-0.439426
-0.507197
-0.471221
-0.500576
-0.474197
-0.38112
-0.375914
-0.404222
-0.440375
-0.499898
-0.432096
-0.361902
-0.439786
-0.421839
-0.392659
-0.396568
-0.367723
-0.375077
-0.445674
-0.402735
-0.380315
-0.422328
-0.447399
-0.45611
-0.412737
-0.383056
-0.397774
-0.371186
-0.409763
-0.362174
-0.426083
-0.4193
-0.437569
-0.34981
-0.415193
-0.403389
-0.386369
-0.451875
-0.472292
-0.372717
-0.453705
-0.475308
-0.459211
-0.437005
-0.405615
-0.377614
-0.393688
-0.44762
-0.46815
-0.435264
-0.465455
-0.473991
-0.407756
-0.366181
-0.410154
-0.442249
-0.454483
-0.386087
-0.438814
-0.396213
-0.38183
-0.359743
-0.435585
-0.498826
-0.529504
-0.542801
-0.35626
-0.385921
-0.380537
-0.394933
-0.400699
-0.390644
-0.384211
-0.395316
-0.452551
-0.382196
-0.382731
-0.334841
-0.344896
-0.4169
-0.449328
-0.423664
-0.431493
-0.461723
-0.4135
-0.398167
-0.406055
-0.429363
-0.417318
-0.431291
-0.483811
-0.502714
-0.416557
-0.418027
-0.385021
-0.365159
-0.354112
-0.366761
-0.390781
-0.390881
-0.343343
-0.363433
-0.342316
-0.368364
-0.368893
-0.405108
-0.435066
-0.37937
-0.334369
-0.385563
-0.370159
-0.393687
-0.384848
-0.397816
-0.427763
-0.374173
-0.397931
-0.384172
-0.346661
-0.320006
-0.351835
-0.465821
-0.49142
-0.434334
-0.433976
-0.444965
-0.436368
-0.49513
-0.427899
-0.348625
-0.362467
-0.41856
-0.45874
-0.507838
-0.458162
-0.415518
-0.423227
-0.441009
-0.43142
-0.490413
-0.428568
-0.439005
-0.468803
-0.459844
-0.388161
-0.349799
-0.394804
-0.361172
-0.409198
-0.366453
-0.364444
-0.361226
-0.377877
-0.397299
-0.390231
-0.285637
-0.29251
-0.383879
-0.345897
-0.427259
-0.392085
-0.430892
-0.370297
-0.397199
-0.427898
-0.40552
-0.378249
-0.426535
-0.394394
-0.34713
-0.408776
-0.346515
-0.375303
-0.412116
-0.511417
-0.5807
-0.482286
-0.49859
-0.525757
-0.453407
-0.342869
-0.469072
-0.549698
-0.525168
-0.47882
-0.450383
-0.413955
-0.330734
-0.413345
-0.420664
-0.361284
-0.412141
-0.400331
-0.357765
-0.393889
-0.395997
-0.387724
-0.409201
-0.431847
-0.501514
-0.556206
-0.466797
-0.433607
-0.381056
-0.371461
-0.381672
-0.354554
-0.39674
-0.474575
-0.446446
-0.480775
-0.49452
-0.426309
-0.376977
-0.439298
-0.469641
-0.455317
-0.414295
-0.42508
-0.462176
-0.4652
-0.481893
-0.460031
-0.372728
-0.403121
-0.425402
-0.346686
-0.343039
-0.370602
-0.391248
-0.343889
-0.401351
-0.363989
-0.386893
-0.320946
-0.333911
-0.347001
-0.388848
-0.413432
-0.394096
-0.372502
-0.458884
-0.452557
-0.405246
-0.361369
-0.435519
-0.486766
-0.421064
-0.470472
-0.42529
-0.368372
-0.405378
-0.403666
-0.448714
-0.447179
-0.343346
-0.385204
-0.43925
-0.430163
-0.429098
-0.377807
-0.431463
-0.364988
-0.374933
-0.439078
-0.395825
-0.463829
-0.431031
-0.445729
-0.437572
-0.529731
-0.549354
-0.48745
-0.512876
-0.369158
-0.395169
-0.43385
-0.358435
-0.36793
-0.42924
-0.427991
-0.431514
-0.386341
-0.368471
-0.44737
-0.387946
-0.454828
-0.493309
-0.499502
-0.404696
-0.455123
-0.455804
-0.450785
-0.35603
-0.393369
-0.331299
-0.411357
-0.453753
-0.360446
-0.494679
-0.465822
-0.367591
-0.412004
-0.397032
-0.350281
-0.363741
-0.325049
-0.439876
-0.40839
-0.336066
-0.373721
-0.377457
-0.383504
-0.343869
-0.374682
-0.374189
-0.36421
-0.382735
-0.417729
-0.363094
-0.371864
-0.36595
-0.435142
-0.426566
-0.372721
-0.378713
-0.440301
-0.370763
-0.374247
-0.394408
-0.351063
-0.317845
-0.365213
-0.361701
-0.369613
-0.439965
-0.483034
-0.459202
-0.475551
-0.498982
-0.405912
-0.394416
-0.357968
-0.450565
-0.468162
-0.475758
-0.395655
-0.429958
-0.344351
-0.344174
-0.342631
-0.340405
-0.354448
-0.388585
-0.477944
-0.423653
-0.373311
-0.385394
-0.356509
-0.353754
-0.435315
-0.491663
-0.504229
-0.566333
-0.460832
-0.584609
-0.623772
-0.573886
-0.515002
-0.532109
-0.506034
-0.440219
-0.480471
-0.511475
-0.447868
-0.385882
-0.352133
-0.341011
-0.369126
-0.32206
-0.345206
-0.313917
-0.420746
-0.399981
-0.417897
-0.399455
-0.439103
-0.448903
-0.419474
-0.408158
-0.351278
-0.359459
-0.474766
-0.467283
-0.470608
-0.467694
-0.412567
-0.333996
-0.367778
-0.434703
-0.455646
-0.381138
-0.451162
-0.367054
-0.379543
-0.363738
-0.426296
-0.498417
-0.446845
-0.38739
-0.458811
-0.462534
-0.43915
-0.421052
-0.475744
-0.417337
-0.478271
-0.486656
-0.422715
-0.372511
-0.509025
-0.409827
-0.438356
-0.511884
-0.504825
-0.393766
-0.464265
-0.409603
-0.439504
-0.45869
-0.469929
-0.467888
-0.477034
-0.442372
-0.448803
-0.445961
-0.430701
-0.405262
-0.458151
-0.417056
-0.38549
-0.354688
-0.338844
-0.366119
-0.371628
-0.33689
-0.342858
-0.39306
-0.290886
-0.299417
-0.347677
-0.391319
-0.332492
-0.359103
-0.319181
-0.336821
-0.381259
-0.402395
-0.455187
-0.486697
-0.375016
-0.324289
-0.33767
-0.389804
-0.431726
-0.440019
-0.397108
-0.447337
-0.370915
-0.370359
-0.310622
-0.424085
-0.428163
-0.419052
-0.439553
-0.50868
-0.499447
-0.450403
-0.424646
-0.431481
-0.349119
-0.414922
-0.332029
-0.400197
-0.42237
-0.426718
-0.374306
-0.393822
-0.432798
-0.413338
-0.39493
-0.356513
-0.346925
-0.331856
-0.429269
-0.380806
-0.378504
-0.412319
-0.450133
-0.414658
-0.404289
-0.459264
-0.452224
-0.503109
-0.412604
-0.418338
-0.451341
-0.391753
-0.420486
-0.387542
-0.427326
-0.485028
-0.482099
-0.458983
-0.447305
-0.37258
-0.435709
-0.49631
-0.546725
-0.470599
-0.469424
-0.426764
-0.454266
-0.462507
-0.535479
-0.4505
-0.486492
-0.443227
-0.404102
-0.439586
-0.397196
-0.472687
-0.351175
-0.392648
-0.384278
-0.434498
-0.466927
-0.413938
-0.413183
-0.419934
-0.424692
-0.486408
-0.45161
-0.405583
-0.424808
-0.419081
-0.335868
-0.367712
-0.459768
-0.418168
-0.387244
-0.346169
-0.387702
-0.356971
-0.357699
-0.381487
-0.394451
-0.476549
-0.506511
-0.489366
-0.443672
-0.403824
-0.439408
-0.391742
-0.365982
-0.459675
-0.40701
-0.369618
-0.2795
-0.342834
-0.412486
-0.435772
-0.372418
-0.391679
-0.37018
-0.314134
-0.335009
-0.331745
-0.350649
-0.363263
-0.39104
-0.416579
-0.412436
-0.414342
-0.486199
-0.430186
-0.517711
-0.483191
-0.486399
-0.482977
-0.518064
-0.554468
-0.459027
-0.413259
-0.494408
-0.444881
-0.462569
-0.410971
-0.422511
-0.384076
-0.362644
-0.362417
-0.323183
-0.338427
-0.390691
-0.434805
-0.381503
-0.417271
-0.371653
-0.303059
-0.376493
-0.434203
-0.452205
-0.467439
-0.445339
-0.401266
-0.382161
-0.361938
-0.451351
-0.445808
-0.355378
-0.433193
-0.401369
-0.392329
-0.360254
-0.366008
-0.378593
-0.441135
-0.401718
-0.321092
-0.377732
-0.377098
-0.388025
-0.418299
-0.353592
-0.304741
-0.393922
-0.435301
-0.439458
-0.411425
-0.374275
-0.407888
-0.386902
-0.378494
-0.34224
-0.355126
-0.377117
-0.384676
-0.363849
-0.398604
-0.467156
-0.442454
-0.362383
-0.375169
-0.346781
-0.418609
-0.387518
-0.377096
-0.341006
-0.377062
-0.431629
-0.457383
-0.390361
-0.432033
-0.350616
-0.35227
-0.388675
-0.375445
-0.431428
-0.462831
-0.430118
-0.448846
-0.517636
-0.569203
-0.48153
-0.427136
-0.43247
-0.418873
-0.428058
-0.40291
-0.422715
-0.357525
-0.329033
-0.393046
-0.430997
-0.478213
-0.440527
