0.0323165 0 0
0.0969496 0 0
0.161583 0 0
0.226216 0 0
0.290849 0 0
0.355482 0 0
0.420115 0 0
0.484748 0 0
0.549381 0 0
0.614014 0 0
0.678647 0 0
0.74328 0 0
0.807913 0 0
0.872546 0.00104769 9.21896e-05
0.937179 0.147143 0.00101076
1.00181 1.06319 0.00291519
1.06645 2.03703 0.00509588
1.13108 2.27519 0.00587539
1.19571 2.08272 0.00466885
1.26034 1.83236 0.0042046
1.32498 1.61811 0.00285814
1.38961 1.45504 0.00326527
1.45424 1.33529 0.00262318
1.51888 1.25534 0.00244867
1.58351 1.19084 0.00266789
1.64814 1.14399 0.00187233
1.71278 1.11016 0.00219273
1.77741 1.08958 0.0019378
1.84204 1.07496 0.00175456
1.90667 1.06276 0.00159614
1.97131 1.06342 0.00174284
2.03594 1.05713 0.00168392
2.10057 1.05783 0.00164352
2.16521 1.05219 0.00146614
2.22984 1.05033 0.00138852
2.29447 1.04367 0.00140387
2.35911 1.03791 0.00123148
2.42374 1.03356 0.00133585
2.48837 1.02679 0.00119927
2.55301 1.02249 0.00105911
2.61764 1.0164 0.00125227
2.68227 1.01504 0.00120925
2.7469 1.00909 0.00117001
2.81154 1.00857 0.00109182
2.87617 1.00487 0.00103739
2.9408 1.00533 0.00103929
3.00544 1.00205 0.000899456
3.07007 0.999611 0.000993475
3.1347 0.99946 0.000882568
3.19934 0.997285 0.000828402
3.26397 0.99672 0.000758875
3.3286 0.997009 0.000884982
3.39323 0.993689 0.000938666
3.45787 0.994642 0.000888327
3.5225 0.992864 0.000914891
3.58713 0.992405 0.000841581
3.65177 0.99214 0.000812533
3.7164 0.990464 0.000722777
3.78103 0.991078 0.000776557
3.84567 0.991238 0.000748751
3.9103 0.988684 0.000679628
3.97493 0.98959 0.000669009
4.03957 0.988453 0.000784281
4.1042 0.990158 0.000713569
4.16883 0.988426 0.000734953
4.23346 0.988701 0.000616642
4.2981 0.989411 0.000709952
4.36273 0.987767 0.000636825
4.42736 0.988124 0.000573156
4.492 0.987176 0.000569434
4.55663 0.987555 0.000676279
4.62126 0.987012 0.000574794
4.6859 0.987915 0.000636694
4.75053 0.98748 0.000615334
4.81516 0.987152 0.000528041
4.87979 0.986506 0.000637341
4.94443 0.985624 0.000637862
5.00906 0.986228 0.000538949
5.07369 0.986596 0.000525427
5.13833 0.985901 0.000538168
5.20296 0.98681 0.00057759
5.26759 0.98619 0.000586322
5.33223 0.986262 0.000606307
5.39686 0.985379 0.000563818
5.46149 0.986471 0.000592573
5.52612 0.986208 0.000493617
5.59076 0.98572 0.000464135
5.65539 0.986153 0.000526288
5.72002 0.985859 0.00053324
5.78466 0.985745 0.000561277
5.84929 0.985394 0.000575532
5.91392 0.986366 0.000537061
5.97856 0.985157 0.000512304
6.04319 0.985947 0.000485367
6.10782 0.985718 0.000444183
6.17246 0.98639 0.000415848
6.23709 0.984928 0.000458794
6.30172 0.986004 0.000522256
6.36635 0.985827 0.000417245
6.43099 0.986701 0.000461896
