1 -0.410385 -0.410385 0
2 -0.415307 -0.412846 0.00246137
3 -0.413381 -0.413024 0.00143224
4 -0.41402 -0.413273 0.00104286
5 -0.414416 -0.413502 0.000839482
6 -0.408165 -0.412612 0.00112295
7 -0.411448 -0.412446 0.000963536
8 -0.418017 -0.413142 0.00108689
9 -0.413169 -0.413145 0.000958553
10 -0.421222 -0.413953 0.0011779
11 -0.414822 -0.414032 0.00106837
12 -0.4181 -0.414371 0.00103253
13 -0.40365 -0.413546 0.00125784
14 -0.415565 -0.41369 0.00117342
15 -0.414704 -0.413758 0.00109448
16 -0.415575 -0.413872 0.00103007
17 -0.412575 -0.413795 0.000970584
18 -0.413058 -0.413754 0.000915992
19 -0.414248 -0.41378 0.000866831
20 -0.417323 -0.413958 0.000841207
21 -0.416799 -0.414093 0.000811512
22 -0.413704 -0.414075 0.000773948
23 -0.41187 -0.413979 0.000745724
24 -0.407583 -0.413713 0.000762092
25 -0.413069 -0.413687 0.000731427
26 -0.415072 -0.41374 0.000704748
27 -0.416614 -0.413847 0.000686448
28 -0.412875 -0.413812 0.000662387
29 -0.416832 -0.413916 0.000647569
30 -0.419703 -0.414109 0.000654673
31 -0.417694 -0.414225 0.000643677
32 -0.414298 -0.414227 0.000623241
33 -0.409644 -0.414088 0.000619822
34 -0.421357 -0.414302 0.000638189
35 -0.413829 -0.414288 0.000619834
36 -0.412966 -0.414252 0.00060349
37 -0.406983 -0.414055 0.000618953
38 -0.412588 -0.414017 0.000603682
39 -0.42078 -0.41419 0.00061304
40 -0.410766 -0.414104 0.000603617
41 -0.41901 -0.414224 0.000600747
42 -0.417581 -0.414304 0.000591693
43 -0.415153 -0.414324 0.000578107
44 -0.415347 -0.414347 0.000565293
45 -0.415919 -0.414382 0.000553691
46 -0.415311 -0.414402 0.000541897
47 -0.415794 -0.414432 0.000531068
48 -0.415039 -0.414444 0.00052004
49 -0.417766 -0.414512 0.000513807
50 -0.409578 -0.414413 0.000513008
51 -0.412409 -0.414374 0.000504383
52 -0.418447 -0.414452 0.000500751
53 -0.416822 -0.414497 0.000493242
54 -0.413252 -0.414474 0.000484571
55 -0.417772 -0.414534 0.000479443
56 -0.414021 -0.414525 0.000470893
57 -0.410378 -0.414452 0.000468244
58 -0.418966 -0.41453 0.000466635
59 -0.416253 -0.414559 0.000459586
60 -0.415355 -0.414572 0.000452056
61 -0.414257 -0.414567 0.000444613
62 -0.412075 -0.414527 0.000439227
63 -0.420114 -0.414616 0.000441202
64 -0.421558 -0.414724 0.000447596
65 -0.408429 -0.414627 0.000451175
66 -0.415677 -0.414643 0.000444571
67 -0.415367 -0.414654 0.000438019
68 -0.412549 -0.414623 0.000432638
69 -0.409192 -0.414544 0.000433528
70 -0.419998 -0.414622 0.000434334
71 -0.410989 -0.414571 0.000431219
72 -0.420591 -0.414655 0.000433331
73 -0.415794 -0.41467 0.000427639
74 -0.41128 -0.414625 0.000424301
75 -0.410988 -0.414576 0.000421404
76 -0.415134 -0.414583 0.000415887
77 -0.420293 -0.414658 0.000417095
78 -0.414025 -0.414649 0.000411792
79 -0.412612 -0.414624 0.000407363
80 -0.410467 -0.414572 0.00040558
81 -0.409272 -0.414506 0.000405851
82 -0.420919 -0.414584 0.000408427
83 -0.417362 -0.414618 0.000404861
84 -0.412863 -0.414597 0.000400557
85 -0.413277 -0.414582 0.000396121
86 -0.407948 -0.414504 0.000399015
87 -0.413219 -0.41449 0.000394679
88 -0.418038 -0.41453 0.000392247
89 -0.414907 -0.414534 0.000387838
90 -0.410185 -0.414486 0.000386537
91 -0.416054 -0.414503 0.000382654
92 -0.415473 -0.414514 0.000378618
93 -0.417236 -0.414543 0.000375667
94 -0.416617 -0.414565 0.000372304
95 -0.413873 -0.414558 0.000368436
96 -0.410431 -0.414515 0.000367103
97 -0.410294 -0.414471 0.000365896
98 -0.410338 -0.414429 0.00036459
99 -0.418398 -0.414469 0.000363109
100 -0.41195 -0.414444 0.000360342
