1 0.0483413 0.0483413 0
2 0.0486448 0.0484931 0.000151778
3 0.0487631 0.0485831 0.000125622
4 0.0491929 0.0487355 0.000176455
5 0.048924 0.0487732 0.000141783
6 0.049495 0.0488935 0.000166952
7 0.0494637 0.048975 0.000162921
8 0.0486421 0.0489334 0.000147102
9 0.0488302 0.0489219 0.000130237
10 0.048654 0.0488951 0.000119528
11 0.0488981 0.0488954 0.000108118
12 0.0485343 0.0488653 0.000103182
13 0.0491533 0.0488874 9.7465e-05
14 0.0489189 0.0488897 9.0263e-05
15 0.0490943 0.0489033 8.51302e-05
16 0.0490868 0.0489148 8.0453e-05
17 0.0489127 0.0489147 7.55726e-05
18 0.0488399 0.0489105 7.13714e-05
19 0.0490735 0.0489191 6.80534e-05
20 0.0492416 0.0489352 6.65439e-05
21 0.0488625 0.0489318 6.33906e-05
22 0.0484196 0.0489085 6.47687e-05
23 0.0492391 0.0489229 6.35364e-05
24 0.0489089 0.0489223 6.08343e-05
25 0.0487703 0.0489162 5.8666e-05
26 0.0481668 0.0488874 6.33057e-05
27 0.0484411 0.0488708 6.31189e-05
28 0.0497614 0.0489026 6.8637e-05
29 0.0491421 0.0489109 6.67408e-05
30 0.0489104 0.0489109 6.44778e-05
31 0.0489014 0.0489106 6.23639e-05
32 0.0482469 0.0488898 6.38459e-05
33 0.0491661 0.0488982 6.24447e-05
34 0.048749 0.0488938 6.07391e-05
35 0.0487502 0.0488897 5.91207e-05
36 0.0488749 0.0488893 5.74565e-05
37 0.0490328 0.0488932 5.60163e-05
38 0.0492427 0.0489024 5.52928e-05
39 0.0484388 0.0488905 5.51525e-05
40 0.0490555 0.0488946 5.39141e-05
41 0.0490041 0.0488973 5.26504e-05
42 0.0485212 0.0488883 5.21561e-05
43 0.0490753 0.0488927 5.1114e-05
44 0.0492413 0.0489006 5.05633e-05
45 0.0494863 0.0489136 5.11118e-05
46 0.0487025 0.048909 5.01985e-05
47 0.049329 0.048918 4.99248e-05
48 0.0492175 0.0489242 4.92703e-05
49 0.0491416 0.0489287 4.84579e-05
50 0.0489008 0.0489281 4.74821e-05
51 0.0495673 0.0489406 4.82e-05
52 0.0486354 0.0489348 4.7627e-05
53 0.0490192 0.0489364 4.67469e-05
54 0.0493756 0.0489445 4.65887e-05
55 0.0485731 0.0489377 4.62296e-05
56 0.0491657 0.0489418 4.55788e-05
57 0.0489203 0.0489414 4.47736e-05
58 0.0490443 0.0489432 4.40306e-05
59 0.0484246 0.0489344 4.41614e-05
60 0.0488794 0.0489335 4.34288e-05
61 0.0490364 0.0489352 4.27443e-05
62 0.0487815 0.0489327 4.21222e-05
63 0.0487916 0.0489305 4.15087e-05
64 0.0486919 0.0489267 4.10246e-05
65 0.049811 0.0489403 4.26182e-05
66 0.04917 0.0489438 4.21115e-05
67 0.0494404 0.0489512 4.21351e-05
68 0.0492335 0.0489554 4.17178e-05
69 0.0488266 0.0489535 4.11511e-05
70 0.0486006 0.0489485 4.08711e-05
71 0.048808 0.0489465 4.03399e-05
72 0.0488301 0.0489449 3.98085e-05
73 0.0496434 0.0489544 4.04086e-05
74 0.0491311 0.0489568 3.99303e-05
75 0.0489346 0.0489565 3.93954e-05
76 0.0488676 0.0489554 3.88912e-05
77 0.049226 0.0489589 3.85434e-05
78 0.049281 0.048963 3.82695e-05
79 0.048897 0.0489622 3.77913e-05
80 0.0487993 0.0489601 3.73714e-05
81 0.0493535 0.048965 3.72252e-05
82 0.0489535 0.0489649 3.67687e-05
83 0.0487252 0.048962 3.64376e-05
84 0.0489811 0.0489622 3.60019e-05
85 0.0492116 0.0489651 3.56967e-05
86 0.0492015 0.0489679 3.5386e-05
87 0.0494144 0.048973 3.53515e-05
88 0.0491161 0.0489746 3.49852e-05
89 0.0486729 0.0489712 3.47557e-05
90 0.0490692 0.0489723 3.43846e-05
91 0.0489668 0.0489723 3.40047e-05
92 0.049531 0.0489784 3.4177e-05
93 0.0491834 0.0489806 3.38793e-05
94 0.0491002 0.0489818 3.35411e-05
95 0.0491931 0.0489841 3.32606e-05
96 0.0489076 0.0489833 3.29219e-05
97 0.0488829 0.0489822 3.25972e-05
98 0.0491883 0.0489843 3.23313e-05
99 0.0491225 0.0489857 3.20335e-05
100 0.0491791 0.0489877 3.17704e-05
