0.0345996 0 0
0.0576661 0 0
0.0807325 0 0
0.103799 0 0
0.126865 0 0
0.149932 0 0
0.172998 0 0
0.196065 0 0
0.219131 0 0
0.242198 0 0
0.265264 0 0
0.28833 0 0
0.311397 0 0
0.334463 0 0
0.35753 0 0
0.380596 0 0
0.403663 0 0
0.426729 0 0
0.449795 0 0
0.472862 0 0
0.495928 0 0
0.518995 0 0
0.542061 0 0
0.565128 0 0
0.588194 0 0
0.61126 0 0
0.634327 0 0
0.657393 0 0
0.68046 0 0
0.703526 0 0
0.726593 0 0
0.749659 0 0
0.772725 0 0
0.795792 0 0
0.818858 0 0
0.841925 0 0
0.864991 0 0
0.888058 0 0
0.911124 2.44857e-05 1.74048e-05
0.93419 0.00260333 0.000242875
0.957257 0.0405727 0.000979133
0.980323 0.268687 0.00225456
1.00339 0.944488 0.00404753
1.02646 2.12663 0.00602822
1.04952 3.47799 0.00921146
1.07259 4.44257 0.0094676
1.09566 4.70464 0.0089842
1.11872 4.33046 0.010191
1.14179 3.5236 0.00949475
1.16485 2.58147 0.00794232
1.18792 1.74414 0.00605006
1.21099 1.08341 0.00467877
1.23405 0.631228 0.00355373
1.25712 0.337331 0.00282216
1.28019 0.166448 0.00229816
1.30325 0.0819502 0.00152151
1.32632 0.0445886 0.00123206
1.34939 0.036364 0.00100153
1.37245 0.0557285 0.0012158
1.39552 0.100849 0.00180833
1.41859 0.174352 0.00205719
1.44165 0.283887 0.00253035
1.46472 0.43642 0.00279667
1.48778 0.605948 0.00268215
1.51085 0.775454 0.00346505
1.53392 0.903408 0.00418203
1.55698 0.951949 0.00442862
1.58005 0.914507 0.00415273
1.60312 0.791497 0.0032678
1.62618 0.624613 0.00240344
1.64925 0.453344 0.00218387
1.67232 0.30471 0.00192724
1.69538 0.205493 0.00202178
1.71845 0.178825 0.00223174
1.74152 0.238484 0.00215627
1.76458 0.415296 0.00296564
1.78765 0.730899 0.00353861
1.81071 1.16934 0.00355645
1.83378 1.68502 0.00353583
1.85685 2.18685 0.00416494
1.87991 2.54047 0.005484
1.90298 2.65164 0.00594427
1.92605 2.5028 0.00621547
1.94911 2.13406 0.00485978
1.97218 1.65294 0.00381681
1.99525 1.17543 0.00293191
2.01831 0.77794 0.00308787
2.04138 0.527207 0.00294689
2.06445 0.422435 0.00316939
2.08751 0.453 0.00289087
2.11058 0.576575 0.00241704
2.13364 0.741171 0.00213588
2.15671 0.897354 0.00245127
2.17978 0.986453 0.00294192
2.20284 0.980925 0.00314931
2.22591 0.901989 0.00240269
2.24898 0.771598 0.00224638
2.27204 0.642811 0.00217626
2.29511 0.559028 0.00284583
2.31818 0.555032 0.00342557
