1 -7.55014 -7.55014 0
2 -7.56265 -7.55639 0.00625581
3 -7.56221 -7.55833 0.0040992
4 -7.5644 -7.55985 0.00327203
5 -7.56491 -7.56086 0.002729
6 -7.55249 -7.55947 0.00262867
7 -7.55545 -7.55889 0.00229451
8 -7.55558 -7.55848 0.00202974
9 -7.56405 -7.5591 0.00189405
10 -7.54644 -7.55783 0.00211463
11 -7.56455 -7.55844 0.00200788
12 -7.55166 -7.55788 0.00191824
13 -7.55929 -7.55799 0.00176788
14 -7.55398 -7.5577 0.00166159
15 -7.56271 -7.55803 0.00158242
16 -7.55282 -7.55771 0.00151571
17 -7.55803 -7.55773 0.00142389
18 -7.54877 -7.55723 0.00143175
19 -7.56424 -7.5576 0.00140368
20 -7.55733 -7.55759 0.00133171
21 -7.55811 -7.55761 0.00126696
22 -7.55894 -7.55767 0.0012095
23 -7.56524 -7.558 0.00120172
24 -7.55368 -7.55782 0.00116457
25 -7.55938 -7.55788 0.00111875
26 -7.54957 -7.55756 0.00112136
27 -7.56241 -7.55774 0.00109383
28 -7.56109 -7.55786 0.0010608
29 -7.55962 -7.55792 0.00102535
30 -7.56206 -7.55806 0.00100016
31 -7.55137 -7.55784 0.000991104
32 -7.56057 -7.55793 0.000963394
33 -7.55297 -7.55778 0.000945781
34 -7.5537 -7.55766 0.000925371
35 -7.56248 -7.5578 0.000909049
36 -7.54964 -7.55757 0.000912048
37 -7.55065 -7.55738 0.00090658
38 -7.56931 -7.5577 0.00093654
39 -7.55432 -7.55761 0.000916304
40 -7.55293 -7.55749 0.000900736
41 -7.55892 -7.55753 0.000879186
42 -7.55656 -7.55751 0.000858304
43 -7.56295 -7.55763 0.000847608
44 -7.54617 -7.55737 0.000868126
45 -7.55751 -7.55737 0.000848621
46 -7.55208 -7.55726 0.000837911
47 -7.57764 -7.55769 0.000927523
48 -7.55251 -7.55758 0.0009144
49 -7.54974 -7.55742 0.000909742
50 -7.56824 -7.55764 0.000917235
51 -7.55718 -7.55763 0.000899117
52 -7.56744 -7.55782 0.000901623
53 -7.55376 -7.55774 0.000887767
54 -7.56399 -7.55786 0.000878827
55 -7.57414 -7.55816 0.000912097
56 -7.53428 -7.55773 0.000991932
57 -7.56739 -7.5579 0.000989003
58 -7.56394 -7.558 0.00097736
59 -7.55482 -7.55795 0.000962161
60 -7.56593 -7.55808 0.000955286
61 -7.55395 -7.55801 0.000941932
62 -7.55795 -7.55801 0.000926615
63 -7.56669 -7.55815 0.000922125
64 -7.56284 -7.55822 0.000910554
65 -7.55026 -7.5581 0.000904764
66 -7.55494 -7.55805 0.000892237
67 -7.55969 -7.55808 0.000879157
68 -7.5596 -7.5581 0.00086642
69 -7.56103 -7.55814 0.000854828
70 -7.5493 -7.55802 0.000851943
71 -7.56012 -7.55805 0.000840379
72 -7.56974 -7.55821 0.000844395
73 -7.55832 -7.55821 0.000832749
74 -7.56624 -7.55832 0.000828554
75 -7.55457 -7.55827 0.00081896
76 -7.56499 -7.55836 0.000812943
77 -7.5518 -7.55827 0.000806826
78 -7.55091 -7.55818 0.000801981
79 -7.57246 -7.55836 0.000812145
80 -7.55305 -7.55829 0.000804672
81 -7.55484 -7.55825 0.000795817
82 -7.55884 -7.55826 0.000786085
83 -7.55241 -7.55819 0.000779744
84 -7.55082 -7.5581 0.000775386
85 -7.56293 -7.55816 0.000768316
86 -7.55189 -7.55808 0.000762812
87 -7.55869 -7.55809 0.000754026
88 -7.55036 -7.558 0.000750571
89 -7.55655 -7.55799 0.00074227
90 -7.56803 -7.5581 0.00074241
91 -7.54607 -7.55796 0.000746014
92 -7.55703 -7.55795 0.00073793
93 -7.55413 -7.55791 0.000731108
94 -7.55812 -7.55792 0.000723292
95 -7.5638 -7.55798 0.00071831
96 -7.5611 -7.55801 0.000711532
97 -7.55776 -7.55801 0.000704163
98 -7.55083 -7.55793 0.000700779
99 -7.56967 -7.55805 0.000703723
100 -7.54929 -7.55797 0.000702142
