1 -5.53362 -5.53362 0
2 -5.53368 -5.53365 2.67777e-05
3 -5.5339 -5.53373 8.4728e-05
4 -5.53566 -5.53421 0.000485456
5 -5.53328 -5.53403 0.000419894
6 -5.53353 -5.53394 0.000352855
7 -5.53396 -5.53395 0.000298226
8 -5.53275 -5.5338 0.000298206
9 -5.53281 -5.53369 0.000285071
10 -5.53365 -5.53368 0.000255005
11 -5.53398 -5.53371 0.000232201
12 -5.53303 -5.53365 0.000219348
13 -5.53356 -5.53365 0.000201899
14 -5.53351 -5.53364 0.000187189
15 -5.53371 -5.53364 0.000174331
16 -5.53391 -5.53366 0.000163952
17 -5.53308 -5.53362 0.000157734
18 -5.53281 -5.53358 0.000155459
19 -5.53302 -5.53355 0.000149992
20 -5.53365 -5.53355 0.000142385
21 -5.53337 -5.53355 0.000135711
22 -5.53546 -5.53363 0.000155998
23 -5.53549 -5.53371 0.000169513
24 -5.53311 -5.53369 0.000164247
25 -5.53383 -5.53369 0.000157642
26 -5.53356 -5.53369 0.000151544
27 -5.53167 -5.53361 0.000163892
28 -5.53332 -5.5336 0.000158273
29 -5.53271 -5.53357 0.000155797
30 -5.53472 -5.53361 0.000155263
31 -5.53454 -5.53364 0.00015311
32 -5.53348 -5.53364 0.000148337
33 -5.53361 -5.53364 0.000143775
34 -5.53346 -5.53363 0.000139577
35 -5.53401 -5.53364 0.000135958
36 -5.53318 -5.53363 0.000132748
37 -5.5332 -5.53362 0.000129638
38 -5.53329 -5.53361 0.000126479
39 -5.53467 -5.53363 0.000126142
40 -5.5341 -5.53365 0.000123489
41 -5.53419 -5.53366 0.000121176
42 -5.53397 -5.53367 0.000118479
43 -5.53449 -5.53369 0.00011726
44 -5.53365 -5.53369 0.000114567
45 -5.53415 -5.5337 0.000112469
46 -5.53377 -5.5337 0.000110009
47 -5.53492 -5.53372 0.000110729
48 -5.53373 -5.53372 0.000108398
49 -5.53344 -5.53372 0.000106316
50 -5.53484 -5.53374 0.000106564
51 -5.53417 -5.53375 0.0001048
52 -5.53497 -5.53377 0.000105413
53 -5.53456 -5.53379 0.000104478
54 -5.53574 -5.53382 0.000108743
55 -5.53465 -5.53384 0.000107804
56 -5.53407 -5.53384 0.000105941
57 -5.5339 -5.53384 0.00010407
58 -5.53489 -5.53386 0.00010384
59 -5.53408 -5.53387 0.000102131
60 -5.53461 -5.53388 0.000101179
61 -5.53282 -5.53386 0.000101007
62 -5.53336 -5.53385 9.96926e-05
63 -5.5331 -5.53384 9.88277e-05
64 -5.53477 -5.53385 9.83565e-05
65 -5.5333 -5.53385 9.72086e-05
66 -5.5324 -5.53382 9.8207e-05
67 -5.53445 -5.53383 9.71835e-05
68 -5.53407 -5.53384 9.58059e-05
69 -5.53432 -5.53384 9.46673e-05
70 -5.53317 -5.53383 9.38071e-05
71 -5.53467 -5.53385 9.32312e-05
72 -5.53554 -5.53387 9.48858e-05
73 -5.5343 -5.53388 9.376e-05
74 -5.53506 -5.53389 9.38642e-05
75 -5.53209 -5.53387 9.56543e-05
76 -5.53461 -5.53388 9.48943e-05
77 -5.53276 -5.53386 9.477e-05
78 -5.53318 -5.53385 9.39586e-05
79 -5.53477 -5.53387 9.34772e-05
80 -5.53281 -5.53385 9.32437e-05
81 -5.53362 -5.53385 9.21285e-05
82 -5.53351 -5.53385 9.10923e-05
83 -5.53431 -5.53385 9.01624e-05
84 -5.5327 -5.53384 9.01216e-05
85 -5.53281 -5.53383 8.98788e-05
86 -5.53327 -5.53382 8.90636e-05
87 -5.53363 -5.53382 8.80606e-05
88 -5.53344 -5.53381 8.71579e-05
89 -5.53313 -5.5338 8.65136e-05
90 -5.53335 -5.5338 8.56956e-05
91 -5.53293 -5.53379 8.52886e-05
92 -5.5336 -5.53379 8.43806e-05
93 -5.53281 -5.53378 8.4129e-05
94 -5.53296 -5.53377 8.3679e-05
95 -5.53434 -5.53377 8.30131e-05
96 -5.53394 -5.53378 8.21624e-05
97 -5.53317 -5.53377 8.15496e-05
98 -5.53347 -5.53377 8.07722e-05
99 -5.5342 -5.53377 8.00742e-05
100 -5.53352 -5.53377 7.93082e-05
