-0.446491
-0.446431
-0.445397
-0.443384
-0.440491
-0.43687
-0.432756
-0.428468
-0.424415
-0.421076
-0.418903
-0.41827
-0.419344
-0.422012
-0.425906
-0.430459
-0.435108
-0.439327
-0.442774
-0.445266
-0.446749
-0.447278
-0.447002
-0.446128
-0.444874
-0.443507
-0.44229
-0.441423
-0.441067
-0.441301
-0.442098
-0.443341
-0.444887
-0.446535
-0.448109
-0.449441
-0.450397
-0.450899
-0.450881
-0.450293
-0.449155
-0.447442
-0.445144
-0.442232
-0.438585
-0.434095
-0.428547
-0.421819
-0.41394
-0.405337
-0.396956
-0.390231
-0.386706
-0.387393
-0.392286
-0.400416
-0.410363
-0.420734
-0.430573
-0.439299
-0.446677
-0.452654
-0.457268
-0.460543
-0.462519
-0.463178
-0.462488
-0.460405
-0.456867
-0.451853
-0.445361
-0.437437
-0.428235
-0.418082
-0.407556
-0.397589
-0.389462
-0.384559
-0.383917
-0.387718
-0.395102
-0.404533
-0.414335
-0.423195
-0.430315
-0.435337
-0.438269
-0.439307
-0.438731
-0.43687
-0.434066
-0.430659
-0.426942
-0.42316
-0.419475
-0.415947
-0.41253
-0.409099
-0.405456
-0.401475
-0.397096
-0.392417
-0.387751
-0.383521
-0.38019
-0.378017
-0.377025
-0.376991
-0.377555
-0.378435
-0.379491
-0.38076
-0.382389
-0.384488
-0.387054
-0.390009
-0.393229
-0.396536
-0.399822
-0.40297
-0.405911
-0.408561
-0.410825
-0.412583
-0.413711
-0.414113
-0.413689
-0.412366
-0.41006
-0.406695
-0.402185
-0.396443
-0.389396
-0.381068
-0.37163
-0.361507
-0.351363
-0.342142
-0.334749
-0.329818
-0.327433
-0.327204
-0.328506
-0.330857
-0.334093
-0.338386
-0.34398
-0.350961
-0.359094
-0.367855
-0.376598
-0.384764
-0.3919
-0.397737
-0.402164
-0.405092
-0.406484
-0.406296
-0.404454
-0.400883
-0.395596
-0.38872
-0.380657
-0.372167
-0.364406
-0.358739
-0.356296
-0.357449
-0.361567
-0.367219
-0.372778
-0.376893
-0.378688
-0.377756
-0.374089
-0.367991
-0.359993
-0.350883
-0.341613
-0.333258
-0.326849
-0.323204
-0.322729
-0.325285
-0.330154
-0.336314
-0.342738
-0.348656
-0.35368
-0.357697
-0.360777
-0.363069
-0.36469
-0.365762
-0.366358
-0.366505
-0.36624
-0.365556
-0.364467
-0.362929
-0.360895
-0.358292
-0.355126
-0.351476
-0.347579
-0.343885
-0.340899
-0.339133
-0.338892
-0.340202
-0.34284
-0.346388
-0.350373
-0.354336
-0.357805
-0.360399
-0.361816
-0.361855
-0.360423
-0.357637
-0.353836
-0.349598
-0.345679
-0.342847
-0.34165
-0.342238
-0.344288
-0.347194
-0.350279
-0.352988
-0.35498
-0.356109
-0.356376
-0.355896
-0.354819
-0.353296
-0.351501
-0.349575
-0.347665
-0.345902
-0.344381
-0.343154
-0.342266
-0.341734
-0.34152
-0.341589
-0.341905
-0.342386
-0.342981
-0.343617
-0.344242
-0.344813
-0.345308
-0.345678
-0.345907
-0.346014
-0.345951
-0.345732
-0.34535
-0.344811
-0.344115
-0.343281
-0.342348
-0.341336
-0.340291
-0.339269
-0.338312
-0.337448
-0.336734
-0.336172
-0.335759
-0.335492
-0.335345
-0.335274
-0.335289
-0.335372
-0.335551
-0.335883
-0.336432
-0.337327
-0.338632
-0.340428
-0.342718
-0.345464
-0.348583
-0.351917
-0.355302
-0.358578
-0.361585
-0.364211
-0.366371
-0.36796
-0.36894
-0.369228
-0.368833
-0.367705
-0.365865
-0.363348
-0.36026
-0.356736
-0.352992
-0.34925
-0.345778
-0.342799
-0.340481
-0.338917
-0.338137
-0.338092
-0.338634
-0.339572
-0.340738
-0.341948
-0.343156
-0.344412
-0.345908
-0.347893
-0.350585
-0.35409
-0.35834
-0.363119
-0.368095
-0.37294
-0.377425
-0.381347
-0.384648
-0.387281
-0.389301
-0.390759
-0.391706
-0.392203
-0.392292
-0.391991
-0.391297
-0.390218
-0.388729
-0.386791
-0.38437
-0.381425
-0.377929
-0.373873
-0.369321
-0.364356
-0.359165
-0.354007
-0.349218
-0.345179
-0.342248
-0.340753
-0.340857
-0.342552
-0.345622
-0.349721
-0.354432
-0.359327
-0.364055
-0.368343
-0.372012
-0.374959
-0.377153
-0.378598
-0.379319
-0.379378
-0.378832
-0.377744
-0.376194
-0.374276
-0.372083
-0.369719
-0.367267
-0.364826
-0.362451
-0.3602
-0.358105
-0.356182
-0.354468
-0.353002
-0.351807
-0.350933
-0.350428
-0.350337
-0.350675
-0.351441
-0.352591
-0.354047
-0.355726
-0.357538
-0.359389
-0.361197
-0.362901
-0.36444
-0.365788
-0.366906
-0.367803
-0.368478
-0.368924
-0.369119
-0.369073
-0.368772
-0.368203
-0.367328
-0.366135
-0.364592
-0.362654
-0.360328
-0.357588
-0.354437
-0.350926
-0.347108
-0.343096
-0.339001
-0.334986
-0.331188
-0.327787
-0.324919
-0.322681
-0.321102
-0.320128
-0.319606
-0.319299
-0.318937
-0.318274
-0.317094
-0.315381
-0.313271
-0.311062
-0.309203
-0.30817
-0.308354
-0.309972
-0.31301
-0.317231
-0.322261
-0.327678
-0.333061
-0.338059
-0.342427
-0.346004
-0.348736
-0.350651
-0.351832
-0.352397
-0.352484
-0.352229
-0.351697
-0.350915
-0.349866
-0.348515
-0.346835
-0.344841
-0.342611
-0.340299
-0.338146
-0.336404
-0.335321
-0.335111
-0.335825
-0.337449
-0.339835
-0.342783
-0.346037
-0.349361
-0.352546
-0.355473
-0.358063
-0.360288
-0.362145
-0.363672
-0.364904
-0.365899
-0.366691
-0.367329
-0.367853
-0.368305
-0.368694
-0.369049
-0.369387
-0.369717
-0.370036
-0.370357
-0.370668
-0.370976
-0.371279
-0.37156
-0.371839
-0.372115
-0.372379
-0.372657
-0.372969
-0.373325
-0.373737
-0.374201
-0.374694
-0.375184
-0.375583
-0.375789
-0.375696
-0.375201
-0.374203
-0.372684
-0.370703
-0.368491
-0.366449
-0.365185
-0.365372
-0.3675
-0.371687
-0.377566
-0.384359
-0.391175
-0.397282
-0.402188
-0.405654
-0.407629
-0.4082
-0.407554
-0.405946
-0.403731
-0.401371
-0.399388
-0.398235
-0.398142
-0.399027
-0.400402
-0.401595
-0.401909
-0.400796
-0.398056
-0.393915
-0.389086
-0.384631
-0.381668
-0.380957
-0.382593
-0.386006
-0.390263
-0.394448
-0.398015
-0.400757
-0.402796
-0.404417
-0.405942
-0.4076
-0.409487
-0.41154
-0.41358
-0.415384
-0.416725
-0.417422
-0.417364
-0.416506
-0.41488
-0.412553
-0.409646
-0.406309
-0.402756
-0.399198
-0.395881
-0.393045
-0.390894
-0.389563
-0.389094
-0.389471
-0.390543
-0.392137
-0.394033
-0.396019
-0.397938
-0.399647
-0.401081
-0.402177
-0.402941
-0.403402
-0.403565
-0.403456
-0.403112
-0.402535
-0.40173
-0.400708
-0.399469
-0.398019
-0.396387
-0.394604
-0.392714
-0.390796
-0.388925
-0.387195
-0.385683
-0.384487
-0.383699
-0.383347
-0.38347
-0.384045
-0.385026
-0.386319
-0.387793
-0.389316
-0.390727
-0.391885
-0.392665
-0.393019
-0.392938
-0.392551
-0.39203
-0.391665
-0.391704
-0.39242
-0.393894
-0.396121
-0.398925
-0.402093
-0.405359
-0.408519
-0.411432
-0.414008
-0.416215
-0.41808
-0.41964
-0.420917
-0.42197
-0.422789
-0.423323
-0.423514
-0.423293
-0.422582
-0.421347
-0.41963
-0.417509
-0.415189
-0.41291
-0.41098
-0.409692
-0.409273
-0.409877
-0.411493
-0.414017
-0.417269
-0.421003
-0.425015
-0.429079
-0.432949
-0.436314
-0.438778
-0.439785
-0.438667
-0.434693
-0.427192
-0.415868
-0.401157
-0.384631
-0.36907
-0.357756
-0.353155
-0.355688
-0.363815
-0.37503
-0.387205
-0.399084
-0.410028
-0.419695
-0.427806
-0.434151
-0.438609
-0.441234
-0.442244
-0.441951
-0.440687
-0.43881
-0.436582
-0.434238
-0.43195
-0.429887
-0.428207
-0.427053
-0.426507
-0.426564
-0.427129
-0.427982
-0.428897
-0.429694
-0.430248
-0.43053
-0.43053
-0.430231
-0.429649
-0.428706
-0.427298
-0.425304
-0.422588
-0.419025
-0.414519
-0.409059
-0.402701
-0.395546
-0.387777
-0.379598
-0.371289
-0.363215
-0.355899
-0.349947
-0.34599
-0.344517
-0.345707
-0.349365
-0.354996
-0.361883
-0.369307
-0.376637
-0.383414
-0.389368
-0.394378
-0.398417
-0.40155
-0.403854
-0.405429
-0.406367
-0.406758
-0.406656
-0.406138
-0.405242
-0.404016
-0.402501
-0.400728
-0.398728
-0.396527
-0.394171
-0.391642
-0.388971
-0.386136
-0.383141
-0.379942
-0.376536
-0.372895
-0.369023
-0.364949
-0.360758
-0.356592
-0.352694
-0.349382
-0.346968
-0.345696
-0.345725
-0.346987
-0.349245
-0.352153
-0.355337
-0.358474
-0.361336
-0.363784
-0.365753
-0.367223
-0.36822
-0.368784
-0.368974
-0.368848
-0.368438
-0.367745
-0.366762
-0.365424
-0.363643
-0.361338
-0.358453
-0.354986
-0.351041
-0.346792
-0.342477
-0.33835
-0.334644
-0.331578
-0.329312
-0.327996
-0.327769
-0.328756
-0.330998
-0.334417
-0.338806
-0.343809
-0.349019
-0.354099
-0.358774
-0.362883
-0.366357
-0.36923
-0.371582
-0.373503
-0.375108
-0.376514
-0.377779
-0.378968
-0.380101
-0.381188
-0.382229
-0.383203
-0.384083
-0.384854
-0.385506
-0.385993
-0.386288
-0.386349
-0.38612
-0.385533
-0.384501
-0.38293
-0.380686
-0.377651
-0.373712
-0.368819
-0.363034
-0.356556
-0.349797
-0.343379
-0.338018
-0.334425
-0.333046
-0.333973
-0.336877
-0.34113
-0.346009
-0.350899
-0.355311
-0.35899
-0.361887
-0.364051
-0.365606
-0.366712
-0.367487
-0.368016
-0.368355
-0.368476
-0.368353
-0.367907
-0.367053
-0.36572
-0.363876
-0.361552
-0.358888
-0.356082
-0.353467
-0.351365
-0.350107
-0.349948
-0.350968
-0.353057
-0.355984
-0.359389
-0.362934
-0.366292
-0.369267
-0.371708
-0.373595
-0.374941
-0.3758
-0.376263
-0.376404
-0.37631
-0.376029
-0.375613
-0.375098
-0.374486
-0.373814
-0.373084
-0.372302
-0.371483
-0.370615
-0.369691
-0.36868
-0.367552
-0.366283
-0.364798
-0.363047
-0.360972
-0.358504
-0.355562
-0.352111
-0.348091
-0.343541
-0.338545
-0.333305
-0.328134
-0.323435
-0.319621
-0.316952
-0.315514
-0.315125
-0.31535
-0.315692
-0.31573
-0.315269
-0.314372
-0.313307
-0.312454
-0.312184
-0.312742
-0.314239
-0.316643
-0.319841
-0.323691
-0.327955
-0.332418
-0.336832
-0.340969
-0.344638
-0.347743
-0.350209
-0.352055
-0.353322
-0.354072
-0.354371
-0.354279
-0.353859
-0.353146
-0.352183
-0.350992
-0.349582
-0.348002
-0.346275
-0.344461
-0.342654
-0.340967
-0.339534
-0.338481
-0.337937
-0.337988
-0.338638
-0.339816
-0.341414
-0.343284
-0.345225
-0.347092
-0.348731
-0.350034
-0.350922
-0.3513
-0.351127
-0.350329
-0.348865
-0.346675
-0.343736
-0.340054
-0.335703
-0.330858
-0.325762
-0.320748
-0.316215
-0.312506
-0.309799
-0.308038
-0.306899
-0.305843
-0.304242
-0.30151
-0.29719
-0.291059
-0.283096
-0.273677
-0.263855
-0.25567
-0.251811
-0.25431
-0.263202
-0.276449
-0.291256
-0.305425
-0.317775
-0.327905
-0.335817
-0.341708
-0.345835
-0.348522
-0.350077
-0.350822
-0.35106
-0.351026
-0.35092
-0.350859
-0.350902
-0.351079
-0.351335
-0.351616
-0.351852
-0.351961
-0.351863
-0.351486
-0.350772
-0.349666
-0.3481
-0.346024
-0.343388
-0.340185
-0.336384
-0.332048
-0.327273
-0.322257
-0.317315
-0.31286
-0.309352
-0.307201
-0.306638
-0.307664
-0.310039
-0.313346
-0.317124
-0.320936
-0.324462
-0.32748
-0.329864
-0.331596
-0.332688
-0.333207
-0.333224
-0.332763
-0.33177
-0.330132
-0.327689
-0.324351
-0.32025
-0.315924
-0.312326
-0.310619
-0.311655
-0.31558
-0.321679
-0.328804
-0.33583
-0.341987
-0.346964
-0.350739
-0.353462
-0.355339
-0.356561
-0.357249
-0.357491
-0.357343
-0.356798
-0.35586
-0.354549
-0.352921
-0.351053
-0.34908
-0.347153
-0.345411
-0.343959
-0.342833
-0.341996
-0.341275
-0.340472
-0.339327
-0.337652
-0.335314
-0.332385
-0.329111
-0.325865
-0.323132
-0.321349
-0.320799
-0.321554
-0.323456
-0.326211
-0.329494
-0.332991
-0.336482
-0.339754
-0.342683
-0.345169
-0.34717
-0.348663
-0.349714
-0.35035
-0.350665
-0.350745
-0.350661
-0.350486
-0.350266
-0.350016
-0.34976
-0.349495
-0.349228
-0.348959
-0.348701
-0.348464
-0.348268
-0.348116
-0.348007
-0.347913
-0.347791
-0.347571
-0.347126
-0.346319
-0.344979
-0.342962
-0.340125
-0.336461
-0.332101
-0.327414
-0.322935
-0.319329
-0.317135
-0.316543
-0.317314
-0.31892
-0.320759
-0.322477
-0.324114
-0.326079
-0.328939
-0.333087
-0.338567
-0.344935
-0.3515
-0.357512
-0.3624
-0.365792
-0.36756
-0.367756
-0.366544
-0.364165
-0.360869
-0.356959
-0.352673
-0.34819
-0.3436
-0.338993
-0.334421
-0.329991
-0.325873
-0.322314
-0.3195
-0.317564
-0.316563
-0.316414
-0.317035
-0.31826
-0.319884
-0.3216
-0.323019
-0.323704
-0.323292
-0.321617
-0.31884
-0.315451
-0.312262
-0.310177
-0.309941
-0.311885
-0.315797
-0.321029
-0.32677
-0.33227
-0.33698
-0.340609
-0.343052
-0.344391
-0.344772
-0.344365
-0.343387
-0.342028
-0.34053
-0.339044
-0.337741
-0.336741
-0.336145
-0.335963
-0.336153
-0.336659
-0.337378
-0.33821
-0.33905
-0.33983
-0.340489
-0.341024
-0.341428
-0.341713
-0.341906
-0.342029
-0.342132
-0.342221
-0.342278
-0.342281
-0.342184
-0.34189
-0.34126
-0.34014
-0.33833
-0.335616
-0.331808
-0.326805
-0.320741
-0.314024
-0.307443
-0.302045
-0.29887
-0.298521
-0.300917
-0.305305
-0.310654
-0.31602
-0.320749
-0.324458
-0.326984
-0.328251
-0.328239
-0.326922
-0.324291
-0.320403
-0.315479
-0.309961
-0.304484
-0.299817
-0.296696
-0.295574
-0.296547
-0.299299
-0.303375
-0.308241
-0.313387
-0.318462
-0.323169
-0.327348
-0.330901
-0.333814
-0.336129
-0.3379
-0.339224
-0.340198
-0.340879
-0.341347
-0.34166
-0.341864
-0.341986
-0.342084
-0.342173
-0.342282
-0.342433
-0.34265
-0.342944
-0.343308
-0.343745
-0.344215
-0.3447
-0.345133
-0.345438
-0.345547
-0.345346
-0.344696
-0.343456
-0.341509
-0.338688
-0.334855
-0.32994
-0.323925
-0.316879
-0.309027
-0.30068
-0.292305
-0.284408
-0.277508
-0.272056
-0.268375
-0.266645
-0.266886
-0.268988
-0.272655
-0.277523
-0.283101
-0.288848
-0.294253
-0.298912
-0.302541
-0.305083
-0.306632
-0.307449
-0.30789
-0.308313
-0.309018
-0.310167
-0.311785
-0.313751
-0.315897
-0.318021
-0.319941
-0.321517
-0.32265
-0.323274
-0.323371
-0.322913
-0.321924
-0.320403
-0.318407
-0.31599
-0.313212
-0.310201
-0.307087
-0.303992
-0.301083
-0.29849
-0.296346
-0.294735
-0.29369
-0.293215
-0.293242
-0.293668
-0.29435
-0.295167
-0.295983
-0.296676
-0.297172
-0.297412
-0.297348
-0.296964
-0.296258
-0.295222
-0.293897
-0.292333
-0.290623
-0.288849
-0.28714
-0.285592
-0.284326
-0.283379
-0.282766
-0.282467
-0.282508
-0.282912
-0.283733
-0.285034
-0.286845
-0.289103
-0.291678
-0.294349
-0.296863
-0.298948
-0.300359
-0.300902
-0.300492
-0.299108
-0.296858
-0.293948
-0.290581
-0.286958
-0.283122
-0.278915
-0.274093
-0.268578
-0.262723
-0.257487
-0.25418
-0.253864
-0.256701
-0.261873
-0.268099
-0.274258
-0.279703
-0.284255
-0.287973
-0.291012
-0.293509
-0.295575
-0.297335
-0.298879
-0.300333
-0.301772
-0.303253
-0.304826
-0.306459
-0.308134
-0.309795
-0.311415
-0.31294
-0.314354
-0.315639
-0.316775
-0.317736
-0.318483
-0.318992
-0.319202
-0.319079
-0.318579
-0.317693
-0.316444
-0.31489
-0.31313
-0.311323
-0.309655
-0.30832
-0.307482
-0.307225
-0.307553
-0.308349
-0.309396
-0.310398
-0.311022
-0.311005
-0.310123
-0.308308
-0.305608
-0.302247
-0.298595
-0.295025
-0.291976
-0.289911
-0.289195
-0.290162
-0.292965
-0.297534
-0.30349
-0.310293
-0.317273
-0.323858
-0.329615
-0.334301
-0.337831
-0.340223
-0.341554
-0.341978
-0.341659
-0.34078
-0.339545
-0.33814
-0.336772
-0.335627
-0.334849
-0.334529
-0.334685
-0.335255
-0.336087
-0.336995
-0.337705
-0.337903
-0.337277
-0.335502
-0.332268
-0.327334
-0.320608
-0.312236
-0.302706
-0.292914
-0.284131
-0.277731
-0.274828
-0.275903
-0.28068
-0.288219
-0.297257
-0.306577
-0.315251
-0.322712
-0.328724
-0.333331
-0.336754
-0.339279
-0.341224
-0.342856
-0.344366
-0.345878
-0.347436
-0.348981
-0.350482
-0.351854
-0.353031
-0.353962
-0.354588
-0.354877
-0.354789
-0.354282
-0.353304
-0.351808
-0.349726
-0.347006
-0.343604
-0.339517
-0.334796
-0.329583
-0.324121
-0.318737
-0.313851
-0.309874
-0.307131
-0.305846
-0.306018
-0.3075
-0.310025
-0.313269
-0.316909
-0.320643
-0.324227
-0.327472
-0.330254
-0.332512
-0.334204
-0.335352
-0.336002
-0.336215
-0.336074
-0.335659
-0.33508
-0.334432
-0.333808
-0.333279
-0.332878
-0.332671
-0.332665
-0.332845
-0.333219
-0.333775
-0.33452
-0.335485
-0.33668
-0.338141
-0.339901
-0.341958
-0.344282
-0.346851
-0.349589
-0.352411
-0.355258
-0.358071
-0.36079
-0.363387
-0.365826
-0.368089
-0.370166
-0.372023
-0.37362
-0.374898
-0.37576
-0.376093
-0.375723
-0.374442
-0.371996
-0.368089
-0.362434
-0.354779
-0.345043
-0.333395
-0.32041
-0.307109
-0.294869
-0.285144
-0.27913
-0.277379
-0.279753
-0.285458
-0.293399
-0.302498
-0.311846
-0.320801
-0.328987
-0.336207
-0.342391
-0.347584
-0.351883
-0.355411
-0.358308
-0.360741
-0.362847
-0.36476
-0.366562
-0.36829
-0.369974
-0.371632
-0.373268
-0.374871
-0.376453
-0.37799
-0.379475
-0.380877
-0.382157
-0.383284
-0.384197
-0.384856
-0.385239
-0.385291
-0.384992
-0.384298
-0.383174
-0.381605
-0.379573
-0.37706
-0.374067
-0.370624
-0.366746
-0.362502
-0.357995
-0.353327
-0.348619
-0.344032
-0.339722
-0.335862
-0.332624
-0.330173
-0.328653
-0.328194
-0.328859
-0.330684
-0.333624
-0.337565
-0.342337
-0.347743
-0.353544
-0.359545
-0.365543
-0.371381
-0.376935
-0.382116
-0.386878
-0.391161
-0.394959
-0.398242
-0.400987
-0.403166
-0.404728
-0.405622
-0.405763
-0.405057
-0.403385
-0.400632
-0.396712
-0.391566
-0.385231
-0.377848
-0.369743
-0.361388
-0.353476
-0.346813
-0.342142
-0.339968
-0.340308
-0.342718
-0.346441
-0.350732
-0.355019
-0.359066
-0.362917
-0.366797
-0.370988
-0.375685
-0.380911
-0.386464
-0.392011
-0.397165
-0.401553
-0.404924
-0.407143
-0.408165
-0.408
-0.40667
-0.404208
-0.400682
-0.396161
-0.390769
-0.384785
-0.378653
-0.373036
-0.368651
-0.366125
-0.365728
-0.367257
-0.370131
-0.3736
-0.37701
-0.37992
-0.382121
-0.383638
-0.384567
-0.385088
-0.385371
-0.385567
-0.385777
-0.386062
-0.386452
-0.386932
-0.387452
-0.38798
-0.388465
-0.388881
-0.389236
-0.389528
-0.389779
-0.39003
-0.390281
-0.390545
-0.390754
-0.390841
-0.390687
-0.390134
-0.389035
-0.387254
-0.384698
-0.381383
-0.377541
-0.373588
-0.370183
-0.36803
-0.367675
-0.369285
-0.372574
-0.376921
-0.381659
-0.38623
-0.390339
-0.393865
-0.396828
-0.399265
-0.40127
-0.402823
-0.403898
-0.404407
-0.404261
-0.40335
-0.401628
-0.399077
-0.395791
-0.391916
-0.387684
-0.383382
-0.37923
-0.375418
-0.372082
-0.369271
-0.366998
-0.365286
-0.364176
-0.363761
-0.364088
-0.365176
-0.366976
-0.369351
-0.372128
-0.375131
-0.378208
-0.381278
-0.38426
-0.387163
-0.389925
-0.392517
-0.394854
-0.396827
-0.398297
-0.399141
-0.39922
-0.398455
-0.396757
-0.394127
-0.390648
-0.38655
-0.382205
-0.378186
-0.375137
-0.373618
-0.37395
-0.376048
-0.379478
-0.383579
-0.387731
-0.391461
-0.394469
-0.396679
-0.398143
-0.398967
-0.399327
-0.39938
-0.399267
-0.399114
-0.39897
-0.398865
-0.398727
-0.39843
-0.397762
-0.396476
-0.394283
-0.390904
-0.386141
-0.379924
-0.372406
-0.363998
-0.355407
-0.347422
-0.340787
-0.33608
-0.333668
-0.333741
-0.33628
-0.341051
-0.347528
-0.354834
-0.361892
-0.36761
-0.371077
-0.37174
-0.369532
-0.365081
-0.359739
-0.355349
-0.353618
-0.355305
-0.359922
-0.366069
-0.372178
-0.377121
-0.380367
-0.381825
-0.381688
-0.380292
-0.378005
-0.375238
-0.372368
-0.369748
-0.367673
-0.366303
-0.365688
-0.365743
-0.36627
-0.367055
-0.367835
-0.3684
-0.368572
-0.368221
-0.367296
-0.365871
-0.364179
-0.362601
-0.361644
-0.361819
-0.363454
-0.36662
-0.371059
-0.376307
-0.381827
-0.387191
-0.392072
-0.396317
-0.399854
-0.402671
-0.404793
-0.406243
-0.407023
-0.407091
-0.406405
-0.404885
-0.402474
-0.39917
-0.395007
-0.390192
-0.385062
-0.380128
-0.375974
-0.373063
-0.371619
-0.371552
-0.372523
-0.374079
-0.375847
-0.377546
-0.379069
-0.380339
-0.381329
-0.381979
-0.382246
-0.382113
-0.38162
-0.3809
-0.380138
-0.379544
-0.3793
-0.379494
-0.380125
-0.381148
-0.382467
-0.384034
-0.385798
-0.387713
-0.3897
-0.391605
-0.393168
-0.394117
-0.394115
-0.392867
-0.390124
-0.385755
-0.379759
-0.372419
-0.364282
-0.356133
-0.348919
-0.343479
-0.340317
-0.33947
-0.340551
-0.342904
-0.34588
-0.348997
-0.351956
-0.354698
-0.357285
-0.359801
-0.362305
-0.364774
-0.367119
-0.369216
-0.370932
-0.372178
-0.372883
-0.373062
-0.372745
-0.372035
-0.371043
-0.36989
-0.368713
-0.367608
-0.366645
-0.365849
-0.365198
-0.364673
-0.364181
-0.3636
-0.362865
-0.361855
-0.360503
-0.358794
-0.356722
-0.354343
-0.35179
-0.349213
-0.346825
-0.344835
-0.34342
-0.342646
-0.342524
-0.342948
-0.343759
-0.344786
-0.345861
-0.346841
-0.347632
-0.348166
-0.348399
-0.348314
-0.347912
-0.347195
-0.346205
-0.345005
-0.343678
-0.342348
-0.341178
-0.34032
-0.339941
-0.340124
-0.340911
-0.342279
-0.344151
-0.346405
-0.348902
-0.351543
-0.354252
-0.356974
-0.359661
-0.362311
-0.364911
-0.367438
-0.369861
-0.37211
-0.374122
-0.375768
-0.376897
-0.377303
-0.37674
-0.374933
-0.371532
-0.366307
-0.35915
-0.350313
-0.340519
-0.330992
-0.323235
-0.31855
-0.317652
-0.320541
-0.326654
-0.335091
-0.344821
-0.354805
-0.36423
-0.372518
-0.379413
-0.384903
-0.389119
-0.392252
-0.394506
-0.396091
-0.397156
-0.397845
-0.398289
-0.398583
-0.398806
-0.39903
-0.39931
-0.399699
-0.400227
-0.400905
-0.401726
-0.402687
-0.403749
-0.404836
-0.405884
-0.406729
-0.407227
-0.407162
-0.406277
-0.404269
-0.400845
-0.395773
-0.38902
-0.380893
-0.372198
-0.364205
-0.358279
-0.355414
-0.355784
-0.358797
-0.363549
-0.369245
-0.375364
-0.381515
-0.387299
-0.392309
-0.396121
-0.3984
-0.399013
-0.39803
-0.395692
-0.392368
-0.388502
-0.384591
-0.381096
-0.378471
-0.3771
-0.377238
-0.379018
-0.382373
-0.387043
-0.392689
-0.398881
-0.4052
-0.411333
-0.417025
-0.422113
-0.426479
-0.430071
-0.432828
-0.434716
-0.435673
-0.435641
-0.434521
-0.432205
-0.428576
-0.423507
-0.416917
-0.40876
-0.399134
-0.388285
-0.376737
-0.36529
-0.355017
-0.347173
-0.342906
-0.342894
-0.347105
-0.354769
-0.364693
-0.375576
-0.386338
-0.396298
-0.405062
-0.412513
-0.418687
-0.423688
-0.427635
-0.43062
-0.432696
-0.433875
-0.434129
-0.43339
-0.4316
-0.428709
-0.424737
-0.419839
-0.41432
-0.408643
-0.403352
-0.398938
-0.395662
-0.393539
-0.39233
-0.391756
-0.391584
-0.391648
-0.391878
-0.392161
-0.392299
-0.392003
-0.390981
-0.388984
-0.385935
-0.38196
-0.377426
-0.372823
-0.368738
-0.365685
-0.363972
-0.363727
-0.364874
-0.367198
-0.370393
-0.374161
-0.378199
-0.382295
-0.386298
-0.390128
-0.393752
-0.397164
-0.400371
-0.403333
-0.406053
-0.40851
-0.410682
-0.412566
-0.414167
-0.415484
-0.416543
-0.417377
-0.418012
-0.4185
-0.41888
-0.419198
-0.419488
-0.419773
-0.420115
-0.420517
-0.421017
-0.42161
-0.422328
-0.423174
-0.424137
-0.425208
-0.426372
-0.427613
-0.428918
-0.430269
-0.431629
-0.432964
-0.434229
-0.435355
-0.436281
-0.436909
-0.437141
-0.436874
-0.436018
-0.434506
-0.432302
-0.429389
-0.425769
-0.421497
-0.416623
-0.411167
-0.405205
-0.39887
-0.392492
-0.386659
-0.382226
-0.380013
-0.380507
-0.383555
-0.388485
-0.394344
-0.400292
-0.405745
-0.410282
-0.413757
-0.416229
-0.417972
-0.419609
-0.421872
-0.425386
-0.430438
-0.436827
-0.444006
-0.451292
-0.458122
-0.464169
-0.469285
-0.473463
-0.476745
-0.479236
-0.481002
-0.482134
-0.482682
-0.482711
-0.482276
-0.481429
-0.480257
-0.478854
-0.47731
-0.475731
-0.474188
-0.47276
-0.471493
-0.470382
-0.469404
-0.468492
-0.467551
-0.466521
-0.46532
-0.463929
-0.462339
-0.460603
-0.458808
-0.457044
-0.455403
-0.453976
-0.452791
-0.45182
-0.450982
-0.450131
-0.449155
-0.447998
-0.446672
-0.445354
-0.444312
-0.443871
-0.444317
-0.445814
-0.448311
-0.45153
-0.455026
-0.458327
-0.460957
-0.462575
-0.46303
-0.462349
-0.460822
-0.458885
-0.457113
-0.456035
-0.455962
-0.456925
-0.458653
-0.460729
-0.462698
-0.464217
-0.46513
-0.465455
-0.465294
-0.464849
-0.464328
-0.463902
-0.463691
-0.463735
-0.464016
-0.464473
-0.465026
-0.465606
-0.466165
-0.466663
-0.467079
-0.46742
-0.467646
-0.467762
-0.467732
-0.467525
-0.467095
-0.466429
-0.465487
-0.464273
-0.462824
-0.461211
-0.459575
-0.458094
-0.456952
-0.456314
-0.456227
-0.456612
-0.457262
-0.457857
-0.458059
-0.457531
-0.456029
-0.453406
-0.449648
-0.444934
-0.439658
-0.43434
-0.429603
-0.425986
-0.423797
-0.423067
-0.423582
-0.42503
-0.427057
-0.42943
-0.432035
-0.434885
-0.438086
-0.441766
-0.445995
-0.450668
-0.455487
-0.459998
-0.463696
-0.46609
-0.466865
-0.465891
-0.463268
-0.459324
-0.45443
-0.448953
-0.44317
-0.437373
-0.432103
-0.428118
-0.426196
-0.426601
-0.428921
-0.43227
-0.435794
-0.43904
-0.442042
-0.445053
-0.448346
-0.452016
-0.455942
-0.459793
-0.463234
-0.465933
-0.467656
-0.468286
-0.467839
-0.466439
-0.464262
-0.461564
-0.458652
-0.455807
-0.45333
-0.451506
-0.45055
-0.450642
-0.451795
-0.453932
-0.456751
-0.459839
-0.462761
-0.465095
-0.466541
-0.466952
-0.46632
-0.464766
-0.462496
-0.459815
-0.457055
-0.454572
-0.452675
-0.451555
-0.451252
-0.451669
-0.452584
-0.453726
-0.454861
-0.455753
-0.45627
-0.456307
-0.455811
-0.454722
-0.453015
-0.450666
-0.447653
-0.444029
-0.439932
-0.435637
-0.431558
-0.428215
-0.426115
-0.425642
-0.426877
-0.429611
-0.4334
-0.437707
-0.442067
-0.446109
-0.449635
-0.45257
-0.454889
-0.456623
-0.45784
-0.458597
-0.458951
-0.458964
-0.458682
-0.45818
-0.457517
-0.456759
-0.455997
-0.4553
-0.454725
-0.454342
-0.454145
-0.454156
-0.45435
-0.454678
-0.455048
-0.455361
-0.455529
-0.455442
-0.45506
-0.454373
-0.453392
-0.452193
-0.450889
-0.449568
-0.448315
-0.447184
-0.446147
-0.445107
-0.443871
-0.442206
-0.439879
-0.436727
-0.43273
-0.428092
-0.423144
-0.418249
-0.413619
-0.409272
-0.405073
-0.400909
-0.396801
-0.39293
-0.38953
-0.386774
-0.384754
-0.383613
-0.383744
-0.385756
-0.390255
-0.397334
-0.406341
-0.415973
-0.424838
-0.43192
-0.43678
-0.439513
-0.440617
-0.440793
-0.440821
-0.441284
-0.44254
-0.444603
-0.447195
-0.44986
-0.452066
-0.453379
-0.45343
-0.452059
-0.44933
-0.445676
-0.441869
-0.438977
-0.437996
-0.439494
-0.443299
-0.448599
-0.454304
-0.459457
-0.463413
-0.465891
-0.466891
-0.466553
-0.465119
-0.462903
-0.460249
-0.457497
-0.454977
-0.452907
-0.451412
-0.450448
-0.449847
-0.449423
-0.448992
-0.448445
-0.447784
-0.4471
-0.446524
-0.446211
-0.446287
-0.446782
-0.447697
-0.448935
-0.45034
-0.451747
-0.452966
-0.45387
-0.454328
-0.45426
-0.453635
-0.452447
-0.450753
-0.448676
-0.446389
-0.444176
-0.442427
-0.44155
-0.441835
-0.443345
-0.445873
-0.448989
-0.452223
-0.455127
-0.457382
-0.458769
-0.459127
-0.458365
-0.456438
-0.453331
-0.449138
-0.444057
-0.43844
-0.432721
-0.427365
-0.422707
-0.41893
-0.416035
-0.413973
-0.412748
-0.412472
-0.413388
-0.415581
-0.41895
-0.423114
-0.427523
-0.431622
-0.435001
-0.437387
-0.438707
-0.438976
-0.438259
-0.436671
-0.434353
-0.43146
-0.428162
-0.42467
-0.421221
-0.418045
-0.415356
-0.413282
-0.4119
-0.411168
-0.411005
-0.41126
-0.411797
-0.412527
-0.413367
-0.414289
-0.415295
-0.416396
-0.417618
-0.418976
-0.420482
-0.422129
-0.423892
-0.425757
-0.427658
-0.429564
-0.431424
-0.433172
-0.434742
-0.436038
-0.436967
-0.437385
-0.437103
-0.435824
-0.433123
-0.428475
-0.42122
-0.410746
-0.396826
-0.380255
-0.363499
-0.350402
-0.344411
-0.34625
-0.353442
-0.362226
-0.369666
-0.374427
-0.376444
-0.376438
-0.375502
-0.374883
-0.375619
-0.378352
-0.383187
-0.389759
-0.397405
-0.40538
-0.412989
-0.419714
-0.425221
-0.429395
-0.432233
-0.433819
-0.434246
-0.433637
-0.432105
-0.429731
-0.426647
-0.422961
-0.418824
-0.414491
-0.410249
-0.406486
-0.403528
-0.401629
-0.400883
-0.401169
-0.402235
-0.403757
-0.40536
-0.40674
-0.407698
-0.408115
-0.407948
-0.407224
-0.406032
-0.404514
-0.402803
-0.401057
-0.399415
-0.397931
-0.396617
-0.39537
-0.394053
-0.392458
-0.390391
-0.387693
-0.384298
-0.380233
-0.375688
-0.370978
-0.366518
-0.362731
-0.359969
-0.358437
-0.358135
-0.358886
-0.360394
-0.36236
-0.364473
-0.366507
-0.368244
-0.369468
-0.369957
-0.369465
-0.367853
-0.365184
-0.36192
-0.358864
-0.357094
-0.357441
-0.360184
-0.364817
-0.370371
-0.375794
-0.380348
-0.383682
-0.385786
-0.386794
-0.38692
-0.386342
-0.385168
-0.383429
-0.38112
-0.378189
-0.374647
-0.370523
-0.365982
-0.361272
-0.356757
-0.352853
-0.349931
-0.348239
-0.347823
-0.348554
-0.350156
-0.35233
-0.354756
-0.357204
-0.359501
-0.361548
-0.363279
-0.364646
-0.365606
-0.366134
-0.366214
-0.365823
-0.364937
-0.363548
-0.361692
-0.359426
-0.356837
-0.354086
-0.351321
-0.348732
-0.346449
-0.34462
-0.343363
-0.342767
-0.342902
-0.343787
-0.345431
-0.347732
-0.350529
-0.353616
-0.356781
-0.359805
-0.362553
-0.364928
-0.366885
-0.368415
-0.369555
-0.370355
-0.370839
-0.371056
-0.371022
-0.37076
-0.370263
-0.369537
-0.368577
-0.367376
-0.365951
-0.364344
-0.362608
-0.360813
-0.359068
-0.357497
-0.356169
-0.355175
-0.354557
-0.354306
-0.3544
-0.354751
-0.355283
-0.355916
-0.356566
-0.357199
-0.357806
-0.35839
-0.359005
-0.359695
-0.360499
-0.361462
-0.362615
-0.363968
-0.365497
-0.367167
-0.368933
-0.370747
-0.37254
-0.374239
-0.3758
-0.37715
-0.378243
-0.379031
-0.379465
-0.379544
-0.379231
-0.378522
-0.377416
-0.375907
-0.374064
-0.371893
-0.369501
-0.366939
-0.364305
-0.36171
-0.359223
-0.35693
-0.354872
-0.353037
-0.351367
-0.349731
-0.347913
-0.345608
-0.342464
-0.338185
-0.332685
-0.3264
-0.320422
-0.31645
-0.316206
-0.320427
-0.328432
-0.338435
-0.348536
-0.357347
-0.364246
-0.369183
-0.372429
-0.374361
-0.375327
-0.37565
-0.375556
-0.375208
-0.37472
-0.37415
-0.37352
-0.3728
-0.371925
-0.370825
-0.369389
-0.367503
-0.365063
-0.362064
-0.358606
-0.354924
-0.351366
-0.348357
-0.346232
-0.345182
-0.345186
-0.346061
-0.347582
-0.349567
-0.351919
-0.354559
-0.357411
-0.360349
-0.363154
-0.365623
-0.367549
-0.368768
-0.369195
-0.368776
-0.367501
-0.365369
-0.362405
-0.358624
-0.354106
-0.348974
-0.343444
-0.337892
-0.332826
-0.328877
-0.326689
-0.326709
-0.329061
-0.33341
-0.339157
-0.345552
-0.351925
-0.357802
-0.362857
-0.366944
-0.37001
-0.372044
-0.373102
-0.373239
-0.37255
-0.371117
-0.369061
-0.366469
-0.363451
-0.36013
-0.356593
-0.352972
-0.349342
-0.345782
-0.342385
-0.339223
-0.336405
-0.334105
-0.332484
-0.331742
-0.332059
-0.333513
-0.336074
-0.339547
-0.343631
-0.347945
-0.352067
-0.355654
-0.35839
-0.360044
-0.360399
-0.359291
-0.356572
-0.352132
-0.345956
-0.338219
-0.329341
-0.320053
-0.311332
-0.3043
-0.299812
-0.298397
-0.300063
-0.30441
-0.310771
-0.318375
-0.326483
-0.334486
-0.341929
-0.348533
-0.354174
-0.358854
-0.362639
-0.365657
-0.368032
-0.369873
-0.37127
-0.372277
-0.372914
-0.373151
-0.372931
-0.372147
-0.370687
-0.368433
-0.365277
-0.361254
-0.356495
-0.351365
-0.346372
-0.342094
-0.338997
-0.337238
-0.336674
-0.336866
-0.337341
-0.337735
-0.337907
-0.337938
-0.338075
-0.338641
-0.339979
-0.342368
-0.345924
-0.350649
-0.356382
-0.362855
-0.369742
-0.376676
-0.383324
-0.389413
-0.394744
-0.399169
-0.402609
-0.405029
-0.406423
-0.406817
-0.406257
-0.404809
-0.402563
-0.399706
-0.396447
-0.393082
-0.38993
-0.387311
-0.385483
-0.384603
-0.384662
-0.385493
-0.386846
-0.388366
-0.389728
-0.390658
-0.39099
-0.390607
-0.389492
-0.387708
-0.385364
-0.382637
-0.379732
-0.37686
-0.374246
-0.372063
-0.370478
-0.369568
-0.369373
-0.3699
-0.371117
-0.373008
-0.375572
-0.378797
-0.382664
-0.387079
-0.391893
-0.396859
-0.401719
-0.406143
-0.409862
-0.412634
-0.414275
-0.414666
-0.413726
-0.411457
-0.407913
-0.403225
-0.397631
-0.391473
-0.385216
-0.379414
-0.374582
-0.371173
-0.369436
-0.369407
-0.370871
-0.373418
-0.376553
-0.379774
-0.382645
-0.384841
-0.386241
-0.386852
-0.386845
-0.386484
-0.386096
-0.385942
-0.386176
-0.386797
-0.387696
-0.388544
-0.388885
-0.388159
-0.385764
-0.381217
-0.374268
-0.365295
-0.355517
-0.346987
-0.341981
-0.341855
-0.346283
-0.353509
-0.361403
-0.368311
-0.373315
-0.376083
-0.376598
-0.374987
-0.371497
-0.366475
-0.360442
-0.354039
-0.34796
-0.342801
-0.338929
-0.33646
-0.335291
-0.335223
-0.336004
-0.337384
-0.339117
-0.341022
-0.34297
-0.344888
-0.346759
-0.348574
-0.350297
-0.351884
-0.35328
-0.354421
-0.355255
-0.355747
-0.355925
-0.355797
-0.355433
-0.354864
-0.354173
-0.353399
-0.3526
-0.351801
-0.351024
-0.350263
-0.349521
-0.348804
-0.348096
-0.347394
-0.346683
-0.345952
-0.34521
-0.344446
-0.343621
-0.34274
-0.341759
-0.340643
-0.339357
-0.337871
-0.336155
-0.33422
-0.332087
-0.32982
-0.327522
-0.325328
-0.32338
-0.321832
-0.320753
-0.320179
-0.320043
-0.320226
-0.320571
-0.320917
-0.321144
-0.321165
-0.320967
-0.320614
-0.320191
-0.319805
-0.319591
-0.319651
-0.320064
-0.320831
-0.321923
-0.32328
-0.324809
-0.326419
-0.328034
-0.329587
-0.331048
-0.332371
-0.33355
-0.334583
-0.335468
-0.33622
-0.336825
-0.337298
-0.33766
-0.337911
-0.338069
-0.338181
-0.33829
-0.338426
-0.338647
-0.339013
-0.339556
-0.340307
-0.341254
-0.342356
-0.343552
-0.344732
-0.345744
-0.346423
-0.346583
-0.346015
-0.344564
-0.342125
-0.338656
-0.334224
-0.329017
-0.323256
-0.317094
-0.310516
-0.303407
-0.295834
-0.288456
-0.28281
-0.280918
-0.284265
-0.292683
-0.304458
-0.317292
-0.329405
-0.339841
-0.348351
-0.355013
-0.36002
-0.363538
-0.365703
-0.366603
-0.366332
-0.36499
-0.362722
-0.359712
-0.356199
-0.352448
-0.348776
-0.34552
-0.343048
-0.341736
-0.341943
-0.343913
-0.347695
-0.353074
-0.359561
-0.366554
-0.37343
-0.379655
-0.38485
-0.388776
-0.391291
-0.392284
-0.391649
-0.389271
-0.385001
-0.378724
-0.370397
-0.360129
-0.348319
-0.335751
-0.323779
-0.314356
-0.309568
-0.31079
-0.317683
-0.328195
-0.339541
-0.349476
-0.35685
-0.361596
-0.364252
-0.365606
-0.366401
-0.367123
-0.367951
-0.36881
-0.369506
-0.369845
-0.369725
-0.369146
-0.368204
-0.367045
-0.365818
-0.364668
-0.363686
-0.362943
-0.362423
-0.36211
-0.361945
-0.36187
-0.361814
-0.361725
-0.361555
-0.361261
-0.360851
-0.360331
-0.359702
-0.358979
-0.358137
-0.357191
-0.356134
-0.354974
-0.353722
-0.352442
-0.351228
-0.350228
-0.34961
-0.349516
-0.350063
-0.351246
-0.353001
-0.355147
-0.357466
-0.359743
-0.361727
-0.363214
-0.36402
-0.363994
-0.36303
-0.361028
-0.357975
-0.353928
-0.349107
-0.343894
-0.338807
-0.334431
-0.33129
-0.329686
-0.32957
-0.330626
-0.332353
-0.334257
-0.335957
-0.337241
-0.338084
-0.338587
-0.338976
-0.339484
-0.340324
-0.341635
-0.34346
-0.345765
-0.348455
-0.351426
-0.354586
-0.357836
-0.361072
-0.36423
-0.367237
-0.370025
-0.37257
-0.374863
-0.376934
-0.378827
-0.380593
-0.382255
-0.383813
-0.385213
-0.38634
-0.387071
-0.387277
-0.386827
-0.385646
-0.383687
-0.380976
-0.377581
-0.373622
-0.369257
-0.364679
-0.360131
-0.35591
-0.352342
-0.34979
-0.348597
-0.349021
-0.351184
-0.355034
-0.360349
-0.366709
-0.373658
-0.380712
-0.38748
-0.393644
-0.399007
-0.403419
-0.406867
-0.409347
-0.410898
-0.411588
-0.411507
-0.410755
-0.40945
-0.407724
-0.405765
-0.403718
-0.401772
-0.400044
-0.398609
-0.397484
-0.396636
-0.395975
-0.395419
-0.394885
-0.394367
-0.393904
-0.393579
-0.393481
-0.39368
-0.394161
-0.394807
-0.395433
-0.395787
-0.395654
-0.394963
-0.393799
-0.392441
-0.391321
-0.390903
-0.391509
-0.393241
-0.395944
-0.399259
-0.402763
-0.406085
-0.409024
-0.411503
-0.413594
-0.415422
-0.417131
-0.418801
-0.420473
-0.422106
-0.423661
-0.42508
-0.426303
-0.427311
-0.428052
-0.428518
-0.428661
-0.428439
-0.427847
-0.426924
-0.425717
-0.424361
-0.42299
-0.421768
-0.420846
-0.420309
-0.420217
-0.420534
-0.42118
-0.422028
-0.422936
-0.42375
-0.424316
-0.424518
-0.424234
-0.423367
-0.421842
-0.419589
-0.416558
-0.412747
-0.408207
-0.403082
-0.39761
-0.392128
-0.387045
-0.38277
-0.379638
-0.377803
-0.377261
-0.377797
-0.37911
-0.380886
-0.382836
-0.384756
-0.386532
-0.388095
-0.389411
-0.390515
-0.391437
-0.392204
-0.392841
-0.393312
-0.393571
-0.393531
-0.393073
-0.392133
-0.390721
-0.388968
-0.387099
-0.385434
-0.384288
-0.383857
-0.384171
-0.385068
-0.386285
-0.387537
-0.38855
-0.389158
-0.389208
-0.388608
-0.387248
-0.384948
-0.381464
-0.376492
-0.369722
-0.360972
-0.350424
-0.338868
-0.327936
-0.319716
-0.315961
-0.31707
-0.321902
-0.328466
-0.334941
-0.340205
-0.343878
-0.34608
-0.347156
-0.347539
-0.347672
-0.347964
-0.34868
-0.349961
-0.351727
-0.353734
-0.355581
-0.356806
-0.356933
-0.355543
-0.352259
-0.346889
-0.339513
-0.330707
-0.321631
-0.313938
-0.309238
-0.308369
-0.310917
-0.315529
-0.32058
-0.324854
-0.327779
-0.329318
-0.329819
-0.329802
-0.329758
-0.330118
-0.331051
-0.332555
-0.334401
-0.336317
-0.33803
-0.33934
-0.340169
-0.34053
-0.340546
-0.34038
-0.340242
-0.340294
-0.340657
-0.341338
-0.342256
-0.343244
-0.344053
-0.344453
-0.344174
-0.343006
-0.340822
-0.337624
-0.333544
-0.328875
-0.324058
-0.319609
-0.316081
-0.313933
-0.313471
-0.314809
-0.317887
-0.322423
-0.328017
-0.334141
-0.340284
-0.346014
-0.351011
-0.355115
-0.358289
-0.360617
-0.362249
-0.363372
-0.36416
-0.364777
-0.365319
-0.36581
-0.366188
-0.366314
-0.366047
-0.365218
-0.363788
-0.361833
-0.359609
-0.357558
-0.35622
-0.356054
-0.357327
-0.359969
-0.363629
-0.367813
-0.372066
-0.376027
-0.379449
-0.382182
-0.384119
-0.385137
-0.38514
-0.384038
-0.381806
-0.378488
-0.374248
-0.36937
-0.364251
-0.359427
-0.355416
-0.352623
-0.351239
-0.351171
-0.352152
-0.353869
-0.356068
-0.358666
-0.361732
-0.365503
-0.370289
-0.376236
-0.383215
-0.390858
-0.398633
-0.406031
-0.412685
-0.418396
-0.42314
-0.426963
-0.429944
-0.432157
-0.43366
-0.434484
-0.43462
-0.434016
-0.43263
-0.430391
-0.42729
-0.423397
-0.418902
-0.414214
-0.409878
-0.406509
-0.404619
-0.404476
-0.405966
-0.408688
-0.412114
-0.4157
-0.419081
-0.422
-0.424343
-0.426085
-0.427219
-0.427775
-0.427807
-0.427415
-0.426701
-0.425817
-0.424944
-0.42426
-0.423934
-0.424096
-0.424797
-0.426007
-0.427612
-0.429461
-0.431337
-0.432994
-0.434167
-0.434617
-0.434087
-0.432365
-0.429325
-0.424986
-0.419571
-0.413558
-0.407675
-0.402776
-0.3996
-0.398513
-0.399417
-0.401786
-0.404904
-0.408065
-0.410714
-0.4125
-0.413273
-0.413013
-0.411771
-0.409499
-0.405998
-0.400987
-0.394181
-0.385574
-0.375676
-0.365729
-0.357569
-0.353106
-0.353451
-0.358391
-0.366553
-0.376247
-0.386136
-0.395451
-0.403875
-0.411263
-0.417505
-0.422509
-0.42621
-0.428574
-0.429651
-0.429542
-0.428409
-0.426511
-0.42412
-0.421551
-0.419119
-0.417033
-0.415465
-0.414435
-0.413903
-0.413753
-0.413824
-0.414002
-0.414195
-0.414343
-0.414444
-0.414494
-0.414525
-0.41456
-0.414604
-0.414686
-0.414789
-0.414885
-0.414943
-0.414902
-0.414746
-0.414416
-0.413875
-0.413082
-0.412018
-0.410684
-0.409108
-0.407312
-0.405393
-0.403469
-0.401722
-0.400338
-0.39948
-0.399289
-0.399825
-0.40103
-0.402771
-0.404891
-0.407193
-0.409503
-0.411676
-0.413598
-0.415208
-0.41648
-0.41736
-0.417879
-0.41809
-0.418069
-0.417932
-0.417817
-0.417842
-0.418073
-0.418493
-0.418982
-0.419342
-0.419325
-0.41866
-0.41714
-0.414622
-0.411055
-0.406537
-0.401329
-0.395792
-0.390389
-0.385638
-0.382032
-0.379918
-0.379483
-0.380681
-0.383259
-0.38685
-0.391074
-0.395604
-0.400206
-0.404739
-0.409082
-0.413052
-0.416456
-0.419056
-0.420631
-0.421019
-0.420187
-0.418286
-0.415658
-0.412804
-0.410294
-0.408594
-0.407962
-0.408313
-0.409281
-0.410297
-0.410694
-0.409856
-0.407156
-0.402129
-0.394591
-0.384865
-0.374054
-0.364024
-0.356896
-0.353982
-0.355048
-0.358527
-0.36268
-0.366618
-0.370486
-0.374958
-0.38043
-0.386637
-0.392826
-0.398154
-0.402045
-0.404285
-0.40505
-0.40468
-0.403573
-0.402148
-0.400727
-0.399528
-0.398677
-0.398181
-0.397986
-0.39795
-0.397957
-0.397878
-0.397615
-0.397089
-0.396295
-0.395258
-0.394028
-0.392686
-0.391334
-0.390047
-0.388924
-0.387985
-0.387242
-0.386661
-0.386199
-0.385797
-0.385417
-0.385043
-0.384684
-0.384348
-0.38407
-0.383852
-0.383699
-0.383563
-0.383359
-0.383014
-0.382426
-0.381488
-0.380161
-0.378452
-0.376411
-0.374174
-0.371952
-0.369947
-0.368385
-0.367457
-0.367256
-0.367779
-0.368914
-0.370471
-0.372228
-0.373958
-0.375472
-0.376627
-0.377363
-0.377695
-0.377706
-0.377528
-0.377345
-0.377322
-0.37759
-0.378219
-0.379184
-0.380418
-0.381798
-0.383237
-0.384643
-0.385979
-0.387237
-0.38841
-0.389499
-0.390534
-0.391504
-0.392412
-0.393248
-0.394
-0.394635
-0.395142
-0.395489
-0.395634
-0.39555
-0.39519
-0.394496
-0.393417
-0.39185
-0.3897
-0.386855
-0.383224
-0.378745
-0.373448
-0.367475
-0.361143
-0.354933
-0.349431
-0.34524
-0.342829
-0.342436
-0.344013
-0.347252
-0.351644
-0.356618
-0.361615
-0.366158
-0.369931
-0.372804
-0.374793
-0.376024
-0.376718
-0.37711
-0.377441
-0.377859
-0.37844
-0.379201
-0.380059
-0.380887
-0.381578
-0.382003
-0.382076
-0.381744
-0.380965
-0.379764
-0.37817
-0.376253
-0.374109
-0.371863
-0.369669
-0.367666
-0.366006
-0.364808
-0.364126
-0.363972
-0.364291
-0.364994
-0.365952
-0.367039
-0.36811
-0.369065
-0.369817
-0.370285
-0.370458
-0.370361
-0.370047
-0.369631
-0.369268
-0.369141
-0.369407
-0.370161
-0.371464
-0.373266
-0.375456
-0.377888
-0.380356
-0.382709
-0.384799
-0.386516
-0.387777
-0.388544
-0.38879
-0.388526
-0.387756
-0.386486
-0.384712
-0.382442
-0.379668
-0.376358
-0.372523
-0.368233
-0.36372
-0.359415
-0.356034
-0.354443
-0.355311
-0.358824
-0.364488
-0.371323
-0.378212
-0.384233
-0.388805
-0.391655
-0.392671
-0.391869
-0.389291
-0.385114
-0.379762
-0.374017
-0.369
-0.366028
-0.366051
-0.369283
-0.375058
-0.382147
-0.389268
-0.395434
-0.400101
-0.403059
-0.404341
-0.404052
-0.402368
-0.399419
-0.395271
-0.390015
-0.38368
-0.376383
-0.368375
-0.360109
-0.352211
-0.345333
-0.339972
-0.336096
-0.333167
-0.330332
-0.326905
-0.322828
-0.318912
-0.316526
-0.316924
-0.320579
-0.326912
-0.334712
-0.342677
-0.349889
-0.355921
-0.360681
-0.364285
-0.366935
-0.368868
-0.37029
-0.371386
-0.37227
-0.372971
-0.37346
-0.37364
-0.373443
-0.372812
-0.371725
-0.370206
-0.368394
-0.366452
-0.36461
-0.363085
-0.362068
-0.361691
-0.361961
-0.362766
-0.363883
-0.365041
-0.365961
-0.366378
-0.366073
-0.364906
-0.3628
-0.359753
-0.355892
-0.351463
-0.346848
-0.342559
-0.339129
-0.336997
-0.336382
-0.337238
-0.3393
-0.342147
-0.345358
-0.348558
-0.35149
-0.353972
-0.355903
-0.357248
-0.358017
-0.358257
-0.358034
-0.357434
-0.356608
-0.355657
-0.354738
-0.353996
-0.353538
-0.353455
-0.353819
-0.354641
-0.355908
-0.357532
-0.359334
-0.361082
-0.36247
-0.363165
-0.362877
-0.361427
-0.358819
-0.355335
-0.351599
-0.348447
-0.346828
-0.347404
-0.350336
-0.355154
-0.360973
-0.366767
-0.371739
-0.375417
-0.377725
-0.378921
-0.379508
-0.380061
-0.381129
-0.383013
-0.385741
-0.389069
-0.392641
-0.396057
-0.398987
-0.401278
-0.402881
-0.40387
-0.404409
-0.404687
-0.40492
-0.405308
-0.406009
-0.407162
-0.408809
-0.410939
-0.413505
-0.41642
-0.419542
-0.422711
-0.425747
-0.428429
-0.430467
-0.431472
-0.430966
-0.428363
-0.422966
-0.414175
-0.401916
-0.387194
-0.372563
-0.361658
-0.357283
-0.359391
-0.365154
-0.371008
-0.374537
-0.375008
-0.372979
-0.369724
-0.366781
-0.365517
-0.366801
-0.370779
-0.376941
-0.384439
-0.392412
-0.400157
-0.407269
-0.413515
-0.41882
-0.423186
-0.426619
-0.429137
-0.430759
-0.43144
-0.431052
-0.429443
-0.426326
-0.421416
-0.41443
-0.405353
-0.394692
-0.383766
-0.37469
-0.369688
-0.369958
-0.374876
-0.382456
-0.390492
-0.397426
-0.402613
-0.406098
-0.408228
-0.409435
-0.410115
-0.410526
-0.410781
-0.410902
-0.410797
-0.410332
-0.409358
-0.407681
-0.405142
-0.401606
-0.396979
-0.391252
-0.384501
-0.376854
-0.368528
-0.359774
-0.350965
-0.34276
-0.336082
-0.332149
-0.332042
-0.336222
-0.344164
-0.354511
-0.365542
-0.375765
-0.384227
-0.390503
-0.394572
-0.396651
-0.397073
-0.39621
-0.394403
-0.391978
-0.389237
-0.386418
-0.383732
-0.381317
-0.379287
-0.377644
-0.376365
-0.375397
-0.374632
-0.374002
-0.373447
-0.372908
-0.372382
-0.371867
-0.371405
-0.371034
-0.370774
-0.370622
-0.370561
-0.370585
-0.370667
-0.370816
-0.371016
-0.371275
-0.37161
-0.372034
-0.372541
-0.373142
-0.373822
-0.374553
-0.375302
-0.37606
-0.376786
-0.377465
-0.378067
-0.378592
-0.379009
-0.379328
-0.379531
-0.379628
-0.379627
-0.37951
-0.379299
-0.378976
-0.378588
-0.37815
-0.377666
-0.377169
-0.376688
-0.376268
-0.375944
-0.375756
-0.375739
-0.375916
-0.376309
-0.376922
-0.377755
-0.378774
-0.379953
-0.381245
-0.382623
-0.384036
-0.385424
-0.386769
-0.388043
-0.389205
-0.390247
-0.391152
-0.391899
-0.392477
-0.392857
-0.393034
-0.392958
-0.392589
-0.391887
-0.39083
-0.389411
-0.38768
-0.3857
-0.383662
-0.38175
-0.380273
-0.37947
-0.37957
-0.380696
-0.382837
-0.385876
-0.389583
-0.393676
-0.397821
-0.40175
-0.405224
-0.408038
-0.410102
-0.411377
-0.411921
-0.41185
-0.411344
-0.410647
-0.409969
-0.409475
-0.409271
-0.409386
-0.409753
-0.41029
-0.410917
-0.411605
-0.412381
-0.413276
-0.414355
-0.415614
-0.416972
-0.418238
-0.419098
-0.419155
-0.417973
-0.415142
-0.410376
-0.403731
-0.39573
-0.387522
-0.380707
-0.376777
-0.376485
-0.379404
-0.384307
-0.389781
-0.394768
-0.398739
-0.401603
-0.403443
-0.40444
-0.404669
-0.404006
-0.402123
-0.398374
-0.392015
-0.382727
-0.371538
-0.361562
-0.357406
-0.362308
-0.375575
-0.393112
-0.410498
-0.425162
-0.436434
-0.444722
-0.450735
-0.455142
-0.458432
-0.460936
-0.462856
-0.464287
-0.465284
-0.465862
-0.46603
-0.465813
-0.465202
-0.464242
-0.462959
-0.461416
-0.459657
-0.457766
-0.455839
-0.45398
-0.452299
-0.450886
-0.449825
-0.449197
-0.44904
-0.449381
-0.450206
-0.451513
-0.453261
-0.455403
-0.457888
-0.460659
-0.463644
-0.466748
-0.469898
-0.472998
-0.475962
-0.478718
-0.481214
-0.483379
-0.485186
-0.486585
-0.487563
-0.488083
-0.488114
-0.487616
-0.486529
-0.484779
-0.482247
-0.478887
-0.474678
-0.469688
-0.464184
-0.458586
-0.453454
-0.449245
-0.446176
-0.444166
-0.442886
-0.441975
-0.44112
-0.440027
-0.438352
-0.435757
-0.432034
-0.427245
-0.421796
-0.416355
-0.411665
-0.408398
-0.407192
-0.408668
-0.413239
-0.420854
-0.430755
-0.441779
-0.452694
-0.462602
-0.470967
-0.477649
-0.482701
-0.486299
-0.488613
-0.489796
-0.489972
-0.489238
-0.48767
-0.485328
-0.482349
-0.478868
-0.475106
-0.471358
-0.467901
-0.464973
-0.462708
-0.4611
-0.460033
-0.459347
-0.458862
-0.45851
-0.458302
-0.458299
-0.45856
-0.459113
-0.459962
-0.461042
-0.462261
-0.463531
-0.464792
-0.466011
-0.467154
-0.468254
-0.469328
-0.470399
-0.471484
-0.472613
-0.473784
-0.474989
-0.476214
-0.477448
-0.478664
-0.479816
-0.480875
-0.481843
-0.482687
-0.483402
-0.484006
-0.48453
-0.485013
-0.485457
-0.485906
-0.486352
-0.486796
-0.487225
-0.487598
-0.48783
-0.487882
-0.487621
-0.486934
-0.485647
-0.483595
-0.480607
-0.47656
-0.471461
-0.465584
-0.459572
-0.454462
-0.45147
-0.451583
-0.455078
-0.46144
-0.469582
-0.478357
-0.486864
-0.494632
-0.501476
-0.507406
-0.512515
-0.516938
-0.520767
-0.524069
-0.526886
-0.52924
-0.531131
-0.532524
-0.533388
-0.533645
-0.533214
-0.532003
-0.529901
-0.526806
-0.522652
-0.51742
-0.511162
-0.504033
-0.496334
-0.48847
-0.481062
-0.474947
-0.471067
-0.470192
-0.472564
-0.47768
-0.484441
-0.491602
-0.498108
-0.503309
-0.50689
-0.508759
-0.508932
-0.507481
-0.504512
-0.50021
-0.494898
-0.489102
-0.483557
-0.479066
-0.476281
-0.475465
-0.476397
-0.478469
-0.480969
-0.483256
-0.484891
-0.485702
-0.485658
-0.484835
-0.483368
-0.481439
-0.479254
-0.477022
-0.47498
-0.473325
-0.472195
-0.471685
-0.471828
-0.472631
-0.474054
-0.475986
-0.478186
-0.480361
-0.482146
-0.483223
-0.483367
-0.482534
-0.480852
-0.47861
-0.476203
-0.47404
-0.472457
-0.471623
-0.47154
-0.472034
-0.47292
-0.474011
-0.475192
-0.476372
-0.47752
-0.478632
-0.479708
-0.480765
-0.481797
-0.482831
-0.483871
-0.484932
-0.486019
-0.487123
-0.488215
-0.48926
-0.490231
-0.49109
-0.491783
-0.492267
-0.492521
-0.492514
-0.492246
-0.49171
-0.490945
-0.48999
-0.488901
-0.487707
-0.486461
-0.48521
-0.483976
-0.482835
-0.481828
-0.481088
-0.480708
-0.480787
-0.48138
-0.482476
-0.483989
-0.485808
-0.487793
-0.489838
-0.491871
-0.493858
-0.495835
-0.497825
-0.499888
-0.502042
-0.504342
-0.506792
-0.509371
-0.51205
-0.514805
-0.517583
-0.520365
-0.523116
-0.52583
-0.528466
-0.530999
-0.533378
-0.535569
-0.537522
-0.539163
-0.540447
-0.541311
-0.541733
-0.541664
-0.541099
-0.540083
-0.538665
-0.536948
-0.535035
-0.533021
-0.530977
-0.52889
-0.526678
-0.524175
-0.521171
-0.517456
-0.512864
-0.507288
-0.500747
-0.493458
-0.485924
-0.478993
-0.473769
-0.471374
-0.472562
-0.477372
-0.485087
-0.494545
-0.50451
-0.514031
-0.522516
-0.529723
-0.535632
-0.540315
-0.543879
-0.546429
-0.548052
-0.548832
-0.5488
-0.548057
-0.546725
-0.544915
-0.542818
-0.540612
-0.538472
-0.536525
-0.534868
-0.533491
-0.532391
-0.531553
-0.531006
-0.530849
-0.53116
-0.532031
-0.53344
-0.535273
-0.537344
-0.539374
-0.541063
-0.542184
-0.542494
-0.541861
-0.540194
-0.537461
-0.533702
-0.529018
-0.523589
-0.517699
-0.511698
-0.506034
-0.501152
-0.497467
-0.49527
-0.494663
-0.495534
-0.497594
-0.500454
-0.503667
-0.506836
-0.509654
-0.511922
-0.513496
-0.514344
-0.51449
-0.514028
-0.513096
-0.51185
-0.510539
-0.509341
-0.508484
-0.508095
-0.508254
-0.508935
-0.510066
-0.51152
-0.513146
-0.51482
-0.516427
-0.517886
-0.519138
-0.520137
-0.520841
-0.521223
-0.521264
-0.520907
-0.520122
-0.518871
-0.517135
-0.514904
-0.512176
-0.508998
-0.50543
-0.501544
-0.49747
-0.493328
-0.489268
-0.485431
-0.481952
-0.478936
-0.476487
-0.474649
-0.473449
-0.472848
-0.472747
-0.472944
-0.473108
-0.472713
-0.47103
-0.467108
-0.459902
-0.448639
-0.433557
-0.41692
-0.403481
-0.398725
-0.40514
-0.420286
-0.438981
-0.45688
-0.471923
-0.483791
-0.492927
-0.499887
-0.505155
-0.509081
-0.511944
-0.513954
-0.515284
-0.516061
-0.5164
-0.516368
-0.516035
-0.515426
-0.514577
-0.513557
-0.512396
-0.511122
-0.50975
-0.508275
-0.506679
-0.504946
-0.503008
-0.500792
-0.498254
-0.495369
-0.492106
-0.488502
-0.484632
-0.480619
-0.476661
-0.472945
-0.469676
-0.467019
-0.465065
-0.463888
-0.463509
-0.463981
-0.465365
-0.467683
-0.470842
-0.474649
-0.478793
-0.482927
-0.486721
-0.48995
-0.492501
-0.494338
-0.495571
-0.49635
-0.496867
-0.49732
-0.497886
-0.498649
-0.499611
-0.500643
-0.501519
-0.501935
-0.501542
-0.500007
-0.497025
-0.492418
-0.486194
-0.47856
-0.470051
-0.461493
-0.453919
-0.448342
-0.445388
-0.445098
-0.446913
-0.449904
-0.453102
-0.455826
-0.457748
-0.458905
-0.459651
-0.46051
-0.462041
-0.464669
-0.468573
-0.473614
-0.479432
-0.485595
-0.491636
-0.497209
-0.502093
-0.506156
-0.509342
-0.511648
-0.513069
-0.513607
-0.513237
-0.51193
-0.509651
-0.506375
-0.502096
-0.496879
-0.490901
-0.484416
-0.47788
-0.471821
-0.466792
-0.463142
-0.460899
-0.45959
-0.458348
-0.456039
-0.451539
-0.443953
-0.432941
-0.419018
-0.404026
-0.391274
-0.384906
-0.387883
-0.399944
-0.417495
-0.435911
-0.451821
-0.463814
-0.471947
-0.476932
-0.479631
-0.480724
-0.480665
-0.479715
-0.477915
-0.47524
-0.471615
-0.466985
-0.461335
-0.454751
-0.447446
-0.439783
-0.432278
-0.425578
-0.420336
-0.417127
-0.416227
-0.417594
-0.420859
-0.425443
-0.430724
-0.436118
-0.44119
-0.445637
-0.44927
-0.452002
-0.453797
-0.45466
-0.454591
-0.453619
-0.451738
-0.448999
-0.44547
-0.44126
-0.436576
-0.431733
-0.427094
-0.423058
-0.419926
-0.417807
-0.416563
-0.415888
-0.415345
-0.414548
-0.413206
-0.4112
-0.408542
-0.405401
-0.402055
-0.398805
-0.39597
-0.393837
-0.392573
-0.39223
-0.392739
-0.393947
-0.395619
-0.397515
-0.399384
-0.401017
-0.402238
-0.402946
-0.403076
-0.40263
-0.401629
-0.400136
-0.398254
-0.396106
-0.393809
-0.391524
-0.389382
-0.387531
-0.386135
-0.385295
-0.385088
-0.385524
-0.386598
-0.388192
-0.390168
-0.392368
-0.394623
-0.396804
-0.398785
-0.400483
-0.40184
-0.402833
-0.403453
-0.40369
-0.403562
-0.403101
-0.402345
-0.401334
-0.400131
-0.398787
-0.397369
-0.395919
-0.394501
-0.39318
-0.392007
-0.391065
-0.390475
-0.390323
-0.390701
-0.391646
-0.393124
-0.394945
-0.396792
-0.398243
-0.398818
-0.398056
-0.395637
-0.391451
-0.385751
-0.379223
-0.372946
-0.367985
-0.364985
-0.363845
-0.363854
-0.364135
-0.364209
-0.36417
-0.364523
-0.365855
-0.368457
-0.37218
-0.376576
-0.381072
-0.385227
-0.388763
-0.391616
-0.393853
-0.395602
-0.396972
-0.398082
-0.398957
-0.399647
-0.400141
-0.400474
-0.400639
-0.400659
-0.400562
-0.400355
-0.400049
-0.39963
-0.399041
-0.398197
-0.396943
-0.3951
-0.39239
-0.388586
-0.383535
-0.377291
-0.370267
-0.363312
-0.357601
-0.354251
-0.35384
-0.356198
-0.360466
-0.365567
-0.370677
-0.375262
-0.37917
-0.382379
-0.384979
-0.387049
-0.388648
-0.389805
-0.390535
-0.390847
-0.390777
-0.390307
-0.389459
-0.388236
-0.386667
-0.384784
-0.382677
-0.38051
-0.378556
-0.377137
-0.376573
-0.377135
-0.37888
-0.38164
-0.385083
-0.38876
-0.392244
-0.395192
-0.397364
-0.398632
-0.398983
-0.398416
-0.397028
-0.394928
-0.392256
-0.3892
-0.385989
-0.382916
-0.380288
-0.378394
-0.377446
-0.377555
-0.378686
-0.38066
-0.383243
-0.386153
-0.389111
-0.391905
-0.394378
-0.396384
-0.397836
-0.398664
-0.398793
-0.398163
-0.396694
-0.39426
-0.390703
-0.385887
-0.379838
-0.372892
-0.365929
-0.360289
-0.357378
-0.357927
-0.361621
-0.367254
-0.373453
-0.379271
-0.384299
-0.388566
-0.392202
-0.395186
-0.397313
-0.398182
-0.397323
-0.394366
-0.389192
-0.382159
-0.374234
-0.366912
-0.361854
-0.360249
-0.3623
-0.367293
-0.37404
-0.381392
-0.388532
-0.395005
-0.40069
-0.405725
-0.410378
-0.414941
-0.4196
-0.424394
-0.429256
-0.434024
-0.438535
-0.442613
-0.446123
-0.448967
-0.45103
-0.452219
-0.452432
-0.451542
-0.449423
-0.445914
-0.440853
-0.43409
-0.425563
-0.415259
-0.403355
-0.390301
-0.37687
-0.364131
-0.353412
-0.346037
-0.343034
-0.344795
-0.350949
-0.360428
-0.371832
-0.383784
-0.395197
-0.405365
-0.413906
-0.420746
-0.425978
-0.429762
-0.432329
-0.433873
-0.434581
-0.434604
-0.434073
-0.43306
-0.431628
-0.429812
-0.427636
-0.425093
-0.422224
-0.419092
-0.415792
-0.412427
-0.409107
-0.405912
-0.402844
-0.399864
-0.39692
-0.394127
-0.391799
-0.390533
-0.391078
-0.394
-0.399373
-0.406655
-0.414868
-0.42299
-0.430221
-0.436137
-0.440597
-0.443674
-0.445556
-0.446458
-0.446593
-0.446154
-0.445296
-0.444155
-0.442852
-0.441482
-0.440116
-0.438816
-0.437615
-0.436545
-0.435587
-0.434693
-0.433815
-0.432868
-0.431754
-0.430371
-0.428642
-0.42649
-0.423874
-0.420821
-0.417405
-0.413773
-0.410127
-0.406733
-0.403871
-0.40179
-0.400654
-0.400513
-0.401283
-0.402774
-0.404746
-0.406992
-0.409354
-0.411767
-0.41428
-0.417
-0.420028
-0.423485
-0.427391
-0.431679
-0.436217
-0.440793
-0.445202
-0.449251
-0.45276
-0.455647
-0.457861
-0.459396
-0.460269
-0.460517
-0.460185
-0.45933
-0.458038
-0.456375
-0.45447
-0.452477
-0.450574
-0.448956
-0.447836
-0.447373
-0.447702
-0.448829
-0.450684
-0.453113
-0.455922
-0.458923
-0.461943
-0.464865
-0.467606
-0.470118
-0.472406
-0.474483
-0.476357
-0.478087
-0.479646
-0.481025
-0.482217
-0.483153
-0.483758
-0.483891
-0.483417
-0.48212
-0.479755
-0.476077
-0.470905
-0.464186
-0.456149
-0.447362
-0.438727
-0.431291
-0.425951
-0.423193
-0.423065
-0.425391
-0.429969
-0.436563
-0.444807
-0.454063
-0.463471
-0.47213
-0.479325
-0.48456
-0.487623
-0.4885
-0.487368
-0.484501
-0.480307
-0.475251
-0.469852
-0.464576
-0.459857
-0.455927
-0.452829
-0.450408
-0.448344
-0.446287
-0.443938
-0.441205
-0.438201
-0.435262
-0.432827
-0.431263
-0.430751
-0.431263
-0.432616
-0.434691
-0.437494
-0.441194
-0.445977
-0.451849
-0.458585
-0.465717
-0.472704
-0.479066
-0.484468
-0.488735
-0.491808
-0.493748
-0.494634
-0.494559
-0.493604
-0.491792
-0.489144
-0.485621
-0.481153
-0.475647
-0.469043
-0.46138
-0.452905
-0.444192
-0.436163
-0.429917
-0.426414
-0.426007
-0.428306
-0.432329
-0.436997
-0.441407
-0.445043
-0.447696
-0.449398
-0.450274
-0.450504
-0.450271
-0.449732
-0.449
-0.448201
-0.447406
-0.446674
-0.446033
-0.445485
-0.445014
-0.444576
-0.444096
-0.44348
-0.442644
-0.441487
-0.439938
-0.437942
-0.43548
-0.432583
-0.429383
-0.426029
-0.422789
-0.420008
-0.417997
-0.417017
-0.417163
-0.418345
-0.420289
-0.422567
-0.42474
-0.426449
-0.427414
-0.427476
-0.426574
-0.424749
-0.422071
-0.418689
-0.414791
-0.410543
-0.40615
-0.401778
-0.397642
-0.393917
-0.390768
-0.388352
-0.386793
-0.386161
-0.386464
-0.387654
-0.38958
-0.39209
-0.395004
-0.398164
-0.401429
-0.404687
-0.407855
-0.410893
-0.413753
-0.416384
-0.418729
-0.420709
-0.42224
-0.423247
-0.423642
-0.423385
-0.422436
-0.420818
-0.418616
-0.416013
-0.413263
-0.410703
-0.408661
-0.407444
-0.407228
-0.407995
-0.409606
-0.411755
-0.414147
-0.416518
-0.418661
-0.420457
-0.42185
-0.422813
-0.423367
-0.42355
-0.423414
-0.422974
-0.422265
-0.421324
-0.420157
-0.418788
-0.417254
-0.415557
-0.413707
-0.411698
-0.409529
-0.407173
-0.40461
-0.401776
-0.398646
-0.395169
-0.39133
-0.387164
-0.382757
-0.378242
-0.373812
-0.369604
-0.365781
-0.36244
-0.359715
-0.357775
-0.35689
-0.357422
-0.359691
-0.363811
-0.369545
-0.376294
-0.383299
-0.389803
-0.395278
-0.399452
-0.402261
-0.403786
-0.404178
-0.403604
-0.402256
-0.40027
-0.39777
-0.394862
-0.391647
-0.388237
-0.384761
-0.381363
-0.378244
-0.375612
-0.373685
-0.372635
-0.37259
-0.373523
-0.375376
-0.377938
-0.380981
-0.384254
-0.387512
-0.390567
-0.393312
-0.39562
-0.397465
-0.398772
-0.399508
-0.399636
-0.3991
-0.397875
-0.395934
-0.393296
-0.390054
-0.386399
-0.382617
-0.379076
-0.376155
-0.374137
-0.373137
-0.373045
-0.373588
-0.374451
-0.375329
-0.376042
-0.376527
-0.3768
-0.376925
-0.376998
-0.377112
-0.377307
-0.377603
-0.377985
-0.378396
-0.378789
-0.379135
-0.379429
-0.379687
-0.380036
-0.380621
-0.381624
-0.383212
-0.385486
-0.388431
-0.39194
-0.395804
-0.399779
-0.403598
-0.407042
-0.409934
-0.41215
-0.413605
-0.414232
-0.413969
-0.412779
-0.41062
-0.407474
-0.403373
-0.398426
-0.392854
-0.387019
-0.381359
-0.37633
-0.372294
-0.369358
-0.367398
-0.36618
-0.365456
-0.365227
-0.36575
-0.367483
-0.370789
-0.375783
-0.382162
-0.389319
-0.39654
-0.403249
-0.409058
-0.413803
-0.417488
-0.420198
-0.422074
-0.423223
-0.423722
-0.423612
-0.422885
-0.421524
-0.41948
-0.416797
-0.413561
-0.409983
-0.406381
-0.403114
-0.400483
-0.398742
-0.397946
-0.398007
-0.398751
-0.399994
-0.40163
-0.403659
-0.406142
-0.409122
-0.412588
-0.416358
-0.420099
-0.423389
-0.425799
-0.426908
-0.426363
-0.423866
-0.419134
-0.411916
-0.402046
-0.38949
-0.374554
-0.358213
-0.342165
-0.32866
-0.319688
-0.316176
-0.31776
-0.32341
-0.332071
-0.342899
-0.355176
-0.368094
-0.380775
-0.392429
-0.402505
-0.410687
-0.41691
-0.421289
-0.424006
-0.425304
-0.42541
-0.424548
-0.422874
-0.420515
-0.417576
-0.41418
-0.410412
-0.406432
-0.402464
-0.398767
-0.395636
-0.393358
-0.392103
-0.391933
-0.392714
-0.394213
-0.396113
-0.39814
-0.400056
-0.401753
-0.403195
-0.404439
-0.405582
-0.406742
-0.408012
-0.409478
-0.411126
-0.412939
-0.414821
-0.416663
-0.41834
-0.419726
-0.420703
-0.421185
-0.4211
-0.420425
-0.419155
-0.417306
-0.414938
-0.41211
-0.40884
-0.40508
-0.400709
-0.395457
-0.389025
-0.381215
-0.372176
-0.362634
-0.35392
-0.347627
-0.344885
-0.345829
-0.349562
-0.354685
-0.359863
-0.364187
-0.367221
-0.368935
-0.369581
-0.369687
-0.369964
-0.371196
-0.374001
-0.378594
-0.384731
-0.39176
-0.398918
-0.40555
-0.411269
-0.415914
-0.419497
-0.422166
-0.424105
-0.425475
-0.426461
-0.427178
-0.427718
-0.428134
-0.428488
-0.428783
-0.429005
-0.429131
-0.429106
-0.428888
-0.428411
-0.427616
-0.426449
-0.424869
-0.422878
-0.420549
-0.418046
-0.415622
-0.413581
-0.412223
-0.41179
-0.412337
-0.413741
-0.41574
-0.417983
-0.420114
-0.421855
-0.423023
-0.423524
-0.42335
-0.422528
-0.421136
-0.41926
-0.416996
-0.414405
-0.411534
-0.408372
-0.404873
-0.400986
-0.39681
-0.392585
-0.388817
-0.386228
-0.385512
-0.387038
-0.390595
-0.395445
-0.400592
-0.405103
-0.408299
-0.40984
-0.409662
-0.407936
-0.404994
-0.401379
-0.397834
-0.395297
-0.394704
-0.396758
-0.401576
-0.408585
-0.416728
-0.424867
-0.432056
-0.437745
-0.441712
-0.443949
-0.444605
-0.443925
-0.442211
-0.439771
-0.436975
-0.434143
-0.431574
-0.42948
-0.427964
-0.427027
-0.426614
-0.426646
-0.42704
-0.427733
-0.428633
-0.429672
-0.430704
-0.431615
-0.432248
-0.432489
-0.432267
-0.431595
-0.43054
-0.429231
-0.427895
-0.426736
-0.425974
-0.425763
-0.426201
-0.427274
-0.428861
-0.430773
-0.432721
-0.43443
-0.435602
-0.435981
-0.435331
-0.433506
-0.430405
-0.426009
-0.420416
-0.41386
-0.406751
-0.399699
-0.393517
-0.389071
-0.387134
-0.388063
-0.391608
-0.396943
-0.40283
-0.407997
-0.411408
-0.412554
-0.411583
-0.409252
-0.406785
-0.405386
-0.405772
-0.407871
-0.410906
-0.413823
-0.415703
-0.415947
-0.414359
-0.41099
-0.406166
-0.400389
-0.39436
-0.38885
-0.384642
-0.382291
-0.382001
-0.383595
-0.386622
-0.390474
-0.394599
-0.398576
-0.402142
-0.405122
-0.407487
-0.409243
-0.410451
-0.411215
-0.411651
-0.411859
-0.411939
-0.41201
-0.412134
-0.412347
-0.412681
-0.413115
-0.413659
-0.414254
-0.414867
-0.415441
-0.415946
-0.416342
-0.416583
-0.41664
-0.416495
-0.416114
-0.415519
-0.414715
-0.413748
-0.412666
-0.411574
-0.410549
-0.409696
-0.409087
-0.408736
-0.408537
-0.408293
-0.407656
-0.406234
-0.403605
-0.39942
-0.393548
-0.38621
-0.378026
-0.369956
-0.363093
-0.358306
-0.355919
-0.355727
-0.357139
-0.359506
-0.362194
-0.364693
-0.366587
-0.367566
-0.367413
-0.366094
-0.363799
-0.360967
-0.358288
-0.35667
-0.357053
-0.360169
-0.366344
-0.375353
-0.386482
-0.398719
-0.411037
-0.422584
-0.432803
-0.441389
-0.448284
-0.453606
-0.457523
-0.46028
-0.462097
-0.463196
-0.463756
-0.463939
-0.463849
-0.463583
-0.463201
-0.462755
-0.462281
-0.461801
-0.461317
-0.46081
-0.460226
-0.459457
-0.458304
-0.456539
-0.45393
-0.450315
-0.445716
-0.440453
-0.435113
-0.430533
-0.427508
-0.426569
-0.427817
-0.430959
-0.435524
-0.441037
-0.44701
-0.452956
-0.458431
-0.463031
-0.466511
-0.468723
-0.469658
-0.469373
-0.46805
-0.46586
-0.463044
-0.459872
-0.456635
-0.453613
-0.451092
-0.44931
-0.448426
-0.448529
-0.449631
-0.451623
-0.454357
-0.457614
-0.461158
-0.464756
-0.468184
-0.471291
-0.473933
-0.475994
-0.477414
-0.478116
-0.478091
-0.477329
-0.475815
-0.473623
-0.470813
-0.467504
-0.463835
-0.459991
-0.456158
-0.452518
-0.449259
-0.446526
-0.444474
-0.443207
-0.442857
-0.443482
-0.445124
-0.447758
-0.451305
-0.455595
-0.460449
-0.465629
-0.470935
-0.476147
-0.481122
-0.485725
-0.489897
-0.493571
-0.496698
-0.499243
-0.501092
-0.502124
-0.502167
-0.500986
-0.498294
-0.493861
-0.487587
-0.479711
-0.470938
-0.462574
-0.456231
-0.453325
-0.454408
-0.459094
-0.466292
-0.474748
-0.4834
-0.491381
-0.497974
-0.502477
-0.504107
-0.502094
-0.495817
-0.485391
-0.472495
-0.460901
-0.4554
-0.458832
-0.469883
-0.484224
-0.497637
-0.507851
-0.514487
-0.518131
-0.519685
-0.520032
-0.519859
-0.519671
-0.51978
-0.52032
-0.521239
-0.522409
-0.523602
-0.524533
-0.524938
-0.524608
-0.523393
-0.521275
-0.518328
-0.514749
-0.510849
-0.507007
-0.503581
-0.500891
-0.499098
-0.498219
-0.498119
-0.498572
-0.499349
-0.500292
-0.501285
-0.502322
-0.503426
-0.504613
-0.505843
-0.507044
-0.508085
-0.508813
-0.509107
-0.508912
-0.50826
-0.507253
-0.506089
-0.505018
-0.504294
-0.504134
-0.504648
-0.505851
-0.507679
-0.510015
-0.512733
-0.515695
-0.51877
-0.521804
-0.524625
-0.527061
-0.528926
-0.530076
-0.530441
-0.530007
-0.528895
-0.527254
-0.525331
-0.52338
-0.521639
-0.520302
-0.519497
-0.519257
-0.51951
-0.520136
-0.520952
-0.521781
-0.522499
-0.523
-0.52326
-0.523262
-0.523052
-0.522666
-0.522138
-0.521507
-0.520797
-0.520005
-0.51916
-0.518261
-0.517319
-0.516343
-0.51534
-0.514337
-0.513348
-0.512404
-0.51159
-0.510981
-0.510712
-0.510913
-0.511711
-0.51317
-0.515264
-0.517838
-0.520645
-0.523363
-0.52566
-0.527294
-0.528153
-0.528334
-0.528101
-0.527908
-0.528211
-0.529349
-0.531427
-0.534275
-0.537488
-0.540557
-0.543008
-0.544467
-0.544677
-0.54349
-0.540874
-0.536888
-0.531728
-0.525721
-0.51933
-0.513176
-0.507966
-0.504396
-0.502948
-0.503719
-0.506297
-0.50974
-0.512787
-0.514161
-0.512899
-0.508709
-0.502275
-0.495341
-0.490116
-0.488104
-0.489143
-0.491644
-0.494008
-0.495853
-0.498275
-0.502779
-0.509869
-0.51844
-0.526353
-0.531548
-0.532707
-0.529628
-0.523204
-0.515402
-0.508785
-0.505465
-0.506121
-0.509736
-0.514492
-0.518895
-0.522413
-0.525315
-0.528228
-0.531647
-0.535652
-0.539926
-0.543925
-0.547108
-0.549049
-0.549481
-0.548344
-0.545692
-0.541721
-0.536712
-0.531094
-0.525351
-0.520022
-0.515614
-0.512489
-0.510793
-0.510399
-0.51097
-0.512023
-0.513053
-0.513734
-0.513952
-0.513847
-0.513775
-0.514137
-0.515347
-0.517598
-0.520903
-0.525057
-0.529735
-0.534535
-0.539052
-0.542895
-0.545731
-0.547392
-0.547864
-0.547342
-0.546222
-0.545005
-0.544118
-0.543767
-0.543837
-0.54389
-0.543337
-0.541571
-0.538088
-0.53255
-0.524834
-0.515057
-0.503599
-0.49119
-0.478864
-0.467974
-0.459913
-0.455768
-0.455857
-0.459671
-0.465985
-0.473373
-0.480611
-0.486949
-0.492048
-0.495911
-0.498738
-0.500807
-0.502402
-0.503766
-0.505013
-0.506108
-0.506802
-0.506673
-0.505172
-0.501761
-0.496084
-0.488183
-0.478648
-0.468558
-0.45925
-0.451964
-0.447593
-0.446655
-0.449181
-0.454676
-0.462057
-0.469974
-0.477261
-0.48319
-0.487449
-0.490067
-0.491203
-0.491077
-0.489847
-0.487664
-0.484648
-0.480932
-0.476646
-0.471997
-0.467228
-0.462632
-0.458511
-0.455143
-0.452726
-0.45137
-0.451014
-0.451513
-0.452617
-0.454079
-0.45563
-0.457047
-0.458201
-0.458992
-0.459397
-0.459373
-0.458969
-0.458217
-0.457141
-0.455807
-0.454246
-0.452506
-0.450652
-0.448768
-0.446945
-0.445246
-0.443782
-0.442601
-0.441765
-0.44123
-0.44096
-0.440876
-0.440865
-0.440795
-0.440542
-0.44
-0.439096
-0.437794
-0.436114
-0.434128
-0.431956
-0.429772
-0.427797
-0.42627
-0.425401
-0.425367
-0.426244
-0.428009
-0.430551
-0.433688
-0.437199
-0.440868
-0.444475
-0.44786
-0.45091
-0.453542
-0.455717
-0.457431
-0.458675
-0.459474
-0.459851
-0.459847
-0.459494
-0.458798
-0.457752
-0.456303
-0.454428
-0.452143
-0.449657
-0.447453
-0.446242
-0.446793
-0.44957
-0.454407
-0.460475
-0.466611
-0.471749
-0.475233
-0.477032
-0.477621
-0.477769
-0.478211
-0.479315
-0.480862
-0.482049
-0.481773
-0.478952
-0.472888
-0.46359
-0.452034
-0.440275
-0.430794
-0.425476
-0.424736
-0.427647
-0.432865
-0.439302
-0.446304
-0.453453
-0.460334
-0.466535
-0.471682
-0.475604
-0.478291
-0.479884
-0.480611
-0.480748
-0.480514
-0.480113
-0.479692
-0.479367
-0.479191
-0.479171
-0.479276
-0.479436
-0.479535
-0.479489
-0.47919
-0.478631
-0.477889
-0.477111
-0.476416
-0.475952
-0.475738
-0.475699
-0.475638
-0.475286
-0.474367
-0.472624
-0.469959
-0.466475
-0.462503
-0.458579
-0.455342
-0.453354
-0.452834
-0.453654
-0.455351
-0.457366
-0.45923
-0.460589
-0.461327
-0.461388
-0.460792
-0.459558
-0.457675
-0.455119
-0.451862
-0.447897
-0.443299
-0.438255
-0.433127
-0.428363
-0.4245
-0.421937
-0.420848
-0.421168
-0.422622
-0.424918
-0.427814
-0.431144
-0.434781
-0.438601
-0.442451
-0.44616
-0.449586
-0.452585
-0.455082
-0.457029
-0.458407
-0.459224
-0.459502
-0.459244
-0.458462
-0.457135
-0.45524
-0.452714
-0.449486
-0.445442
-0.440497
-0.434575
-0.427787
-0.420466
-0.413378
-0.40762
-0.404488
-0.404938
-0.409107
-0.416235
-0.425001
-0.433971
-0.442067
-0.44862
-0.453372
-0.456266
-0.457449
-0.45709
-0.455383
-0.45256
-0.448838
-0.444472
-0.439716
-0.434847
-0.430112
-0.425732
-0.421866
-0.418677
-0.416314
-0.414922
-0.414542
-0.415129
-0.416505
-0.418489
-0.421029
-0.424197
-0.428139
-0.432946
-0.438576
-0.444766
-0.451173
-0.457456
-0.463333
-0.468629
-0.473248
-0.477191
-0.480474
-0.483125
-0.485183
-0.486666
-0.487626
-0.488081
-0.488072
-0.487662
-0.486879
-0.485776
-0.484427
-0.48288
-0.481207
-0.479501
-0.477834
-0.476293
-0.474964
-0.473904
-0.473171
-0.472791
-0.472776
-0.473133
-0.473839
-0.474841
-0.476075
-0.47748
-0.478994
-0.480534
-0.48203
-0.483376
-0.484485
-0.485247
-0.485531
-0.485227
-0.484243
-0.482518
-0.480058
-0.477005
-0.473602
-0.470223
-0.467337
-0.465374
-0.464648
-0.465252
-0.467019
-0.469554
-0.472335
-0.47481
-0.476522
-0.477113
-0.47642
-0.474455
-0.471453
-0.467983
-0.464933
-0.463438
-0.464569
-0.468834
-0.475763
-0.484068
-0.492171
-0.49872
-0.50291
-0.504431
-0.503338
-0.499909
-0.494568
-0.487896
-0.480536
-0.473252
-0.466855
-0.462141
-0.459713
-0.459898
-0.462628
-0.467471
-0.47377
-0.480757
-0.487718
-0.494043
-0.499242
-0.502986
-0.505037
-0.505344
-0.503974
-0.501177
-0.497378
-0.493091
-0.488789
-0.484735
-0.480998
-0.477453
-0.4741
-0.471209
-0.469326
-0.468959
-0.470249
-0.472843
-0.476118
-0.479609
-0.483197
-0.486916
-0.490643
-0.493967
-0.496286
-0.497142
-0.496383
-0.49418
-0.49093
-0.486962
-0.482538
-0.477895
-0.47342
-0.469702
-0.467438
-0.467131
-0.468931
-0.472619
-0.477646
-0.483348
-0.489048
-0.494191
-0.498318
-0.501166
-0.502607
-0.502639
-0.501353
-0.498874
-0.495453
-0.491321
-0.48681
-0.482357
-0.478434
-0.475557
-0.474131
-0.47437
-0.476168
-0.479164
-0.48282
-0.486563
-0.489869
-0.492392
-0.493884
-0.49424
-0.493451
-0.491547
-0.488649
-0.484918
-0.480561
-0.475874
-0.471239
-0.46709
-0.463888
-0.461992
-0.461638
-0.462844
-0.465427
-0.469033
-0.473285
-0.477812
-0.482291
-0.486463
-0.490152
-0.493205
-0.495521
-0.497011
-0.497612
-0.497339
-0.496183
-0.494228
-0.491574
-0.48837
-0.484833
-0.48118
-0.477594
-0.474231
-0.471204
-0.468557
-0.466334
-0.464588
-0.463376
-0.462785
-0.462904
-0.463779
-0.465412
-0.467716
-0.470547
-0.473715
-0.477027
-0.480246
-0.483215
-0.48577
-0.487805
-0.489191
-0.489844
-0.489673
-0.488633
-0.486685
-0.483889
-0.480347
-0.476285
-0.471968
-0.467647
-0.463408
-0.459167
-0.454603
-0.449271
-0.442762
-0.434837
-0.425562
-0.415387
-0.405193
-0.396331
-0.390383
-0.388747
-0.392068
-0.399837
-0.410571
-0.422352
-0.4335
-0.44288
-0.450033
-0.455107
-0.458686
-0.46162
-0.4648
-0.468854
-0.473923
-0.4797
-0.485607
-0.490994
-0.495343
-0.498341
-0.49986
-0.499871
-0.498443
-0.495701
-0.491831
-0.487094
-0.481837
-0.476483
-0.47153
-0.467452
-0.464605
-0.463164
-0.463097
-0.464228
-0.466252
-0.468895
-0.471869
-0.474929
-0.477862
-0.480507
-0.482695
-0.484306
-0.485245
-0.485417
-0.484798
-0.483353
-0.481098
-0.478081
-0.474384
-0.4701
-0.465412
-0.460505
-0.455596
-0.450948
-0.446807
-0.443424
-0.440996
-0.439648
-0.439407
-0.440187
-0.441803
-0.444023
-0.446615
-0.449321
-0.451967
-0.454478
-0.456855
-0.459182
-0.461569
-0.46411
-0.466864
-0.469794
-0.472825
-0.475791
-0.478534
-0.48091
-0.482809
-0.484191
-0.485022
-0.485386
-0.485346
-0.485016
-0.484522
-0.483951
-0.483342
-0.482613
-0.481569
-0.479884
-0.477199
-0.473277
-0.468253
-0.462827
-0.458244
-0.455892
-0.456669
-0.460459
-0.466266
-0.472759
-0.478838
-0.483842
-0.487462
-0.489555
-0.490056
-0.488848
-0.485874
-0.48115
-0.474821
-0.467216
-0.45878
-0.449998
-0.441373
-0.433426
-0.426734
-0.42193
-0.419525
-0.419674
-0.422063
-0.426043
-0.43082
-0.435645
-0.439954
-0.443415
-0.445912
-0.447486
-0.448289
-0.448562
-0.448576
-0.448664
-0.449155
-0.450333
-0.452405
-0.455424
-0.459296
-0.463805
-0.468667
-0.473587
-0.478348
-0.482798
-0.486842
-0.490453
-0.493569
-0.496165
-0.498204
-0.499631
-0.500414
-0.500503
-0.499851
-0.49843
-0.496201
-0.493159
-0.489342
-0.484849
-0.479861
-0.474599
-0.469341
-0.464382
-0.459925
-0.456051
-0.452699
-0.449681
-0.446802
-0.443974
-0.441331
-0.439253
-0.438229
-0.438692
-0.440789
-0.444276
-0.448614
-0.45314
-0.457102
-0.45977
-0.460376
-0.458179
-0.452503
-0.442856
-0.429139
-0.411865
-0.392367
-0.372948
-0.356892
-0.347838
-0.348548
-0.359339
-0.377463
-0.398407
-0.418022
-0.433843
-0.445159
-0.452325
-0.456153
-0.457514
-0.457172
-0.455768
-0.453782
-0.451599
-0.449496
-0.447648
-0.446155
-0.445037
-0.444233
-0.443629
-0.443102
-0.442521
-0.441805
-0.440901
-0.439868
-0.438832
-0.43796
-0.437467
-0.437488
-0.438072
-0.439144
-0.440528
-0.441967
-0.443219
-0.444079
-0.444433
-0.444231
-0.443501
-0.442332
-0.440877
-0.439327
-0.437888
-0.436746
-0.436038
-0.435829
-0.43611
-0.436768
-0.437666
-0.438665
-0.439609
-0.440414
-0.441064
-0.44158
-0.442
-0.442386
-0.44278
-0.443212
-0.443668
-0.444112
-0.444524
-0.444855
-0.445043
-0.44507
-0.444894
-0.444466
-0.443784
-0.442836
-0.441671
-0.44039
-0.439132
-0.438131
-0.437639
-0.437926
-0.439141
-0.441339
-0.444406
-0.448074
-0.451977
-0.45568
-0.458758
-0.460812
-0.461485
-0.460482
-0.457632
-0.453006
-0.446986
-0.440489
-0.43486
-0.431567
-0.431602
-0.434989
-0.440738
-0.447343
-0.453359
-0.45784
-0.460319
-0.460691
-0.459034
-0.455604
-0.450741
-0.444892
-0.438643
-0.432693
-0.42775
-0.424475
-0.423299
-0.424337
-0.427411
-0.432119
-0.437904
-0.444155
-0.450318
-0.455933
-0.460685
-0.464445
-0.467258
-0.469302
-0.47081
-0.472081
-0.473266
-0.474486
-0.475716
-0.476837
-0.477708
-0.478183
-0.478163
-0.477626
-0.476679
-0.475528
-0.474436
-0.473751
-0.473739
-0.474558
-0.476201
-0.478511
-0.481165
-0.483812
-0.486106
-0.487785
-0.488642
-0.488587
-0.487626
-0.485805
-0.483257
-0.480236
-0.477016
-0.473943
-0.471379
-0.46963
-0.468849
-0.469011
-0.469933
-0.471287
-0.472753
-0.474044
-0.474977
-0.475458
-0.475481
-0.475088
-0.474346
-0.473383
-0.472392
-0.471606
-0.471289
-0.471673
-0.472937
-0.475111
-0.478139
-0.481802
-0.485849
-0.489978
-0.493911
-0.497405
-0.500309
-0.502502
-0.503947
-0.504669
-0.50472
-0.504194
-0.503169
-0.501732
-0.499964
-0.497936
-0.495711
-0.493345
-0.49095
-0.488659
-0.48656
-0.484766
-0.48329
-0.482187
-0.481541
-0.481546
-0.482443
-0.484413
-0.487422
-0.49112
-0.494961
-0.498418
-0.501096
-0.502809
-0.503602
-0.503647
-0.503208
-0.502519
-0.501767
-0.501016
-0.500243
-0.499327
-0.49811
-0.496435
-0.494166
-0.491259
-0.487735
-0.483734
-0.479498
-0.475354
-0.471676
-0.468834
-0.46713
-0.46677
-0.467818
-0.470157
-0.47353
-0.477562
-0.481835
-0.485962
-0.489599
-0.492504
-0.494557
-0.495724
-0.496079
-0.495746
-0.494937
-0.493875
-0.492809
-0.49195
-0.491499
-0.491536
-0.492066
-0.492998
-0.49416
-0.495348
-0.496341
-0.496946
-0.496972
-0.496295
-0.494792
-0.492377
-0.488956
-0.484531
-0.479197
-0.473295
-0.467425
-0.462444
-0.459315
-0.458755
-0.460987
-0.465608
-0.471764
-0.478428
-0.484654
-0.489773
-0.493413
-0.495497
-0.49624
-0.496067
-0.495515
-0.49517
-0.49552
-0.496835
-0.499155
-0.502367
-0.506207
-0.510381
-0.514606
-0.518626
-0.522228
-0.525229
-0.527521
-0.529047
-0.529842
-0.529952
-0.529535
-0.528706
-0.527613
-0.526268
-0.524619
-0.52248
-0.519658
-0.515989
-0.511435
-0.506232
-0.500873
-0.496116
-0.492827
-0.491725
-0.49308
-0.496588
-0.50144
-0.506646
-0.511261
-0.514615
-0.51633
-0.516298
-0.514667
-0.511727
-0.507893
-0.503612
-0.499382
-0.495664
-0.492872
-0.491337
-0.491274
-0.49273
-0.49552
-0.499283
-0.503509
-0.507651
-0.51127
-0.514054
-0.515821
-0.516531
-0.5162
-0.514873
-0.512636
-0.509568
-0.505744
-0.501262
-0.496233
-0.490814
-0.485169
-0.479503
-0.473985
-0.468803
-0.464101
-0.459986
-0.456572
-0.453938
-0.452234
-0.451611
-0.452221
-0.454119
-0.457167
-0.461053
-0.465392
-0.469783
-0.473896
-0.477551
-0.480675
-0.483272
-0.485398
-0.487119
-0.488505
-0.48962
-0.490526
-0.491259
-0.491843
-0.492328
-0.492708
-0.492994
-0.49318
-0.49329
-0.493279
-0.493182
-0.492978
-0.492676
-0.492268
-0.491752
-0.491124
-0.490395
-0.489559
-0.488584
-0.48748
-0.486217
-0.484771
-0.48314
-0.481334
-0.479369
-0.477302
-0.47521
-0.473202
-0.471382
-0.469841
-0.468635
-0.467763
-0.467176
-0.466773
-0.466419
-0.46599
-0.465407
-0.464618
-0.463635
-0.462531
-0.461385
-0.460306
-0.459414
-0.458766
-0.45842
-0.45842
-0.458739
-0.459332
-0.460072
-0.460806
-0.461356
-0.461595
-0.461463
-0.46102
-0.460509
-0.460252
-0.460599
-0.461811
-0.46392
-0.466745
-0.469918
-0.473061
-0.475797
-0.477903
-0.479236
-0.479794
-0.479616
-0.478777
-0.477381
-0.475537
-0.47336
-0.470963
-0.468482
-0.466068
-0.463841
-0.461968
-0.460582
-0.459785
-0.459599
-0.460004
-0.460926
-0.462246
-0.463825
-0.465552
-0.467291
-0.468924
-0.470372
-0.471581
-0.4725
-0.4731
-0.47336
-0.473227
-0.472667
-0.471588
-0.469897
-0.467469
-0.464157
-0.45984
-0.454532
-0.44842
-0.442027
-0.436191
-0.431902
-0.43003
-0.430891
-0.434197
-0.439106
-0.444712
-0.45026
-0.455298
-0.459682
-0.463421
-0.466621
-0.469357
-0.471717
-0.473745
-0.475463
-0.476877
-0.477973
-0.478761
-0.479246
-0.479422
-0.47933
-0.479008
-0.478479
-0.477802
-0.476993
-0.476105
-0.475186
-0.474266
-0.473377
-0.472522
-0.471706
-0.470932
-0.470183
-0.469443
-0.468659
-0.467814
-0.466857
-0.465765
-0.46449
-0.463024
-0.461349
-0.459477
-0.457433
-0.455299
-0.453169
-0.451192
-0.449515
-0.448326
-0.44775
-0.447861
-0.448678
-0.450129
-0.452089
-0.454384
-0.456877
-0.459415
-0.461892
-0.464267
-0.466489
-0.468524
-0.470366
-0.472
-0.473398
-0.474526
-0.475302
-0.475625
-0.475346
-0.474255
-0.472113
-0.468666
-0.463686
-0.457134
-0.44927
-0.440875
-0.433234
-0.427927
-0.426258
-0.428694
-0.434665
-0.442848
-0.451777
-0.460264
-0.467547
-0.473195
-0.477107
-0.479285
-0.479865
-0.478993
-0.47684
-0.473615
-0.469567
-0.465037
-0.460431
-0.456239
-0.452945
-0.451
-0.450637
-0.451894
-0.45456
-0.458253
-0.462504
-0.466829
-0.470805
-0.474091
-0.476464
-0.477821
-0.47816
-0.477552
-0.476164
-0.474181
-0.471833
-0.469347
-0.466971
-0.464877
-0.463238
-0.462144
-0.461639
-0.461737
-0.462367
-0.463445
-0.464871
-0.466468
-0.468082
-0.469551
-0.470734
-0.47151
-0.471795
-0.471506
-0.470613
-0.469119
-0.467074
-0.464584
-0.461868
-0.459237
-0.457143
-0.456087
-0.456476
-0.458463
-0.461862
-0.466223
-0.470913
-0.475305
-0.478922
-0.481456
-0.482779
-0.482877
-0.481842
-0.479817
-0.477005
-0.473603
-0.469862
-0.465971
-0.462097
-0.458413
-0.455035
-0.452047
-0.449423
-0.446933
-0.444108
-0.440376
-0.435323
-0.429228
-0.423367
-0.419714
-0.420097
-0.425051
-0.433599
-0.443799
-0.453824
-0.462408
-0.469038
-0.473773
-0.476998
-0.47926
-0.481086
-0.482896
-0.484945
-0.48734
-0.490104
-0.493202
-0.49662
-0.500333
-0.504307
-0.508468
-0.51265
-0.516647
-0.520168
-0.52293
-0.524624
-0.524991
-0.523809
-0.520896
-0.516176
-0.509667
-0.501549
-0.492147
-0.481937
-0.471485
-0.461407
-0.45231
-0.444822
-0.439506
-0.436946
-0.437568
-0.441523
-0.44855
-0.45791
-0.468544
-0.479369
-0.489489
-0.498345
-0.505616
-0.511274
-0.515435
-0.518271
-0.52005
-0.521063
-0.521565
-0.521794
-0.521924
-0.522054
-0.522178
-0.522204
-0.521968
-0.521352
-0.520204
-0.518456
-0.516112
-0.513245
-0.509997
-0.506557
-0.503122
-0.499873
-0.496966
-0.494469
-0.492426
-0.490885
-0.48991
-0.489601
-0.490086
-0.491465
-0.493762
-0.496847
-0.500451
-0.504215
-0.507764
-0.510752
-0.512907
-0.514057
-0.514104
-0.513049
-0.510947
-0.507905
-0.504096
-0.499706
-0.494948
-0.490058
-0.485305
-0.480936
-0.477206
-0.474357
-0.472577
-0.471917
-0.472313
-0.473554
-0.475379
-0.477465
-0.479585
-0.481586
-0.483389
-0.484996
-0.486471
-0.487822
-0.489054
-0.490137
-0.491021
-0.491634
-0.491906
-0.4918
-0.491261
-0.490274
-0.488852
-0.486989
-0.484704
-0.482016
-0.478961
-0.475578
-0.471934
-0.468113
-0.464221
-0.460386
-0.45674
-0.453372
-0.450348
-0.447677
-0.445322
-0.443236
-0.441354
-0.43961
-0.437987
-0.436467
-0.435044
-0.433737
-0.43253
-0.431417
-0.430359
-0.429338
-0.428343
-0.427388
-0.426529
-0.425837
-0.425391
-0.425278
-0.425519
-0.426096
-0.426941
-0.427962
-0.429027
-0.429996
-0.430778
-0.431268
-0.431422
-0.431184
-0.430533
-0.429447
-0.427895
-0.425861
-0.4233
-0.420222
-0.416603
-0.412494
-0.408016
-0.403375
-0.398875
-0.394869
-0.391684
-0.38957
-0.388576
-0.388603
-0.389356
-0.39053
-0.391832
-0.393028
-0.394019
-0.394741
-0.395226
-0.395525
-0.395673
-0.395745
-0.395805
-0.395871
-0.395981
-0.396152
-0.396405
-0.396751
-0.397186
-0.397713
-0.398347
-0.399062
-0.399842
-0.400646
-0.401459
-0.402234
-0.402916
-0.403453
-0.403812
-0.403911
-0.403694
-0.403127
-0.402146
-0.400706
-0.398772
-0.396325
-0.393387
-0.389985
-0.386194
-0.382123
-0.377956
-0.373923
-0.370292
-0.367338
-0.365333
-0.364488
-0.36489
-0.366503
-0.369185
-0.372717
-0.376867
-0.381432
-0.386249
-0.391207
-0.396203
-0.401127
-0.405844
-0.410219
-0.414103
-0.417374
-0.419904
-0.42158
-0.422308
-0.42201
-0.420643
-0.418245
-0.414953
-0.411075
-0.40705
-0.403455
-0.400888
-0.399853
-0.400526
-0.402756
-0.406037
-0.409748
-0.413276
-0.416161
-0.418199
-0.419341
-0.419742
-0.419675
-0.419442
-0.419372
-0.419725
-0.420634
-0.422116
-0.424061
-0.426328
-0.428702
-0.431032
-0.433173
-0.43507
-0.436642
-0.437899
-0.43886
-0.439541
-0.440004
-0.440298
-0.440504
-0.440667
-0.440865
-0.441136
-0.441513
-0.441976
-0.442497
-0.442981
-0.443336
-0.443482
-0.443322
-0.442787
-0.441844
-0.440519
-0.438836
-0.436893
-0.434788
-0.432618
-0.430496
-0.428494
-0.426653
-0.424965
-0.423413
-0.421964
-0.420548
-0.419105
-0.417605
-0.416009
-0.414339
-0.412652
-0.411116
-0.409951
-0.409403
-0.409675
-0.410906
-0.413032
-0.415806
-0.418857
-0.42175
-0.424045
-0.4254
-0.425634
-0.424771
-0.423128
-0.421326
-0.420204
-0.420521
-0.422631
-0.426287
-0.430706
-0.434904
-0.43802
-0.439547
-0.439357
-0.437663
-0.434892
-0.431579
-0.428239
-0.42528
-0.422938
-0.421261
-0.420132
-0.419368
-0.418798
-0.418329
-0.417976
-0.417868
-0.418136
-0.418904
-0.420176
-0.421879
-0.423824
-0.425789
-0.427568
-0.428976
-0.429943
-0.430464
-0.430615
-0.430487
-0.43017
-0.429745
-0.429208
-0.42851
-0.427627
-0.426561
-0.425483
-0.424679
-0.42452
-0.425328
-0.427222
-0.430028
-0.433282
-0.43636
-0.43858
-0.439314
-0.438037
-0.43432
-0.427889
-0.418797
-0.407602
-0.395572
-0.384657
-0.376813
-0.373079
-0.373112
-0.375662
-0.379585
-0.384454
-0.390423
-0.397647
-0.405806
-0.414113
-0.421629
-0.427647
-0.431905
-0.43458
-0.436108
-0.437024
-0.437813
-0.438804
-0.440164
-0.441936
-0.444101
-0.446582
-0.449224
-0.45187
-0.454341
-0.456473
-0.458162
-0.459317
-0.459901
-0.4599
-0.459302
-0.458115
-0.456373
-0.454111
-0.451444
-0.448537
-0.445624
-0.443009
-0.440992
-0.439862
-0.439739
-0.44067
-0.44255
-0.445211
-0.448479
-0.452189
-0.456227
-0.460456
-0.464743
-0.468933
-0.472901
-0.476509
-0.47968
-0.482344
-0.484503
-0.486141
-0.487297
-0.488021
-0.488376
-0.488417
-0.488215
-0.487847
-0.487385
-0.486915
-0.486507
-0.486234
-0.486155
-0.486277
-0.486585
-0.487027
-0.487514
-0.487944
-0.488215
-0.488225
-0.487898
-0.487162
-0.485988
-0.484349
-0.48219
-0.4795
-0.476276
-0.472552
-0.468464
-0.464275
-0.460359
-0.457221
-0.455318
-0.454938
-0.456018
-0.458086
-0.460372
-0.462051
-0.462428
-0.461124
-0.458079
-0.453527
-0.447972
-0.442026
-0.436338
-0.431465
-0.427876
-0.425906
-0.425764
-0.427565
-0.431337
-0.436978
-0.444206
-0.452549
-0.461402
-0.470036
-0.477805
-0.4842
-0.488859
-0.491599
-0.492371
-0.491259
-0.488491
-0.484408
-0.479519
-0.474416
-0.46967
-0.465651
-0.462334
-0.459226
-0.455503
-0.450287
-0.44322
-0.435028
-0.427874
-0.424656
-0.427347
-0.435519
-0.446691
-0.457916
-0.46719
-0.473804
-0.477882
-0.479955
-0.48061
-0.480363
-0.479605
-0.478635
-0.477633
-0.476749
-0.476037
-0.475544
-0.475297
-0.475286
-0.475462
-0.475805
-0.476253
-0.476756
-0.477254
-0.47769
-0.478023
-0.478216
-0.478256
-0.478159
-0.477939
-0.477627
-0.477226
-0.476698
-0.47599
-0.474972
-0.473536
-0.471628
-0.469371
-0.467134
-0.465535
-0.465276
-0.466863
-0.470331
-0.475207
-0.480647
-0.485762
-0.489876
-0.49261
-0.493927
-0.494003
-0.493206
-0.491991
-0.490866
-0.490295
-0.49066
-0.492152
-0.494827
-0.498561
-0.503098
-0.508136
-0.513375
-0.518518
-0.523329
-0.52759
-0.531132
-0.533849
-0.535674
-0.53658
-0.536593
-0.535798
-0.534317
-0.532306
-0.529934
-0.527394
-0.524852
-0.522414
-0.52017
-0.518084
-0.516086
-0.514074
-0.511914
-0.509502
-0.506804
-0.503937
-0.501125
-0.498733
-0.497168
-0.496775
-0.497791
-0.500206
-0.503871
-0.508491
-0.513723
-0.519315
-0.525059
-0.530801
-0.536455
-0.541929
-0.54716
-0.552057
-0.556514
-0.560475
-0.563877
-0.566696
-0.568925
-0.57055
-0.571596
-0.572075
-0.571959
-0.571242
-0.56986
-0.567771
-0.564929
-0.561315
-0.556997
-0.55212
-0.546984
-0.541978
-0.5375
-0.533809
-0.530896
-0.528502
-0.52618
-0.523481
-0.520115
-0.516057
-0.51157
-0.507107
-0.503154
-0.50002
-0.497712
-0.49591
-0.494153
-0.491992
-0.489225
-0.485912
-0.482409
-0.47922
-0.476875
-0.4758
-0.476203
-0.478048
-0.481145
-0.485199
-0.489909
-0.495028
-0.50024
-0.505269
-0.509846
-0.513729
-0.516739
-0.518772
-0.519779
-0.519765
-0.518761
-0.516875
-0.514242
-0.51103
-0.507459
-0.503751
-0.500139
-0.496773
-0.493784
-0.491199
-0.488972
-0.487063
-0.48542
-0.484004
-0.482787
-0.481805
-0.481048
-0.480443
-0.479928
-0.479359
-0.478635
-0.477647
-0.476368
-0.474822
-0.473082
-0.471268
-0.469531
-0.468001
-0.466808
-0.466023
-0.465672
-0.465709
-0.466044
-0.466529
-0.466964
-0.467124
-0.466793
-0.465733
-0.463809
-0.460972
-0.457375
-0.453323
-0.449299
-0.445794
-0.443178
-0.441524
-0.440669
-0.440311
-0.440208
-0.440285
-0.440613
-0.441376
-0.442674
-0.444531
-0.44678
-0.449188
-0.451486
-0.453396
-0.454713
-0.455292
-0.455081
-0.454135
-0.452572
-0.450596
-0.448436
-0.446323
-0.444507
-0.44317
-0.442442
-0.442345
-0.442831
-0.443787
-0.445052
-0.44647
-0.44785
-0.449051
-0.449924
-0.450369
-0.450299
-0.449637
-0.448324
-0.446296
-0.443524
-0.439991
-0.435716
-0.430787
-0.425383
-0.419791
-0.414397
-0.409633
-0.405921
-0.403573
-0.402713
-0.403248
-0.4049
-0.407307
-0.410102
-0.412991
-0.415759
-0.418347
-0.420685
-0.422806
-0.424719
-0.426455
-0.428001
-0.429378
-0.430561
-0.431558
-0.432352
-0.432958
-0.433382
-0.433626
-0.433717
-0.433678
-0.433493
-0.433195
-0.43276
-0.432191
-0.43146
-0.43054
-0.429388
-0.427963
-0.42623
-0.424154
-0.421698
-0.418827
-0.41558
-0.412035
-0.408308
-0.404625
-0.40125
-0.398495
-0.396638
-0.395866
-0.396201
-0.397462
-0.39939
-0.40163
-0.403847
-0.405815
-0.407441
-0.408721
-0.409786
-0.410802
-0.411964
-0.413415
-0.415286
-0.417597
-0.420284
-0.423258
-0.426364
-0.429446
-0.432374
-0.435031
-0.43737
-0.439314
-0.440854
-0.441962
-0.442635
-0.442862
-0.442626
-0.441908
-0.440668
-0.438864
-0.436476
-0.433466
-0.42986
-0.425707
-0.421235
-0.416749
-0.412761
-0.409832
-0.408477
-0.408951
-0.411172
-0.414721
-0.418964
-0.42327
-0.427143
-0.430269
-0.432504
-0.433868
-0.434457
-0.434418
-0.433952
-0.433263
-0.43255
-0.432041
-0.431886
-0.432192
-0.432993
-0.434267
-0.435932
-0.437889
-0.440062
-0.442391
-0.444842
-0.447399
-0.450037
-0.452691
-0.455254
-0.45761
-0.45961
-0.46114
-0.462125
-0.462538
-0.46242
-0.461812
-0.460846
-0.459665
-0.458435
-0.457322
-0.456514
-0.456111
-0.456156
-0.456656
-0.457603
-0.459048
-0.461089
-0.463835
-0.467331
-0.471494
-0.476086
-0.480768
-0.485184
-0.489049
-0.492152
-0.494425
-0.495883
-0.496601
-0.496685
-0.496255
-0.495441
-0.494353
-0.493083
-0.491718
-0.490338
-0.488976
-0.487669
-0.486415
-0.485197
-0.484008
-0.482834
-0.481643
-0.480439
-0.479221
-0.478019
-0.476901
-0.475957
-0.475281
-0.474984
-0.475137
-0.47581
-0.476943
-0.478454
-0.480208
-0.482035
-0.483757
-0.485197
-0.486224
-0.48673
-0.486656
-0.485985
-0.48474
-0.483002
-0.480884
-0.478537
-0.476134
-0.473852
-0.471889
-0.470421
-0.469545
-0.469324
-0.469754
-0.47072
-0.472057
-0.473536
-0.474905
-0.475919
-0.476323
-0.475958
-0.474727
-0.472668
-0.469947
-0.46693
-0.464055
-0.461845
-0.460745
-0.460966
-0.462424
-0.464729
-0.467333
-0.469665
-0.471237
-0.471717
-0.470967
-0.468991
-0.465962
-0.462181
-0.458088
-0.454219
-0.451149
-0.4494
-0.449383
-0.451228
-0.45481
-0.459751
-0.465535
-0.4716
-0.477479
-0.482794
-0.487312
-0.490905
-0.493517
-0.495159
-0.495862
-0.495686
-0.494713
-0.493038
-0.490773
-0.488052
-0.485053
-0.482006
-0.479087
-0.476502
-0.474413
-0.472882
-0.47189
-0.471373
-0.471164
-0.471113
-0.471034
-0.470769
-0.470188
-0.469233
-0.467899
-0.466209
-0.464244
-0.462109
-0.459968
-0.457991
-0.456316
-0.455061
-0.454306
-0.454113
-0.454505
-0.455518
-0.457156
-0.459412
-0.462264
-0.465631
-0.46938
-0.473338
-0.477268
-0.480914
-0.484054
-0.486464
-0.487961
-0.488453
-0.487914
-0.486434
-0.484281
-0.481869
-0.479739
-0.478425
-0.47828
-0.47937
-0.481403
-0.483869
-0.486171
-0.48779
-0.488337
-0.48759
-0.485415
-0.481762
-0.476571
-0.469725
-0.461014
-0.450178
-0.436963
-0.421581
-0.405318
-0.391087
-0.382913
-0.383841
-0.393597
-0.408689
-0.424815
-0.438969
-0.449917
-0.457612
-0.462534
-0.465304
-0.466466
-0.466472
-0.465753
-0.464778
-0.464062
-0.464157
-0.465503
-0.468261
-0.472197
-0.476735
-0.481136
-0.484718
-0.48698
-0.487678
-0.486851
-0.484751
-0.481852
-0.478767
-0.476121
-0.474431
-0.473961
-0.474653
-0.476172
-0.477958
-0.47941
-0.480011
-0.479431
-0.477659
-0.475027
-0.472211
-0.47007
-0.469307
-0.470214
-0.472488
-0.47539
-0.478058
-0.479786
-0.48017
-0.479118
-0.476838
-0.473741
-0.470399
-0.467393
-0.465205
-0.464086
-0.464047
-0.464783
-0.465913
-0.46703
-0.467838
-0.468233
-0.46822
-0.467891
-0.467315
-0.466486
-0.465293
-0.46355
-0.461054
-0.457667
-0.453425
-0.44863
-0.443971
-0.440376
-0.438781
-0.439813
-0.443522
-0.449279
-0.456119
-0.463021
-0.469214
-0.474195
-0.477734
-0.479772
-0.480366
-0.479646
-0.477775
-0.474932
-0.471383
-0.467387
-0.463296
-0.459489
-0.45632
-0.454067
-0.452895
-0.452761
-0.453423
-0.454485
-0.455436
-0.455776
-0.454968
-0.452584
-0.448271
-0.441845
-0.433402
-0.423474
-0.413201
-0.404213
-0.398227
-0.396316
-0.39839
-0.403262
-0.409396
-0.415535
-0.420997
-0.425549
-0.42918
-0.431907
-0.433675
-0.434447
-0.434245
-0.433201
-0.431588
-0.429858
-0.428532
-0.428106
-0.428974
-0.4312
-0.434668
-0.438952
-0.443571
-0.44807
-0.452096
-0.455435
-0.457956
-0.4596
-0.460379
-0.460295
-0.459387
-0.457669
-0.455187
-0.451935
-0.447951
-0.443217
-0.437705
-0.431334
-0.423989
-0.415555
-0.406014
-0.395546
-0.384677
-0.374299
-0.365581
-0.359786
-0.35786
-0.360159
-0.366299
-0.375266
-0.385681
-0.396177
-0.405595
-0.413141
-0.418455
-0.421495
-0.422481
-0.42184
-0.420017
-0.41738
-0.414133
-0.410382
-0.406251
-0.402073
-0.398508
-0.396402
-0.396294
-0.398088
-0.400995
-0.403875
-0.405841
-0.406875
-0.407929
-0.410614
-0.416318
-0.425319
-0.436595
-0.44838
-0.459025
-0.46746
-0.473211
-0.476214
-0.476535
-0.474276
-0.469531
-0.462407
-0.453073
-0.441924
-0.429629
-0.417126
-0.40548
-0.395622
-0.388187
-0.383434
-0.381359
-0.381821
-0.384628
-0.38943
-0.395776
-0.403157
-0.411011
-0.41888
-0.426362
-0.433215
-0.439288
-0.44456
-0.449042
-0.452798
-0.455909
-0.458462
-0.460518
-0.46209
-0.463191
-0.463781
-0.463867
-0.463411
-0.462407
-0.460842
-0.458723
-0.45608
-0.452941
-0.449388
-0.445527
-0.44151
-0.43749
-0.433706
-0.430381
-0.427739
-0.425923
-0.424985
-0.424863
-0.4254
-0.426352
-0.427471
-0.428534
-0.429413
-0.430016
-0.430348
-0.430466
-0.430455
-0.430409
-0.430384
-0.430407
-0.430485
-0.430603
-0.430756
-0.430951
-0.431223
-0.43162
-0.432155
-0.432837
-0.43361
-0.434372
-0.434996
-0.435324
-0.435265
-0.434754
-0.433779
-0.432385
-0.430687
-0.42883
-0.426983
-0.425277
-0.423836
-0.422688
-0.421795
-0.421079
-0.420433
-0.419795
-0.419184
-0.418729
-0.418618
-0.419091
-0.420311
-0.422334
-0.425033
-0.42816
-0.431396
-0.434459
-0.437081
-0.439124
-0.44051
-0.44123
-0.441355
-0.440926
-0.440032
-0.438754
-0.437189
-0.435421
-0.433555
-0.431665
-0.429843
-0.428139
-0.426612
-0.425263
-0.424083
-0.42302
-0.421981
-0.420855
-0.419509
-0.417809
-0.415636
-0.412895
-0.409545
-0.405643
-0.401389
-0.397153
-0.393478
-0.390985
-0.390168
-0.391198
-0.393791
-0.397322
-0.401112
-0.404582
-0.407396
-0.409513
-0.411063
-0.412292
-0.413408
-0.414559
-0.415785
-0.417013
-0.418082
-0.41878
-0.418861
-0.418152
-0.416569
-0.414106
-0.41088
-0.407162
-0.403346
-0.399933
-0.397459
-0.396416
-0.397153
-0.399748
-0.403902
-0.409095
-0.414589
-0.419705
-0.423899
-0.426855
-0.428545
-0.429202
-0.429281
-0.429385
-0.430128
-0.43196
-0.435029
-0.439139
-0.443825
-0.448512
-0.452664
-0.455825
-0.457657
-0.457898
-0.456345
-0.45284
-0.447278
-0.439711
-0.430438
-0.420086
-0.40968
-0.400605
-0.39428
-0.391761
-0.393427
-0.398819
-0.406864
-0.416211
-0.425644
-0.434263
-0.441578
-0.447438
-0.451956
-0.455377
-0.458019
-0.460132
-0.461938
-0.463561
-0.465063
-0.4664
-0.467475
-0.468139
-0.468186
-0.467445
-0.465808
-0.463317
-0.46025
-0.457111
-0.454646
-0.453576
-0.454413
-0.457263
-0.46179
-0.467349
-0.473228
-0.478803
-0.483641
-0.487483
-0.490185
-0.491701
-0.492028
-0.491185
-0.489223
-0.486196
-0.482255
-0.477572
-0.47245
-0.467257
-0.462421
-0.458405
-0.455583
-0.454221
-0.454366
-0.455892
-0.458506
-0.461851
-0.465535
-0.469238
-0.472686
-0.475696
-0.478145
-0.479955
-0.481107
-0.481588
-0.481384
-0.480543
-0.479091
-0.477068
-0.474567
-0.471697
-0.468619
-0.465556
-0.462756
-0.460477
-0.458932
-0.458236
-0.458393
-0.459312
-0.460792
-0.462665
-0.464782
-0.467
-0.469234
-0.471424
-0.473501
-0.475414
-0.477062
-0.478346
-0.479153
-0.479345
-0.478799
-0.477413
-0.475122
-0.471916
-0.467922
-0.463378
-0.458692
-0.454447
-0.451293
-0.449749
-0.450114
-0.45226
-0.455739
-0.459895
-0.464094
-0.467833
-0.470778
-0.472804
-0.47388
-0.474082
-0.473543
-0.472386
-0.470772
-0.468859
-0.466796
-0.464718
-0.462752
-0.461008
-0.459577
-0.458513
-0.457853
-0.457616
-0.457801
-0.458386
-0.459334
-0.460595
-0.462102
-0.463807
-0.465638
-0.467543
-0.469474
-0.471411
-0.473345
-0.475292
-0.477267
-0.47928
-0.481347
-0.483474
-0.485621
-0.487763
-0.489805
-0.491655
-0.493217
-0.494372
-0.495021
-0.49504
-0.49434
-0.492854
-0.490555
-0.487454
-0.483653
-0.479311
-0.474704
-0.470136
-0.465999
-0.462675
-0.460508
-0.459693
-0.460323
-0.462237
-0.465163
-0.468662
-0.472258
-0.475508
-0.478112
-0.479941
-0.48104
-0.481654
-0.482093
-0.482618
-0.48336
-0.484316
-0.485339
-0.48632
-0.48726
-0.488211
-0.489307
-0.490655
-0.49225
-0.493968
-0.49557
-0.496782
-0.497412
-0.497281
-0.496351
-0.49459
-0.492062
-0.488873
-0.485167
-0.481105
-0.476916
-0.472828
-0.469138
-0.466097
-0.463953
-0.46288
-0.462938
-0.464058
-0.46611
-0.468876
-0.472111
-0.475585
-0.479074
-0.482403
-0.485416
-0.488007
-0.490084
-0.491588
-0.49249
-0.492813
-0.492615
-0.492002
-0.491087
-0.490007
-0.488884
-0.487774
-0.486732
-0.485738
-0.48474
-0.483702
-0.482567
-0.481307
-0.479938
-0.478492
-0.477032
-0.475622
-0.47433
-0.473223
-0.472359
-0.471765
-0.471441
-0.471349
-0.471462
-0.471718
-0.472054
-0.472448
-0.472852
-0.473257
-0.473656
-0.474014
-0.474324
-0.474537
-0.47459
-0.474419
-0.473932
-0.473052
-0.471734
-0.469909
-0.467601
-0.464844
-0.461712
-0.458263
-0.45452
-0.450499
-0.446173
-0.441525
-0.436654
-0.431791
-0.427383
-0.423969
-0.422101
-0.422132
-0.424118
-0.427764
-0.43251
-0.437684
-0.442644
-0.446852
-0.450003
-0.451953
-0.452722
-0.452459
-0.451387
-0.449807
-0.448035
-0.446366
-0.445042
-0.444176
-0.443804
-0.443823
-0.444037
-0.444254
-0.444352
-0.444251
-0.443975
-0.443619
-0.443282
-0.443135
-0.443254
-0.443643
-0.444252
-0.444949
-0.445623
-0.446149
-0.446438
-0.446474
-0.446276
-0.445884
-0.445398
-0.444881
-0.444428
-0.444096
-0.443931
-0.443949
-0.444154
-0.444461
-0.444815
-0.445083
-0.445113
-0.444755
-0.443823
-0.442155
-0.439627
-0.436195
-0.431935
-0.427114
-0.422217
-0.417915
-0.414984
-0.414068
-0.415409
-0.418751
-0.423385
-0.428452
-0.433156
-0.436945
-0.439533
-0.440851
-0.440993
-0.440145
-0.438517
-0.436377
-0.433972
-0.43158
-0.429449
-0.427762
-0.426648
-0.426138
-0.426204
-0.426723
-0.427518
-0.428359
-0.429043
-0.429393
-0.429283
-0.428698
-0.427757
-0.426689
-0.425787
-0.42539
-0.425712
-0.426826
-0.428623
-0.430848
-0.433195
-0.435353
-0.437133
-0.438437
-0.439252
-0.439638
-0.439672
-0.43945
-0.439094
-0.438665
-0.438258
-0.437923
-0.437695
-0.437573
-0.437524
-0.437487
-0.437391
-0.437132
-0.436623
-0.435792
-0.434642
-0.433197
-0.431611
-0.430101
-0.428898
-0.428261
-0.428338
-0.429172
-0.43068
-0.432677
-0.4349
-0.437099
-0.439029
-0.440495
-0.44135
-0.441475
-0.440781
-0.439221
-0.436762
-0.433446
-0.429404
-0.424827
-0.420034
-0.415402
-0.411317
-0.408087
-0.405862
-0.404561
-0.40393
-0.403625
-0.403313
-0.402807
-0.402099
-0.401406
-0.401077
-0.401459
-0.402796
-0.405104
-0.408161
-0.411585
-0.414981
-0.41802
-0.420497
-0.422342
-0.423541
-0.424169
-0.424289
-0.423984
-0.423292
-0.422271
-0.420953
-0.419361
-0.417539
-0.415545
-0.413469
-0.411443
-0.409652
-0.408322
-0.407713
-0.408061
-0.409507
-0.412032
-0.415441
-0.419431
-0.423608
-0.42762
-0.431191
-0.434149
-0.436406
-0.437947
-0.438809
-0.439084
-0.438864
-0.438234
-0.437274
-0.436027
-0.434502
-0.432671
-0.430435
-0.427651
-0.424147
-0.419814
-0.4147
-0.409153
-0.403877
-0.399899
-0.398193
-0.399244
-0.402752
-0.407679
-0.412653
-0.416326
-0.417691
-0.416149
-0.411703
-0.405205
-0.398635
-0.394659
-0.395549
-0.401748
-0.411636
-0.422577
-0.432292
-0.439619
-0.444381
-0.447027
-0.448282
-0.448914
-0.449622
-0.45089
-0.45297
-0.455863
-0.459316
-0.462972
-0.466387
-0.469166
-0.470963
-0.471607
-0.47105
-0.469497
-0.467375
-0.465277
-0.463828
-0.463475
-0.464284
-0.465979
-0.467983
-0.469703
-0.470723
-0.470971
-0.470707
-0.470435
-0.470783
-0.472252
-0.475019
-0.478824
-0.483101
-0.487177
-0.490451
-0.492525
-0.493291
-0.492843
-0.491431
-0.489438
-0.487297
-0.485402
-0.484029
-0.483323
-0.483231
-0.483581
-0.484119
-0.484591
-0.48482
-0.484691
-0.484155
-0.483232
-0.481956
-0.480367
-0.478479
-0.476257
-0.473602
-0.470332
-0.466182
-0.460863
-0.454119
-0.445833
-0.436199
-0.425778
-0.415533
-0.40678
-0.400871
-0.398889
-0.401327
-0.407948
-0.41784
-0.429715
-0.442195
-0.454115
-0.46459
-0.473126
-0.479479
-0.483639
-0.485735
-0.486009
-0.484783
-0.482413
-0.479287
-0.475786
-0.472188
-0.468723
-0.46553
-0.462647
-0.460108
-0.457909
-0.456035
-0.454419
-0.452909
-0.451322
-0.449421
-0.446956
-0.443692
-0.439463
-0.434197
-0.427926
-0.420862
-0.413371
-0.405959
-0.399189
-0.393582
-0.389558
-0.387397
-0.387235
-0.388972
-0.392288
-0.396608
-0.40125
-0.405604
-0.409203
-0.411815
-0.413369
-0.413948
-0.41369
-0.412738
-0.411229
-0.409273
-0.406971
-0.404378
-0.401576
-0.39863
-0.395649
-0.39276
-0.390151
-0.388018
-0.386528
-0.38579
-0.385827
-0.386524
-0.387656
-0.388915
-0.389911
-0.390242
-0.3895
-0.387304
-0.383389
-0.377765
-0.370925
-0.364013
-0.358737
-0.356777
-0.358994
-0.364932
-0.37307
-0.381646
-0.389361
-0.395566
-0.400121
-0.403232
-0.405194
-0.406337
-0.406908
-0.407098
-0.40703
-0.406759
-0.406261
-0.405493
-0.404375
-0.402878
-0.40097
-0.398729
-0.396288
-0.393895
-0.391818
-0.390363
-0.389743
-0.390082
-0.391354
-0.393443
-0.396186
-0.399436
-0.403062
-0.406987
-0.411168
-0.415547
-0.420052
-0.424607
-0.429103
-0.433411
-0.437402
-0.440956
-0.443943
-0.446221
-0.447645
-0.448072
-0.447333
-0.445317
-0.442007
-0.437507
-0.432146
-0.426425
-0.420938
-0.416032
-0.411696
-0.407508
-0.402985
-0.397972
-0.393018
-0.389199
-0.387622
-0.38872
-0.392103
-0.396845
-0.401978
-0.406888
-0.411378
-0.415546
-0.419576
-0.423655
-0.427892
-0.432272
-0.436644
-0.440811
-0.444544
-0.447602
-0.449863
-0.451234
-0.45174
-0.45142
-0.450407
-0.448857
-0.446946
-0.44487
-0.442833
-0.441022
-0.439564
-0.438557
-0.437977
-0.437728
-0.437677
-0.437619
-0.437313
-0.436563
-0.435248
-0.433335
-0.430955
-0.428384
-0.425995
-0.424159
-0.423095
-0.422797
-0.423016
-0.423292
-0.423175
-0.422285
-0.420449
-0.417733
-0.414382
-0.410715
-0.407024
-0.403535
-0.400395
-0.397702
-0.395541
-0.394072
-0.393472
-0.393849
-0.395139
-0.397025
-0.39907
-0.400777
-0.401751
-0.401908
-0.401399
-0.400658
-0.400228
-0.400583
-0.401983
-0.404383
-0.407436
-0.410719
-0.413787
-0.416328
-0.418153
-0.419215
-0.419563
-0.419298
-0.418523
-0.417352
-0.415901
-0.414274
-0.412548
-0.410808
-0.409123
-0.407556
-0.406156
-0.404951
-0.403957
-0.403186
-0.402597
-0.402144
-0.401737
-0.401263
-0.400594
-0.399596
-0.398129
-0.396125
-0.393647
-0.390885
-0.388255
-0.38632
-0.385669
-0.38671
-0.389546
-0.393856
-0.399074
-0.404512
-0.409619
-0.413983
-0.41736
-0.419638
-0.42077
-0.420713
-0.419458
-0.417019
-0.413467
-0.40901
-0.403982
-0.398908
-0.394414
-0.391141
-0.389621
-0.39017
-0.392815
-0.39734
-0.40336
-0.410283
-0.417542
-0.424577
-0.430946
-0.436388
-0.440829
-0.444325
-0.447052
-0.44921
-0.451012
-0.452631
-0.454196
-0.455775
-0.457389
-0.459025
-0.460629
-0.462128
-0.463458
-0.464523
-0.465284
-0.465719
-0.465867
-0.465784
-0.465596
-0.465456
-0.465495
-0.465837
-0.46656
-0.46764
-0.469019
-0.470583
-0.472195
-0.473737
-0.475113
-0.476279
-0.477244
-0.478059
-0.478798
-0.479517
-0.48024
-0.480936
-0.48155
-0.481952
-0.48205
-0.481753
-0.48104
-0.479924
-0.478449
-0.476694
-0.474711
-0.472525
-0.470154
-0.467633
-0.465075
-0.462687
-0.460709
-0.459408
-0.458954
-0.459373
-0.460551
-0.46223
-0.46418
-0.466239
-0.468341
-0.470471
-0.472696
-0.475016
-0.477403
-0.47975
-0.481932
-0.483791
-0.48521
-0.486092
-0.486425
-0.486248
-0.485661
-0.484808
-0.483893
-0.48311
-0.482651
-0.482678
-0.483266
-0.484411
-0.486048
-0.488017
-0.490168
-0.492302
-0.494253
-0.495896
-0.497116
-0.49786
-0.498093
-0.497824
-0.497074
-0.495888
-0.494354
-0.492536
-0.490534
-0.488442
-0.486358
-0.484372
-0.482553
-0.480933
-0.479522
-0.478274
-0.477114
-0.475977
-0.474705
-0.473232
-0.471501
-0.469451
-0.467108
-0.464467
-0.461576
-0.458475
-0.455224
-0.451916
-0.448686
-0.445731
-0.443279
-0.441559
-0.440707
-0.44076
-0.441568
-0.442911
-0.444494
-0.446066
-0.44742
-0.448442
-0.449101
-0.449394
-0.449382
-0.449093
-0.448601
-0.447953
-0.447213
-0.446424
-0.445634
-0.444907
-0.444329
-0.444001
-0.444047
-0.444568
-0.445654
-0.447294
-0.449441
-0.451963
-0.454709
-0.457502
-0.460188
-0.462621
-0.464722
-0.466396
-0.46762
-0.468346
-0.468525
-0.468116
-0.467055
-0.465295
-0.462769
-0.459452
-0.455328
-0.450455
-0.444908
-0.438781
-0.432204
-0.425244
-0.417988
-0.41053
-0.403077
-0.396016
-0.389924
-0.385419
-0.382893
-0.382328
-0.383259
-0.385057
-0.387316
-0.390179
-0.394187
-0.399958
-0.407618
-0.416672
-0.426187
-0.435216
-0.443091
-0.449486
-0.454372
-0.457874
-0.460185
-0.461516
-0.462074
-0.46204
-0.461576
-0.460833
-0.459942
-0.459015
-0.458109
-0.457246
-0.456392
-0.455465
-0.454346
-0.452868
-0.450911
-0.448324
