1.79921
1.79793
1.79654
1.79532
1.79444
1.79396
1.7938
1.79383
1.7939
1.79384
1.79355
1.79295
1.79204
1.79086
1.78947
1.78791
1.78625
1.78451
1.78277
1.78114
1.77982
1.77903
1.77904
1.78004
1.78205
1.78497
1.78852
1.79239
1.79623
1.79979
1.80287
1.80538
1.80728
1.80858
1.80931
1.80954
1.80937
1.80894
1.80842
1.80801
1.80792
1.8083
1.80918
1.81043
1.81178
1.81277
1.81283
1.81133
1.80764
1.8013
1.79227
1.7813
1.7703
1.76198
1.75878
1.76136
1.76815
1.7764
1.78359
1.78829
1.79005
1.78917
1.78639
1.78271
1.77918
1.77659
1.77521
1.77474
1.77455
1.77412
1.77338
1.77277
1.77298
1.77458
1.7777
1.78195
1.78666
1.7912
1.79517
1.79848
1.80129
1.80394
1.80677
1.81008
1.81404
1.81863
1.82367
1.82887
1.83387
1.83832
1.84186
1.84422
1.84513
1.84441
1.84191
1.83754
1.83131
1.8233
1.81373
1.80297
1.79148
1.77981
1.76852
1.75814
1.74915
1.74203
1.7373
1.73548
1.73701
1.74208
1.75046
1.76152
1.7743
1.78775
1.80093
1.81312
1.82387
1.83294
1.84027
1.84589
1.84993
1.85253
1.85385
1.85405
1.85329
1.85169
1.8494
1.84653
1.84324
1.83965
1.83592
1.83221
1.82866
1.8254
1.82252
1.82006
1.81798
1.8162
1.81459
1.81302
1.81133
1.80943
1.80724
1.80478
1.8021
1.79931
1.79657
1.79407
1.79197
1.79042
1.78952
1.7893
1.78974
1.79075
1.79219
1.7939
1.79572
1.79751
1.79915
1.80057
1.80169
1.80248
1.80291
1.80296
1.80262
1.80189
1.80076
1.79926
1.79739
1.79521
1.79275
1.79009
1.78728
1.78442
1.78158
1.77883
1.77623
1.7738
1.77157
1.76954
1.7677
1.76607
1.76467
1.76356
1.76281
1.76249
1.76261
1.76315
1.764
1.76499
1.76593
1.76663
1.76697
1.76687
1.76632
1.76539
1.76416
1.76273
1.76116
1.75951
1.75779
1.75601
1.75422
1.75252
1.75104
1.74998
1.74947
1.74962
1.75042
1.7518
1.75359
1.75563
1.75774
1.75975
1.76155
1.76304
1.76414
1.76481
1.76501
1.76473
1.76393
1.76259
1.76071
1.75825
1.75521
1.75162
1.74754
1.74309
1.73846
1.73392
1.72975
1.72621
1.72349
1.72164
1.72059
1.72015
1.72011
1.7203
1.72057
1.72087
1.72117
1.72151
1.72192
1.72244
1.72307
1.72382
1.72469
1.72565
1.72668
1.72777
1.7289
1.73008
1.73129
1.73254
1.73381
1.73508
1.73631
1.73744
1.73843
1.7392
1.73967
1.73977
1.73943
1.73856
1.73709
1.73491
1.73194
1.72805
1.72319
1.71739
1.71092
1.70443
1.69899
1.69585
1.69597
1.69952
1.7057
1.71317
1.72058
1.72697
1.73187
1.7352
1.73707
1.7377
1.73729
1.73606
1.73422
1.73199
1.72964
1.72746
1.72575
1.72475
1.72454
1.72503
1.72595
1.72689
1.72743
1.72723
1.72613
1.72422
1.7219
1.71978
1.71856
1.7188
1.72065
1.72385
1.72783
1.73191
1.73555
1.73843
1.74047
1.74177
1.74255
1.74308
1.7436
1.74428
1.74519
1.74632
1.74759
1.74889
1.75011
1.75119
1.75207
1.75273
1.75317
1.7534
1.75342
1.75325
1.75289
1.75236
1.75168
1.75089
1.75005
1.74921
1.74843
1.74779
1.74733
1.74709
1.74705
1.74719
1.74743
1.74769
1.7479
1.74798
1.74791
1.74768
1.74735
1.74699
1.7467
1.7466
1.74676
1.74724
1.74801
1.74903
1.75021
1.75143
1.75258
1.75358
1.75437
1.75489
1.75516
1.75518
1.75499
1.75464
1.75422
1.7538
1.7535
1.75341
1.7536
1.75414
1.75503
1.75622
1.75764
1.75916
1.76066
1.762
1.76308
1.76382
1.76418
1.76415
1.76378
1.76317
1.76243
1.76172
1.7612
1.76101
1.7612
1.76177
1.76263
1.76362
1.76457
1.76532
1.76576
1.76584
1.76559
1.76511
1.76454
1.76406
1.76384
1.76402
1.7647
1.76589
1.76751
1.76939
1.7713
1.77298
1.77416
1.77461
1.77416
1.77271
1.77029
1.76706
1.76329
1.75939
1.7558
1.75295
1.75119
1.7508
1.75188
1.75444
1.75828
1.76308
1.7684
1.77379
1.77888
1.78337
1.7871
1.78996
1.7919
1.79288
1.79285
1.7918
1.78974
1.78676
1.78302
1.77884
1.77462
1.77083
1.76785
1.7659
1.76492
1.76465
1.76469
1.76467
1.76435
1.7636
1.76245
1.761
1.75943
1.75787
1.75651
1.75548
1.75493
1.75498
1.75574
1.75724
1.75947
1.76229
1.76546
1.76873
1.77179
1.77439
1.77635
1.77753
1.7779
1.77747
1.77633
1.7746
1.77245
1.77008
1.7677
1.76552
1.76374
1.76249
1.76182
1.7617
1.76202
1.7626
1.76326
1.76384
1.7642
1.76429
1.76411
1.76372
1.76319
1.76264
1.7622
1.76197
1.76205
1.76249
1.76333
1.76454
1.76606
1.76782
1.76967
1.77147
1.77307
1.77432
1.77508
1.77521
1.77463
1.77323
1.77096
1.76778
1.76367
1.75869
1.75303
1.74705
1.74134
1.7367
1.73388
1.73333
1.735
1.73832
1.74245
1.74652
1.74985
1.75204
1.75291
1.75248
1.7509
1.74841
1.74534
1.74204
1.73888
1.73621
1.73431
1.73334
1.73335
1.73424
1.73581
1.73781
1.73997
1.74208
1.744
1.74567
1.74711
1.74841
1.74969
1.75107
1.75262
1.75435
1.75617
1.75795
1.75955
1.76081
1.76164
1.76201
1.76194
1.76151
1.76082
1.75999
1.75915
1.75837
1.75774
1.75726
1.75694
1.7567
1.75648
1.75614
1.75554
1.75452
1.75295
1.75073
1.74786
1.74451
1.74104
1.73796
1.73579
1.73485
1.73509
1.73611
1.73732
1.73822
1.73858
1.73851
1.73839
1.73868
1.73969
1.74149
1.74389
1.74654
1.74909
1.75128
1.75297
1.75414
1.75486
1.75523
1.7554
1.75547
1.7555
1.75551
1.75543
1.75518
1.75465
1.75375
1.75247
1.75085
1.74904
1.74726
1.74576
1.74477
1.74448
1.74497
1.74623
1.74813
1.75049
1.7531
1.75577
1.75834
1.76071
1.76284
1.76472
1.76636
1.76779
1.76902
1.77007
1.77093
1.77154
1.77184
1.77173
1.77105
1.76963
1.76724
1.76368
1.75883
1.75278
1.74595
1.7392
1.73373
1.73065
1.73049
1.73288
1.73673
1.74073
1.74381
1.74541
1.7454
1.74403
1.7417
1.73893
1.73622
1.73398
1.7325
1.7319
1.73221
1.73337
1.73531
1.73795
1.74118
1.74487
1.74881
1.75277
1.75647
1.75969
1.76227
1.76411
1.76524
1.7657
1.76561
1.76511
1.76433
1.7634
1.76243
1.76149
1.76062
1.75985
1.75918
1.75862
1.75818
1.75788
1.75777
1.75788
1.75826
1.7589
1.75976
1.76075
1.76175
1.76263
1.76325
1.76352
1.7634
1.76291
1.76211
1.76111
1.75999
1.75882
1.75757
1.75614
1.7544
1.75222
1.74954
1.74643
1.74312
1.74
1.73754
1.73616
1.73613
1.73744
1.7398
1.74277
1.74586
1.74876
1.75133
1.75364
1.75583
1.758
1.76021
1.7624
1.76447
1.76633
1.7679
1.76915
1.77008
1.77068
1.77095
1.77087
1.77044
1.7697
1.7687
1.7675
1.76619
1.76489
1.76366
1.76259
1.76173
1.76111
1.76074
1.76062
1.76075
1.76112
1.76172
1.76257
1.76364
1.76491
1.76636
1.76792
1.76954
1.77115
1.77268
1.77407
1.77531
1.77636
1.77723
1.77794
1.7785
1.77892
1.77924
1.77948
1.77964
1.77976
1.77985
1.77993
1.78
1.78003
1.77998
1.77975
1.77922
1.77822
1.77658
1.77412
1.77067
1.76612
1.76044
1.75374
1.74631
1.73858
1.73111
1.72446
1.7191
1.71529
1.71312
1.71252
1.71339
1.71555
1.71875
1.72269
1.72699
1.73124
1.73507
1.73822
1.74056
1.74209
1.74299
1.74349
1.7439
1.74444
1.74526
1.74636
1.74762
1.74881
1.74969
1.75003
1.74966
1.74847
1.7465
1.74392
1.74104
1.73833
1.73633
1.73548
1.73603
1.73791
1.74077
1.74414
1.74751
1.75047
1.75275
1.7542
1.75473
1.75432
1.75292
1.75051
1.74706
1.74259
1.73721
1.73122
1.72508
1.71945
1.71501
1.71223
1.71123
1.71167
1.71293
1.71435
1.71544
1.71595
1.7159
1.71545
1.71486
1.71441
1.71439
1.71502
1.71644
1.71866
1.72156
1.72493
1.72847
1.73193
1.73512
1.73792
1.74029
1.74225
1.74383
1.74509
1.74608
1.74684
1.74741
1.74781
1.74808
1.74824
1.7483
1.74828
1.74822
1.74812
1.74799
1.74786
1.74772
1.74756
1.74737
1.74711
1.74675
1.74625
1.74557
1.74466
1.74347
1.74199
1.74019
1.73811
1.73578
1.7333
1.73082
1.72851
1.7266
1.7253
1.72481
1.72525
1.72667
1.72902
1.73216
1.73592
1.74007
1.74441
1.74875
1.75292
1.7568
1.7603
1.76336
1.76597
1.76812
1.76986
1.77127
1.77244
1.77348
1.77447
1.77553
1.77673
1.77811
1.77967
1.78141
1.78328
1.78521
1.78714
1.78898
1.79066
1.79209
1.7932
1.7939
1.79412
1.79383
1.79299
1.79167
1.78999
1.78814
1.78638
1.78492
1.78391
1.78329
1.78285
1.7822
1.78091
1.77855
1.77486
1.76968
1.76305
1.75511
1.74609
1.73631
1.7263
1.71696
1.70968
1.70607
1.70731
1.71341
1.72314
1.73459
1.74606
1.75653
1.76564
1.77348
1.7803
1.78638
1.79191
1.79701
1.80173
1.80607
1.80998
1.81342
1.81634
1.81871
1.82051
1.82175
1.82244
1.82263
1.82235
1.82167
1.82066
1.8194
1.81796
1.81643
1.81487
1.81334
1.81185
1.81038
1.80889
1.80726
1.80538
1.8031
1.80027
1.79678
1.79258
1.78771
1.78232
1.77669
1.77125
1.7665
1.76298
1.76113
1.76126
1.76339
1.76732
1.77264
1.77882
1.78529
1.79155
1.79717
1.80182
1.80526
1.80724
1.80755
1.80593
1.80208
1.79574
1.78683
1.77567
1.76327
1.7514
1.74224
1.73744
1.73733
1.74089
1.74649
1.75275
1.75887
1.76456
1.76979
1.7746
1.77904
1.7831
1.78677
1.79
1.7927
1.7948
1.79618
1.79674
1.7964
1.79508
1.79273
1.78934
1.78496
1.77969
1.77369
1.76716
1.76035
1.75348
1.74678
1.74043
1.73459
1.72943
1.72521
1.72223
1.72075
1.72093
1.72265
1.72557
1.7292
1.73306
1.73679
1.7402
1.74324
1.74592
1.74827
1.75034
1.75214
1.75364
1.75484
1.75571
1.75623
1.7564
1.75621
1.7557
1.75486
1.75374
1.75236
1.75078
1.74904
1.74723
1.74543
1.74375
1.74232
1.74127
1.74071
1.74068
1.74121
1.7422
1.74352
1.74498
1.74637
1.74747
1.74812
1.74819
1.74758
1.74629
1.74433
1.74173
1.73849
1.73455
1.72973
1.72381
1.71666
1.70836
1.69944
1.69091
1.68403
1.67999
1.67956
1.68306
1.69032
1.70071
1.7131
1.72606
1.73825
1.74879
1.75728
1.76375
1.76845
1.7717
1.77383
1.77513
1.77582
1.77604
1.77591
1.7755
1.77484
1.77396
1.77286
1.77153
1.76996
1.76812
1.76603
1.76367
1.76106
1.75821
1.75518
1.75203
1.74887
1.74584
1.74313
1.74097
1.73957
1.73909
1.73956
1.74087
1.74275
1.74483
1.74669
1.74797
1.74846
1.74811
1.74715
1.746
1.74526
1.7455
1.74714
1.75025
1.75463
1.75979
1.7652
1.77029
1.7746
1.77773
1.7794
1.77939
1.77758
1.77401
1.76893
1.76285
1.75658
1.75114
1.74758
1.74667
1.74862
1.75301
1.75896
1.76546
1.77167
1.77704
1.78134
1.78457
1.7869
1.78853
1.78968
1.79052
1.79118
1.79175
1.79227
1.79273
1.79309
1.7932
1.79288
1.79189
1.79001
1.78713
1.78334
1.77901
1.77481
1.77146
1.76954
1.76914
1.76984
1.7709
1.77159
1.77139
1.77012
1.76791
1.76505
1.76191
1.75887
1.75619
1.75407
1.75261
1.7518
1.75156
1.75178
1.75237
1.75333
1.75477
1.75691
1.75994
1.76385
1.7683
1.77272
1.77642
1.7788
1.77945
1.77821
1.77513
1.77039
1.76429
1.75718
1.74951
1.74183
1.73484
1.72931
1.72593
1.72508
1.72668
1.73022
1.735
1.74039
1.74595
1.75149
1.75693
1.76227
1.76747
1.77247
1.7772
1.78157
1.78551
1.78896
1.79187
1.7942
1.79589
1.79686
1.79707
1.79646
1.795
1.79273
1.7897
1.78605
1.78196
1.7776
1.77315
1.76869
1.76424
1.75976
1.7552
1.75065
1.74629
1.74242
1.73927
1.73685
1.73486
1.73289
1.73062
1.72803
1.72542
1.72328
1.72214
1.72234
1.72398
1.72695
1.73092
1.73544
1.74004
1.7443
1.74794
1.75084
1.75303
1.75463
1.75579
1.75667
1.75737
1.75795
1.75844
1.75883
1.75908
1.75916
1.75905
1.75873
1.7582
1.75748
1.75658
1.75555
1.7544
1.75316
1.75181
1.75035
1.74872
1.74687
1.7447
1.74209
1.73895
1.73517
1.73074
1.72569
1.72019
1.71451
1.70901
1.70409
1.70022
1.69784
1.69743
1.69937
1.70375
1.71029
1.71834
1.72706
1.73566
1.74359
1.75056
1.75648
1.76141
1.76548
1.76882
1.77153
1.77369
1.77533
1.77644
1.77697
1.77684
1.77593
1.77413
1.77132
1.76743
1.76248
1.75665
1.75021
1.74363
1.7374
1.73207
1.72804
1.72558
1.72473
1.72527
1.72682
1.72888
1.73093
1.73259
1.73361
1.73398
1.734
1.73417
1.73507
1.7371
1.74029
1.74429
1.74855
1.75255
1.75592
1.75849
1.76028
1.76143
1.76219
1.76287
1.76382
1.76535
1.76774
1.77114
1.77552
1.78071
1.78637
1.7921
1.79748
1.80213
1.8058
1.80831
1.80965
1.80995
1.80946
1.80856
1.80768
1.80714
1.80709
1.80741
1.80776
1.80769
1.80677
1.80474
1.80151
1.79726
1.79238
1.78743
1.78309
1.77996
1.77852
1.77889
1.78089
1.78402
1.78768
1.79125
1.79423
1.79629
1.79728
1.79716
1.79602
1.79405
1.79149
1.78863
1.78575
1.7831
1.78091
1.77936
1.7786
1.77877
1.77996
1.7822
1.78547
1.78968
1.79471
1.80034
1.80637
1.81249
1.81841
1.82381
1.8284
1.83193
1.83422
1.83516
1.83466
1.8327
1.8293
1.82452
1.81849
1.81145
1.80377
1.79598
1.78875
1.78279
1.77874
1.77699
1.7776
1.78023
1.78429
1.78909
1.794
1.79854
1.80243
1.80555
1.80793
1.80963
1.81077
1.81146
1.81181
1.81186
1.81166
1.81123
1.81058
1.8097
1.80863
1.80738
1.80599
1.80449
1.80291
1.80127
1.7996
1.79791
1.79619
1.79444
1.79265
1.79078
1.7888
1.78659
1.78404
1.78098
1.77727
1.77289
1.76806
1.76331
1.75952
1.75758
1.75811
1.76106
1.76575
1.77114
1.77623
1.78031
1.78302
1.7843
1.78424
1.78301
1.78084
1.77793
1.7745
1.77075
1.76685
1.76299
1.75931
1.75595
1.75302
1.7506
1.74872
1.7474
1.74661
1.74631
1.74644
1.74691
1.74763
1.74851
1.74944
1.7503
1.75098
1.75137
1.75137
1.75096
1.75015
1.74909
1.74801
1.74724
1.74716
1.74809
1.7502
1.75344
1.75758
1.76225
1.76706
1.77165
1.7758
1.77936
1.78228
1.78457
1.78624
1.78734
1.7879
1.78791
1.78738
1.78629
1.78461
1.78233
1.77943
1.77597
1.77208
1.76801
1.76409
1.76078
1.75852
1.7577
1.7585
1.76088
1.7646
1.76927
1.77447
1.77982
1.78499
1.78974
1.79391
1.79738
1.80011
1.80212
1.80345
1.80422
1.80455
1.80462
1.80457
1.80453
1.80455
1.80463
1.80467
1.80453
1.80401
1.80293
1.80116
1.79864
1.79544
1.79171
1.78767
1.78357
1.77964
1.77614
1.77344
1.77202
1.77241
1.77499
1.77972
1.78607
1.79312
1.79989
1.80554
1.80955
1.81174
1.8122
1.81122
1.80923
1.8067
1.80415
1.80205
1.80079
1.80062
1.80164
1.80374
1.80669
1.81011
1.81359
1.8167
1.81903
1.82028
1.82018
1.81863
1.81565
1.81154
1.80686
1.80247
1.79933
1.79819
1.79927
1.80216
1.80596
1.80966
1.81239
1.81354
1.8128
1.80998
1.80501
1.79785
1.78851
1.77716
1.76425
1.75069
1.73797
1.72784
1.72181
1.72049
1.72331
1.72895
1.73588
1.74287
1.74919
1.75455
1.75894
1.7625
1.76541
1.76782
1.76983
1.77148
1.77278
1.77369
1.77422
1.77436
1.77411
1.7735
1.77256
1.77132
1.76983
1.7681
1.76619
1.7641
1.76188
1.75954
1.75711
1.7546
1.75203
1.74944
1.74683
1.74424
1.74171
1.73927
1.73697
1.73488
1.73302
1.73147
1.73024
1.72935
1.7288
1.72855
1.72857
1.72879
1.72913
1.72953
1.72993
1.73027
1.73052
1.73063
1.73059
1.7304
1.73005
1.72954
1.72889
1.72811
1.72721
1.72622
1.72515
1.72403
1.72289
1.72175
1.72064
1.71959
1.71861
1.71771
1.71688
1.71612
1.71541
1.71473
1.71406
1.7134
1.71278
1.71226
1.71192
1.71186
1.7122
1.71301
1.71431
1.7161
1.7183
1.72078
1.72341
1.72608
1.72866
1.73108
1.73328
1.73522
1.73689
1.73826
1.73933
1.7401
1.74055
1.74068
1.74049
1.73998
1.73915
1.73806
1.73675
1.73532
1.73388
1.73258
1.73153
1.73086
1.7306
1.73074
1.73119
1.73183
1.73249
1.73305
1.73342
1.73355
1.73349
1.73332
1.73316
1.73312
1.73328
1.73367
1.73423
1.73486
1.7354
1.73567
1.73551
1.73476
1.73329
1.73103
1.72792
1.72397
1.71926
1.71392
1.7082
1.70244
1.69706
1.69252
1.68927
1.6876
1.68764
1.68925
1.69212
1.69584
1.7
1.70428
1.70843
1.71233
1.71593
1.71925
1.7223
1.72512
1.72776
1.73025
1.73261
1.73485
1.737
1.73905
1.74102
1.7429
1.74471
1.74645
1.74812
1.74973
1.75129
1.7528
1.75425
1.75564
1.75696
1.75819
1.75929
1.76022
1.76091
1.76129
1.76124
1.76068
1.75949
1.7576
1.75501
1.75187
1.74847
1.74532
1.74297
1.74193
1.74239
1.74411
1.7465
1.74878
1.75022
1.75036
1.749
1.74627
1.74243
1.7378
1.73267
1.72737
1.72237
1.71838
1.7162
1.71635
1.71879
1.72288
1.72766
1.73226
1.73608
1.73884
1.74049
1.74112
1.74084
1.73983
1.73828
1.73643
1.73454
1.73289
1.73172
1.73122
1.7315
1.73261
1.73452
1.73714
1.7403
1.74381
1.74741
1.75085
1.7539
1.75638
1.75815
1.75913
1.75929
1.75866
1.7573
1.75532
1.75285
1.7501
1.74725
1.74456
1.74225
1.7405
1.73944
1.7391
1.73942
1.74028
1.74151
1.74293
1.7444
1.74577
1.74695
1.74788
1.74851
1.74882
1.74878
1.7484
1.74765
1.74655
1.74507
1.74324
1.74105
1.73854
1.73574
1.73273
1.7296
1.72649
1.72353
1.72088
1.71867
1.717
1.71592
1.71541
1.7154
1.71579
1.71645
1.71724
1.71804
1.71877
1.71936
1.71977
1.71998
1.72
1.71984
1.71952
1.71907
1.71852
1.71789
1.71719
1.71644
1.71562
1.71471
1.71369
1.71249
1.71109
1.70942
1.70746
1.70521
1.70272
1.70008
1.69749
1.69515
1.69328
1.69207
1.69157
1.69174
1.69243
1.69342
1.69448
1.69546
1.69626
1.69685
1.69726
1.69754
1.69774
1.69787
1.69794
1.69792
1.69774
1.69734
1.6966
1.69538
1.69349
1.69068
1.6867
1.68128
1.67434
1.6661
1.65732
1.64934
1.64381
1.64198
1.64407
1.64913
1.65557
1.6619
1.66715
1.67095
1.67331
1.67449
1.67479
1.67448
1.67378
1.67283
1.67174
1.67062
1.6696
1.66887
1.66866
1.66918
1.67058
1.67285
1.67584
1.6793
1.68295
1.68653
1.68984
1.69279
1.69536
1.69757
1.69948
1.70117
1.70269
1.70411
1.70546
1.70678
1.70805
1.7093
1.71049
1.7116
1.7126
1.71346
1.71414
1.71458
1.71476
1.71464
1.71418
1.71338
1.71223
1.71077
1.70906
1.70719
1.70525
1.70338
1.70166
1.70016
1.69891
1.69784
1.69684
1.69571
1.69423
1.69213
1.68907
1.68466
1.67841
1.66984
1.65874
1.64561
1.63197
1.62018
1.61265
1.61085
1.61494
1.62403
1.63659
1.65085
1.66519
1.67842
1.68988
1.69936
1.70695
1.7129
1.71748
1.72096
1.72357
1.7255
1.72688
1.72781
1.72833
1.72848
1.72829
1.72778
1.72694
1.72582
1.72445
1.72287
1.72116
1.71941
1.71774
1.71628
1.71516
1.7145
1.71439
1.71488
1.71595
1.71755
1.71956
1.72187
1.72435
1.7269
1.72943
1.73186
1.73415
1.73628
1.73822
1.73998
1.74155
1.74294
1.74416
1.74521
1.74609
1.74681
1.74734
1.74768
1.74779
1.74764
1.74717
1.74632
1.74502
1.74318
1.74074
1.73765
1.73392
1.72961
1.7249
1.72004
1.71532
1.711
1.70729
1.70425
1.70182
1.69991
1.6984
1.69717
1.69615
1.69528
1.6945
1.69383
1.69332
1.69312
1.69344
1.69452
1.69655
1.69962
1.70363
1.70831
1.71329
1.71816
1.72257
1.72632
1.72936
1.73179
1.73379
1.7356
1.73741
1.73937
1.74149
1.74371
1.74592
1.74799
1.7498
1.75129
1.7524
1.75314
1.7535
1.75352
1.75323
1.75267
1.75188
1.75087
1.74965
1.74821
1.74657
1.74471
1.74266
1.74049
1.73829
1.73619
1.73433
1.73281
1.73165
1.73078
1.73007
1.72937
1.72857
1.72764
1.72667
1.72584
1.72533
1.72535
1.72599
1.72726
1.72907
1.73122
1.73351
1.73573
1.73768
1.73924
1.74032
1.74088
1.74091
1.74042
1.73947
1.73812
1.73647
1.73466
1.73286
1.73125
1.72999
1.72916
1.72875
1.7286
1.72845
1.72799
1.72696
1.72535
1.72347
1.72198
1.72172
1.72337
1.72715
1.7327
1.73925
1.74594
1.75205
1.75703
1.76055
1.76232
1.76208
1.75959
1.75462
1.74715
1.73749
1.72648
1.7156
1.70673
1.70158
1.70106
1.70493
1.7121
1.72116
1.73079
1.74001
1.74815
1.75484
1.75987
1.76318
1.76477
1.76474
1.7633
1.7608
1.75773
1.75468
1.75224
1.7508
1.75044
1.75095
1.75187
1.75272
1.75308
1.75273
1.75159
1.74978
1.74758
1.74542
1.74388
1.74359
1.74504
1.74835
1.75328
1.75921
1.76543
1.7713
1.77634
1.78032
1.78315
1.78484
1.78548
1.78517
1.78408
1.7824
1.7804
1.77843
1.77687
1.77609
1.77638
1.77781
1.78028
1.7835
1.7871
1.79072
1.79407
1.79695
1.79927
1.801
1.80215
1.80274
1.8028
1.80233
1.80131
1.7997
1.79751
1.79474
1.79153
1.78814
1.78499
1.78259
1.78145
1.78192
1.78404
1.78756
1.79201
1.79682
1.80153
1.80574
1.80921
1.8118
1.81344
1.81411
1.81387
1.81279
1.81105
1.80883
1.80642
1.80412
1.80224
1.80108
1.80085
1.80162
1.80329
1.80563
1.80827
1.81079
1.81279
1.81388
1.81378
1.81229
1.80934
1.80505
1.79972
1.79389
1.7883
1.78372
1.78083
1.78004
1.78137
1.78451
1.78892
1.79399
1.79912
1.80376
1.80746
1.80984
1.81055
1.8093
1.80586
1.80013
1.79224
1.78269
1.77251
1.76312
1.75599
1.75209
1.75142
1.75315
1.75609
1.75922
1.76191
1.76397
1.76545
1.76647
1.76716
1.76762
1.76791
1.76807
1.76819
1.76834
1.76861
1.76906
1.76971
1.77052
1.77143
1.77233
1.77309
1.77362
1.77383
1.77367
1.7731
1.77213
1.77078
1.76909
1.76709
1.76486
1.76245
1.75996
1.75747
1.75507
1.75288
1.75098
1.74946
1.74837
1.74774
1.74754
1.74771
1.74817
1.7488
1.74948
1.7501
1.75056
1.75075
1.75062
1.7501
1.74915
1.74774
1.74584
1.74345
1.74055
1.73719
1.73343
1.72939
1.72532
1.72156
1.71857
1.71683
1.71676
1.71855
1.72207
1.72688
1.73237
1.73788
1.7429
1.74709
1.75033
1.75269
1.75433
1.75545
1.7562
1.75658
1.7565
1.75576
1.75428
1.7522
1.75002
1.7485
1.7484
1.75009
1.75332
1.75727
1.76093
1.7634
1.76423
1.76344
1.76156
1.75949
1.75822
1.75854
1.76067
1.76424
1.76841
1.77226
1.77504
1.77628
1.77581
1.77361
1.76982
1.76464
1.75833
1.75123
1.74381
1.73669
1.73065
1.72646
1.72471
1.72553
1.7285
1.73274
1.73727
1.74126
1.7442
1.74592
1.74657
1.74643
1.74585
1.74516
1.74458
1.74425
1.74421
1.74444
1.74492
1.74559
1.74644
1.74744
1.74856
1.74978
1.75104
1.75229
1.75347
1.75452
1.75537
1.75596
1.75626
1.75624
1.7559
1.75527
1.75437
1.75326
1.75198
1.75059
1.7491
1.74751
1.7458
1.74392
1.7418
1.73937
1.73661
1.73354
1.73027
1.727
1.72405
1.72175
1.72043
1.72026
1.72122
1.72309
1.72555
1.72824
1.73084
1.73315
1.73508
1.73662
1.73781
1.73875
1.73952
1.7402
1.74084
1.74147
1.7421
1.7427
1.74324
1.74369
1.74403
1.74424
1.74436
1.74442
1.74451
1.7447
1.74507
1.7457
1.74663
1.74786
1.74935
1.75104
1.75282
1.75458
1.75619
1.75755
1.75855
1.7591
1.75912
1.75855
1.75734
1.75544
1.75284
1.74954
1.74561
1.74121
1.7366
1.73218
1.72843
1.72583
1.72475
1.7253
1.72735
1.73055
1.7345
1.73883
1.74327
1.74761
1.75171
1.75544
1.75866
1.76123
1.76304
1.76403
1.76419
1.76356
1.76228
1.76051
1.75847
1.75639
1.75451
1.75305
1.75219
1.75206
1.75273
1.75417
1.75625
1.75878
1.76149
1.76413
1.76647
1.76835
1.76964
1.77029
1.77027
1.76961
1.76835
1.76654
1.76427
1.76165
1.7588
1.75586
1.753
1.7504
1.74818
1.74648
1.74535
1.74481
1.74482
1.74536
1.74636
1.74777
1.7495
1.75146
1.75356
1.75571
1.75785
1.75993
1.7619
1.76373
1.76538
1.7668
1.76792
1.76869
1.76904
1.76895
1.76837
1.76731
1.7658
1.7639
1.76171
1.75935
1.75693
1.75459
1.75239
1.75039
1.7486
1.747
1.74557
1.7443
1.74321
1.74235
1.74179
1.7416
1.74185
1.74256
1.74372
1.74528
1.74712
1.74913
1.75117
1.75311
1.75484
1.75625
1.75728
1.75789
1.75806
1.7578
1.75714
1.75612
1.7548
1.75326
1.75162
1.74998
1.74849
1.74727
1.74643
1.74605
1.74613
1.74664
1.74752
1.74867
1.74997
1.75131
1.75256
1.75359
1.75419
1.75415
1.75313
1.75075
1.74646
1.73966
1.72971
1.71615
1.69909
1.67976
1.66093
1.64664
1.64081
1.64528
1.65868
1.67735
1.69727
1.71554
1.73078
1.74271
1.75166
1.75811
1.76254
1.76532
1.76669
1.76683
1.76581
1.76371
1.76058
1.75651
1.75169
1.7464
1.74106
1.73613
1.73206
1.72912
1.72721
1.72593
1.72456
1.72231
1.71851
1.71283
1.7054
1.69697
1.68882
1.68256
1.6796
1.68067
1.68556
1.69329
1.70262
1.71235
1.72161
1.72984
1.7367
1.74204
1.74584
1.74814
1.74904
1.7487
1.74732
1.74514
1.74243
1.73948
1.73654
1.73384
1.73152
1.72963
1.72815
1.727
1.72607
1.72525
1.72446
1.72364
1.72278
1.72187
1.72096
1.72011
1.71937
1.71885
1.71861
1.71872
1.7192
1.72005
1.72121
1.72262
1.72417
1.72578
1.72737
1.72886
1.73022
1.73141
1.73242
1.73324
1.73386
1.73428
1.73449
1.73445
1.73415
1.73354
1.73259
1.73124
1.72945
1.72719
1.72447
1.72131
1.71783
1.71419
1.71068
1.70763
1.70537
1.7042
1.70426
1.70552
1.70778
1.71073
1.71404
1.71738
1.72047
1.72306
1.72486
1.72553
1.72467
1.72179
1.71651
1.70878
1.69931
1.68996
1.68347
1.68234
1.68727
1.69668
1.70779
1.71814
1.7264
1.73223
1.73591
1.73793
1.73881
1.73897
1.73874
1.73827
1.7376
1.73661
1.73507
1.73269
1.72918
1.7244
1.71842
1.71166
1.70485
1.69896
1.69498
1.69361
1.69507
1.69904
1.70469
1.71088
1.71635
1.71997
1.72087
1.71853
1.7129
1.7045
1.69459
1.68511
1.67831
1.6759
1.67834
1.68464
1.69301
1.70174
1.70971
1.71643
1.72185
1.72611
1.72939
1.73188
1.73371
1.73506
1.73606
1.73685
1.73753
1.73813
1.73865
1.73909
1.7394
1.73959
1.73966
1.73964
1.73954
1.73939
1.73918
1.73888
1.73844
1.7378
1.7369
1.73568
1.73413
1.73225
1.73008
1.72771
1.72523
1.72277
1.72047
1.71847
1.71689
1.7158
1.71527
1.71528
1.71582
1.71683
1.71822
1.71992
1.72183
1.72385
1.7259
1.72786
1.72965
1.73115
1.73228
1.73296
1.73314
1.73279
1.73195
1.73067
1.72906
1.7273
1.72554
1.72398
1.72276
1.72197
1.72163
1.72172
1.72216
1.72286
1.72372
1.72466
1.72559
1.72643
1.72704
1.72726
1.7269
1.72577
1.7237
1.72062
1.71668
1.71225
1.70796
1.7046
1.70277
1.7027
1.7041
1.70623
1.70825
1.70943
1.70933
1.70779
1.70496
1.70129
1.69747
1.69435
1.69271
1.69299
1.6951
1.69844
1.70214
1.70541
1.70766
1.70863
1.70828
1.70675
1.70431
1.7013
1.69817
1.69538
1.69345
1.69278
1.69364
1.69602
1.69971
1.70428
1.70925
1.71417
1.71869
1.72262
1.72585
1.72838
1.73029
1.73166
1.73258
1.73317
1.73352
1.7337
1.73378
1.73381
1.73381
1.73379
1.73371
1.7335
1.73305
1.7322
1.73076
1.7285
1.72519
1.72062
1.71471
1.70757
1.69962
1.69162
1.68459
1.67956
1.67724
1.67773
1.68051
1.68468
1.68922
1.69323
1.69616
1.69775
1.69812
1.69761
1.69677
1.69615
1.69626
1.69737
1.69952
1.70256
1.70618
1.71005
1.71392
1.7176
1.72101
1.72414
1.72698
1.72953
1.73175
1.73354
1.73481
1.73541
1.73517
1.73394
1.73162
1.72821
1.72389
1.71911
1.71458
1.71115
1.70956
1.71013
1.71263
1.71638
1.72053
1.72433
1.72725
1.72902
1.72956
1.72887
1.72701
1.72408
1.72021
1.7156
1.71051
1.70531
1.70043
1.69632
1.69335
1.69173
1.69146
1.69232
1.69395
1.69593
1.69788
1.6995
1.70062
1.70117
1.70121
1.70091
1.70056
1.70057
1.70137
1.70339
1.70687
1.71183
1.71797
1.72482
1.73176
1.73823
1.74378
1.74807
1.75093
1.75228
1.75209
1.75039
1.74721
1.74257
1.73648
1.72894
1.72
1.70975
1.69843
1.68636
1.67398
1.6618
1.65036
1.64031
1.6325
1.62799
1.6278
1.6325
1.64183
1.65464
1.66929
1.68417
1.698
1.70999
1.71973
1.72713
1.73224
1.73516
1.73599
1.73479
1.73155
1.72622
1.7188
1.70954
1.6991
1.6888
1.68047
1.67588
1.67583
1.67968
1.68568
1.6919
1.69691
1.7
1.70112
1.70057
1.69888
1.69665
1.69449
1.69285
1.69205
1.69214
1.69301
1.6944
1.696
1.69751
1.6987
1.6994
1.6995
1.69893
1.69768
1.69573
1.69307
1.68971
1.68569
1.68106
1.67593
1.67048
1.66498
1.65977
1.65527
1.65189
1.65001
1.64987
1.65157
1.65496
1.65975
1.66554
1.67187
1.67834
1.6846
1.69043
1.69566
1.70025
1.70419
1.70749
1.71019
1.71232
1.71391
1.71497
1.71548
1.71542
1.71476
1.7135
1.71167
1.70936
1.70675
1.70406
1.70156
1.6994
1.69758
1.69588
1.69392
1.69132
1.688
1.6843
1.68105
1.67929
1.67981
1.6827
1.68731
1.69256
1.69742
1.70116
1.70342
1.70411
1.70331
1.70113
1.69772
1.69317
1.68761
1.68123
1.67449
1.6682
1.66357
1.66206
1.66479
1.67208
1.68313
1.69636
1.71001
1.72267
1.73349
1.74214
1.74865
1.7532
1.75606
1.75746
1.75756
1.75651
1.75435
1.75114
1.74685
1.74139
1.73457
1.72611
1.71588
1.70425
1.69243
1.68246
1.67645
1.67572
1.68027
1.68912
1.70093
1.71434
1.72807
1.74106
1.75254
1.76204
1.76943
1.77479
1.77838
1.78048
1.78141
1.78147
1.7809
1.77989
1.77858
1.77703
1.77527
1.77329
1.77105
1.76846
1.76543
1.76183
1.75753
1.75246
1.74667
1.74041
1.7342
1.72881
1.7251
1.72384
1.72537
1.72949
1.73557
1.74279
1.75036
1.75767
1.76437
1.77023
1.77516
1.7791
1.78202
1.78387
1.78459
1.78413
1.78245
1.77955
1.77553
1.77063
1.76524
1.75989
1.7552
1.75167
1.74964
1.74919
1.75024
1.75269
1.75639
1.76119
1.76684
1.77293
1.77896
1.78442
1.78892
1.79222
1.79422
1.79495
1.79449
1.79294
1.79043
1.78704
1.78289
1.77807
1.77266
1.76672
1.76026
1.75329
1.74591
1.7384
1.73133
1.72547
1.72156
1.71997
1.72054
1.72265
1.7257
1.72944
1.73413
1.74028
1.74825
1.758
1.76899
1.78038
1.79131
1.80107
1.80919
1.81538
1.81956
1.82169
1.82178
1.81987
1.81598
1.81021
1.80275
1.79393
1.78427
1.77441
1.76497
1.75646
1.74916
1.74314
1.73838
1.73485
1.7327
1.73221
1.73379
1.73778
1.7442
1.7526
1.76206
1.77149
1.77989
1.78656
1.79107
1.79323
1.79299
1.79034
1.78532
1.77806
1.76886
1.75823
1.747
1.73629
1.72738
1.72146
1.71937
1.7212
1.72619
1.73283
1.73932
1.74404
1.74588
1.74445
1.74017
1.7343
1.72868
1.72524
1.72528
1.7291
1.736
1.74475
1.75404
1.76278
1.77027
1.77615
1.78038
1.78309
1.78452
1.7849
1.78447
1.78341
1.78183
1.77982
1.7774
1.77457
1.77131
1.76761
1.76351
1.75914
1.75475
1.75071
1.74747
1.74545
1.7449
1.7458
1.74786
1.7506
1.7535
1.7561
1.75805
1.75915
1.75925
1.7583
1.7563
1.75326
1.74924
1.74435
1.73874
1.73269
1.72655
1.72079
1.71592
1.71243
1.71067
1.71076
1.71258
1.71582
1.72008
1.72501
1.73032
1.73584
1.74147
1.74707
1.75252
1.75758
1.76198
1.76537
1.76734
1.76741
1.76504
1.75972
1.75115
1.73964
1.72656
1.71455
1.70668
1.70485
1.70858
1.71543
1.72273
1.72876
1.73295
1.73546
1.73671
1.73708
1.73686
1.73623
1.73534
1.73431
1.73332
1.73256
1.7322
1.73239
1.73316
1.73446
1.73616
1.73809
1.74007
1.74192
1.74351
1.74472
1.74551
1.74586
1.74581
1.74549
1.74508
1.74479
1.74486
1.74542
1.74654
1.74814
1.75001
1.75192
1.75362
1.7549
1.75565
1.75584
1.75551
1.75476
1.75374
1.75257
1.75134
1.75011
1.74886
1.74759
1.74635
1.74525
1.74449
1.74427
1.74472
1.74579
1.74721
1.74855
1.74931
1.74902
1.74734
1.74409
1.73929
1.73318
1.72626
1.71925
1.71298
1.70829
1.70576
1.70557
1.70751
1.71105
1.71556
1.72043
1.72519
1.7295
1.73319
1.73618
1.73848
1.74017
1.74139
1.74226
1.74295
1.74362
1.74438
1.74533
1.74654
1.74801
1.74972
1.75162
1.75363
1.75568
1.75769
1.75958
1.76127
1.76271
1.76385
1.76463
1.76503
1.765
1.76453
1.7636
1.76221
1.76039
1.75819
1.75569
1.75301
1.75023
1.74746
1.74476
1.7421
1.7394
1.7365
1.7332
1.72927
1.72453
1.71887
1.71232
1.70524
1.69848
1.69348
1.69196
1.69513
1.70283
1.71351
1.72497
1.73538
1.74368
1.74957
1.75322
1.75503
1.75548
1.75504
1.7541
1.75299
1.75193
1.751
1.75018
1.74938
1.74845
1.74728
1.74579
1.74399
1.74194
1.73982
1.73785
1.73628
1.73532
1.73515
1.73586
1.73743
1.73974
1.74263
1.74588
1.74928
1.75263
1.75578
1.75861
1.76106
1.76308
1.76465
1.7658
1.76654
1.76691
1.76698
1.7668
1.76646
1.76603
1.76561
1.76526
1.76504
1.76499
1.76511
1.76536
1.76568
1.76598
1.76618
1.76616
1.76583
1.76512
1.76397
1.76238
1.76039
1.7581
1.75566
1.75328
1.75116
1.74949
1.74833
1.74762
1.74716
1.74661
1.74559
1.74385
1.74135
1.73841
1.73575
1.73433
1.73509
1.73852
1.74444
1.75201
1.76006
1.76752
1.77362
1.77796
1.78047
1.7813
1.7807
1.77902
1.77663
1.77395
1.77137
1.76926
1.76789
1.76743
1.76787
1.7691
1.77088
1.77296
1.77513
1.77723
1.77919
1.781
1.7827
1.78433
1.78592
1.78748
1.78894
1.79026
1.7913
1.79195
1.79207
1.7915
1.79016
1.78797
1.785
1.78141
1.77752
1.77377
1.77064
1.76848
1.76748
1.76757
1.7685
1.76994
1.77161
1.77331
1.77491
1.77632
1.77749
1.77834
1.77883
1.77892
1.77863
1.77806
1.7774
1.77691
1.77693
1.77778
1.77967
1.78266
1.78657
1.79106
1.79571
1.80008
1.80383
1.80667
1.80842
1.80892
1.80806
1.80577
1.802
1.79681
1.7904
1.7832
1.77592
1.76945
1.76473
1.76244
1.76273
1.76515
1.7688
1.77255
1.7754
1.77661
1.77581
1.77301
1.76867
1.76361
1.75887
1.75548
1.75415
1.75507
1.75794
1.76212
1.7669
1.77162
1.77579
1.7791
1.78136
1.78249
1.78252
1.78153
1.77966
1.77709
1.77396
1.77041
1.76651
1.7623
1.75784
1.75327
1.74887
1.74509
1.74243
1.74132
1.74196
1.74421
1.74763
1.75161
1.75555
1.75898
1.76165
1.7635
1.76465
1.7653
1.76573
1.76619
1.76687
1.76785
1.7691
1.77047
1.77174
1.77264
1.77294
1.77248
1.77119
1.7691
1.76639
1.76334
1.76033
1.75773
1.75583
1.75472
1.75427
1.75418
1.75405
1.75352
1.75242
1.7508
1.749
1.74759
1.7472
1.74837
1.75132
1.75586
1.76151
1.76762
1.77355
1.77883
1.78312
1.7862
1.78791
1.78817
1.78701
1.78463
1.78149
1.77838
1.77628
1.776
1.77785
1.78143
1.78577
1.78975
1.79244
1.79338
1.7926
1.79055
1.78802
1.78583
1.78463
1.78462
1.78556
1.78692
1.78819
1.78901
1.78932
1.78923
1.78898
1.7888
1.78891
1.7894
1.79029
1.79149
1.79285
1.79415
1.7952
1.79581
1.79585
1.79527
1.7941
1.79247
1.79059
1.78877
1.78731
1.78649
1.78651
1.78741
1.78912
1.79143
1.79409
1.79686
1.79961
1.80227
1.80488
1.8075
1.8102
1.813
1.81587
1.81872
1.82147
1.82405
1.82642
1.82857
1.83052
1.8323
1.83392
1.8354
1.83672
1.83787
1.83884
1.8396
1.84017
1.84054
1.84076
1.84085
1.84085
1.84079
1.8407
1.84059
1.84048
1.84034
1.84017
1.83995
1.83965
1.83925
1.83872
1.83807
1.83729
1.83639
1.8354
1.83435
1.83328
1.83223
1.83123
1.8303
1.82948
1.82877
1.82818
1.82769
1.82726
1.82681
1.8262
1.82524
1.82373
1.82143
1.81806
1.81335
1.80702
1.79884
1.78884
1.77764
1.76692
1.75939
1.75783
1.76348
1.77514
1.78995
1.80512
1.8189
1.83058
1.84007
1.84749
1.85305
1.85691
1.85926
1.86027
1.86012
1.85896
1.85692
1.85414
1.85072
1.8468
1.84253
1.8381
1.83375
1.82974
1.82635
1.82385
1.82242
1.82214
1.82299
1.82481
1.82741
1.83051
1.83389
1.83735
1.84072
1.84391
1.84687
1.84957
1.85203
1.85422
1.85617
1.85786
1.85927
1.86037
1.8611
1.86141
1.86119
1.86033
1.85867
1.85604
1.85223
1.84701
1.84024
1.83185
1.82201
1.81118
1.8001
1.78974
1.78109
1.77508
1.77247
1.77368
1.77856
1.7863
1.79559
1.80509
1.81376
1.82103
1.82667
1.83072
1.83333
1.8347
1.83501
1.83443
1.83304
1.83089
1.82795
1.82418
1.81953
1.81408
1.80803
1.80172
1.79554
1.7899
1.78529
1.78252
1.78281
1.78739
1.79666
1.80953
1.82382
1.8373
1.84846
1.85669
1.86207
1.86499
1.86594
1.86536
1.86361
1.86098
1.85772
1.85413
1.85054
1.84741
1.84521
1.84434
1.84491
1.84667
1.84906
1.85129
1.85255
1.85211
1.84934
1.84372
1.83479
1.82219
1.80589
1.78655
1.76599
1.74743
1.73477
1.73072
1.73528
1.74583
1.75887
1.77167
1.78283
1.79205
1.7997
1.80635
1.81248
1.81826
1.82363
1.82838
1.83229
1.83525
1.83729
1.83851
1.83907
1.83914
1.83887
1.83834
1.83765
1.83682
1.8359
1.83491
1.83391
1.83292
1.83201
1.8312
1.83052
1.82999
1.82961
1.82936
1.82922
1.82914
1.82909
1.829
1.82881
1.82844
1.82781
1.82679
1.82528
1.82314
1.82026
1.81659
1.81218
1.8073
1.80237
1.79803
1.79487
1.79334
1.7935
1.79504
1.79743
1.80013
1.80275
1.80517
1.80747
1.80983
1.81242
1.81534
1.81858
1.822
1.82542
1.82865
1.83154
1.83401
1.83605
1.8377
1.839
1.84002
1.84077
1.84124
1.84138
1.84111
1.84032
1.8389
1.83675
1.83382
1.83015
1.8259
1.8214
1.81715
1.8137
1.81159
1.81108
1.81214
1.81442
1.81739
1.82054
1.82342
1.82578
1.82746
1.82842
1.82866
1.8282
1.82706
1.8253
1.82295
1.82011
1.81695
1.81371
1.81068
1.80823
1.80664
1.8061
1.80663
1.80805
1.81006
1.81234
1.81461
1.81666
1.81842
1.81987
1.82105
1.82206
1.82295
1.82382
1.82469
1.8256
1.82654
1.82747
1.82832
1.82899
1.82938
1.8294
1.82899
1.82813
1.82686
1.82529
1.82357
1.82189
1.82038
1.81915
1.81817
1.81731
1.81638
1.81514
1.81343
1.81123
1.80875
1.80643
1.80491
1.80485
1.80673
1.81062
1.81619
1.8228
1.82972
1.83627
1.84191
1.84621
1.8488
1.84934
1.84746
1.84281
1.83513
1.82444
1.81132
1.79719
1.78438
1.77559
1.77277
1.77593
1.78299
1.79099
1.79758
1.80185
1.80421
1.80571
1.8073
1.80938
1.8118
1.81422
1.81639
1.81833
1.82019
1.82217
1.82431
1.82649
1.8285
1.83011
1.83114
1.83152
1.83124
1.83038
1.82903
1.82735
1.82548
1.82356
1.82174
1.82014
1.81887
1.81799
1.81755
1.81755
1.81798
1.81878
1.81987
1.82115
1.82249
1.82376
1.82478
1.8254
1.82544
1.82474
1.82325
1.82098
1.81814
1.81507
1.81226
1.81019
1.80916
1.80921
1.81007
1.81128
1.8123
1.81268
1.81208
1.81032
1.80743
1.80363
1.79944
1.79562
1.79301
1.79227
1.79362
1.79679
1.80112
1.8059
1.81055
1.81473
1.81834
1.82143
1.82409
1.82646
1.8286
1.83057
1.83237
1.834
1.83541
1.83654
1.83733
1.83769
1.83756
1.83683
1.83541
1.83322
1.83018
1.82622
1.82133
1.8156
1.80923
1.80256
1.79615
1.79066
1.78676
1.78496
1.78542
1.78783
1.79155
1.79569
1.79937
1.80186
1.80268
1.80167
1.79904
1.79535
1.79143
1.78819
1.78632
1.78613
1.78751
1.79001
1.79312
1.79639
1.7995
1.80224
1.8045
1.80623
1.80742
1.80809
1.80829
1.80808
1.80754
1.80677
1.80587
1.80495
1.8041
1.80341
1.80295
1.80273
1.80275
1.80296
1.80327
1.80357
1.80374
1.80363
1.80312
1.80206
1.80039
1.79808
1.79523
1.79207
1.78901
1.78656
1.78524
1.78539
1.78708
1.79006
1.79384
1.79786
1.80165
1.80483
1.80716
1.80853
1.80887
1.80817
1.80644
1.80376
1.80028
1.79625
1.79203
1.78799
1.78452
1.78183
1.77997
1.77881
1.7781
1.77758
1.77705
1.77642
1.77568
1.77489
1.77412
1.77344
1.77292
1.77262
1.77259
1.77287
1.77351
1.77449
1.77576
1.77723
1.77876
1.78019
1.78139
1.78223
1.78259
1.78244
1.78173
1.78049
1.77878
1.77674
1.77455
1.77247
1.77077
1.76974
1.76958
1.77037
1.77205
1.77437
1.77701
1.77958
1.78173
1.78322
1.78392
1.78389
1.7833
1.78244
1.78161
1.78103
1.78074
1.78062
1.78041
1.77986
1.77878
1.77715
1.77511
1.77288
1.77069
1.76862
1.76662
1.76451
1.76209
1.75929
1.75625
1.75331
1.75093
1.74956
1.74945
1.75061
1.75278
1.7556
1.75871
1.76183
1.76479
1.76752
1.77
1.77224
1.77423
1.77595
1.77738
1.77849
1.77925
1.77966
1.7797
1.77937
1.77868
1.77764
1.77628
1.7746
1.77264
1.77042
1.76798
1.76536
1.76266
1.75995
1.75738
1.75509
1.75323
1.75195
1.75133
1.7514
1.75213
1.75343
1.75521
1.75737
1.75988
1.76273
1.76594
1.76955
1.77355
1.77791
1.78251
1.78725
1.79199
1.79658
1.80095
1.80501
1.80873
1.81209
1.81512
1.81783
1.82023
1.82235
1.82418
1.8257
1.82689
1.8277
1.82807
1.82794
1.82728
1.82609
1.8244
1.8223
1.81995
1.81755
1.81528
1.81331
1.81171
1.81046
1.80946
1.80855
1.80763
1.80668
1.80575
1.80497
1.80442
1.80409
1.80387
1.80358
1.80314
1.80265
1.80246
1.80302
1.80476
1.80786
1.81221
1.81744
1.82308
1.82866
1.8338
1.83826
1.8419
1.84466
1.84656
1.84765
1.84797
1.84758
1.84653
1.84488
1.84269
1.84005
1.83706
1.83386
1.83061
1.82752
1.82474
1.82243
1.82066
1.81943
1.81866
1.81819
1.81784
1.81746
1.81691
1.81614
1.81516
1.81406
1.81296
1.81201
1.81134
1.81102
1.81106
1.81141
1.81194
1.81253
1.81307
1.81347
1.81368
1.81372
1.81361
1.81342
1.8132
1.81301
1.8129
1.81286
1.81288
1.8129
1.81286
1.81265
1.81219
1.8114
1.81026
1.80876
1.807
1.80515
1.80346
1.80223
1.80172
1.80209
1.80336
1.80535
1.80776
1.81024
1.81242
1.81402
1.8148
1.81462
1.81334
1.81088
1.80715
1.80211
1.79576
1.78821
1.77981
1.77125
1.76355
1.75798
1.75574
1.75754
1.76331
1.77218
1.78286
1.79401
1.80457
1.81388
1.82164
1.82781
1.83248
1.83585
1.8381
1.8394
1.83992
1.83976
1.83898
1.83757
1.8355
1.83265
1.82887
1.82397
1.81775
1.8101
1.80107
1.79114
1.78139
1.77357
1.76965
1.77101
1.77763
1.78805
1.80013
1.812
1.82255
1.83139
1.83863
1.84457
1.84956
1.85388
1.85773
1.8612
1.86434
1.86713
1.86957
1.87162
1.87326
1.87451
1.87535
1.87582
1.87595
1.87582
1.87551
1.87512
1.87478
1.87459
1.87468
1.87508
1.87579
1.87677
1.87788
1.87898
1.87987
1.88038
1.8803
1.87946
1.87771
1.87492
1.87107
1.86621
1.86058
1.85458
1.8488
1.84392
1.8406
1.83933
1.8403
1.84333
1.84793
1.85342
1.85907
1.86425
1.86855
1.87175
1.8739
1.87522
1.8761
1.87698
1.8783
1.88039
1.88343
1.88742
1.89223
1.89765
1.90339
1.90916
1.91465
1.9196
1.92375
1.92692
1.92892
1.92965
1.92901
1.92697
1.92356
1.91885
1.913
1.90622
1.89881
1.89113
1.88355
1.87647
1.87026
1.86521
1.86156
1.85942
1.85883
1.85973
1.86195
1.86521
1.86908
1.87296
1.87618
1.87802
1.87789
1.87559
1.87161
1.86734
1.86484
1.866
1.87154
1.88059
1.89119
1.9014
1.90995
1.91627
1.92037
1.92249
1.92294
1.92207
1.92016
1.91746
1.91417
1.91049
1.9066
1.90267
1.8989
1.8955
1.89265
1.89053
1.88926
1.88885
1.88926
1.89037
1.89199
1.89396
1.89611
1.8983
1.90041
1.90236
1.9041
1.90557
1.90672
1.90751
1.90788
1.90779
1.90718
1.90597
1.90408
1.90141
1.89785
1.89332
1.88776
1.88121
1.87385
1.86606
1.85849
1.85191
1.84716
1.84477
1.84488
1.84707
1.85066
1.85488
1.85911
1.86296
1.86618
1.86865
1.87026
1.87092
1.87056
1.86916
1.86676
1.8635
1.85962
1.85546
1.85147
1.84808
1.84565
1.84439
1.84429
1.84509
1.84638
1.84761
1.84826
1.84783
1.84597
1.8425
1.83753
1.8314
1.82476
1.81843
1.81332
1.81018
1.80951
1.81135
1.81523
1.82029
1.82557
1.83025
1.83384
1.83615
1.83723
1.83726
1.83646
1.83502
1.83312
1.83086
1.82833
1.82558
1.82265
1.81956
1.81635
1.81305
1.80967
1.80625
1.80282
1.79943
1.79615
1.79306
1.79025
1.78783
1.7859
1.78452
1.78373
1.78351
1.7838
1.78447
1.7854
1.78644
1.78744
1.78832
1.789
1.78944
1.78967
1.78973
1.78968
1.78962
1.78963
1.78979
1.79014
1.79072
1.79153
1.79255
1.79372
1.79498
1.79627
1.79752
1.79866
1.79966
1.80046
1.80103
1.80134
1.80137
1.80109
1.8005
1.79957
1.7983
1.79668
1.79474
1.79247
1.7899
1.78706
1.78396
1.78065
1.77718
1.7736
1.77
1.76651
1.76327
1.76043
1.75817
1.75662
1.75587
1.75597
1.75689
1.75856
1.76087
1.76371
1.76693
1.77042
1.77408
1.77784
1.78163
1.78537
1.78901
1.79246
1.79565
1.7985
1.80093
1.80289
1.80433
1.80525
1.80563
1.80551
1.80492
1.80394
1.80262
1.80107
1.79937
1.7976
1.79585
1.79419
1.79273
1.79158
1.79088
1.79078
1.79143
1.79292
1.7953
1.7985
1.80239
1.80676
1.8114
1.81609
1.82065
1.82495
1.82891
1.83246
1.83559
1.83831
1.84065
1.84266
1.84442
1.84603
1.84758
1.8492
1.85096
1.85289
1.85494
1.857
1.85886
1.86024
1.86086
1.86041
1.85859
1.8552
1.85013
1.84347
1.83561
1.82728
1.8196
1.81384
1.81112
1.81198
1.81606
1.82215
1.82855
1.83356
1.836
1.83554
1.8329
1.82966
1.82769
1.82834
1.83185
1.83745
1.84404
1.85075
1.85718
1.86324
1.86894
1.87421
1.87891
1.88287
1.88597
1.88817
1.88952
1.89015
1.8902
1.88982
1.88912
1.88814
1.88689
1.8853
1.88323
1.8805
1.87693
1.87236
1.86681
1.86057
1.85434
1.84917
1.84618
1.84608
1.84878
1.85338
1.8586
1.86329
1.8667
1.86858
1.86903
1.86833
1.86687
1.86498
1.86291
1.86077
1.85856
1.85617
1.85348
1.85037
1.84679
1.84278
1.8385
1.83418
1.83017
1.82681
1.82446
1.82335
1.82354
1.82488
1.82703
1.82951
1.83181
1.83353
1.83439
1.83433
1.83352
1.83234
1.83131
1.83094
1.83154
1.83318
1.83562
1.83846
1.84127
1.8437
1.84553
1.8467
1.84722
1.84716
1.84663
1.84575
1.84459
1.84324
1.84177
1.8402
1.83855
1.83682
1.83498
1.83298
1.83077
1.82828
1.82544
1.82216
1.81836
1.81397
1.8089
1.8031
1.79656
1.7894
1.78194
1.77479
1.76886
1.76516
1.76444
1.76681
1.77162
1.77772
1.78383
1.7889
1.79219
1.79327
1.79194
1.78821
1.78236
1.77512
1.7677
1.76169
1.75853
1.75892
1.76247
1.76792
1.77374
1.77869
1.78201
1.78336
1.7827
1.78016
1.77599
1.77053
1.76422
1.75756
1.7511
1.74535
1.74077
1.73766
1.73619
1.73631
1.73785
1.74047
1.74379
1.74739
1.75089
1.75401
1.75653
1.75833
1.75937
1.75969
1.75935
1.75842
1.75701
1.75517
1.75296
1.75042
1.74754
1.74432
1.74074
1.73676
1.73238
1.72762
1.72255
1.71735
1.71223
1.70751
1.70348
1.7004
1.69838
1.69738
1.69719
1.69753
1.69811
1.69866
1.69902
1.69909
1.69884
1.69829
1.69746
1.69641
1.6952
1.69387
1.69245
1.69099
1.68949
1.68798
1.68645
1.68491
1.68334
1.68172
1.68004
1.67824
1.67631
1.67418
1.67181
1.66918
1.66627
1.66311
1.65981
1.65652
1.65349
1.65101
1.64937
1.64876
1.64927
1.65083
1.65322
1.65618
1.65942
1.66271
1.66591
1.66893
1.67173
1.67433
1.67677
1.67907
1.68128
1.68344
1.68557
1.68768
1.68975
1.69178
1.69368
1.69535
1.69659
1.69709
1.6964
1.69386
1.68861
1.67977
1.66695
1.6512
1.63603
1.62692
1.62825
1.63969
1.65661
1.67369
1.68788
1.69843
1.70593
1.71132
1.71538
1.71866
1.72142
1.72371
1.72542
1.72636
1.72626
1.72483
1.72178
1.71684
1.70988
1.70107
1.69101
1.68087
1.6722
1.66642
1.66407
1.66453
1.66634
1.6679
1.66828
1.66757
1.66693
1.66802
1.6722
1.67972
1.68977
1.701
1.71222
1.72266
1.73191
1.7398
1.74629
1.75144
1.75537
1.75824
1.76024
1.76156
1.76234
1.7627
1.76274
1.76254
1.76216
1.76166
1.76111
1.76059
1.76014
1.75981
1.75961
1.75952
1.75951
1.75952
1.7595
1.7594
1.75918
1.75882
1.75831
1.75763
1.75678
1.75573
1.75447
1.75301
1.75137
1.74966
1.74804
1.7468
1.7463
1.74689
1.74883
1.75215
1.75665
1.76187
1.76728
1.77231
1.77652
1.77957
1.78124
1.78141
1.78002
1.77708
1.77265
1.76685
1.75993
1.75222
1.74422
1.7365
1.72972
1.72448
1.72124
1.72024
1.72148
1.72471
1.72956
1.73557
1.74226
1.74922
1.75609
1.76256
1.7684
1.77341
1.77749
1.78056
1.78258
1.78357
1.78355
1.78258
1.78073
1.77808
1.77475
1.77092
1.76678
1.76258
1.7586
1.7551
1.75229
1.7503
1.74917
1.74886
1.74928
1.75034
1.7519
1.75387
1.75611
1.7585
1.76088
1.76308
1.76492
1.76618
1.76667
1.76618
1.76454
1.76166
1.75755
1.7524
1.74664
1.74092
1.73595
1.73238
1.73051
1.73031
1.73144
1.7335
1.7362
1.73933
1.74279
1.74646
1.75015
1.75363
1.75668
1.75913
1.76092
1.7621
1.76284
1.76337
1.76393
1.76473
1.76587
1.76733
1.76898
1.77065
1.77212
1.77321
1.77379
1.77378
1.77312
1.7718
1.76984
1.76722
1.7639
1.75982
1.75478
1.74848
1.74046
1.73017
1.71724
1.70209
1.68676
1.67526
1.67212
1.67931
1.69457
1.71314
1.73082
1.74547
1.75667
1.76485
1.7707
1.77481
1.77765
1.77954
1.78069
1.78125
1.78128
1.78085
1.77997
1.77867
1.77699
1.77496
1.77269
1.77027
1.76782
1.76548
1.76331
1.7613
1.75933
1.75715
1.75443
1.75086
1.74622
1.7406
1.73448
1.72883
1.7249
1.72383
1.7261
1.73136
1.73863
1.74676
1.75481
1.76227
1.76889
1.77468
1.7797
1.78402
1.78771
1.79079
1.79326
1.7951
1.79628
1.79682
1.79671
1.79601
1.79483
1.79332
1.79163
1.78995
1.78844
1.78719
1.78622
1.78548
1.78482
1.78405
1.78293
1.78126
1.77893
1.77597
1.77263
1.76935
1.76662
1.76483
1.76415
1.76447
1.76547
1.76681
1.76826
1.76979
1.77156
1.77379
1.77664
1.7801
1.78397
1.78794
1.79167
1.79487
1.7974
1.79927
1.80062
1.80168
1.80274
1.804
1.80558
1.80745
1.80944
1.81132
1.81281
1.81369
1.81379
1.81302
1.81135
1.80882
1.80552
1.80159
1.79718
1.79252
1.78781
1.78327
1.7791
1.77545
1.77247
1.77028
1.76897
1.76866
1.76942
1.77125
1.77407
1.77764
1.78163
1.78569
1.78944
1.79261
1.79502
1.79659
1.79731
1.79725
1.79651
1.79524
1.79359
1.79173
1.78981
1.78802
1.78649
1.78533
1.78462
1.78439
1.78462
1.78524
1.78616
1.78727
1.78848
1.78966
1.79074
1.79164
1.7923
1.79267
1.79275
1.79252
1.792
1.79126
1.79036
1.78945
1.78866
1.78817
1.78813
1.78865
1.78975
1.79138
1.79334
1.7954
1.79726
1.7986
1.79915
1.7987
1.79714
1.79453
1.79113
1.78746
1.78425
1.78235
1.78251
1.78513
1.79016
1.79711
1.80516
1.81347
1.8213
1.82813
1.83367
1.8378
1.84051
1.84185
1.84191
1.84078
1.8386
1.83551
1.83172
1.82746
1.82299
1.81861
1.81457
1.81109
1.80833
1.80636
1.80521
1.80489
1.80534
1.80648
1.80822
1.81037
1.81269
1.81486
1.81654
1.81737
1.81712
1.81575
1.81347
1.81084
1.80873
1.80808
1.80962
1.81352
1.81927
1.82597
1.83264
1.83858
1.84348
1.84733
1.8503
1.85258
1.8543
1.85547
1.85606
1.85603
1.85541
1.85428
1.85279
1.851
1.84891
1.84637
1.84325
1.83961
1.8359
1.83294
1.83176
1.83311
1.83701
1.84273
1.84907
1.85492
1.85951
1.86252
1.86399
1.86418
1.86344
1.86213
1.86061
1.85912
1.85785
1.85686
1.85611
1.85547
1.85475
1.85378
1.85242
1.85069
1.84874
1.84695
1.8458
1.84575
1.84713
1.84993
1.85385
1.85838
1.86298
1.86716
1.8706
1.87312
1.87465
1.87518
1.87473
1.87335
1.87106
1.86793
1.86402
1.85946
1.85441
1.8491
1.8438
1.83877
1.83427
1.83049
1.82754
1.82543
1.82415
1.82364
1.8239
1.82492
1.82668
1.82904
1.8317
1.83414
1.83572
1.83581
1.83386
1.8296
1.8231
1.81479
1.80557
1.79666
1.78946
1.78518
1.78453
1.78752
1.79349
1.80143
1.81027
1.81916
1.82751
1.83496
1.84136
1.84666
1.85089
1.85413
1.85649
1.85808
1.85901
1.85937
1.85923
1.85863
1.85758
1.85604
1.85396
1.85124
1.84773
1.8433
1.8378
1.83115
1.82342
1.81496
1.80649
1.79907
1.79392
1.79194
1.7933
1.79738
1.80302
1.809
1.81442
1.81872
1.82173
1.82345
1.82402
1.82367
1.82264
1.82121
1.81969
1.81839
1.81762
1.81763
1.81857
1.82043
1.82304
1.82612
1.82927
1.83209
1.83421
1.83529
1.83507
1.83333
1.82992
1.82474
1.81779
1.80917
1.79922
1.7885
1.77786
1.76836
1.76109
1.75684
1.7559
1.7579
1.76195
1.76695
1.77193
1.77623
1.77957
1.78202
1.78384
1.7854
1.78701
1.78887
1.79105
1.79349
1.79607
1.79863
1.80103
1.80319
1.80504
1.80655
1.80771
1.8085
1.80893
1.809
1.8087
1.80801
1.80692
1.80539
1.80339
1.8009
1.79787
1.7943
1.7902
1.78564
1.78077
1.77583
1.77112
1.76701
1.76384
1.76187
1.76119
1.76173
1.76326
1.76545
1.76799
1.77056
1.77294
1.77495
1.77645
1.77731
1.77741
1.77662
1.77479
1.77182
1.76765
1.76234
1.75618
1.74969
1.74359
1.73873
1.73575
1.73492
1.73607
1.73865
1.74203
1.74565
1.74917
1.75242
1.75536
1.75802
1.76041
1.76257
1.76447
1.76609
1.76742
1.7684
1.76903
1.7693
1.76918
1.7687
1.76784
1.76661
1.76501
1.76306
1.76077
1.75817
1.75532
1.7523
1.74922
1.74622
1.7435
1.74122
1.73956
1.73867
1.73864
1.73947
1.74112
1.74343
1.74622
1.74926
1.75233
1.75524
1.75783
1.76001
1.76175
1.76305
1.76394
1.76448
1.76474
1.76478
1.76469
1.76454
1.76439
1.76431
1.76434
1.76454
1.76494
1.76555
1.7664
1.76748
1.76878
1.77026
1.7719
1.77362
1.77538
1.7771
1.77871
1.78011
1.78121
1.7819
1.78207
1.78158
1.78028
1.77803
1.77469
1.77017
1.76449
1.7578
1.75045
1.743
1.73616
1.73067
1.72711
1.72571
1.72623
1.72806
1.7305
1.73306
1.73563
1.73846
1.74197
1.7464
1.75164
1.75722
1.76256
1.76718
1.77086
1.77357
1.77541
1.77652
1.77696
1.77673
1.7758
1.77412
1.77167
1.76851
1.7648
1.76076
1.75673
1.75306
1.75014
1.74832
1.74783
1.74876
1.75101
1.75435
1.75841
1.76279
1.7671
1.77104
1.77438
1.777
1.77887
1.78002
1.78051
1.78046
1.77995
1.77909
1.77798
1.77669
1.77529
1.77383
1.77234
1.77084
1.76935
1.76787
1.7664
1.76496
1.76353
1.7621
1.76065
1.75912
1.75748
1.75566
1.7536
1.7513
1.7488
1.74618
1.7436
1.74122
1.73918
1.73753
1.73625
1.73523
1.73437
1.73363
1.73309
1.73292
1.73337
1.7346
1.73668
1.73948
1.74273
1.7461
1.74928
1.75201
1.75412
1.75553
1.75622
1.75622
1.75556
1.75432
1.75256
1.75037
1.74782
1.74503
1.74212
1.73921
1.73645
1.734
1.73201
1.73061
1.72988
1.72988
1.73058
1.73193
1.73381
1.73608
1.7386
1.7412
1.74376
1.74616
1.74831
1.75015
1.75162
1.75271
1.75342
1.75376
1.75375
1.75344
1.75287
1.75208
1.75111
1.75002
1.74883
1.74757
1.74628
1.74497
1.74365
1.74234
1.74105
1.73978
1.73855
1.73738
1.73626
1.73522
1.73427
1.73342
1.7327
1.7321
1.73165
1.73137
1.73125
1.7313
1.73154
1.73197
1.73259
1.7334
1.73439
1.73554
1.73683
1.73823
1.7397
1.74117
1.7426
1.74393
1.74507
1.74598
1.74658
1.74682
1.74667
1.74612
1.7452
1.74397
1.74253
1.74102
1.73957
1.73831
1.73736
1.73683
1.7368
1.73736
1.73852
1.74019
1.74216
1.74411
1.74563
1.74631
1.74578
1.74382
1.74037
1.73567
1.73031
1.72523
1.72149
1.71996
1.7209
1.7239
1.72805
1.73238
1.7362
1.73919
1.74142
1.74315
1.74476
1.74656
1.74877
1.75142
1.75442
1.75754
1.76057
1.76328
1.76552
1.76724
1.76842
1.76915
1.76954
1.76973
1.76988
1.77013
1.7706
1.77134
1.77238
1.7737
1.77524
1.77693
1.77871
1.78049
1.78221
1.78384
1.78535
1.78671
1.78792
1.78901
1.78998
1.79087
1.79171
1.79252
1.79334
1.7942
1.7951
1.79606
1.79706
1.79809
1.79913
1.80015
1.80112
1.802
1.80278
1.80342
1.80389
1.80416
1.80414
1.80377
1.80294
1.80154
1.79951
1.7968
1.79346
1.78964
1.78557
1.78162
1.7782
1.77571
1.7745
1.77471
1.7763
1.77899
1.78229
1.78561
1.78828
1.7896
1.78889
1.78557
1.77925
1.76995
1.75835
1.74593
1.73497
1.72803
1.7271
1.73287
1.74441
1.75955
1.77566
1.79044
1.80239
1.8109
1.81601
1.81822
1.81825
1.81688
1.81488
1.8129
1.8114
1.81066
1.81077
1.81163
1.81303
1.81471
1.81641
1.8179
1.81902
1.81961
1.81959
1.81885
1.8173
1.81483
1.81133
1.80669
1.80086
1.79386
1.78588
1.77734
1.76892
1.76148
1.75589
1.75278
1.75232
1.75414
1.7575
1.76162
1.76585
1.76983
1.77347
1.7768
1.77994
1.78298
1.78596
1.78886
1.79164
1.79426
1.79667
1.79882
1.80069
1.80222
1.80331
1.80379
1.80341
1.80174
1.79817
1.79191
1.78204
1.76779
1.7491
1.72739
1.70623
1.69101
1.68679
1.69539
1.71399
1.73691
1.75874
1.77632
1.78876
1.79647
1.80035
1.80129
1.80003
1.79707
1.7928
1.78752
1.78147
1.77494
1.7682
1.7616
1.75547
1.75013
1.74584
1.74278
1.74094
1.74011
1.73985
1.73951
1.7384
1.73601
1.73232
1.72799
1.72433
1.72286
1.72459
1.72948
1.73648
1.74414
1.75125
1.75709
1.76141
1.76428
1.76593
1.76663
1.76663
1.76617
1.76543
1.76456
1.76367
1.76284
1.76213
1.76158
1.76123
1.76109
1.76116
1.76141
1.76178
1.76219
1.76254
1.76267
1.76244
1.76169
1.76027
1.75811
1.75519
1.75168
1.74789
1.74427
1.7413
1.73937
1.73863
1.73898
1.74017
1.74189
1.74392
1.74612
1.74839
1.75062
1.75264
1.75423
1.75519
1.75531
1.7544
1.75237
1.74925
1.74522
1.74077
1.73661
1.73362
1.73257
1.73376
1.7369
1.74122
1.74579
1.7498
1.75275
1.75447
1.75502
1.75464
1.75368
1.75251
1.75149
1.75094
1.75104
1.75186
1.75336
1.7554
1.75784
1.7605
1.76326
1.76602
1.76871
1.77131
1.77377
1.77606
1.77817
1.78004
1.78163
1.78288
1.78371
1.78405
1.7838
1.78288
1.7812
1.77874
1.7755
1.77158
1.76718
1.76256
1.75803
1.75391
1.75041
1.74767
1.74577
1.74472
1.74456
1.74533
1.74701
1.74952
1.75266
1.75612
1.75955
1.76259
1.76495
1.76644
1.76703
1.7668
1.76591
1.76459
1.76304
1.7614
1.7598
1.75828
1.75689
1.75569
1.75472
1.75402
1.75364
1.75357
1.75378
1.7542
1.75471
1.75519
1.75548
1.75545
1.75497
1.754
1.75259
1.75092
1.74934
1.74824
1.74802
1.74887
1.75079
1.75347
1.7565
1.75941
1.76184
1.76356
1.76447
1.76462
1.76412
1.76313
1.76181
1.76031
1.7587
1.757
1.75512
1.75293
1.75024
1.74685
1.74255
1.73723
1.73086
1.72356
1.71566
1.70763
1.70005
1.69349
1.6884
1.68502
1.68333
1.68315
1.68414
1.68597
1.68831
1.69096
1.69379
1.69676
1.69988
1.70313
1.70649
1.70985
1.71308
1.71602
1.71849
1.72037
1.72155
1.72199
1.72169
1.72068
1.719
1.71673
1.71397
1.71083
1.70743
1.70393
1.7005
1.69732
1.69453
1.69223
1.69042
1.68898
1.68772
1.68642
1.68485
1.68289
1.68047
1.67763
1.67445
1.67112
1.66786
1.66505
1.66311
1.66251
1.66358
1.66639
1.67072
1.67613
1.68209
1.68812
1.69385
1.69905
1.70359
1.70746
1.71066
1.71324
1.71526
1.71679
1.71789
1.7186
1.71897
1.71903
1.7188
1.71829
1.71751
1.71646
1.71516
1.71362
1.71187
1.70995
1.70792
1.70586
1.70384
1.70195
1.70025
1.69876
1.69747
1.69635
1.6953
1.69422
1.69299
1.69152
1.68976
1.68779
1.68583
1.68425
1.68355
1.68422
1.68655
1.69055
1.69587
1.70195
1.70819
1.71409
1.71935
1.72381
1.72746
1.73036
1.73262
1.7343
1.73546
1.73607
1.73607
1.7353
1.73354
1.73055
1.72613
1.72021
1.71303
1.70522
1.69781
1.692
1.68881
1.68862
1.69117
1.69564
1.70101
1.7063
1.71073
1.71387
1.71557
1.71603
1.71565
1.71498
1.71456
1.7148
1.71594
1.71798
1.72078
1.72407
1.7276
1.73117
1.73463
1.73788
1.74089
1.74363
1.74608
1.74823
1.75008
1.75161
1.75283
1.75375
1.75441
1.75486
1.75515
1.75535
1.75555
1.7558
1.75616
1.75667
1.75734
1.75814
1.75901
1.75986
1.76056
1.76098
1.76095
1.76036
1.7591
1.75716
1.7546
1.75161
1.74846
1.7455
1.74306
1.74139
1.74056
1.74051
1.74105
1.74193
1.74296
1.744
1.74497
1.74586
1.74669
1.74748
1.74826
1.74907
1.74994
1.75086
1.75182
1.75278
1.75364
1.7543
1.75459
1.75435
1.75341
1.75162
1.74889
1.74522
1.74075
1.73577
1.73074
1.72626
1.72291
1.72119
1.72131
1.72316
1.72637
1.73038
1.73457
1.73838
1.74143
1.74346
1.7444
1.74432
1.74337
1.74177
1.7397
1.73733
1.73477
1.73208
1.72933
1.72664
1.72421
1.72239
1.72153
1.72194
1.72371
1.7267
1.73055
1.7348
1.73902
1.7429
1.74626
1.74901
1.75115
1.7527
1.7537
1.75413
1.75395
1.75305
1.75126
1.74834
1.74403
1.73809
1.73048
1.72154
1.71219
1.70395
1.69854
1.69719
1.70001
1.70603
1.71376
1.72188
1.72957
1.73646
1.74247
1.74762
1.75201
1.75569
1.75876
1.76129
1.76337
1.76507
1.76647
1.76766
1.76868
1.76959
1.77042
1.77118
1.77188
1.7725
1.77302
1.7734
1.77361
1.77362
1.77338
1.77289
1.77211
1.77102
1.76961
1.76783
1.76566
1.76309
1.76017
1.75706
1.75402
1.75147
1.74992
1.74984
1.75156
1.75511
1.76016
1.76614
1.7723
1.77795
1.78257
1.78592
1.78811
1.78949
1.79067
1.79227
1.79484
1.79861
1.8035
1.80914
1.81504
1.82068
1.82569
1.8298
1.83291
1.83502
1.83623
1.83673
1.83678
1.8367
1.83682
1.83742
1.83864
1.84046
1.8427
1.84507
1.84723
1.84892
1.84992
1.85014
1.84956
1.84822
1.84621
1.84363
1.84059
1.83723
1.83368
1.83007
1.82643
1.82268
1.81862
1.81409
1.80918
1.80457
1.80144
1.80101
1.80373
1.80886
1.81478
1.81979
1.82274
1.8232
1.82137
1.81781
1.81329
1.80855
1.80413
1.80035
1.79722
1.79469
1.79279
1.79178
1.79209
1.79407
1.7978
1.80291
1.80874
1.81467
1.82041
1.82605
1.83193
1.83821
1.84465
1.85062
1.85536
1.85824
1.85892
1.85738
1.85382
1.84864
1.84232
1.83545
1.82857
1.82216
1.81655
1.81192
1.80828
1.80559
1.80378
1.80279
1.80261
1.80321
1.80455
1.80649
1.80884
1.81136
1.81381
1.81597
1.81771
1.81893
1.81957
1.8196
1.81893
1.81749
1.81518
1.81189
1.8076
1.80237
1.79649
1.79047
1.78509
1.78119
1.77949
1.78026
1.78321
1.78755
1.79231
1.79656
1.79962
1.80108
1.80081
1.79885
1.79539
1.79074
1.7853
1.77953
1.77394
1.76902
1.76521
1.76279
1.76191
1.76256
1.76462
1.7679
1.77212
1.77698
1.78209
1.78705
1.7915
1.79516
1.79785
1.7995
1.8001
1.79976
1.7986
1.7968
1.79456
1.79211
1.78966
1.78738
1.7854
1.78382
1.78265
1.78185
1.78132
1.7809
1.78038
1.77956
1.7782
1.77613
1.7733
1.76978
1.7658
1.76171
1.75789
1.75464
1.75205
1.74997
1.74801
1.7457
1.74256
1.73826
1.73276
1.7265
1.72051
1.71627
1.71521
1.71803
1.72428
1.7326
1.74142
1.74953
1.75628
1.76155
1.76546
1.76828
1.77029
1.77171
1.77275
1.77353
1.77414
1.77463
1.77504
1.77539
1.77569
1.77595
1.77617
1.77635
1.7765
1.77661
1.77667
1.77668
1.77661
1.77645
1.77616
1.77571
1.77506
1.77417
1.77299
1.77147
1.76956
1.76721
1.76437
1.76102
1.75714
1.75276
1.74796
1.74289
1.73778
1.73295
1.72872
1.72542
1.72323
1.72213
1.72186
1.72188
1.72148
1.71986
1.71633
1.71068
1.70363
1.69714
1.69396
1.69634
1.70443
1.71619
1.7287
1.73964
1.74785
1.75318
1.75599
1.75681
1.75617
1.75452
1.75221
1.74951
1.74655
1.74341
1.74005
1.73634
1.73213
1.72726
1.72163
1.71527
1.70841
1.70148
1.69512
1.69012
1.68727
1.68716
1.68996
1.69532
1.70241
1.71021
1.71778
1.72449
1.73002
1.73432
1.7375
1.73975
1.7413
1.74234
1.74302
1.74349
1.74382
1.74407
1.74428
1.74446
1.74461
1.74472
1.74477
1.74476
1.74467
1.74449
1.74421
1.7438
1.74326
1.74257
1.74171
1.74064
1.73933
1.73773
1.73581
1.73354
1.73093
1.72805
1.72505
1.72216
1.7197
1.71801
1.71735
1.71785
1.71944
1.72183
1.72465
1.72751
1.73007
1.73208
1.73342
1.73404
1.73399
1.73336
1.73226
1.73086
1.72933
1.72785
1.72659
1.7257
1.72533
1.72557
1.72646
1.72802
1.7302
1.73293
1.73611
1.73961
1.74331
1.74709
1.75083
1.75447
1.75791
1.76113
1.76407
1.76671
1.76903
1.77101
1.7726
1.77376
1.77444
1.77455
1.77401
1.77271
1.77051
1.76728
1.76293
1.75741
1.7508
1.74335
1.73554
1.72803
1.72152
1.71656
1.71335
1.71173
1.7113
1.71168
1.71269
1.71442
1.71708
1.72086
1.72571
1.73125
1.73694
1.74215
1.74638
1.74934
1.75093
1.75123
1.75044
1.74881
1.74662
1.74418
1.7417
1.73941
1.73742
1.73584
1.73471
1.73404
1.73383
1.73402
1.73455
1.73531
1.73619
1.73709
1.73793
1.73869
1.73943
1.74024
1.74128
1.74268
1.74453
1.74682
1.7495
1.75241
1.75539
1.75826
1.76091
1.76322
1.76514
1.76664
1.76772
1.76838
1.76863
1.76847
1.76792
1.76696
1.76559
1.76384
1.76171
1.75925
1.75652
1.75364
1.75073
1.74794
1.74542
1.74327
1.74158
1.74034
1.73957
1.73922
1.73928
1.73969
1.74035
1.7411
1.7417
1.74192
1.74154
1.74047
1.73877
1.73661
1.73429
1.73212
1.73037
1.72915
1.72848
1.72826
1.72841
1.72888
1.72973
1.73108
1.73309
1.73586
1.73939
1.74354
1.74809
1.75272
1.75714
1.76109
1.76438
1.7669
1.76859
1.76946
1.76955
1.76898
1.76791
1.76653
1.7651
1.76384
1.76295
1.7625
1.76252
1.76292
1.76356
1.76432
1.76507
1.76572
1.76622
1.76654
1.76669
1.7667
1.76661
1.76648
1.76639
1.76642
1.76665
1.76714
1.76786
1.76872
1.76953
1.77007
1.77016
1.76973
1.76883
1.76766
1.76647
1.76549
1.76485
1.76454
1.76441
1.76428
1.76398
1.76342
1.7626
1.76152
1.76012
1.75828
1.75586
1.75281
1.74933
1.74588
1.74311
1.74173
1.74225
1.74491
1.74963
1.75606
1.76369
1.77191
1.78014
1.7879
1.79486
1.80082
1.80574
1.80967
1.81268
1.8149
1.81643
1.81736
1.81777
1.81769
1.81716
1.81619
1.81479
1.81297
1.81075
1.80818
1.80531
1.80222
1.79901
1.79579
1.79264
1.78966
1.78693
1.78451
1.78245
1.78077
1.77944
1.77842
1.77767
1.77719
1.77707
1.77751
1.77881
1.78121
1.78486
1.78966
1.79527
1.80125
1.80709
1.81237
1.81683
1.82029
1.8227
1.82409
1.82452
1.82409
1.82289
1.82105
1.81866
1.81581
1.81256
1.80897
1.80507
1.80087
1.79642
1.79173
1.78686
1.78186
1.77678
1.77164
1.7665
1.76144
1.75664
1.75236
1.74892
1.74661
1.74553
1.7456
1.74652
1.74784
1.74899
1.7493
1.74812
1.74497
1.7399
1.73384
1.72864
1.72669
1.72981
1.73826
1.75062
1.7645
1.77762
1.78847
1.79639
1.80136
1.80373
1.80399
1.80267
1.8003
1.79735
1.79425
1.79136
1.78893
1.78709
1.78583
1.785
1.7844
1.78375
1.78277
1.78121
1.77885
1.77552
1.77114
1.76573
1.75951
1.75289
1.74646
1.7409
1.73677
1.73434
1.7335
1.73383
1.73476
1.7358
1.73656
1.7368
1.73641
1.73531
1.73345
1.73081
1.7274
1.72327
1.71862
1.71375
1.70915
1.7054
1.70313
1.70281
1.70468
1.70862
1.71419
1.72076
1.72771
1.73449
1.74072
1.7462
1.75087
1.75476
1.75793
1.76049
1.76255
1.76418
1.76548
1.7665
1.76731
1.76794
1.7684
1.76871
1.76884
1.76876
1.76842
1.76772
1.76656
1.76483
1.76239
1.75914
1.75501
1.75006
1.74446
1.73859
1.73298
1.72832
1.72526
1.72426
1.72545
1.72861
1.73322
1.73866
1.7443
1.74965
1.75434
1.75813
1.76084
1.76234
1.76257
1.76151
1.75926
1.75607
1.75235
1.74866
1.74563
1.74381
1.74354
1.74488
1.74765
1.75146
1.7559
1.76058
1.7652
1.76947
1.7732
1.77621
1.77835
1.77949
1.77958
1.77861
1.77668
1.77397
1.77081
1.76758
1.76476
1.76274
1.7618
1.76205
1.76336
1.76549
1.76811
1.77093
1.77368
1.77622
1.77843
1.78028
1.78175
1.78286
1.78363
1.78407
1.78422
1.78409
1.78369
1.78303
1.78211
1.78094
1.77953
1.77793
1.7762
1.77444
1.77281
1.77145
1.77054
1.77018
1.77036
1.771
1.77188
1.77275
1.77332
1.77335
1.77267
1.77117
1.76876
1.7654
1.76103
1.7556
1.74908
1.74157
1.73346
1.72553
1.71894
1.71491
1.71431
1.71726
1.72306
1.73056
1.73857
1.74617
1.75276
1.75797
1.76163
1.76367
1.76407
1.76286
1.76013
1.75601
1.75077
1.7448
1.73868
1.73315
1.72903
1.72702
1.72748
1.73032
1.73505
1.74092
1.7472
1.7533
1.7588
1.76347
1.7672
1.76998
1.77187
1.77299
1.7735
1.77362
1.77359
1.77363
1.77394
1.77465
1.77577
1.77723
1.77885
1.78041
1.78168
1.78243
1.78248
1.78172
1.78015
1.7779
1.77523
1.77255
1.77028
1.76874
1.76801
1.76787
1.76784
1.76734
1.76581
1.76293
1.75865
1.75333
1.74778
1.74309
1.7404
1.74048
1.74335
1.74838
1.75458
1.76105
1.76719
1.7728
1.77788
1.78254
1.78685
1.79082
1.79434
1.79722
1.79924
1.80012
1.79962
1.7975
1.79361
1.78792
1.78067
1.77248
1.76438
1.75769
1.75358
1.75257
1.75437
1.75797
1.76221
1.76617
1.76933
1.77155
1.77294
1.77373
1.77419
1.77458
1.77512
1.77596
1.77717
1.77877
1.78069
1.78284
1.7851
1.78732
1.78939
1.7912
1.79268
1.79379
1.79448
1.79475
1.7946
1.79407
1.79318
1.79201
1.79064
1.7892
1.78783
1.78665
1.78579
1.78527
1.78507
1.7851
1.78522
1.78534
1.78539
1.7854
1.78547
1.78568
1.78609
1.78667
1.78729
1.78778
1.78799
1.78782
1.78727
1.78642
1.78536
1.78417
1.78288
1.78145
1.7798
1.77791
1.77578
1.77351
1.77126
1.76922
1.76755
1.76637
1.76573
1.7656
1.76591
1.76656
1.76745
1.76847
1.76954
1.77059
1.77152
1.77229
1.77284
1.77311
1.77307
1.77267
1.77187
1.77065
1.769
1.76692
1.76443
1.76159
1.75852
1.75534
1.75222
1.74937
1.74697
1.7452
1.74418
1.74392
1.74438
1.74537
1.74666
1.74798
1.74908
1.74975
1.74988
1.74943
1.74845
1.74704
1.74532
1.74339
1.74129
1.73904
1.7366
1.73392
1.73098
1.72782
1.7245
1.72118
1.71805
1.71532
1.71321
1.71188
1.71143
1.71188
1.71316
1.71512
1.71758
1.72033
1.72316
1.72592
1.72848
1.73073
1.73264
1.73419
1.73538
1.73623
1.73677
1.73704
1.73707
1.73691
1.73658
1.73611
1.73554
1.73488
1.73416
1.73341
1.73266
1.73192
1.73123
1.73062
1.73013
1.72978
1.7296
1.72961
1.7298
1.73018
1.73072
1.73139
1.73215
1.73294
1.7337
1.73438
1.7349
1.73521
1.73524
1.73492
1.7342
1.73301
1.73133
1.72912
1.72641
1.72323
1.71969
1.71598
1.71236
1.70919
1.70686
1.70578
1.7062
1.70819
1.71156
1.71594
1.72084
1.72575
1.73025
1.73398
1.73669
1.73816
1.73821
1.73671
1.73355
1.72876
1.72251
1.71525
1.70768
1.7007
1.69529
1.69227
1.69212
1.69484
1.70002
1.70695
1.71477
1.72264
1.72989
1.73607
1.74109
1.74516
1.74874
1.75228
1.75607
1.76012
1.76414
1.76776
1.77061
1.77245
1.77322
1.77298
1.77188
1.77013
1.7679
1.76536
1.76264
1.75984
1.75704
1.75431
1.75171
1.7493
1.74713
1.74518
1.74343
1.7418
1.74022
1.73865
1.73708
1.73559
1.73427
1.73325
1.73267
1.7326
1.73311
1.73419
1.73577
1.73771
1.73988
1.74208
1.74414
1.74592
1.74729
1.74817
1.7485
1.74825
1.74739
1.74594
1.74389
1.74129
1.73818
1.73465
1.73085
1.72692
1.72305
1.71934
1.71581
1.71233
1.70864
1.70436
1.69911
1.69272
1.68536
1.67771
1.67091
1.66622
1.66451
1.66587
1.66965
1.67489
1.68075
1.68671
1.69252
1.69807
1.70323
1.70792
1.71204
1.71552
1.71837
1.72062
1.72234
1.72362
1.72456
1.72523
1.72572
1.72609
1.72638
1.72664
1.72688
1.7271
1.72732
1.72751
1.72764
1.72769
1.7276
1.72733
1.72682
1.72601
1.72486
1.72333
1.72138
1.719
1.71617
1.7129
1.7092
1.70511
1.7007
1.69611
1.69155
1.68732
1.68373
1.68109
1.67962
1.67946
1.68066
1.68316
1.6868
1.69134
1.69643
1.70175
1.70706
1.71223
1.71724
1.72209
1.7268
1.73133
1.73562
1.73957
1.74311
1.74616
1.74871
1.75075
1.75231
1.75344
1.75421
1.75466
1.75484
1.75473
1.75429
1.75341
1.7519
1.74958
1.74625
1.74185
1.73654
1.73081
1.7255
1.72162
1.71999
1.72092
1.72404
1.72854
1.73353
1.73837
1.7427
1.74643
1.74966
1.75248
1.75504
1.75739
1.75957
1.76159
1.76339
1.76495
1.76619
1.76706
1.76747
1.76735
1.76659
1.76508
1.76274
1.75945
1.75515
1.74987
1.74373
1.73697
1.73004
1.72349
1.71797
1.71409
1.71226
1.7126
1.71488
1.71858
1.72303
1.72757
1.73165
1.73492
1.73717
1.73835
1.73848
1.73765
1.73598
1.7336
1.73064
1.72728
1.72373
1.7203
1.71738
1.7154
1.71474
1.71562
1.71801
1.72167
1.72616
1.73105
1.73595
1.74058
1.74477
1.74844
1.75159
1.75423
1.75638
1.75808
1.75935
1.76022
1.76071
1.76082
1.76056
1.75994
1.75895
1.75758
1.75583
1.75368
1.7511
1.74805
1.74451
1.74044
1.73585
1.73085
1.72565
1.72063
1.71631
1.7132
1.71162
1.71154
1.71251
1.71381
1.71472
1.71474
1.71376
1.71205
1.71018
1.70875
1.70812
1.70831
1.70899
1.70969
1.71006
1.71005
1.70986
1.70992
1.71061
1.71216
1.71453
1.71741
1.72042
1.72317
1.72541
1.72699
1.7279
1.72817
1.7279
1.72721
1.7262
1.72497
1.72362
1.72221
1.7208
1.71941
1.71804
1.71665
1.71518
1.71356
1.71167
1.70944
1.70677
1.70361
1.69995
1.69582
1.69135
1.68672
1.6822
1.67807
1.67461
1.67206
1.6705
1.66994
1.67022
1.67115
1.67249
1.67404
1.67563
1.67716
1.67859
1.67992
1.68117
1.68237
1.68356
1.68478
1.68602
1.6873
1.68862
1.68995
1.69128
1.6926
1.69389
1.69512
1.69627
1.69732
1.69822
1.69891
1.69932
1.69933
1.69878
1.6975
1.69524
1.69172
1.6867
1.67999
1.67164
1.66206
1.6521
1.64287
1.63529
1.62953
1.62486
1.62017
1.61487
1.60977
1.60694
1.60866
1.61582
1.62724
1.64056
1.65354
1.66484
1.67403
1.68117
1.68658
1.6906
1.6935
1.69552
1.69684
1.69759
1.6979
1.69787
1.69758
1.69712
1.69656
1.69598
1.69542
1.69493
1.69453
1.69423
1.694
1.69381
1.6936
1.69335
1.69302
1.69264
1.69228
1.69205
1.6921
1.69257
1.69358
1.69517
1.69729
1.69981
1.70253
1.70523
1.70767
1.70965
1.71097
1.71146
1.71099
1.7094
1.7066
1.70251
1.69711
1.69045
1.68274
1.67433
1.66585
1.65818
1.65242
1.6496
1.65037
1.65472
1.66194
1.67095
1.68066
1.69022
1.69911
1.70712
1.71419
1.72037
1.72572
1.73029
1.73411
1.73717
1.73946
1.74093
1.74159
1.74142
1.74047
1.73882
1.73664
1.73412
1.73153
1.72916
1.72724
1.72591
1.72515
1.72484
1.72472
1.72448
1.7238
1.72245
1.72027
1.71724
1.71347
1.70921
1.70484
1.7008
1.69752
1.69538
1.69453
1.69493
1.69626
1.69808
1.69991
1.70136
1.70235
1.70305
1.70393
1.70551
1.70817
1.71195
1.71654
1.72143
1.72604
1.72996
1.7329
1.73477
1.73557
1.73534
1.73419
1.73222
1.7296
1.7265
1.7232
1.72001
1.71729
1.71538
1.71454
1.71489
1.71638
1.71882
1.7219
1.72524
1.72854
1.73152
1.73399
1.73586
1.73708
1.73763
1.73751
1.73669
1.73515
1.73281
1.72963
1.72558
1.72078
1.71562
1.71077
1.7072
1.70589
1.70745
1.71178
1.71815
1.72545
1.73265
1.73904
1.74425
1.74821
1.75103
1.7529
1.75403
1.75465
1.75495
1.7551
1.75525
1.75551
1.75593
1.75655
1.75734
1.75822
1.75905
1.75963
1.75969
1.75892
1.75698
1.75353
1.74833
1.74133
1.73279
1.72342
1.71439
1.70708
1.70277
1.70219
1.70523
1.7111
1.71859
1.72653
1.73399
1.74039
1.74548
1.74921
1.7517
1.75315
1.75384
1.75404
1.75402
1.75402
1.75422
1.75475
1.75565
1.75694
1.75859
1.76055
1.76274
1.7651
1.76753
1.76996
1.7723
1.77446
1.77637
1.77797
1.77918
1.77995
1.78024
1.78
1.77917
1.7777
1.77556
1.7727
1.76911
1.76482
1.75994
1.75464
1.74918
1.74387
1.73894
1.73449
1.73047
1.72678
1.72342
1.72066
1.71894
1.71875
1.72031
1.72354
1.72806
1.73342
1.7392
1.74509
1.75083
1.75625
1.7612
1.76554
1.76922
1.7722
1.77447
1.77605
1.77698
1.77729
1.777
1.77614
1.77472
1.77275
1.77022
1.76715
1.7635
1.75929
1.75453
1.74931
1.74378
1.73828
1.73327
1.72932
1.72703
1.72684
1.72892
1.73307
1.73879
1.74542
1.75231
1.75893
1.76492
1.77007
1.77432
1.77764
1.78004
1.7815
1.782
1.78146
1.77977
1.77682
1.77254
1.76695
1.7603
1.75306
1.74603
1.74012
1.73612
1.7344
1.73483
1.73691
1.74009
1.74392
1.74814
1.75262
1.75722
1.76174
1.766
1.7698
1.773
1.77552
1.77734
1.77847
1.77894
1.77877
1.77794
1.77644
1.7742
1.77118
1.76735
1.76273
1.75751
1.75204
1.74693
1.7429
1.74069
1.74081
1.74332
1.74786
1.75375
1.76021
1.76656
1.77233
1.77722
1.7811
1.78396
1.78583
1.7868
1.78694
1.78635
1.78511
1.78332
1.78106
1.77842
1.77546
1.77225
1.76885
1.76528
1.76161
1.7579
1.7543
1.751
1.74825
1.74631
1.74538
1.74553
1.74666
1.74856
1.75096
1.7536
1.75626
1.7588
1.76113
1.76321
1.76504
1.76659
1.76787
1.76884
1.76952
1.76989
1.76997
1.76982
1.76951
1.76914
1.76882
1.76863
1.76864
1.7689
1.7694
1.7701
1.77097
1.77193
1.77296
1.77401
1.77505
1.77607
1.77706
1.77798
1.77884
1.77959
1.7802
1.78064
1.78086
1.78079
1.78039
1.77958
1.77831
1.77652
1.77416
1.7712
1.76766
1.7636
1.75912
1.75442
1.74974
1.74533
1.74147
1.73836
1.73611
1.73474
1.73417
1.73432
1.73513
1.73664
1.73896
1.74226
1.7466
1.75191
1.75792
1.76423
1.77043
1.77614
1.78111
1.78525
1.78852
1.79095
1.79258
1.79342
1.79346
1.79265
1.79095
1.78839
1.78514
1.78153
1.77802
1.77508
1.77295
1.77145
1.76999
1.76769
1.76364
1.75712
1.74781
1.73591
1.72222
1.70811
1.69547
1.6864
1.68275
1.68557
1.69467
1.70858
1.72503
1.74165
1.7566
1.76881
1.77792
1.78403
1.78755
1.78898
1.78888
1.78779
1.78624
1.78466
1.78341
1.78265
1.78239
1.78248
1.78268
1.78274
1.78245
1.78171
1.78054
1.77904
1.77739
1.77577
1.77438
1.77334
1.7727
1.77247
1.7726
1.773
1.7736
1.77431
1.77506
1.77575
1.77631
1.77665
1.77668
1.77631
1.77546
1.77407
1.77213
1.76969
1.7669
1.76394
1.76111
1.75868
1.7569
1.7559
1.75567
1.75607
1.7569
1.75795
1.75906
1.76013
1.76116
1.76215
1.76316
1.76425
1.76542
1.76667
1.76794
1.76914
1.77015
1.77083
1.77108
1.77083
1.77012
1.76908
1.76801
1.76724
1.76709
1.76771
1.76896
1.77044
1.77158
1.77176
1.77053
1.76769
1.76341
1.75826
1.75315
1.74919
1.74741
1.74842
1.75217
1.75795
1.76456
1.77072
1.77535
1.7778
1.77785
1.77566
1.77169
1.76655
1.76095
1.7555
1.75067
1.74672
1.74371
1.74165
1.74053
1.74046
1.74161
1.74405
1.74769
1.75217
1.75696
1.76154
1.76553
1.76877
1.77126
1.77312
1.77452
1.77564
1.77661
1.77752
1.77842
1.77932
1.78023
1.78111
1.78192
1.7826
1.78307
1.78323
1.78293
1.78201
1.78028
1.77759
1.77385
1.76911
1.7637
1.75826
1.75365
1.75076
1.75014
1.7517
1.75475
1.75828
1.76133
1.76317
1.76342
1.76202
1.75914
1.75518
1.75074
1.74653
1.74325
1.74143
1.74127
1.74261
1.74503
1.74799
1.751
1.75365
1.75569
1.75695
1.75733
1.75684
1.75552
1.75353
1.75113
1.74863
1.74641
1.7448
1.74404
1.74425
1.74537
1.74721
1.74952
1.75201
1.75441
1.75644
1.75778
1.75812
1.7571
1.75439
1.74982
1.74357
1.73637
1.72961
1.72505
1.72411
1.72707
1.73296
1.74008
1.74682
1.75217
1.75578
1.75775
1.75843
1.75828
1.75772
1.75711
1.75669
1.7566
1.75683
1.75729
1.75785
1.75838
1.75875
1.75891
1.75887
1.75867
1.75845
1.75833
1.75845
1.75892
1.75983
1.76117
1.76289
1.7649
1.76705
1.76919
1.77119
1.77292
1.77429
1.77523
1.77572
1.77577
1.77541
1.77472
1.77378
1.77271
1.77163
1.77064
1.76984
1.76928
1.76896
1.76889
1.76901
1.7693
1.7697
1.77018
1.77071
1.77125
1.77176
1.77218
1.77245
1.77251
1.77231
1.77185
1.77115
1.77027
1.76933
1.76849
1.76792
1.76781
1.7683
1.76946
1.77127
1.77363
1.77635
1.77926
1.78216
1.78487
1.78727
1.78923
1.79064
1.79137
1.7913
1.79033
1.78838
1.7855
1.78186
1.77776
1.77367
1.77006
1.76734
1.7657
1.76513
1.76545
1.76642
1.7679
1.76988
1.77252
1.77602
1.78049
1.78585
1.7918
1.79788
1.80357
1.80842
1.81206
1.81427
1.81492
1.81395
1.81132
1.80708
1.80136
1.79438
1.78655
1.77845
1.77074
1.76413
1.75925
1.75652
1.75613
1.75805
1.76202
1.76762
1.77429
1.78142
1.78847
1.795
1.80073
1.8055
1.80927
1.81207
1.81395
1.81498
1.81522
1.81469
1.8134
1.81133
1.80844
1.80473
1.80023
1.79512
1.7897
1.78442
1.77985
1.77647
1.77455
1.77408
1.77476
1.77616
1.77788
1.77963
1.78126
1.78272
1.78401
1.78519
1.78632
1.7875
1.78886
1.7905
1.79249
1.79484
1.79744
1.80011
1.8026
1.80467
1.80611
1.80676
1.80653
1.8054
1.80339
1.80055
1.79694
1.79263
1.78768
1.78215
1.77606
1.76946
1.76252
1.75579
1.75035
1.74755
1.74851
1.75336
1.76109
1.77006
1.77872
1.78606
1.7917
1.79573
1.79854
1.80069
1.80277
1.80528
1.80849
1.81243
1.8169
1.82154
1.82599
1.82993
1.83316
1.83554
1.83699
1.83751
1.83706
1.83567
1.83333
1.83009
1.82597
1.82103
1.81535
1.80898
1.80199
1.79443
1.78646
1.77849
1.77144
1.76677
1.76597
1.76967
1.77704
1.78611
1.79482
1.80181
1.80668
1.8097
1.81144
1.81247
1.81318
1.81369
1.81392
1.81365
1.81263
1.81072
1.80793
1.80446
1.80065
1.79693
1.79377
1.79155
1.79051
1.79073
1.79214
1.79451
1.79756
1.80097
1.80445
1.80778
1.8108
1.81342
1.81563
1.81742
1.81881
1.81984
1.82053
1.8209
1.82095
1.82069
1.82011
1.81927
1.81831
1.8174
1.81677
1.81659
1.81691
1.81768
1.8187
1.81974
1.82057
1.82103
1.82104
1.82057
1.81967
1.81838
1.81676
1.81482
1.81254
1.80979
1.80637
1.80201
1.7964
1.78931
1.78085
1.7717
1.76328
1.75745
1.75573
1.75841
1.76433
1.77156
1.7783
1.78344
1.78658
1.78779
1.78739
1.7858
1.78347
1.78084
1.77832
1.77625
1.77485
1.77422
1.7743
1.77494
1.77592
1.77702
1.77808
1.77898
1.77968
1.78016
1.78047
1.78064
1.78075
1.78084
1.78095
1.78111
1.78135
1.78165
1.78201
1.7824
1.78278
1.7831
1.78333
1.78342
1.78333
1.78301
1.78243
1.78159
1.78046
1.77906
1.77743
1.77559
1.77361
1.77157
1.76952
1.76756
1.76573
1.76412
1.76275
1.76169
1.76099
1.7607
1.7609
1.76167
1.76305
1.76505
1.76758
1.77046
1.77346
1.77629
1.77866
1.78036
1.78126
1.78131
1.7806
1.77928
1.77758
1.77577
1.7741
1.77282
1.77207
1.77194
1.77243
1.77347
1.77493
1.77666
1.77849
1.78024
1.78176
1.78291
1.78356
1.78361
1.78296
1.78155
1.77937
1.77648
1.7731
1.76958
1.76643
1.76417
1.76313
1.76334
1.76443
1.76576
1.76663
1.76641
1.7647
1.76129
1.75619
1.74961
1.74195
1.73387
1.72625
1.72005
1.71605
1.71456
1.71534
1.71779
1.7212
1.72505
1.72905
1.73309
1.73717
1.74123
1.74517
1.74885
1.75209
1.75478
1.7568
1.75814
1.75879
1.75881
1.75827
1.75724
1.7558
1.75402
1.75197
1.74971
1.74729
1.74477
1.74218
1.73958
1.73701
1.73451
1.73213
1.7299
1.72784
1.72598
1.72433
1.72287
1.72161
1.72052
1.71959
1.71879
1.71813
1.71758
1.71714
1.71683
1.71663
1.71656
1.71662
1.71681
1.71713
1.71754
1.71803
1.71856
1.71909
1.71957
1.71998
1.72029
1.72053
1.72072
1.72092
1.72117
1.72151
1.72193
1.72234
1.72263
1.7226
1.72207
1.72086
1.71883
1.71593
1.71224
1.70794
1.70331
1.69873
1.69461
1.69132
1.68911
1.68811
1.68826
1.68938
1.69125
1.69363
1.69639
1.69946
1.70289
1.70673
1.71101
1.71565
1.72047
1.72519
1.72952
1.7332
1.73604
1.73798
1.73904
1.73931
1.73896
1.73814
1.73703
1.73578
1.73452
1.73332
1.73222
1.73126
1.73039
1.7296
1.72883
1.72805
1.72724
1.72638
1.72551
1.72468
1.72394
1.72338
1.72302
1.72281
1.72262
1.72217
1.72109
1.71896
1.71543
1.71042
1.70436
1.69835
1.69396
1.69267
1.69509
1.70059
1.70769
1.71481
1.72084
1.72528
1.72811
1.72955
1.72988
1.72941
1.72837
1.72693
1.72523
1.72338
1.72146
1.71958
1.71782
1.71631
1.71513
1.71438
1.71412
1.71433
1.71498
1.71596
1.71713
1.71835
1.71946
1.72035
1.72091
1.72109
1.72087
1.72025
1.71926
1.71794
1.71637
1.71461
1.71274
1.71082
1.70892
1.70712
1.70545
1.70397
1.70269
1.70164
1.70082
1.70021
1.69979
1.69954
1.6994
1.69934
1.69931
1.69924
1.69909
1.69883
1.69842
1.69788
1.69724
1.69658
1.69598
1.69558
1.69549
1.69577
1.69642
1.69736
1.69842
1.6994
1.70007
1.70022
1.6997
1.69845
1.69651
1.69406
1.69137
1.68883
1.68683
1.68574
1.68576
1.68689
1.68889
1.6914
1.69398
1.69624
1.69792
1.69886
1.69904
1.69854
1.69749
1.6961
1.6946
1.69323
1.69222
1.69182
1.69221
1.6935
1.69574
1.69886
1.70271
1.70706
1.71166
1.71624
1.72055
1.72439
1.72763
1.73017
1.73199
1.73308
1.73351
1.73335
1.7327
1.73169
1.73044
1.72908
1.72773
1.72653
1.72559
1.725
1.72488
1.72528
1.72624
1.72774
1.72972
1.73205
1.7346
1.73721
1.73975
1.7421
1.74418
1.74595
1.74737
1.74847
1.74926
1.74978
1.75006
1.75015
1.75011
1.74997
1.74974
1.74937
1.74874
1.7477
1.74601
1.74351
1.74012
1.73593
1.73127
1.72665
1.72269
1.71992
1.71865
1.71889
1.72042
1.7229
1.72598
1.7294
1.73296
1.73654
1.74008
1.74357
1.74697
1.75028
1.75345
1.75642
1.75911
1.76143
1.76331
1.7647
1.76556
1.76589
1.7657
1.76503
1.76393
1.76242
1.76052
1.75819
1.75536
1.75194
1.74786
1.74313
1.73789
1.73238
1.72694
1.72194
1.71771
1.71448
1.71239
1.71147
1.71172
1.7131
1.71562
1.71923
1.72382
1.72914
1.73478
1.74022
1.74492
1.74836
1.7501
1.74981
1.7473
1.74253
1.73573
1.72749
1.71876
1.71079
1.70482
1.70168
1.70151
1.70375
1.70746
1.71165
1.71552
1.71853
1.72039
1.72101
1.72047
1.71904
1.71719
1.71548
1.71449
1.71462
1.71598
1.7184
1.72153
1.72498
1.72843
1.73166
1.73453
1.73695
1.73885
1.74019
1.74095
1.74112
1.74071
1.73974
1.73825
1.73626
1.73383
1.73099
1.72783
1.72442
1.72089
1.71734
1.71393
1.71081
1.7081
1.70593
1.70436
1.70343
1.70311
1.70336
1.7041
1.70527
1.70682
1.70863
1.7106
1.71256
1.71432
1.71574
1.7167
1.71719
1.71732
1.71725
1.71721
1.7174
1.71799
1.71908
1.72069
1.7228
1.72537
1.72835
1.73164
1.73509
1.73847
1.7415
1.74389
1.74535
1.74566
1.74471
1.74245
1.73893
1.73421
1.7284
1.72159
1.71398
1.70591
1.69797
1.69094
1.6857
1.68292
1.68289
1.68542
1.68996
1.69579
1.70218
1.70856
1.71453
1.71989
1.72459
1.72868
1.73226
1.73546
1.73837
1.74102
1.74344
1.74558
1.74741
1.74886
1.74988
1.75046
1.75056
1.75021
1.74941
1.74821
1.74664
1.74475
1.74259
1.7402
1.73762
1.7349
1.73207
1.72917
1.72623
1.72328
1.72034
1.71742
1.71455
1.71173
1.70895
1.70625
1.70362
1.70115
1.69894
1.69719
1.69611
1.69596
1.6969
1.69895
1.70196
1.70561
1.70954
1.71337
1.71683
1.71973
1.72202
1.72373
1.72491
1.72568
1.72614
1.7264
1.72654
1.72664
1.72674
1.72688
1.72709
1.72736
1.7277
1.72811
1.72857
1.72908
1.72962
1.73017
1.73073
1.73125
1.73174
1.73214
1.73244
1.7326
1.73258
1.73233
1.73183
1.73105
1.72995
1.72855
1.72685
1.72492
1.72284
1.72074
1.71877
1.71715
1.71607
1.71574
1.71636
1.71802
1.72074
1.7244
1.72881
1.73368
1.73871
1.74364
1.74823
1.75233
1.75583
1.75868
1.76085
1.76231
1.76302
1.76292
1.76198
1.76012
1.75737
1.75378
1.74959
1.7452
1.74113
1.73801
1.73636
1.73648
1.73837
1.74173
1.74611
1.75097
1.75579
1.76016
1.76377
1.76646
1.76824
1.76923
1.76964
1.76976
1.76986
1.77015
1.7708
1.7719
1.77347
1.77547
1.77782
1.7804
1.78304
1.78554
1.78765
1.78912
1.78971
1.78921
1.78749
1.78447
1.78019
1.77476
1.76836
1.76134
1.75414
1.74734
1.74151
1.73711
1.73428
1.73281
1.73225
1.73212
1.73218
1.73243
1.73313
1.73462
1.73717
1.74092
1.74582
1.7516
1.75788
1.76421
1.77019
1.77556
1.7802
1.78413
1.78743
1.79021
1.79253
1.79439
1.79574
1.79648
1.7965
1.79574
1.79415
1.79177
1.78871
1.78512
1.78126
1.77736
1.77365
1.77029
1.76733
1.76471
1.76226
1.7598
1.75711
1.754
1.75034
1.74609
1.74128
1.73605
1.73065
1.72544
1.72086
1.7174
1.7155
1.71547
1.71742
1.72124
1.72658
1.73294
1.73978
1.74664
1.75314
1.75903
1.76418
1.76854
1.77211
1.77492
1.77699
1.77831
1.77886
1.77856
1.77727
1.77482
1.77098
1.76554
1.75834
1.74949
1.73946
1.7292
1.71999
1.71306
1.70894
1.70726
1.707
1.70704
1.70674
1.7061
1.70562
1.70596
1.70764
1.71074
1.71491
1.71951
1.72385
1.72741
1.72988
1.73118
1.73137
1.73062
1.72913
1.72713
1.72481
1.72233
1.71978
1.71723
1.71472
1.71226
1.7099
1.70773
1.70586
1.70444
1.70358
1.70337
1.70385
1.70497
1.70663
1.70871
1.71104
1.7135
1.71595
1.7183
1.72045
1.72234
1.72393
1.72517
1.72606
1.72658
1.72672
1.72648
1.72584
1.7248
1.72336
1.72149
1.71922
1.71656
1.71358
1.71038
1.70707
1.70376
1.70048
1.69718
1.69371
1.68999
1.68613
1.68265
1.6804
1.6803
1.68284
1.68775
1.69407
1.70058
1.70626
1.71046
1.71296
1.71378
1.71312
1.71118
1.70819
1.70436
1.69989
1.69494
1.68971
1.68443
1.67935
1.67475
1.67096
1.66823
1.66672
1.66644
1.66722
1.66875
1.67063
1.6725
1.67406
1.6751
1.6756
1.67562
1.67541
1.67526
1.67552
1.67647
1.67825
1.68085
1.68406
1.68759
1.69112
1.69436
1.6971
1.6992
1.70057
1.70119
1.70103
1.70012
1.69849
1.69622
1.69344
1.69032
1.6871
1.68406
1.68146
1.67952
1.67833
1.67786
1.67795
1.67838
1.67891
1.67933
1.67951
1.67936
1.67886
1.67804
1.67695
1.67567
1.67429
1.6729
1.67161
1.67051
1.66971
1.6693
1.66937
1.66997
1.67114
1.67286
1.67506
1.67762
1.68038
1.68316
1.68576
1.68799
1.68965
1.69055
1.69049
1.68929
1.6868
1.68295
1.67782
1.67172
1.66526
1.65932
1.65488
1.65267
1.65298
1.65559
1.65987
1.66516
1.67087
1.67663
1.68219
1.68738
1.69204
1.696
1.69912
1.70129
1.70253
1.70298
1.70288
1.70258
1.70247
1.70282
1.70379
1.70536
1.70738
1.70968
1.71216
1.71483
1.7178
1.72122
1.72513
1.72945
1.73394
1.73829
1.74219
1.74539
1.74774
1.74916
1.74967
1.74936
1.74836
1.74691
1.74526
1.74368
1.74239
1.74145
1.74075
1.73997
1.73877
1.73684
1.73412
1.73087
1.72757
1.72488
1.72338
1.72351
1.72543
1.729
1.73378
1.73909
1.74421
1.74855
1.75178
1.75388
1.75509
1.75582
1.75652
1.75762
1.75938
1.76194
1.76526
1.76924
1.77372
1.77852
1.7835
1.78851
1.79342
1.7981
1.80243
1.8063
1.80962
1.81231
1.81432
1.81565
1.81629
1.81628
1.81566
1.81449
1.81284
1.81073
1.8082
1.80526
1.80189
1.79807
1.79376
1.78893
1.78355
1.77764
1.77136
1.7651
1.7595
1.75532
1.7531
1.75297
1.75455
1.75722
1.76034
1.7634
1.76598
1.76781
1.76876
1.76899
1.76887
1.76884
1.76919
1.76985
1.77035
1.77002
1.76832
1.7652
1.76143
1.75852
1.75814
1.7612
1.76727
1.77486
1.78229
1.78846
1.79305
1.79635
1.79893
1.8013
1.80376
1.80635
1.80891
1.81118
1.81289
