-0.366631
-0.363726
-0.360472
-0.35661
-0.35213
-0.347126
-0.341539
-0.335131
-0.327608
-0.319131
-0.310716
-0.30422
-0.301721
-0.304293
-0.311293
-0.320799
-0.330679
-0.339509
-0.346731
-0.352414
-0.356999
-0.361117
-0.365462
-0.370676
-0.3772
-0.385041
-0.393741
-0.40259
-0.410871
-0.418027
-0.423751
-0.427965
-0.430715
-0.432127
-0.432314
-0.431421
-0.429446
-0.426456
-0.422489
-0.417584
-0.411865
-0.405618
-0.399244
-0.393321
-0.388498
-0.385281
-0.38395
-0.384469
-0.386529
-0.389711
-0.393631
-0.398004
-0.402614
-0.407305
-0.411934
-0.416373
-0.420475
-0.424141
-0.427323
-0.429991
-0.432175
-0.433916
-0.435276
-0.436338
-0.43717
-0.437855
-0.438442
-0.438963
-0.439458
-0.439948
-0.440425
-0.440899
-0.441325
-0.441655
-0.441849
-0.441852
-0.441602
-0.441032
-0.440116
-0.438809
-0.437084
-0.434877
-0.432106
-0.428633
-0.424356
-0.419255
-0.413544
-0.407782
-0.402822
-0.399554
-0.398616
-0.400073
-0.403413
-0.407886
-0.412859
-0.418013
-0.423375
-0.429132
-0.435433
-0.442216
-0.449203
-0.455985
-0.46212
-0.467273
-0.47127
-0.474011
-0.475517
-0.475859
-0.475131
-0.473439
-0.470889
-0.467602
-0.463706
-0.459338
-0.45468
-0.449855
-0.444962
-0.440055
-0.435126
-0.430148
-0.425208
-0.420588
-0.416782
-0.414487
-0.414317
-0.416613
-0.421196
-0.427498
-0.434816
-0.442462
-0.449898
-0.456665
-0.462378
-0.466672
-0.469188
-0.469633
-0.467778
-0.463422
-0.456501
-0.447116
-0.435664
-0.422993
-0.410528
-0.400128
-0.393636
-0.392137
-0.395493
-0.402412
-0.41096
-0.419307
-0.426072
-0.430545
-0.432601
-0.432618
-0.431321
-0.429639
-0.428399
-0.428105
-0.428788
-0.430043
-0.431095
-0.431167
-0.429542
-0.425723
-0.419593
-0.411534
-0.402502
-0.393945
-0.387366
-0.38372
-0.383048
-0.384609
-0.387405
-0.390732
-0.394333
-0.398219
-0.402412
-0.40677
-0.411009
-0.414783
-0.417812
-0.419934
-0.421144
-0.421531
-0.421204
-0.420342
-0.419079
-0.417532
-0.415803
-0.413973
-0.412088
-0.410181
-0.408248
-0.406262
-0.404187
-0.401985
-0.399584
-0.396911
-0.393866
-0.390417
-0.38655
-0.382308
-0.377855
-0.373462
-0.369489
-0.366328
-0.364363
-0.363856
-0.364873
-0.367258
-0.370673
-0.374689
-0.378849
-0.382733
-0.386048
-0.388591
-0.390273
-0.39109
-0.39106
-0.390273
-0.388846
-0.386932
-0.384681
-0.382278
-0.379924
-0.377839
-0.376264
-0.375449
-0.375589
-0.376815
-0.379119
-0.382387
-0.386368
-0.390707
-0.395064
-0.399086
-0.402466
-0.404935
-0.406304
-0.406393
-0.405106
-0.402442
-0.398534
-0.393741
-0.388557
-0.383607
-0.379462
-0.376454
-0.374574
-0.373461
-0.372641
-0.371661
-0.370225
-0.368279
-0.365978
-0.363639
-0.36171
-0.360659
-0.360862
-0.362471
-0.365377
-0.369231
-0.373596
-0.378024
-0.382181
-0.385863
-0.389014
-0.391606
-0.393699
-0.395345
-0.396578
-0.397428
-0.39786
-0.397849
-0.397268
-0.395995
-0.39386
-0.390672
-0.386308
-0.380744
-0.374134
-0.366871
-0.359537
-0.352673
-0.34662
-0.341363
-0.336774
-0.333023
-0.330817
-0.331233
-0.334903
-0.341496
-0.349787
-0.358298
-0.365913
-0.372109
-0.376861
-0.380387
-0.382995
-0.384906
-0.386243
-0.387048
-0.387269
-0.386793
-0.38548
-0.383181
-0.379801
-0.375256
-0.369569
-0.362861
-0.355341
-0.347363
-0.339406
-0.332175
-0.326633
-0.323796
-0.324316
-0.32798
-0.333655
-0.339743
-0.344879
-0.348439
-0.350483
-0.351655
-0.352827
-0.35471
-0.357667
-0.361613
-0.366207
-0.371015
-0.375675
-0.379957
-0.383748
-0.38704
-0.389834
-0.392154
-0.394022
-0.395477
-0.396535
-0.397217
-0.397543
-0.397546
-0.397268
-0.396737
-0.396004
-0.395144
-0.394196
-0.393256
-0.392407
-0.391724
-0.391294
-0.391146
-0.39131
-0.391777
-0.392475
-0.393323
-0.394222
-0.395015
-0.395559
-0.395663
-0.395118
-0.393694
-0.391157
-0.387271
-0.381831
-0.374754
-0.366165
-0.356511
-0.346664
-0.337849
-0.331397
-0.328287
-0.328711
-0.332054
-0.337305
-0.343555
-0.350368
-0.357701
-0.365615
-0.373898
-0.38199
-0.389045
-0.394212
-0.396758
-0.396214
-0.392456
-0.385873
-0.377612
-0.369669
-0.364432
-0.363783
-0.367981
-0.375684
-0.384797
-0.393529
-0.400875
-0.406564
-0.410721
-0.413639
-0.415639
-0.416949
-0.417721
-0.418043
-0.417956
-0.417497
-0.41665
-0.415419
-0.413824
-0.41188
-0.409584
-0.406904
-0.403762
-0.400032
-0.395555
-0.390241
-0.384171
-0.377689
-0.371494
-0.366519
-0.363666
-0.36345
-0.36575
-0.369864
-0.374735
-0.379231
-0.382439
-0.383731
-0.382889
-0.380091
-0.375954
-0.371505
-0.367951
-0.366399
-0.367416
-0.370913
-0.376239
-0.382515
-0.388923
-0.394853
-0.399941
-0.404007
-0.406954
-0.408818
-0.40967
-0.409622
-0.408823
-0.407455
-0.405672
-0.403655
-0.401516
-0.39936
-0.39726
-0.395267
-0.393445
-0.391806
-0.390367
-0.389105
-0.387917
-0.386587
-0.384849
-0.38237
-0.378801
-0.373997
-0.368246
-0.362536
-0.358534
-0.358104
-0.362188
-0.370215
-0.380247
-0.390075
-0.398031
-0.403335
-0.405986
-0.40649
-0.405602
-0.404164
-0.402949
-0.402507
-0.403025
-0.404405
-0.406281
-0.408247
-0.409897
-0.410974
-0.411336
-0.410965
-0.409899
-0.408247
-0.406095
-0.40354
-0.400687
-0.397613
-0.394386
-0.391058
-0.387701
-0.384366
-0.381092
-0.377948
-0.374961
-0.372184
-0.369651
-0.367424
-0.365592
-0.364242
-0.363451
-0.363209
-0.363429
-0.363905
-0.364405
-0.364669
-0.36448
-0.363677
-0.362136
-0.359939
-0.357422
-0.35521
-0.354121
-0.354881
-0.357751
-0.362482
-0.368434
-0.374796
-0.3809
-0.386312
-0.390859
-0.394524
-0.397396
-0.399564
-0.401167
-0.402278
-0.402978
-0.403343
-0.403458
-0.403398
-0.403268
-0.403182
-0.403254
-0.403561
-0.4042
-0.40518
-0.406507
-0.408137
-0.409973
-0.411928
-0.41391
-0.415852
-0.417669
-0.41929
-0.420671
-0.421759
-0.422535
-0.422978
-0.423067
-0.422828
-0.422245
-0.421362
-0.420228
-0.418935
-0.417567
-0.416263
-0.415149
-0.414391
-0.414136
-0.41448
-0.415483
-0.417168
-0.419467
-0.422269
-0.425426
-0.428784
-0.432162
-0.435407
-0.438391
-0.441013
-0.443185
-0.444876
-0.446035
-0.446666
-0.446767
-0.446346
-0.445439
-0.444077
-0.442299
-0.440179
-0.437788
-0.43519
-0.43247
-0.42971
-0.426993
-0.424431
-0.422111
-0.420159
-0.418658
-0.417686
-0.417274
-0.417401
-0.417986
-0.418901
-0.419951
-0.420899
-0.421461
-0.421327
-0.420228
-0.41799
-0.414616
-0.410404
-0.405867
-0.401636
-0.398112
-0.395245
-0.392605
-0.389688
-0.386322
-0.382836
-0.379875
-0.378076
-0.377767
-0.378952
-0.381513
-0.385401
-0.390634
-0.397155
-0.40465
-0.412423
-0.419582
-0.425191
-0.428424
-0.428667
-0.4255
-0.418758
-0.408605
-0.395816
-0.381991
-0.369543
-0.36115
-0.358827
-0.362975
-0.372239
-0.384214
-0.39652
-0.407457
-0.416168
-0.422454
-0.426494
-0.428596
-0.429117
-0.42836
-0.426564
-0.423907
-0.420534
-0.416542
-0.41206
-0.407214
-0.402152
-0.397063
-0.39217
-0.387719
-0.383918
-0.380944
-0.378914
-0.377823
-0.377567
-0.378006
-0.378949
-0.38017
-0.381497
-0.382776
-0.383895
-0.384792
-0.385454
-0.385903
-0.386163
-0.386293
-0.386361
-0.3864
-0.386429
-0.386434
-0.386385
-0.386229
-0.385926
-0.385443
-0.384791
-0.383983
-0.383073
-0.382137
-0.381244
-0.380485
-0.37991
-0.379551
-0.37942
-0.379503
-0.37977
-0.380188
-0.380707
-0.38136
-0.38212
-0.382993
-0.384023
-0.385197
-0.386478
-0.387846
-0.389189
-0.390406
-0.391327
-0.39175
-0.391429
-0.390119
-0.387566
-0.383597
-0.378292
-0.3721
-0.366026
-0.361442
-0.359703
-0.361468
-0.366384
-0.373237
-0.380566
-0.387206
-0.392425
-0.395913
-0.397559
-0.397326
-0.39514
-0.390883
-0.384432
-0.375714
-0.364909
-0.352568
-0.33987
-0.328715
-0.321434
-0.319863
-0.324212
-0.332763
-0.342799
-0.35217
-0.36
-0.366593
-0.372753
-0.379156
-0.385979
-0.392918
-0.399459
-0.405082
-0.409428
-0.412316
-0.413683
-0.413547
-0.411969
-0.409051
-0.404942
-0.399831
-0.393959
-0.387567
-0.380935
-0.374404
-0.368384
-0.363455
-0.360304
-0.359597
-0.361755
-0.366796
-0.37424
-0.383245
-0.392745
-0.401725
-0.409328
-0.414966
-0.41833
-0.419399
-0.418403
-0.415793
-0.412182
-0.408154
-0.404147
-0.400291
-0.396344
-0.39179
-0.386036
-0.378647
-0.369501
-0.358903
-0.347519
-0.336213
-0.325876
-0.317276
-0.311208
-0.308608
-0.310483
-0.31741
-0.328964
-0.343669
-0.359543
-0.374814
-0.388358
-0.399667
-0.408733
-0.415781
-0.421142
-0.425121
-0.428008
-0.430036
-0.431363
-0.432133
-0.432407
-0.432255
-0.431661
-0.430583
-0.428906
-0.426452
-0.423026
-0.418368
-0.41228
-0.404684
-0.395762
-0.385957
-0.376045
-0.366971
-0.359633
-0.354714
-0.35257
-0.353311
-0.356817
-0.362659
-0.370119
-0.378366
-0.386607
-0.394277
-0.401057
-0.406831
-0.411496
-0.414981
-0.417186
-0.417953
-0.417178
-0.414787
-0.410808
-0.405434
-0.399085
-0.392403
-0.386202
-0.381284
-0.378127
-0.376737
-0.376635
-0.377139
-0.377555
-0.37736
-0.376301
-0.374299
-0.371457
-0.367914
-0.363896
-0.359646
-0.355423
-0.351548
-0.348318
-0.346063
-0.345097
-0.3456
-0.347653
-0.351147
-0.355815
-0.361213
-0.366807
-0.372072
-0.37655
-0.379917
-0.382009
-0.382815
-0.382457
-0.381108
-0.37901
-0.376457
-0.373732
-0.371151
-0.368995
-0.367496
-0.366761
-0.366808
-0.367543
-0.36879
-0.370355
-0.372047
-0.373724
-0.375289
-0.376672
-0.377835
-0.37877
-0.379483
-0.379969
-0.380213
-0.380253
-0.380075
-0.379662
-0.379019
-0.378111
-0.376926
-0.375457
-0.373703
-0.371669
-0.369392
-0.366928
-0.364338
-0.361753
-0.359331
-0.357218
-0.355593
-0.354592
-0.354315
-0.354797
-0.355981
-0.357719
-0.359819
-0.362036
-0.364128
-0.365886
-0.367135
-0.367779
-0.367774
-0.367144
-0.365945
-0.364279
-0.362253
-0.359987
-0.357571
-0.355105
-0.35263
-0.350224
-0.347933
-0.345845
-0.344029
-0.342581
-0.341601
-0.341082
-0.340982
-0.341219
-0.341648
-0.342141
-0.342579
-0.342879
-0.343004
-0.342963
-0.342732
-0.342322
-0.34173
-0.340927
-0.33994
-0.338841
-0.337787
-0.337021
-0.336792
-0.337337
-0.338752
-0.340961
-0.343675
-0.346544
-0.349193
-0.351297
-0.352636
-0.353095
-0.352655
-0.351357
-0.349274
-0.346546
-0.343316
-0.339738
-0.336004
-0.33232
-0.328898
-0.32594
-0.323612
-0.322035
-0.321214
-0.321096
-0.321512
-0.322274
-0.32315
-0.323968
-0.324562
-0.324842
-0.324775
-0.324375
-0.323669
-0.322738
-0.321651
-0.320521
-0.319428
-0.318472
-0.31773
-0.317252
-0.317076
-0.317232
-0.317701
-0.318442
-0.319406
-0.320548
-0.321813
-0.323139
-0.324487
-0.325809
-0.327081
-0.328282
-0.329355
-0.330301
-0.331093
-0.331712
-0.332104
-0.332258
-0.332141
-0.331743
-0.331041
-0.330054
-0.328836
-0.327491
-0.32611
-0.32487
-0.323914
-0.323352
-0.323238
-0.323502
-0.324015
-0.324569
-0.324904
-0.324761
-0.323932
-0.322268
-0.319694
-0.316299
-0.312306
-0.308128
-0.304311
-0.301462
-0.300129
-0.300703
-0.303219
-0.307412
-0.31279
-0.318701
-0.324522
-0.329713
-0.333853
-0.336637
-0.337917
-0.337678
-0.336077
-0.333521
-0.330652
-0.328304
-0.327294
-0.3282
-0.33109
-0.335556
-0.340888
-0.346386
-0.351474
-0.355892
-0.359556
-0.362525
-0.364911
-0.366889
-0.368528
-0.369927
-0.371164
-0.372229
-0.373125
-0.373824
-0.374304
-0.374503
-0.374401
-0.373949
-0.373139
-0.371956
-0.370399
-0.368467
-0.36614
-0.363414
-0.360236
-0.356558
-0.352312
-0.347452
-0.341915
-0.335696
-0.32889
-0.321906
-0.315647
-0.311491
-0.310867
-0.314473
-0.321818
-0.331373
-0.34128
-0.350044
-0.356819
-0.361308
-0.36361
-0.364114
-0.363392
-0.362149
-0.361086
-0.360799
-0.361606
-0.363508
-0.36621
-0.369277
-0.372225
-0.374657
-0.376334
-0.377104
-0.3769
-0.375703
-0.373481
-0.370201
-0.365793
-0.360168
-0.35328
-0.345251
-0.336534
-0.328043
-0.321188
-0.317444
-0.317719
-0.321861
-0.328682
-0.336609
-0.3443
-0.35093
-0.356209
-0.36018
-0.363061
-0.365113
-0.366554
-0.367607
-0.368447
-0.369189
-0.369912
-0.370653
-0.371455
-0.372294
-0.373162
-0.374038
-0.374896
-0.375708
-0.376463
-0.37714
-0.377742
-0.378231
-0.378612
-0.378852
-0.378983
-0.37899
-0.378881
-0.378654
-0.378348
-0.377992
-0.377628
-0.377297
-0.376992
-0.376677
-0.376228
-0.375346
-0.373563
-0.370202
-0.364403
-0.355348
-0.342654
-0.327114
-0.311338
-0.299224
-0.293827
-0.295084
-0.300019
-0.305304
-0.309465
-0.313277
-0.318699
-0.327418
-0.33974
-0.35445
-0.369647
-0.383648
-0.395452
-0.404673
-0.411357
-0.415665
-0.417736
-0.417618
-0.415254
-0.410498
-0.403179
-0.393248
-0.38088
-0.366677
-0.35178
-0.337832
-0.326779
-0.320327
-0.319364
-0.323634
-0.331904
-0.342423
-0.353551
-0.364099
-0.373404
-0.381168
-0.38729
-0.391751
-0.39459
-0.395932
-0.395992
-0.395132
-0.393777
-0.392407
-0.391426
-0.391112
-0.391563
-0.392725
-0.394394
-0.396376
-0.398467
-0.400553
-0.402562
-0.404464
-0.406288
-0.408046
-0.409731
-0.411353
-0.412857
-0.414234
-0.415413
-0.416402
-0.417178
-0.417753
-0.41817
-0.418451
-0.418657
-0.418845
-0.419043
-0.419296
-0.419611
-0.419992
-0.420459
-0.421003
-0.421661
-0.422438
-0.423346
-0.424407
-0.425628
-0.426985
-0.428444
-0.429929
-0.431345
-0.432543
-0.433358
-0.433591
-0.432939
-0.431082
-0.427553
-0.421856
-0.413608
-0.402809
-0.390299
-0.378123
-0.369219
-0.366107
-0.369209
-0.376522
-0.38494
-0.391832
-0.395786
-0.39646
-0.394172
-0.389732
-0.384245
-0.379141
-0.375835
-0.375283
-0.377645
-0.382251
-0.387965
-0.393723
-0.398795
-0.402823
-0.405766
-0.407745
-0.408968
-0.409636
-0.409933
-0.409972
-0.409814
-0.409491
-0.408969
-0.408258
-0.407345
-0.406265
-0.405079
-0.40386
-0.402727
-0.40175
-0.401026
-0.400591
-0.400428
-0.400499
-0.400701
-0.400926
-0.401008
-0.400799
-0.400133
-0.398841
-0.396758
-0.393767
-0.389761
-0.384784
-0.379064
-0.373082
-0.367623
-0.363658
-0.362057
-0.363315
-0.367263
-0.373155
-0.379928
-0.386532
-0.39212
-0.396169
-0.398405
-0.398761
-0.397311
-0.394213
-0.38972
-0.384153
-0.37787
-0.371245
-0.364584
-0.358188
-0.352302
-0.347274
-0.343612
-0.341997
-0.343014
-0.346909
-0.353254
-0.361081
-0.369213
-0.376685
-0.38288
-0.387606
-0.390929
-0.393035
-0.394183
-0.394607
-0.394527
-0.394123
-0.393539
-0.392873
-0.392204
-0.391597
-0.391097
-0.390722
-0.390496
-0.390423
-0.390481
-0.390652
-0.390909
-0.391181
-0.391417
-0.391547
-0.391492
-0.391144
-0.390461
-0.389356
-0.387789
-0.385757
-0.383322
-0.380579
-0.3777
-0.374885
-0.372343
-0.370267
-0.368791
-0.367964
-0.367735
-0.367976
-0.368501
-0.369089
-0.369483
-0.369309
-0.368063
-0.365036
-0.359295
-0.349921
-0.336598
-0.320713
-0.306327
-0.299132
-0.302731
-0.315426
-0.331558
-0.345671
-0.35493
-0.35904
-0.359335
-0.358056
-0.357757
-0.360487
-0.366978
-0.376488
-0.387408
-0.398107
-0.407485
-0.41505
-0.420731
-0.424692
-0.427144
-0.42831
-0.428364
-0.427429
-0.425617
-0.422979
-0.419585
-0.415481
-0.410722
-0.405388
-0.399589
-0.393473
-0.387232
-0.381097
-0.37535
-0.370299
-0.366235
-0.363412
-0.361984
-0.361951
-0.363235
-0.365624
-0.368923
-0.372923
-0.377462
-0.382397
-0.387529
-0.392613
-0.397385
-0.401589
-0.405022
-0.40753
-0.40902
-0.40944
-0.408829
-0.407209
-0.404614
-0.401118
-0.396825
-0.39188
-0.386475
-0.380861
-0.375323
-0.370181
-0.365772
-0.362497
-0.360765
-0.360998
-0.363479
-0.368224
-0.374878
-0.382712
-0.390879
-0.398606
-0.405311
-0.410693
-0.414604
-0.41706
-0.418157
-0.418018
-0.416775
-0.414613
-0.41175
-0.408435
-0.404998
-0.401802
-0.399167
-0.397366
-0.396523
-0.396613
-0.397448
-0.398741
-0.400183
-0.401446
-0.402282
-0.402467
-0.401835
-0.400282
-0.397758
-0.394328
-0.39014
-0.385466
-0.380674
-0.376239
-0.372569
-0.369984
-0.368626
-0.36847
-0.369341
-0.371008
-0.37327
-0.376005
-0.379192
-0.382938
-0.387384
-0.392616
-0.398557
-0.40491
-0.411273
-0.417178
-0.422224
-0.426099
-0.428574
-0.429552
-0.428982
-0.426868
-0.423298
-0.418448
-0.412649
-0.406359
-0.400178
-0.394717
-0.39043
-0.387511
-0.385866
-0.385144
-0.384846
-0.384484
-0.383654
-0.382107
-0.379785
-0.376875
-0.373874
-0.371506
-0.370527
-0.371501
-0.374466
-0.378967
-0.384192
-0.389321
-0.393767
-0.397244
-0.399739
-0.401422
-0.402518
-0.403204
-0.403572
-0.40362
-0.403294
-0.402455
-0.40102
-0.398912
-0.39613
-0.392729
-0.388863
-0.384723
-0.380588
-0.376751
-0.373468
-0.37092
-0.369228
-0.368374
-0.368278
-0.368802
-0.369762
-0.370979
-0.372347
-0.373749
-0.375154
-0.376535
-0.37789
-0.379272
-0.380709
-0.38221
-0.383827
-0.385555
-0.387381
-0.389259
-0.391155
-0.393015
-0.394776
-0.396349
-0.397665
-0.398642
-0.399243
-0.399379
-0.399013
-0.398151
-0.396777
-0.394984
-0.392855
-0.390481
-0.387973
-0.385442
-0.382951
-0.380518
-0.378108
-0.375681
-0.37322
-0.370714
-0.368206
-0.365795
-0.363629
-0.361878
-0.360753
-0.360371
-0.360836
-0.362151
-0.364219
-0.366848
-0.369835
-0.372932
-0.375942
-0.378672
-0.380991
-0.382801
-0.384052
-0.384741
-0.384874
-0.384516
-0.383763
-0.38274
-0.381572
-0.380431
-0.37945
-0.378712
-0.37824
-0.377932
-0.377633
-0.377101
-0.376135
-0.374545
-0.372253
-0.369322
-0.365902
-0.362245
-0.358559
-0.354968
-0.351441
-0.347762
-0.343661
-0.338904
-0.333507
-0.327944
-0.323153
-0.320388
-0.320745
-0.324516
-0.331047
-0.338922
-0.346643
-0.353074
-0.357616
-0.360125
-0.360748
-0.359774
-0.357504
-0.354249
-0.35029
-0.345862
-0.341221
-0.336567
-0.332123
-0.328077
-0.324619
-0.321901
-0.320069
-0.319188
-0.319263
-0.320184
-0.321817
-0.323946
-0.326336
-0.328798
-0.331133
-0.33325
-0.335043
-0.33649
-0.337581
-0.33831
-0.338694
-0.338721
-0.338389
-0.337677
-0.336527
-0.334914
-0.332784
-0.330116
-0.326946
-0.32341
-0.319753
-0.316369
-0.313755
-0.312339
-0.312427
-0.314045
-0.316927
-0.320606
-0.324564
-0.328359
-0.331679
-0.334346
-0.336295
-0.337547
-0.338168
-0.338233
-0.337828
-0.337057
-0.336018
-0.334835
-0.333605
-0.332458
-0.331483
-0.330801
-0.330454
-0.330485
-0.330876
-0.331562
-0.332443
-0.333372
-0.334196
-0.334731
-0.334798
-0.334258
-0.333006
-0.331002
-0.328311
-0.325155
-0.32188
-0.318981
-0.317027
-0.316472
-0.317623
-0.320444
-0.324643
-0.329755
-0.335287
-0.340803
-0.346006
-0.350713
-0.354823
-0.358343
-0.361276
-0.363674
-0.365563
-0.367023
-0.368109
-0.368861
-0.369326
-0.369528
-0.369484
-0.369208
-0.368636
-0.367714
-0.366346
-0.364411
-0.361787
-0.358413
-0.354253
-0.349449
-0.344251
-0.339095
-0.334576
-0.331372
-0.330074
-0.331086
-0.334462
-0.33995
-0.346989
-0.354914
-0.363073
-0.370947
-0.378188
-0.38458
-0.390035
-0.394574
-0.398227
-0.401049
-0.403101
-0.404427
-0.405092
-0.405149
-0.404662
-0.403733
-0.402482
-0.401016
-0.399467
-0.397977
-0.396632
-0.395443
-0.394391
-0.393416
-0.392407
-0.391287
-0.390054
-0.388795
-0.387673
-0.386911
-0.386662
-0.386997
-0.387786
-0.388759
-0.389576
-0.389895
-0.389494
-0.388303
-0.386411
-0.384131
-0.381898
-0.38019
-0.379415
-0.379724
-0.381026
-0.382986
-0.385191
-0.387302
-0.38921
-0.39106
-0.393162
-0.395842
-0.39926
-0.403371
-0.407911
-0.412544
-0.416955
-0.420964
-0.424481
-0.427503
-0.430039
-0.432105
-0.43373
-0.434956
-0.435856
-0.436508
-0.437019
-0.437478
-0.437935
-0.438346
-0.438582
-0.438503
-0.437897
-0.436617
-0.434596
-0.431851
-0.428557
-0.424919
-0.421205
-0.417678
-0.414518
-0.411852
-0.409695
-0.408052
-0.406919
-0.406354
-0.406466
-0.407401
-0.409309
-0.41221
-0.415984
-0.420388
-0.425073
-0.429702
-0.433936
-0.437551
-0.440392
-0.442363
-0.443437
-0.443594
-0.442861
-0.441298
-0.43898
-0.436008
-0.432559
-0.428831
-0.42508
-0.421554
-0.418466
-0.415978
-0.41414
-0.412901
-0.412104
-0.411556
-0.411026
-0.410305
-0.409187
-0.407489
-0.405093
-0.401923
-0.397985
-0.393385
-0.388344
-0.383229
-0.378508
-0.374728
-0.372394
-0.371864
-0.373256
-0.376408
-0.380921
-0.386258
-0.391899
-0.397366
-0.402374
-0.406732
-0.410369
-0.413309
-0.415616
-0.417373
-0.418699
-0.41967
-0.420367
-0.420876
-0.421224
-0.421434
-0.421486
-0.421308
-0.420834
-0.419908
-0.41834
-0.415943
-0.41257
-0.408176
-0.403029
-0.39777
-0.393444
-0.391227
-0.391966
-0.395749
-0.401798
-0.408857
-0.415668
-0.421319
-0.425326
-0.427532
-0.428017
-0.426973
-0.424643
-0.421386
-0.417609
-0.413809
-0.410526
-0.408215
-0.40722
-0.407624
-0.409291
-0.411873
-0.414887
-0.417819
-0.420166
-0.421508
-0.421476
-0.419806
-0.416318
-0.410983
-0.40402
-0.39596
-0.387713
-0.380471
-0.375433
-0.373521
-0.375061
-0.379715
-0.386597
-0.394501
-0.402203
-0.408668
-0.413235
-0.415693
-0.416238
-0.415383
-0.413852
-0.412338
-0.411397
-0.411383
-0.412392
-0.414343
-0.417063
-0.420354
-0.424047
-0.427943
-0.431852
-0.43556
-0.438859
-0.441565
-0.44352
-0.44463
-0.444878
-0.444358
-0.443273
-0.441918
-0.44064
-0.439789
-0.439636
-0.440277
-0.44168
-0.443661
-0.445984
-0.448422
-0.450814
-0.453047
-0.455064
-0.45684
-0.458387
-0.459711
-0.460835
-0.461795
-0.462586
-0.463218
-0.463711
-0.464031
-0.464171
-0.46411
-0.463813
-0.463235
-0.462364
-0.461147
-0.459568
-0.457624
-0.455346
-0.45277
-0.449996
-0.447127
-0.444304
-0.441708
-0.439481
-0.437791
-0.436787
-0.436577
-0.437218
-0.438654
-0.440741
-0.44321
-0.445744
-0.44803
-0.449823
-0.450931
-0.451303
-0.450955
-0.450004
-0.44859
-0.446907
-0.445106
-0.443313
-0.441583
-0.439845
-0.437977
-0.435803
-0.433201
-0.430195
-0.427044
-0.424235
-0.422344
-0.421894
-0.423147
-0.426008
-0.43006
-0.434765
-0.439553
-0.443996
-0.447788
-0.450745
-0.452807
-0.453975
-0.454288
-0.453857
-0.452837
-0.45139
-0.449722
-0.448058
-0.446601
-0.445552
-0.445044
-0.445134
-0.445813
-0.446975
-0.448493
-0.450146
-0.451745
-0.453071
-0.453967
-0.454274
-0.453903
-0.452773
-0.450888
-0.448292
-0.445047
-0.441313
-0.437289
-0.43321
-0.429355
-0.426044
-0.423535
-0.422068
-0.421723
-0.42252
-0.424311
-0.426881
-0.429992
-0.433388
-0.436871
-0.44025
-0.443422
-0.446283
-0.448756
-0.45077
-0.45228
-0.453286
-0.453784
-0.453816
-0.453439
-0.452742
-0.451808
-0.450745
-0.44961
-0.448451
-0.447277
-0.446059
-0.44475
-0.44329
-0.441592
-0.439573
-0.437185
-0.434396
-0.431229
-0.427784
-0.424222
-0.420788
-0.417804
-0.415544
-0.414273
-0.414128
-0.415084
-0.41695
-0.419412
-0.42213
-0.424752
-0.427013
-0.428695
-0.429707
-0.430029
-0.429678
-0.428739
-0.427281
-0.425452
-0.423319
-0.421006
-0.418592
-0.416193
-0.413878
-0.411762
-0.40992
-0.40846
-0.407468
-0.40698
-0.406973
-0.407384
-0.408049
-0.408792
-0.409382
-0.409625
-0.409365
-0.408519
-0.407053
-0.405041
-0.402603
-0.399903
-0.397138
-0.394491
-0.392082
-0.390033
-0.38834
-0.38698
-0.385876
-0.384929
-0.38407
-0.38323
-0.382371
-0.381504
-0.380657
-0.379897
-0.379268
-0.378821
-0.378591
-0.378561
-0.37874
-0.379075
-0.379531
-0.380079
-0.3807
-0.381411
-0.382255
-0.383275
-0.384517
-0.386039
-0.387822
-0.389804
-0.391868
-0.393866
-0.395584
-0.396853
-0.397476
-0.397312
-0.396305
-0.394401
-0.391722
-0.3884
-0.384654
-0.380728
-0.376807
-0.373001
-0.369351
-0.365831
-0.362448
-0.35929
-0.356596
-0.354732
-0.35404
-0.354714
-0.356684
-0.359611
-0.363043
-0.366536
-0.369811
-0.372776
-0.375485
-0.378027
-0.380515
-0.382989
-0.385422
-0.387743
-0.389866
-0.3917
-0.393172
-0.394242
-0.394919
-0.395223
-0.395208
-0.394952
-0.394551
-0.394082
-0.393626
-0.393286
-0.393065
-0.393007
-0.39311
-0.393319
-0.393588
-0.393853
-0.394039
-0.394094
-0.393964
-0.393641
-0.393125
-0.39245
-0.391646
-0.390772
-0.389848
-0.38892
-0.387979
-0.386977
-0.385847
-0.38447
-0.38277
-0.380666
-0.378202
-0.375586
-0.373205
-0.37156
-0.37116
-0.372347
-0.375116
-0.379097
-0.383713
-0.388315
-0.392389
-0.395617
-0.397856
-0.399121
-0.399535
-0.39926
-0.398506
-0.397507
-0.396478
-0.395634
-0.395128
-0.395075
-0.395543
-0.396498
-0.397891
-0.399551
-0.401297
-0.402919
-0.40419
-0.404951
-0.405103
-0.404646
-0.403727
-0.402628
-0.401699
-0.401345
-0.401839
-0.403248
-0.405423
-0.408071
-0.410856
-0.413466
-0.415699
-0.417476
-0.418824
-0.419805
-0.420531
-0.421099
-0.421586
-0.422032
-0.422449
-0.42283
-0.423145
-0.423387
-0.423545
-0.42365
-0.423728
-0.42386
-0.424087
-0.424413
-0.424813
-0.425209
-0.42552
-0.425657
-0.42554
-0.425106
-0.424334
-0.423248
-0.421899
-0.420378
-0.418799
-0.417295
-0.415981
-0.414949
-0.414258
-0.413917
-0.413899
-0.414144
-0.414577
-0.41512
-0.415695
-0.416238
-0.416679
-0.417012
-0.417224
-0.417303
-0.417275
-0.417161
-0.416991
-0.416785
-0.416553
-0.416312
-0.416057
-0.415768
-0.415414
-0.414963
-0.414373
-0.413606
-0.412653
-0.411469
-0.410049
-0.408359
-0.406413
-0.404181
-0.401651
-0.39881
-0.395644
-0.392202
-0.388511
-0.384649
-0.380773
-0.377103
-0.373974
-0.37185
-0.371235
-0.372629
-0.376296
-0.382163
-0.389758
-0.39833
-0.40706
-0.415204
-0.422223
-0.427743
-0.431575
-0.433653
-0.433997
-0.432742
-0.430163
-0.426709
-0.42302
-0.419806
-0.417744
-0.417258
-0.418424
-0.420898
-0.424175
-0.427614
-0.430712
-0.433056
-0.434424
-0.434694
-0.433871
-0.432047
-0.429383
-0.426103
-0.422451
-0.418641
-0.414827
-0.411129
-0.40769
-0.404793
-0.402954
-0.402827
-0.404957
-0.409458
-0.415856
-0.423247
-0.430719
-0.437488
-0.443102
-0.447335
-0.450125
-0.451491
-0.451526
-0.450381
-0.448258
-0.445407
-0.442122
-0.438716
-0.435477
-0.432647
-0.430443
-0.428952
-0.428211
-0.428109
-0.428495
-0.429094
-0.429625
-0.429813
-0.429445
-0.428421
-0.426765
-0.424607
-0.422199
-0.4198
-0.41769
-0.416068
-0.415047
-0.414671
-0.414867
-0.415536
-0.416588
-0.417899
-0.419429
-0.421137
-0.423038
-0.425106
-0.427333
-0.429675
-0.432064
-0.434404
-0.436594
-0.438517
-0.44005
-0.441087
-0.441503
-0.441173
-0.439968
-0.4377
-0.434233
-0.429396
-0.42307
-0.41525
-0.406138
-0.396137
-0.385862
-0.375931
-0.366695
-0.358224
-0.350462
-0.34374
-0.338972
-0.337431
-0.340114
-0.347213
-0.358025
-0.371302
-0.385565
-0.399421
-0.411803
-0.422085
-0.430012
-0.435606
-0.439009
-0.440357
-0.439764
-0.437221
-0.432666
-0.426022
-0.417386
-0.407242
-0.396706
-0.387568
-0.381787
-0.38063
-0.383949
-0.390291
-0.397741
-0.40477
-0.410582
-0.415011
-0.418207
-0.420463
-0.422029
-0.423108
-0.423796
-0.424148
-0.42419
-0.423952
-0.423472
-0.422816
-0.422087
-0.421358
-0.420714
-0.420246
-0.419978
-0.419921
-0.420032
-0.420255
-0.420521
-0.42074
-0.420863
-0.420853
-0.420663
-0.420337
-0.419899
-0.4194
-0.418925
-0.418569
-0.418409
-0.418534
-0.419015
-0.419884
-0.421134
-0.422728
-0.424583
-0.426624
-0.428767
-0.430943
-0.433082
-0.435154
-0.437115
-0.438962
-0.44064
-0.442148
-0.443441
-0.444486
-0.445236
-0.44567
-0.445756
-0.445457
-0.444738
-0.443581
-0.441973
-0.439937
-0.43751
-0.434748
-0.431764
-0.428697
-0.425679
-0.422813
-0.420105
-0.417432
-0.414589
-0.411305
-0.407388
-0.402848
-0.397991
-0.393448
-0.390033
-0.388473
-0.389155
-0.391951
-0.396341
-0.401649
-0.407257
-0.412677
-0.417599
-0.421809
-0.425189
-0.427629
-0.429092
-0.429567
-0.429102
-0.427837
-0.425994
-0.423851
-0.421747
-0.419988
-0.418819
-0.41836
-0.418568
-0.419273
-0.420245
-0.421239
-0.422056
-0.422543
-0.422644
-0.422339
-0.421704
-0.420802
-0.419766
-0.418705
-0.417702
-0.41683
-0.41612
-0.415552
-0.41507
-0.414628
-0.414112
-0.413443
-0.412531
-0.411306
-0.40966
-0.407564
-0.404965
-0.401869
-0.39833
-0.39449
-0.390576
-0.386888
-0.38378
-0.38154
-0.380293
-0.380003
-0.380449
-0.381345
-0.382428
-0.383506
-0.38449
-0.385397
-0.386268
-0.387176
-0.388149
-0.389255
-0.390451
-0.39169
-0.392919
-0.394079
-0.395136
-0.396052
-0.396826
-0.397447
-0.397921
-0.398255
-0.398455
-0.398502
-0.398428
-0.398215
-0.397874
-0.397389
-0.39677
-0.396026
-0.39518
-0.39425
-0.393252
-0.392232
-0.391192
-0.390165
-0.389169
-0.3882
-0.387255
-0.386322
-0.385373
-0.384404
-0.383381
-0.382301
-0.381164
-0.380002
-0.37885
-0.377772
-0.376856
-0.376206
-0.375923
-0.376128
-0.376881
-0.3782
-0.380028
-0.382218
-0.384591
-0.386941
-0.389086
-0.390945
-0.392501
-0.393812
-0.394975
-0.396075
-0.397158
-0.398158
-0.39899
-0.399504
-0.399527
-0.398921
-0.397562
-0.395383
-0.392368
-0.388551
-0.384014
-0.378912
-0.373452
-0.367917
-0.362638
-0.358007
-0.3544
-0.352171
-0.351535
-0.352537
-0.355047
-0.358814
-0.363499
-0.368764
-0.374294
-0.379828
-0.385146
-0.390063
-0.394444
-0.398127
-0.400988
-0.402839
-0.403453
-0.402557
-0.399816
-0.394804
-0.387125
-0.376507
-0.36299
-0.347197
-0.330511
-0.315058
-0.303315
-0.297397
-0.298388
-0.305963
-0.318512
-0.333732
-0.349247
-0.363221
-0.374641
-0.383143
-0.388875
-0.392186
-0.393513
-0.393235
-0.391683
-0.389103
-0.385701
-0.381645
-0.377085
-0.372217
-0.367251
-0.362433
-0.358041
-0.354394
-0.351776
-0.350401
-0.3504
-0.351754
-0.354316
-0.357851
-0.362036
-0.366551
-0.371043
-0.375283
-0.379048
-0.382208
-0.384649
-0.386316
-0.387162
-0.387178
-0.386332
-0.384655
-0.382158
-0.378957
-0.375208
-0.371191
-0.367291
-0.363996
-0.361797
-0.361084
-0.362045
-0.364578
-0.368277
-0.372575
-0.376843
-0.380574
-0.383425
-0.385234
-0.386025
-0.385938
-0.385233
-0.384197
-0.383119
-0.382246
-0.381737
-0.381664
-0.381987
-0.382619
-0.383404
-0.384211
-0.384879
-0.385269
-0.385277
-0.38484
-0.383955
-0.38269
-0.38124
-0.379843
-0.378787
-0.37836
-0.37879
-0.380216
-0.38263
-0.38591
-0.389826
-0.394129
-0.398554
-0.402864
-0.406897
-0.410539
-0.413767
-0.416542
-0.418893
-0.420852
-0.422446
-0.423692
-0.424594
-0.425152
-0.425303
-0.424987
-0.424112
-0.42257
-0.420234
-0.417037
-0.41297
-0.408183
-0.403002
-0.397934
-0.393669
-0.390842
-0.389916
-0.390987
-0.393768
-0.397681
-0.402029
-0.406183
-0.409681
-0.412239
-0.41378
-0.41435
-0.41405
-0.413093
-0.411697
-0.41008
-0.408507
-0.407237
-0.406559
-0.40674
-0.408002
-0.410431
-0.413942
-0.418206
-0.42273
-0.426864
-0.42988
-0.431037
-0.42963
-0.425097
-0.417186
-0.406282
-0.393731
-0.382034
-0.374141
-0.372157
-0.376155
-0.384319
-0.394309
-0.404333
-0.413461
-0.42145
-0.428438
-0.434742
-0.440715
-0.446569
-0.452295
-0.457629
-0.462111
-0.465211
-0.466429
-0.465426
-0.462118
-0.456776
-0.449969
-0.442512
-0.43524
-0.428775
-0.423354
-0.418946
-0.415333
-0.412352
-0.409914
-0.408074
-0.406985
-0.406868
-0.407962
-0.41039
-0.414149
-0.419066
-0.424828
-0.431049
-0.437335
-0.443294
-0.448641
-0.45317
-0.45677
-0.459385
-0.46105
-0.461803
-0.461743
-0.46097
-0.45958
-0.457703
-0.455532
-0.453276
-0.451225
-0.449671
-0.448857
-0.448904
-0.449738
-0.451086
-0.452543
-0.45363
-0.453882
-0.452893
-0.450498
-0.446727
-0.441884
-0.43658
-0.431612
-0.427873
-0.426023
-0.426297
-0.428434
-0.431712
-0.435272
-0.438368
-0.440506
-0.441602
-0.441786
-0.441363
-0.440588
-0.439584
-0.438244
-0.43631
-0.433376
-0.429011
-0.422845
-0.414722
-0.404787
-0.393752
-0.382892
-0.373847
-0.368104
-0.366371
-0.368331
-0.373011
-0.379409
-0.386886
-0.395106
-0.403807
-0.412616
-0.421082
-0.428776
-0.435396
-0.440797
-0.445001
-0.448139
-0.450375
-0.451889
-0.452843
-0.453367
-0.453567
-0.453544
-0.453317
-0.452914
-0.452324
-0.451541
-0.45052
-0.449205
-0.447554
-0.445483
-0.442963
-0.439922
-0.436382
-0.432367
-0.428004
-0.423511
-0.419155
-0.415273
-0.412147
-0.409979
-0.408819
-0.408542
-0.408926
-0.409667
-0.410467
-0.41105
-0.411193
-0.410684
-0.40933
-0.406907
-0.403196
-0.398034
-0.391505
-0.384251
-0.377666
-0.373648
-0.373665
-0.377717
-0.384204
-0.390876
-0.396059
-0.399089
-0.400193
-0.399988
-0.399074
-0.397817
-0.396284
-0.394435
-0.392278
-0.389893
-0.387456
-0.385163
-0.383147
-0.381428
-0.379953
-0.378614
-0.377354
-0.376236
-0.375428
-0.375218
-0.375898
-0.37763
-0.380452
-0.384218
-0.388678
-0.393578
-0.398635
-0.403602
-0.408254
-0.412381
-0.415778
-0.418327
-0.419943
-0.420586
-0.420283
-0.419089
-0.417067
-0.414307
-0.410919
-0.407013
-0.402717
-0.398182
-0.393574
-0.389058
-0.384794
-0.38094
-0.377634
-0.374996
-0.373104
-0.372009
-0.371733
-0.372232
-0.37341
-0.375069
-0.376974
-0.378855
-0.380432
-0.381486
-0.381843
-0.381389
-0.380088
-0.377963
-0.375134
-0.37182
-0.368331
-0.365056
-0.362409
-0.360736
-0.360199
-0.360775
-0.362263
-0.364318
-0.3666
-0.36883
-0.370783
-0.372388
-0.373584
-0.37439
-0.37485
-0.375015
-0.374931
-0.374656
-0.374226
-0.373662
-0.373
-0.372285
-0.371524
-0.370774
-0.370063
-0.369448
-0.368984
-0.368717
-0.368708
-0.369008
-0.369654
-0.370642
-0.371974
-0.373641
-0.375596
-0.377812
-0.380222
-0.382775
-0.38541
-0.388065
-0.390679
-0.393192
-0.395526
-0.397603
-0.399306
-0.400531
-0.401141
-0.400977
-0.399864
-0.397634
-0.394156
-0.389361
-0.38334
-0.376344
-0.368861
-0.361574
-0.355282
-0.350716
-0.348433
-0.348663
-0.351319
-0.356017
-0.362111
-0.368744
-0.375002
-0.38001
-0.383085
-0.383799
-0.382094
-0.378277
-0.373072
-0.367542
-0.362878
-0.3601
-0.359638
-0.361294
-0.364412
-0.368241
-0.372229
-0.37612
-0.379844
-0.383324
-0.386494
-0.389197
-0.391278
-0.392672
-0.393398
-0.393621
-0.393534
-0.393366
-0.393252
-0.393214
-0.393146
-0.392848
-0.392082
-0.390693
-0.388678
-0.386193
-0.383585
-0.381274
-0.379703
-0.379171
-0.379829
-0.38163
-0.384339
-0.387618
-0.391042
-0.394211
-0.396781
-0.398525
-0.399382
-0.399425
-0.398875
-0.39801
-0.397142
-0.396558
-0.396419
-0.39676
-0.397476
-0.398373
-0.399178
-0.399614
-0.39944
-0.398457
-0.396543
-0.393647
-0.38983
-0.385286
-0.380425
-0.375779
-0.372005
-0.369749
-0.369415
-0.371083
-0.374436
-0.378918
-0.383919
-0.388871
-0.393418
-0.397355
-0.400591
-0.403113
-0.40495
-0.406141
-0.406741
-0.406777
-0.406307
-0.405351
-0.403947
-0.402156
-0.400044
-0.397689
-0.395176
-0.39264
-0.390181
-0.38794
-0.386002
-0.384418
-0.3832
-0.382314
-0.381637
-0.381032
-0.380379
-0.379591
-0.378697
-0.377873
-0.377447
-0.377802
-0.379302
-0.382107
-0.386111
-0.390943
-0.396113
-0.401156
-0.405725
-0.409584
-0.412634
-0.414825
-0.416103
-0.416402
-0.415619
-0.413619
-0.41022
-0.405295
-0.398723
-0.390496
-0.380808
-0.370127
-0.359299
-0.349543
-0.342267
-0.338673
-0.33931
-0.343756
-0.350779
-0.35884
-0.3666
-0.373209
-0.378381
-0.382225
-0.385057
-0.387261
-0.389181
-0.391053
-0.393092
-0.39551
-0.398536
-0.402297
-0.406801
-0.411881
-0.417186
-0.422304
-0.426877
-0.430609
-0.433314
-0.434879
-0.435286
-0.434548
-0.432769
-0.430149
-0.427038
-0.423868
-0.421142
-0.41921
-0.418142
-0.417695
-0.41734
-0.416502
-0.414814
-0.412268
-0.409271
-0.406587
-0.405078
-0.405335
-0.407474
-0.411067
-0.415364
-0.419584
-0.423186
-0.425868
-0.427611
-0.428559
-0.428966
-0.429111
-0.429231
-0.429466
-0.429799
-0.430051
-0.429926
-0.429081
-0.427224
-0.424238
-0.420226
-0.415495
-0.410415
-0.405268
-0.40015
-0.395029
-0.389912
-0.385065
-0.381077
-0.378801
-0.379126
-0.382608
-0.389247
-0.398467
-0.409292
-0.420644
-0.431572
-0.441383
-0.449657
-0.456243
-0.461172
-0.464599
-0.466711
-0.467745
-0.467906
-0.46738
-0.466321
-0.464869
-0.463126
-0.461158
-0.459038
-0.456813
-0.454531
-0.452244
-0.44998
-0.447778
-0.445657
-0.443639
-0.441693
-0.439793
-0.437864
-0.435821
-0.433549
-0.43095
-0.427925
-0.424406
-0.420385
-0.415913
-0.411101
-0.406152
-0.401326
-0.396912
-0.393205
-0.390457
-0.388807
-0.388305
-0.388862
-0.390345
-0.392536
-0.395208
-0.398144
-0.401164
-0.404092
-0.40677
-0.409037
-0.410745
-0.411769
-0.412035
-0.411528
-0.410324
-0.408631
-0.40673
-0.404915
-0.403461
-0.40254
-0.402236
-0.402506
-0.403237
-0.404275
-0.405432
-0.406543
-0.407474
-0.408124
-0.408413
-0.408358
-0.407968
-0.407305
-0.406486
-0.405615
-0.40478
-0.404083
-0.40359
-0.403326
-0.403224
-0.403232
-0.403226
-0.403022
-0.402456
-0.401333
-0.399481
-0.396731
-0.392958
-0.388132
-0.382362
-0.375931
-0.369329
-0.363213
-0.358211
-0.354809
-0.353079
-0.352713
-0.353112
-0.353648
-0.353928
-0.353806
-0.353416
-0.353054
-0.353022
-0.353504
-0.35451
-0.355882
-0.357381
-0.358771
-0.359872
-0.36065
-0.361131
-0.361412
-0.361665
-0.362022
-0.36261
-0.363481
-0.364634
-0.366019
-0.367528
-0.369044
-0.370464
-0.371666
-0.372566
-0.373114
-0.373233
-0.372892
-0.372053
-0.370653
-0.368657
-0.366006
-0.362661
-0.358614
-0.353929
-0.348768
-0.34342
-0.338335
-0.334132
-0.331474
-0.330926
-0.33273
-0.336726
-0.342386
-0.348983
-0.355769
-0.362145
-0.367746
-0.372388
-0.376003
-0.378645
-0.38034
-0.381175
-0.381191
-0.380417
-0.378885
-0.376658
-0.373839
-0.370634
-0.367359
-0.364408
-0.362255
-0.361275
-0.361711
-0.36353
-0.366493
-0.370185
-0.374197
-0.378146
-0.381809
-0.385017
-0.387745
-0.390004
-0.391842
-0.393352
-0.394666
-0.395933
-0.397338
-0.399053
-0.401176
-0.403703
-0.40643
-0.40904
-0.411055
-0.411931
-0.411094
-0.408029
-0.402348
-0.393861
-0.382845
-0.370213
-0.357709
-0.347672
-0.34248
-0.343539
-0.350646
-0.362103
-0.375582
-0.389038
-0.401131
-0.411255
-0.419319
-0.425487
-0.430028
-0.433243
-0.435397
-0.436749
-0.437529
-0.437915
-0.438072
-0.438077
-0.437954
-0.437683
-0.43723
-0.436583
-0.435841
-0.435184
-0.434916
-0.435338
-0.436701
-0.439037
-0.442208
-0.445868
-0.449639
-0.45314
-0.45609
-0.458296
-0.459679
-0.460236
-0.459968
-0.458967
-0.457294
-0.455071
-0.452409
-0.449458
-0.446349
-0.443244
-0.440358
-0.437897
-0.436064
-0.434979
-0.43465
-0.434864
-0.435261
-0.435401
-0.434888
-0.433459
-0.431073
-0.427937
-0.424498
-0.421362
-0.419182
-0.418454
-0.419443
-0.422054
-0.425894
-0.430414
-0.435028
-0.439259
-0.44277
-0.445385
-0.447052
-0.447829
-0.447819
-0.447167
-0.445995
-0.444463
-0.44269
-0.440766
-0.438789
-0.436824
-0.434942
-0.433204
-0.431633
-0.430248
-0.42902
-0.427925
-0.426925
-0.425988
-0.425111
-0.424362
-0.423798
-0.423505
-0.423539
-0.423927
-0.42462
-0.425544
-0.42655
-0.427537
-0.428361
-0.428918
-0.429155
-0.429036
-0.428532
-0.427671
-0.426476
-0.424997
-0.42328
-0.421372
-0.419333
-0.417215
-0.415077
-0.412977
-0.41095
-0.409054
-0.407335
-0.405796
-0.40441
-0.403133
-0.401862
-0.40043
-0.398621
-0.396162
-0.392719
-0.387966
-0.381686
-0.373939
-0.365308
-0.35706
-0.350947
-0.348545
-0.35036
-0.355534
-0.362295
-0.368806
-0.373854
-0.376934
-0.3781
-0.377749
-0.376478
-0.374926
-0.373663
-0.373133
-0.373578
-0.374979
-0.377136
-0.379759
-0.382535
-0.385222
-0.38762
-0.389648
-0.391273
-0.39249
-0.393332
-0.393826
-0.393998
-0.393877
-0.393469
-0.392785
-0.391822
-0.390562
-0.388984
-0.387112
-0.384957
-0.382563
-0.380035
-0.377517
-0.375183
-0.373218
-0.371817
-0.371064
-0.370943
-0.37132
-0.371945
-0.372499
-0.372615
-0.371894
-0.36997
-0.366549
-0.361521
-0.355121
-0.348161
-0.342073
-0.338619
-0.339127
-0.343791
-0.351468
-0.360356
-0.368766
-0.375609
-0.380442
-0.383244
-0.384253
-0.383783
-0.38218
-0.379792
-0.376938
-0.373982
-0.37121
-0.368912
-0.367278
-0.366405
-0.366292
-0.366854
-0.367915
-0.369322
-0.370915
-0.372543
-0.374125
-0.375605
-0.376936
-0.378112
-0.379157
-0.380079
-0.380891
-0.381641
-0.382328
-0.382953
-0.383539
-0.384082
-0.384587
-0.385024
-0.385373
-0.385606
-0.385676
-0.385544
-0.385196
-0.384583
-0.383687
-0.382516
-0.38108
-0.379394
-0.377507
-0.375458
-0.373313
-0.371112
-0.368951
-0.366948
-0.365289
-0.364141
-0.363633
-0.363695
-0.364038
-0.364155
-0.363435
-0.361226
-0.357089
-0.350939
-0.343246
-0.335173
-0.328508
-0.325084
-0.326052
-0.331214
-0.339269
-0.348458
-0.357364
-0.365144
-0.371517
-0.376559
-0.380477
-0.383519
-0.385884
-0.387738
-0.389172
-0.390255
-0.391049
-0.391586
-0.391889
-0.39199
-0.39191
-0.39168
-0.391333
-0.390903
-0.390418
-0.389917
-0.389422
-0.388952
-0.388522
-0.388148
-0.387838
-0.387576
-0.387323
-0.387064
-0.386751
-0.386358
-0.385837
-0.385169
-0.384325
-0.383329
-0.382246
-0.381106
-0.380032
-0.379113
-0.378481
-0.378227
-0.378401
-0.379025
-0.380083
-0.381539
-0.383303
-0.385286
-0.38741
-0.389571
-0.391732
-0.393833
-0.395824
-0.397672
-0.399362
-0.400841
-0.402109
-0.403143
-0.403917
-0.404421
-0.404623
-0.404533
-0.404129
-0.40348
-0.402623
-0.401638
-0.400618
-0.399628
-0.398744
-0.397981
-0.397311
-0.396679
-0.396058
-0.395441
-0.394882
-0.394502
-0.394468
-0.394958
-0.39606
-0.397807
-0.400039
-0.402508
-0.4048
-0.406327
-0.406387
-0.404151
-0.398771
-0.389774
-0.377719
-0.364895
-0.35527
-0.3527
-0.358141
-0.368924
-0.380903
-0.391042
-0.398222
-0.402687
-0.405186
-0.406371
-0.406632
-0.406103
-0.404822
-0.40287
-0.400389
-0.397622
-0.39487
-0.392425
-0.390613
-0.389676
-0.389843
-0.39124
-0.393855
-0.397587
-0.402192
-0.407352
-0.412732
-0.418017
-0.422962
-0.427426
-0.431308
-0.434554
-0.437173
-0.439175
-0.440606
-0.441482
-0.441858
-0.441744
-0.441174
-0.440168
-0.438743
-0.436894
-0.434635
-0.431957
-0.428884
-0.425424
-0.421636
-0.417577
-0.413327
-0.409007
-0.404723
-0.400555
-0.39658
-0.392842
-0.389372
-0.386251
-0.383591
-0.381565
-0.380359
-0.38017
-0.381124
-0.383281
-0.386589
-0.390873
-0.395862
-0.401233
-0.406665
-0.411851
-0.416587
-0.420701
-0.424111
-0.426806
-0.428828
-0.430196
-0.430997
-0.4313
-0.43118
-0.430702
-0.429915
-0.428878
-0.427635
-0.426229
-0.424682
-0.423018
-0.421289
-0.419508
-0.417692
-0.415898
-0.414142
-0.412451
-0.410866
-0.409411
-0.408097
-0.406925
-0.405878
-0.404914
-0.403979
-0.403016
-0.401935
-0.400657
-0.399112
-0.397258
-0.395066
-0.392544
-0.389723
-0.386707
-0.383619
-0.380597
-0.377793
-0.375323
-0.373253
-0.371568
-0.370268
-0.369277
-0.36856
-0.368082
-0.367899
-0.368117
-0.368876
-0.370327
-0.372549
-0.375513
-0.37905
-0.382895
-0.386704
-0.390084
-0.392652
-0.394106
-0.394175
-0.392721
-0.389744
-0.385425
-0.38015
-0.374592
-0.369576
-0.366068
-0.364869
-0.366389
-0.370452
-0.37638
-0.383171
-0.389863
-0.395712
-0.40028
-0.403414
-0.405096
-0.405393
-0.404387
-0.402117
-0.398559
-0.393693
-0.387524
-0.380162
-0.371939
-0.363447
-0.355479
-0.348907
-0.344333
-0.341931
-0.341437
-0.342332
-0.344153
-0.34659
-0.34951
-0.352866
-0.356621
-0.360675
-0.364904
-0.369152
-0.373304
-0.377278
-0.381047
-0.384596
-0.387937
-0.391078
-0.39402
-0.396766
-0.399347
-0.4017
-0.403858
-0.405763
-0.407419
-0.408824
-0.409979
-0.410887
-0.411552
-0.411981
-0.412179
-0.412179
-0.411971
-0.411596
-0.411071
-0.410422
-0.409711
-0.408983
-0.408283
-0.407661
-0.407165
-0.4068
-0.406538
-0.406326
-0.406052
-0.405606
-0.404831
-0.403592
-0.401827
-0.39949
-0.396642
-0.393425
-0.390078
-0.386875
-0.384079
-0.381848
-0.380188
-0.378954
-0.377817
-0.376473
-0.374715
-0.372645
-0.370685
-0.369603
-0.370171
-0.372876
-0.377637
-0.383893
-0.390797
-0.397618
-0.403857
-0.409314
-0.414001
-0.417996
-0.42144
-0.424428
-0.427049
-0.429351
-0.431348
-0.433034
-0.434398
-0.435401
-0.436016
-0.436164
-0.4358
-0.434899
-0.433444
-0.431435
-0.428946
-0.426066
-0.422917
-0.419676
-0.416512
-0.413619
-0.41117
-0.409297
-0.408083
-0.407485
-0.407374
-0.407516
-0.407641
-0.407454
-0.406763
-0.405505
-0.403794
-0.401967
-0.40054
-0.400083
-0.401041
-0.403524
-0.407274
-0.411692
-0.416029
-0.419518
-0.421514
-0.421553
-0.419417
-0.415218
-0.409493
-0.403181
-0.397444
-0.393245
-0.390999
-0.390433
-0.390955
-0.392044
-0.393539
-0.395599
-0.398505
-0.402379
-0.407125
-0.412414
-0.417828
-0.422942
-0.427453
-0.431192
-0.43412
-0.436319
-0.437921
-0.439061
-0.439841
-0.44035
-0.440599
-0.440587
-0.440294
-0.439705
-0.438805
-0.437623
-0.436204
-0.434657
-0.433102
-0.431692
-0.430566
-0.429849
-0.429619
-0.429939
-0.430787
-0.432108
-0.433824
-0.435821
-0.437964
-0.440117
-0.442145
-0.443931
-0.445383
-0.446415
-0.446982
-0.447113
-0.446897
-0.44643
-0.445891
-0.445482
-0.445397
-0.445807
-0.446768
-0.448239
-0.450094
-0.452104
-0.453989
-0.455451
-0.456219
-0.456108
-0.455003
-0.452902
-0.449937
-0.446383
-0.442625
-0.439068
-0.436131
-0.434132
-0.433212
-0.433369
-0.43441
-0.436122
-0.438255
-0.440597
-0.442979
-0.445268
-0.447378
-0.44924
-0.450825
-0.452095
-0.453055
-0.453735
-0.454204
-0.454532
-0.454804
-0.455109
-0.455524
-0.456113
-0.456894
-0.457861
-0.458983
-0.460192
-0.461431
-0.462635
-0.463756
-0.46474
-0.465555
-0.466185
-0.466611
-0.466812
-0.466777
-0.466442
-0.46582
-0.464856
-0.463511
-0.461765
-0.459651
-0.457189
-0.454475
-0.451655
-0.448918
-0.446459
-0.444388
-0.442739
-0.441332
-0.439904
-0.438101
-0.43561
-0.432207
-0.427853
-0.422724
-0.417122
-0.411516
-0.406421
-0.402321
-0.399665
-0.398757
-0.39974
-0.402506
-0.406714
-0.411822
-0.417245
-0.422487
-0.427165
-0.430988
-0.433729
-0.435197
-0.435154
-0.433367
-0.429512
-0.423219
-0.414209
-0.402591
-0.389478
-0.377469
-0.370268
-0.370872
-0.379409
-0.39301
-0.407752
-0.42075
-0.430715
-0.437596
-0.441934
-0.444388
-0.445573
-0.445968
-0.445852
-0.445359
-0.444501
-0.443201
-0.441369
-0.438969
-0.436048
-0.432742
-0.42921
-0.425626
-0.422016
-0.418213
-0.413835
-0.408374
-0.401305
-0.392283
-0.381339
-0.369005
-0.356383
-0.345008
-0.336582
-0.33259
-0.333839
-0.340148
-0.350347
-0.362598
-0.375053
-0.386309
-0.395673
-0.402991
-0.408498
-0.412545
-0.415509
-0.417675
-0.419245
-0.420335
-0.42101
-0.421324
-0.42136
-0.421216
-0.421032
-0.420954
-0.421109
-0.421581
-0.422353
-0.423393
-0.424595
-0.425843
-0.427015
-0.427992
-0.428704
-0.429105
-0.42916
-0.428865
-0.42824
-0.427317
-0.426144
-0.424776
-0.423298
-0.421804
-0.420403
-0.419234
-0.418441
-0.418153
-0.418474
-0.419486
-0.421196
-0.423581
-0.426539
-0.429939
-0.433615
-0.437372
-0.440974
-0.444192
-0.446762
-0.448414
-0.448886
-0.447946
-0.445462
-0.441491
-0.436297
-0.430357
-0.424225
-0.418283
-0.412673
-0.40725
-0.401969
-0.397255
-0.394117
-0.393772
-0.3969
-0.403064
-0.41087
-0.418649
-0.42517
-0.429958
-0.433131
-0.435218
-0.43686
-0.438695
-0.441176
-0.444539
-0.448742
-0.453535
-0.45851
-0.463224
-0.467242
-0.470299
-0.472242
-0.473109
-0.473079
-0.472431
-0.47151
-0.470671
-0.470182
-0.47018
-0.470662
-0.471493
-0.472494
-0.47343
-0.474131
-0.474458
-0.474348
-0.473817
-0.472932
-0.471797
-0.470545
-0.469305
-0.468235
-0.467429
-0.466925
-0.466742
-0.46683
-0.467133
-0.46758
-0.468063
-0.468478
-0.46873
-0.468702
-0.468276
-0.467377
-0.465935
-0.463955
-0.461535
-0.458809
-0.456072
-0.453656
-0.451931
-0.45122
-0.451714
-0.4534
-0.456065
-0.459347
-0.462805
-0.466012
-0.468594
-0.470321
-0.471064
-0.470813
-0.469668
-0.467792
-0.465415
-0.462795
-0.460189
-0.457827
-0.455857
-0.45438
-0.453364
-0.452766
-0.452471
-0.452388
-0.452451
-0.452615
-0.452913
-0.453329
-0.453869
-0.454471
-0.45499
-0.455218
-0.454891
-0.453768
-0.451603
-0.448326
-0.443985
-0.438852
-0.433387
-0.428245
-0.424126
-0.421599
-0.420948
-0.422093
-0.424566
-0.427713
-0.430844
-0.433399
-0.43503
-0.435552
-0.43499
-0.433457
-0.431213
-0.428558
-0.425839
-0.423371
-0.421392
-0.420037
-0.419341
-0.419224
-0.419536
-0.420107
-0.420811
-0.421494
-0.42208
-0.422455
-0.422558
-0.422345
-0.421773
-0.420814
-0.419447
-0.4177
-0.415591
-0.413182
-0.410508
-0.407676
-0.404741
-0.401784
-0.398865
-0.396028
-0.393307
-0.390729
-0.388356
-0.386258
-0.384516
-0.383236
-0.382474
-0.382273
-0.382594
-0.383346
-0.384429
-0.385723
-0.387147
-0.388632
-0.390175
-0.391739
-0.393301
-0.394826
-0.396245
-0.397477
-0.398416
-0.398971
-0.39906
-0.398578
-0.3975
-0.395736
-0.393277
-0.390093
-0.3862
-0.381615
-0.376405
-0.37068
-0.364634
-0.358508
-0.352615
-0.347323
-0.342981
-0.339914
-0.33836
-0.338418
-0.340063
-0.343132
-0.347337
-0.352319
-0.357681
-0.363057
-0.36812
-0.372635
-0.376442
-0.379471
-0.381728
-0.383226
-0.384029
-0.384186
-0.383744
-0.382757
-0.381213
-0.379118
-0.376473
-0.373277
-0.369619
-0.365651
-0.361643
-0.357997
-0.355181
-0.35359
-0.35349
-0.354924
-0.357693
-0.361371
-0.365451
-0.369437
-0.372953
-0.375754
-0.37774
-0.378955
-0.379542
-0.379695
-0.379661
-0.379653
-0.379833
-0.380297
-0.381066
-0.382079
-0.383242
-0.384436
-0.385566
-0.386539
-0.387254
-0.387669
-0.387702
-0.387281
-0.386347
-0.384886
-0.382937
-0.380637
-0.378211
-0.375948
-0.374158
-0.373121
-0.37301
-0.373844
-0.375541
-0.377914
-0.380729
-0.38385
-0.387098
-0.39038
-0.393679
-0.396936
-0.400116
-0.403183
-0.406077
-0.408741
-0.411105
-0.413088
-0.414629
-0.415664
-0.416142
-0.415983
-0.415149
-0.413595
-0.411305
-0.408279
-0.404537
-0.400159
-0.39524
-0.38992
-0.384316
-0.378569
-0.372875
-0.36749
-0.362769
-0.35908
-0.356661
-0.355468
-0.355152
-0.355215
-0.35535
-0.355676
-0.356745
-0.359241
-0.363602
-0.369578
-0.376327
-0.382791
-0.388072
-0.391692
-0.393598
-0.394063
-0.393523
-0.392483
-0.391411
-0.390613
-0.390212
-0.390141
-0.390162
-0.389946
-0.389147
-0.387539
-0.385095
-0.381997
-0.37872
-0.375963
-0.374429
-0.374644
-0.376694
-0.38023
-0.384533
-0.38886
-0.392563
-0.395247
-0.396761
-0.397122
-0.39643
-0.394856
-0.392569
-0.389748
-0.386567
-0.383173
-0.379716
-0.376353
-0.373225
-0.370456
-0.36815
-0.366352
-0.365094
-0.364351
-0.364074
-0.364277
-0.364937
-0.366067
-0.367678
-0.36979
-0.372384
-0.37537
-0.37861
-0.381939
-0.385169
-0.38814
-0.390737
-0.392919
-0.394675
-0.396028
-0.397038
-0.397763
-0.398247
-0.398539
-0.398673
-0.398658
-0.398499
-0.398212
-0.39779
-0.39724
-0.396581
-0.395806
-0.39494
-0.394006
-0.39302
-0.39199
-0.390951
-0.389908
-0.388855
-0.387813
-0.386731
-0.385565
-0.384226
-0.382625
-0.380679
-0.378298
-0.37545
-0.372129
-0.36843
-0.364475
-0.360507
-0.35674
-0.353431
-0.350793
-0.348975
-0.348048
-0.348023
-0.348833
-0.350372
-0.352509
-0.355134
-0.358127
-0.361377
-0.364759
-0.368211
-0.371594
-0.374835
-0.377834
-0.380513
-0.382813
-0.384676
-0.386067
-0.386956
-0.387337
-0.387225
-0.386647
-0.38563
-0.384242
-0.382567
-0.380726
-0.378851
-0.377087
-0.375574
-0.37442
-0.373668
-0.373313
-0.373265
-0.373461
-0.373785
-0.374166
-0.374551
-0.374907
-0.375261
-0.375629
-0.376055
-0.376566
-0.377188
-0.377931
-0.378861
-0.379986
-0.381332
-0.382904
-0.384728
-0.386798
-0.38906
-0.391476
-0.393975
-0.396483
-0.39893
-0.401267
-0.403454
-0.405458
-0.407295
-0.408954
-0.410451
-0.411799
-0.413018
-0.414093
-0.415044
-0.415847
-0.416487
-0.416951
-0.417207
-0.41724
-0.417031
-0.416569
-0.415852
-0.414883
-0.413646
-0.412106
-0.410187
-0.407854
-0.405021
-0.40173
-0.398162
-0.394706
-0.391941
-0.390509
-0.390892
-0.39316
-0.396948
-0.401619
-0.406478
-0.411026
-0.414987
-0.418333
-0.421186
-0.423701
-0.42604
-0.428335
-0.430615
-0.432854
-0.435012
-0.436994
-0.438761
-0.440254
-0.441453
-0.44236
-0.443037
-0.443521
-0.443854
-0.444073
-0.444208
-0.444268
-0.444247
-0.44412
-0.443889
-0.443533
-0.44306
-0.442499
-0.441883
-0.441274
-0.440716
-0.440288
-0.440045
-0.440024
-0.440237
-0.440691
-0.441343
-0.442162
-0.443107
-0.444102
-0.445134
-0.446148
-0.44713
-0.448066
-0.448942
-0.449754
-0.4505
-0.451193
-0.451805
-0.452307
-0.452682
-0.452911
-0.452956
-0.452779
-0.45233
-0.451552
-0.450387
-0.448769
-0.446649
-0.44398
-0.440747
-0.436953
-0.432701
-0.42813
-0.42348
-0.419039
-0.415095
-0.411901
-0.409623
-0.408301
-0.407961
-0.408609
-0.410325
-0.413207
-0.417315
-0.422565
-0.42868
-0.435231
-0.44168
-0.447577
-0.452565
-0.456395
-0.458946
-0.460161
-0.46002
-0.458501
-0.455594
-0.451295
-0.445707
-0.439006
-0.431532
-0.423803
-0.416429
-0.410126
-0.405539
-0.403177
-0.403323
-0.406018
-0.411053
-0.417975
-0.426172
-0.434951
-0.443639
-0.451709
-0.458742
-0.464515
-0.468882
-0.471822
-0.473358
-0.473563
-0.472514
-0.470306
-0.467085
-0.463
-0.458279
-0.453189
-0.448038
-0.443142
-0.438795
-0.435218
-0.432566
-0.430895
-0.430223
-0.430503
-0.431563
-0.433185
-0.435088
-0.437009
-0.438735
-0.440138
-0.44119
-0.44192
-0.442436
-0.442846
-0.443256
-0.443693
-0.444172
-0.444604
-0.444847
-0.444746
-0.444152
-0.442929
-0.440973
-0.438286
-0.434925
-0.431054
-0.426915
-0.422826
-0.419098
-0.41604
-0.413862
-0.412617
-0.412235
-0.412471
-0.413014
-0.413537
-0.413727
-0.413412
-0.412565
-0.411359
-0.410079
-0.409094
-0.408654
-0.408869
-0.409621
-0.410645
-0.411627
-0.41233
-0.4126
-0.412431
-0.411946
-0.411283
-0.410632
-0.410105
-0.409825
-0.409799
-0.409968
-0.410248
-0.410536
-0.410711
-0.410693
-0.410391
-0.409784
-0.408842
-0.407616
-0.406147
-0.404512
-0.402836
-0.401264
-0.399948
-0.399037
-0.398636
-0.398774
-0.399377
-0.400214
-0.400959
-0.401141
-0.400239
-0.397688
-0.393032
-0.386194
-0.377689
-0.368948
-0.362182
-0.359537
-0.361918
-0.368444
-0.377073
-0.385715
-0.393027
-0.3985
-0.402214
-0.40448
-0.405693
-0.406177
-0.406189
-0.405924
-0.405523
-0.405071
-0.404607
-0.404149
-0.403646
-0.402993
-0.402063
-0.400657
-0.398575
-0.395667
-0.391887
-0.387434
-0.382858
-0.379034
-0.377023
-0.377625
-0.381051
-0.386761
-0.39367
-0.400679
-0.406934
-0.411931
-0.415497
-0.417632
-0.418457
-0.418118
-0.416812
-0.414728
-0.412081
-0.409122
-0.40608
-0.403164
-0.400504
-0.398103
-0.395869
-0.393704
-0.391514
-0.389301
-0.387159
-0.385259
-0.383761
-0.382805
-0.382454
-0.382671
-0.383413
-0.384651
-0.386364
-0.388525
-0.391123
-0.394047
-0.39714
-0.400189
-0.402969
-0.4053
-0.407064
-0.40823
-0.408822
-0.408947
-0.408717
-0.408266
-0.407645
-0.406827
-0.405647
-0.40383
-0.401018
-0.396895
-0.391393
-0.384895
-0.378354
-0.373175
-0.370805
-0.372207
-0.377398
-0.385515
-0.395096
-0.404609
-0.412784
-0.418867
-0.422543
-0.423876
-0.42316
-0.4208
-0.417292
-0.41315
-0.408926
-0.405155
-0.402345
-0.40094
-0.401237
-0.403324
-0.407059
-0.412095
-0.417953
-0.424081
-0.430014
-0.435386
-0.439961
-0.443593
-0.446228
-0.447819
-0.44834
-0.447746
-0.445955
-0.442854
-0.438307
-0.432258
-0.424781
-0.416264
-0.407419
-0.399184
-0.392356
-0.38719
-0.383257
-0.379715
-0.376031
-0.372409
-0.369784
-0.369337
-0.371816
-0.377168
-0.384652
-0.393268
-0.402057
-0.410261
-0.417306
-0.42287
-0.426815
-0.429158
-0.430031
-0.429671
-0.428294
-0.426117
-0.423333
-0.420101
-0.416565
-0.41287
-0.409141
-0.405529
-0.40218
-0.399262
-0.396862
-0.39506
-0.393819
-0.393022
-0.392508
-0.392091
-0.391617
-0.390991
-0.390248
-0.389497
-0.388964
-0.388865
-0.389414
-0.390667
-0.392492
-0.394634
-0.39672
-0.398335
-0.399135
-0.398954
-0.397859
-0.396199
-0.394544
-0.393574
-0.393865
-0.395717
-0.399008
-0.403287
-0.407961
-0.412428
-0.416237
-0.419136
-0.42101
-0.42188
-0.421844
-0.42104
-0.41964
-0.417861
-0.415883
-0.413865
-0.411995
-0.410408
-0.409217
-0.40848
-0.408201
-0.408363
-0.408878
-0.409652
-0.410593
-0.411594
-0.412582
-0.413478
-0.414237
-0.414825
-0.415208
-0.415364
-0.415296
-0.414956
-0.414318
-0.413336
-0.411961
-0.410135
-0.407795
-0.404896
-0.40143
-0.397464
-0.393112
-0.388623
-0.384261
-0.380332
-0.377036
-0.374462
-0.372544
-0.371107
-0.369983
-0.369049
-0.368294
-0.367793
-0.367669
-0.368099
-0.369243
-0.371201
-0.373966
-0.377385
-0.381198
-0.385077
-0.388697
-0.391823
-0.394278
-0.395989
-0.39694
-0.397154
-0.396662
-0.395499
-0.39366
-0.391163
-0.387973
-0.384077
-0.379481
-0.374267
-0.368587
-0.362734
-0.357113
-0.352199
-0.348408
-0.346051
-0.345132
-0.345475
-0.346746
-0.348547
-0.350532
-0.352437
-0.354072
-0.355303
-0.356048
-0.356289
-0.355998
-0.355232
-0.354033
-0.352489
-0.350712
-0.348841
-0.347014
-0.345382
-0.344098
-0.343258
-0.342933
-0.343139
-0.343813
-0.344873
-0.346192
-0.347638
-0.349066
-0.350351
-0.351393
-0.352111
-0.352446
-0.352379
-0.351908
-0.351044
-0.349855
-0.348425
-0.346852
-0.345265
-0.34377
-0.342445
-0.341284
-0.34022
-0.339115
-0.33778
-0.336053
-0.333808
-0.331057
-0.32794
-0.324741
-0.321842
-0.319655
-0.318499
-0.318587
-0.319975
-0.322582
-0.326242
-0.330667
-0.33553
-0.340478
-0.345136
-0.349213
-0.352484
-0.354807
-0.356136
-0.356497
-0.356033
-0.354939
-0.353507
-0.352123
-0.351151
-0.350904
-0.3516
-0.353242
-0.355655
-0.358561
-0.36165
-0.364645
-0.367351
-0.369635
-0.371458
-0.372811
-0.373726
-0.374245
-0.374407
-0.374255
-0.373782
-0.373049
-0.372052
-0.370812
-0.369357
-0.367724
-0.36594
-0.364058
-0.362166
-0.360373
-0.358822
-0.357662
-0.357077
-0.357255
-0.358299
-0.36028
-0.363145
-0.366755
-0.370887
-0.375302
-0.379777
-0.384116
-0.388148
-0.391771
-0.394938
-0.397605
-0.399785
-0.401501
-0.402807
-0.40378
-0.404517
-0.405125
-0.405676
-0.406232
-0.406815
-0.407434
-0.408069
-0.408705
-0.409289
-0.409812
-0.410212
-0.41044
-0.410426
-0.4101
-0.409389
-0.40829
-0.406787
-0.404902
-0.402692
-0.400198
-0.397452
-0.394451
-0.391098
-0.387123
-0.381949
-0.374654
-0.364033
-0.349267
-0.331258
-0.314354
-0.305801
-0.311045
-0.328608
-0.351443
-0.37283
-0.389661
-0.401768
-0.410246
-0.416356
-0.421059
-0.424985
-0.42847
-0.431655
-0.434541
-0.437073
-0.439174
-0.440741
-0.441708
-0.44202
-0.441656
-0.440579
-0.43882
-0.43642
-0.433444
-0.429984
-0.426161
-0.422049
-0.417685
-0.413003
-0.407863
-0.402146
-0.395743
-0.388656
-0.381138
-0.3736
-0.366645
-0.360924
-0.356983
-0.355104
-0.355185
-0.356755
-0.359191
-0.361917
-0.364639
-0.367543
-0.371193
-0.37629
-0.383236
-0.39183
-0.40135
-0.410847
-0.419504
-0.426817
-0.432636
-0.437036
-0.440216
-0.442411
-0.443874
-0.444776
-0.445241
-0.445334
-0.445003
-0.444192
-0.442763
-0.44054
-0.437393
-0.433267
-0.428314
-0.422995
-0.418098
-0.414595
-0.413284
-0.414419
-0.417482
-0.421427
-0.425067
-0.427403
-0.427836
-0.426134
-0.422411
-0.417056
-0.410807
-0.404679
-0.399859
-0.397438
-0.398035
-0.401556
-0.407279
-0.414131
-0.4211
-0.427402
-0.432577
-0.436443
-0.438949
-0.440125
-0.440041
-0.438782
-0.436422
-0.433089
-0.428937
-0.424127
-0.418833
-0.413246
-0.407614
-0.402309
-0.397922
-0.395154
-0.394542
-0.396173
-0.399534
-0.403694
-0.407693
-0.410856
-0.412895
-0.413834
-0.413944
-0.413564
-0.413048
-0.412691
-0.41269
-0.413116
-0.413921
-0.414956
-0.416062
-0.417047
-0.417774
-0.418153
-0.418155
-0.417783
-0.417065
-0.416055
-0.414816
-0.413456
-0.412092
-0.410862
-0.409907
-0.409405
-0.409434
-0.410036
-0.411185
-0.412732
-0.414481
-0.416202
-0.417696
-0.418807
-0.419462
-0.419684
-0.419634
-0.419532
-0.41969
-0.420384
-0.421748
-0.423755
-0.426165
-0.428556
-0.430449
-0.431315
-0.43074
-0.428377
-0.424099
-0.418016
-0.410522
-0.402384
-0.394622
-0.388325
-0.384328
-0.382976
-0.384053
-0.386945
-0.390866
-0.395034
-0.398803
-0.40174
-0.403621
-0.404416
-0.404252
-0.403325
-0.401869
-0.400083
-0.398131
-0.396134
-0.394169
-0.392295
-0.390606
-0.389187
-0.388137
-0.387544
-0.387512
-0.388122
-0.3894
-0.391295
-0.393694
-0.396422
-0.399273
-0.402048
-0.404587
-0.406774
-0.40856
-0.409908
-0.410836
-0.411371
-0.411561
-0.411437
-0.411055
-0.410447
-0.409658
-0.40872
-0.407673
-0.406547
-0.405391
-0.404235
-0.403104
-0.40202
-0.400992
-0.400011
-0.399066
-0.398137
-0.397233
-0.396356
-0.395515
-0.394712
-0.393988
-0.393382
-0.392961
-0.392765
-0.392865
-0.393308
-0.394109
-0.395207
-0.396464
-0.397716
-0.398768
-0.399405
-0.399434
-0.398677
-0.396981
-0.394249
-0.39046
-0.385778
-0.380566
-0.375469
-0.371314
-0.368897
-0.3687
-0.37075
-0.374566
-0.379489
-0.384871
-0.390212
-0.39522
-0.399739
-0.403716
-0.407076
-0.409801
-0.411855
-0.413201
-0.413801
-0.413638
-0.412719
-0.411044
-0.40865
-0.405558
-0.401862
-0.39767
-0.3931
-0.388324
-0.383538
-0.378918
-0.374623
-0.370792
-0.367537
-0.364951
-0.363229
-0.362576
-0.363232
-0.365343
-0.368866
-0.373452
-0.37852
-0.383349
-0.387225
-0.38958
-0.390087
-0.388686
-0.385608
-0.381416
-0.376905
-0.37299
-0.370399
-0.369384
-0.369735
-0.370881
-0.372238
-0.373407
-0.37428
-0.37498
-0.375714
-0.376627
-0.377762
-0.379045
-0.380306
-0.381374
-0.382107
-0.382435
-0.382335
-0.38185
-0.381064
-0.380055
-0.378912
-0.377728
-0.376576
-0.375524
-0.374588
-0.373808
-0.37317
-0.372663
-0.372273
-0.371982
-0.371773
-0.371618
-0.371515
-0.371472
-0.371506
-0.371641
-0.371885
-0.372261
-0.372804
-0.373513
-0.374414
-0.375497
-0.376761
-0.378202
-0.379828
-0.381586
-0.383448
-0.385386
-0.387348
-0.389292
-0.391202
-0.393034
-0.394749
-0.396331
-0.397765
-0.399036
-0.400141
-0.401072
-0.401858
-0.402519
-0.40308
-0.403566
-0.404027
-0.4045
-0.405019
-0.405621
-0.406296
-0.407023
-0.40775
-0.40843
-0.408978
-0.409316
-0.409396
-0.409194
-0.408728
-0.4081
-0.407463
-0.407044
-0.407081
-0.407824
-0.409433
-0.412007
-0.415507
-0.419805
-0.42468
-0.429844
-0.435037
-0.440035
-0.444645
-0.448768
-0.452319
-0.45526
-0.457568
-0.459244
-0.46028
-0.460662
-0.460336
-0.4592
-0.457094
-0.453802
-0.448979
-0.442278
-0.433342
-0.422017
-0.408548
-0.393788
-0.379384
-0.367651
-0.360856
-0.360331
-0.365934
-0.376193
-0.389075
-0.402731
-0.415831
-0.427605
-0.43767
-0.445973
-0.452553
-0.457644
-0.461493
-0.464381
-0.466552
-0.468183
-0.469377
-0.470159
-0.470495
-0.470342
-0.469654
-0.468402
-0.466585
-0.464244
-0.461449
-0.458282
-0.454872
-0.451409
-0.448103
-0.445199
-0.442918
-0.441406
-0.440683
-0.440623
-0.441008
-0.441596
-0.4422
-0.442711
-0.443162
-0.443633
-0.444262
-0.44515
-0.446392
-0.447976
-0.449849
-0.451962
-0.454224
-0.456573
-0.458965
-0.461337
-0.46364
-0.465828
-0.467845
-0.469623
-0.471061
-0.472074
-0.472581
-0.472458
-0.471627
-0.470025
-0.46765
-0.464548
-0.460817
-0.456657
-0.45226
-0.447888
-0.443763
-0.440081
-0.437003
-0.434578
-0.432798
-0.431521
-0.430457
-0.42925
-0.427536
-0.424982
-0.421472
-0.417074
-0.41215
-0.407307
-0.40332
-0.400861
-0.400241
-0.401275
-0.403324
-0.405566
-0.407311
-0.408128
-0.408033
-0.407389
-0.40681
-0.406885
-0.407903
-0.40975
-0.411949
-0.41388
-0.415045
-0.415218
-0.414543
-0.413361
-0.412167
-0.41137
-0.411239
-0.411762
-0.412721
-0.413819
-0.414753
-0.415299
-0.415318
-0.414796
-0.413747
-0.412211
-0.410248
-0.407942
-0.405395
-0.402825
-0.400465
-0.398579
-0.3974
-0.397023
-0.397364
-0.39821
-0.399267
-0.40018
-0.400709
-0.400665
-0.399953
-0.398552
-0.396472
-0.393754
-0.390441
-0.386582
-0.382195
-0.377278
-0.371818
-0.36581
-0.359218
-0.35204
-0.344347
-0.336293
-0.328207
-0.320566
-0.314009
-0.309292
-0.307056
-0.307596
-0.310651
-0.315395
-0.32069
-0.325405
-0.328722
-0.330272
-0.330194
-0.329109
-0.327954
-0.327765
-0.329331
-0.332901
-0.338114
-0.344264
-0.350538
-0.356335
-0.361268
-0.365216
-0.368214
-0.370378
-0.371841
-0.372718
-0.373116
-0.373108
-0.372732
-0.372003
-0.370955
-0.369563
-0.367854
-0.365832
-0.36352
-0.36095
-0.358173
-0.355237
-0.352153
-0.348869
-0.345289
-0.341238
-0.336465
-0.330755
-0.323971
-0.316175
-0.307735
-0.299373
-0.292083
-0.286846
-0.284351
-0.284649
-0.287176
-0.291004
-0.29519
-0.299043
-0.302246
-0.304859
-0.307077
-0.30919
-0.311398
-0.313798
-0.316355
-0.318961
-0.321462
-0.323748
-0.325693
-0.327266
-0.328427
-0.329209
-0.329647
-0.329788
-0.329679
-0.329386
-0.32894
-0.328383
-0.327779
-0.327152
-0.326552
-0.325995
-0.325508
-0.3251
-0.32478
-0.324545
-0.324378
-0.324257
-0.32415
-0.324043
-0.323906
-0.323712
-0.323416
-0.323008
-0.322497
-0.321837
-0.321019
-0.320043
-0.318899
-0.317609
-0.316157
-0.314599
-0.312956
-0.311265
-0.3096
-0.308017
-0.306571
-0.305289
-0.304183
-0.303192
-0.302211
-0.301124
-0.29981
-0.298184
-0.296322
-0.294408
-0.292786
-0.2919
-0.292139
-0.293725
-0.296625
-0.30052
-0.304987
-0.309569
-0.313887
-0.317726
-0.321004
-0.323695
-0.325853
-0.327528
-0.328788
-0.329653
-0.330157
-0.330281
-0.33001
-0.329289
-0.328089
-0.326412
-0.324261
-0.32173
-0.319004
-0.316338
-0.314058
-0.312468
-0.31181
-0.312137
-0.313342
-0.315177
-0.317366
-0.31959
-0.321624
-0.323345
-0.3247
-0.325739
-0.326548
-0.32723
-0.327969
-0.328868
-0.330053
-0.331586
-0.333453
-0.335607
-0.337962
-0.340402
-0.342799
-0.345055
-0.34706
-0.348753
-0.350104
-0.351066
-0.351631
-0.351755
-0.351415
-0.350552
-0.349122
-0.347044
-0.344293
-0.340909
-0.337019
-0.332941
-0.329177
-0.326377
-0.325139
-0.325811
-0.32832
-0.332192
-0.336712
-0.341154
-0.344977
-0.347881
-0.349811
-0.350882
-0.351324
-0.351437
-0.351523
-0.351869
-0.352673
-0.354062
-0.356039
-0.358523
-0.361324
-0.364203
-0.366905
-0.36916
-0.370739
-0.37144
-0.371193
-0.370014
-0.368076
-0.365676
-0.363234
-0.361172
-0.359824
-0.35935
-0.359703
-0.36072
-0.36217
-0.363897
-0.365807
-0.367915
-0.370285
-0.372948
-0.375899
-0.379053
-0.382217
-0.38518
-0.387698
-0.389534
-0.390496
-0.390455
-0.389334
-0.387081
-0.383746
-0.379408
-0.374252
-0.36853
-0.3626
-0.356906
-0.351929
-0.348095
-0.345749
-0.345059
-0.345985
-0.348307
-0.351709
-0.35579
-0.360189
-0.36462
-0.368878
-0.372801
-0.376269
-0.379191
-0.381469
-0.383084
-0.384029
-0.384374
-0.384254
-0.383852
-0.383388
-0.383082
-0.383095
-0.383489
-0.384263
-0.385301
-0.386457
-0.387558
-0.388459
-0.389071
-0.389412
-0.389522
-0.389543
-0.389642
-0.389984
-0.390689
-0.391831
-0.393373
-0.395175
-0.397069
-0.398827
-0.400252
-0.401175
-0.4015
-0.401181
-0.400267
-0.39884
-0.397067
-0.395096
-0.393094
-0.391197
-0.38947
-0.387932
-0.386536
-0.385197
-0.383752
-0.382066
-0.379995
-0.37745
-0.374408
-0.371006
-0.367546
-0.364524
-0.362506
-0.361979
-0.363201
-0.36604
-0.370045
-0.374567
-0.378939
-0.382701
-0.385622
-0.387722
-0.389163
-0.390119
-0.390715
-0.390951
-0.390782
-0.390127
-0.388967
-0.387359
-0.385498
-0.383648
-0.382104
-0.381122
-0.380906
-0.381518
-0.382921
-0.384988
-0.387499
-0.390226
-0.392915
-0.395382
-0.397459
-0.399028
-0.400007
-0.400355
-0.40005
-0.39907
-0.397403
-0.395027
-0.391918
-0.388034
-0.383313
-0.377687
-0.371112
-0.363562
-0.355089
-0.345902
-0.336437
-0.327363
-0.319612
-0.314238
-0.312127
-0.313681
-0.318655
-0.326167
-0.334998
-0.343928
-0.352056
-0.358838
-0.364101
-0.367854
-0.370266
-0.371569
-0.37199
-0.371745
-0.370993
-0.369914
-0.368647
-0.367289
-0.365936
-0.364658
-0.363526
-0.362572
-0.361847
-0.361359
-0.36108
-0.361
-0.361074
-0.361244
-0.361438
-0.36159
-0.361624
-0.361468
-0.361078
-0.360432
-0.359545
-0.358457
-0.357224
-0.3559
-0.354539
-0.353119
-0.351573
-0.349766
-0.34749
-0.344536
-0.340784
-0.336236
-0.331135
-0.326011
-0.321608
-0.31874
-0.317968
-0.319419
-0.322692
-0.327065
-0.331762
-0.336171
-0.339973
-0.34307
-0.345538
-0.347562
-0.34934
-0.351046
-0.352804
-0.354713
-0.356782
-0.358987
-0.361284
-0.363585
-0.365824
-0.36792
-0.369814
-0.371434
-0.3727
-0.373535
-0.37387
-0.373622
-0.372721
-0.371115
-0.368777
-0.365777
-0.362229
-0.35841
-0.354661
-0.351404
-0.349064
-0.347973
-0.348337
-0.350161
-0.353273
-0.357354
-0.362012
-0.366825
-0.371367
-0.375312
-0.378417
-0.380555
-0.381659
-0.381788
-0.381015
-0.379467
-0.377321
-0.374723
-0.371896
-0.369037
-0.366344
-0.363996
-0.362127
-0.360798
-0.360045
-0.359826
-0.360054
-0.360599
-0.361343
-0.362189
-0.363017
-0.363751
-0.364339
-0.364739
-0.364916
-0.364883
-0.364646
-0.36423
-0.363664
-0.36299
-0.362283
-0.361601
-0.361011
-0.360575
-0.360351
-0.360418
-0.360826
-0.361592
-0.362734
-0.364222
-0.366016
-0.368023
-0.370138
-0.37222
-0.374135
-0.375739
-0.37691
-0.377509
-0.377455
-0.37673
-0.375351
-0.373482
-0.371437
-0.369587
-0.368404
-0.368244
-0.369217
-0.371053
-0.373162
-0.37462
-0.374352
-0.371187
-0.364135
-0.352838
-0.338468
-0.324497
-0.316065
-0.317116
-0.327193
-0.341947
-0.356447
-0.36771
-0.374917
-0.378473
-0.379216
-0.377952
-0.375376
-0.372054
-0.368479
-0.365084
-0.362236
-0.36021
-0.359126
-0.358896
-0.359225
-0.359594
-0.359421
-0.358117
-0.355307
-0.350916
-0.345267
-0.33908
-0.333403
-0.329483
-0.328552
-0.331523
-0.338481
-0.348433
-0.359675
-0.370459
-0.37953
-0.386303
-0.390761
-0.393173
-0.393928
-0.393447
-0.392068
-0.390109
-0.387846
-0.385498
-0.383275
-0.38133
-0.37979
-0.378731
-0.37814
-0.377964
-0.378139
-0.378545
-0.379083
-0.379692
-0.38031
-0.38089
-0.381434
-0.381915
-0.382333
-0.382675
-0.382947
-0.38315
-0.383262
-0.383302
-0.383276
-0.383181
-0.383006
-0.382745
-0.382334
-0.381686
-0.380681
-0.379115
-0.376781
-0.37344
-0.368892
-0.363125
-0.356279
-0.348828
-0.341495
-0.335157
-0.330668
-0.328707
-0.329664
-0.333536
-0.339837
-0.347677
-0.355994
-0.36387
-0.37075
-0.376435
-0.380973
-0.384531
-0.387226
-0.389196
-0.390495
-0.391168
-0.391271
-0.390857
-0.389975
-0.388689
-0.387089
-0.385279
-0.383383
-0.381541
-0.379922
-0.378668
-0.377886
-0.377609
-0.377808
-0.378369
-0.379152
-0.379986
-0.380722
-0.381247
-0.381463
-0.381312
-0.380752
-0.379778
-0.378406
-0.376709
-0.374803
-0.372865
-0.371115
-0.369777
-0.369066
-0.369093
-0.369841
-0.371165
-0.372867
-0.374668
-0.376334
-0.37771
-0.378713
-0.379352
-0.379727
-0.379982
-0.380268
-0.380757
-0.381618
-0.382956
-0.38485
-0.387303
-0.390259
-0.393608
-0.397231
-0.400997
-0.404764
-0.408416
-0.411855
-0.414991
-0.417744
-0.420036
-0.421816
-0.423009
-0.423533
-0.423279
-0.422135
-0.420027
-0.4169
-0.412831
-0.408078
-0.403161
-0.398785
-0.395727
-0.394518
-0.395276
-0.397498
-0.400302
-0.402741
-0.404116
-0.404145
-0.403045
-0.40149
-0.400327
-0.400248
-0.401478
-0.40365
-0.40594
-0.407405
-0.407312
-0.405365
-0.401762
-0.397155
-0.392422
-0.388357
-0.385348
-0.383438
-0.382658
-0.383234
-0.385681
-0.390354
-0.397138
-0.405244
-0.413528
-0.420912
-0.426719
-0.430729
-0.433152
-0.43446
-0.435244
-0.436079
-0.437384
-0.439314
-0.441746
-0.444312
-0.446572
-0.448117
-0.448628
-0.447957
-0.446048
-0.442964
-0.43884
-0.433889
-0.428397
-0.42274
-0.417336
-0.412603
-0.408876
-0.40634
-0.405039
-0.404832
-0.405533
-0.406866
-0.408583
-0.410462
-0.412307
-0.413953
-0.415292
-0.416262
-0.41685
-0.417119
-0.417161
-0.417173
-0.417332
-0.417854
-0.41891
-0.420624
-0.42302
-0.426014
-0.42943
-0.433026
-0.436526
-0.439629
-0.44208
-0.443639
-0.444096
-0.443348
-0.441332
-0.438098
-0.433807
-0.428775
-0.423431
-0.418282
-0.413876
-0.410643
-0.408858
-0.408532
-0.409421
-0.411098
-0.41305
-0.41478
-0.415933
-0.416296
-0.415842
-0.414702
-0.413079
-0.411187
-0.409186
-0.407141
-0.405019
-0.402771
-0.400365
-0.397914
-0.395744
-0.39436
-0.394338
-0.396044
-0.39953
-0.404443
-0.410165
-0.41604
-0.421521
-0.426291
-0.430169
-0.433107
-0.435043
-0.435888
-0.435502
-0.433746
-0.430574
-0.426079
-0.420513
-0.414335
-0.408104
-0.402419
-0.397754
-0.394348
-0.392176
-0.391022
-0.39062
-0.390799
-0.391559
-0.393086
-0.395562
-0.399063
-0.403403
-0.408155
-0.412839
-0.416985
-0.420284
-0.422593
-0.423909
-0.42432
-0.423947
-0.422974
-0.42154
-0.419783
-0.417809
-0.415663
-0.413381
-0.410961
-0.408347
-0.405504
-0.402431
-0.399177
-0.395925
-0.392946
-0.390614
-0.389294
-0.389225
-0.390459
-0.392815
-0.395956
-0.399432
-0.402812
-0.405744
-0.407928
-0.409167
-0.409372
-0.408547
-0.406837
-0.404546
-0.402111
-0.400096
-0.398992
-0.3991
-0.400415
-0.402627
-0.405231
-0.407734
-0.409731
-0.410984
-0.411436
-0.411119
-0.410162
-0.408758
-0.407068
-0.405276
-0.403517
-0.401903
-0.40049
-0.399266
-0.398192
-0.397211
-0.396211
-0.395082
-0.393734
-0.392121
-0.390205
-0.388038
-0.38575
-0.383585
-0.381813
-0.380759
-0.380687
-0.381698
-0.383722
-0.386489
-0.389584
-0.392591
-0.395118
-0.39685
-0.397639
-0.397445
-0.39631
-0.394322
-0.391673
-0.388575
-0.385225
-0.381834
-0.378582
-0.375593
-0.372961
-0.370713
-0.368831
-0.367271
-0.365968
-0.364835
-0.363866
-0.363092
-0.36264
-0.362656
-0.363304
-0.364698
-0.366858
-0.369676
-0.372938
-0.376365
-0.379702
-0.382747
-0.385368
-0.387507
-0.389162
-0.390354
-0.391162
-0.391624
-0.391778
-0.391673
-0.391303
-0.39064
-0.389632
-0.388201
-0.386208
-0.383523
-0.380032
-0.375696
-0.370634
-0.365218
-0.360161
-0.356324
-0.354581
-0.3554
-0.358656
-0.363693
-0.369604
-0.375522
-0.38087
-0.385376
-0.388968
-0.391736
-0.393853
-0.395451
-0.396686
-0.397682
-0.398552
-0.399367
-0.400189
-0.401038
-0.401954
-0.402951
-0.404024
-0.405149
-0.406333
-0.407535
-0.408741
-0.40991
-0.411036
-0.412083
-0.41303
-0.413884
-0.414637
-0.415299
-0.415897
-0.416475
-0.417112
-0.417865
-0.418835
-0.420099
-0.42174
-0.423795
-0.426293
-0.42917
-0.432323
-0.435577
-0.438731
-0.441557
-0.443864
-0.445466
-0.446223
-0.446094
-0.4451
-0.443382
-0.441182
-0.438831
-0.436678
-0.435009
-0.433941
-0.433371
-0.432912
-0.431931
-0.429707
-0.42555
-0.419028
-0.410202
-0.399833
-0.389457
-0.381156
-0.376882
-0.377747
-0.383503
-0.392757
-0.403584
-0.414241
-0.423604
-0.431152
-0.436835
-0.440855
-0.443486
-0.445007
-0.445681
-0.445711
-0.445272
-0.444506
-0.443537
-0.442472
-0.441391
-0.440363
-0.439426
-0.43859
-0.43786
-0.43723
-0.436661
-0.436131
-0.435601
-0.435039
-0.434426
-0.433722
-0.432917
-0.431962
-0.430857
-0.42957
-0.428083
-0.426402
-0.424556
-0.422631
-0.420748
-0.419066
-0.417727
-0.416806
-0.41629
-0.416056
-0.415949
-0.415829
-0.415723
-0.415811
-0.416384
-0.417711
-0.419856
-0.422634
-0.425678
-0.428558
-0.430977
-0.432773
-0.434027
-0.434925
-0.435603
-0.436127
-0.436338
-0.435883
-0.43428
-0.431022
-0.425683
-0.418114
-0.408524
-0.397686
-0.386827
-0.377338
-0.370336
-0.36629
-0.365019
-0.36596
-0.36847
-0.371968
-0.375939
-0.379919
-0.383475
-0.386269
-0.388078
-0.388904
-0.388939
-0.388582
-0.388339
-0.388714
-0.390033
-0.392323
-0.395255
-0.398173
-0.400343
-0.401002
-0.39963
-0.396063
-0.390673
-0.384535
-0.379321
-0.376795
-0.378027
-0.382739
-0.389442
-0.396273
-0.401721
-0.404967
-0.405832
-0.404572
-0.40168
-0.397827
-0.393766
-0.390248
-0.387907
-0.3871
-0.387801
-0.389684
-0.392185
-0.394711
-0.396777
-0.398101
-0.398566
-0.398258
-0.397429
-0.396407
-0.395586
-0.395333
-0.395882
-0.397297
-0.399437
-0.402046
-0.404789
-0.407343
-0.40944
-0.410914
-0.411628
-0.411587
-0.410836
-0.409469
-0.407649
-0.405585
-0.403494
-0.401597
-0.400031
-0.398879
-0.39816
-0.397843
-0.397872
-0.398248
-0.39896
-0.400023
-0.401441
-0.403149
-0.405029
-0.406954
-0.408819
-0.410622
-0.4125
-0.414633
-0.41721
-0.420286
-0.423749
-0.42731
-0.430582
-0.433176
-0.434763
-0.435134
-0.434237
-0.4321
-0.428923
-0.424953
-0.420458
-0.415701
-0.410929
-0.406357
-0.40231
-0.399334
-0.398114
-0.399236
-0.402802
-0.40824
-0.414423
-0.420123
-0.424415
-0.42685
-0.427452
-0.426603
-0.424879
-0.422993
-0.42159
-0.421235
-0.422299
-0.424895
-0.428939
-0.434136
-0.440098
-0.446424
-0.452769
-0.458813
-0.464367
-0.469296
-0.473507
-0.476913
-0.479449
-0.48104
-0.4816
-0.481025
-0.479183
-0.475988
-0.471421
-0.465562
-0.458707
-0.45128
-0.443896
-0.437116
-0.431375
-0.426851
-0.423426
-0.420848
-0.418796
-0.41699
-0.415214
-0.413347
-0.411393
-0.409528
-0.408095
-0.407569
-0.408359
-0.410697
-0.414509
-0.419407
-0.424833
-0.430235
-0.435155
-0.439328
-0.442632
-0.445082
-0.446754
-0.447758
-0.448209
-0.448228
-0.447922
-0.44739
-0.446687
-0.44587
-0.444995
-0.444091
-0.443186
-0.442293
-0.441434
-0.440605
-0.439823
-0.439082
-0.438365
-0.437679
-0.437006
-0.436327
-0.43562
-0.434829
-0.433929
-0.432858
-0.43156
-0.429939
-0.427908
-0.425389
-0.422294
-0.418625
-0.41445
-0.409966
-0.405531
-0.401703
-0.399138
-0.398457
-0.400026
-0.40387
-0.409551
-0.416407
-0.423667
-0.430663
-0.436966
-0.44236
-0.446865
-0.450623
-0.453907
-0.456979
-0.460119
-0.463469
-0.467101
-0.470918
-0.474712
-0.47821
-0.481107
-0.483102
-0.483919
-0.483311
-0.481098
-0.477115
-0.471265
-0.463542
-0.454106
-0.443313
-0.431811
-0.420564
-0.410717
-0.403299
-0.398873
-0.397344
-0.398085
-0.400408
-0.403995
-0.409012
-0.415736
-0.424081
-0.43341
-0.442717
-0.451036
-0.457747
-0.462583
-0.465602
-0.466989
-0.467046
-0.466108
-0.464573
-0.462908
-0.461627
-0.461227
-0.462113
-0.464459
-0.468161
-0.47284
-0.478018
-0.483217
-0.488085
-0.492404
-0.496093
-0.499114
-0.50151
-0.503317
-0.504569
-0.505302
-0.505549
-0.505308
-0.504591
-0.503399
-0.501706
-0.499444
-0.496565
-0.492975
-0.488546
-0.483211
-0.476988
-0.470104
-0.463037
-0.456564
-0.451666
-0.449185
-0.449479
-0.452201
-0.456443
-0.461078
-0.465247
-0.468591
-0.471323
-0.474026
-0.477378
-0.481749
-0.487127
-0.49314
-0.49925
-0.505003
-0.510078
-0.514318
-0.517664
-0.520118
-0.521676
-0.522321
-0.522063
-0.520955
-0.519098
-0.516694
-0.514005
-0.511319
-0.508881
-0.506838
-0.505185
-0.503758
-0.502304
-0.500528
-0.498207
-0.495218
-0.491511
-0.487186
-0.482375
-0.477303
-0.47224
-0.467535
-0.463527
-0.46051
-0.458667
-0.457954
-0.458107
-0.458661
-0.459063
-0.458873
-0.457865
-0.45617
-0.454258
-0.452931
-0.453014
-0.455215
-0.459759
-0.466341
-0.474217
-0.48236
-0.489679
-0.495199
-0.498147
-0.498031
-0.49473
-0.488714
-0.481258
-0.474423
-0.470452
-0.470725
-0.474944
-0.481377
-0.487884
-0.492869
-0.495554
-0.495854
-0.494029
-0.490505
-0.485735
-0.480165
-0.474233
-0.468352
-0.462917
-0.458242
-0.4545
-0.451647
-0.449488
-0.447705
-0.445991
-0.444119
-0.441982
-0.439623
-0.437187
-0.434981
-0.433348
-0.432684
-0.433298
-0.43525
-0.438266
-0.441688
-0.444642
-0.446268
-0.445861
-0.443124
-0.43824
-0.432015
-0.42576
-0.421023
-0.418954
-0.419848
-0.422995
-0.427152
-0.431039
-0.43372
-0.434684
-0.433803
-0.431251
-0.42755
-0.423501
-0.420173
-0.418626
-0.419544
-0.422956
-0.428301
-0.434637
-0.441072
-0.446918
-0.451823
-0.45567
-0.458499
-0.460417
-0.461537
-0.461949
-0.461737
-0.460942
-0.45959
-0.45767
-0.455158
-0.452051
-0.448294
-0.443914
-0.438944
-0.433481
-0.427704
-0.421862
-0.416251
-0.411169
-0.406842
-0.40328
-0.40021
-0.39704
-0.392961
-0.387122
-0.379039
-0.36894
-0.358055
-0.348539
-0.342775
-0.342256
-0.346682
-0.353997
-0.361325
-0.366272
-0.368001
-0.367643
-0.367779
-0.370985
-0.378066
-0.38776
-0.397859
-0.406557
-0.413086
-0.417513
-0.420306
-0.421969
-0.422893
-0.423315
-0.423342
-0.422998
-0.422293
-0.421214
-0.41979
-0.418031
-0.41597
-0.413637
-0.411037
-0.408191
-0.405089
-0.401694
-0.398002
-0.394016
-0.389786
-0.385383
-0.380968
-0.376713
-0.372835
-0.369488
-0.366768
-0.364716
-0.363328
-0.362621
-0.362645
-0.3635
-0.365271
-0.36795
-0.371376
-0.375302
-0.379425
-0.383412
-0.387025
-0.390126
-0.392655
-0.394658
-0.39618
-0.397321
-0.398179
-0.398836
-0.399364
-0.399801
-0.400178
-0.400508
-0.400771
-0.40094
-0.400996
-0.400886
-0.400554
-0.399961
-0.399051
-0.397759
-0.396079
-0.393963
-0.391445
-0.388587
-0.385467
-0.382227
-0.379024
-0.376028
-0.373419
-0.371384
-0.370167
-0.370029
-0.371191
-0.373729
-0.377527
-0.382175
-0.38715
-0.39185
-0.395803
-0.398693
-0.400363
-0.400759
-0.399924
-0.39798
-0.395048
-0.391327
-0.387003
-0.382353
-0.377695
-0.37336
-0.369648
-0.366784
-0.364911
-0.363983
-0.363901
-0.364472
-0.365518
-0.366895
-0.368517
-0.370265
-0.372041
-0.373643
-0.374736
-0.37481
-0.373248
-0.369315
-0.362421
-0.352563
-0.340965
-0.330553
-0.325207
-0.3276
-0.337192
-0.350662
-0.36425
-0.37554
-0.383756
-0.38913
-0.392299
-0.393916
-0.394544
-0.394603
-0.394367
-0.394043
-0.393734
-0.393542
-0.393491
-0.39359
-0.393843
-0.394227
-0.394739
-0.39532
-0.395927
-0.396521
-0.397033
-0.397418
-0.397602
-0.397524
-0.397101
-0.39625
-0.394882
-0.392911
-0.390232
-0.386754
-0.382393
-0.377052
-0.370729
-0.363526
-0.355757
-0.348042
-0.341292
-0.336558
-0.334687
-0.335952
-0.339885
-0.345531
-0.35182
-0.357915
-0.363326
-0.367927
-0.371779
-0.375049
-0.37792
-0.380539
-0.38304
-0.38552
-0.388039
-0.390642
-0.393339
-0.396118
-0.398937
-0.401758
-0.404498
-0.407076
-0.409423
-0.411465
-0.413123
-0.414377
-0.415179
-0.41549
-0.415296
-0.414542
-0.413236
-0.411368
-0.408949
-0.406033
-0.402721
-0.399162
-0.395595
-0.39225
-0.389376
-0.387171
-0.385735
-0.385097
-0.385181
-0.385856
-0.386898
-0.388071
-0.389082
-0.389585
-0.389194
-0.387565
-0.384377
-0.379379
-0.372535
-0.363993
-0.35434
-0.344794
-0.337297
-0.334202
-0.337257
-0.34652
-0.360132
-0.375264
-0.389432
-0.401141
-0.409824
-0.415586
-0.418779
-0.419885
-0.419398
-0.417772
-0.415432
-0.412757
-0.41005
-0.407541
-0.405357
-0.4035
-0.401866
-0.4003
-0.398584
-0.396511
-0.393944
-0.390735
-0.386868
-0.38245
-0.377767
-0.373202
-0.369283
-0.366517
-0.365229
-0.365403
-0.366716
-0.368576
-0.370295
-0.371303
-0.371216
-0.369893
-0.367465
-0.364362
-0.361217
-0.358752
-0.35756
-0.357947
-0.359847
-0.362898
-0.366616
-0.370515
-0.374248
-0.377603
-0.380469
-0.382778
-0.384532
-0.385735
-0.386389
-0.386526
-0.386175
-0.385359
-0.384132
-0.382549
-0.380697
-0.378685
-0.376686
-0.374835
-0.37331
-0.372224
-0.371609
-0.371432
-0.371543
-0.371681
-0.37155
-0.37086
-0.369392
-0.367071
-0.364025
-0.360591
-0.357258
-0.354503
-0.352533
-0.351177
-0.349919
-0.34815
-0.345454
-0.341731
-0.337306
-0.332829
-0.329125
-0.326916
-0.32667
-0.328475
-0.3321
-0.337113
-0.34301
-0.349395
-0.355962
-0.362441
-0.368629
-0.374267
-0.378997
-0.382322
-0.383601
-0.382026
-0.376792
-0.367398
-0.354379
-0.340147
-0.329099
-0.325716
-0.331338
-0.343105
-0.356225
-0.367035
-0.374015
-0.377247
-0.377521
-0.375775
-0.372892
-0.369591
-0.366414
-0.363768
-0.36185
-0.360721
-0.360271
-0.360339
-0.360756
-0.361404
-0.36227
-0.363356
-0.364687
-0.366178
-0.367679
-0.368979
-0.369871
-0.370252
-0.370126
-0.369655
-0.369062
-0.36857
-0.368378
-0.36856
-0.369072
-0.369826
-0.370663
-0.371393
-0.371859
-0.371874
-0.371293
-0.369942
-0.367667
-0.364362
-0.359983
-0.354678
-0.348879
-0.343332
-0.339057
-0.337073
-0.337998
-0.341764
-0.347592
-0.35433
-0.360899
-0.366508
-0.370738
-0.373459
-0.37475
-0.374804
-0.37383
-0.372061
-0.369758
-0.367144
-0.36444
-0.361852
-0.359542
-0.357598
-0.356073
-0.354919
-0.354068
-0.353415
-0.352845
-0.352252
-0.351575
-0.350786
-0.349873
-0.34886
-0.347774
-0.346632
-0.34546
-0.344274
-0.343057
-0.341828
-0.340547
-0.339229
-0.337862
-0.336497
-0.33516
-0.333875
-0.332693
-0.331623
-0.330673
-0.329823
-0.329044
-0.328276
-0.327484
-0.326629
-0.32568
-0.324629
-0.323477
-0.322239
-0.320931
-0.31957
-0.318168
-0.316743
-0.315311
-0.313921
-0.312617
-0.311471
-0.31054
-0.309898
-0.30959
-0.309651
-0.310048
-0.310791
-0.311827
-0.313127
-0.314643
-0.31635
-0.318223
-0.320211
-0.322306
-0.324449
-0.326604
-0.328718
-0.330737
-0.332623
-0.334318
-0.335756
-0.336844
-0.337502
-0.337619
-0.337074
-0.335731
-0.333423
-0.330019
-0.325468
-0.319848
-0.313437
-0.306739
-0.300527
-0.295643
-0.292821
-0.292442
-0.294457
-0.298386
-0.303495
-0.30895
-0.314047
-0.318184
-0.320989
-0.322256
-0.321914
-0.319965
-0.316476
-0.311582
-0.305494
-0.29849
-0.290975
-0.28347
-0.276554
-0.270799
-0.266646
-0.264334
-0.263847
-0.264967
-0.267275
-0.270291
-0.273485
-0.276432
-0.278923
-0.280972
-0.282907
-0.285176
-0.288143
-0.291943
-0.296354
-0.300939
-0.305247
-0.308951
-0.311936
-0.314271
-0.316081
-0.317538
-0.318735
-0.31971
-0.320379
-0.32062
-0.320287
-0.319222
-0.317281
-0.314366
-0.310457
-0.305656
-0.300236
-0.294643
-0.289465
-0.285385
-0.282957
-0.282495
-0.283995
-0.28715
-0.291459
-0.296386
-0.301413
-0.306125
-0.310157
-0.313217
-0.315041
-0.31541
-0.31411
-0.310963
-0.305825
-0.298655
-0.289604
-0.27908
-0.267873
-0.257215
-0.248602
-0.24348
-0.242632
-0.245892
-0.252261
-0.260412
-0.269119
-0.277566
-0.285349
-0.292382
-0.298789
-0.304769
-0.310431
-0.315737
-0.320469
-0.324308
-0.326884
-0.32792
-0.327252
-0.324853
-0.320837
-0.315488
-0.309177
-0.302426
-0.295752
-0.289668
-0.284515
-0.28045
-0.277419
-0.275203
-0.273518
-0.272111
-0.270816
-0.269627
-0.268709
-0.268373
-0.268999
-0.270893
-0.274226
-0.278885
-0.284563
-0.290813
-0.2972
-0.303326
-0.308932
-0.313877
-0.318105
-0.321618
-0.324468
-0.326728
-0.328447
-0.32972
-0.330612
-0.331167
-0.331462
-0.331499
-0.331338
-0.330983
-0.330465
-0.329778
-0.328923
-0.327896
-0.326701
-0.32533
-0.323795
-0.322092
-0.320232
-0.318259
-0.316205
-0.314144
-0.312122
-0.310197
-0.308413
-0.306794
-0.305327
-0.303967
-0.302652
-0.301316
-0.299886
-0.298328
-0.296663
-0.294971
-0.293379
-0.292026
-0.29109
-0.290721
-0.291019
-0.291987
-0.293554
-0.295579
-0.297844
-0.300105
-0.302128
-0.303738
-0.304834
-0.305451
-0.305703
-0.305804
-0.306003
-0.306564
-0.307639
-0.309293
-0.311454
-0.313936
-0.316559
-0.319115
-0.321446
-0.323461
-0.325119
-0.326415
-0.327375
-0.328008
-0.328367
-0.328462
-0.328348
-0.328048
-0.327562
-0.326918
-0.326122
-0.325201
-0.324161
-0.323012
-0.321782
-0.320497
-0.319203
-0.317975
-0.316858
-0.315938
-0.315286
-0.314884
-0.31473
-0.314793
-0.315015
-0.315363
-0.315866
-0.316578
-0.317557
-0.318898
-0.320637
-0.322745
-0.325154
-0.327729
-0.330314
-0.332743
-0.334916
-0.336755
-0.338201
-0.339244
-0.339891
-0.340194
-0.340242
-0.340128
-0.340012
-0.340046
-0.34035
-0.341045
-0.342141
-0.343575
-0.345158
-0.346661
-0.347812
-0.348369
-0.348116
-0.346918
-0.344725
-0.341558
-0.337557
-0.332952
-0.3281
-0.323451
-0.31947
-0.31661
-0.315198
-0.315346
-0.316966
-0.319777
-0.323417
-0.327517
-0.33179
-0.336013
-0.340067
-0.343862
-0.347338
-0.350447
-0.353141
-0.355387
-0.357158
-0.358452
-0.35933
-0.359809
-0.359955
-0.359841
-0.359542
-0.359128
-0.358668
-0.358233
-0.357855
-0.357591
-0.357468
-0.357504
-0.357729
-0.358142
-0.358745
-0.359557
-0.360525
-0.361622
-0.362769
-0.36389
-0.364883
-0.365654
-0.366095
-0.366103
-0.365575
-0.36446
-0.362756
-0.360504
-0.357842
-0.354981
-0.352133
-0.349565
-0.347478
-0.34603
-0.345271
-0.345218
-0.345834
-0.347094
-0.348926
-0.351249
-0.353962
-0.356922
-0.359989
-0.363044
-0.366017
-0.368878
-0.371626
-0.374284
-0.376856
-0.379344
-0.381722
-0.383981
-0.386087
-0.388027
-0.389777
-0.391333
-0.392716
-0.393916
-0.394966
-0.395857
-0.396607
-0.397207
-0.397673
-0.398003
-0.398192
-0.398226
-0.398096
-0.397823
-0.397418
-0.396919
-0.396389
-0.39588
-0.395469
-0.395241
-0.395277
-0.39558
-0.396133
-0.396861
-0.397632
-0.398275
-0.39865
-0.398695
-0.398411
-0.397963
-0.397625
-0.397648
-0.398227
-0.399365
-0.400909
-0.402601
-0.404217
-0.405649
-0.406967
-0.408403
-0.410205
-0.412576
-0.415587
-0.419133
-0.423052
-0.42709
-0.431019
-0.434662
-0.437872
-0.440567
-0.442721
-0.444272
-0.445264
-0.445727
-0.445748
-0.445457
-0.445059
-0.44474
-0.444745
-0.445229
-0.446257
-0.447755
-0.449545
-0.451383
-0.452971
-0.454053
-0.454421
-0.453936
-0.452551
-0.450283
-0.447213
-0.443475
-0.439284
-0.434923
-0.430676
-0.426847
-0.423697
-0.42138
-0.419875
-0.418987
-0.418376
-0.417635
-0.416432
-0.414611
-0.412244
-0.409561
-0.406945
-0.404642
-0.402752
-0.401171
-0.399726
-0.39829
-0.396883
-0.395656
-0.394868
-0.394871
-0.396026
-0.398599
-0.40272
-0.40824
-0.414748
-0.421671
-0.428383
-0.434393
-0.439379
-0.443187
-0.445828
-0.447382
-0.447966
-0.447695
-0.44667
-0.444976
-0.442659
-0.439785
-0.43639
-0.432538
-0.428318
-0.42385
-0.41929
-0.41481
-0.41058
-0.406757
-0.403431
-0.400638
-0.398328
-0.396379
-0.39466
-0.393034
-0.391383
-0.389665
-0.387876
-0.386041
-0.384207
-0.382424
-0.380766
-0.379334
-0.378284
-0.377898
-0.378467
-0.380231
-0.383276
-0.387414
-0.392319
-0.397467
-0.402413
-0.406821
-0.410442
-0.413191
-0.415078
-0.416138
-0.416475
-0.416116
-0.415155
-0.413643
-0.411608
-0.409095
-0.406146
-0.402813
-0.399178
-0.395301
-0.391268
-0.387117
-0.382918
-0.378687
-0.374424
-0.37014
-0.365832
-0.361545
-0.35739
-0.353634
-0.350776
-0.349585
-0.350901
-0.355267
-0.362554
-0.37187
-0.381871
-0.391244
-0.399038
-0.404794
-0.408423
-0.41007
-0.40998
-0.408517
-0.406021
-0.402897
-0.399509
-0.396194
-0.393204
-0.390679
-0.388657
-0.387124
-0.386013
-0.385259
-0.384802
-0.384612
-0.384597
-0.384677
-0.384707
-0.384572
-0.384159
-0.383409
-0.382313
-0.38095
-0.379408
-0.377762
-0.376098
-0.374457
-0.372856
-0.371301
-0.369818
-0.368449
-0.367312
-0.366541
-0.366351
-0.366953
-0.368518
-0.371103
-0.374579
-0.37867
-0.382998
-0.387168
-0.390843
-0.393854
-0.396163
-0.39786
-0.399032
-0.399746
-0.399963
-0.399505
-0.398165
-0.395679
-0.391917
-0.386914
-0.380963
-0.374544
-0.368217
-0.362403
-0.357287
-0.352837
-0.348999
-0.345862
-0.343646
-0.342477
-0.34226
-0.342736
-0.343819
-0.345785
-0.349085
-0.353946
-0.359925
-0.365936
-0.370589
-0.372626
-0.371261
-0.366522
-0.35953
-0.352697
-0.34921
-0.351481
-0.359523
-0.370875
-0.382207
-0.39102
-0.396244
-0.397943
-0.396758
-0.393499
-0.388983
-0.38391
-0.378839
-0.374159
-0.370134
-0.366899
-0.364469
-0.362812
-0.361808
-0.36133
-0.361255
-0.361414
-0.361674
-0.361905
-0.362015
-0.361981
-0.361907
-0.361997
-0.362513
-0.363679
-0.365549
-0.367979
-0.370649
-0.373085
-0.374855
-0.375593
-0.375071
-0.373215
-0.37008
-0.365829
-0.360743
-0.35516
-0.349507
-0.34424
-0.339819
-0.336675
-0.335069
-0.335076
-0.33653
-0.339076
-0.342209
-0.345431
-0.348374
-0.350813
-0.352709
-0.354164
-0.355361
-0.356492
-0.357692
-0.359012
-0.360389
-0.361694
-0.362715
-0.363243
-0.36305
-0.361943
-0.359788
-0.356565
-0.352452
-0.347823
-0.34338
-0.340011
-0.338527
-0.339392
-0.342506
-0.347241
-0.352735
-0.358207
-0.363112
-0.367205
-0.370439
-0.372931
-0.374774
-0.376111
-0.377027
-0.377587
-0.377836
-0.377811
-0.377552
-0.3771
-0.376498
-0.37579
-0.374986
-0.374103
-0.373113
-0.371992
-0.370671
-0.369112
-0.367286
-0.365183
-0.362853
-0.360369
-0.357858
-0.355468
-0.353374
-0.351779
-0.350893
-0.350927
-0.352006
-0.354199
-0.357456
-0.361593
-0.366332
-0.371353
-0.376371
-0.381135
-0.385442
-0.389174
-0.392233
-0.394608
-0.396262
-0.397229
-0.397525
-0.39723
-0.396412
-0.395218
-0.393798
-0.392372
-0.391122
-0.390227
-0.389829
-0.38999
-0.390669
-0.391773
-0.393146
-0.394658
-0.396161
-0.397557
-0.39876
-0.399734
-0.400472
-0.400986
-0.401261
-0.401312
-0.401153
-0.400771
-0.400163
-0.399311
-0.39819
-0.396788
-0.395138
-0.393274
-0.391336
-0.389469
-0.38787
-0.386718
-0.386126
-0.386084
-0.386467
-0.387043
-0.387601
-0.388015
-0.388297
-0.388626
-0.389282
-0.390529
-0.39256
-0.395361
-0.398782
-0.40255
-0.406343
-0.409896
-0.413008
-0.4155
-0.417267
-0.418241
-0.41835
-0.41754
-0.415833
-0.413272
-0.410015
-0.406292
-0.402452
-0.398931
-0.396194
-0.394647
-0.394547
-0.395951
-0.398707
-0.402487
-0.406883
-0.41149
-0.41597
-0.420082
-0.423677
-0.426704
-0.429163
-0.431092
-0.432563
-0.433628
-0.434313
-0.434688
-0.434742
-0.434468
-0.433841
-0.432835
-0.431434
-0.429654
-0.427611
-0.425455
-0.42343
-0.421852
-0.421032
-0.421156
-0.422247
-0.424103
-0.42636
-0.428564
-0.430261
-0.43106
-0.430704
-0.429041
-0.426099
-0.421997
-0.41693
-0.411171
-0.405008
-0.39876
-0.392878
-0.387914
-0.38454
-0.383311
-0.384288
-0.386904
-0.390015
-0.392435
-0.393534
-0.393681
-0.394101
-0.396374
-0.401558
-0.409609
-0.419425
-0.429503
-0.438552
-0.445753
-0.450753
-0.453424
-0.453745
-0.451673
-0.447129
-0.440088
-0.430752
-0.41975
-0.408389
-0.398529
-0.392049
-0.390036
-0.392345
-0.397895
-0.405308
-0.41354
-0.42192
-0.430053
-0.437689
-0.444589
-0.450558
-0.455435
-0.459108
-0.461523
-0.46266
-0.462518
-0.461133
-0.458598
-0.455065
-0.450741
-0.445976
-0.441178
-0.436785
-0.433205
-0.430681
-0.429212
-0.428551
-0.428199
-0.427435
-0.425506
-0.421666
-0.415328
-0.406216
-0.394653
-0.381719
-0.369304
-0.359706
-0.3548
-0.355183
-0.360067
-0.367768
-0.376525
-0.384955
-0.392237
-0.398036
-0.402329
-0.405279
-0.407198
-0.408369
-0.409108
-0.409649
-0.410154
-0.410725
-0.411374
-0.412076
-0.41276
-0.413352
-0.413793
-0.414041
-0.414044
-0.413833
-0.413405
-0.412776
-0.411996
-0.411062
-0.410015
-0.408847
-0.407573
-0.406194
-0.404681
-0.403018
-0.401176
-0.399118
-0.396797
-0.394177
-0.391226
-0.38793
-0.384305
-0.380385
-0.376281
-0.372113
-0.368046
-0.364238
-0.360752
-0.357605
-0.354694
-0.351857
-0.348949
-0.345888
-0.342853
-0.340217
-0.338556
-0.338369
-0.339883
-0.342928
-0.346994
-0.351422
-0.355634
-0.359219
-0.361974
-0.363866
-0.364961
-0.365394
-0.365336
-0.364959
-0.364434
-0.363897
-0.363468
-0.363215
-0.363174
-0.363328
-0.363655
-0.364081
-0.364553
-0.364995
-0.365352
-0.365576
-0.365625
-0.365488
-0.365168
-0.364665
-0.364012
-0.36324
-0.362427
-0.361591
-0.360815
-0.36016
-0.359664
-0.359389
-0.35932
-0.359428
-0.359613
-0.359711
-0.359458
-0.358555
-0.356594
-0.353135
-0.3478
-0.340486
-0.331583
-0.322239
-0.314222
-0.309358
-0.308647
-0.311707
-0.317134
-0.323346
-0.329267
-0.334429
-0.338846
-0.342652
-0.346006
-0.348917
-0.351302
-0.353052
-0.353986
-0.353991
-0.353033
-0.351203
-0.348721
-0.345927
-0.343241
-0.34107
-0.339733
-0.339363
-0.339911
-0.341177
-0.342912
-0.34487
-0.346861
-0.348821
-0.35071
-0.352548
-0.354327
-0.356049
-0.357716
-0.359296
-0.36076
-0.362055
-0.363134
-0.363958
-0.364509
-0.364764
-0.364725
-0.364419
-0.3639
-0.36322
-0.362477
-0.361797
-0.361266
-0.360992
-0.361036
-0.361386
-0.361979
-0.362673
-0.363286
-0.363613
-0.363488
-0.362755
-0.36138
-0.359407
-0.357
-0.354435
-0.352045
-0.350198
-0.349149
-0.349025
-0.349758
-0.351121
-0.352784
-0.354376
-0.355574
-0.35617
-0.356081
-0.355355
-0.354142
-0.352666
-0.351211
-0.350027
-0.349344
-0.349324
-0.349993
-0.351305
-0.353116
-0.355211
-0.357385
-0.359452
-0.361235
-0.362635
-0.363622
-0.364181
-0.364366
-0.364264
-0.363979
-0.363654
-0.363397
-0.363319
-0.363506
-0.363961
-0.364687
-0.365616
-0.366691
-0.367852
-0.369036
-0.370199
-0.371317
-0.372399
-0.373428
-0.374439
-0.375442
-0.376458
-0.377482
-0.378519
-0.379564
-0.380577
-0.381536
-0.382408
-0.383154
-0.383777
-0.384266
-0.384644
-0.384958
-0.385221
-0.385461
-0.385663
-0.385751
-0.385618
-0.385095
-0.384018
-0.382247
-0.379729
-0.376571
-0.373049
-0.369595
-0.366718
-0.364808
-0.364112
-0.364547
-0.365871
-0.367776
-0.369973
-0.372295
-0.374646
-0.376939
-0.379097
-0.381026
-0.382622
-0.383806
-0.384547
-0.384893
-0.384951
-0.38491
-0.385049
-0.38561
-0.386808
-0.388759
-0.391416
-0.394617
-0.398121
-0.401657
-0.404988
-0.407957
-0.410448
-0.412456
-0.413998
-0.415138
-0.415976
-0.416629
-0.417191
-0.417769
-0.418453
-0.419292
-0.420315
-0.42151
-0.422819
-0.424131
-0.425361
-0.426355
-0.426945
-0.426975
-0.426295
-0.424769
-0.422261
-0.41871
-0.414099
-0.408507
-0.402127
-0.395306
-0.388555
-0.382544
-0.378027
-0.37574
-0.376236
-0.379628
-0.385592
-0.393374
-0.402035
-0.410656
-0.418541
-0.425269
-0.43067
-0.434716
-0.437509
-0.439127
-0.439608
-0.438946
-0.437068
-0.433938
-0.429642
-0.424513
-0.419223
-0.41473
-0.412004
-0.411694
-0.41381
-0.417696
-0.422417
-0.427089
-0.431148
-0.434384
-0.436814
-0.438619
-0.440042
-0.441294
-0.442541
-0.443915
-0.445461
-0.447192
-0.449082
-0.451065
-0.453086
-0.455048
-0.45684
-0.458364
-0.459492
-0.460056
-0.459869
-0.458719
-0.456343
-0.452489
-0.447013
-0.44
-0.431947
-0.423918
-0.417396
-0.413773
-0.413678
-0.416562
-0.421053
-0.425557
-0.42895
-0.430744
-0.431007
-0.430192
-0.428909
-0.427741
-0.427085
-0.427141
-0.427854
-0.42905
-0.430506
-0.432026
-0.433442
-0.434642
-0.435448
-0.435641
-0.434938
-0.432978
-0.429358
-0.423762
-0.416074
-0.406526
-0.39584
-0.385153
-0.375862
-0.36928
-0.366519
-0.368295
-0.374697
-0.384883
-0.397222
-0.409808
-0.421098
-0.430244
-0.437027
-0.441646
-0.444489
-0.446006
-0.446583
-0.446543
-0.44608
-0.445322
-0.444257
-0.442801
-0.440723
-0.437686
-0.433262
-0.426964
-0.418448
-0.407735
-0.395706
-0.384253
-0.375919
-0.372708
-0.374892
-0.380894
-0.388429
-0.395713
-0.401899
-0.406864
-0.410844
-0.414108
-0.416838
-0.419126
-0.420983
-0.422415
-0.423345
-0.423706
-0.423384
-0.422262
-0.420253
-0.417359
-0.413748
-0.40972
-0.405767
-0.402441
-0.40021
-0.39929
-0.399562
-0.400653
-0.402083
-0.4034
-0.404299
-0.404632
-0.404371
-0.40354
-0.402226
-0.40051
-0.398463
-0.396108
-0.393481
-0.390641
-0.387667
-0.384712
-0.382009
-0.37984
-0.378517
-0.378306
-0.379324
-0.381488
-0.384553
-0.388148
-0.391865
-0.395313
-0.398207
-0.400386
-0.401801
-0.402532
-0.402753
-0.402651
-0.40233
-0.401797
-0.400882
-0.399274
-0.396625
-0.3926
-0.386942
-0.379532
-0.370427
-0.359916
-0.348701
-0.338031
-0.329612
-0.325206
-0.325875
-0.331319
-0.340002
-0.349803
-0.358787
-0.365715
-0.370101
-0.372203
-0.372786
-0.372824
-0.373214
-0.374465
-0.376613
-0.379294
-0.38191
-0.383862
-0.38463
-0.383742
-0.380766
-0.375231
-0.366772
-0.355454
-0.34247
-0.330697
-0.324177
-0.325979
-0.335845
-0.350338
-0.365289
-0.377923
-0.387287
-0.393617
-0.397659
-0.400211
-0.4019
-0.403191
-0.404353
-0.405503
-0.406639
-0.407719
-0.408675
-0.409418
-0.409884
-0.410029
-0.40979
-0.409166
-0.40811
-0.406597
-0.404638
-0.402205
-0.399336
-0.396074
-0.392545
-0.388913
-0.385431
-0.382362
-0.379922
-0.378265
-0.377412
-0.37724
-0.377614
-0.378385
-0.379465
-0.380848
-0.382557
-0.384615
-0.387031
-0.389714
-0.392535
-0.395333
-0.397927
-0.400137
-0.401786
-0.402756
-0.402956
-0.402308
-0.400834
-0.398587
-0.395674
-0.39226
-0.388504
-0.384563
-0.380509
-0.376345
-0.371913
-0.366906
-0.360857
-0.353295
-0.344043
-0.333805
-0.324648
-0.319752
-0.321832
-0.33115
-0.345214
-0.360403
-0.373921
-0.384473
-0.391952
-0.396803
-0.399658
-0.401044
-0.401431
-0.401107
-0.400291
-0.399108
-0.397638
-0.39593
-0.394026
-0.391924
-0.38964
-0.387179
-0.38457
-0.381839
-0.379015
-0.37613
-0.373215
-0.370303
-0.367426
-0.364595
-0.361804
-0.359004
-0.35617
-0.353278
-0.350334
-0.347466
-0.344911
-0.343027
-0.342187
-0.342675
-0.344562
-0.347623
-0.351422
-0.355399
-0.359081
-0.362119
-0.364328
-0.365669
-0.366225
-0.36615
-0.365647
-0.364959
-0.364293
-0.363823
-0.363644
-0.363788
-0.364174
-0.364705
-0.365248
-0.365631
-0.365738
-0.365478
-0.364781
-0.363602
-0.361927
-0.359823
-0.357384
-0.354758
-0.352201
-0.34998
-0.348402
-0.347691
-0.347978
-0.34924
-0.351317
-0.353985
-0.356955
-0.360002
-0.362973
-0.365744
-0.36829
-0.370582
-0.372652
-0.374509
-0.37618
-0.377681
-0.379016
-0.38017
-0.38114
-0.381898
-0.382424
-0.382683
-0.382651
-0.382295
-0.381598
-0.380547
-0.37912
-0.377333
-0.375173
-0.372619
-0.369661
-0.366297
-0.362623
-0.358822
-0.355333
-0.352722
-0.351638
-0.352597
-0.355739
-0.360729
-0.366913
-0.37353
-0.379941
-0.385737
-0.3907
-0.394795
-0.398071
-0.4006
-0.402459
-0.403755
-0.404542
-0.404892
-0.404863
-0.404536
-0.403968
-0.4032
-0.402264
-0.401168
-0.399947
-0.398623
-0.397276
-0.396026
-0.395042
-0.394487
-0.394555
-0.395351
-0.396909
-0.399146
-0.401907
-0.404945
-0.408019
-0.410937
-0.413532
-0.415688
-0.417355
-0.418485
-0.419055
-0.419033
-0.418377
-0.417079
-0.415174
-0.412723
-0.409825
-0.406606
-0.403191
-0.39966
-0.396003
-0.392084
-0.38767
-0.382495
-0.376415
-0.369615
-0.36288
-0.357578
-0.355244
-0.356822
-0.36207
-0.3697
-0.378069
-0.385851
-0.39238
-0.3975
-0.401318
-0.404044
-0.40582
-0.406754
-0.406873
-0.406165
-0.404568
-0.401967
-0.398269
-0.393424
-0.387489
-0.380735
-0.373702
-0.367217
-0.362222
-0.359507
-0.359346
-0.361448
-0.36509
-0.369412
-0.373706
-0.377518
-0.380612
-0.382926
-0.38448
-0.385314
-0.385486
-0.385057
-0.384067
-0.382581
-0.380667
-0.378377
-0.375807
-0.373076
-0.370294
-0.367579
-0.365056
-0.362814
-0.360882
-0.359253
-0.357816
-0.356437
-0.354925
-0.353121
-0.350885
-0.348219
-0.345293
-0.342435
-0.340114
-0.338813
-0.338886
-0.340478
-0.343429
-0.347374
-0.351867
-0.356504
-0.360983
-0.365117
-0.368796
-0.372013
-0.37475
-0.37703
-0.378852
-0.38022
-0.381137
-0.381571
-0.381505
-0.380909
-0.379747
-0.377996
-0.375669
-0.372827
-0.369571
-0.366083
-0.362621
-0.359483
-0.357035
-0.3556
-0.355384
-0.356392
-0.358389
-0.360967
-0.363527
-0.365433
-0.366117
-0.365064
-0.361937
-0.356558
-0.349021
-0.339747
-0.329542
-0.319546
-0.311076
-0.305382
-0.30327
-0.304942
-0.30995
-0.31739
-0.326157
-0.335272
-0.344047
-0.352081
-0.359244
-0.365551
-0.371057
-0.375807
-0.379827
-0.383129
-0.38571
-0.387599
-0.388794
-0.389353
-0.389299
-0.388676
-0.387508
-0.385818
-0.38363
-0.380987
-0.377936
-0.374578
-0.371047
-0.367505
-0.364179
-0.361295
-0.359089
-0.357692
-0.357175
-0.357497
-0.358536
-0.360065
-0.361867
-0.363708
-0.365407
-0.366795
-0.367776
-0.368307
-0.368421
-0.368217
-0.367839
-0.367485
-0.367353
-0.367623
-0.368407
-0.369716
-0.371475
-0.373488
-0.375528
-0.377331
-0.37868
-0.379402
-0.379384
-0.37861
-0.377121
-0.375053
-0.372622
-0.370109
-0.367802
-0.365955
-0.364712
-0.364054
-0.363849
-0.363876
-0.363872
-0.363633
-0.363045
-0.362085
-0.360858
-0.359546
-0.35842
-0.357761
-0.357733
-0.358398
-0.359695
-0.361363
-0.363126
-0.364763
-0.366118
-0.367141
-0.367873
-0.368401
-0.368838
-0.369284
-0.369818
-0.370495
-0.371371
-0.372441
-0.373709
-0.37515
-0.376771
-0.378518
-0.380348
-0.382195
-0.384047
-0.385849
-0.387581
-0.389211
-0.39073
-0.392146
-0.39346
-0.394695
-0.395862
-0.396985
-0.398069
-0.399126
-0.400202
-0.401297
-0.40243
-0.403592
-0.404785
-0.405981
-0.407132
-0.408173
-0.408998
-0.409462
-0.409397
-0.408553
-0.406704
-0.403578
-0.398939
-0.392629
-0.38465
-0.375287
-0.365173
-0.355287
-0.346872
-0.341172
-0.339096
-0.340971
-0.346376
-0.354233
-0.363162
-0.371878
-0.379541
-0.385805
-0.390806
-0.394893
-0.398422
-0.401401
-0.403424
-0.403843
-0.402284
-0.399226
-0.396322
-0.395929
-0.399835
-0.408019
-0.418616
-0.429134
-0.437649
-0.44326
-0.445985
-0.446367
-0.44518
-0.443233
-0.441236
-0.439715
-0.439002
-0.439177
-0.440241
-0.442105
-0.444626
-0.44762
-0.450849
-0.454032
-0.456937
-0.459348
-0.461131
-0.462219
-0.462611
-0.462319
-0.461409
-0.459941
-0.45793
-0.455285
-0.451824
-0.447223
-0.441163
-0.433376
-0.423888
-0.413185
-0.402216
-0.392321
-0.384859
-0.380827
-0.380571
-0.383851
-0.390058
-0.39851
-0.408519
-0.419403
-0.430502
-0.44118
-0.450902
-0.459289
-0.466057
-0.471085
-0.474327
-0.475814
-0.475632
-0.473918
-0.470913
-0.466942
-0.462451
-0.457955
-0.453987
-0.450987
-0.449282
-0.449012
-0.450266
-0.453065
-0.457355
-0.462934
-0.469366
-0.476027
-0.482283
-0.48756
-0.491459
-0.493768
-0.494449
-0.493581
-0.491397
-0.488162
-0.484245
-0.480043
-0.475864
-0.471964
-0.468456
-0.465341
-0.462585
-0.460107
-0.457901
-0.455978
-0.454409
-0.453225
-0.452399
-0.451831
-0.451383
-0.450893
-0.450242
-0.449425
-0.448509
-0.447627
-0.446976
-0.446691
-0.446852
-0.447423
-0.448235
-0.449024
-0.449454
-0.449083
-0.447453
-0.44408
-0.438544
-0.430642
-0.420644
-0.409489
-0.398821
-0.390632
-0.38651
-0.387012
-0.391541
-0.398748
-0.407085
-0.415223
-0.422181
-0.427431
-0.430808
-0.432453
-0.4327
