1.19948
1.19862
1.19769
1.19688
1.1963
1.19597
1.19587
1.19589
1.19593
1.1959
1.1957
1.1953
1.19469
1.19391
1.19298
1.19194
1.19083
1.18967
1.18851
1.18743
1.18654
1.18602
1.18603
1.18669
1.18803
1.18998
1.19235
1.19493
1.19749
1.19986
1.20191
1.20359
1.20485
1.20572
1.2062
1.20636
1.20625
1.20596
1.20561
1.20534
1.20528
1.20553
1.20612
1.20695
1.20785
1.20851
1.20855
1.20755
1.20509
1.20087
1.19485
1.18754
1.1802
1.17465
1.17252
1.17424
1.17877
1.18426
1.18906
1.19219
1.19337
1.19278
1.19093
1.18847
1.18612
1.18439
1.18347
1.18316
1.18303
1.18275
1.18225
1.18184
1.18199
1.18306
1.18514
1.18797
1.19111
1.19414
1.19678
1.19899
1.20086
1.20262
1.20451
1.20672
1.20936
1.21242
1.21578
1.21925
1.22258
1.22555
1.22791
1.22948
1.23009
1.2296
1.22794
1.22503
1.22087
1.21553
1.20916
1.20198
1.19432
1.18654
1.17901
1.17209
1.1661
1.16135
1.1582
1.15699
1.15801
1.16139
1.16698
1.17435
1.18287
1.19183
1.20062
1.20875
1.21592
1.22196
1.22684
1.23059
1.23328
1.23502
1.2359
1.23603
1.23552
1.23446
1.23293
1.23102
1.22883
1.22643
1.22395
1.22147
1.21911
1.21693
1.21502
1.21337
1.21199
1.2108
1.20973
1.20868
1.20755
1.20628
1.20483
1.20319
1.2014
1.19954
1.19771
1.19604
1.19464
1.19361
1.19301
1.19287
1.19316
1.19383
1.19479
1.19593
1.19715
1.19834
1.19944
1.20038
1.20113
1.20165
1.20194
1.20197
1.20175
1.20126
1.20051
1.1995
1.19826
1.19681
1.19517
1.19339
1.19152
1.18962
1.18772
1.18589
1.18415
1.18253
1.18105
1.17969
1.17847
1.17738
1.17645
1.17571
1.17521
1.17499
1.17507
1.17543
1.176
1.17666
1.17728
1.17775
1.17798
1.17791
1.17755
1.17693
1.17611
1.17515
1.17411
1.17301
1.17186
1.17067
1.16948
1.16835
1.16736
1.16665
1.16631
1.16641
1.16695
1.16787
1.16906
1.17042
1.17183
1.17317
1.17437
1.17536
1.17609
1.17654
1.17668
1.17649
1.17595
1.17506
1.1738
1.17216
1.17014
1.16775
1.16502
1.16206
1.15897
1.15595
1.15317
1.15081
1.14899
1.14776
1.14706
1.14676
1.14674
1.14687
1.14705
1.14724
1.14745
1.14767
1.14795
1.14829
1.14871
1.14922
1.14979
1.15043
1.15112
1.15184
1.1526
1.15339
1.1542
1.15503
1.15588
1.15672
1.15754
1.1583
1.15895
1.15947
1.15978
1.15985
1.15962
1.15904
1.15806
1.15661
1.15462
1.15204
1.1488
1.14493
1.14061
1.13629
1.13266
1.13057
1.13065
1.13301
1.13713
1.14212
1.14705
1.15131
1.15458
1.1568
1.15805
1.15846
1.15819
1.15738
1.15615
1.15466
1.15309
1.15164
1.1505
1.14983
1.14969
1.15002
1.15063
1.15126
1.15162
1.15149
1.15075
1.14948
1.14793
1.14652
1.14571
1.14587
1.1471
1.14923
1.15188
1.15461
1.15703
1.15896
1.16032
1.16118
1.1617
1.16206
1.1624
1.16285
1.16346
1.16422
1.16506
1.16593
1.16674
1.16746
1.16804
1.16849
1.16878
1.16893
1.16895
1.16883
1.16859
1.16824
1.16779
1.16726
1.1667
1.16614
1.16562
1.16519
1.16489
1.16473
1.1647
1.16479
1.16495
1.16513
1.16527
1.16532
1.16527
1.16512
1.1649
1.16466
1.16447
1.1644
1.16451
1.16482
1.16534
1.16602
1.16681
1.16762
1.16839
1.16905
1.16958
1.16993
1.17011
1.17012
1.16999
1.16976
1.16948
1.1692
1.169
1.16894
1.16907
1.16943
1.17002
1.17082
1.17176
1.17278
1.17377
1.17467
1.17539
1.17588
1.17612
1.1761
1.17586
1.17544
1.17495
1.17448
1.17414
1.174
1.17413
1.17451
1.17508
1.17575
1.17638
1.17688
1.17717
1.17723
1.17706
1.17674
1.17636
1.17604
1.17589
1.17601
1.17647
1.17726
1.17834
1.17959
1.18087
1.18199
1.18278
1.18308
1.18277
1.1818
1.18019
1.17804
1.17553
1.17293
1.17053
1.16863
1.16746
1.1672
1.16792
1.16963
1.17219
1.17539
1.17893
1.18253
1.18592
1.18891
1.1914
1.19331
1.1946
1.19525
1.19523
1.19453
1.19316
1.19117
1.18868
1.18589
1.18308
1.18055
1.17857
1.17727
1.17662
1.17643
1.17646
1.17645
1.17623
1.17573
1.17496
1.174
1.17295
1.17192
1.17101
1.17032
1.16995
1.16999
1.17049
1.1715
1.17298
1.17486
1.17698
1.17915
1.18119
1.18293
1.18423
1.18502
1.18527
1.18498
1.18422
1.18307
1.18163
1.18005
1.17846
1.17701
1.17583
1.17499
1.17455
1.17447
1.17468
1.17507
1.17551
1.17589
1.17613
1.1762
1.17608
1.17581
1.17546
1.1751
1.1748
1.17465
1.1747
1.17499
1.17555
1.17636
1.17738
1.17854
1.17978
1.18098
1.18205
1.18288
1.18338
1.18348
1.18308
1.18215
1.18064
1.17852
1.17578
1.17246
1.16869
1.1647
1.1609
1.1578
1.15592
1.15555
1.15666
1.15888
1.16164
1.16435
1.16657
1.16803
1.16861
1.16832
1.16727
1.16561
1.16356
1.16136
1.15926
1.15747
1.1562
1.15556
1.15557
1.15616
1.15721
1.15854
1.15998
1.16139
1.16267
1.16378
1.16474
1.16561
1.16646
1.16738
1.16841
1.16956
1.17078
1.17197
1.17303
1.17387
1.17443
1.17467
1.17463
1.17434
1.17388
1.17333
1.17276
1.17225
1.17182
1.17151
1.17129
1.17114
1.17099
1.17076
1.17036
1.16968
1.16864
1.16715
1.16524
1.163
1.16069
1.15864
1.1572
1.15657
1.15673
1.15741
1.15821
1.15881
1.15905
1.15901
1.15893
1.15912
1.15979
1.16099
1.16259
1.16436
1.16606
1.16752
1.16865
1.16943
1.1699
1.17016
1.17027
1.17031
1.17034
1.17034
1.17029
1.17012
1.16977
1.16917
1.16831
1.16723
1.16603
1.16484
1.16384
1.16318
1.16298
1.16331
1.16415
1.16542
1.16699
1.16873
1.17051
1.17223
1.17381
1.17523
1.17648
1.17757
1.17853
1.17935
1.18005
1.18062
1.18102
1.18123
1.18115
1.1807
1.17975
1.17816
1.17579
1.17256
1.16852
1.16396
1.15947
1.15582
1.15377
1.15366
1.15525
1.15782
1.16049
1.16254
1.16361
1.1636
1.16268
1.16113
1.15929
1.15748
1.15599
1.155
1.1546
1.15481
1.15558
1.15687
1.15863
1.16078
1.16324
1.16587
1.16851
1.17098
1.17313
1.17484
1.17608
1.17682
1.17713
1.17707
1.17674
1.17622
1.1756
1.17495
1.17432
1.17375
1.17323
1.17279
1.17241
1.17212
1.17192
1.17184
1.17192
1.17217
1.1726
1.17317
1.17383
1.1745
1.17508
1.1755
1.17568
1.1756
1.17527
1.17474
1.17407
1.17333
1.17255
1.17171
1.17076
1.1696
1.16814
1.16636
1.16429
1.16208
1.16
1.15836
1.15744
1.15742
1.15829
1.15987
1.16184
1.16391
1.16584
1.16756
1.1691
1.17055
1.172
1.17347
1.17493
1.17632
1.17755
1.1786
1.17943
1.18005
1.18046
1.18063
1.18058
1.18029
1.1798
1.17913
1.17833
1.17746
1.17659
1.17577
1.17506
1.17449
1.17407
1.17383
1.17375
1.17383
1.17408
1.17448
1.17505
1.17576
1.17661
1.17757
1.17862
1.1797
1.18077
1.18178
1.18272
1.18354
1.18424
1.18482
1.18529
1.18566
1.18595
1.18616
1.18632
1.18643
1.18651
1.18657
1.18662
1.18667
1.18669
1.18665
1.1865
1.18614
1.18548
1.18439
1.18275
1.18045
1.17741
1.17362
1.16916
1.16421
1.15905
1.15407
1.14964
1.14607
1.14353
1.14208
1.14168
1.14226
1.1437
1.14584
1.14846
1.15133
1.15416
1.15672
1.15882
1.16037
1.1614
1.16199
1.16233
1.1626
1.16296
1.16351
1.16424
1.16508
1.16587
1.16646
1.16669
1.16644
1.16565
1.16433
1.16261
1.16069
1.15889
1.15755
1.15699
1.15735
1.1586
1.16052
1.16276
1.16501
1.16698
1.1685
1.16946
1.16982
1.16954
1.16861
1.167
1.1647
1.16172
1.15814
1.15415
1.15005
1.1463
1.14334
1.14149
1.14082
1.14111
1.14195
1.1429
1.14362
1.14397
1.14393
1.14363
1.14324
1.14294
1.14293
1.14335
1.14429
1.14577
1.14771
1.14995
1.15231
1.15462
1.15675
1.15861
1.1602
1.1615
1.16255
1.16339
1.16405
1.16456
1.16494
1.16521
1.16539
1.16549
1.16553
1.16552
1.16548
1.16541
1.16533
1.16524
1.16515
1.16504
1.16491
1.16474
1.1645
1.16417
1.16371
1.1631
1.16231
1.16133
1.16013
1.15874
1.15719
1.15554
1.15388
1.15234
1.15107
1.1502
1.14987
1.15016
1.15111
1.15268
1.15478
1.15728
1.16005
1.16294
1.16583
1.16861
1.1712
1.17354
1.17558
1.17731
1.17874
1.17991
1.18085
1.18163
1.18232
1.18298
1.18369
1.18449
1.1854
1.18645
1.18761
1.18885
1.19014
1.19143
1.19265
1.19377
1.19473
1.19546
1.19593
1.19608
1.19588
1.19533
1.19445
1.19333
1.1921
1.19092
1.18995
1.18927
1.18886
1.18857
1.18814
1.18727
1.1857
1.18324
1.17979
1.17537
1.17008
1.16406
1.15754
1.15086
1.14464
1.13979
1.13738
1.13821
1.14228
1.14876
1.15639
1.16404
1.17102
1.17709
1.18232
1.18687
1.19092
1.1946
1.19801
1.20116
1.20405
1.20665
1.20895
1.21089
1.21247
1.21367
1.2145
1.21496
1.21509
1.2149
1.21445
1.21377
1.21293
1.21197
1.21095
1.20991
1.20889
1.2079
1.20692
1.20592
1.20484
1.20359
1.20207
1.20018
1.19785
1.19506
1.19181
1.18821
1.18446
1.18083
1.17767
1.17532
1.17409
1.17417
1.17559
1.17821
1.18176
1.18588
1.19019
1.19436
1.19811
1.20121
1.2035
1.20483
1.20504
1.20395
1.20139
1.19716
1.19122
1.18378
1.17551
1.1676
1.16149
1.15829
1.15822
1.16059
1.16432
1.1685
1.17258
1.17637
1.17986
1.18307
1.18603
1.18874
1.19118
1.19333
1.19514
1.19653
1.19745
1.19783
1.1976
1.19672
1.19515
1.19289
1.18997
1.18646
1.18246
1.17811
1.17356
1.16899
1.16452
1.16029
1.15639
1.15296
1.15014
1.14815
1.14717
1.14729
1.14843
1.15038
1.1528
1.15537
1.15786
1.16014
1.16216
1.16394
1.16552
1.1669
1.16809
1.1691
1.16989
1.17047
1.17082
1.17093
1.17081
1.17046
1.16991
1.16916
1.16824
1.16719
1.16603
1.16482
1.16362
1.1625
1.16155
1.16085
1.16047
1.16046
1.1608
1.16147
1.16235
1.16332
1.16425
1.16498
1.16542
1.16546
1.16505
1.16419
1.16289
1.16115
1.159
1.15636
1.15315
1.14921
1.14444
1.13891
1.13296
1.12727
1.12269
1.11999
1.11971
1.12204
1.12688
1.13381
1.14207
1.1507
1.15883
1.16586
1.17152
1.17583
1.17896
1.18113
1.18256
1.18342
1.18388
1.18402
1.18394
1.18366
1.18323
1.18264
1.18191
1.18102
1.17997
1.17875
1.17735
1.17578
1.17404
1.17214
1.17012
1.16802
1.16591
1.16389
1.16209
1.16065
1.15971
1.15939
1.15971
1.16058
1.16184
1.16322
1.16446
1.16531
1.16564
1.16541
1.16477
1.164
1.16351
1.16367
1.16476
1.16683
1.16975
1.1732
1.1768
1.18019
1.18306
1.18516
1.18627
1.18626
1.18505
1.18267
1.17929
1.17523
1.17105
1.16742
1.16505
1.16445
1.16575
1.16867
1.17264
1.17697
1.18111
1.18469
1.18756
1.18972
1.19127
1.19236
1.19312
1.19368
1.19412
1.1945
1.19484
1.19516
1.19539
1.19547
1.19525
1.19459
1.19334
1.19142
1.18889
1.18601
1.1832
1.18097
1.17969
1.17942
1.17989
1.1806
1.18106
1.18093
1.18008
1.17861
1.1767
1.17461
1.17258
1.17079
1.16938
1.16841
1.16787
1.16771
1.16786
1.16825
1.16889
1.16984
1.17127
1.1733
1.1759
1.17887
1.18182
1.18428
1.18586
1.1863
1.18547
1.18342
1.18026
1.17619
1.17146
1.16634
1.16122
1.15656
1.15287
1.15062
1.15005
1.15112
1.15348
1.15667
1.16026
1.16397
1.16766
1.17129
1.17484
1.17831
1.18165
1.1848
1.18771
1.19034
1.19264
1.19458
1.19613
1.19726
1.19791
1.19805
1.19764
1.19667
1.19515
1.19313
1.1907
1.18797
1.18507
1.1821
1.17913
1.17616
1.17317
1.17014
1.1671
1.16419
1.16161
1.15952
1.1579
1.15657
1.15526
1.15375
1.15202
1.15028
1.14886
1.14809
1.14822
1.14932
1.1513
1.15394
1.15696
1.16003
1.16287
1.16529
1.16723
1.16869
1.16975
1.17053
1.17111
1.17158
1.17197
1.1723
1.17255
1.17272
1.17277
1.1727
1.17248
1.17213
1.17165
1.17106
1.17037
1.1696
1.16877
1.16787
1.1669
1.16582
1.16458
1.16313
1.16139
1.1593
1.15678
1.15383
1.15046
1.1468
1.14301
1.13934
1.13606
1.13348
1.13189
1.13162
1.13291
1.13583
1.14019
1.14556
1.15137
1.15711
1.1624
1.16704
1.17098
1.17427
1.17699
1.17921
1.18102
1.18246
1.18355
1.18429
1.18465
1.18456
1.18396
1.18275
1.18088
1.17828
1.17499
1.1711
1.16681
1.16242
1.15827
1.15471
1.15203
1.15039
1.14982
1.15018
1.15122
1.15258
1.15395
1.15506
1.15574
1.15599
1.156
1.15611
1.15671
1.15807
1.16019
1.16286
1.1657
1.16837
1.17061
1.17233
1.17352
1.17429
1.17479
1.17525
1.17588
1.1769
1.17849
1.18076
1.18368
1.18714
1.19091
1.19473
1.19832
1.20142
1.20387
1.20554
1.20644
1.20663
1.2063
1.20571
1.20512
1.20476
1.20473
1.20494
1.20517
1.20513
1.20452
1.20316
1.20101
1.19817
1.19492
1.19162
1.18872
1.18664
1.18568
1.18593
1.18726
1.18935
1.19179
1.19416
1.19615
1.19753
1.19819
1.1981
1.19734
1.19603
1.19433
1.19242
1.1905
1.18874
1.18727
1.18624
1.18574
1.18585
1.18664
1.18813
1.19031
1.19312
1.19647
1.20023
1.20424
1.20833
1.21227
1.21587
1.21893
1.22129
1.22282
1.22344
1.22311
1.2218
1.21954
1.21635
1.21233
1.20763
1.20251
1.19732
1.1925
1.18852
1.18582
1.18466
1.18507
1.18682
1.18953
1.19273
1.196
1.19902
1.20162
1.2037
1.20528
1.20642
1.20718
1.20764
1.20787
1.20791
1.20777
1.20749
1.20705
1.20647
1.20575
1.20492
1.20399
1.20299
1.20194
1.20085
1.19974
1.19861
1.19746
1.19629
1.1951
1.19386
1.19253
1.19106
1.18936
1.18732
1.18485
1.18193
1.1787
1.17554
1.17301
1.17172
1.17207
1.17404
1.17717
1.18076
1.18415
1.18687
1.18868
1.18953
1.18949
1.18867
1.18723
1.18529
1.183
1.1805
1.1779
1.17533
1.17287
1.17064
1.16868
1.16706
1.16581
1.16493
1.16441
1.16421
1.16429
1.16461
1.16509
1.16567
1.16629
1.16687
1.16732
1.16758
1.16758
1.16731
1.16677
1.16606
1.16534
1.16483
1.16478
1.16539
1.1668
1.16896
1.17172
1.17483
1.17804
1.1811
1.18387
1.18624
1.18819
1.18971
1.19083
1.19156
1.19193
1.19194
1.19159
1.19086
1.18974
1.18822
1.18628
1.18398
1.18139
1.17867
1.17606
1.17385
1.17235
1.1718
1.17233
1.17392
1.1764
1.17952
1.18298
1.18655
1.18999
1.19316
1.19594
1.19825
1.20008
1.20141
1.2023
1.20281
1.20304
1.20308
1.20305
1.20302
1.20303
1.20308
1.20311
1.20302
1.20267
1.20195
1.20077
1.19909
1.19696
1.19447
1.19178
1.18905
1.18642
1.18409
1.18229
1.18135
1.18161
1.18333
1.18648
1.19071
1.19542
1.19993
1.2037
1.20637
1.20783
1.20813
1.20748
1.20615
1.20447
1.20277
1.20137
1.20053
1.20042
1.20109
1.20249
1.20446
1.20674
1.20906
1.21113
1.21269
1.21352
1.21345
1.21242
1.21043
1.20769
1.20457
1.20165
1.19955
1.19879
1.19952
1.20144
1.20398
1.20644
1.20826
1.20903
1.20853
1.20665
1.20334
1.19857
1.19234
1.18478
1.17617
1.16713
1.15865
1.15189
1.14788
1.14699
1.14888
1.15263
1.15725
1.16191
1.16613
1.1697
1.17263
1.175
1.17694
1.17855
1.17989
1.18099
1.18185
1.18246
1.18281
1.1829
1.18274
1.18233
1.1817
1.18088
1.17988
1.17874
1.17746
1.17607
1.17459
1.17303
1.1714
1.16973
1.16802
1.16629
1.16455
1.16283
1.16114
1.15951
1.15798
1.15658
1.15535
1.15431
1.15349
1.1529
1.15253
1.15237
1.15238
1.15252
1.15275
1.15302
1.15329
1.15352
1.15368
1.15375
1.15373
1.1536
1.15337
1.15303
1.15259
1.15207
1.15147
1.15081
1.1501
1.14935
1.14859
1.14783
1.1471
1.14639
1.14574
1.14514
1.14459
1.14408
1.14361
1.14315
1.14271
1.14227
1.14186
1.14151
1.14128
1.14124
1.14147
1.142
1.14288
1.14407
1.14553
1.14718
1.14894
1.15072
1.15244
1.15405
1.15552
1.15682
1.15792
1.15884
1.15955
1.16007
1.16037
1.16045
1.16033
1.15998
1.15944
1.15871
1.15783
1.15688
1.15592
1.15505
1.15436
1.1539
1.15373
1.15382
1.15413
1.15455
1.155
1.15537
1.15561
1.1557
1.15566
1.15555
1.15544
1.15541
1.15552
1.15578
1.15615
1.15657
1.15693
1.15711
1.15701
1.15651
1.15553
1.15402
1.15195
1.14932
1.14617
1.14261
1.1388
1.13496
1.13137
1.12835
1.12618
1.12507
1.12509
1.12616
1.12808
1.13056
1.13334
1.13618
1.13895
1.14155
1.14396
1.14616
1.1482
1.15008
1.15184
1.1535
1.15507
1.15657
1.158
1.15937
1.16068
1.16193
1.16314
1.1643
1.16541
1.16649
1.16753
1.16853
1.1695
1.17043
1.17131
1.17213
1.17286
1.17348
1.17394
1.17419
1.17416
1.17379
1.17299
1.17173
1.17001
1.16791
1.16565
1.16354
1.16198
1.16129
1.16159
1.16274
1.16433
1.16585
1.16682
1.1669
1.166
1.16418
1.16162
1.15853
1.15511
1.15158
1.14824
1.14559
1.14413
1.14424
1.14586
1.14858
1.15177
1.15484
1.15738
1.15923
1.16033
1.16074
1.16056
1.15989
1.15885
1.15762
1.15636
1.15526
1.15448
1.15414
1.15433
1.15507
1.15635
1.15809
1.1602
1.16254
1.16494
1.16723
1.16927
1.17092
1.1721
1.17275
1.17286
1.17244
1.17153
1.17021
1.16857
1.16673
1.16484
1.16304
1.1615
1.16034
1.15963
1.1594
1.15961
1.16019
1.16101
1.16196
1.16293
1.16385
1.16464
1.16525
1.16567
1.16588
1.16585
1.1656
1.1651
1.16436
1.16338
1.16216
1.1607
1.15903
1.15716
1.15515
1.15307
1.15099
1.14902
1.14725
1.14578
1.14466
1.14394
1.14361
1.1436
1.14386
1.1443
1.14482
1.14536
1.14585
1.14624
1.14651
1.14666
1.14667
1.14656
1.14635
1.14605
1.14568
1.14526
1.14479
1.14429
1.14375
1.14314
1.14246
1.14166
1.14073
1.13962
1.13831
1.13681
1.13514
1.13339
1.13166
1.1301
1.12886
1.12804
1.12771
1.12783
1.12829
1.12895
1.12966
1.13031
1.13084
1.13123
1.13151
1.1317
1.13183
1.13192
1.13196
1.13194
1.13183
1.13156
1.13107
1.13025
1.12899
1.12712
1.12446
1.12085
1.11622
1.11073
1.10488
1.09956
1.09587
1.09465
1.09605
1.09942
1.10372
1.10793
1.11144
1.11396
1.11554
1.11633
1.11653
1.11632
1.11585
1.11522
1.11449
1.11375
1.11306
1.11258
1.11244
1.11279
1.11372
1.11523
1.11723
1.11954
1.12197
1.12435
1.12656
1.12853
1.13024
1.13171
1.13299
1.13411
1.13513
1.13607
1.13698
1.13785
1.1387
1.13953
1.14032
1.14107
1.14174
1.14231
1.14276
1.14306
1.14317
1.14309
1.14279
1.14225
1.14149
1.14051
1.13937
1.13812
1.13684
1.13558
1.13444
1.13344
1.13261
1.1319
1.13123
1.13047
1.12949
1.12808
1.12605
1.12311
1.11894
1.11323
1.10583
1.09707
1.08798
1.08012
1.0751
1.0739
1.07663
1.08269
1.09106
1.10057
1.11013
1.11895
1.12658
1.13291
1.13797
1.14193
1.14499
1.14731
1.14905
1.15033
1.15126
1.15187
1.15222
1.15232
1.1522
1.15185
1.1513
1.15055
1.14963
1.14858
1.14744
1.14628
1.14516
1.14419
1.14344
1.143
1.14293
1.14326
1.14397
1.14503
1.14637
1.14791
1.14957
1.15127
1.15295
1.15457
1.1561
1.15752
1.15881
1.15998
1.16103
1.16196
1.16277
1.16347
1.16406
1.16454
1.1649
1.16512
1.16519
1.16509
1.16478
1.16421
1.16334
1.16212
1.16049
1.15844
1.15594
1.15307
1.14993
1.14669
1.14354
1.14067
1.1382
1.13616
1.13455
1.13328
1.13227
1.13145
1.13077
1.13019
1.12967
1.12922
1.12888
1.12875
1.12896
1.12968
1.13104
1.13308
1.13575
1.13887
1.14219
1.14544
1.14838
1.15088
1.15291
1.15452
1.15586
1.15706
1.15828
1.15958
1.16099
1.16247
1.16394
1.16532
1.16654
1.16753
1.16827
1.16876
1.169
1.16901
1.16882
1.16845
1.16792
1.16724
1.16643
1.16548
1.16438
1.16314
1.16178
1.16033
1.15886
1.15746
1.15622
1.15521
1.15443
1.15385
1.15338
1.15291
1.15238
1.15176
1.15112
1.15056
1.15022
1.15023
1.15066
1.15151
1.15271
1.15415
1.15568
1.15715
1.15845
1.15949
1.16021
1.16059
1.16061
1.16028
1.15965
1.15874
1.15764
1.15644
1.15524
1.15417
1.15332
1.15277
1.1525
1.1524
1.1523
1.15199
1.15131
1.15023
1.14898
1.14799
1.14781
1.14891
1.15143
1.15513
1.1595
1.16396
1.16803
1.17136
1.1737
1.17488
1.17472
1.17306
1.16975
1.16477
1.15832
1.15098
1.14373
1.13782
1.13439
1.13404
1.13662
1.1414
1.14744
1.15386
1.16001
1.16544
1.16989
1.17325
1.17545
1.17651
1.17649
1.17553
1.17387
1.17182
1.16979
1.16816
1.1672
1.16696
1.1673
1.16792
1.16848
1.16872
1.16848
1.16773
1.16652
1.16505
1.16361
1.16259
1.1624
1.16336
1.16557
1.16885
1.17281
1.17696
1.18086
1.18423
1.18688
1.18876
1.18989
1.19032
1.19011
1.18939
1.18827
1.18693
1.18562
1.18458
1.18406
1.18425
1.18521
1.18686
1.189
1.1914
1.19381
1.19604
1.19797
1.19951
1.20067
1.20143
1.20183
1.20187
1.20155
1.20087
1.1998
1.19834
1.19649
1.19435
1.1921
1.18999
1.18839
1.18764
1.18795
1.18936
1.19171
1.19467
1.19788
1.20102
1.20383
1.20614
1.20787
1.20896
1.20941
1.20924
1.20853
1.20736
1.20589
1.20428
1.20275
1.2015
1.20072
1.20057
1.20108
1.20219
1.20375
1.20551
1.2072
1.20852
1.20925
1.20919
1.20819
1.20623
1.20336
1.19981
1.19593
1.1922
1.18915
1.18722
1.18669
1.18758
1.18967
1.19261
1.19599
1.19941
1.20251
1.20498
1.20656
1.20703
1.2062
1.20391
1.20009
1.19482
1.18846
1.18168
1.17541
1.17066
1.16806
1.16761
1.16877
1.17073
1.17281
1.17461
1.17598
1.17697
1.17765
1.17811
1.17841
1.1786
1.17872
1.17879
1.17889
1.17907
1.17937
1.1798
1.18035
1.18096
1.18155
1.18206
1.18241
1.18255
1.18244
1.18207
1.18142
1.18052
1.17939
1.17806
1.17657
1.17497
1.17331
1.17164
1.17005
1.16859
1.16732
1.16631
1.16558
1.16516
1.16503
1.16514
1.16545
1.16587
1.16632
1.16674
1.16704
1.16717
1.16708
1.16673
1.1661
1.16516
1.16389
1.1623
1.16037
1.15813
1.15562
1.15293
1.15022
1.14771
1.14571
1.14455
1.1445
1.1457
1.14804
1.15125
1.15491
1.15859
1.16193
1.16473
1.16689
1.16846
1.16955
1.1703
1.1708
1.17106
1.171
1.17051
1.16952
1.16813
1.16668
1.16566
1.1656
1.16673
1.16888
1.17152
1.17395
1.1756
1.17615
1.17563
1.17438
1.17299
1.17215
1.17236
1.17378
1.17616
1.17894
1.18151
1.18336
1.18419
1.18387
1.18241
1.17988
1.17642
1.17222
1.16749
1.16254
1.1578
1.15377
1.15097
1.14981
1.15036
1.15233
1.15516
1.15818
1.16084
1.1628
1.16395
1.16438
1.16428
1.1639
1.16344
1.16305
1.16283
1.16281
1.16296
1.16328
1.16373
1.16429
1.16496
1.16571
1.16652
1.16736
1.16819
1.16898
1.16968
1.17024
1.17064
1.17084
1.17082
1.1706
1.17018
1.16958
1.16884
1.16799
1.16706
1.16607
1.16501
1.16387
1.16261
1.1612
1.15958
1.15774
1.1557
1.15351
1.15133
1.14936
1.14783
1.14695
1.14684
1.14748
1.14873
1.15037
1.15216
1.15389
1.15543
1.15672
1.15775
1.15854
1.15917
1.15968
1.16013
1.16056
1.16098
1.1614
1.1618
1.16216
1.16246
1.16268
1.16283
1.16291
1.16295
1.16301
1.16313
1.16338
1.1638
1.16442
1.16524
1.16623
1.16736
1.16854
1.16972
1.17079
1.1717
1.17236
1.17273
1.17275
1.17237
1.17156
1.1703
1.16856
1.16636
1.16374
1.16081
1.15774
1.15479
1.15229
1.15055
1.14983
1.1502
1.15156
1.1537
1.15633
1.15922
1.16218
1.16507
1.16781
1.1703
1.17244
1.17415
1.17536
1.17602
1.17613
1.17571
1.17485
1.17367
1.17231
1.17093
1.16968
1.1687
1.16813
1.16804
1.16849
1.16945
1.17084
1.17252
1.17432
1.17608
1.17765
1.1789
1.17976
1.18019
1.18018
1.17974
1.1789
1.17769
1.17618
1.17444
1.17253
1.17057
1.16867
1.16693
1.16546
1.16432
1.16357
1.1632
1.16321
1.16357
1.16424
1.16518
1.16633
1.16764
1.16904
1.17047
1.1719
1.17328
1.1746
1.17582
1.17692
1.17786
1.17861
1.17912
1.17936
1.1793
1.17891
1.17821
1.1772
1.17593
1.17447
1.1729
1.17129
1.16972
1.16826
1.16693
1.16573
1.16467
1.16371
1.16287
1.16214
1.16157
1.16119
1.16107
1.16123
1.16171
1.16248
1.16352
1.16475
1.16609
1.16745
1.16874
1.16989
1.17083
1.17152
1.17193
1.17204
1.17187
1.17143
1.17074
1.16986
1.16884
1.16774
1.16665
1.16566
1.16485
1.16429
1.16403
1.16408
1.16443
1.16501
1.16578
1.16665
1.16754
1.16838
1.16906
1.16946
1.16943
1.16876
1.16716
1.16431
1.15978
1.15314
1.1441
1.13273
1.11984
1.10729
1.09776
1.09388
1.09685
1.10579
1.11823
1.13151
1.14369
1.15385
1.16181
1.16777
1.17208
1.17503
1.17688
1.1778
1.17788
1.17721
1.17581
1.17372
1.17101
1.16779
1.16427
1.1607
1.15742
1.15471
1.15274
1.15148
1.15062
1.1497
1.1482
1.14567
1.14189
1.13694
1.13131
1.12588
1.1217
1.11973
1.12045
1.1237
1.12886
1.13508
1.14157
1.14774
1.15322
1.1578
1.16136
1.16389
1.16543
1.16603
1.1658
1.16488
1.16343
1.16162
1.15965
1.15769
1.15589
1.15435
1.15309
1.1521
1.15133
1.15071
1.15017
1.14964
1.14909
1.14852
1.14792
1.14731
1.14674
1.14625
1.1459
1.14574
1.14581
1.14614
1.1467
1.14748
1.14841
1.14945
1.15052
1.15158
1.15257
1.15348
1.15427
1.15495
1.15549
1.15591
1.15619
1.15633
1.1563
1.1561
1.1557
1.15506
1.15416
1.15297
1.15146
1.14965
1.14754
1.14522
1.1428
1.14046
1.13842
1.13692
1.13613
1.13617
1.13701
1.13852
1.14049
1.14269
1.14492
1.14698
1.14871
1.14991
1.15035
1.14978
1.14786
1.14434
1.13918
1.13287
1.12664
1.12231
1.12156
1.12485
1.13112
1.13852
1.14543
1.15093
1.15482
1.15727
1.15862
1.1592
1.15931
1.15916
1.15885
1.1584
1.15774
1.15671
1.15512
1.15279
1.1496
1.14561
1.1411
1.13657
1.13264
1.12999
1.12907
1.13005
1.1327
1.13646
1.14058
1.14423
1.14665
1.14725
1.14569
1.14193
1.13633
1.12973
1.12341
1.11887
1.11727
1.11889
1.12309
1.12867
1.13449
1.1398
1.14429
1.1479
1.15074
1.15293
1.15458
1.15581
1.15671
1.15737
1.1579
1.15835
1.15875
1.1591
1.15939
1.1596
1.15973
1.15977
1.15976
1.15969
1.15959
1.15946
1.15926
1.15896
1.15853
1.15793
1.15712
1.15609
1.15483
1.15339
1.1518
1.15015
1.14851
1.14698
1.14565
1.14459
1.14387
1.14351
1.14352
1.14388
1.14455
1.14548
1.14661
1.14788
1.14924
1.1506
1.15191
1.1531
1.1541
1.15485
1.15531
1.15543
1.1552
1.15463
1.15378
1.15271
1.15153
1.15036
1.14932
1.14851
1.14798
1.14775
1.14781
1.14811
1.14857
1.14914
1.14977
1.1504
1.15095
1.15136
1.1515
1.15127
1.15051
1.14913
1.14708
1.14445
1.1415
1.13864
1.1364
1.13518
1.13514
1.13606
1.13748
1.13883
1.13962
1.13955
1.13852
1.13664
1.13419
1.13165
1.12956
1.12847
1.12866
1.13007
1.13229
1.13476
1.13694
1.13844
1.13909
1.13885
1.13783
1.13621
1.1342
1.13211
1.13026
1.12897
1.12852
1.12909
1.13068
1.13314
1.13619
1.1395
1.14278
1.1458
1.14841
1.15056
1.15226
1.15353
1.15444
1.15506
1.15545
1.15568
1.1558
1.15585
1.15587
1.15587
1.15586
1.15581
1.15566
1.15536
1.1548
1.15384
1.15234
1.15013
1.14708
1.14314
1.13838
1.13308
1.12774
1.12306
1.11971
1.11816
1.11848
1.12034
1.12312
1.12614
1.12882
1.13077
1.13183
1.13208
1.13174
1.13118
1.13077
1.13084
1.13158
1.13302
1.13504
1.13745
1.14004
1.14261
1.14506
1.14734
1.14943
1.15132
1.15302
1.1545
1.1557
1.15654
1.15694
1.15678
1.15596
1.15441
1.15214
1.14926
1.14607
1.14305
1.14077
1.13971
1.14009
1.14175
1.14425
1.14702
1.14955
1.1515
1.15268
1.15304
1.15258
1.15134
1.14939
1.14681
1.14373
1.14034
1.13687
1.13362
1.13088
1.1289
1.12782
1.12764
1.12821
1.1293
1.13062
1.13192
1.133
1.13374
1.13411
1.13414
1.13394
1.13371
1.13371
1.13425
1.13559
1.13791
1.14122
1.14532
1.14988
1.15451
1.15882
1.16252
1.16538
1.16729
1.16818
1.16806
1.16693
1.16481
1.16171
1.15765
1.15263
1.14666
1.13984
1.13229
1.12424
1.11599
1.10787
1.10024
1.09354
1.08833
1.08532
1.0852
1.08833
1.09455
1.10309
1.11286
1.12278
1.132
1.13999
1.14649
1.15142
1.15482
1.15677
1.15733
1.15653
1.15437
1.15081
1.14587
1.13969
1.13273
1.12586
1.12031
1.11726
1.11722
1.11978
1.12379
1.12793
1.13127
1.13334
1.13408
1.13371
1.13258
1.1311
1.12966
1.12857
1.12803
1.12809
1.12867
1.1296
1.13066
1.13167
1.13247
1.13293
1.133
1.13262
1.13179
1.13048
1.12871
1.12647
1.12379
1.12071
1.11729
1.11366
1.10999
1.10652
1.10351
1.10126
1.1
1.09992
1.10104
1.1033
1.1065
1.11036
1.11458
1.11889
1.12307
1.12695
1.13044
1.1335
1.13613
1.13833
1.14013
1.14155
1.14261
1.14331
1.14365
1.14361
1.14318
1.14234
1.14112
1.13958
1.13783
1.13604
1.13437
1.13293
1.13172
1.13059
1.12928
1.12755
1.12534
1.12287
1.1207
1.11953
1.11988
1.1218
1.12487
1.12838
1.13162
1.13411
1.13561
1.13608
1.13554
1.13409
1.13181
1.12878
1.12507
1.12082
1.11633
1.11213
1.10905
1.10804
1.10986
1.11472
1.12208
1.13091
1.14001
1.14844
1.15566
1.16143
1.16577
1.1688
1.17071
1.17164
1.17171
1.171
1.16957
1.16743
1.16457
1.16093
1.15638
1.15074
1.14392
1.13617
1.12829
1.12164
1.11764
1.11715
1.12018
1.12608
1.13396
1.14289
1.15205
1.16071
1.16836
1.17469
1.17962
1.18319
1.18558
1.18698
1.18761
1.18764
1.18727
1.1866
1.18572
1.18469
1.18352
1.1822
1.1807
1.17898
1.17695
1.17455
1.17168
1.16831
1.16445
1.16028
1.15614
1.15254
1.15007
1.14923
1.15024
1.15299
1.15705
1.16186
1.1669
1.17178
1.17624
1.18015
1.18344
1.18607
1.18801
1.18924
1.18973
1.18942
1.1883
1.18637
1.18369
1.18042
1.17683
1.17326
1.17013
1.16778
1.16643
1.16612
1.16683
1.16846
1.17092
1.17413
1.1779
1.18196
1.18597
1.18961
1.19261
1.19481
1.19615
1.19663
1.19632
1.1953
1.19362
1.19136
1.18859
1.18538
1.18178
1.17781
1.17351
1.16886
1.16394
1.15893
1.15422
1.15031
1.1477
1.14665
1.14702
1.14844
1.15047
1.15296
1.15609
1.16019
1.1655
1.172
1.17932
1.18692
1.19421
1.20072
1.20612
1.21026
1.21304
1.21446
1.21452
1.21325
1.21065
1.20681
1.20183
1.19595
1.18951
1.18294
1.17665
1.17098
1.16611
1.1621
1.15892
1.15657
1.15513
1.1548
1.15586
1.15852
1.1628
1.1684
1.1747
1.18099
1.18659
1.19104
1.19404
1.19549
1.19533
1.19356
1.19021
1.18538
1.17924
1.17215
1.16467
1.15753
1.15158
1.14764
1.14624
1.14747
1.15079
1.15522
1.15954
1.16269
1.16392
1.16297
1.16012
1.1562
1.15245
1.15016
1.15019
1.15273
1.15734
1.16317
1.16936
1.17519
1.18018
1.1841
1.18692
1.18873
1.18968
1.18994
1.18965
1.18894
1.18789
1.18655
1.18494
1.18305
1.18088
1.17841
1.17568
1.17276
1.16983
1.16714
1.16498
1.16363
1.16327
1.16387
1.16524
1.16707
1.169
1.17073
1.17204
1.17276
1.17283
1.1722
1.17087
1.16884
1.16616
1.1629
1.15916
1.15513
1.15103
1.14719
1.14394
1.14162
1.14044
1.14051
1.14172
1.14388
1.14672
1.15001
1.15355
1.15723
1.16098
1.16472
1.16834
1.17172
1.17465
1.17691
1.17823
1.17827
1.17669
1.17315
1.16743
1.15976
1.15104
1.14303
1.13778
1.13657
1.13905
1.14362
1.14849
1.15251
1.1553
1.15698
1.15781
1.15805
1.15791
1.15749
1.15689
1.15621
1.15554
1.15504
1.1548
1.15493
1.15544
1.15631
1.15744
1.15873
1.16004
1.16128
1.16234
1.16315
1.16367
1.1639
1.16387
1.16366
1.16338
1.16319
1.16324
1.16362
1.16436
1.16542
1.16667
1.16795
1.16908
1.16994
1.17044
1.17056
1.17034
1.16984
1.16916
1.16838
1.16756
1.16674
1.1659
1.16506
1.16423
1.1635
1.16299
1.16285
1.16315
1.16386
1.16481
1.1657
1.1662
1.16601
1.16489
1.16273
1.15953
1.15545
1.15084
1.14616
1.14199
1.13886
1.13717
1.13705
1.13834
1.1407
1.14371
1.14695
1.15012
1.153
1.15546
1.15745
1.15899
1.16012
1.16092
1.16151
1.16197
1.16241
1.16292
1.16356
1.16436
1.16534
1.16648
1.16774
1.16909
1.17046
1.17179
1.17305
1.17418
1.17514
1.1759
1.17642
1.17669
1.17667
1.17635
1.17573
1.1748
1.17359
1.17213
1.17046
1.16867
1.16682
1.16498
1.16317
1.1614
1.1596
1.15767
1.15547
1.15285
1.14969
1.14591
1.14155
1.13683
1.13232
1.12899
1.12797
1.13009
1.13522
1.14234
1.14998
1.15692
1.16246
1.16638
1.16881
1.17002
1.17032
1.17002
1.1694
1.16866
1.16795
1.16733
1.16679
1.16625
1.16563
1.16486
1.16386
1.16266
1.16129
1.15988
1.15857
1.15752
1.15688
1.15677
1.15724
1.15829
1.15983
1.16175
1.16392
1.16618
1.16842
1.17052
1.17241
1.17404
1.17538
1.17644
1.1772
1.17769
1.17794
1.17798
1.17787
1.17764
1.17735
1.17707
1.17684
1.17669
1.17666
1.17674
1.1769
1.17712
1.17732
1.17745
1.17744
1.17722
1.17674
1.17598
1.17492
1.17359
1.17206
1.17044
1.16885
1.16744
1.16632
1.16555
1.16508
1.16478
1.16441
1.16373
1.16257
1.1609
1.15894
1.15717
1.15622
1.15673
1.15902
1.16296
1.168
1.17338
1.17835
1.18241
1.18531
1.18698
1.18753
1.18713
1.18601
1.18442
1.18263
1.18091
1.1795
1.1786
1.17829
1.17858
1.1794
1.18059
1.18198
1.18342
1.18482
1.18613
1.18734
1.18847
1.18956
1.19062
1.19165
1.19263
1.1935
1.1942
1.19464
1.19471
1.19434
1.19344
1.19198
1.19
1.1876
1.18501
1.18252
1.18042
1.17899
1.17832
1.17838
1.179
1.17996
1.18107
1.18221
1.18327
1.18421
1.18499
1.18556
1.18589
1.18595
1.18576
1.18538
1.18493
1.18461
1.18462
1.18519
1.18645
1.18844
1.19105
1.19404
1.19714
1.20005
1.20255
1.20445
1.20561
1.20594
1.20537
1.20384
1.20133
1.19787
1.1936
1.1888
1.18395
1.17963
1.17649
1.17496
1.17515
1.17677
1.1792
1.1817
1.1836
1.18441
1.18387
1.18201
1.17912
1.17574
1.17258
1.17032
1.16944
1.17005
1.17196
1.17475
1.17793
1.18108
1.18386
1.18607
1.18757
1.18833
1.18835
1.18769
1.18644
1.18472
1.18264
1.18027
1.17767
1.17487
1.17189
1.16885
1.16592
1.16339
1.16162
1.16088
1.1613
1.16281
1.16509
1.16774
1.17036
1.17265
1.17443
1.17567
1.17643
1.17687
1.17715
1.17746
1.17791
1.17857
1.1794
1.18032
1.18116
1.18176
1.18196
1.18165
1.18079
1.1794
1.17759
1.17556
1.17355
1.17182
1.17055
1.16981
1.16951
1.16945
1.16936
1.16901
1.16828
1.1672
1.166
1.16506
1.1648
1.16558
1.16754
1.17058
1.17434
1.17841
1.18237
1.18589
1.18875
1.1908
1.19194
1.19212
1.19134
1.18975
1.18766
1.18559
1.18418
1.184
1.18523
1.18762
1.19051
1.19317
1.19496
1.19559
1.19506
1.1937
1.19201
1.19056
1.18976
1.18975
1.19037
1.19128
1.19212
1.19268
1.19288
1.19282
1.19265
1.19254
1.19261
1.19294
1.19353
1.19433
1.19523
1.1961
1.1968
1.19721
1.19723
1.19684
1.19606
1.19498
1.19373
1.19251
1.19154
1.19099
1.191
1.19161
1.19275
1.19429
1.19606
1.19791
1.19974
1.20151
1.20325
1.205
1.2068
1.20867
1.21058
1.21248
1.21431
1.21603
1.21761
1.21905
1.22035
1.22153
1.22261
1.2236
1.22448
1.22525
1.22589
1.2264
1.22678
1.22703
1.22717
1.22724
1.22723
1.22719
1.22713
1.22706
1.22698
1.22689
1.22678
1.22664
1.22643
1.22617
1.22582
1.22538
1.22486
1.22426
1.2236
1.2229
1.22219
1.22149
1.22082
1.2202
1.21965
1.21918
1.21879
1.21846
1.21818
1.21787
1.21746
1.21683
1.21582
1.21428
1.21204
1.2089
1.20468
1.19923
1.19256
1.18509
1.17795
1.17292
1.17189
1.17566
1.18342
1.1933
1.20342
1.2126
1.22039
1.22671
1.23166
1.23536
1.23794
1.23951
1.24018
1.24008
1.23931
1.23795
1.23609
1.23381
1.2312
1.22835
1.2254
1.2225
1.21982
1.21757
1.2159
1.21495
1.21476
1.21533
1.21654
1.21827
1.22034
1.2226
1.2249
1.22714
1.22927
1.23124
1.23305
1.23468
1.23615
1.23745
1.23857
1.23951
1.24025
1.24074
1.24094
1.24079
1.24022
1.23911
1.23736
1.23482
1.23134
1.22683
1.22123
1.21467
1.20745
1.20007
1.19316
1.18739
1.18339
1.18165
1.18245
1.18571
1.19087
1.19706
1.20339
1.20918
1.21402
1.21778
1.22048
1.22222
1.22313
1.22334
1.22295
1.22203
1.22059
1.21864
1.21612
1.21302
1.20939
1.20536
1.20115
1.19703
1.19326
1.19019
1.18835
1.18854
1.1916
1.19777
1.20635
1.21588
1.22487
1.23231
1.23779
1.24138
1.24333
1.24396
1.24357
1.2424
1.24065
1.23848
1.23609
1.2337
1.23161
1.23014
1.22956
1.22994
1.23112
1.23271
1.2342
1.23504
1.23474
1.2329
1.22915
1.22319
1.21479
1.20393
1.19103
1.17732
1.16495
1.15651
1.15382
1.15686
1.16389
1.17258
1.18112
1.18855
1.1947
1.1998
1.20424
1.20832
1.21217
1.21575
1.21892
1.22153
1.2235
1.22486
1.22567
1.22605
1.22609
1.22591
1.22556
1.2251
1.22455
1.22393
1.22328
1.2226
1.22195
1.22134
1.2208
1.22035
1.22
1.21974
1.21958
1.21948
1.21943
1.21939
1.21933
1.21921
1.21896
1.21854
1.21786
1.21685
1.21543
1.21351
1.21106
1.20812
1.20486
1.20158
1.19868
1.19658
1.19556
1.19567
1.1967
1.19829
1.20008
1.20183
1.20345
1.20498
1.20655
1.20828
1.21023
1.21238
1.21467
1.21695
1.2191
1.22103
1.22267
1.22404
1.22513
1.226
1.22668
1.22718
1.22749
1.22759
1.22741
1.22688
1.22594
1.2245
1.22255
1.2201
1.21727
1.21427
1.21143
1.20914
1.20773
1.20739
1.20809
1.20961
1.2116
1.21369
1.21562
1.21719
1.21831
1.21895
1.2191
1.2188
1.21804
1.21686
1.2153
1.21341
1.2113
1.20914
1.20712
1.20548
1.20442
1.20407
1.20442
1.20537
1.20671
1.20823
1.20974
1.21111
1.21228
1.21324
1.21404
1.2147
1.2153
1.21588
1.21646
1.21707
1.2177
1.21831
1.21888
1.21932
1.21959
1.2196
1.21933
1.21875
1.21791
1.21686
1.21571
1.21459
1.21359
1.21277
1.21211
1.21154
1.21092
1.21009
1.20895
1.20749
1.20583
1.20428
1.20327
1.20323
1.20449
1.20708
1.21079
1.2152
1.21981
1.22418
1.22794
1.2308
1.23253
1.23289
1.23164
1.22854
1.22342
1.21629
1.20754
1.19813
1.18959
1.18373
1.18185
1.18395
1.18866
1.19399
1.19839
1.20123
1.20281
1.20381
1.20487
1.20625
1.20787
1.20948
1.21093
1.21222
1.21346
1.21478
1.21621
1.21766
1.219
1.22007
1.22076
1.22101
1.22083
1.22025
1.21936
1.21823
1.21699
1.21571
1.21449
1.21343
1.21258
1.21199
1.2117
1.2117
1.21199
1.21252
1.21325
1.2141
1.21499
1.21584
1.21652
1.21693
1.21696
1.2165
1.2155
1.21399
1.21209
1.21005
1.20818
1.20679
1.20611
1.20614
1.20671
1.20752
1.2082
1.20845
1.20805
1.20688
1.20495
1.20242
1.19963
1.19708
1.19534
1.19485
1.19575
1.19786
1.20075
1.20393
1.20703
1.20982
1.21223
1.21428
1.21606
1.21764
1.21906
1.22038
1.22158
1.22267
1.22361
1.22436
1.22488
1.22513
1.22504
1.22455
1.22361
1.22215
1.22012
1.21748
1.21422
1.2104
1.20615
1.20171
1.19743
1.19377
1.19117
1.18997
1.19028
1.19189
1.19436
1.19713
1.19958
1.20124
1.20179
1.20111
1.19936
1.1969
1.19429
1.19212
1.19088
1.19076
1.19167
1.19334
1.19542
1.1976
1.19967
1.20149
1.203
1.20415
1.20495
1.2054
1.20553
1.20539
1.20503
1.20451
1.20391
1.2033
1.20273
1.20228
1.20197
1.20182
1.20183
1.20197
1.20218
1.20238
1.20249
1.20242
1.20208
1.20137
1.20026
1.19872
1.19682
1.19471
1.19267
1.19104
1.19016
1.19026
1.19139
1.19337
1.19589
1.19858
1.2011
1.20322
1.20478
1.20569
1.20592
1.20545
1.20429
1.2025
1.20019
1.1975
1.19468
1.192
1.18968
1.18788
1.18665
1.18587
1.1854
1.18505
1.1847
1.18428
1.18379
1.18326
1.18275
1.1823
1.18195
1.18175
1.18173
1.18192
1.18234
1.18299
1.18384
1.18482
1.18584
1.1868
1.1876
1.18815
1.1884
1.18829
1.18782
1.18699
1.18585
1.18449
1.18303
1.18164
1.18051
1.17983
1.17972
1.18025
1.18136
1.18292
1.18467
1.18639
1.18782
1.18881
1.18928
1.18926
1.18887
1.18829
1.18774
1.18735
1.18716
1.18708
1.18694
1.18658
1.18586
1.18477
1.18341
1.18192
1.18046
1.17908
1.17775
1.17634
1.17473
1.17286
1.17083
1.16887
1.16729
1.16637
1.1663
1.16707
1.16852
1.1704
1.17247
1.17455
1.17652
1.17835
1.18
1.18149
1.18282
1.18396
1.18492
1.18566
1.18617
1.18644
1.18646
1.18625
1.18579
1.1851
1.18419
1.18307
1.18176
1.18028
1.17865
1.17691
1.1751
1.1733
1.17159
1.17006
1.16882
1.16797
1.16755
1.1676
1.16809
1.16896
1.17014
1.17158
1.17325
1.17515
1.17729
1.1797
1.18237
1.18527
1.18834
1.1915
1.19466
1.19772
1.20063
1.20334
1.20582
1.20806
1.21008
1.21189
1.21349
1.2149
1.21612
1.21714
1.21793
1.21847
1.21871
1.21863
1.21819
1.21739
1.21626
1.21487
1.2133
1.2117
1.21019
1.20887
1.20781
1.20698
1.2063
1.2057
1.20509
1.20445
1.20384
1.20331
1.20295
1.20273
1.20258
1.20239
1.20209
1.20177
1.20164
1.20202
1.20317
1.20524
1.20814
1.21163
1.21539
1.21911
1.22254
1.22551
1.22793
1.22977
1.23104
1.23177
1.23198
1.23172
1.23102
1.22992
1.22846
1.2267
1.2247
1.22257
1.22041
1.21834
1.21649
1.21495
1.21377
1.21295
1.21244
1.21212
1.2119
1.21164
1.21128
1.21076
1.21011
1.20937
1.20864
1.208
1.20756
1.20735
1.20738
1.2076
1.20796
1.20835
1.20871
1.20898
1.20912
1.20915
1.20907
1.20894
1.2088
1.20868
1.2086
1.20858
1.20859
1.2086
1.20857
1.20843
1.20812
1.2076
1.20684
1.20584
1.20467
1.20343
1.20231
1.20149
1.20115
1.2014
1.20224
1.20357
1.20518
1.20683
1.20828
1.20935
1.20987
1.20974
1.20889
1.20725
1.20477
1.20141
1.19717
1.19214
1.18654
1.18083
1.1757
1.17199
1.17049
1.1717
1.17554
1.18145
1.18857
1.196
1.20304
1.20925
1.21443
1.21854
1.22166
1.2239
1.2254
1.22627
1.22662
1.22651
1.22598
1.22505
1.22366
1.22176
1.21924
1.21598
1.21183
1.20673
1.20071
1.19409
1.1876
1.18238
1.17976
1.18067
1.18509
1.19203
1.20008
1.208
1.21503
1.22093
1.22575
1.22971
1.23304
1.23592
1.23849
1.2408
1.24289
1.24475
1.24638
1.24774
1.24884
1.24967
1.25023
1.25055
1.25064
1.25055
1.25034
1.25008
1.24985
1.24973
1.24978
1.25005
1.25053
1.25118
1.25192
1.25265
1.25325
1.25358
1.25353
1.25298
1.25181
1.24995
1.24738
1.24414
1.24038
1.23639
1.23253
1.22928
1.22707
1.22622
1.22686
1.22889
1.23195
1.23561
1.23938
1.24284
1.2457
1.24784
1.24927
1.25015
1.25073
1.25132
1.2522
1.2536
1.25562
1.25828
1.26149
1.2651
1.26893
1.27277
1.27643
1.27973
1.2825
1.28461
1.28595
1.28643
1.28601
1.28465
1.28237
1.27924
1.27533
1.27081
1.26587
1.26075
1.2557
1.25098
1.24684
1.24348
1.24104
1.23961
1.23922
1.23982
1.2413
1.24348
1.24605
1.24864
1.25079
1.25201
1.25192
1.25039
1.24774
1.2449
1.24322
1.244
1.2477
1.25372
1.26079
1.2676
1.2733
1.27752
1.28025
1.28166
1.28196
1.28138
1.28011
1.27831
1.27612
1.27366
1.27107
1.26845
1.26593
1.26366
1.26177
1.26036
1.2595
1.25923
1.25951
1.26024
1.26133
1.26264
1.26407
1.26553
1.26694
1.26824
1.2694
1.27038
1.27115
1.27167
1.27192
1.27186
1.27145
1.27065
1.26938
1.2676
1.26523
1.26221
1.25851
1.25414
1.24923
1.24404
1.23899
1.23461
1.23144
1.22985
1.22992
1.23138
1.23377
1.23659
1.23941
1.24197
1.24412
1.24577
1.24684
1.24728
1.24704
1.24611
1.24451
1.24233
1.23974
1.23698
1.23431
1.23205
1.23043
1.22959
1.22953
1.23006
1.23092
1.23174
1.23217
1.23189
1.23065
1.22834
1.22502
1.22093
1.21651
1.21229
1.20888
1.20679
1.20634
1.20757
1.21015
1.21353
1.21705
1.22017
1.22256
1.2241
1.22482
1.22484
1.22431
1.22335
1.22208
1.22057
1.21888
1.21705
1.2151
1.21304
1.2109
1.2087
1.20645
1.20416
1.20188
1.19962
1.19744
1.19537
1.1935
1.19189
1.1906
1.18968
1.18915
1.18901
1.1892
1.18965
1.19027
1.19096
1.19163
1.19221
1.19266
1.19296
1.19311
1.19315
1.19312
1.19308
1.19309
1.19319
1.19343
1.19381
1.19436
1.19503
1.19581
1.19665
1.19751
1.19834
1.19911
1.19977
1.20031
1.20069
1.2009
1.20091
1.20073
1.20033
1.19971
1.19886
1.19779
1.19649
1.19498
1.19327
1.19137
1.18931
1.1871
1.18478
1.1824
1.18
1.17767
1.17551
1.17362
1.17212
1.17108
1.17058
1.17064
1.17126
1.17237
1.17392
1.17581
1.17795
1.18028
1.18272
1.18523
1.18775
1.19025
1.19267
1.19497
1.1971
1.199
1.20062
1.20192
1.20289
1.2035
1.20375
1.20367
1.20328
1.20262
1.20175
1.20071
1.19958
1.1984
1.19723
1.19613
1.19516
1.19439
1.19392
1.19385
1.19428
1.19528
1.19687
1.199
1.20159
1.20451
1.2076
1.21073
1.21377
1.21664
1.21927
1.22164
1.22373
1.22554
1.2271
1.22844
1.22961
1.23068
1.23172
1.2328
1.23397
1.23526
1.23663
1.238
1.23924
1.24016
1.24058
1.24027
1.23906
1.2368
1.23342
1.22898
1.22374
1.21819
1.21307
1.20923
1.20742
1.20799
1.21071
1.21477
1.21904
1.22238
1.224
1.22369
1.22193
1.21977
1.21846
1.21889
1.22123
1.22497
1.22936
1.23383
1.23812
1.24216
1.24596
1.24947
1.2526
1.25524
1.25731
1.25878
1.25968
1.2601
1.26013
1.25988
1.25941
1.25876
1.25793
1.25687
1.25549
1.25367
1.25129
1.24824
1.24454
1.24038
1.23623
1.23278
1.23079
1.23072
1.23252
1.23559
1.23907
1.24219
1.24447
1.24572
1.24602
1.24556
1.24458
1.24332
1.24194
1.24051
1.23904
1.23745
1.23565
1.23358
1.23119
1.22852
1.22567
1.22279
1.22011
1.21788
1.21631
1.21557
1.21569
1.21659
1.21802
1.21967
1.22121
1.22236
1.22293
1.22289
1.22235
1.22156
1.22088
1.22062
1.22103
1.22212
1.22375
1.22564
1.22751
1.22913
1.23036
1.23113
1.23148
1.23144
1.23109
1.2305
1.22973
1.22883
1.22785
1.2268
1.2257
1.22455
1.22332
1.22199
1.22051
1.21885
1.21696
1.21477
1.21224
1.20931
1.20593
1.20207
1.19771
1.19294
1.18796
1.1832
1.17924
1.17678
1.17629
1.17787
1.18108
1.18515
1.18922
1.1926
1.19479
1.19551
1.19463
1.19214
1.18824
1.18341
1.17847
1.17446
1.17235
1.17262
1.17498
1.17861
1.18249
1.18579
1.18801
1.18891
1.18847
1.18677
1.18399
1.18035
1.17614
1.17171
1.1674
1.16357
1.16051
1.15844
1.15746
1.15754
1.15857
1.16031
1.16252
1.16492
1.16726
1.16934
1.17102
1.17222
1.17292
1.17313
1.1729
1.17228
1.17134
1.17011
1.16864
1.16694
1.16503
1.16288
1.16049
1.15784
1.15492
1.15174
1.14837
1.1449
1.14149
1.13834
1.13565
1.1336
1.13225
1.13158
1.13146
1.13169
1.13207
1.13244
1.13268
1.13273
1.13256
1.13219
1.13164
1.13094
1.13013
1.12925
1.1283
1.12732
1.12633
1.12532
1.1243
1.12327
1.12222
1.12115
1.12002
1.11883
1.11754
1.11612
1.11454
1.11278
1.11084
1.10874
1.10654
1.10435
1.10233
1.10068
1.09958
1.09917
1.09952
1.10055
1.10215
1.10412
1.10628
1.10848
1.11061
1.11262
1.11449
1.11622
1.11784
1.11938
1.12086
1.1223
1.12371
1.12512
1.1265
1.12785
1.12912
1.13023
1.13106
1.13139
1.13094
1.12924
1.12574
1.11985
1.1113
1.1008
1.09068
1.08462
1.0855
1.09313
1.1044
1.1158
1.12525
1.13229
1.13729
1.14088
1.14359
1.14578
1.14762
1.14914
1.15028
1.1509
1.15084
1.14989
1.14785
1.14456
1.13992
1.13405
1.12734
1.12058
1.1148
1.11094
1.10938
1.10969
1.11089
1.11193
1.11218
1.11172
1.11129
1.11202
1.1148
1.11981
1.12651
1.134
1.14148
1.14844
1.15461
1.15987
1.1642
1.16763
1.17024
1.17216
1.1735
1.17437
1.17489
1.17513
1.17516
1.17503
1.17477
1.17444
1.17408
1.17373
1.17343
1.17321
1.17307
1.17302
1.17301
1.17302
1.173
1.17293
1.17278
1.17255
1.1722
1.17175
1.17118
1.17049
1.16965
1.16867
1.16758
1.16644
1.16536
1.16454
1.1642
1.1646
1.16589
1.1681
1.1711
1.17458
1.17819
1.18154
1.18435
1.18638
1.18749
1.18761
1.18668
1.18472
1.18177
1.1779
1.17328
1.16815
1.16281
1.15767
1.15315
1.14965
1.14749
1.14683
1.14765
1.14981
1.15304
1.15704
1.16151
1.16615
1.17073
1.17504
1.17893
1.18228
1.18499
1.18704
1.18839
1.18905
1.18903
1.18839
1.18715
1.18538
1.18317
1.18061
1.17785
1.17506
1.1724
1.17007
1.16819
1.16686
1.16611
1.1659
1.16619
1.16689
1.16793
1.16924
1.17074
1.17233
1.17392
1.17539
1.17661
1.17745
1.17778
1.17745
1.17636
1.17444
1.1717
1.16827
1.16443
1.16061
1.1573
1.15492
1.15368
1.15354
1.15429
1.15567
1.15746
1.15955
1.16186
1.16431
1.16676
1.16909
1.17112
1.17275
1.17395
1.17474
1.17523
1.17558
1.17595
1.17649
1.17724
1.17822
1.17932
1.18043
1.18141
1.18214
1.18253
1.18252
1.18208
1.1812
1.17989
1.17814
1.17594
1.17321
1.16985
1.16565
1.16031
1.15345
1.14483
1.13472
1.1245
1.11684
1.11474
1.11954
1.12972
1.1421
1.15388
1.16365
1.17111
1.17657
1.18047
1.18321
1.1851
1.18636
1.18713
1.1875
1.18752
1.18723
1.18665
1.18578
1.18466
1.18331
1.18179
1.18018
1.17855
1.17699
1.17554
1.1742
1.17289
1.17143
1.16962
1.16724
1.16415
1.1604
1.15632
1.15255
1.14994
1.14922
1.15073
1.15424
1.15909
1.1645
1.16988
1.17484
1.17926
1.18312
1.18647
1.18935
1.19181
1.19386
1.1955
1.19673
1.19752
1.19788
1.1978
1.19734
1.19656
1.19554
1.19442
1.1933
1.19229
1.19146
1.19081
1.19032
1.18988
1.18937
1.18862
1.18751
1.18595
1.18398
1.18176
1.17957
1.17774
1.17655
1.1761
1.17632
1.17698
1.17787
1.17884
1.17986
1.18104
1.18253
1.18443
1.18673
1.18931
1.19196
1.19444
1.19658
1.19827
1.19951
1.20041
1.20112
1.20182
1.20267
1.20372
1.20497
1.20629
1.20754
1.20854
1.20913
1.20919
1.20868
1.20757
1.20588
1.20368
1.20106
1.19812
1.19501
1.19187
1.18885
1.18607
1.18364
1.18165
1.18018
1.17931
1.17911
1.17961
1.18084
1.18271
1.18509
1.18776
1.19046
1.19296
1.19508
1.19668
1.19773
1.1982
1.19816
1.19767
1.19683
1.19573
1.19448
1.19321
1.19201
1.19099
1.19022
1.18975
1.18959
1.18974
1.19016
1.19077
1.19152
1.19232
1.19311
1.19383
1.19443
1.19486
1.19512
1.19517
1.19501
1.19467
1.19417
1.19358
1.19296
1.19244
1.19211
1.19208
1.19243
1.19317
1.19425
1.19556
1.19694
1.19817
1.19907
1.19943
1.19913
1.19809
1.19635
1.19409
1.19164
1.1895
1.18824
1.18834
1.19008
1.19344
1.19807
1.20344
1.20898
1.2142
1.21875
1.22245
1.2252
1.22701
1.2279
1.22794
1.22719
1.22573
1.22368
1.22115
1.2183
1.21533
1.21241
1.20971
1.2074
1.20555
1.20424
1.20348
1.20326
1.20356
1.20432
1.20548
1.20691
1.20846
1.20991
1.21102
1.21158
1.21142
1.2105
1.20898
1.20723
1.20582
1.20539
1.20641
1.20901
1.21285
1.21731
1.22176
1.22572
1.22898
1.23155
1.23353
1.23505
1.2362
1.23698
1.23738
1.23736
1.23694
1.23619
1.23519
1.234
1.23261
1.23091
1.22883
1.22641
1.22393
1.22196
1.22117
1.22207
1.22467
1.22848
1.23272
1.23661
1.23967
1.24168
1.24266
1.24279
1.24229
1.24142
1.2404
1.23941
1.23857
1.23791
1.23741
1.23698
1.2365
1.23585
1.23495
1.23379
1.2325
1.2313
1.23053
1.2305
1.23142
1.23328
1.2359
1.23892
1.24198
1.24477
1.24707
1.24875
1.24977
1.25012
1.24982
1.2489
1.24738
1.24529
1.24268
1.23964
1.23628
1.23274
1.2292
1.22585
1.22285
1.22033
1.21836
1.21696
1.2161
1.21576
1.21593
1.21661
1.21778
1.21936
1.22113
1.22276
1.22382
1.22387
1.22257
1.21974
1.2154
1.20986
1.20371
1.19777
1.19297
1.19012
1.18969
1.19168
1.19566
1.20095
1.20685
1.21278
1.21834
1.22331
1.22758
1.23111
1.23393
1.23609
1.23766
1.23872
1.23934
1.23958
1.23949
1.23909
1.23838
1.23736
1.23597
1.23416
1.23182
1.22887
1.2252
1.22076
1.21561
1.20997
1.20432
1.19938
1.19595
1.19463
1.19553
1.19825
1.20201
1.206
1.20961
1.21248
1.21448
1.21563
1.21602
1.21578
1.21509
1.21414
1.21312
1.21226
1.21175
1.21176
1.21238
1.21362
1.21536
1.21741
1.21951
1.2214
1.22281
1.22353
1.22338
1.22222
1.21995
1.21649
1.21186
1.20611
1.19948
1.19233
1.18524
1.17891
1.17406
1.17123
1.1706
1.17193
1.17463
1.17797
1.18129
1.18415
1.18638
1.18801
1.18923
1.19027
1.19134
1.19258
1.19403
1.19566
1.19738
1.19908
1.20069
1.20213
1.20336
1.20437
1.20514
1.20567
1.20596
1.206
1.2058
1.20534
1.20461
1.20359
1.20226
1.2006
1.19858
1.1962
1.19346
1.19043
1.18718
1.18389
1.18075
1.17801
1.17589
1.17458
1.17413
1.17449
1.17551
1.17697
1.17866
1.18038
1.18196
1.1833
1.1843
1.18487
1.18494
1.18441
1.1832
1.18121
1.17843
1.17489
1.17079
1.16646
1.1624
1.15915
1.15716
1.15662
1.15738
1.1591
1.16135
1.16377
1.16611
1.16828
1.17024
1.17201
1.17361
1.17504
1.17631
1.1774
1.17828
1.17894
1.17936
1.17953
1.17946
1.17913
1.17856
1.17774
1.17667
1.17537
1.17385
1.17211
1.17021
1.1682
1.16614
1.16415
1.16233
1.16081
1.15971
1.15912
1.15909
1.15965
1.16074
1.16229
1.16415
1.16618
1.16822
1.17016
1.17188
1.17334
1.1745
1.17537
1.17596
1.17632
1.17649
1.17652
1.17646
1.17636
1.17626
1.1762
1.17623
1.17636
1.17663
1.17704
1.1776
1.17832
1.17919
1.18018
1.18126
1.18241
1.18359
1.18474
1.1858
1.18674
1.18747
1.18793
1.18805
1.18772
1.18686
1.18535
1.18313
1.18011
1.17633
1.17187
1.16697
1.162
1.15744
1.15378
1.15141
1.15047
1.15082
1.15204
1.15367
1.15538
1.15709
1.15898
1.16132
1.16427
1.16776
1.17148
1.17504
1.17812
1.18057
1.18238
1.18361
1.18434
1.18464
1.18449
1.18387
1.18275
1.18111
1.17901
1.17653
1.17384
1.17115
1.16871
1.16676
1.16555
1.16522
1.16584
1.16734
1.16957
1.17227
1.17519
1.17807
1.18069
1.18292
1.18467
1.18591
1.18668
1.18701
1.18697
1.18663
1.18606
1.18532
1.18446
1.18353
1.18255
1.18156
1.18056
1.17956
1.17858
1.1776
1.17664
1.17569
1.17473
1.17376
1.17275
1.17165
1.17044
1.16907
1.16754
1.16587
1.16412
1.1624
1.16082
1.15945
1.15835
1.1575
1.15682
1.15625
1.15576
1.15539
1.15528
1.15558
1.1564
1.15779
1.15965
1.16182
1.16407
1.16619
1.168
1.16941
1.17035
1.17081
1.17081
1.17038
1.16955
1.16838
1.16691
1.16521
1.16335
1.16141
1.15947
1.15763
1.156
1.15468
1.15374
1.15325
1.15325
1.15372
1.15462
1.15587
1.15739
1.15906
1.1608
1.16251
1.16411
1.16554
1.16676
1.16775
1.16848
1.16895
1.16917
1.16917
1.16896
1.16858
1.16805
1.16741
1.16668
1.16588
1.16505
1.16419
1.16331
1.16244
1.16156
1.1607
1.15985
1.15904
1.15825
1.15751
1.15681
1.15618
1.15562
1.15513
1.15473
1.15444
1.15424
1.15416
1.1542
1.15436
1.15465
1.15506
1.1556
1.15626
1.15703
1.15789
1.15882
1.1598
1.16078
1.16174
1.16262
1.16338
1.16399
1.16439
1.16455
1.16445
1.16408
1.16347
1.16265
1.16169
1.16068
1.15971
1.15887
1.15824
1.15789
1.15787
1.15824
1.15901
1.16012
1.16144
1.16274
1.16375
1.1642
1.16385
1.16254
1.16024
1.15711
1.15354
1.15015
1.14766
1.14664
1.14727
1.14927
1.15203
1.15492
1.15747
1.15946
1.16095
1.1621
1.16317
1.16437
1.16585
1.16761
1.16961
1.1717
1.17371
1.17552
1.17702
1.17816
1.17895
1.17943
1.17969
1.17982
1.17992
1.18009
1.1804
1.18089
1.18159
1.18247
1.18349
1.18462
1.1858
1.18699
1.18814
1.18923
1.19023
1.19114
1.19195
1.19267
1.19332
1.19391
1.19447
1.19501
1.19556
1.19613
1.19673
1.19737
1.19804
1.19873
1.19942
1.2001
1.20074
1.20133
1.20185
1.20228
1.2026
1.20277
1.20276
1.20251
1.20196
1.20103
1.19967
1.19787
1.19564
1.19309
1.19038
1.18775
1.18546
1.18381
1.183
1.18314
1.1842
1.18599
1.18819
1.19041
1.19219
1.19306
1.19259
1.19038
1.18617
1.17997
1.17223
1.16395
1.15665
1.15202
1.1514
1.15525
1.16294
1.17304
1.18377
1.19363
1.2016
1.20727
1.21067
1.21215
1.21216
1.21125
1.20992
1.2086
1.2076
1.20711
1.20718
1.20775
1.20868
1.20981
1.21094
1.21194
1.21268
1.21308
1.21306
1.21257
1.21153
1.20989
1.20755
1.20446
1.20057
1.1959
1.19058
1.18489
1.17928
1.17432
1.17059
1.16852
1.16822
1.16943
1.17167
1.17441
1.17723
1.17989
1.18231
1.18453
1.18663
1.18866
1.19064
1.19257
1.19443
1.19617
1.19778
1.19922
1.20046
1.20148
1.2022
1.20253
1.20227
1.20116
1.19878
1.1946
1.18802
1.17853
1.16607
1.15159
1.13749
1.12734
1.12453
1.13026
1.14266
1.15794
1.17249
1.18421
1.1925
1.19764
1.20023
1.20086
1.20002
1.19805
1.1952
1.19168
1.18765
1.18329
1.1788
1.1744
1.17031
1.16675
1.1639
1.16185
1.16062
1.16007
1.1599
1.15967
1.15893
1.15734
1.15488
1.15199
1.14955
1.14857
1.14973
1.15299
1.15765
1.16276
1.1675
1.17139
1.17427
1.17619
1.17729
1.17775
1.17776
1.17745
1.17696
1.17638
1.17578
1.17523
1.17475
1.17439
1.17415
1.17406
1.17411
1.17427
1.17452
1.17479
1.17502
1.17511
1.17496
1.17446
1.17352
1.17207
1.17013
1.16779
1.16526
1.16284
1.16086
1.15958
1.15909
1.15932
1.16011
1.16126
1.16261
1.16408
1.1656
1.16708
1.16842
1.16949
1.17013
1.1702
1.1696
1.16825
1.16616
1.16348
1.16051
1.15774
1.15575
1.15505
1.15584
1.15793
1.16082
1.16386
1.16653
1.1685
1.16965
1.17001
1.16976
1.16912
1.16834
1.16766
1.16729
1.16736
1.16791
1.1689
1.17027
1.17189
1.17367
1.17551
1.17735
1.17914
1.18087
1.18251
1.18404
1.18544
1.18669
1.18775
1.18858
1.18914
1.18937
1.1892
1.18858
1.18747
1.18583
1.18367
1.18106
1.17812
1.17504
1.17202
1.16927
1.16694
1.16512
1.16384
1.16315
1.16304
1.16355
1.16467
1.16635
1.16844
1.17075
1.17303
1.17506
1.17663
1.17763
1.17802
1.17787
1.17728
1.17639
1.17536
1.17427
1.1732
1.17219
1.17126
1.17046
1.16981
1.16935
1.16909
1.16905
1.16919
1.16946
1.16981
1.17013
1.17032
1.1703
1.16998
1.16933
1.16839
1.16728
1.16623
1.1655
1.16534
1.16592
1.16719
1.16898
1.171
1.17294
1.17456
1.1757
1.17631
1.17641
1.17608
1.17542
1.17454
1.17354
1.17247
1.17133
1.17008
1.16862
1.16683
1.16457
1.1617
1.15815
1.1539
1.14904
1.14377
1.13842
1.13337
1.12899
1.1256
1.12334
1.12222
1.1221
1.12276
1.12398
1.12554
1.1273
1.12919
1.13117
1.13325
1.13542
1.13766
1.1399
1.14205
1.14401
1.14566
1.14691
1.1477
1.148
1.1478
1.14712
1.146
1.14449
1.14265
1.14055
1.13829
1.13595
1.13367
1.13155
1.12969
1.12816
1.12695
1.12599
1.12515
1.12428
1.12323
1.12193
1.12031
1.11842
1.1163
1.11408
1.11191
1.11003
1.10874
1.10834
1.10905
1.11093
1.11381
1.11742
1.12139
1.12541
1.12923
1.1327
1.13573
1.13831
1.14044
1.14216
1.14351
1.14453
1.14526
1.14573
1.14598
1.14602
1.14586
1.14552
1.145
1.14431
1.14344
1.14241
1.14124
1.13996
1.13861
1.13724
1.1359
1.13464
1.1335
1.1325
1.13165
1.1309
1.1302
1.12948
1.12866
1.12768
1.12651
1.12519
1.12388
1.12283
1.12237
1.12281
1.12437
1.12703
1.13058
1.13463
1.13879
1.14273
1.14623
1.1492
1.15164
1.15357
1.15508
1.1562
1.15697
1.15738
1.15738
1.15686
1.15569
1.1537
1.15075
1.14681
1.14202
1.13681
1.13187
1.128
1.12587
1.12575
1.12745
1.13043
1.13401
1.13753
1.14049
1.14258
1.14371
1.14402
1.14377
1.14332
1.14304
1.1432
1.14396
1.14532
1.14718
1.14938
1.15173
1.15411
1.15642
1.15859
1.16059
1.16242
1.16405
1.16549
1.16672
1.16774
1.16855
1.16917
1.16961
1.16991
1.1701
1.17024
1.17036
1.17053
1.17077
1.17111
1.17156
1.17209
1.17267
1.17324
1.17371
1.17398
1.17397
1.17357
1.17273
1.17144
1.16974
1.16774
1.16564
1.16366
1.16204
1.16092
1.16037
1.16034
1.1607
1.16129
1.16197
1.16267
1.16331
1.16391
1.16446
1.16498
1.16551
1.16605
1.16662
1.16724
1.16788
1.16852
1.1691
1.16953
1.16973
1.16957
1.16894
1.16775
1.16593
1.16348
1.1605
1.15718
1.15383
1.15084
1.14861
1.14746
1.14754
1.14877
1.15092
1.15359
1.15638
1.15892
1.16095
1.1623
1.16293
1.16288
1.16225
1.16118
1.1598
1.15822
1.15651
1.15472
1.15289
1.15109
1.14947
1.14826
1.14769
1.14796
1.14914
1.15114
1.1537
1.15653
1.15935
1.16194
1.16417
1.16601
1.16743
1.16847
1.16913
1.16942
1.1693
1.1687
1.16751
1.16556
1.16269
1.15872
1.15365
1.14769
1.14146
1.13597
1.13236
1.13146
1.13334
1.13735
1.1425
1.14792
1.15305
1.15764
1.16164
1.16508
1.168
1.17046
1.17251
1.1742
1.17558
1.17671
1.17765
1.17844
1.17912
1.17973
1.18028
1.18079
1.18125
1.18167
1.18201
1.18227
1.18241
1.18241
1.18226
1.18192
1.18141
1.18068
1.17974
1.17855
1.1771
1.17539
1.17345
1.17137
1.16935
1.16765
1.16661
1.16656
1.16771
1.17007
1.17344
1.17743
1.18154
1.1853
1.18838
1.19062
1.19207
1.19299
1.19378
1.19485
1.19656
1.19907
1.20233
1.2061
1.21003
1.21379
1.21713
1.21987
1.22194
1.22335
1.22415
1.22449
1.22452
1.22447
1.22455
1.22494
1.22576
1.22697
1.22847
1.23005
1.23149
1.23261
1.23328
1.23343
1.23304
1.23215
1.23081
1.22908
1.22706
1.22482
1.22246
1.22005
1.21762
1.21512
1.21241
1.20939
1.20612
1.20305
1.20096
1.20067
1.20249
1.20591
1.20985
1.21319
1.21516
1.21547
1.21424
1.21188
1.20886
1.2057
1.20276
1.20023
1.19815
1.19646
1.19519
1.19452
1.19472
1.19605
1.19853
1.20194
1.20583
1.20978
1.2136
1.21737
1.22128
1.22547
1.22976
1.23375
1.2369
1.23882
1.23928
1.23825
1.23588
1.23242
1.22822
1.22363
1.21905
1.21477
1.21104
1.20794
1.20552
1.20373
1.20252
1.20186
1.20174
1.20214
1.20303
1.20433
1.2059
1.20757
1.2092
1.21065
1.2118
1.21262
1.21305
1.21306
1.21262
1.21166
1.21012
1.20793
1.20507
1.20158
1.19766
1.19365
1.19006
1.18746
1.18633
1.18684
1.1888
1.1917
1.19487
1.19771
1.19974
1.20072
1.20054
1.19923
1.19693
1.19383
1.1902
1.18635
1.18263
1.17935
1.1768
1.17519
1.17461
1.17504
1.17641
1.1786
1.18142
1.18465
1.18806
1.19137
1.19433
1.19678
1.19857
1.19967
1.20007
1.19984
1.19906
1.19786
1.19638
1.19474
1.19311
1.19158
1.19027
1.18921
1.18843
1.1879
1.18754
1.18726
1.18692
1.18637
1.18546
1.18409
1.1822
1.17986
1.1772
1.17447
1.17192
1.16976
1.16803
1.16665
1.16534
1.1638
1.16171
1.15884
1.15517
1.151
1.14701
1.14418
1.14347
1.14535
1.14952
1.15507
1.16095
1.16635
1.17086
1.17436
1.17697
1.17885
1.18019
1.18114
1.18183
1.18235
1.18276
1.18309
1.18336
1.1836
1.1838
1.18397
1.18411
1.18423
1.18433
1.1844
1.18445
1.18445
1.18441
1.1843
1.18411
1.18381
1.18337
1.18278
1.18199
1.18098
1.1797
1.17814
1.17625
1.17401
1.17143
1.16851
1.1653
1.16192
1.15852
1.1553
1.15248
1.15028
1.14882
1.14809
1.1479
1.14792
1.14766
1.14657
1.14422
1.14045
1.13575
1.13142
1.12931
1.13089
1.13629
1.14413
1.15247
1.15976
1.16523
1.16879
1.17066
1.17121
1.17078
1.16968
1.16814
1.16634
1.16437
1.16228
1.16003
1.15756
1.15476
1.15151
1.14775
1.14351
1.13894
1.13432
1.13008
1.12675
1.12485
1.12477
1.12664
1.13021
1.13494
1.14014
1.14519
1.14966
1.15335
1.15621
1.15833
1.15984
1.16087
1.16156
1.16201
1.16232
1.16254
1.16271
1.16285
1.16297
1.16307
1.16315
1.16318
1.16318
1.16312
1.163
1.1628
1.16253
1.16218
1.16172
1.16114
1.16043
1.15955
1.15849
1.15721
1.15569
1.15395
1.15203
1.15003
1.14811
1.14647
1.14534
1.1449
1.14524
1.14629
1.14789
1.14977
1.15168
1.15338
1.15472
1.15561
1.15603
1.156
1.15557
1.15484
1.15391
1.15289
1.1519
1.15106
1.15047
1.15022
1.15038
1.15097
1.15201
1.15347
1.15529
1.1574
1.15974
1.16221
1.16472
1.16722
1.16964
1.17194
1.17408
1.17605
1.17781
1.17936
1.18067
1.18173
1.18251
1.18296
1.18303
1.18268
1.1818
1.18034
1.17819
1.17529
1.17161
1.1672
1.16223
1.15703
1.15202
1.14768
1.14437
1.14224
1.14116
1.14087
1.14112
1.1418
1.14294
1.14472
1.14724
1.15047
1.15417
1.15796
1.16143
1.16425
1.16623
1.16729
1.16749
1.16696
1.16587
1.16442
1.16278
1.16114
1.1596
1.15828
1.15723
1.15647
1.15603
1.15589
1.15601
1.15637
1.15687
1.15746
1.15806
1.15862
1.15913
1.15962
1.16016
1.16085
1.16179
1.16302
1.16455
1.16633
1.16827
1.17026
1.17218
1.17394
1.17548
1.17676
1.17776
1.17848
1.17892
1.17909
1.17898
1.17861
1.17797
1.17706
1.17589
1.17447
1.17283
1.17101
1.16909
1.16715
1.16529
1.16361
1.16218
1.16105
1.16023
1.15971
1.15948
1.15952
1.15979
1.16023
1.16073
1.16113
1.16128
1.16103
1.16032
1.15918
1.15774
1.15619
1.15475
1.15358
1.15277
1.15232
1.15217
1.15227
1.15259
1.15315
1.15405
1.15539
1.15724
1.15959
1.16236
1.16539
1.16848
1.17142
1.17406
1.17626
1.17794
1.17906
1.17964
1.1797
1.17932
1.1786
1.17769
1.17673
1.1759
1.1753
1.175
1.17501
1.17528
1.17571
1.17621
1.17671
1.17715
1.17748
1.17769
1.17779
1.1778
1.17774
1.17765
1.17759
1.17761
1.17777
1.17809
1.17858
1.17915
1.17969
1.18004
1.1801
1.17982
1.17922
1.17844
1.17765
1.17699
1.17656
1.17636
1.17628
1.17619
1.17599
1.17561
1.17507
1.17434
1.17341
1.17219
1.17057
1.16854
1.16622
1.16392
1.16208
1.16115
1.1615
1.16327
1.16642
1.17071
1.17579
1.18127
1.18676
1.19193
1.19657
1.20055
1.20383
1.20644
1.20845
1.20993
1.21095
1.21158
1.21185
1.2118
1.21144
1.2108
1.20986
1.20865
1.20717
1.20545
1.20354
1.20148
1.19934
1.19719
1.19509
1.19311
1.19129
1.18967
1.1883
1.18718
1.18629
1.18561
1.18511
1.18479
1.18471
1.18501
1.18587
1.18748
1.18991
1.1931
1.19685
1.20083
1.20472
1.20825
1.21122
1.21352
1.21513
1.21606
1.21634
1.21606
1.21526
1.21404
1.21244
1.21054
1.20837
1.20598
1.20338
1.20058
1.19761
1.19449
1.19124
1.18791
1.18452
1.18109
1.17767
1.1743
1.1711
1.16824
1.16595
1.1644
1.16369
1.16374
1.16435
1.16523
1.16599
1.1662
1.16541
1.16331
1.15994
1.15589
1.15243
1.15113
1.1532
1.15884
1.16708
1.17633
1.18508
1.19231
1.19759
1.20091
1.20249
1.20266
1.20178
1.2002
1.19823
1.19617
1.19424
1.19262
1.1914
1.19055
1.19
1.1896
1.18916
1.18851
1.18747
1.1859
1.18368
1.18076
1.17715
1.17301
1.16859
1.1643
1.1606
1.15785
1.15623
1.15567
1.15588
1.15651
1.1572
1.1577
1.15787
1.15761
1.15687
1.15563
1.15387
1.1516
1.14885
1.14575
1.1425
1.13943
1.13693
1.13542
1.13521
1.13646
1.13908
1.14279
1.14718
1.15181
1.15633
1.16048
1.16413
1.16725
1.16984
1.17195
1.17366
1.17503
1.17612
1.17698
1.17767
1.17821
1.17863
1.17893
1.17914
1.17923
1.17918
1.17895
1.17848
1.17771
1.17655
1.17493
1.17276
1.17001
1.16671
1.16297
1.15906
1.15532
1.15222
1.15017
1.1495
1.1503
1.15241
1.15548
1.15911
1.16287
1.16643
1.16956
1.17209
1.17389
1.1749
1.17505
1.17434
1.17284
1.17071
1.16823
1.16577
1.16375
1.16254
1.16236
1.16326
1.1651
1.16764
1.1706
1.17372
1.1768
1.17965
1.18214
1.18414
1.18556
1.18633
1.18639
1.18574
1.18445
1.18265
1.18054
1.17839
1.1765
1.17516
1.17454
1.1747
1.17557
1.17699
1.17874
1.18062
1.18246
1.18414
1.18562
1.18685
1.18783
1.18857
1.18908
1.18938
1.18948
1.18939
1.18913
1.18868
1.18807
1.18729
1.18635
1.18529
1.18413
1.18296
1.18187
1.18097
1.18036
1.18012
1.18024
1.18067
1.18126
1.18183
1.18221
1.18224
1.18178
1.18078
1.17917
1.17693
1.17402
1.1704
1.16605
1.16104
1.15564
1.15036
1.14596
1.14327
1.14288
1.14484
1.14871
1.1537
1.15905
1.16412
1.1685
1.17198
1.17442
1.17578
1.17605
1.17524
1.17342
1.17067
1.16718
1.1632
1.15912
1.15543
1.15269
1.15134
1.15165
1.15355
1.1567
1.16061
1.1648
1.16886
1.17253
1.17564
1.17813
1.17999
1.18125
1.18199
1.18233
1.18242
1.18239
1.18242
1.18263
1.1831
1.18385
1.18482
1.1859
1.18694
1.18779
1.18829
1.18832
1.18782
1.18677
1.18526
1.18349
1.1817
1.18019
1.17916
1.17867
1.17858
1.17856
1.17822
1.17721
1.17528
1.17243
1.16889
1.16519
1.16206
1.16027
1.16032
1.16223
1.16559
1.16972
1.17403
1.17813
1.18187
1.18525
1.18836
1.19124
1.19388
1.19623
1.19815
1.19949
1.20008
1.19975
1.19834
1.19574
1.19195
1.18711
1.18165
1.17626
1.17179
1.16905
1.16838
1.16958
1.17198
1.17481
1.17745
1.17956
1.18104
1.18196
1.18249
1.18279
1.18306
1.18342
1.18397
1.18478
1.18585
1.18713
1.18856
1.19006
1.19155
1.19292
1.19413
1.19512
1.19586
1.19632
1.1965
1.1964
1.19605
1.19545
1.19467
1.19376
1.1928
1.19188
1.1911
1.19052
1.19018
1.19005
1.19006
1.19015
1.19022
1.19026
1.19027
1.19031
1.19045
1.19073
1.19111
1.19153
1.19185
1.19199
1.19188
1.19151
1.19094
1.19024
1.18945
1.18859
1.18763
1.18654
1.18527
1.18385
1.18234
1.18084
1.17948
1.17837
1.17758
1.17715
1.17706
1.17727
1.1777
1.1783
1.17898
1.1797
1.18039
1.18102
1.18153
1.18189
1.18208
1.18205
1.18178
1.18125
1.18044
1.17933
1.17794
1.17628
1.1744
1.17235
1.17022
1.16815
1.16624
1.16465
1.16347
1.16278
1.16262
1.16292
1.16358
1.16444
1.16532
1.16605
1.1665
1.16658
1.16628
1.16563
1.16469
1.16355
1.16226
1.16086
1.15936
1.15773
1.15595
1.15399
1.15188
1.14967
1.14745
1.14536
1.14355
1.14214
1.14125
1.14095
1.14125
1.14211
1.14342
1.14505
1.14688
1.14878
1.15062
1.15232
1.15382
1.1551
1.15613
1.15692
1.15748
1.15785
1.15803
1.15805
1.15794
1.15772
1.15741
1.15702
1.15659
1.15611
1.15561
1.1551
1.15461
1.15415
1.15375
1.15342
1.15319
1.15307
1.15307
1.1532
1.15345
1.15381
1.15426
1.15476
1.15529
1.1558
1.15625
1.1566
1.15681
1.15683
1.15662
1.15613
1.15534
1.15422
1.15275
1.15094
1.14882
1.14646
1.14399
1.14157
1.13946
1.13791
1.13719
1.13747
1.13879
1.14104
1.14396
1.14723
1.1505
1.1535
1.15599
1.15779
1.15877
1.15881
1.15781
1.1557
1.15251
1.14834
1.1435
1.13845
1.1338
1.13019
1.12818
1.12808
1.12989
1.13335
1.13797
1.14318
1.14843
1.15326
1.15738
1.16072
1.16344
1.16583
1.16819
1.17071
1.17341
1.1761
1.17851
1.1804
1.18163
1.18214
1.18198
1.18126
1.18008
1.1786
1.1769
1.17509
1.17323
1.17136
1.16954
1.16781
1.1662
1.16475
1.16345
1.16229
1.1612
1.16015
1.1591
1.15805
1.15706
1.15618
1.1555
1.15511
1.15507
1.15541
1.15613
1.15718
1.15848
1.15992
1.16138
1.16276
1.16395
1.16486
1.16545
1.16567
1.1655
1.16493
1.16396
1.1626
1.16086
1.15878
1.15643
1.1539
1.15128
1.1487
1.14622
1.14387
1.14156
1.13909
1.13624
1.13274
1.12848
1.12357
1.11847
1.11394
1.11081
1.10967
1.11058
1.1131
1.11659
1.1205
1.12447
1.12835
1.13204
1.13549
1.13861
1.14136
1.14368
1.14558
1.14708
1.14823
1.14908
1.14971
1.15016
1.15048
1.15073
1.15092
1.15109
1.15125
1.1514
1.15155
1.15167
1.15176
1.15179
1.15173
1.15155
1.15121
1.15067
1.14991
1.14889
1.14759
1.146
1.14411
1.14193
1.13947
1.13674
1.1338
1.13074
1.1277
1.12488
1.12249
1.12073
1.11975
1.11964
1.12044
1.12211
1.12454
1.12756
1.13095
1.1345
1.13804
1.14149
1.14483
1.14806
1.1512
1.15422
1.15708
1.15971
1.16207
1.16411
1.16581
1.16716
1.1682
1.16896
1.16947
1.16978
1.16989
1.16982
1.16953
1.16894
1.16793
1.16638
1.16417
1.16123
1.15769
1.15387
1.15033
1.14774
1.14666
1.14728
1.14936
1.15236
1.15569
1.15891
1.1618
1.16429
1.16644
1.16832
1.17002
1.17159
1.17305
1.17439
1.1756
1.17663
1.17746
1.17804
1.17832
1.17823
1.17772
1.17672
1.17516
1.17296
1.1701
1.16658
1.16248
1.15798
1.15336
1.149
1.14532
1.14273
1.1415
1.14173
1.14325
1.14572
1.14869
1.15171
1.15444
1.15661
1.15811
1.1589
1.15898
1.15843
1.15732
1.15573
1.15376
1.15152
1.14915
1.14687
1.14492
1.1436
1.14316
1.14375
1.14534
1.14778
1.15078
1.15404
1.1573
1.16039
1.16318
1.16563
1.16773
1.16949
1.17092
1.17205
1.1729
1.17348
1.1738
1.17388
1.17371
1.17329
1.17263
1.17172
1.17056
1.16912
1.1674
1.16537
1.16301
1.16029
1.15723
1.1539
1.15043
1.14709
1.14421
1.14213
1.14108
1.14103
1.14167
1.14254
1.14315
1.14316
1.1425
1.14137
1.14012
1.13917
1.13875
1.13887
1.13932
1.13979
1.14004
1.14003
1.13991
1.13994
1.14041
1.14144
1.14302
1.14494
1.14694
1.14878
1.15027
1.15133
1.15193
1.15211
1.15194
1.15147
1.1508
1.14998
1.14908
1.14814
1.1472
1.14628
1.14536
1.14443
1.14346
1.14237
1.14112
1.13963
1.13785
1.13574
1.1333
1.13055
1.12756
1.12448
1.12146
1.11871
1.11641
1.1147
1.11367
1.11329
1.11348
1.1141
1.115
1.11603
1.11709
1.11811
1.11906
1.11995
1.12078
1.12158
1.12238
1.12318
1.12401
1.12487
1.12574
1.12663
1.12752
1.1284
1.12926
1.13008
1.13085
1.13155
1.13215
1.13261
1.13288
1.13288
1.13252
1.13167
1.13016
1.12782
1.12447
1.11999
1.11442
1.10804
1.1014
1.09525
1.09019
1.08635
1.08324
1.08011
1.07658
1.07318
1.07129
1.07244
1.07721
1.08483
1.09371
1.10236
1.1099
1.11602
1.12078
1.12439
1.12706
1.129
1.13035
1.13122
1.13173
1.13193
1.13191
1.13172
1.13141
1.13104
1.13065
1.13028
1.12995
1.12969
1.12949
1.12933
1.12921
1.12907
1.1289
1.12868
1.12843
1.12819
1.12804
1.12807
1.12838
1.12906
1.13011
1.13153
1.13321
1.13502
1.13682
1.13845
1.13976
1.14064
1.14097
1.14066
1.1396
1.13774
1.13501
1.13141
1.12697
1.12182
1.11622
1.11057
1.10546
1.10161
1.09973
1.10025
1.10315
1.10796
1.11397
1.12044
1.12681
1.13274
1.13808
1.14279
1.14691
1.15048
1.15353
1.15608
1.15812
1.15964
1.16062
1.16106
1.16095
1.16031
1.15922
1.15776
1.15608
1.15436
1.15278
1.15149
1.1506
1.1501
1.1499
1.14981
1.14965
1.1492
1.1483
1.14685
1.14483
1.14231
1.13947
1.13656
1.13386
1.13168
1.13025
1.12969
1.12995
1.13084
1.13206
1.13327
1.13424
1.1349
1.13537
1.13595
1.13701
1.13878
1.1413
1.14436
1.14762
1.1507
1.1533
1.15527
1.15651
1.15704
1.15689
1.15613
1.15482
1.15306
1.151
1.1488
1.14668
1.14486
1.14359
1.14303
1.14326
1.14426
1.14588
1.14793
1.15016
1.15236
1.15434
1.156
1.15724
1.15805
1.15842
1.15834
1.15779
1.15676
1.15521
1.15308
1.15038
1.14719
1.14374
1.14051
1.13813
1.13726
1.1383
1.14119
1.14543
1.1503
1.1551
1.15936
1.16283
1.16547
1.16735
1.1686
1.16935
1.16977
1.16997
1.17007
1.17017
1.17034
1.17062
1.17103
1.17156
1.17215
1.1727
1.17308
1.17313
1.17261
1.17132
1.16902
1.16555
1.16088
1.15519
1.14895
1.14293
1.13805
1.13518
1.13479
1.13682
1.14073
1.14573
1.15102
1.15599
1.16026
1.16365
1.16614
1.1678
1.16877
1.16923
1.16936
1.16934
1.16935
1.16948
1.16983
1.17044
1.1713
1.1724
1.1737
1.17516
1.17673
1.17835
1.17997
1.18153
1.18297
1.18425
1.18531
1.18612
1.18664
1.18683
1.18666
1.18611
1.18513
1.18371
1.1818
1.17941
1.17655
1.17329
1.16976
1.16612
1.16258
1.1593
1.15633
1.15365
1.15118
1.14895
1.14711
1.14596
1.14583
1.14687
1.14902
1.15204
1.15561
1.15947
1.16339
1.16722
1.17084
1.17413
1.17703
1.17948
1.18146
1.18298
1.18404
1.18466
1.18486
1.18467
1.18409
1.18315
1.18183
1.18015
1.1781
1.17567
1.17286
1.16969
1.1662
1.16252
1.15886
1.15551
1.15288
1.15135
1.15123
1.15261
1.15538
1.15919
1.16361
1.16821
1.17262
1.17661
1.18005
1.18288
1.18509
1.18669
1.18767
1.188
1.18764
1.18651
1.18455
1.18169
1.17797
1.17353
1.16871
1.16402
1.16008
1.15741
1.15626
1.15655
1.15794
1.16006
1.16261
1.16543
1.16842
1.17148
1.1745
1.17733
1.17987
1.182
1.18368
1.18489
1.18565
1.18596
1.18584
1.18529
1.18429
1.1828
1.18079
1.17823
1.17515
1.17167
1.16803
1.16462
1.16193
1.16046
1.16054
1.16221
1.16524
1.16916
1.17347
1.17771
1.18155
1.18481
1.1874
1.18931
1.19055
1.1912
1.19129
1.1909
1.19007
1.18888
1.18737
1.18561
1.18364
1.1815
1.17923
1.17686
1.17441
1.17194
1.16953
1.16733
1.1655
1.16421
1.16359
1.16368
1.16444
1.16571
1.16731
1.16907
1.17084
1.17253
1.17409
1.17548
1.17669
1.17773
1.17858
1.17923
1.17968
1.17992
1.17998
1.17988
1.17968
1.17943
1.17921
1.17908
1.1791
1.17927
1.1796
1.18007
1.18064
1.18129
1.18197
1.18267
1.18337
1.18405
1.1847
1.18532
1.18589
1.18639
1.1868
1.18709
1.18724
1.18719
1.18693
1.18639
1.18554
1.18435
1.18277
1.1808
1.17844
1.17573
1.17275
1.16962
1.16649
1.16355
1.16098
1.15891
1.15741
1.15649
1.15611
1.15621
1.15675
1.15776
1.15931
1.16151
1.1644
1.16794
1.17195
1.17616
1.18029
1.18409
1.18741
1.19017
1.19234
1.19396
1.19505
1.19561
1.19564
1.1951
1.19397
1.19226
1.19009
1.18768
1.18535
1.18339
1.18196
1.18096
1.17999
1.17846
1.17576
1.17141
1.16521
1.15728
1.14814
1.13874
1.13032
1.12427
1.12183
1.12371
1.12978
1.13905
1.15002
1.1611
1.17106
1.17921
1.18528
1.18935
1.1917
1.19265
1.19259
1.19186
1.19082
1.18978
1.18894
1.18844
1.18826
1.18832
1.18846
1.18849
1.1883
1.18781
1.18703
1.18603
1.18493
1.18385
1.18292
1.18222
1.1818
1.18165
1.18173
1.182
1.1824
1.18288
1.18337
1.18383
1.18421
1.18444
1.18446
1.18421
1.18364
1.18271
1.18142
1.1798
1.17793
1.17596
1.17407
1.17246
1.17127
1.1706
1.17045
1.17071
1.17127
1.17197
1.1727
1.17342
1.1741
1.17477
1.17544
1.17616
1.17695
1.17778
1.17862
1.17943
1.1801
1.18056
1.18072
1.18055
1.18008
1.17939
1.17867
1.17816
1.17806
1.17847
1.1793
1.18029
1.18105
1.18117
1.18035
1.17846
1.17561
1.17218
1.16877
1.16613
1.16494
1.16561
1.16811
1.17197
1.17637
1.18048
1.18357
1.1852
1.18523
1.18377
1.18112
1.1777
1.17397
1.17033
1.16711
1.16448
1.16248
1.1611
1.16035
1.16031
1.16107
1.1627
1.16513
1.16811
1.1713
1.17436
1.17702
1.17918
1.18084
1.18208
1.18302
1.18376
1.18441
1.18501
1.18561
1.18622
1.18682
1.1874
1.18794
1.1884
1.18872
1.18882
1.18862
1.188
1.18685
1.18506
1.18256
1.17941
1.1758
1.17217
1.1691
1.16718
1.16676
1.1678
1.16983
1.17219
1.17422
1.17545
1.17562
1.17468
1.17276
1.17012
1.16716
1.16435
1.16217
1.16096
1.16085
1.16174
1.16335
1.16533
1.16733
1.1691
1.17046
1.1713
1.17156
1.17122
1.17034
1.16902
1.16742
1.16575
1.16427
1.1632
1.1627
1.16284
1.16358
1.16481
1.16634
1.16801
1.16961
1.17096
1.17185
1.17208
1.1714
1.16959
1.16655
1.16238
1.15758
1.15307
1.15003
1.1494
1.15138
1.15531
1.16005
1.16455
1.16811
1.17052
1.17183
1.17229
1.17219
1.17181
1.17141
1.17113
1.17107
1.17122
1.17153
1.1719
1.17225
1.1725
1.17261
1.17258
1.17245
1.1723
1.17222
1.1723
1.17262
1.17322
1.17411
1.17526
1.1766
1.17803
1.17946
1.18079
1.18195
1.18286
1.18349
1.18382
1.18385
1.18361
1.18315
1.18252
1.18181
1.18109
1.18043
1.17989
1.17952
1.17931
1.17926
1.17934
1.17953
1.1798
1.18012
1.18047
1.18084
1.18118
1.18146
1.18163
1.18167
1.18154
1.18123
1.18077
1.18018
1.17955
1.17899
1.17861
1.17854
1.17887
1.17964
1.18085
1.18242
1.18424
1.18617
1.1881
1.18991
1.19151
1.19282
1.19376
1.19425
1.1942
1.19355
1.19226
1.19034
1.1879
1.18518
1.18245
1.18004
1.17823
1.17713
1.17675
1.17697
1.17761
1.1786
1.17992
1.18168
1.18401
1.18699
1.19057
1.19454
1.19859
1.20238
1.20561
1.20804
1.20951
1.20995
1.2093
1.20755
1.20472
1.2009
1.19625
1.19104
1.18563
1.18049
1.17609
1.17283
1.17101
1.17075
1.17203
1.17468
1.17841
1.18286
1.18761
1.19231
1.19667
1.20049
1.20367
1.20618
1.20805
1.2093
1.20999
1.21015
1.2098
1.20893
1.20755
1.20563
1.20315
1.20016
1.19675
1.19313
1.18961
1.18656
1.18431
1.18304
1.18272
1.18317
1.18411
1.18525
1.18642
1.18751
1.18848
1.18934
1.19012
1.19088
1.19167
1.19257
1.19366
1.195
1.19656
1.19829
1.20007
1.20173
1.20312
1.20407
1.2045
1.20435
1.2036
1.20226
1.20037
1.19796
1.19508
1.19179
1.1881
1.18404
1.17964
1.17501
1.17053
1.1669
1.16504
1.16568
1.16891
1.17406
1.18004
1.18581
1.19071
1.19447
1.19715
1.19902
1.20046
1.20185
1.20352
1.20566
1.20829
1.21126
1.21436
1.21732
1.21996
1.22211
1.22369
1.22466
1.225
1.22471
1.22378
1.22222
1.22006
1.21731
1.21402
1.21023
1.20599
1.20132
1.19629
1.19097
1.18566
1.18096
1.17785
1.17732
1.17978
1.18469
1.19074
1.19654
1.20121
1.20446
1.20647
1.20763
1.20831
1.20879
1.20913
1.20928
1.2091
1.20842
1.20715
1.20529
1.20297
1.20043
1.19796
1.19585
1.19437
1.19367
1.19382
1.19476
1.19634
1.19837
1.20065
1.20297
1.20519
1.2072
1.20895
1.21042
1.21161
1.21254
1.21322
1.21368
1.21393
1.21397
1.21379
1.21341
1.21285
1.2122
1.2116
1.21118
1.21106
1.21128
1.21179
1.21247
1.21316
1.21371
1.21402
1.21403
1.21372
1.21311
1.21226
1.21117
1.20988
1.20836
1.20652
1.20425
1.20134
1.1976
1.19288
1.18723
1.18114
1.17552
1.17164
1.17049
1.17227
1.17622
1.18104
1.18553
1.18896
1.19105
1.19186
1.19159
1.19053
1.18898
1.18723
1.18555
1.18417
1.18323
1.18281
1.18287
1.18329
1.18394
1.18468
1.18539
1.18599
1.18645
1.18677
1.18698
1.1871
1.18717
1.18722
1.1873
1.18741
1.18757
1.18777
1.18801
1.18826
1.18852
1.18874
1.18889
1.18895
1.18888
1.18867
1.18829
1.18772
1.18697
1.18604
1.18495
1.18373
1.18241
1.18104
1.17968
1.17837
1.17716
1.17608
1.17517
1.17446
1.17399
1.1738
1.17393
1.17445
1.17537
1.1767
1.17838
1.18031
1.18231
1.18419
1.18577
1.18691
1.18751
1.18754
1.18707
1.18619
1.18505
1.18385
1.18274
1.18188
1.18138
1.18129
1.18162
1.18231
1.18329
1.18444
1.18566
1.18683
1.18784
1.18861
1.18904
1.18907
1.18864
1.1877
1.18625
1.18432
1.18207
1.17972
1.17762
1.17611
1.17542
1.17556
1.17629
1.17718
1.17775
1.17761
1.17647
1.1742
1.1708
1.1664
1.1613
1.15591
1.15083
1.1467
1.14403
1.14304
1.14356
1.14519
1.14747
1.15003
1.1527
1.1554
1.15811
1.16082
1.16345
1.1659
1.16806
1.16985
1.1712
1.17209
1.17253
1.17254
1.17218
1.17149
1.17053
1.16935
1.16798
1.16647
1.16486
1.16318
1.16145
1.15972
1.15801
1.15634
1.15475
1.15326
1.15189
1.15066
1.14955
1.14858
1.14774
1.14701
1.14639
1.14586
1.14542
1.14505
1.14476
1.14455
1.14442
1.14437
1.14442
1.14454
1.14475
1.14503
1.14536
1.14571
1.14606
1.14638
1.14665
1.14686
1.14702
1.14715
1.14728
1.14745
1.14768
1.14795
1.14823
1.14842
1.1484
1.14805
1.14724
1.14588
1.14396
1.1415
1.13862
1.13554
1.13249
1.12974
1.12754
1.12607
1.12541
1.1255
1.12626
1.1275
1.12909
1.13093
1.13298
1.13526
1.13782
1.14067
1.14377
1.14698
1.15013
1.15301
1.15547
1.15736
1.15865
1.15936
1.15954
1.1593
1.15876
1.15802
1.15719
1.15634
1.15554
1.15482
1.15417
1.15359
1.15306
1.15255
1.15204
1.15149
1.15092
1.15034
1.14978
1.1493
1.14892
1.14868
1.14854
1.14841
1.14811
1.14739
1.14597
1.14362
1.14028
1.13624
1.13223
1.12931
1.12845
1.13006
1.13373
1.13846
1.14321
1.14723
1.15019
1.15208
1.15303
1.15326
1.15294
1.15225
1.15129
1.15015
1.14892
1.14764
1.14639
1.14522
1.1442
1.14342
1.14292
1.14274
1.14289
1.14332
1.14397
1.14476
1.14557
1.14631
1.1469
1.14727
1.14739
1.14725
1.14683
1.14617
1.1453
1.14425
1.14308
1.14182
1.14055
1.13928
1.13808
1.13697
1.13598
1.13513
1.13443
1.13388
1.13347
1.13319
1.13302
1.13294
1.1329
1.13287
1.13283
1.13273
1.13255
1.13228
1.13192
1.1315
1.13105
1.13065
1.13039
1.13033
1.13051
1.13095
1.13157
1.13228
1.13294
1.13338
1.13348
1.13313
1.1323
1.13101
1.12937
1.12758
1.12588
1.12455
1.12383
1.12384
1.12459
1.12593
1.1276
1.12932
1.13083
1.13195
1.13258
1.1327
1.13236
1.13166
1.13074
1.12973
1.12882
1.12815
1.12788
1.12814
1.129
1.13049
1.13257
1.13514
1.13804
1.14111
1.14416
1.14703
1.1496
1.15175
1.15345
1.15466
1.15539
1.15567
1.15557
1.15513
1.15446
1.15362
1.15272
1.15182
1.15102
1.15039
1.15
1.14992
1.15019
1.15083
1.15183
1.15314
1.1547
1.1564
1.15814
1.15983
1.1614
1.16279
1.16396
1.16492
1.16565
1.16618
1.16652
1.16671
1.16677
1.16674
1.16665
1.16649
1.16624
1.16583
1.16513
1.16401
1.16234
1.16008
1.15729
1.15418
1.1511
1.14846
1.14661
1.14576
1.14593
1.14695
1.1486
1.15066
1.15293
1.1553
1.15769
1.16006
1.16238
1.16465
1.16686
1.16897
1.17095
1.17274
1.17428
1.17554
1.17646
1.17704
1.17726
1.17713
1.17669
1.17595
1.17495
1.17368
1.17213
1.17024
1.16796
1.16524
1.16209
1.1586
1.15492
1.1513
1.14796
1.14514
1.14299
1.14159
1.14098
1.14115
1.14207
1.14374
1.14615
1.14922
1.15276
1.15652
1.16015
1.16328
1.16557
1.16673
1.16654
1.16487
1.16168
1.15715
1.15166
1.14584
1.14053
1.13655
1.13446
1.13434
1.13583
1.13831
1.1411
1.14368
1.14569
1.14693
1.14734
1.14698
1.14603
1.14479
1.14365
1.14299
1.14308
1.14399
1.1456
1.14768
1.14998
1.15229
1.15444
1.15635
1.15797
1.15923
1.16013
1.16063
1.16075
1.16047
1.15983
1.15883
1.15751
1.15588
1.15399
1.15189
1.14962
1.14726
1.14489
1.14262
1.14054
1.13873
1.13728
1.13624
1.13562
1.13541
1.13557
1.13607
1.13685
1.13788
1.13909
1.1404
1.14171
1.14288
1.14382
1.14446
1.1448
1.14488
1.14484
1.14481
1.14493
1.14533
1.14605
1.14712
1.14853
1.15025
1.15223
1.15443
1.15673
1.15898
1.161
1.16259
1.16357
1.16378
1.16314
1.16163
1.15928
1.15614
1.15226
1.14773
1.14266
1.13728
1.13198
1.12729
1.1238
1.12195
1.12193
1.12362
1.12664
1.13053
1.13479
1.13904
1.14302
1.14659
1.14972
1.15245
1.15484
1.15697
1.15891
1.16068
1.16229
1.16372
1.16494
1.1659
1.16659
1.16697
1.16704
1.16681
1.16628
1.16547
1.16443
1.16317
1.16173
1.16013
1.15841
1.1566
1.15471
1.15278
1.15082
1.14885
1.14689
1.14495
1.14303
1.14115
1.1393
1.1375
1.13575
1.1341
1.13263
1.13146
1.13074
1.13064
1.13126
1.13263
1.13464
1.13708
1.1397
1.14225
1.14455
1.14649
1.14802
1.14915
1.14994
1.15045
1.15076
1.15093
1.15103
1.15109
1.15116
1.15125
1.15139
1.15157
1.1518
1.15207
1.15238
1.15272
1.15308
1.15345
1.15382
1.15417
1.15449
1.15476
1.15496
1.15507
1.15505
1.15489
1.15456
1.15403
1.1533
1.15236
1.15123
1.14995
1.14856
1.14716
1.14585
1.14476
1.14404
1.14383
1.14424
1.14535
1.14716
1.1496
1.15254
1.15579
1.15914
1.16243
1.16549
1.16822
1.17055
1.17246
1.1739
1.17487
1.17534
1.17528
1.17465
1.17342
1.17158
1.16919
1.1664
1.16346
1.16075
1.15867
1.15757
1.15765
1.15891
1.16116
1.16408
1.16731
1.17053
1.17344
1.17584
1.17764
1.17883
1.17948
1.17976
1.17984
1.1799
1.1801
1.18053
1.18127
1.18231
1.18364
1.18521
1.18693
1.18869
1.19036
1.19177
1.19275
1.19314
1.19281
1.19166
1.18965
1.1868
1.18317
1.17891
1.17423
1.16943
1.16489
1.161
1.15807
1.15619
1.15521
1.15483
1.15475
1.15478
1.15495
1.15542
1.15641
1.15811
1.16061
1.16388
1.16773
1.17192
1.17614
1.18013
1.18371
1.1868
1.18942
1.19162
1.19347
1.19502
1.19626
1.19716
1.19765
1.19767
1.19716
1.1961
1.19452
1.19247
1.19008
1.18751
1.18491
1.18243
1.1802
1.17822
1.17647
1.17484
1.1732
1.17141
1.16933
1.1669
1.16406
1.16085
1.15736
1.15376
1.15029
1.14724
1.14493
1.14366
1.14364
1.14495
1.1475
1.15105
1.15529
1.15986
1.16443
1.16876
1.17268
1.17612
1.17903
1.18141
1.18328
1.18466
1.18554
1.18591
1.1857
1.18485
1.18322
1.18066
1.17702
1.17223
1.16633
1.15964
1.1528
1.14666
1.14204
1.13929
1.13817
1.138
1.13803
1.13783
1.1374
1.13708
1.13731
1.13843
1.14049
1.14327
1.14634
1.14923
1.15161
1.15325
1.15412
1.15425
1.15374
1.15275
1.15142
1.14987
1.14822
1.14652
1.14482
1.14315
1.14151
1.13994
1.13849
1.13724
1.13629
1.13572
1.13558
1.1359
1.13665
1.13776
1.13914
1.14069
1.14233
1.14397
1.14553
1.14697
1.14823
1.14928
1.15012
1.15071
1.15105
1.15115
1.15098
1.15056
1.14987
1.1489
1.14766
1.14614
1.14437
1.14239
1.14025
1.13805
1.13584
1.13366
1.13145
1.12914
1.12666
1.12409
1.12177
1.12027
1.1202
1.1219
1.12517
1.12938
1.13372
1.1375
1.14031
1.14197
1.14252
1.14208
1.14078
1.13879
1.13624
1.13326
1.12996
1.12648
1.12295
1.11956
1.1165
1.11397
1.11215
1.11115
1.11096
1.11148
1.1125
1.11376
1.115
1.11604
1.11674
1.11706
1.11708
1.11694
1.11684
1.11701
1.11764
1.11883
1.12056
1.12271
1.12506
1.12741
1.12957
1.1314
1.1328
1.13371
1.13412
1.13402
1.13341
1.13233
1.13082
1.12896
1.12688
1.12473
1.1227
1.12097
1.11968
1.11889
1.11857
1.11863
1.11892
1.11927
1.11955
1.11967
1.11957
1.11924
1.11869
1.11797
1.11711
1.11619
1.11527
1.1144
1.11367
1.11314
1.11287
1.11291
1.11331
1.11409
1.11524
1.11671
1.11841
1.12025
1.12211
1.12384
1.12533
1.12643
1.12703
1.12699
1.12619
1.12454
1.12197
1.11855
1.11448
1.11017
1.10622
1.10325
1.10178
1.10199
1.10372
1.10658
1.1101
1.11391
1.11775
1.12146
1.12492
1.12803
1.13067
1.13274
1.13419
1.13502
1.13532
1.13525
1.13506
1.13498
1.13521
1.13586
1.13691
1.13825
1.13979
1.14144
1.14322
1.1452
1.14748
1.15009
1.15297
1.15596
1.15886
1.16146
1.1636
1.16516
1.16611
1.16645
1.16624
1.16558
1.16461
1.1635
1.16245
1.16159
1.16097
1.1605
1.15998
1.15918
1.15789
1.15608
1.15391
1.15172
1.14992
1.14892
1.149
1.15029
1.15267
1.15585
1.15939
1.16281
1.1657
1.16785
1.16926
1.17006
1.17054
1.17101
1.17174
1.17292
1.17463
1.17684
1.1795
1.18248
1.18568
1.189
1.19234
1.19561
1.19873
1.20162
1.2042
1.20641
1.2082
1.20955
1.21043
1.21086
1.21085
1.21044
1.20966
1.20856
1.20715
1.20547
1.20351
1.20126
1.19871
1.19584
1.19262
1.18903
1.18509
1.1809
1.17673
1.173
1.17021
1.16873
1.16865
1.1697
1.17148
1.17356
1.1756
1.17732
1.17854
1.17918
1.17933
1.17925
1.17923
1.17946
1.1799
1.18023
1.18001
1.17888
1.1768
1.17429
1.17235
1.17209
1.17413
1.17818
1.18324
1.18819
1.1923
1.19536
1.19757
1.19929
1.20087
1.20251
1.20423
1.20594
1.20745
1.20859
