1.19998
1.19997
1.19996
1.19996
1.19997
1.19998
1.2
1.20002
1.20005
1.20008
1.20012
1.20017
1.20022
1.20028
1.20035
1.20042
1.20051
1.20059
1.20069
1.20079
1.20089
1.20101
1.20113
1.20126
1.2014
1.20155
1.2017
1.20187
1.20204
1.20222
1.20241
1.20261
1.20282
1.20304
1.20326
1.2035
1.20375
1.20402
1.20429
1.20457
1.20487
1.20518
1.2055
1.20584
1.20619
1.20655
1.20693
1.20733
1.20774
1.20816
1.20861
1.20907
1.20955
1.21005
1.21057
1.2111
1.21166
1.21225
1.21285
1.21348
1.21413
1.2148
1.21551
1.21624
1.21699
1.21778
1.21859
1.21944
1.22031
1.22122
1.22216
1.22313
1.22414
1.22519
1.22627
1.22739
1.22855
1.22974
1.23098
1.23226
1.23358
1.23494
1.23635
1.2378
1.2393
1.24084
1.24243
1.24407
1.24575
1.24749
1.24927
1.25109
1.25295
1.25485
1.25678
1.25873
1.26067
1.26258
1.26444
1.2662
1.26779
1.26915
1.27019
1.27081
1.27093
1.27049
1.26952
1.26817
1.26679
1.26585
1.2659
1.26732
1.27023
1.27439
1.2793
1.28445
1.2894
1.29393
1.29794
1.30146
1.30457
1.30733
1.3098
1.31199
1.31387
1.31538
1.31644
1.31697
1.3169
1.31622
1.315
1.31343
1.31184
1.31069
1.31045
1.31148
1.31391
1.31754
1.32196
1.32665
1.33116
1.3351
1.33826
1.34051
1.34181
1.34215
1.34158
1.3402
1.33816
1.33571
1.3332
1.33102
1.32961
1.32926
1.33015
1.33222
1.33528
1.33902
1.34317
1.34744
1.35166
1.35567
1.35936
1.36265
1.3655
1.36785
1.36968
1.37097
1.3717
1.37188
1.37152
1.37062
1.36923
1.36741
1.36524
1.36288
1.36051
1.35835
1.35661
1.35544
1.35491
1.35493
1.35534
1.35595
1.35657
1.35709
1.35746
1.3577
1.35782
1.35787
1.35786
1.35779
1.35765
1.35743
1.35712
1.35672
1.35626
1.35574
1.35519
1.35462
1.35408
1.35357
1.35315
1.35284
1.35267
1.35265
1.35272
1.35282
1.35284
1.35265
1.35213
1.35123
1.34992
1.34826
1.34639
1.34452
1.34292
1.34188
1.34166
1.34242
1.34412
1.34659
1.34955
1.35266
1.35564
1.35831
1.36053
1.36229
1.36358
1.36442
1.36485
1.36489
1.36454
1.36381
1.36268
1.36112
1.35914
1.35672
1.35388
1.35068
1.34725
1.34374
1.3404
1.3375
1.33535
1.33424
1.33435
1.33575
1.33833
1.34186
1.34601
1.35043
1.35482
1.35898
1.36275
1.36608
1.36896
1.37139
1.37339
1.37498
1.37615
1.37688
1.37713
1.37683
1.37591
1.37428
1.37191
1.36879
1.36501
1.36081
1.35653
1.35264
1.34964
1.34794
1.34779
1.34919
1.35191
1.35554
1.35961
1.36363
1.36723
1.37015
1.37228
1.37358
1.37413
1.374
1.37332
1.37222
1.37083
1.36928
1.36773
1.36637
1.36542
1.36507
1.36545
1.36658
1.36837
1.37059
1.373
1.37532
1.37736
1.37898
1.38012
1.38084
1.38123
1.38144
1.38164
1.3819
1.38224
1.38254
1.38264
1.38232
1.38139
1.37975
1.37738
1.37441
1.3711
1.36781
1.36497
1.36298
1.36213
1.36257
1.36426
1.36697
1.37037
1.37407
1.37775
1.38115
1.38413
1.38663
1.38866
1.39025
1.39146
1.39236
1.39299
1.39341
1.39365
1.39375
1.39374
1.39364
1.39347
1.39323
1.3929
1.39247
1.39191
1.3912
1.39033
1.38931
1.38821
1.38713
1.3862
1.38554
1.38524
1.38533
1.38575
1.38638
1.38704
1.38756
1.38782
1.38773
1.38729
1.38656
1.38567
1.3848
1.38415
1.3839
1.38419
1.38507
1.3865
1.38837
1.3905
1.3927
1.3948
1.39669
1.39827
1.39953
1.40048
1.40115
1.40161
1.40189
1.40203
1.40206
1.40198
1.4018
1.4015
1.40106
1.40048
1.39975
1.39889
1.39794
1.39705
1.39641
1.39631
1.39699
1.39859
1.40104
1.40408
1.40733
1.41037
1.41286
1.41453
1.41524
1.41493
1.41363
1.41142
1.40846
1.40495
1.40112
1.39722
1.39352
1.3902
1.3874
1.38519
1.38358
1.38256
1.38212
1.38225
1.38296
1.38425
1.38609
1.38841
1.39111
1.39408
1.39717
1.40024
1.40317
1.40585
1.40822
1.41024
1.4119
1.41322
1.41421
1.41491
1.41536
1.41558
1.41559
1.41543
1.41511
1.41463
1.414
1.41322
1.41227
1.41111
1.40973
1.40806
1.40606
1.40369
1.4009
1.39769
1.39412
1.39029
1.38642
1.38277
1.37963
1.37724
1.37574
1.37512
1.37523
1.37585
1.37672
1.37765
1.37853
1.37931
1.38001
1.38068
1.38136
1.38207
1.3828
1.38352
1.38418
1.38474
1.38518
1.38548
1.38565
1.38569
1.38564
1.38552
1.38535
1.38517
1.385
1.38485
1.38473
1.38466
1.38464
1.38467
1.38473
1.38482
1.38492
1.38498
1.38499
1.38489
1.38462
1.38413
1.38335
1.3822
1.38067
1.37876
1.37655
1.37425
1.37213
1.37056
1.36987
1.37028
1.37179
1.37423
1.37731
1.38069
1.38411
1.38738
1.39037
1.39301
1.39528
1.39714
1.39859
1.39962
1.40024
1.40048
1.40042
1.40011
1.39968
1.39921
1.3988
1.39851
1.39833
1.39824
1.39815
1.39796
1.39758
1.39693
1.39599
1.39477
1.39338
1.39198
1.3908
1.39006
1.38997
1.39059
1.3919
1.39374
1.39591
1.3982
1.40048
1.40273
1.40498
1.40727
1.40963
1.41201
1.41429
1.4163
1.41788
1.41887
1.41917
1.41872
1.41749
1.41553
1.4129
1.40971
1.40612
1.4023
1.39843
1.39467
1.39116
1.38801
1.38529
1.38307
1.3814
1.38034
1.37997
1.38033
1.38141
1.38315
1.3854
1.38796
1.39058
1.39304
1.39514
1.39676
1.39783
1.39837
1.39846
1.3982
1.39774
1.3972
1.3967
1.39626
1.39585
1.39537
1.39466
1.39354
1.39185
1.38956
1.38682
1.38401
1.3817
1.38046
1.38065
1.38227
1.38497
1.38825
1.39164
1.39483
1.39764
1.40001
1.40191
1.40332
1.40421
1.40451
1.40413
1.40299
1.40102
1.39821
1.39461
1.3904
1.38589
1.38149
1.37765
1.37474
1.37296
1.37227
1.37245
1.37315
1.37412
1.3752
1.37642
1.37789
1.37975
1.38201
1.38457
1.38722
1.38971
1.39185
1.3935
1.39464
1.39527
1.39549
1.39537
1.39503
1.39457
1.39408
1.39366
1.39336
1.39323
1.39328
1.39352
1.39392
1.39445
1.39506
1.3957
1.39635
1.39695
1.39747
1.39789
1.39816
1.39826
1.39815
1.39779
1.39713
1.39609
1.39459
1.39255
1.38989
1.38657
1.38262
1.37821
1.37368
1.36954
1.36635
1.36464
1.36465
1.36632
1.3693
1.37308
1.37719
1.38122
1.38492
1.38812
1.39074
1.39277
1.39422
1.39514
1.39561
1.39571
1.39558
1.39536
1.39521
1.39526
1.39562
1.39634
1.39741
1.39878
1.40031
1.40188
1.40335
1.40458
1.40548
1.40596
1.40596
1.40544
1.40437
1.40275
1.4006
1.39797
1.39496
1.39172
1.38847
1.38547
1.38297
1.38123
1.38038
1.38046
1.38136
1.3829
1.38487
1.38706
1.38929
1.39145
1.39346
1.39529
1.39691
1.39831
1.39949
1.40044
1.40115
1.40161
1.40181
1.40171
1.4013
1.40055
1.39944
1.39797
1.39612
1.39394
1.39149
1.38889
1.38633
1.38405
1.38232
1.38139
1.38143
1.38246
1.38437
1.3869
1.38977
1.3927
1.39547
1.39795
1.40009
1.40189
1.40338
1.40461
1.40562
1.40646
1.40714
1.40769
1.40813
1.40845
1.40868
1.40883
1.40892
1.40899
1.40906
1.40918
1.40938
1.4097
1.41015
1.41074
1.41143
1.41219
1.41296
1.41366
1.41422
1.41459
1.41474
1.41471
1.41456
1.41442
1.41444
1.41476
1.41546
1.41659
1.41812
1.41998
1.42207
1.42424
1.42634
1.42819
1.4296
1.43035
1.43029
1.42933
1.42753
1.42507
1.42233
1.41976
1.41779
1.4167
1.41656
1.41726
1.4186
1.42042
1.42261
1.42505
1.4276
1.42997
1.43179
1.43265
1.43213
1.42994
1.42591
1.4201
1.41278
1.40456
1.3963
1.38907
1.38383
1.38108
1.38091
1.38315
1.38747
1.39315
1.39919
1.40466
1.40918
1.41298
1.41657
1.42024
1.42394
1.42741
1.43037
1.43272
1.43445
1.43557
1.43596
1.43535
1.43336
1.42956
1.42363
1.41554
1.40573
1.39532
1.38592
1.37913
1.37575
1.37549
1.37717
1.37946
1.3814
1.38278
1.38409
1.38612
1.38943
1.39402
1.39935
1.40462
1.40913
1.41244
1.41432
1.41471
1.41357
1.41088
1.40663
1.40094
1.3941
1.38678
1.37992
1.37459
1.37158
1.37103
1.37245
1.37494
1.37765
1.38001
1.38173
1.3828
1.3833
1.38341
1.38328
1.38304
1.38277
1.38248
1.38214
1.38171
1.3811
1.38027
1.37916
1.37778
1.37613
1.37425
1.37221
1.37007
1.36792
1.36584
1.36389
1.36213
1.3606
1.35932
1.35832
1.3576
1.35718
1.35704
1.3572
1.35763
1.35831
1.35918
1.36021
1.36133
1.3625
1.36368
1.36483
1.36594
1.367
1.36802
1.36901
1.36997
1.37092
1.37187
1.37282
1.37376
1.37469
1.37558
1.37643
1.3772
1.37785
1.37835
1.37865
1.37868
1.3784
1.37772
1.37659
1.37497
1.37284
1.37021
1.36718
1.3639
1.36059
1.35749
1.35483
1.35273
1.35119
1.35004
1.34903
1.34784
1.3462
1.34392
1.34095
1.33743
1.33369
1.33037
1.32826
1.3282
1.33076
1.336
1.34343
1.35228
1.36167
1.37092
1.37952
1.38719
1.39379
1.39927
1.40366
1.40702
1.40943
1.41101
1.41186
1.41211
1.41187
1.41126
1.41039
1.40936
1.40821
1.40696
1.40557
1.40401
1.40228
1.4004
1.39848
1.39666
1.39506
1.39376
1.39272
1.39183
1.39089
1.38969
1.38808
1.38596
1.38337
1.38045
1.37748
1.37478
1.37273
1.37165
1.37177
1.37324
1.37606
1.38012
1.38519
1.39099
1.39716
1.40331
1.40912
1.41431
1.41866
1.42206
1.42445
1.42582
1.42622
1.42571
1.42443
1.42252
1.42019
1.41767
1.41515
1.41278
1.41061
1.4086
1.40665
1.40465
1.40255
1.40039
1.39828
1.3964
1.3949
1.39388
1.39338
1.39337
1.39376
1.39447
1.39541
1.39651
1.39773
1.39902
1.40034
1.40165
1.40289
1.40401
1.40494
1.40562
1.40598
1.40597
1.40554
1.40464
1.40323
1.40129
1.39882
1.39587
1.39256
1.38911
1.38584
1.38315
1.38137
1.38074
1.38121
1.38256
1.38444
1.38648
1.38839
1.38997
1.3911
1.39171
1.39178
1.39133
1.39042
1.38916
1.38775
1.38639
1.38528
1.38457
1.38428
1.38435
1.38469
1.38518
1.38575
1.38635
1.38695
1.38752
1.38804
1.38849
1.38888
1.38923
1.3896
1.39005
1.39061
1.39133
1.39219
1.39317
1.39422
1.3953
1.39636
1.39736
1.39827
1.39909
1.39979
1.40038
1.40087
1.40125
1.40155
1.40176
1.4019
1.40199
1.40203
1.40204
1.40206
1.40209
1.40217
1.40234
1.40261
1.40301
1.40356
1.40427
1.40513
1.40612
1.40722
1.40837
1.40951
1.41059
1.41152
1.4122
1.41255
1.41245
1.4118
1.41048
1.40841
1.40552
1.40181
1.39734
1.39231
1.38709
1.38224
1.37845
1.37643
1.37671
1.37937
1.38404
1.39
1.3964
1.40253
1.40788
1.41222
1.41547
1.41774
1.4192
1.42008
1.4206
1.42096
1.42133
1.42184
1.42256
1.42357
1.42489
1.42654
1.42846
1.43058
1.43276
1.43485
1.4367
1.43819
1.43924
1.43983
1.43998
1.43976
1.43926
1.43858
1.43781
1.437
1.43618
1.43531
1.4343
1.43297
1.43112
1.42854
1.42505
1.4206
1.41529
1.40951
1.40386
1.3992
1.39642
1.39622
1.39883
1.40391
1.41064
1.41806
1.42531
1.43181
1.43723
1.44147
1.44458
1.44668
1.44789
1.44838
1.44827
1.44765
1.44663
1.44524
1.44355
1.44157
1.4393
1.43676
1.43393
1.43081
1.42737
1.4236
1.41951
1.41511
1.41043
1.40557
1.40067
1.39591
1.39155
1.38782
1.38495
1.3831
1.38234
1.38261
1.38371
1.38538
1.38734
1.38942
1.39158
1.39395
1.39663
1.39965
1.40286
1.40601
1.40882
1.41103
1.41248
1.41312
1.41301
1.41229
1.41116
1.40989
1.40876
1.40802
1.40782
1.40822
1.40913
1.41039
1.41175
1.413
1.41391
1.41433
1.41414
1.41326
1.41166
1.40938
1.40651
1.4032
1.39969
1.39629
1.3933
1.39101
1.3896
1.38911
1.38946
1.39044
1.3918
1.39333
1.39486
1.3963
1.39765
1.39894
1.40022
1.40151
1.40284
1.40412
1.40524
1.40593
1.40582
1.40433
1.40067
1.39391
1.38338
1.3696
1.35552
1.34645
1.34676
1.35585
1.36873
1.38042
1.38856
1.39297
1.39446
1.39397
1.39233
1.39019
1.38806
1.38631
1.38517
1.38476
1.38506
1.38596
1.38732
1.38898
1.3908
1.39268
1.39453
1.39631
1.398
1.39959
1.40111
1.40257
1.404
1.40542
1.40685
1.4083
1.40975
1.41119
1.41258
1.41388
1.41505
1.41603
1.41677
1.41722
1.41733
1.41709
1.4165
1.41562
1.41455
1.41345
1.4125
1.41187
1.41167
1.41195
1.41265
1.41364
1.41476
1.41586
1.41684
1.4176
1.41812
1.4184
1.41849
1.41846
1.41839
1.41839
1.41853
1.41885
1.4193
1.41978
1.42013
1.4202
1.41992
1.41926
1.41833
1.41725
1.41615
1.41507
1.41397
1.41271
1.41114
1.40917
1.40683
1.40427
1.40174
1.39953
1.3979
1.39712
1.39741
1.39894
1.40176
1.4057
1.41041
1.41545
1.42032
1.42462
1.42806
1.43043
1.4316
1.43146
1.4299
1.42683
1.42219
1.4161
1.40894
1.40154
1.39509
1.39083
1.38959
1.39135
1.39537
1.40057
1.40596
1.41084
1.41487
1.41794
1.42006
1.42136
1.42197
1.42203
1.42167
1.42101
1.42016
1.4192
1.41823
1.41731
1.41651
1.41587
1.41542
1.41516
1.41511
1.41523
1.41552
1.41595
1.41649
1.41713
1.41783
1.41858
1.41936
1.42014
1.42089
1.4216
1.42224
1.4228
1.42327
1.42362
1.42383
1.42389
1.42375
1.42339
1.42273
1.42171
1.42026
1.41827
1.41564
1.41228
1.40809
1.40303
1.39717
1.39069
1.38396
1.37752
1.37202
1.36808
1.36614
1.36631
1.36837
1.37189
1.37639
1.38144
1.38671
1.39199
1.39708
1.40181
1.40602
1.40956
1.41236
1.41441
1.41576
1.4165
1.41678
1.41673
1.41649
1.41615
1.4158
1.41549
1.41523
1.41504
1.41489
1.41476
1.41465
1.41452
1.41438
1.41421
1.41402
1.4138
1.41355
1.41324
1.41287
1.41239
1.41173
1.4108
1.40949
1.40762
1.40502
1.40152
1.39696
1.39135
1.38493
1.3783
1.37242
1.36849
1.36748
1.36979
1.37495
1.38192
1.38951
1.39675
1.40308
1.40829
1.41242
1.41561
1.41806
1.41996
1.42146
1.42271
1.42379
1.42478
1.42572
1.42662
1.42748
1.42827
1.42896
1.42948
1.42979
1.42982
1.42952
1.42885
1.42778
1.42628
1.42439
1.42213
1.4196
1.41691
1.41421
1.41167
1.40944
1.40769
1.40649
1.4059
1.40589
1.40641
1.40735
1.40859
1.41001
1.41152
1.41309
1.41472
1.4165
1.41856
1.421
1.42389
1.42719
1.43072
1.43425
1.43745
1.44
1.44163
1.44207
1.44114
1.43873
1.43488
1.42983
1.42409
1.41844
1.41384
1.41122
1.41117
1.41378
1.41859
1.42471
1.43115
1.43705
1.44185
1.4453
1.44736
1.44814
1.4478
1.44655
1.44462
1.44225
1.43967
1.43712
1.4348
1.43284
1.4313
1.43017
1.42936
1.42873
1.42814
1.4275
1.42673
1.42588
1.42505
1.42443
1.42424
1.42471
1.42598
1.42807
1.43086
1.43412
1.43759
1.44104
1.44426
1.44715
1.44965
1.45173
1.4534
1.45466
1.4555
1.45593
1.45593
1.45551
1.45466
1.45343
1.45189
1.45017
1.44842
1.44683
1.44554
1.44464
1.4441
1.44382
1.44363
1.44335
1.44282
1.44197
1.4408
1.4394
1.43797
1.43675
1.43599
1.43591
1.43658
1.43796
1.43983
1.44191
1.4439
1.44558
1.44678
1.44743
1.44754
1.44714
1.44628
1.44502
1.44347
1.44175
1.44004
1.43854
1.43743
1.43677
1.43653
1.43655
1.43662
1.43657
1.43632
1.43592
1.43546
1.43509
1.43494
1.43504
1.4354
1.43592
1.43649
1.43696
1.43723
1.43725
1.43708
1.43687
1.43682
1.4371
1.4378
1.43889
1.44023
1.44161
1.44286
1.44383
1.44444
1.44467
1.44452
1.444
1.4431
1.44181
1.44009
1.43787
1.43511
1.43175
1.42783
1.42344
1.41879
1.4142
1.41008
1.40685
1.40484
1.40421
1.40491
1.40671
1.40928
1.41229
1.41543
1.41847
1.42125
1.42368
1.42571
1.42735
1.42862
1.42955
1.43021
1.43064
1.43089
1.43102
1.43105
1.431
1.4309
1.43072
1.43047
1.43014
1.42975
1.42932
1.42889
1.42856
1.42841
1.42853
1.42898
1.42979
1.43093
1.4323
1.43381
1.4353
1.43665
1.43772
1.43839
1.43852
1.43796
1.43652
1.43395
1.42996
1.42425
1.41663
1.40726
1.39696
1.38743
1.3809
1.37911
1.38228
1.38907
1.39751
1.40604
1.41376
1.42038
1.42586
1.4303
1.43383
1.43654
1.43855
1.43992
1.44072
1.441
1.44081
1.44018
1.43917
1.43783
1.4362
1.43436
1.43241
1.43042
1.42849
1.42668
1.42503
1.42353
1.42211
1.42069
1.41917
1.41746
1.41554
1.41347
1.41136
1.40939
1.40774
1.40657
1.406
1.40612
1.40697
1.40855
1.4108
1.41358
1.41671
1.41999
1.42321
1.42626
1.42905
1.43155
1.43377
1.43572
1.43742
1.43891
1.44018
1.44125
1.4421
1.44271
1.44306
1.4431
1.44275
1.44194
1.44056
1.43847
1.43553
1.43164
1.42671
1.42083
1.4143
1.40775
1.4021
1.39838
1.39733
1.39906
1.40301
1.40819
1.41355
1.41834
1.4221
1.4247
1.42616
1.42662
1.42627
1.42532
1.42396
1.4224
1.42083
1.41944
1.41836
1.4177
1.41754
1.41788
1.41869
1.41989
1.42138
1.42306
1.42483
1.42659
1.42828
1.42984
1.43124
1.43247
1.43353
1.43441
1.43514
1.43572
1.43616
1.43649
1.43673
1.43691
1.43705
1.43719
1.43736
1.43756
1.43778
1.43799
1.43808
1.43791
1.4373
1.43604
1.434
1.43115
1.42774
1.42428
1.42149
1.42001
1.42002
1.42111
1.42245
1.42321
1.42287
1.42136
1.41903
1.41651
1.41448
1.41357
1.41426
1.4167
1.42076
1.42602
1.43189
1.43782
1.44338
1.44834
1.45264
1.45631
1.4594
1.46198
1.46405
1.4656
1.46654
1.46676
1.46609
1.46438
1.46146
1.45726
1.45181
1.44538
1.43852
1.43207
1.42709
1.42464
1.42552
1.42995
1.43735
1.4466
1.45632
1.46541
1.47312
1.47911
1.48332
1.48581
1.4867
1.48611
1.48415
1.48093
1.47662
1.47149
1.46601
1.46082
1.45665
1.45412
1.45348
1.45455
1.45677
1.45948
1.46209
1.4642
1.46557
1.46609
1.4657
1.4644
1.46224
1.45934
1.45596
1.45251
1.44953
1.44763
1.44728
1.44869
1.45174
1.45599
1.4609
1.46595
1.47071
1.47492
1.47843
1.48121
1.48325
1.4846
1.48534
1.48553
1.48526
1.4846
1.48362
1.48239
1.48097
1.47939
1.47769
1.4759
1.47404
1.47215
1.47029
1.46856
1.46706
1.46586
1.46492
1.46408
1.46306
1.46147
1.45904
1.45581
1.45227
1.4494
1.44832
1.44973
1.45355
1.45889
1.46464
1.46986
1.47399
1.47678
1.47817
1.47815
1.47678
1.47418
1.47067
1.46678
1.46325
1.46087
1.46015
1.46113
1.46338
1.4662
1.46895
1.47115
1.47258
1.47314
1.47283
1.47166
1.46957
1.46644
1.46214
1.45657
1.44993
1.4429
1.43678
1.43309
1.43287
1.43602
1.44137
1.44739
1.45283
1.45705
1.45994
1.46173
1.46286
1.46377
1.46489
1.46652
1.4688
1.4717
1.475
1.47845
1.48171
1.4845
1.4866
1.48787
1.48825
1.48777
1.4865
1.4846
1.48225
1.4796
1.47682
1.47397
1.47112
1.4683
1.46557
1.46306
1.46091
1.45926
1.45815
1.45754
1.45728
1.45717
1.45701
1.45659
1.45577
1.45443
1.45255
1.45016
1.44737
1.44441
1.44164
1.43951
1.43855
1.4393
1.44203
1.44663
1.4525
1.45879
1.46461
1.46927
1.47238
1.47384
1.4737
1.47217
1.46955
1.46625
1.46271
1.45941
1.45675
1.45492
1.45392
1.45354
1.45343
1.45324
1.45265
1.4514
1.44933
1.44636
1.44255
1.43818
1.43376
1.43002
1.42775
1.42752
1.42943
1.43306
1.43762
1.4423
1.44641
1.44954
1.4515
1.45236
1.45234
1.45179
1.45108
1.45055
1.45037
1.45054
1.45089
1.45123
1.45139
1.45132
1.45103
1.4506
1.45009
1.44954
1.44889
1.44803
1.44678
1.44495
1.44235
1.43887
1.43452
1.4295
1.42433
1.41982
1.41687
1.41618
1.41788
1.42148
1.42606
1.43067
1.43457
1.43738
1.43899
1.43954
1.43931
1.43866
1.43793
1.43741
1.43732
1.43777
1.43879
1.44037
1.44242
1.44477
1.44723
1.44958
1.4516
1.45312
1.45404
1.45436
1.45411
1.45341
1.45242
1.4513
1.4502
1.44924
1.44848
1.44792
1.44751
1.44715
1.44671
1.44605
1.445
1.44342
1.44115
1.43807
1.43413
1.4294
1.42416
1.41903
1.41492
1.4127
1.41281
1.41491
1.41803
1.42114
1.42359
1.42534
1.42676
1.42835
1.43044
1.43299
1.43571
1.43814
1.4399
1.44083
1.44098
1.44061
1.44012
1.43992
1.44026
1.44121
1.4426
1.44413
1.44546
1.44632
1.44651
1.44594
1.44456
1.4424
1.43954
1.43612
1.43235
1.42853
1.42499
1.42208
1.42012
1.4193
1.4197
1.42122
1.42364
1.42668
1.43002
1.43335
1.43643
1.43907
1.44114
1.44256
1.44331
1.44342
1.44295
1.442
1.44072
1.43928
1.43785
1.43656
1.43544
1.43441
1.43323
1.43153
1.42887
1.42486
1.41932
1.41257
1.40565
1.40026
1.39804
1.39964
1.40424
1.4101
1.4156
1.41977
1.42233
1.42346
1.42352
1.42292
1.42201
1.42104
1.42018
1.41951
1.41902
1.41869
1.41843
1.41819
1.41788
1.41746
1.41688
1.41611
1.41512
1.41391
1.4125
1.41095
1.40932
1.40773
1.40633
1.40527
1.40466
1.40454
1.40485
1.40542
1.40602
1.40633
1.40605
1.40495
1.40285
1.3997
1.39561
1.39091
1.38612
1.38194
1.3791
1.37821
1.37957
1.38306
1.38821
1.39428
1.40055
1.40638
1.41132
1.4151
1.41757
1.41866
1.41831
1.41647
1.41317
1.40853
1.40289
1.3969
1.39141
1.38728
1.38504
1.38462
1.38544
1.38672
1.38778
1.38824
1.38804
1.38739
1.3867
1.38645
1.38706
1.38875
1.39151
1.39505
1.39901
1.403
1.40671
1.40997
1.41269
1.41484
1.41645
1.41752
1.41807
1.41811
1.41765
1.41667
1.41519
1.41324
1.41089
1.40828
1.40561
1.40314
1.40118
1.39999
1.39978
1.40058
1.40228
1.40464
1.40732
1.40999
1.41238
1.41426
1.41551
1.41604
1.41585
1.41496
1.41342
1.41133
1.40881
1.40603
1.40316
1.40042
1.39801
1.39614
1.39498
1.39463
1.39516
1.39651
1.39855
1.40106
1.4038
1.40656
1.40914
1.41142
1.41333
1.41486
1.41603
1.41687
1.4174
1.41763
1.41759
1.41725
1.41661
1.41565
1.4144
1.41289
1.41119
1.40943
1.40774
1.40629
1.40519
1.40452
1.40427
1.40432
1.40453
1.40472
1.40471
1.4044
1.40374
1.40276
1.40155
1.40027
1.39911
1.39826
1.39788
1.39803
1.39873
1.39988
1.40137
1.40302
1.4047
1.40628
1.40766
1.4088
1.40968
1.41031
1.41071
1.41091
1.41096
1.4109
1.41076
1.41057
1.41036
1.41016
1.40998
1.40984
1.40972
1.40962
1.40954
1.40945
1.40932
1.40913
1.40883
1.40839
1.40777
1.40693
1.40585
1.40449
1.40285
1.40094
1.39879
1.39644
1.39398
1.39151
1.38918
1.38714
1.38558
1.3847
1.38468
1.38562
1.38753
1.39027
1.39362
1.3973
1.40104
1.40462
1.40789
1.41076
1.41322
1.41527
1.41693
1.41822
1.41915
1.41971
1.41984
1.41947
1.41851
1.41683
1.41429
1.4108
1.40632
1.40096
1.39506
1.38915
1.38397
1.38019
1.37822
1.37812
1.37954
1.38201
1.38504
1.38824
1.39134
1.39412
1.3964
1.39796
1.39849
1.39761
1.3949
1.39002
1.38291
1.37408
1.36478
1.3568
1.35197
1.35131
1.35462
1.36061
1.36762
1.37431
1.37999
1.38461
1.38845
1.3919
1.3952
1.39846
1.40164
1.40462
1.40728
1.40955
1.41141
1.41288
1.41402
1.41487
1.41552
1.41602
1.41641
1.41671
1.41696
1.41715
1.41726
1.41728
1.41716
1.41684
1.41626
1.41534
1.41396
1.41204
1.40947
1.40616
1.40206
1.39719
1.39163
1.38557
1.37932
1.37325
1.36777
1.36325
1.35999
1.35822
1.35808
1.3596
1.36272
1.36725
1.37287
1.37922
1.38587
1.39247
1.39873
1.40444
1.40948
1.41381
1.41741
1.42033
1.42262
1.42435
1.42556
1.42629
1.42657
1.42638
1.42569
1.42443
1.42249
1.41977
1.41612
1.41143
1.40566
1.39892
1.3915
1.38399
1.37717
1.37189
1.36879
1.36805
1.36931
1.37179
1.37459
1.37694
1.37846
1.37916
1.37938
1.37968
1.38055
1.38229
1.38496
1.38835
1.39218
1.39616
1.40002
1.40357
1.4067
1.40932
1.41147
1.41321
1.41467
1.41596
1.4172
1.41848
1.41978
1.42106
1.42217
1.42294
1.42313
1.42249
1.4208
1.41795
1.41405
1.40964
1.40565
1.40324
1.40326
1.40579
1.4101
1.41506
1.41967
1.42338
1.42603
1.42774
1.42874
1.42924
1.42942
1.42937
1.42915
1.42878
1.42829
1.42768
1.427
1.42628
1.42555
1.42486
1.42426
1.42383
1.42359
1.42358
1.42376
1.42411
1.42455
1.42505
1.42558
1.42611
1.42661
1.42702
1.42726
1.42725
1.42693
1.4263
1.42541
1.42436
1.42327
1.42225
1.42137
1.42067
1.42011
1.41964
1.41916
1.41857
1.41786
1.41713
1.4167
1.41705
1.41861
1.42158
1.42571
1.43039
1.43491
1.43869
1.44137
1.44287
1.44328
1.44279
1.44165
1.44006
1.43822
1.43623
1.4342
1.43215
1.43015
1.42824
1.4265
1.42502
1.42387
1.42313
1.42278
1.4228
1.42313
1.42368
1.42436
1.42511
1.42586
1.42658
1.42726
1.42789
1.42848
1.42904
1.42958
1.4301
1.43057
1.43098
1.43129
1.43147
1.43149
1.43131
1.4309
1.43022
1.42924
1.4279
1.42615
1.42392
1.42116
1.41787
1.4141
1.41003
1.40599
1.40243
1.39983
1.39857
1.39876
1.40025
1.40266
1.40555
1.40853
1.41135
1.41388
1.4161
1.418
1.41962
1.42099
1.42212
1.42305
1.42376
1.42427
1.42456
1.42464
1.42447
1.42403
1.42327
1.42211
1.42049
1.41831
1.41546
1.41187
1.40747
1.40227
1.39631
1.38975
1.38291
1.37634
1.37096
1.36786
1.36794
1.37133
1.37726
1.38435
1.39132
1.3973
1.402
1.40549
1.40799
1.4098
1.41117
1.41228
1.41326
1.41419
1.41508
1.41594
1.41675
1.41747
1.41808
1.41856
1.41887
1.41901
1.41898
1.41878
1.41841
1.41789
1.41724
1.41648
1.41565
1.4148
1.41397
1.41324
1.41267
1.4123
1.41216
1.41225
1.41253
1.41294
1.41342
1.41391
1.41438
1.4148
1.41518
1.41554
1.41589
1.41625
1.41663
1.41702
1.41744
1.41788
1.41833
1.41879
1.41925
1.4197
1.42011
1.42045
1.42064
1.42061
1.42024
1.41936
1.41777
1.41522
1.41141
1.40602
1.39875
1.38943
1.37836
1.36669
1.35683
1.35185
1.35378
1.36188
1.37313
1.38423
1.39309
1.39903
1.4022
1.40308
1.4022
1.40013
1.39746
1.39476
1.39253
1.39099
1.39001
1.38914
1.38781
1.38564
1.38281
1.38012
1.37878
1.37979
1.38337
1.38881
1.39493
1.40067
1.4054
1.40895
1.41141
1.41298
1.41391
1.41441
1.41463
1.41468
1.41464
1.41452
1.4143
1.41393
1.41329
1.41224
1.41057
1.40807
1.40448
1.39955
1.39311
1.38512
1.37578
1.36563
1.35557
1.34678
1.34043
1.33737
1.33785
1.34146
1.34737
1.35463
1.36248
1.37035
1.37789
1.38484
1.39101
1.39626
1.4005
1.40375
1.40608
1.40764
1.40859
1.40913
1.40939
1.40951
1.40957
1.40961
1.40966
1.40969
1.4097
1.40966
1.40954
1.40933
1.40901
1.40858
1.40804
1.40741
1.4067
1.40594
1.40517
1.4044
1.40368
1.40303
1.40248
1.40207
1.40184
1.40185
1.40216
1.40283
1.40388
1.40529
1.40701
1.40891
1.41084
1.41263
1.41408
1.41503
1.4153
1.41475
1.41326
1.4108
1.40743
1.40343
1.39928
1.39571
1.39346
1.3931
1.39477
1.39811
1.40242
1.40689
1.41077
1.41352
1.41479
1.41444
1.41264
1.40985
1.40689
1.40477
1.40428
1.40569
1.40861
1.41224
1.41577
1.41867
1.42076
1.4221
1.42289
1.42334
1.42362
1.42378
1.42376
1.42341
1.4225
1.42076
1.41794
1.41392
1.40878
1.40294
1.39721
1.39269
1.3904
1.39088
1.39392
1.39875
1.4044
1.41003
1.41512
1.41941
1.42284
1.42549
1.42749
1.429
1.43018
1.43116
1.432
1.43274
1.43339
1.43392
1.4343
1.43449
1.43449
1.4343
1.43396
1.43353
1.43307
1.43264
1.43231
1.4321
1.43199
1.43194
1.43185
1.43164
1.43117
1.43037
1.42918
1.42759
1.42569
1.42366
1.42177
1.4203
1.41948
1.41941
1.41999
1.42098
1.42205
1.42292
1.42338
1.42333
1.42276
1.42178
1.42055
1.41925
1.41809
1.41722
1.41673
1.41662
1.4168
1.41713
1.41747
1.41772
1.4179
1.41815
1.41869
1.41974
1.42144
1.42378
1.42656
1.42952
1.43238
1.4349
1.43693
1.43842
1.43935
1.43975
1.43964
1.43905
1.438
1.43651
1.4346
1.43233
1.42976
1.427
1.42414
1.42128
1.41848
1.41573
1.41305
1.41046
1.40811
1.40627
1.40529
1.4055
1.40707
1.40992
1.41375
1.41812
1.42261
1.42684
1.43054
1.43355
1.43577
1.43714
1.43765
1.43735
1.43632
1.43469
1.43263
1.43036
1.42808
1.42599
1.42424
1.42291
1.422
1.42147
1.42121
1.42114
1.42115
1.42116
1.4211
1.42092
1.42055
1.41994
1.419
1.4176
1.41565
1.41309
1.40994
1.40636
1.40268
1.3993
1.39664
1.39496
1.39427
1.39434
1.39483
1.39544
1.39605
1.39677
1.39786
1.39956
1.40198
1.40499
1.40828
1.41145
1.41412
1.41605
1.4171
1.41732
1.4169
1.41616
1.41547
1.41517
1.41545
1.41633
1.41766
1.4192
1.42076
1.42222
1.42357
1.42488
1.42621
1.42763
1.42914
1.4307
1.43222
1.43359
1.4347
1.43544
1.4357
1.4354
1.43442
1.43268
1.43014
1.42681
1.42281
1.41839
1.41391
1.40972
1.40615
1.40343
1.40168
1.40102
1.40152
1.40322
1.40604
1.4098
1.41418
1.41883
1.42338
1.4275
1.43099
1.43376
1.43583
1.43732
1.43838
1.43916
1.43976
1.44023
1.44059
1.44088
1.4411
1.44127
1.44134
1.44123
1.44075
1.43964
1.43762
1.43444
1.42996
1.42429
1.4179
1.41164
1.40667
1.40406
1.40438
1.40742
1.41233
1.41807
1.42373
1.42875
1.43285
1.43603
1.4384
1.44016
1.44153
1.4427
1.44383
1.44501
1.44629
1.44765
1.44907
1.4505
1.45191
1.45324
1.45447
1.45555
1.4564
1.45694
1.45701
1.45642
1.4549
1.45213
1.44781
1.44183
1.43458
1.42716
1.42132
1.41877
1.41999
1.42388
1.42834
1.4315
1.43233
1.43072
1.42723
1.42273
1.41813
1.41408
1.41083
1.40823
1.40602
1.40408
1.40262
1.40208
1.40295
1.40554
1.40985
1.41554
1.42191
1.42814
1.43347
1.4374
1.43965
1.4402
1.43922
1.43713
1.43466
1.43279
1.43251
1.43439
1.43828
1.44346
1.44898
1.45409
1.45832
1.46154
1.46379
1.46517
1.46579
1.46573
1.46502
1.46365
1.46154
1.45861
1.45475
1.44989
1.44404
1.43737
1.4303
1.42341
1.41746
1.41304
1.41047
1.40968
1.41032
1.41199
1.41434
1.4171
1.42005
1.42301
1.42583
1.42842
1.4308
1.43303
1.43521
1.4374
1.43965
1.44192
1.44414
1.44622
1.44805
1.44958
1.45075
1.45156
1.45203
1.45221
1.45213
1.45185
1.45143
1.4509
1.45028
1.44958
1.44877
1.44784
1.44675
1.44549
1.44407
1.44251
1.4409
1.4393
1.4378
1.43641
1.43508
1.43371
1.43211
1.43013
1.42763
1.4246
1.42111
1.41735
1.41353
1.40979
1.40621
1.40281
1.39976
1.39747
1.39659
1.3977
1.40094
1.4059
1.41174
1.41762
1.42297
1.42751
1.4312
1.43413
1.43642
1.43816
1.43947
1.44042
1.44106
1.44144
1.44162
1.44164
1.44151
1.44128
1.44096
1.44057
1.44012
1.43961
1.43902
1.43833
1.4375
1.43645
1.4351
1.43333
1.431
1.42797
1.42411
1.41936
1.4138
1.40771
1.40166
1.39644
1.39293
1.39183
1.39334
1.39712
1.40243
1.40836
1.41411
1.41916
1.4232
1.42611
1.42785
1.42843
1.42783
1.42601
1.42289
1.41839
1.41242
1.40504
1.39651
1.38746
1.37893
1.37225
1.36869
1.36901
1.37313
1.38022
1.38899
1.39819
1.40686
1.41448
1.42084
1.42599
1.43007
1.43327
1.43576
1.43767
1.43913
1.44019
1.4409
1.44126
1.44125
1.44082
1.43986
1.43828
1.43592
1.43267
1.42849
1.42349
1.41803
1.41276
1.40853
1.40609
1.40576
1.40731
1.4101
1.41339
1.41664
1.41957
1.42211
1.4243
1.4262
1.42783
1.42917
1.43019
1.43084
1.43113
1.43113
1.43097
1.43083
1.43088
1.43118
1.43167
1.43214
1.4323
1.43187
1.43066
1.42866
1.42601
1.42298
1.41991
1.41716
1.41503
1.41374
1.41334
1.41369
1.41442
1.41505
1.41514
1.41443
1.41298
1.41116
1.40956
1.40875
1.40904
1.41035
1.41227
1.41429
1.41597
1.417
1.41726
1.41674
1.41555
1.41389
1.41201
1.41023
1.40887
1.40819
1.40835
1.40929
1.41082
1.41259
1.41423
1.41545
1.41611
1.41627
1.41622
1.41636
1.41709
1.41865
1.42104
1.42399
1.42715
1.43016
1.43276
1.43483
1.43634
1.43732
1.43782
1.4379
1.43756
1.43674
1.43532
1.4331
1.42978
1.42508
1.41885
1.4114
1.40374
1.39772
1.3953
1.39744
1.40339
1.41123
1.41899
1.42545
1.43014
1.43306
1.43436
1.43417
1.43253
1.4294
1.42467
1.41837
1.41069
1.40222
1.39395
1.38715
1.38295
1.38202
1.38428
1.38894
1.39479
1.40059
1.40542
1.40883
1.41079
1.41157
1.41157
1.41121
1.41084
1.41066
1.41075
1.41105
1.41144
1.4118
1.41204
1.41213
1.41208
1.41197
1.41186
1.41183
1.41191
1.4121
1.41236
1.41267
1.41302
1.41341
1.41391
1.41459
1.41552
1.41675
1.41827
1.42003
1.42194
1.42388
1.42576
1.42749
1.42902
1.43032
1.43137
1.43221
1.43283
1.43326
1.43352
1.43364
1.43361
1.43345
1.43314
1.43264
1.43193
1.43092
1.42954
1.4277
1.4253
1.42227
1.4186
1.41436
1.40977
1.40518
1.40105
1.39777
1.39556
1.39445
1.39427
1.39484
1.39605
1.39787
1.40029
1.40325
1.40658
1.41006
1.41348
1.41665
1.41942
1.4217
1.42344
1.4246
1.42514
1.42506
1.42433
1.42288
1.42066
1.41752
1.41329
1.40777
1.40085
1.39269
1.38396
1.37608
1.37097
1.37043
1.37505
1.3838
1.39457
1.40525
1.41445
1.42156
1.42656
1.4297
1.43129
1.43165
1.431
1.42953
1.42738
1.42463
1.42142
1.41788
1.41421
1.41066
1.40751
1.40502
1.40337
1.40261
1.40262
1.40321
1.40414
1.40516
1.40613
1.40693
1.40751
1.40786
1.40795
1.40779
1.40737
1.40667
1.4057
1.40445
1.40296
1.40125
1.3994
1.3975
1.39567
1.39406
1.39281
1.39205
1.39183
1.39216
1.39293
1.39402
1.39526
1.39654
1.39777
1.39895
1.40007
1.40119
1.40232
1.40348
1.40463
1.40575
1.4068
1.40772
1.40851
1.40913
1.40958
1.40989
1.41006
1.41011
1.41006
1.40994
1.40977
1.40956
1.40933
1.40909
1.40885
1.40863
1.40842
1.40825
1.4081
1.408
1.40792
1.40788
1.40785
1.40785
1.40783
1.40779
1.40769
1.40747
1.40707
1.4064
1.4054
1.40398
1.40214
1.39996
1.39766
1.39556
1.39403
1.39331
1.3934
1.394
1.39463
1.39482
1.39426
1.39285
1.39076
1.38822
1.38548
1.38264
1.37969
1.37662
1.37353
1.37087
1.36934
1.36976
1.37265
1.37791
1.38481
1.39229
1.39944
1.40563
1.41059
1.41431
1.4169
1.41852
1.41934
1.41953
1.41924
1.41859
1.41772
1.41672
1.4157
1.41474
1.4139
1.41326
1.41284
1.41268
1.41279
1.41315
1.41375
1.41451
1.41537
1.41621
1.41689
1.41728
1.4172
1.41653
1.41515
1.41297
1.40999
1.4063
1.40206
1.39757
1.39318
1.38928
1.38621
1.38425
1.38354
1.38417
1.38613
1.38932
1.39351
1.39835
1.4034
1.40824
1.41255
1.41616
1.41901
1.42116
1.42271
1.42378
1.4245
1.42499
1.42532
1.42558
1.42581
1.42606
1.42633
1.42664
1.427
1.42739
1.4278
1.42822
1.42861
1.42896
1.42924
1.42942
1.42948
1.42938
1.42911
1.42866
1.42805
1.42732
1.42651
1.42571
1.425
1.42444
1.42406
1.42384
1.42365
1.42333
1.42267
1.42155
1.42
1.4183
1.41705
1.41697
1.41863
1.42215
1.42708
1.43265
1.43802
1.44256
1.4459
1.44789
1.44854
1.44798
1.44646
1.44437
1.44225
1.44066
1.44005
1.4406
1.44209
1.44405
1.4459
1.44707
1.44716
1.44587
1.44308
1.43884
1.4334
1.42729
1.42132
1.41647
1.41367
1.41344
1.41571
1.41987
1.42503
1.43039
1.43542
1.43985
1.44366
1.44692
1.44971
1.45214
1.45425
1.45612
1.45777
1.45925
1.46059
1.4618
1.46291
1.46394
1.46488
1.46574
1.4665
1.46716
1.46769
1.46808
1.46828
1.46828
1.46804
1.46754
1.46679
1.4658
1.46461
1.46329
1.46191
1.46055
1.45924
1.45796
1.45663
1.45509
1.45319
1.45075
1.44768
1.444
1.43995
1.43603
1.43292
1.43133
1.43168
1.43391
1.4375
1.44169
1.44578
1.44929
1.452
1.45387
1.455
1.45549
1.45548
1.45507
1.45431
1.45323
1.45179
1.44998
1.44779
1.44532
1.44284
1.44082
1.43981
1.44026
1.44229
1.44562
1.44967
1.45377
1.45738
1.46013
1.4619
1.46277
1.46292
1.46268
1.46236
1.46226
1.46254
1.4632
1.46409
1.46494
1.4654
1.46511
1.46367
1.46069
1.45585
1.44908
1.44091
1.43278
1.42689
1.4252
1.42815
1.43427
1.44126
1.44728
1.45153
1.45407
1.45543
1.45623
1.45701
1.45805
1.4594
1.46094
1.46244
1.46366
1.4644
1.46455
1.46404
1.46287
1.4611
1.4588
1.45609
1.45313
1.45007
1.4471
1.44443
1.44227
1.44083
1.44026
1.44067
1.44209
1.44441
1.44746
1.45095
1.45458
1.45804
1.46106
1.46342
1.46499
1.46565
1.46534
1.46403
1.46169
1.45831
1.4539
1.4485
1.4422
1.43515
1.42763
1.42003
1.4129
1.40685
1.40253
1.40041
1.40067
1.40314
1.40735
1.41266
1.41845
1.4242
1.42952
1.43421
1.43816
1.44134
1.44378
1.44555
1.44672
1.44737
1.44754
1.44731
1.44671
1.44576
1.44449
1.44289
1.44098
1.43876
1.43623
1.43343
1.43039
1.42719
1.42392
1.42074
1.4178
1.41531
1.41343
1.41232
1.41204
1.41256
1.41377
1.41548
1.4175
1.41961
1.42166
1.4235
1.42505
1.42626
1.4271
1.42757
1.42767
1.42743
1.42686
1.42599
1.42485
1.42348
1.42196
1.42037
1.41883
1.41752
1.41661
1.41627
1.41661
1.41766
1.41933
1.42146
1.42381
1.42614
1.42822
1.42985
1.43088
1.43115
1.43055
1.42896
1.42635
1.42276
1.41837
1.41353
1.40868
1.40421
1.40033
1.39699
1.39406
1.39153
1.38972
1.38919
1.39047
1.39373
1.39856
1.4041
1.40927
1.41309
1.41485
1.41427
1.41145
1.40686
1.40123
1.39542
1.39031
1.38677
1.38555
1.38713
1.39144
1.39792
1.40564
1.41361
1.42092
1.42687
1.43101
1.43308
1.43303
1.43098
1.42729
1.42265
1.418
1.4144
1.41261
1.41269
1.41406
1.41578
1.41701
1.41725
1.41637
1.41442
1.41153
1.40786
1.40369
1.39952
1.39611
1.39426
1.39443
1.39648
1.39981
1.40367
1.40752
1.41104
1.41409
1.41658
1.41843
1.41958
1.41998
1.4196
1.41848
1.41672
1.41447
1.41198
1.40957
1.40758
1.40638
1.40619
1.40707
1.40887
1.41126
1.41384
1.41623
1.4181
1.41926
1.4196
1.41909
1.41776
1.41571
1.41304
1.40996
1.40672
1.40367
1.40119
1.39967
1.39938
1.40039
1.40256
1.40551
1.40878
1.41194
1.41467
1.41684
1.41845
1.41966
1.42066
1.42166
1.42278
1.42403
1.42529
1.42631
1.42677
1.42637
1.42487
1.42223
1.41867
1.41474
1.41123
1.40889
1.40807
1.40856
1.40974
1.41094
1.41182
1.41244
1.4131
1.41409
1.41547
1.41707
1.41849
1.41933
1.41926
1.4181
1.41577
1.41235
1.40802
1.40312
1.39813
1.39369
1.39051
1.38916
1.38989
1.39257
1.39673
1.40174
1.407
1.41206
1.41665
1.42061
1.4239
1.42651
1.42846
1.42978
1.43051
1.43065
1.43026
1.4294
1.42815
1.42666
1.42512
1.42375
1.42278
1.42239
1.42265
1.42352
1.42486
1.42647
1.42813
1.42967
1.43097
1.43195
1.4326
1.43291
1.43291
1.43262
1.43207
1.43128
1.43026
1.42902
1.42758
1.42591
1.42401
1.42186
1.41945
1.41678
1.41386
1.41074
1.40752
1.40431
1.40118
1.39819
1.39529
1.39237
1.38935
1.38628
1.38344
1.38137
1.38072
1.38203
1.38545
1.39072
1.39723
1.40429
1.41123
1.4175
1.42273
1.42672
1.42939
1.43074
1.4309
1.43002
1.42832
1.42607
1.4236
1.42123
1.4193
1.41807
1.41771
1.41825
1.41961
1.42158
1.42389
1.4263
1.42859
1.43059
1.43222
1.43346
1.43432
1.43484
1.43507
1.43505
1.43482
1.43441
1.43383
1.43307
1.43213
1.43097
1.42955
1.42783
1.42579
1.42343
1.42074
1.41781
1.41475
1.41172
1.40895
1.40666
1.40509
1.40438
1.40458
1.40563
1.40734
1.40946
1.41175
1.41396
1.41596
1.41766
1.41908
1.42031
1.42146
1.42265
1.42399
1.42553
1.42728
1.42918
1.43115
1.43306
1.43482
1.43633
1.4375
1.43828
1.43864
1.43853
1.43792
1.4368
1.43513
1.43291
1.43015
1.42692
1.42334
1.41963
1.41607
1.41298
1.41064
1.40925
1.40886
1.40934
1.41047
1.41192
1.4134
1.4146
1.41532
1.41538
1.41471
1.4133
1.41121
1.40861
1.40573
1.40287
1.40038
1.39856
1.39762
1.39763
1.39854
1.40016
1.40226
1.40458
1.40689
1.40901
1.41083
1.4123
1.41342
1.41422
1.41474
1.41503
1.41515
1.41515
1.41506
1.41492
1.41473
1.41452
1.41427
1.41399
1.41367
1.4133
1.41288
1.41241
1.41191
1.41139
1.41089
1.41046
1.41016
1.41004
1.41016
1.41054
1.41121
1.41216
1.41334
1.41471
1.41621
1.41778
1.41939
1.42099
1.4226
1.42421
1.42583
1.42748
1.42914
1.43077
1.43231
1.43365
1.43463
1.43508
1.4348
1.43361
1.43135
1.42796
1.42354
1.4184
1.41308
1.40827
1.40463
1.40264
1.40245
1.40396
1.40682
1.41061
1.41478
1.41881
1.42219
1.42455
1.42571
1.42574
1.42488
1.42346
1.42175
1.4198
1.41742
1.41417
1.40963
1.40371
1.39715
1.39156
1.38878
1.38972
1.39396
1.4005
1.40856
1.41768
1.42724
1.43635
1.44417
1.45023
1.45447
1.45712
1.4585
1.45894
1.45871
1.45801
1.45697
1.45567
1.45415
1.45242
1.45049
1.44836
1.44604
1.44359
1.44108
1.43864
1.43643
1.43462
1.43337
1.4328
1.4329
1.43364
1.43488
1.43645
1.43821
1.44
1.44174
1.44335
1.44482
1.44613
1.44732
1.44843
1.44949
1.45055
1.45163
1.45272
1.45377
1.45473
1.4555
1.45596
1.45602
1.45555
1.45447
1.4527
1.45019
1.44695
1.44304
1.4386
1.43386
1.42914
1.42487
1.42148
1.41942
1.41898
1.42027
1.42309
1.427
1.43133
1.43537
1.43842
1.44
1.4399
1.43839
1.43621
1.43452
1.43443
1.43649
1.4404
1.44524
1.44993
1.4537
1.45617
1.45731
1.45728
1.45631
1.45469
1.45269
1.45055
1.44848
1.44662
1.44501
1.44359
1.44224
1.44081
1.43921
1.4375
1.43586
1.43465
1.43424
1.43493
1.43683
1.43976
1.4434
1.44729
1.45105
1.45434
1.45696
1.45877
1.45972
1.45978
1.45899
1.4574
1.45513
1.45237
1.44931
1.44617
1.44312
1.44024
1.43753
1.43499
1.43268
1.43076
1.42947
1.42899
1.42939
1.43055
1.43225
1.43426
1.43643
1.43874
1.44117
1.44372
1.44632
1.44885
1.4512
1.45326
1.455
1.45645
1.45767
1.45879
1.45991
1.46111
1.46243
1.46385
1.46526
1.46654
1.46753
1.46806
1.46797
1.46713
1.46544
1.46288
1.45948
1.45536
1.45073
1.44589
1.44117
1.43691
1.43339
1.4308
1.42921
1.42855
1.42856
1.42882
1.42878
1.42789
1.42579
1.42237
1.41788
1.41286
1.40801
1.40404
1.40154
1.401
1.40274
1.40693
1.41329
1.42116
1.42956
1.43755
1.44444
1.44986
1.4537
1.456
1.4569
1.45659
1.45527
1.45315
1.45048
1.44751
1.44448
1.44161
1.43906
1.43694
1.43529
1.43408
1.43323
1.43267
1.43232
1.43211
1.43201
1.43198
1.432
1.43202
1.43197
1.43177
1.43128
1.43034
1.42877
1.42648
1.42348
1.42005
1.41669
1.41416
1.41312
1.41391
1.41635
1.41983
1.42363
1.42716
1.43005
1.43218
1.43355
1.43427
1.43446
1.43423
1.43369
1.43294
1.43207
1.43114
1.43023
1.42939
1.42866
1.42808
1.42764
1.42734
1.42711
1.42686
1.42649
1.42582
1.42469
1.4229
1.4203
1.41681
1.41252
1.40771
1.40296
1.39902
1.39664
1.39629
1.39798
1.40127
1.40551
1.41004
1.41435
1.41814
1.4213
1.42379
1.42568
1.42711
1.42827
1.42938
1.4307
1.43245
1.43476
1.43763
1.44094
1.44446
1.44791
1.45107
1.45373
1.45577
1.45707
1.45759
1.45726
1.45601
1.45377
1.45046
1.446
1.44031
1.4334
1.42537
1.4165
1.40735
1.3987
1.39151
1.38658
1.3843
1.38453
1.3867
1.39012
1.39418
1.39856
1.40312
1.40786
1.41283
1.41805
1.42343
1.42882
1.43401
1.43877
1.44287
1.44615
1.44849
1.44985
1.45025
1.44976
1.44853
1.44674
1.44461
1.4424
1.44033
1.43858
1.43723
1.43626
1.43559
1.43506
1.43453
1.43386
1.43296
1.43174
1.43017
1.42818
1.42571
1.42262
1.41879
1.41409
1.40847
1.40217
1.39581
1.39045
1.38732
1.38724
1.39016
1.39518
1.40101
1.40662
1.41139
1.41515
1.41797
1.42002
1.42149
1.42252
1.42322
1.42366
1.42386
1.42383
1.42356
1.42303
1.42222
1.42111
1.4197
1.41798
1.41592
1.4135
1.41067
1.40734
1.40346
1.39904
1.39431
1.38974
1.38612
1.38427
1.38477
1.38765
1.39232
1.39791
1.40352
1.4085
1.41247
1.41531
1.417
1.41763
1.41733
1.41625
1.41454
1.4124
1.41004
1.40772
1.40569
1.40423
1.40352
1.40365
1.40457
1.40613
1.40812
1.4103
1.41246
1.41446
1.41619
1.41758
1.41861
1.41928
1.41959
1.41958
1.41928
1.41874
1.41803
1.41723
1.4164
1.41562
1.41493
1.41432
1.41375
1.41311
1.4123
1.41124
1.40992
1.40848
1.40716
1.40634
1.40642
1.40765
1.41007
1.41346
1.41741
1.42147
1.42527
1.42855
1.43117
1.43309
1.43436
1.43502
1.43515
1.43483
1.43413
1.4331
1.4318
1.43028
1.42856
1.4267
1.42473
1.42271
1.42071
1.4188
1.41707
1.41563
1.41456
1.41392
1.41375
1.41404
1.41473
1.41574
1.41697
1.4183
1.41965
1.42094
1.4221
1.42309
1.42389
1.42449
1.42488
1.42507
1.42505
1.42483
1.42443
1.42386
1.42312
1.42224
1.42124
1.42013
1.41895
1.41772
1.41648
1.41527
1.41413
1.4131
1.41222
1.41153
1.41103
1.41075
1.41067
1.41077
1.41102
1.41139
1.41183
1.41231
1.41279
1.41323
1.41359
1.41386
1.41399
1.41396
1.41378
1.41345
1.41301
1.41254
1.41211
1.41184
1.4118
1.41207
1.41263
1.41344
1.41438
1.4153
1.41604
1.41643
1.41629
1.41549
1.41391
1.41149
1.40831
1.40462
1.40092
1.39792
1.39634
1.39669
1.39897
1.40274
1.40726
1.41186
1.41603
1.41954
1.42233
1.42444
1.42597
1.42702
1.42768
1.428
1.42803
1.42779
1.42728
1.4265
1.42544
1.42408
1.42245
1.42055
1.41845
1.41624
1.41408
1.41214
1.41063
1.40974
1.40961
1.41032
1.41185
1.41411
1.41695
1.42019
1.42366
1.4272
1.43068
1.43399
1.43706
1.43981
1.44222
1.44427
1.44595
1.44728
1.44829
1.44905
1.44962
1.45011
1.45061
1.45124
1.45208
1.45322
1.45467
1.45643
1.45846
1.46067
1.46296
1.46521
1.46732
1.46918
1.47071
1.47184
1.47252
1.47272
1.47242
1.47163
1.4704
1.46876
1.46683
1.46472
1.46261
1.46067
1.45909
1.45804
1.45764
1.45794
1.45894
1.46054
1.46261
1.465
1.46755
1.47011
1.47257
1.47486
1.477
1.47903
1.48108
1.48325
1.48566
1.48832
1.49117
1.49406
1.49677
1.4991
1.50083
1.50179
1.50189
1.50109
1.49944
1.49707
1.49425
1.49132
1.48868
1.48669
1.48555
1.48531
1.48584
1.48691
1.48831
1.48985
1.49143
1.49299
1.49453
1.49605
1.49755
1.49903
1.50045
1.50177
1.50293
1.50382
1.50435
1.50437
1.50373
1.50225
1.49977
1.49614
1.49133
1.4855
1.47913
1.47308
1.46848
1.46642
1.46747
1.47135
1.47708
1.48339
1.48918
1.49372
1.49662
1.49777
1.49719
1.49498
1.49127
1.48626
1.48027
1.47381
1.4677
1.46288
1.46024
1.46018
1.46242
1.46614
1.47033
1.47421
1.47732
1.4795
1.48083
1.48146
1.48155
1.4812
1.48041
1.47911
1.47714
1.47437
1.47081
1.46672
1.46272
1.45967
1.45838
1.45923
1.46194
1.46573
1.46972
1.47323
1.47588
1.47757
1.47837
1.4784
1.4778
1.4767
1.47522
1.47345
1.47149
1.46944
1.4674
1.4655
1.46385
1.46256
1.4617
1.46129
1.46127
1.46152
1.46186
1.46211
1.46205
1.46153
1.46043
1.45876
1.4566
1.45417
1.45174
1.44962
1.44805
1.44718
1.44705
1.44764
1.44887
1.45068
1.45295
1.45553
1.45824
1.46085
1.46318
1.46507
1.46638
1.46706
1.46707
1.46644
1.46525
1.46365
1.46188
1.46022
1.45902
1.45857
1.45902
1.46034
1.4623
1.46458
1.46682
1.46872
1.47009
1.47078
1.47071
1.46981
1.46802
1.46527
1.46158
1.45705
1.45198
1.44687
1.44241
1.43932
1.43811
1.43888
1.44129
1.44471
1.44846
1.45205
1.45524
1.45794
1.4601
1.4616
1.46221
1.46165
1.4598
1.45687
1.45366
1.45139
1.45128
1.45386
1.45854
1.46397
1.46869
1.47164
1.47228
1.4705
1.4665
1.46071
1.45384
1.44695
1.44137
1.43851
1.43931
1.44386
1.45131
1.46024
1.46919
1.47708
1.48325
1.48743
1.48958
1.4898
1.48832
1.48543
1.4815
1.47688
1.4718
1.46631
1.46031
1.45375
1.44682
1.44007
1.43434
1.43053
1.4292
1.43042
1.43371
1.43828
1.44336
1.44834
1.45289
1.45685
1.46014
1.46265
1.46423
1.46472
1.46401
1.46207
1.45893
1.45481
1.45008
1.44541
1.44168
1.43978
1.44025
1.44296
1.44716
1.45178
1.45588
1.45883
1.4604
1.4606
1.45962
1.45772
1.45523
1.45249
1.44985
1.44766
1.44619
1.44561
1.44595
1.44709
1.44884
1.45093
1.45312
1.45524
1.45715
1.45883
1.46028
1.46157
1.46274
1.4638
1.4647
1.46526
1.46521
1.46412
1.46151
1.45695
1.45024
1.4418
1.43295
1.42581
1.42232
1.42304
1.42673
1.43134
1.43522
1.43767
1.43874
1.43885
1.43851
1.43813
1.43794
1.43808
1.43855
1.43935
1.44045
1.4418
1.44336
1.44505
1.44679
1.44843
1.44984
1.45088
1.45147
1.45157
1.45121
1.45049
1.44955
1.44856
1.4477
1.4471
1.44687
1.44705
1.44761
1.44848
1.44951
1.45054
1.45141
1.45194
1.45194
1.45126
1.44978
1.44738
1.44403
1.43983
1.43504
1.43016
1.42589
1.4229
1.42148
1.4214
1.42193
1.42229
1.42196
1.42089
1.41947
1.41835
1.41811
1.41906
1.42114
1.42396
1.42707
1.43013
1.43295
1.43553
1.43794
1.44028
1.44259
1.44485
1.44699
1.44891
1.45053
1.45175
1.45253
1.45286
1.45273
1.45214
1.45109
1.44958
1.4476
1.44516
1.44235
1.43932
1.43638
1.4339
1.43227
1.4317
1.43218
1.43345
1.4351
1.43667
1.43785
1.43843
1.43832
1.43753
1.43608
1.43405
1.43153
1.42861
1.42547
1.42234
1.41952
1.41733
1.41609
1.41602
1.4172
1.41951
1.42272
1.42651
1.43053
1.4345
1.43821
1.44153
1.4444
1.44679
1.44871
1.45017
1.4512
1.45179
1.45193
1.4516
1.45073
1.44926
1.4471
1.44416
1.44038
1.43572
1.43024
1.4241
1.4176
1.41114
1.40521
1.4003
1.39682
1.39498
1.39477
1.39597
1.39811
1.40064
1.40291
1.40439
1.40472
1.40389
1.40227
1.40062
1.39975
1.40021
1.402
1.40457
1.40718
1.40921
1.41031
1.41043
1.40971
1.40835
1.40659
1.40464
1.4027
1.40088
1.3993
1.39801
1.39704
1.39636
1.39594
1.39573
1.39568
1.39576
1.39594
1.39622
1.39657
1.39698
1.39744
1.39794
1.39844
1.39893
1.39938
1.39976
1.40004
1.40018
1.40015
1.3999
1.39939
1.39859
1.39745
1.39596
1.39416
1.39212
1.38995
1.38783
1.38594
1.38444
1.38345
1.38301
1.38309
1.38363
1.38452
1.38567
1.38699
1.38839
1.38981
1.39117
1.39242
1.39355
1.39453
1.39539
1.39614
1.39682
1.39746
1.39807
1.39866
1.39925
1.39983
1.4004
1.40094
1.40145
1.40193
1.40235
1.4027
1.40298
1.40318
1.40332
1.40341
1.40349
1.4036
1.40376
1.40395
1.40404
1.40385
1.4031
1.4015
1.39883
1.3951
1.39066
1.38621
1.38267
1.38077
1.38075
1.38226
1.38464
1.38724
1.38969
1.39184
1.39371
1.39536
1.39687
1.39827
1.39962
1.40095
1.40226
1.40358
1.4049
1.4062
1.40749
1.40875
1.40999
1.41122
1.41247
1.41375
1.41509
1.41648
1.41794
1.41946
1.42103
1.42263
1.42423
1.4258
1.42729
1.42866
1.42985
1.43081
1.43149
1.43185
1.43183
1.43139
1.43052
1.42919
1.42738
1.42513
1.42248
1.4195
1.41634
1.41314
1.41011
1.40743
1.40522
1.40349
1.40217
1.40107
1.39997
1.39866
1.39701
1.395
1.39276
1.39063
1.38914
1.38897
1.39067
1.39439
1.39978
1.40609
1.41244
1.41813
1.42275
1.42616
1.42846
1.42985
1.43063
1.4311
1.4315
1.43202
1.43268
1.43339
1.43395
1.43408
1.43351
1.432
1.42941
1.42571
1.42105
1.41578
1.4104
1.40548
1.40157
1.39907
1.39818
1.39893
1.40105
1.40398
1.40686
1.40875
1.40886
1.4068
1.40275
1.39759
1.3927
1.3896
1.3894
1.39236
1.39792
1.40509
1.41282
1.4203
1.4271
1.43304
1.43812
1.44238
1.44584
1.44841
1.44994
1.4501
1.4484
1.44413
1.43654
1.42526
1.41129
1.39814
1.3912
1.39409
1.40528
1.41959
1.43243
1.4417
1.44723
1.44955
1.44927
1.44679
1.44234
1.43606
1.42809
1.41879
1.40883
1.39936
1.39185
1.3877
1.38773
1.39187
1.39929
1.40884
1.4194
1.43011
1.4404
1.4499
1.45842
1.46585
1.47216
1.47733
1.48136
1.48425
1.48599
1.48654
1.48584
1.48378
1.48029
1.47531
1.46888
1.46125
1.45297
1.44498
1.43845
1.43448
1.43363
1.43559
1.4393
1.44345
1.44685
1.44867
1.44846
1.446
1.44123
1.4343
1.42559
1.41591
1.40644
1.39847
1.39286
1.38972
1.38859
1.38899
1.39075
1.39401
1.39883
1.40497
1.4119
1.41893
1.4255
1.43125
1.43601
1.43977
1.44261
1.44466
1.44605
1.4469
1.44734
1.44749
1.44743
1.44722
1.44691
1.44649
1.44593
1.44518
1.44416
1.4428
1.44101
1.43873
1.43593
1.43263
1.42893
1.42499
1.4211
1.41758
1.41479
1.41302
1.4124
1.4129
1.41428
1.41618
1.41825
1.42016
1.42171
1.42283
1.42351
1.42381
1.42378
1.42348
1.4229
1.42205
1.4209
1.41942
1.41758
1.41535
1.4127
1.40963
1.40614
1.40232
1.39836
1.39456
1.39134
1.38915
1.38836
1.38913
1.3913
1.39451
1.39826
1.40207
1.40557
1.40857
1.41096
1.41276
1.41401
1.41477
1.41511
1.41506
1.41466
1.41392
1.41285
1.41146
1.40978
1.40785
1.40575
1.40357
1.40142
1.39941
1.39764
1.39616
1.39501
1.39418
1.39366
1.39345
1.39357
1.39403
1.39485
1.39602
1.39747
1.39914
1.40092
1.40271
1.40441
1.40594
1.40726
1.40833
1.40915
1.4097
1.41001
1.41007
1.40993
1.40959
1.40909
1.40847
1.40776
1.407
1.40624
1.40553
1.40489
1.40437
1.40396
1.40366
1.40344
1.40326
1.40306
1.40277
1.4023
1.4016
1.40058
1.3992
1.39745
1.39533
1.39293
1.39037
1.38781
1.38547
1.38353
1.38212
1.38133
1.3811
1.38134
1.38188
1.38259
1.38337
1.38418
1.38503
1.38595
1.38701
1.38823
1.38964
1.39122
1.39291
1.39461
1.39623
1.39765
1.39879
1.39957
1.39995
1.39993
1.39952
1.39874
1.39763
1.39621
1.39449
1.39243
1.39003
1.38725
1.38415
1.38086
1.37768
1.375
1.37323
1.37269
1.3734
1.37514
1.37751
1.38007
1.38246
1.38448
1.38603
1.38713
1.38784
1.38824
1.38842
1.38844
1.38836
1.38823
1.38809
1.38794
1.38782
1.38771
1.38762
1.38755
1.38748
1.3874
1.38728
1.38711
1.38685
1.38648
1.38597
1.38529
1.3844
1.38329
1.38193
1.38033
1.37851
1.37651
1.3744
1.37228
1.37025
1.36844
1.36695
1.36586
1.36524
1.36514
1.36557
1.36652
1.36794
1.36969
1.3716
1.37339
1.37483
1.3757
1.37584
1.37525
1.37401
1.37231
1.37042
1.36865
1.36723
1.36629
1.36586
1.36585
1.36613
1.36654
1.367
1.36742
1.3678
1.36815
1.36854
1.36902
1.36965
1.37048
1.37152
1.37276
1.37419
1.37574
1.37736
1.37897
1.38053
1.38199
1.38332
1.38448
1.38547
1.38627
1.38684
1.38717
1.38719
1.38683
1.38598
1.38451
1.38227
1.37911
1.37496
1.36989
1.36425
1.35867
1.35398
1.35089
1.34967
1.34997
1.35103
1.35201
1.35233
1.35176
1.35046
1.34887
1.34756
1.34708
1.34777
1.34964
1.35246
1.35586
1.3595
1.36316
1.36673
1.37018
1.3735
1.37667
1.37966
1.3824
1.38481
1.38684
1.38842
1.38951
1.39008
1.39011
1.38961
1.38858
1.38707
1.38514
1.38285
1.38034
1.37772
1.37512
1.37266
1.37042
1.36849
1.36693
1.3658
1.36516
1.36509
1.3656
1.36669
1.36831
1.37038
1.37279
1.3754
1.37807
1.38067
1.38306
1.38515
1.38684
1.38809
1.38889
1.38923
1.38915
1.38868
1.38788
1.38682
1.38558
1.38428
1.383
1.38184
1.38089
1.3802
1.3798
1.37968
1.37981
1.38014
1.3806
1.38114
1.3817
1.38223
1.38271
1.38311
1.3834
1.3836
1.38369
1.38368
1.38359
1.38341
1.38317
1.38285
1.38248
1.38205
1.38158
1.38108
1.38059
1.38015
1.3798
1.3796
1.37959
1.37982
1.38029
1.38099
1.38189
1.38294
1.38406
1.38518
1.38618
1.38698
1.38747
1.38755
1.38714
1.38621
1.38477
1.38293
1.3809
1.37899
1.37753
1.37678
1.37687
1.37771
1.37903
1.3805
1.38177
1.38261
1.38288
1.38254
1.38165
1.38031
1.37868
1.37696
1.37536
1.37406
1.37325
1.37305
1.37354
1.37472
1.37651
1.3788
1.38143
1.38419
1.38693
1.38947
1.39171
1.39357
1.39499
1.39598
1.39653
1.39668
1.39647
1.39594
1.39516
1.39419
1.39312
1.39204
1.39105
1.39025
1.38975
1.38961
1.38989
1.39061
1.39174
1.39324
1.39504
1.39705
1.39921
1.40141
1.40359
1.40568
1.40761
1.40935
1.41083
1.41203
1.41289
1.41337
1.41341
1.41294
1.41187
1.41011
1.40756
1.40416
1.39991
1.39497
1.38966
1.3845
1.3801
1.37696
1.37529
1.37497
1.3756
1.37677
1.37817
1.37968
1.38129
1.38307
1.38512
1.38754
1.39045
1.39393
1.39798
1.40249
1.40722
1.41186
1.41612
1.41979
1.42275
1.42494
1.42639
1.42713
1.42721
1.42666
1.4255
1.42375
1.42143
1.41857
1.41526
1.41164
1.40794
1.40442
1.40139
1.39911
1.39774
1.39729
1.39762
1.39853
1.39976
1.40109
1.40234
1.40346
1.40445
1.40534
1.40621
1.40707
1.40784
1.40838
1.40849
1.40795
1.40659
1.40436
1.40137
1.39797
1.39473
1.39233
1.39138
1.39216
1.39447
1.3978
1.4015
1.40504
1.40813
1.41071
1.41286
1.41471
1.41634
1.41778
1.41896
1.41976
1.42008
1.41982
1.41895
1.41747
1.41545
1.41293
1.41001
1.40677
1.40333
1.39986
1.39655
1.39361
1.39123
1.38953
1.38854
1.38822
1.38848
1.3893
1.39067
1.39263
1.39518
1.39822
1.40155
1.40491
1.40806
1.41082
1.41309
1.41481
1.416
1.41668
1.41688
1.41661
1.41591
1.41477
1.41322
1.41129
1.40908
1.4067
1.40434
1.40221
1.40055
1.3995
1.39914
1.3994
1.40008
1.40091
1.40155
1.4016
1.40056
1.39778
1.39246
1.3838
1.37159
1.35727
1.34485
1.33954
1.34379
1.35489
1.36764
1.37821
1.38535
1.38944
1.39141
1.39215
1.39235
1.39244
1.39266
1.39311
1.39377
1.39457
1.39543
1.39626
1.39697
1.39751
1.39781
1.39784
1.39753
1.39686
1.39577
1.39426
1.39232
1.39
1.38744
1.38485
1.38252
1.38078
1.37995
1.38017
1.38145
1.38358
1.38627
1.38922
1.39216
1.39494
1.39749
1.3998
1.40187
1.40373
1.40536
1.40675
1.40783
1.40848
1.40856
1.40785
1.40612
1.40318
1.39896
1.3937
1.38808
1.38319
1.38025
1.37999
1.38223
1.38602
1.39011
1.39352
1.39569
1.39645
1.39589
1.39423
1.39185
1.3892
1.38682
1.38522
1.38479
1.38564
1.38755
1.39008
1.39273
1.39508
1.39692
1.39824
1.39916
1.39984
1.40043
1.40105
1.40176
1.40259
1.40356
1.40465
1.40584
1.40708
1.4083
1.40946
1.4105
1.41142
1.41218
1.41281
1.41331
1.41372
1.41403
1.41429
1.4145
1.41467
1.41481
1.41493
1.41504
1.41513
1.41523
1.41533
1.41545
1.4156
1.4158
1.41606
1.41638
1.41679
1.41727
1.41783
1.41847
1.41916
1.41989
1.42064
1.42139
1.4221
1.42275
1.4233
1.42373
1.42399
1.42406
1.42391
1.42351
1.42283
1.42187
1.42063
1.41916
1.41749
1.4157
1.41388
1.41212
1.41051
1.40916
1.40817
1.40767
1.40778
1.40858
1.41007
1.41211
1.41447
1.41686
1.41899
1.42063
1.42164
1.42198
1.42171
1.42095
1.41989
1.41874
1.41771
1.41695
1.41654
1.41643
1.41649
1.41649
1.41611
1.41505
1.41305
1.40997
1.40593
1.40138
1.39711
1.39401
1.3928
1.39372
1.39648
1.40051
1.40521
1.41005
1.41465
1.41875
1.42217
1.42485
1.42684
1.42821
1.4291
1.42964
1.42994
1.43004
1.42997
1.42971
1.42925
1.42856
1.42769
1.4267
1.42571
1.42486
1.42428
1.42403
1.42412
1.42442
1.42478
1.42499
1.42483
1.42416
1.42289
1.42104
1.41875
1.41627
1.41397
1.41221
1.4113
1.41136
1.4123
1.41384
1.41564
1.41735
1.4187
1.4195
1.41962
1.419
1.41764
1.41561
1.41306
1.41023
1.40737
1.40472
1.40243
1.4005
1.39889
1.39751
1.3964
1.39573
1.39576
1.39679
1.39894
1.40214
1.40608
1.41034
1.41452
1.41829
1.42148
1.424
1.42587
1.42713
1.42786
1.42813
1.42804
1.42766
1.42708
1.42637
1.4256
1.42482
1.42409
1.42344
1.42291
1.4225
1.42223
1.42209
1.42206
1.42211
1.42218
1.4222
1.4221
1.42177
1.4211
1.41999
1.41836
1.41618
1.41352
1.41061
1.40782
1.40563
1.40447
1.40455
1.40572
1.40748
1.40916
1.41006
1.40961
1.40743
1.40341
1.39778
1.39124
1.38495
1.38034
1.37867
1.3805
1.38545
1.39248
1.40029
1.40785
1.41449
1.41993
1.42413
1.42724
1.42943
1.43087
1.43175
1.43216
1.43223
1.432
1.43153
1.43087
1.43006
1.42914
1.42818
1.42723
1.42634
1.42549
1.42463
1.4236
1.4222
1.42021
1.41755
1.41435
1.41107
1.4084
1.40705
1.40736
1.40917
1.41183
1.41459
1.41686
1.41841
1.41932
1.41986
1.42039
1.42119
1.42241
1.42402
1.42585
1.42756
1.42883
1.42938
1.4291
1.42803
1.42634
1.42421
1.42183
1.41933
1.41682
1.41453
1.41276
1.41196
1.41247
1.4144
1.41747
1.42105
1.42437
1.42679
1.42794
1.42775
1.42644
1.42434
1.42185
1.41936
1.41714
1.41539
1.41415
1.41336
1.41289
1.41263
1.41262
1.413
1.41398
1.41571
1.41822
1.42139
1.42502
1.42885
1.43265
1.43623
1.43945
1.44221
1.44446
1.44617
1.4473
1.44784
1.44776
1.44704
1.44564
1.44356
1.4408
1.43747
1.43376
1.43
1.42668
1.4243
1.42322
1.42346
1.42467
1.42624
1.4276
1.42839
1.42856
1.42828
1.42779
1.42723
1.42665
1.42601
1.42537
1.42505
1.42555
1.42741
1.43086
1.43564
1.44114
1.44664
1.45163
1.45591
1.45952
1.46266
1.46557
1.46845
1.47144
1.47456
1.47778
1.48102
1.48412
1.48695
1.48937
1.49122
1.4924
1.4928
1.49236
1.49107
1.48901
1.48633
1.48329
1.48018
1.47729
1.4748
1.47275
1.47105
1.46953
1.46808
1.46665
1.46526
1.46395
1.46272
1.46144
1.4599
1.45785
1.45513
1.45171
1.44771
1.44337
1.439
1.43497
1.43176
1.42988
1.42981
1.4317
1.43532
1.44011
1.44537
1.4505
1.45514
1.45919
1.46274
1.46594
1.46898
1.47195
1.47486
1.47762
1.48014
1.4823
1.48399
1.48515
1.48574
1.48574
1.48513
1.48393
1.48213
1.47975
1.47686
1.47354
1.47
1.4665
1.46337
1.46096
1.45952
1.45913
1.45967
1.46087
1.46239
1.46393
1.46525
1.46622
1.4668
1.46701
1.46693
1.46667
1.46634
1.46608
1.46601
1.46622
1.46675
1.4676
1.46868
1.46989
1.47107
1.47205
1.47265
1.47268
1.47196
1.4703
1.46753
1.46357
1.45844
1.45237
1.44582
1.43947
1.43402
1.43006
1.42786
1.42744
1.42863
1.43117
1.43472
1.43884
1.44297
1.44662
1.44945
1.45133
1.45234
1.45271
1.45271
1.45263
1.45269
1.45306
1.45382
1.45496
1.45645
1.45819
1.46007
1.46195
1.46372
1.4653
1.46662
1.46767
1.46847
1.46903
1.46936
1.46943
1.46924
1.46876
1.46801
1.46702
1.46589
1.46471
1.46359
1.46258
1.46168
1.46083
1.45994
1.45896
1.45786
1.45673
1.45567
1.45486
1.45439
1.45427
1.4544
1.45459
1.45465
1.45439
1.45371
1.45258
1.45101
1.44909
1.4469
1.44457
1.44222
1.43997
1.43793
1.43618
1.43476
1.43362
1.43261
1.43143
1.42965
1.42679
1.42255
1.41703
1.41117
1.40671
1.40558
1.40866
1.41509
1.42282
1.42983
1.43497
1.43795
1.43904
1.43871
1.43744
1.43565
1.43368
1.43176
1.43009
1.42877
1.4279
1.42748
1.42751
1.42792
1.42863
1.42953
1.43053
1.43152
1.43244
1.43323
1.43386
1.43433
1.43462
1.43477
1.43477
1.43467
1.43448
1.43423
1.43395
1.43367
1.43341
1.43319
1.43303
1.43294
1.43292
1.43296
1.43305
1.43317
1.43328
1.43335
1.43333
1.43318
1.43287
1.43233
1.43155
1.4305
1.42914
1.42749
1.42556
1.42338
1.42104
1.41864
1.41632
1.41426
1.41262
1.41158
1.41127
1.41175
1.41303
1.41503
1.41764
1.4207
1.42407
1.42761
1.4312
1.43472
1.43811
1.4413
1.44425
1.44692
1.44931
1.45139
1.45319
1.45468
1.45589
1.4568
1.4574
1.45766
1.45753
1.45697
1.45593
1.45437
1.45229
1.44972
1.44676
1.44358
1.44038
1.4374
1.43483
1.43285
1.43153
1.43094
1.43107
1.43193
1.4335
1.43571
1.43847
1.44162
1.44497
1.44834
1.45158
1.45459
1.45731
1.45973
1.46183
1.46364
1.46516
1.46637
1.46729
1.46792
1.46831
1.46852
1.46867
1.46888
1.46928
1.46997
1.47102
1.47242
1.4741
1.47591
1.47763
1.47894
1.47944
1.47864
1.47599
1.47109
1.46392
1.45517
1.44636
1.4394
1.4356
1.43512
1.43722
1.44111
1.44614
1.45171
1.457
1.46124
1.4639
1.46481
1.46405
1.46194
1.45889
1.45544
1.45215
1.4495
1.44773
1.44673
1.44613
1.44555
1.44498
1.44491
1.44612
1.44917
1.45396
1.45972
1.46542
1.47017
1.47345
1.47509
1.47512
1.47374
1.47122
1.46792
1.46423
1.46056
1.45719
1.45426
1.45173
1.44948
1.44746
1.44577
1.44462
1.44428
1.44494
1.44664
1.44924
1.4525
1.45611
1.45977
1.46325
1.46636
1.46894
1.47092
1.47224
1.47289
1.47287
1.47221
1.4709
1.46898
1.46645
1.4633
1.45952
1.45511
1.45013
1.44472
1.43916
1.43392
1.4296
1.42677
1.42588
1.42702
1.42998
1.43435
1.43963
1.44537
1.45119
1.45681
1.46201
1.46666
1.47068
1.47407
1.47686
1.47911
1.48091
1.48233
1.48344
1.4843
1.48497
1.48548
1.48584
1.48605
1.4861
1.48595
1.48553
1.48477
1.48357
1.48181
1.47937
1.47617
1.47217
1.46747
1.46236
1.45731
1.45292
1.44981
1.44836
1.44864
1.45037
1.45302
1.45604
1.45893
1.46137
1.46314
1.4641
1.46418
1.4634
1.46189
1.46001
1.45827
1.4573
1.45757
1.45918
1.46182
1.46493
1.46794
1.47051
1.47258
1.47433
1.4761
1.4782
1.48076
1.48367
1.4866
1.48908
1.49068
1.49107
1.49012
1.48788
1.48454
1.48043
1.47597
1.47166
1.46816
1.46615
1.46613
1.46805
1.47125
1.4747
1.47746
1.47896
1.47905
1.47792
1.47592
1.4735
1.47106
1.46896
1.46745
1.46662
1.46645
1.46682
1.46751
1.46833
1.46907
1.46959
1.46978
1.46958
1.46895
1.46787
1.46634
1.46431
1.46176
1.45866
1.45498
1.45074
1.44604
1.44108
1.43621
1.43195
1.42883
1.42727
1.42735
1.42879
1.43103
1.43347
1.43567
1.43749
1.43905
1.44056
1.44217
1.44383
1.44533
1.44648
1.44733
1.44824
1.44965
1.45184
1.45468
1.45764
1.46011
1.46162
1.46201
1.46136
1.45996
1.45819
1.45642
1.45498
1.45409
1.45387
1.45429
1.45522
1.45643
1.45763
1.45854
1.4589
1.45849
1.45713
1.45469
1.45112
1.44647
1.44097
1.43502
1.4292
1.4242
1.42062
1.41882
1.4189
1.42066
1.42379
1.42791
1.43261
1.43749
1.44217
1.44636
1.44984
1.45252
1.4544
1.4555
1.45589
1.45561
1.45466
1.45303
1.45067
1.44756
1.44373
1.43936
1.43481
1.43065
1.42747
1.42569
1.42536
1.42609
1.42725
1.42821
1.42855
1.42808
1.42683
1.42493
1.42254
1.41983
1.41694
1.41406
1.41147
1.40958
1.40886
1.40965
1.41199
1.41553
1.41967
1.42372
1.42712
1.42945
1.43044
1.42988
1.42751
1.42305
1.41614
1.40647
1.394
1.37939
1.36436
1.35172
1.34438
1.34385
1.34952
1.3593
1.37082
1.38223
1.39233
1.40053
1.40664
1.41074
1.41305
1.41385
1.41349
1.41234
1.41077
1.40913
1.40774
1.40675
1.40618
1.40588
1.40552
1.40469
1.40289
1.39958
1.39428
1.38682
1.37767
1.36841
1.36159
1.35952
1.36267
1.3693
1.37669
1.38272
1.38641
1.38769
1.38698
1.38497
1.38242
1.38013
1.37874
1.37865
1.37987
1.38208
1.3848
1.38757
1.39008
1.39215
1.39376
1.39496
1.39584
1.39649
1.39702
1.39749
1.39797
1.39849
1.39908
1.39975
1.4005
1.40133
1.40223
1.40321
1.40424
1.40532
1.40644
1.40758
1.40874
1.40989
1.411
1.41206
1.41303
1.41387
1.41455
1.41503
1.41527
1.41528
1.41506
1.41465
1.41414
1.41363
1.41321
1.41298
1.41293
1.41299
1.41299
1.4127
1.41186
1.41022
1.40763
1.40406
1.39966
1.39483
1.3903
1.38705
1.38614
1.38839
1.39389
1.40194
1.4113
1.42065
1.42902
1.43582
1.44082
1.44401
1.44549
1.44541
1.44389
1.44104
1.43697
1.43183
1.42587
1.41954
1.41354
1.40879
1.40625
1.40666
1.41005
1.41557
1.42171
1.42696
1.43037
1.43175
1.43155
1.4306
1.42984
1.42999
1.4314
1.43401
1.43748
1.44137
1.44526
1.44881
1.45182
1.45417
1.45582
1.45677
1.45701
1.45656
1.45541
1.45355
1.45097
1.44769
1.44383
1.43963
1.43552
1.43207
1.42986
1.42929
1.43039
1.43278
1.4359
1.43914
1.44204
1.44436
1.446
1.44701
1.44745
1.44744
1.44709
1.44649
1.44573
1.44487
1.44395
1.44299
1.44196
1.44077
1.43932
1.43742
1.43492
1.4317
1.42778
1.42334
1.41877
1.41466
1.41161
1.41013
1.41045
1.41242
1.4156
1.41937
1.42313
1.42644
1.42906
1.43101
1.4324
1.43346
1.43439
1.4353
1.43625
1.43714
1.43781
1.43801
1.4375
1.43608
1.43369
1.43044
1.42663
1.42275
1.41931
1.4168
1.41545
1.41529
1.41606
1.4174
1.41894
1.42038
1.42157
1.42247
1.42311
1.42354
1.42377
1.42386
1.42383
1.42376
1.4237
1.42372
1.42385
1.42411
1.42447
1.42487
1.42528
1.42562
1.42586
1.42593
1.42581
1.42546
1.42486
1.42399
1.42287
1.42152
1.41997
1.41831
1.41663
1.41507
1.41375
1.41278
1.41222
1.4121
1.41239
1.41302
1.41391
1.41496
1.41611
1.41727
1.41841
1.41946
1.42041
1.42121
1.42184
1.42226
1.42246
1.42243
1.42216
1.42166
1.42098
1.42016
1.41926
1.41835
1.4175
1.41676
1.41613
1.41562
1.41518
1.41478
1.41438
1.41395
1.41351
1.41309
1.41278
1.41265
1.4128
1.4133
1.41416
1.41536
1.41681
1.41841
1.42004
1.42159
1.423
1.42426
1.42536
1.42635
1.42725
1.42808
1.42883
1.42948
1.42998
1.43033
1.4305
1.43051
1.43038
1.43016
1.42987
1.42951
1.4291
1.42863
1.42812
1.42757
1.427
1.42644
1.42589
1.42535
1.42482
1.42425
1.42361
1.42284
1.42191
1.42077
1.41941
1.41784
1.41612
1.41437
1.41272
1.41136
1.41045
1.41013
1.41044
1.41137
1.41281
1.41461
1.41661
1.41868
1.42072
1.42272
1.42468
1.42663
1.42859
1.43052
1.43239
1.43412
1.43563
1.43686
1.43778
1.43837
1.43866
1.43866
1.43842
1.438
1.43745
1.43682
1.43615
1.43549
1.43487
1.43431
1.43383
1.43344
1.43314
1.43291
1.43275
1.43264
1.43255
1.43247
1.43237
1.43224
1.43205
1.43178
1.43142
1.43094
1.43035
1.42967
1.42895
1.42829
1.42782
1.42768
1.42795
1.42866
1.42972
1.43098
1.43229
1.43353
1.43466
1.43574
1.43683
1.43804
1.43937
1.4408
1.44223
1.44351
1.44451
1.44513
1.44528
1.44491
1.44399
1.44245
1.44027
1.43737
1.43371
1.42927
1.42413
1.4185
1.4128
1.40758
1.40351
1.40118
1.40096
1.40283
1.4064
1.41106
1.41615
1.4211
1.4255
1.42916
1.43204
1.4342
1.43574
1.43678
1.43743
1.43774
1.43778
1.4376
1.43722
1.4367
1.4361
1.43546
1.43482
1.4342
1.43361
1.43303
1.43243
1.43178
1.43107
1.43027
1.42938
1.42841
1.42738
1.42632
1.42529
1.42432
1.42349
1.42285
1.42242
1.42221
1.42219
1.42228
1.42239
1.42243
1.42231
1.42198
1.42141
1.42064
1.41975
1.41884
1.41804
1.41745
1.41712
1.41707
1.41725
1.41756
1.4179
1.41819
1.41838
1.41845
1.41843
1.41839
1.41837
1.41845
1.41865
1.41898
1.41943
1.41992
1.4204
1.42078
1.42095
1.42084
1.42035
1.41941
1.41798
1.41603
1.4136
1.41072
1.40747
1.40386
1.3999
1.39556
1.39091
1.38623
1.3821
1.37926
1.37829
1.37931
1.382
1.38577
1.39013
1.39473
1.39936
1.40384
1.408
1.41169
1.41475
1.41707
1.41857
1.41916
1.4188
1.41745
1.41515
1.412
1.40822
1.40416
1.40031
1.39722
1.39537
1.39507
1.39633
1.3989
1.40237
1.40632
1.41038
1.4143
1.41791
1.42109
1.42379
1.42599
1.42767
1.42886
1.42956
1.42978
1.4295
1.42865
1.42713
1.42482
1.42161
1.41743
1.41241
1.40698
1.40188
1.39809
1.39642
1.3972
1.40014
1.40449
1.4094
1.4142
1.41849
1.42205
1.42486
1.42698
1.42856
1.42974
1.43069
1.4315
1.43222
1.43286
1.4334
1.43383
1.43421
1.43464
1.43524
1.43613
1.43738
1.43895
1.44075
1.44263
1.44443
1.44599
1.44721
1.448
1.44834
1.44822
1.44768
1.44674
1.44547
1.44391
1.44209
1.44001
1.43759
1.43475
1.43136
1.42733
1.42272
1.41775
1.41287
1.4087
1.40582
1.40461
1.40516
1.40728
1.41064
1.41486
1.41959
1.42452
1.42939
1.43399
1.43818
1.44184
1.44493
1.44743
1.44935
1.45072
1.45159
1.45199
1.452
1.45166
1.45102
1.45014
1.44905
1.44778
1.44637
1.44481
1.44312
1.4413
1.43936
1.43735
1.43533
1.4334
1.43169
1.43032
1.42946
1.42919
1.42959
1.43064
1.43228
1.43436
1.43671
1.4391
1.44134
1.44325
1.44467
1.4455
1.44566
1.44513
1.4439
1.44204
1.43963
1.43683
1.43388
1.43108
1.42882
1.42747
1.42736
1.42859
1.43103
1.43427
1.43778
1.441
1.44353
1.44508
1.44559
1.44509
1.44378
1.44196
1.44
1.4383
1.43717
1.43677
1.43705
1.43781
1.4388
1.43982
1.44074
1.44153
1.4422
1.44274
1.44314
1.44337
1.4434
1.44324
1.44294
1.44259
1.44228
1.44215
1.44229
1.4428
1.44369
1.44496
1.44655
1.44835
1.45024
1.45209
1.45379
1.45522
1.45632
1.45705
1.45739
1.45733
1.4569
1.45612
1.45503
1.45369
1.45218
1.45057
1.44897
1.4475
1.44625
1.44531
1.44474
1.44453
1.44466
1.44506
1.44566
1.44636
1.44709
1.44779
1.44841
1.44893
1.44933
1.44962
1.44981
1.44991
1.44995
1.44994
1.44992
1.44991
1.44992
1.44997
1.45007
1.45023
1.45045
1.45074
1.4511
1.45152
1.45201
1.45253
1.45309
1.45363
1.45415
1.45461
1.45497
1.45522
1.45533
1.45527
1.45502
1.45455
1.45389
1.45306
1.45215
1.45131
1.45068
1.45042
1.45064
1.45137
1.45255
1.45406
1.45573
1.45737
1.4588
1.45986
1.46043
1.46042
1.45979
1.45857
1.45681
1.45463
1.45214
1.44948
1.44679
1.44416
1.44168
1.43939
1.43734
1.43555
1.43403
1.43281
1.43192
1.43139
1.43128
1.43165
1.43257
1.43407
1.43616
1.43878
1.4418
1.44501
1.44821
1.4512
1.45385
1.45605
1.4578
1.45909
1.45999
1.46055
1.46084
1.46091
1.46081
1.46059
1.46027
1.45985
1.45935
1.45877
1.45809
1.45732
1.45645
1.45549
1.45442
1.45326
1.45196
1.45048
1.44876
1.44668
1.44416
1.44112
1.4376
1.43379
1.4301
1.42705
1.42521
1.42491
1.42614
1.42853
1.43158
1.43477
1.43775
1.44029
1.44229
1.44372
1.44457
1.44487
1.44461
1.44386
1.44264
1.44106
1.43921
1.43725
1.43534
1.43367
1.43239
1.43163
1.43143
1.43174
1.43243
1.43328
1.43397
1.43416
1.43354
1.43187
1.42921
1.42598
1.42299
1.42121
1.42122
1.42284
1.42521
1.42732
1.42859
1.42912
1.4296
1.43083
1.43323
1.43659
1.44017
1.44306
1.44446
1.44384
1.44096
1.43584
1.42873
1.42019
1.41117
1.40301
1.39725
1.39515
1.39714
1.40259
1.41004
1.41777
1.42441
1.42916
1.43174
1.43224
1.43096
1.42825
1.4245
1.42011
1.41553
1.41117
1.40744
1.40461
1.40281
1.40208
1.40241
1.40377
1.406
1.40881
1.41179
1.41453
1.41672
1.41824
1.41908
1.41941
1.41941
1.4193
1.41925
1.41937
1.41972
1.42028
1.42099
1.42176
1.42248
1.42308
1.42345
1.42349
1.4231
1.42215
1.42046
1.41783
1.41406
1.40904
1.40288
1.39618
1.39013
1.38634
1.38618
1.38997
1.39676
1.40492
1.4129
1.41969
1.4248
1.42797
1.42899
1.42754
1.42322
1.41578
1.40564
1.39459
1.38592
1.38289
1.38634
1.39395
1.40217
1.40847
1.41191
1.41272
1.41151
1.40901
1.40583
1.40248
1.39942
1.39702
1.39561
1.39543
1.39657
1.39897
1.40244
1.4067
1.41144
1.41642
1.42141
1.42624
1.4308
1.43501
1.4388
1.44211
1.44489
1.44705
1.4485
1.44914
1.44881
1.44739
1.44473
1.44076
1.43546
1.429
1.42172
1.41414
1.40691
1.4006
1.39554
1.39176
1.38898
1.38681
1.38489
1.38311
1.38163
1.38096
1.38174
1.3845
1.38937
1.39596
1.40354
1.41129
1.41853
1.4248
1.42991
1.4338
1.43653
1.43822
1.43897
1.43894
1.43822
1.43693
1.43515
1.43298
1.43048
1.42775
1.42487
1.42193
1.41903
1.41627
1.41374
1.41156
1.4098
1.40855
1.40785
1.40773
1.40816
1.40903
1.41021
1.41145
1.41251
1.41304
1.4127
1.41114
1.40805
1.40334
1.39734
1.39092
1.38548
1.38245
1.38257
1.38552
1.3902
1.39543
1.40041
1.40473
1.40819
1.41064
1.41185
1.41152
1.40928
1.40479
1.39775
1.38817
1.37653
1.36403
1.3525
1.3439
1.3396
1.33997
1.34431
1.35123
1.35919
1.36697
1.37389
1.37971
1.38436
1.38785
1.39008
1.39095
1.39033
1.38822
1.38488
1.38091
1.37728
1.37504
1.37492
1.37698
1.38059
1.38484
1.3889
1.39226
1.39474
1.39631
1.39705
1.397
1.39618
1.39458
1.3922
1.3891
1.38548
1.38173
1.37843
1.37625
1.37575
1.37717
1.38033
1.38472
1.38973
1.39478
1.39948
1.40361
1.40708
1.40992
1.41219
1.41399
1.41539
1.41647
1.4173
1.41792
1.41835
1.4186
1.41865
1.41847
1.41801
1.41723
1.41605
1.41441
1.41224
1.40948
1.40611
1.40215
1.3977
1.39292
1.38806
1.38343
1.37939
1.37626
1.37431
1.37366
1.37427
1.37596
1.37843
1.38132
1.38433
1.38719
1.38973
1.39183
1.39344
1.39451
1.39504
1.39509
1.39478
1.39439
1.39423
1.39462
1.3957
1.39736
1.39929
1.40105
1.40228
1.40276
1.40245
1.40147
1.40007
1.39853
1.39717
1.39625
1.39592
1.39626
1.39719
1.39856
1.40017
1.40181
1.40331
1.40454
1.40545
1.40602
1.40628
1.4063
1.40616
1.40596
1.40579
1.40572
1.40581
1.40606
1.40648
1.40701
1.40759
1.40816
1.40864
1.40897
1.40906
1.40887
1.40832
1.40737
1.40596
1.40409
1.40177
1.3991
1.39623
1.39341
1.39096
1.3892
1.38844
1.38886
1.3905
1.39323
1.39677
1.40077
1.40484
1.40864
1.41187
1.41429
1.41573
1.41605
1.41517
1.41306
1.40973
1.40525
1.39977
1.39359
1.38733
1.38211
1.37947
1.38071
1.38599
1.39406
1.40293
1.41085
1.4168
1.42046
1.42198
1.42168
1.42001
1.41747
1.41461
1.41199
1.4101
1.40922
1.40939
1.41046
1.41217
1.41425
1.41656
1.41899
1.42152
1.42415
1.42683
1.42952
1.43212
1.43454
1.43668
1.43844
1.43976
1.44057
1.44082
1.44051
1.43963
1.43824
1.43639
1.43419
1.43173
1.42913
1.42645
1.42371
1.42088
1.4179
1.41474
1.41146
1.40826
1.40543
1.40325
1.40191
1.40144
1.40179
1.40288
1.40466
1.40708
1.41007
1.41348
1.41712
1.42079
1.42432
1.42761
1.43058
1.4332
1.43541
1.43717
1.43846
1.43927
1.43957
1.43937
1.43868
1.43754
1.43599
1.43417
1.43223
1.43041
1.42898
1.42816
1.42809
1.42873
1.4299
1.43128
1.43253
1.4333
1.43331
1.43236
1.43037
1.4274
1.42369
1.41964
1.41578
1.41259
1.41033
1.40899
1.40834
1.40807
1.40793
1.4078
1.40754
1.40694
1.40557
1.40273
1.39758
1.38941
1.37841
1.36665
1.35841
1.35816
1.36697
1.38153
1.39707
1.41038
1.42037
1.42722
1.43151
1.43383
1.43466
1.43436
1.4332
1.43142
1.42924
1.42687
1.42451
1.42229
1.42031
1.41859
1.41713
1.41596
1.41518
1.41494
1.41541
1.41668
1.41872
1.42133
1.42423
1.4271
1.42968
1.43179
1.4333
1.43419
1.43443
1.43403
1.43297
1.43126
1.42889
1.42587
1.42224
1.41812
1.41367
1.40917
1.40496
1.40142
1.39896
1.39787
1.39828
1.40008
1.40301
1.40666
1.41062
1.41452
1.41811
1.42124
1.42384
1.42589
1.42741
1.42844
1.42903
1.42926
1.42916
1.42882
1.42827
1.42759
1.42681
1.42599
1.42518
1.4244
1.4237
1.42309
1.42261
1.42226
1.42206
1.42202
1.42213
1.4224
1.42281
1.42335
1.42401
1.42478
1.42563
1.42654
1.42749
1.42846
1.42942
1.43034
1.43119
1.43194
1.43256
1.433
1.43326
1.43331
1.43317
1.4329
1.4326
1.43237
1.43239
1.43278
1.43362
1.43487
1.43639
1.43793
1.4392
1.43987
1.43968
1.4385
1.43637
1.43358
1.43068
1.42833
1.42717
1.42749
1.42916
1.43167
1.4343
1.43638
1.43742
1.43725
1.43598
1.43401
1.43188
1.43016
1.42926
1.42927
1.43001
1.43105
1.43191
1.43219
1.4317
1.43043
1.42857
1.42642
1.42434
1.42268
1.42179
1.42192
1.4232
1.4256
1.42892
1.43283
1.43696
1.44092
1.44444
1.44729
1.44937
1.45064
1.45111
1.45084
1.44994
1.44854
1.44679
1.44486
1.4429
1.44106
1.43945
1.43818
1.4373
1.43681
1.43666
1.43674
1.43691
1.437
1.43686
1.43636
1.43547
1.43427
1.43293
1.43166
1.43065
1.42997
1.42962
1.42946
1.42935
1.42914
1.42872
1.42806
1.42714
1.426
1.42468
1.42324
1.4217
1.42012
1.41855
1.41707
1.41579
1.41484
1.41431
1.41427
1.41472
1.4156
1.41684
1.41831
1.41991
1.42152
1.42306
1.42444
1.42565
1.42666
1.42751
1.42821
1.42881
1.42931
1.42975
1.43011
1.43038
1.43057
1.43064
1.43061
1.43045
1.43019
1.42982
1.42938
1.42887
1.4283
1.42764
1.42688
1.42595
1.4248
1.42341
1.42178
1.41998
1.41811
1.41625
1.41435
1.41222
1.40948
1.40591
1.40178
1.39828
1.3973
1.40048
1.40789
1.41794
1.42833
1.43723
1.44371
1.44749
1.44868
1.44751
1.4443
1.43947
1.43367
1.4277
1.42251
1.41885
1.41707
1.417
1.41804
1.41944
1.42057
1.42106
1.42087
1.42018
1.41937
1.41889
1.41915
1.42046
1.42298
1.42669
1.43139
1.43674
1.44234
1.44778
1.45271
1.45689
1.46018
1.46255
1.46401
1.46467
1.46465
1.46407
1.46307
1.46178
1.46027
1.45862
1.45687
1.45504
1.45312
1.45111
1.44898
1.44669
1.44424
1.44159
1.43876
1.43574
1.43254
1.42919
1.42572
1.4222
1.41875
1.41553
1.4128
1.41084
1.40999
1.41055
1.4127
1.41642
1.42152
1.4276
1.43418
1.44077
1.44697
1.45247
1.45709
1.46075
1.46344
1.46523
1.46622
1.46653
1.46626
1.46555
1.4645
1.46322
1.46179
1.4603
1.45881
1.45738
1.45607
1.4549
1.45392
1.45311
1.45247
1.45197
1.45157
1.45122
1.45089
1.45058
1.45027
1.45
1.44976
1.44957
1.4494
1.44921
1.44893
1.44851
1.44792
1.4472
1.4464
1.4456
1.44488
1.44424
1.4436
1.44281
1.4417
1.44014
1.43817
1.43605
1.43425
1.43337
1.4339
1.43597
1.43934
1.44345
1.4477
1.4516
1.45485
1.45734
1.45905
1.46001
1.46031
1.46004
1.45932
1.45831
1.4572
1.45618
1.45543
1.45502
1.45489
1.45484
1.45453
1.45355
1.45149
1.44802
1.44302
1.43662
1.4293
1.42187
1.41523
1.41007
1.40658
1.4044
1.40286
1.40132
1.39945
1.39721
1.39484
1.39269
1.39116
1.39064
1.39152
1.39412
1.39864
1.40498
1.41271
1.42109
1.42933
1.43673
1.44284
1.44745
1.45056
1.45229
1.45281
1.4523
1.45096
1.44893
1.44639
1.44348
1.44039
1.4373
1.43439
1.43185
1.42983
1.42839
1.42752
1.42713
1.42709
1.42721
1.42734
1.42732
1.42703
1.42636
1.42519
1.42341
1.42089
1.41752
1.41322
1.40801
1.40207
1.39585
1.39004
1.38546
1.38276
1.38224
1.3837
1.38659
1.39027
1.39416
1.39782
1.40101
1.40362
1.40562
1.40706
1.40804
1.40863
1.40895
1.40905
1.409
1.40881
1.40847
1.40794
1.40717
1.40605
1.40448
1.40235
1.39949
1.39568
1.3906
1.3838
1.37478
1.36339
1.35049
1.3388
1.33232
1.33387
1.34255
1.35454
1.36602
1.37499
1.3811
1.38487
1.3871
1.38861
1.39013
1.39214
1.39482
1.398
1.40133
1.40437
1.40681
1.40842
1.40915
1.409
1.40803
1.40633
1.40403
1.40124
1.39813
1.39491
1.39181
1.38907
1.38691
1.38548
1.3848
1.38477
1.38515
1.38564
1.38594
1.38581
1.38522
1.38428
1.38332
1.38273
1.38286
1.38383
1.38555
1.3877
1.38993
1.39196
1.39361
1.39484
1.3957
1.39625
1.39659
1.39681
1.39697
1.39714
1.39735
1.39766
1.39809
1.39869
1.39948
1.40047
1.40166
1.40301
1.4044
1.40565
1.40647
1.40644
1.40499
1.40139
1.39479
1.38441
1.37001
1.35257
1.33498
1.32184
1.31753
1.32361
1.33776
1.35545
1.37264
1.38706
1.39806
1.40591
1.41118
1.41444
1.4162
1.41684
1.41668
1.41598
1.41492
1.41365
1.41226
1.41075
1.4091
1.40721
1.40496
1.40227
1.39911
1.39557
1.39188
1.38833
1.38525
1.38292
1.38144
1.38082
1.381
1.38189
1.38343
1.38556
1.38817
1.39108
1.39406
1.39682
1.39913
1.40079
1.40171
1.40197
1.40178
1.40152
1.40165
1.40256
1.40449
1.40736
1.41089
1.41463
1.41817
1.4212
1.42353
1.42509
1.42584
1.42584
1.42512
1.42378
1.42194
1.41974
1.41741
1.41518
1.4133
1.41197
1.41128
1.41123
1.41175
1.4127
1.41392
1.41527
1.41664
1.41794
1.41909
1.42006
1.42083
1.4214
1.42179
1.42201
1.42208
1.42198
1.42167
1.42109
1.42016
1.4188
1.41695
1.41459
1.41179
1.40872
1.40563
1.40289
1.40086
1.39984
1.39995
1.40111
1.40303
1.40538
1.40779
1.41002
1.41192
1.41346
1.41476
1.41601
1.41744
1.41929
1.42166
1.42456
1.42782
1.4312
1.43445
1.43733
1.43966
1.4413
1.44215
1.44208
1.44094
1.43858
1.43485
1.42978
1.42366
1.41726
1.41181
1.40862
1.4086
1.41176
1.41731
1.42412
1.43114
1.43766
1.44323
1.44761
1.45064
1.45224
1.45235
1.45094
1.44801
1.44363
1.43803
1.43163
1.42508
1.41917
1.41463
1.41196
1.41121
1.41208
1.41405
1.41655
1.41906
1.42116
1.42256
1.42316
1.423
1.42233
1.4215
1.42099
1.4212
1.42236
1.42439
1.42692
1.42948
1.43163
1.43311
1.43388
1.43408
1.43394
1.43371
1.43361
1.43375
1.43415
1.43475
1.43547
1.43622
1.43696
1.4377
1.43847
1.43933
1.44031
1.44141
1.4426
1.44381
1.44497
1.446
1.44682
1.44738
1.44762
1.44752
1.44705
1.44619
1.44493
1.44326
1.4412
1.43877
1.436
1.43292
1.42956
1.42598
1.42224
1.41848
1.41493
1.41192
1.40986
1.4091
1.4098
1.41186
1.41495
1.41858
1.4223
1.42575
1.4287
1.43102
1.43267
1.43365
1.43397
1.43367
1.43276
1.43128
1.42927
1.42678
1.42389
1.42069
1.41734
1.41401
1.41091
1.40826
1.40623
1.40501
1.40468
1.4053
1.40683
1.40914
1.412
1.41516
1.41831
1.4212
1.42362
1.42542
1.42645
1.42658
1.4256
1.42322
1.419
1.41238
1.40282
1.39022
1.37567
1.36213
1.35365
1.35284
1.3587
1.36764
1.37638
1.38345
1.38885
1.39311
1.39667
1.39963
1.4018
1.40286
1.40255
1.40087
1.39815
1.39508
1.39262
1.39159
1.39229
1.39442
1.39721
1.3999
1.40196
1.40323
1.40386
1.40415
1.40441
1.40483
1.40546
1.40618
1.40682
1.40721
1.40728
1.40709
1.40683
1.40679
1.40724
1.40834
1.41012
1.41244
1.41507
1.41775
1.42029
1.42256
1.4245
1.4261
1.42737
1.42835
1.42905
1.42948
1.42965
1.42957
1.42927
1.42879
1.42818
1.4275
1.42684
1.42627
1.42584
1.42558
1.42549
1.42551
1.42555
1.42551
1.42527
1.42473
1.42379
1.42242
1.42059
1.41835
1.41577
1.41301
1.41026
1.40778
1.40586
1.40478
1.40479
1.406
1.40838
1.41175
1.41576
1.42005
1.42422
1.42796
1.43105
1.43335
1.4348
1.43541
1.43524
1.43439
1.433
1.43126
1.42941
1.42772
1.42645
1.42582
1.42601
1.42707
1.42893
1.43146
1.43444
1.43766
1.4409
1.44398
1.44678
1.44919
1.45115
1.45259
1.45345
1.45365
1.45306
1.45152
1.44879
1.44462
1.43877
1.43118
1.42215
1.41261
1.40406
1.39821
1.39617
1.39794
1.40258
1.40885
1.41574
1.42259
1.42899
1.43466
1.43942
1.44321
1.4461
1.44822
1.44975
1.45079
1.4514
1.45156
1.45125
1.45051
1.44944
1.4482
1.44698
1.44589
1.44495
1.44407
1.44311
1.44193
1.44056
1.43926
1.43844
1.43853
1.43978
1.44209
1.44516
1.44859
1.45201
1.45515
1.45775
1.45958
1.46047
1.46027
1.45888
1.45633
1.45273
1.44837
1.44372
1.43942
1.43616
1.43445
1.43446
1.43579
1.43754
1.43844
1.43716
1.43277
1.42545
1.41726
1.41201
1.4132
1.42115
1.43282
1.44438
1.45348
1.45953
1.46289
1.46425
1.4642
1.46322
1.46161
1.45958
1.45723
1.45464
1.45187
1.44898
1.44603
1.44313
1.44038
1.43796
1.43599
1.43462
1.43389
1.43379
1.43421
1.43493
1.43566
1.43607
1.43588
1.43486
1.43295
1.43025
1.42707
1.42384
1.4211
1.41935
1.41892
1.41996
1.4224
1.426
1.43042
1.43532
1.44035
1.44526
1.44983
1.45392
1.45744
1.46029
1.46243
1.46378
1.46424
1.46374
1.46218
1.45954
1.4559
1.45159
1.44721
1.44358
1.44153
1.44156
1.44362
1.44714
1.45131
1.45547
1.45917
1.46225
1.46471
1.46661
1.46804
1.46904
1.46962
1.46969
1.46913
1.46773
1.46527
1.46161
1.45678
1.45128
1.44609
1.44257
1.4418
1.4439
1.44788
1.45215
1.45521
1.45603
1.45411
1.44935
1.44206
1.43301
1.42349
1.41521
1.40977
1.40821
1.41062
1.41628
1.42405
1.43279
1.44155
1.44972
1.45693
1.46297
1.46777
1.47129
1.47355
1.47462
1.47455
1.47345
1.47144
1.46869
1.46544
1.46199
1.4587
1.45593
1.45394
1.45287
1.45269
1.45324
1.45429
1.45562
1.45708
1.45855
1.45996
1.46125
1.46234
1.46311
1.46337
1.46292
1.46156
1.45922
1.45612
1.45292
1.45061
1.45022
1.45222
1.45618
1.46094
1.46515
1.46773
1.468
1.4657
1.46099
1.45443
1.44714
1.44063
1.43635
1.43501
1.43631
1.43924
1.44273
1.44614
1.44931
1.45236
1.45546
1.4587
1.46204
1.46534
1.46843
1.47112
1.47331
1.47493
1.47595
1.47633
1.47604
1.47502
1.47314
1.47025
1.46613
1.46061
1.45359
1.44525
1.43621
1.42757
1.42067
1.41655
1.41547
1.41689
1.41989
1.42366
1.42771
1.43189
1.43619
1.44069
1.4454
1.45022
1.45494
1.45932
1.4631
1.46611
1.46825
1.46948
1.4698
1.46928
1.46799
1.46603
1.46352
1.46059
1.45731
1.45374
1.44989
1.44573
1.44128
1.43661
1.43187
1.42731
1.42316
1.41963
1.41687
1.41496
1.41392
1.41373
1.41429
1.4155
1.41722
1.41939
1.42196
1.42487
1.42807
1.43144
1.43487
1.43822
1.44137
1.44425
1.44682
1.44906
1.45097
1.45255
1.4538
1.4547
1.45519
1.45519
1.45457
1.45314
1.45067
1.44687
1.44148
1.43439
1.42582
1.41659
1.40814
1.40211
1.3996
1.40055
1.40388
1.4082
1.41244
1.41606
1.41884
1.42077
1.42188
1.42223
1.42186
1.42086
1.4193
1.41727
1.41489
1.41228
1.40958
1.40698
1.4047
1.40296
1.40197
1.40183
1.40245
1.40357
1.40481
1.4058
1.40636
1.40654
1.40662
1.40696
1.40783
1.4093
1.41121
1.41326
1.41515
1.41669
1.41777
1.41839
1.41864
1.4186
1.41836
1.41801
1.41758
1.41711
1.41662
1.41615
1.41571
1.41536
1.41517
1.41517
1.41541
1.41589
1.41658
1.41742
1.41832
1.41918
1.41993
1.42049
1.42084
1.421
1.42103
1.42101
1.42105
1.42127
1.42172
1.42243
1.42335
1.42437
1.42531
1.42598
1.42615
1.42555
1.42391
1.42095
1.41643
1.41033
1.40315
1.39615
1.3913
1.39048
1.39433
1.40175
1.4106
1.41895
1.42568
1.43048
1.43356
1.43537
1.4364
1.43709
1.43774
1.43847
1.43916
1.43956
1.43934
1.43818
1.43587
1.43233
1.42768
1.42222
1.4164
1.41078
1.4059
1.40213
1.39961
1.39819
1.39746
1.39697
1.39628
1.3952
1.39388
1.39279
1.39265
1.39415
1.39774
1.40343
1.41073
1.41887
1.42703
1.43449
1.44078
1.44569
1.4492
1.45144
1.45258
1.45281
1.45232
1.45126
1.44977
1.44792
1.4458
1.44345
1.4409
1.43818
1.43529
1.43229
1.42922
1.4262
1.42345
1.42122
1.41984
1.41958
1.42053
1.42259
1.42542
1.42855
1.43154
1.43402
1.43578
1.43672
1.43689
1.43641
1.43547
1.43428
1.43309
1.4321
1.43148
1.43132
1.43164
1.43235
1.43333
1.4344
1.43538
1.4361
1.43643
1.43629
1.43563
1.43448
1.43292
1.43104
1.42897
1.42678
1.4245
1.42206
1.41934
1.41624
1.41286
1.40958
1.40713
1.40634
1.40771
1.41109
1.41572
1.42063
1.42495
1.42819
1.43021
1.43105
1.43089
1.42993
1.42835
1.4263
1.42392
1.4213
1.41857
1.41586
1.41336
1.41125
1.40972
1.40888
1.40873
1.40917
1.41
1.411
1.41199
1.41285
1.41351
1.41396
1.41427
1.41449
1.41469
1.41494
1.41527
1.41568
1.41615
1.41664
1.41708
1.41742
1.41761
1.41764
1.41748
1.41715
1.41667
1.41607
1.41536
1.41455
1.41361
1.41249
1.41115
1.40958
1.40786
1.40623
1.405
1.40453
1.40505
1.40653
1.40867
1.41099
1.41297
1.41421
1.41447
1.41369
1.41194
1.40943
1.40647
1.40346
1.4008
1.39882
1.39764
1.39717
1.39715
1.39724
1.39719
1.3968
1.39594
1.39443
1.39206
1.38869
1.38444
1.3799
