-0.0411009
-0.0410774
-0.0410673
-0.0410612
-0.0410662
-0.0410897
-0.0411173
-0.0411564
-0.0411974
-0.04125
-0.0413166
-0.0413784
-0.0414639
-0.0415471
-0.0416472
-0.0417524
-0.0418678
-0.0419981
-0.042146
-0.042295
-0.0424642
-0.0426421
-0.0428336
-0.0430296
-0.043242
-0.0434595
-0.0436893
-0.0439318
-0.0441849
-0.0444632
-0.0447456
-0.0450562
-0.0453789
-0.0457071
-0.0460457
-0.0463929
-0.0467682
-0.0471696
-0.0475811
-0.0480103
-0.048465
-0.0489338
-0.0494269
-0.0499282
-0.0504505
-0.0509944
-0.0515607
-0.0521548
-0.0527776
-0.0534062
-0.0540675
-0.0547599
-0.0554774
-0.0562209
-0.0570009
-0.0578113
-0.0586485
-0.0595208
-0.0604268
-0.0613702
-0.0623403
-0.0633525
-0.0644035
-0.0654946
-0.0666294
-0.0678069
-0.069033
-0.0703022
-0.071611
-0.0729704
-0.0743815
-0.0758458
-0.0773623
-0.0789275
-0.0805547
-0.0822382
-0.0839839
-0.0857815
-0.0876322
-0.0895493
-0.0915294
-0.0935738
-0.0956838
-0.0978609
-0.100104
-0.102419
-0.104809
-0.107265
-0.109805
-0.112403
-0.115069
-0.117809
-0.120609
-0.123462
-0.126354
-0.129281
-0.132202
-0.135078
-0.137863
-0.140501
-0.142904
-0.144946
-0.146496
-0.147424
-0.14759
-0.146924
-0.145458
-0.143444
-0.14138
-0.139977
-0.140044
-0.142185
-0.146542
-0.152779
-0.160151
-0.16787
-0.175315
-0.182101
-0.188115
-0.193398
-0.198056
-0.202196
-0.20589
-0.209181
-0.212007
-0.214278
-0.215861
-0.216648
-0.216542
-0.215527
-0.213691
-0.211333
-0.208955
-0.207232
-0.206877
-0.208425
-0.212072
-0.217508
-0.224136
-0.231183
-0.237929
-0.243843
-0.248582
-0.251962
-0.2539
-0.254415
-0.253556
-0.251479
-0.248423
-0.244752
-0.240978
-0.237724
-0.235596
-0.235079
-0.236414
-0.239534
-0.244116
-0.249735
-0.255945
-0.262356
-0.268684
-0.274703
-0.280241
-0.285192
-0.289461
-0.292995
-0.29574
-0.297666
-0.298765
-0.299031
-0.298469
-0.297128
-0.295048
-0.292304
-0.289044
-0.285513
-0.281958
-0.27871
-0.276097
-0.274352
-0.273547
-0.273587
-0.274209
-0.275131
-0.276066
-0.27684
-0.277393
-0.277747
-0.277933
-0.278013
-0.278006
-0.27791
-0.277703
-0.27737
-0.276909
-0.276321
-0.275618
-0.274836
-0.27401
-0.27317
-0.272341
-0.27158
-0.270939
-0.270477
-0.27022
-0.27018
-0.2703
-0.270449
-0.270475
-0.270181
-0.26941
-0.268058
-0.266083
-0.263597
-0.2608
-0.257995
-0.255593
-0.254033
-0.253705
-0.254844
-0.257404
-0.261115
-0.265542
-0.270203
-0.274683
-0.278681
-0.282016
-0.284644
-0.286574
-0.287844
-0.288489
-0.28855
-0.288024
-0.286914
-0.285216
-0.282888
-0.279919
-0.276281
-0.272017
-0.267223
-0.262064
-0.256807
-0.251794
-0.247441
-0.24423
-0.242559
-0.242726
-0.244828
-0.248693
-0.253987
-0.260215
-0.266847
-0.273446
-0.279682
-0.285348
-0.290345
-0.294649
-0.298296
-0.301297
-0.303679
-0.305442
-0.30654
-0.306913
-0.306461
-0.305061
-0.302617
-0.29905
-0.294363
-0.288715
-0.282403
-0.275984
-0.27015
-0.265645
-0.263095
-0.26287
-0.264961
-0.26905
-0.274496
-0.280599
-0.286636
-0.292036
-0.296424
-0.299609
-0.301567
-0.302377
-0.302185
-0.301176
-0.299523
-0.297435
-0.295105
-0.292781
-0.290755
-0.28933
-0.288802
-0.289373
-0.291072
-0.293748
-0.29709
-0.300701
-0.304195
-0.307254
-0.309685
-0.311412
-0.312483
-0.313078
-0.31341
-0.313701
-0.314094
-0.314601
-0.315064
-0.315207
-0.31473
-0.313343
-0.310879
-0.307325
-0.302876
-0.297921
-0.29299
-0.288725
-0.285737
-0.284464
-0.285123
-0.287652
-0.291713
-0.296796
-0.302347
-0.307861
-0.312966
-0.317439
-0.321182
-0.324209
-0.326594
-0.328415
-0.329758
-0.330708
-0.331338
-0.331694
-0.331838
-0.331822
-0.331681
-0.331421
-0.33106
-0.330572
-0.329926
-0.329081
-0.328015
-0.326704
-0.32518
-0.323538
-0.321908
-0.320508
-0.319518
-0.319065
-0.319208
-0.319834
-0.320772
-0.321754
-0.322539
-0.322927
-0.322797
-0.322141
-0.321039
-0.31971
-0.318407
-0.317429
-0.317053
-0.317479
-0.318799
-0.320949
-0.323758
-0.326945
-0.330244
-0.333397
-0.336215
-0.338588
-0.340467
-0.341884
-0.342897
-0.34357
-0.343993
-0.344214
-0.344255
-0.344139
-0.343861
-0.343402
-0.342758
-0.341885
-0.340777
-0.339484
-0.338062
-0.336719
-0.335771
-0.335615
-0.336637
-0.339043
-0.342713
-0.347281
-0.352151
-0.356726
-0.360449
-0.362957
-0.364014
-0.363546
-0.361593
-0.358284
-0.353847
-0.348567
-0.34282
-0.336982
-0.331432
-0.326455
-0.322263
-0.318955
-0.316547
-0.315012
-0.31435
-0.314546
-0.315616
-0.31756
-0.32031
-0.323793
-0.327847
-0.332292
-0.336927
-0.341544
-0.345937
-0.349959
-0.35351
-0.356539
-0.359025
-0.360997
-0.362486
-0.363544
-0.364212
-0.36455
-0.364584
-0.364336
-0.363854
-0.363139
-0.362209
-0.361036
-0.359604
-0.357888
-0.355808
-0.353311
-0.350315
-0.346751
-0.342568
-0.337758
-0.332397
-0.326658
-0.320853
-0.315377
-0.310656
-0.307068
-0.304826
-0.303891
-0.30407
-0.304987
-0.306297
-0.307699
-0.309012
-0.310184
-0.311247
-0.312246
-0.313261
-0.31432
-0.315415
-0.31649
-0.317483
-0.318325
-0.318984
-0.319438
-0.319689
-0.319759
-0.319686
-0.31951
-0.319258
-0.318994
-0.318733
-0.318504
-0.318336
-0.318238
-0.318212
-0.318251
-0.31834
-0.318473
-0.318611
-0.318702
-0.318709
-0.318567
-0.318163
-0.31742
-0.316238
-0.314524
-0.312223
-0.309356
-0.306045
-0.302586
-0.299413
-0.297054
-0.296022
-0.296629
-0.298892
-0.302562
-0.30718
-0.312264
-0.317406
-0.322308
-0.326793
-0.330758
-0.33415
-0.336945
-0.339113
-0.340666
-0.3416
-0.341971
-0.341861
-0.341397
-0.340747
-0.340055
-0.339452
-0.33901
-0.338745
-0.338612
-0.338478
-0.338192
-0.33762
-0.336649
-0.335229
-0.333397
-0.331313
-0.329209
-0.327438
-0.326346
-0.326204
-0.327145
-0.329113
-0.331872
-0.33512
-0.338555
-0.341981
-0.345358
-0.348721
-0.352155
-0.355695
-0.359267
-0.362686
-0.365706
-0.368078
-0.369565
-0.370015
-0.36932
-0.367485
-0.364544
-0.360598
-0.355824
-0.350439
-0.344709
-0.338896
-0.333246
-0.327983
-0.323264
-0.319197
-0.315863
-0.313356
-0.311778
-0.311221
-0.311756
-0.313373
-0.315995
-0.319376
-0.323208
-0.327145
-0.330835
-0.333986
-0.336415
-0.338021
-0.338844
-0.338969
-0.33858
-0.337883
-0.337083
-0.33632
-0.335657
-0.335054
-0.33435
-0.333285
-0.331599
-0.329067
-0.325632
-0.321529
-0.317318
-0.313863
-0.312002
-0.312286
-0.314708
-0.318751
-0.323671
-0.328756
-0.333533
-0.337742
-0.341297
-0.344147
-0.346264
-0.347585
-0.348021
-0.347458
-0.345758
-0.342809
-0.338594
-0.333199
-0.326887
-0.320119
-0.313518
-0.307752
-0.303389
-0.300721
-0.299691
-0.299949
-0.301016
-0.302469
-0.304104
-0.30593
-0.308135
-0.310919
-0.314314
-0.318147
-0.322122
-0.325858
-0.329056
-0.331535
-0.33324
-0.334198
-0.334511
-0.334331
-0.333817
-0.333126
-0.332407
-0.331771
-0.331319
-0.331111
-0.331185
-0.331537
-0.332127
-0.332909
-0.333827
-0.334802
-0.335769
-0.336671
-0.337452
-0.338069
-0.338483
-0.338625
-0.338459
-0.337926
-0.336922
-0.335361
-0.333114
-0.330055
-0.326055
-0.32107
-0.315145
-0.30853
-0.301738
-0.295517
-0.290742
-0.288178
-0.288199
-0.290709
-0.295177
-0.300855
-0.307007
-0.313066
-0.318615
-0.323413
-0.327346
-0.330385
-0.332556
-0.33394
-0.334629
-0.334786
-0.334586
-0.33425
-0.334021
-0.334097
-0.334638
-0.335721
-0.337328
-0.339375
-0.341671
-0.344029
-0.346231
-0.348081
-0.349428
-0.350138
-0.350141
-0.349358
-0.347746
-0.345312
-0.342086
-0.338148
-0.333635
-0.32878
-0.323908
-0.319393
-0.315648
-0.313039
-0.311758
-0.311867
-0.313219
-0.315527
-0.318478
-0.321747
-0.325102
-0.328342
-0.331367
-0.334108
-0.336542
-0.33864
-0.340417
-0.341849
-0.342914
-0.343608
-0.343901
-0.343752
-0.343138
-0.342012
-0.340365
-0.338154
-0.335386
-0.332108
-0.328437
-0.324544
-0.320699
-0.317288
-0.314692
-0.313289
-0.313338
-0.314887
-0.317748
-0.321551
-0.325853
-0.330232
-0.334385
-0.338105
-0.341306
-0.344
-0.346244
-0.348089
-0.349606
-0.350854
-0.351882
-0.352711
-0.353362
-0.353844
-0.354187
-0.35442
-0.354569
-0.354671
-0.354782
-0.354962
-0.355258
-0.355732
-0.356408
-0.35728
-0.358319
-0.359458
-0.36061
-0.361657
-0.362494
-0.363054
-0.363283
-0.363243
-0.363029
-0.36283
-0.362869
-0.363334
-0.364387
-0.36608
-0.368373
-0.371162
-0.374288
-0.377543
-0.380694
-0.383481
-0.385585
-0.386715
-0.386634
-0.385213
-0.382512
-0.378825
-0.374709
-0.370856
-0.367895
-0.366259
-0.366051
-0.367094
-0.369106
-0.371838
-0.375118
-0.378792
-0.382602
-0.386173
-0.388911
-0.390196
-0.38943
-0.386141
-0.38009
-0.371368
-0.360394
-0.348046
-0.335668
-0.324839
-0.316971
-0.312851
-0.312599
-0.315973
-0.322445
-0.330979
-0.340035
-0.348236
-0.355019
-0.360725
-0.366093
-0.371585
-0.377148
-0.38234
-0.386782
-0.390303
-0.392902
-0.394588
-0.395169
-0.394252
-0.391263
-0.385563
-0.376673
-0.364521
-0.34982
-0.334202
-0.320103
-0.309908
-0.304848
-0.304439
-0.306971
-0.310406
-0.31332
-0.315391
-0.317347
-0.320391
-0.325357
-0.332245
-0.340239
-0.348146
-0.354923
-0.359881
-0.362697
-0.363283
-0.361576
-0.357533
-0.351167
-0.342619
-0.332376
-0.321389
-0.3111
-0.303103
-0.29859
-0.29779
-0.299909
-0.303632
-0.307709
-0.311242
-0.313826
-0.315419
-0.316187
-0.316349
-0.316151
-0.315793
-0.315378
-0.314944
-0.314451
-0.313802
-0.31289
-0.311629
-0.309973
-0.307911
-0.305435
-0.302613
-0.299548
-0.296341
-0.293125
-0.289994
-0.287071
-0.284436
-0.282141
-0.280234
-0.278733
-0.277656
-0.27701
-0.276811
-0.277058
-0.277706
-0.278717
-0.280025
-0.281561
-0.283245
-0.285004
-0.286767
-0.288488
-0.290142
-0.291747
-0.293272
-0.294749
-0.2962
-0.297636
-0.299061
-0.300476
-0.301883
-0.303274
-0.304615
-0.30589
-0.307052
-0.308034
-0.308784
-0.30922
-0.309274
-0.308844
-0.307822
-0.30614
-0.303714
-0.300506
-0.296565
-0.292018
-0.287086
-0.282113
-0.277455
-0.273469
-0.270313
-0.267999
-0.266276
-0.264759
-0.262975
-0.260504
-0.257086
-0.252635
-0.247347
-0.241745
-0.23676
-0.233595
-0.233506
-0.237346
-0.245195
-0.25636
-0.269622
-0.283719
-0.29759
-0.310499
-0.322003
-0.331902
-0.340129
-0.346714
-0.351751
-0.355373
-0.357744
-0.359024
-0.359391
-0.359011
-0.358096
-0.356794
-0.355242
-0.35351
-0.351629
-0.349544
-0.347209
-0.344596
-0.341767
-0.338896
-0.336155
-0.333757
-0.331805
-0.330246
-0.328907
-0.327501
-0.325702
-0.32328
-0.320109
-0.316216
-0.311842
-0.307379
-0.30334
-0.300266
-0.298638
-0.298836
-0.301039
-0.30527
-0.311358
-0.318973
-0.32767
-0.336923
-0.346158
-0.354878
-0.362661
-0.369196
-0.374306
-0.377895
-0.37995
-0.380546
-0.37979
-0.377859
-0.375005
-0.371522
-0.367732
-0.363953
-0.360403
-0.357155
-0.354136
-0.351194
-0.348192
-0.345043
-0.341792
-0.338642
-0.335813
-0.333558
-0.332036
-0.331291
-0.331274
-0.331862
-0.332923
-0.334336
-0.336001
-0.33784
-0.339764
-0.341742
-0.343699
-0.345559
-0.347231
-0.348622
-0.349637
-0.35019
-0.350192
-0.349545
-0.348182
-0.346054
-0.343139
-0.339424
-0.335004
-0.330038
-0.324862
-0.31998
-0.315937
-0.313283
-0.312326
-0.313025
-0.315064
-0.317888
-0.320946
-0.323811
-0.326175
-0.327868
-0.328794
-0.328908
-0.328237
-0.326875
-0.324992
-0.322863
-0.320825
-0.319177
-0.318099
-0.317658
-0.317775
-0.318276
-0.319011
-0.319862
-0.320764
-0.321661
-0.322519
-0.323295
-0.323979
-0.324551
-0.325072
-0.325615
-0.326292
-0.327142
-0.328206
-0.3295
-0.330965
-0.332543
-0.334154
-0.335738
-0.337232
-0.338602
-0.339819
-0.340865
-0.34175
-0.342476
-0.343052
-0.3435
-0.34382
-0.344034
-0.344161
-0.344216
-0.344232
-0.344251
-0.3443
-0.344432
-0.344668
-0.34506
-0.345664
-0.346484
-0.347537
-0.348825
-0.350319
-0.351959
-0.353682
-0.355397
-0.357014
-0.358408
-0.359439
-0.359957
-0.359806
-0.358826
-0.356859
-0.35375
-0.34942
-0.343842
-0.337134
-0.329598
-0.321776
-0.314487
-0.308805
-0.305789
-0.306193
-0.310189
-0.317194
-0.32613
-0.335732
-0.344934
-0.352977
-0.359464
-0.364344
-0.367746
-0.369938
-0.371249
-0.37202
-0.372567
-0.373121
-0.373881
-0.374971
-0.376493
-0.378483
-0.380944
-0.383826
-0.386996
-0.390266
-0.39341
-0.396183
-0.398416
-0.399989
-0.400862
-0.401093
-0.400772
-0.400034
-0.399021
-0.397856
-0.396644
-0.395417
-0.394114
-0.392587
-0.390592
-0.387835
-0.383959
-0.378733
-0.372054
-0.364105
-0.355427
-0.346959
-0.339963
-0.335789
-0.3355
-0.339416
-0.347013
-0.357109
-0.368242
-0.379132
-0.38888
-0.397014
-0.403387
-0.408049
-0.411183
-0.413008
-0.413739
-0.413576
-0.412654
-0.411117
-0.409046
-0.406501
-0.403525
-0.400124
-0.396319
-0.392078
-0.387381
-0.382225
-0.376588
-0.370461
-0.363861
-0.356848
-0.349556
-0.342196
-0.335061
-0.328514
-0.322934
-0.318639
-0.315866
-0.314713
-0.315114
-0.316771
-0.319285
-0.322216
-0.325333
-0.328592
-0.332141
-0.336164
-0.340683
-0.345488
-0.350232
-0.354443
-0.357762
-0.359935
-0.360908
-0.360754
-0.359668
-0.357971
-0.356071
-0.354382
-0.353266
-0.352972
-0.353563
-0.354937
-0.356821
-0.358863
-0.360724
-0.362095
-0.362735
-0.362449
-0.361131
-0.358748
-0.35533
-0.351012
-0.346044
-0.3408
-0.33569
-0.331206
-0.327765
-0.325647
-0.324916
-0.325434
-0.326902
-0.328962
-0.331248
-0.333538
-0.335704
-0.337729
-0.33966
-0.341578
-0.343529
-0.345503
-0.347427
-0.349089
-0.350136
-0.349981
-0.34775
-0.342261
-0.332124
-0.316344
-0.295672
-0.274555
-0.260948
-0.261417
-0.275059
-0.294383
-0.311934
-0.324131
-0.330751
-0.332972
-0.33224
-0.32978
-0.326574
-0.323377
-0.320737
-0.319021
-0.318407
-0.318849
-0.320206
-0.322246
-0.324734
-0.327472
-0.330286
-0.333058
-0.33573
-0.338259
-0.340657
-0.342932
-0.345117
-0.347262
-0.349397
-0.351541
-0.35371
-0.355885
-0.358043
-0.360123
-0.362083
-0.36384
-0.365326
-0.366431
-0.36709
-0.36726
-0.366896
-0.36602
-0.364692
-0.363102
-0.361451
-0.360024
-0.359071
-0.358778
-0.359198
-0.360239
-0.361723
-0.36341
-0.365072
-0.366524
-0.36767
-0.368462
-0.368898
-0.369029
-0.368981
-0.368881
-0.368882
-0.369097
-0.369577
-0.37026
-0.370975
-0.371505
-0.37162
-0.371189
-0.370212
-0.368815
-0.367199
-0.365556
-0.363941
-0.362301
-0.360412
-0.358062
-0.355112
-0.351603
-0.347759
-0.343965
-0.340639
-0.3382
-0.337025
-0.337469
-0.339776
-0.343985
-0.349897
-0.356976
-0.364524
-0.37183
-0.378277
-0.383432
-0.38699
-0.388736
-0.388533
-0.3862
-0.38159
-0.374632
-0.36548
-0.354749
-0.343639
-0.333949
-0.327566
-0.325699
-0.328339
-0.334375
-0.342175
-0.350255
-0.357585
-0.363623
-0.368221
-0.371423
-0.373377
-0.374291
-0.374386
-0.373851
-0.37286
-0.371577
-0.370138
-0.368677
-0.3673
-0.366096
-0.365142
-0.364465
-0.364084
-0.364001
-0.364196
-0.364633
-0.365277
-0.36609
-0.367042
-0.368098
-0.369236
-0.370407
-0.371575
-0.372689
-0.373761
-0.374729
-0.375569
-0.376266
-0.37679
-0.377113
-0.377193
-0.376996
-0.37644
-0.375461
-0.373936
-0.371751
-0.368773
-0.364828
-0.359781
-0.353502
-0.34593
-0.337126
-0.327402
-0.317308
-0.307643
-0.299388
-0.293486
-0.290576
-0.290835
-0.29392
-0.299212
-0.305965
-0.313533
-0.321442
-0.329356
-0.336982
-0.344078
-0.350389
-0.355706
-0.359906
-0.362974
-0.364992
-0.366121
-0.366538
-0.366469
-0.366102
-0.365602
-0.365078
-0.364605
-0.364219
-0.363919
-0.363689
-0.363507
-0.363327
-0.363137
-0.362922
-0.362678
-0.362397
-0.362068
-0.361686
-0.361231
-0.360678
-0.359951
-0.358973
-0.357586
-0.35561
-0.352806
-0.348919
-0.343669
-0.336833
-0.328425
-0.318806
-0.308849
-0.300035
-0.294131
-0.292627
-0.296082
-0.303829
-0.314285
-0.325668
-0.336526
-0.346021
-0.353842
-0.360029
-0.364817
-0.368489
-0.371334
-0.373589
-0.375446
-0.377069
-0.37855
-0.379962
-0.381316
-0.38261
-0.383808
-0.384835
-0.385618
-0.38608
-0.38612
-0.385675
-0.38466
-0.383047
-0.380812
-0.37797
-0.374606
-0.370795
-0.366759
-0.3627
-0.358878
-0.355548
-0.352905
-0.351097
-0.350207
-0.350193
-0.350973
-0.352381
-0.354234
-0.35636
-0.358643
-0.360991
-0.363438
-0.366112
-0.369191
-0.372855
-0.377186
-0.382128
-0.387435
-0.392719
-0.397516
-0.401356
-0.403793
-0.404459
-0.403065
-0.399455
-0.393681
-0.386094
-0.377489
-0.369015
-0.362116
-0.35817
-0.358102
-0.362027
-0.369235
-0.378429
-0.388082
-0.39693
-0.404129
-0.409303
-0.412394
-0.413554
-0.413035
-0.411165
-0.408278
-0.404706
-0.400842
-0.39702
-0.39353
-0.390586
-0.388291
-0.386604
-0.385381
-0.384448
-0.383573
-0.382611
-0.381467
-0.380178
-0.378932
-0.378003
-0.377737
-0.378442
-0.380346
-0.38348
-0.387662
-0.392552
-0.397773
-0.40293
-0.407772
-0.412107
-0.415856
-0.418979
-0.421491
-0.423383
-0.424652
-0.425304
-0.425316
-0.424679
-0.423402
-0.421554
-0.419253
-0.416664
-0.414038
-0.411658
-0.409722
-0.408364
-0.407559
-0.40714
-0.406857
-0.406432
-0.405635
-0.404354
-0.402603
-0.400521
-0.398375
-0.396544
-0.395409
-0.395287
-0.3963
-0.398358
-0.40116
-0.40428
-0.407277
-0.409794
-0.411592
-0.412573
-0.412742
-0.41214
-0.410847
-0.408974
-0.406649
-0.404081
-0.401521
-0.399264
-0.397589
-0.396605
-0.396245
-0.396267
-0.396358
-0.396273
-0.395906
-0.395292
-0.394606
-0.39406
-0.39382
-0.393979
-0.394517
-0.395311
-0.396155
-0.396853
-0.397258
-0.397297
-0.397043
-0.396725
-0.396636
-0.397053
-0.398094
-0.399733
-0.401743
-0.403819
-0.405686
-0.407137
-0.40805
-0.408393
-0.408161
-0.407372
-0.406028
-0.404091
-0.401508
-0.398179
-0.394035
-0.389005
-0.383129
-0.376543
-0.369571
-0.362682
-0.356495
-0.351652
-0.348619
-0.34767
-0.348708
-0.351403
-0.355256
-0.359773
-0.364485
-0.369054
-0.373234
-0.376874
-0.379926
-0.382389
-0.384288
-0.385691
-0.386666
-0.387304
-0.387689
-0.387878
-0.387924
-0.387861
-0.387697
-0.387433
-0.387052
-0.386561
-0.385968
-0.385319
-0.384679
-0.384188
-0.383968
-0.384144
-0.384827
-0.386037
-0.387741
-0.389814
-0.392063
-0.394309
-0.396325
-0.397929
-0.398928
-0.399121
-0.398285
-0.396123
-0.392273
-0.386285
-0.377721
-0.366288
-0.352227
-0.336769
-0.32247
-0.312682
-0.309993
-0.314753
-0.32494
-0.337606
-0.350407
-0.361996
-0.371912
-0.380136
-0.386797
-0.392085
-0.39617
-0.399186
-0.401237
-0.402425
-0.402856
-0.402579
-0.401648
-0.400131
-0.398108
-0.395655
-0.392906
-0.389975
-0.386994
-0.384096
-0.381384
-0.378903
-0.376643
-0.374516
-0.372387
-0.370108
-0.367543
-0.364678
-0.361568
-0.358402
-0.35544
-0.352957
-0.351209
-0.350366
-0.350553
-0.351834
-0.354201
-0.357574
-0.361751
-0.366447
-0.371349
-0.376196
-0.380774
-0.384958
-0.388715
-0.392041
-0.394966
-0.397538
-0.399763
-0.401692
-0.403296
-0.404572
-0.405511
-0.406028
-0.40609
-0.405574
-0.40435
-0.402269
-0.399135
-0.394746
-0.388897
-0.381495
-0.372668
-0.362869
-0.353052
-0.344586
-0.338997
-0.337408
-0.340023
-0.345955
-0.353716
-0.361771
-0.368946
-0.374604
-0.378501
-0.380689
-0.381385
-0.380858
-0.379424
-0.377378
-0.375036
-0.372684
-0.370584
-0.368954
-0.36798
-0.367739
-0.368247
-0.36946
-0.371266
-0.373508
-0.376045
-0.378696
-0.381338
-0.383868
-0.386205
-0.388307
-0.390152
-0.39174
-0.393072
-0.394162
-0.395035
-0.395707
-0.396208
-0.396571
-0.396828
-0.39704
-0.397246
-0.397482
-0.397783
-0.39813
-0.39844
-0.398574
-0.398324
-0.397405
-0.39552
-0.392451
-0.388178
-0.383055
-0.377877
-0.373695
-0.371483
-0.371506
-0.373146
-0.375165
-0.376305
-0.375786
-0.37352
-0.370041
-0.366261
-0.363212
-0.361861
-0.362872
-0.366535
-0.372633
-0.380518
-0.389332
-0.398215
-0.406559
-0.414005
-0.42045
-0.425945
-0.430585
-0.434446
-0.437558
-0.439877
-0.441294
-0.441617
-0.440623
-0.438053
-0.433673
-0.427359
-0.419182
-0.40954
-0.399254
-0.389582
-0.382106
-0.378437
-0.379764
-0.386408
-0.397533
-0.411394
-0.42598
-0.439605
-0.451164
-0.460162
-0.466482
-0.47022
-0.471566
-0.470701
-0.467759
-0.462929
-0.456455
-0.448765
-0.440538
-0.432738
-0.426477
-0.422668
-0.42171
-0.423304
-0.426629
-0.430694
-0.434625
-0.437801
-0.439864
-0.440632
-0.440052
-0.43811
-0.434864
-0.430514
-0.425449
-0.420263
-0.415809
-0.412949
-0.412415
-0.414538
-0.419092
-0.425463
-0.432835
-0.440399
-0.447541
-0.453853
-0.459125
-0.463283
-0.466345
-0.468379
-0.469486
-0.469776
-0.469372
-0.468381
-0.466914
-0.465071
-0.462938
-0.460571
-0.458008
-0.455309
-0.452509
-0.449677
-0.446902
-0.444323
-0.442073
-0.440263
-0.438867
-0.437624
-0.436093
-0.433712
-0.430074
-0.425223
-0.419905
-0.415588
-0.41397
-0.416096
-0.421822
-0.429842
-0.438463
-0.446293
-0.452497
-0.456675
-0.458749
-0.458726
-0.456665
-0.452776
-0.447508
-0.441667
-0.436378
-0.432811
-0.431731
-0.433213
-0.436589
-0.440825
-0.444949
-0.448255
-0.450392
-0.451235
-0.450775
-0.449016
-0.445892
-0.441212
-0.434748
-0.426386
-0.416421
-0.405893
-0.396702
-0.39117
-0.390837
-0.395556
-0.403595
-0.412622
-0.420781
-0.427112
-0.431447
-0.434139
-0.435819
-0.437176
-0.438856
-0.441299
-0.444727
-0.449068
-0.454029
-0.459199
-0.464094
-0.468276
-0.471434
-0.473332
-0.473902
-0.473167
-0.471271
-0.468421
-0.464876
-0.460911
-0.456728
-0.452459
-0.448176
-0.44394
-0.439842
-0.436087
-0.43287
-0.4304
-0.428743
-0.427832
-0.427447
-0.427288
-0.427038
-0.426418
-0.425184
-0.42319
-0.420364
-0.416772
-0.412586
-0.408157
-0.403996
-0.400789
-0.399358
-0.400472
-0.404565
-0.411459
-0.420274
-0.429703
-0.438423
-0.445411
-0.450087
-0.452268
-0.452054
-0.449755
-0.445832
-0.440861
-0.435558
-0.430621
-0.426623
-0.423887
-0.4224
-0.421814
-0.421655
-0.421371
-0.420489
-0.418626
-0.41552
-0.411063
-0.405369
-0.398817
-0.392176
-0.386561
-0.383157
-0.382819
-0.385682
-0.391115
-0.397975
-0.404985
-0.411147
-0.415837
-0.418792
-0.420081
-0.420042
-0.419214
-0.418143
-0.417356
-0.417099
-0.417339
-0.417854
-0.418362
-0.41861
-0.418503
-0.418069
-0.417432
-0.416684
-0.415872
-0.414902
-0.413607
-0.411731
-0.408991
-0.405095
-0.399874
-0.393342
-0.385817
-0.378078
-0.371304
-0.366874
-0.365833
-0.368398
-0.373801
-0.380671
-0.387574
-0.393441
-0.397643
-0.400056
-0.400883
-0.40053
-0.399543
-0.398442
-0.397667
-0.397528
-0.398195
-0.399731
-0.4021
-0.405167
-0.408696
-0.412384
-0.415914
-0.41893
-0.421212
-0.422602
-0.423071
-0.422698
-0.421648
-0.420154
-0.418475
-0.416834
-0.41539
-0.414247
-0.413408
-0.412789
-0.41225
-0.411591
-0.410592
-0.409017
-0.406641
-0.403232
-0.398615
-0.392698
-0.385595
-0.377727
-0.370031
-0.363851
-0.360527
-0.360695
-0.363836
-0.368504
-0.373164
-0.376844
-0.379472
-0.38159
-0.383977
-0.3871
-0.390928
-0.395
-0.398642
-0.401298
-0.402692
-0.402905
-0.40235
-0.401613
-0.401299
-0.401813
-0.403239
-0.40532
-0.407612
-0.409613
-0.4109
-0.41119
-0.41033
-0.408257
-0.405018
-0.400723
-0.395597
-0.389949
-0.384203
-0.378887
-0.374518
-0.371572
-0.370345
-0.370941
-0.373218
-0.376854
-0.381413
-0.386425
-0.391424
-0.396039
-0.4
-0.403105
-0.405236
-0.40637
-0.406522
-0.405818
-0.404392
-0.402473
-0.400314
-0.398162
-0.396225
-0.394542
-0.392987
-0.391212
-0.388657
-0.384669
-0.378648
-0.37033
-0.360205
-0.349829
-0.34173
-0.338401
-0.340796
-0.347689
-0.35649
-0.364756
-0.371002
-0.374837
-0.376525
-0.376628
-0.375725
-0.374357
-0.372907
-0.371619
-0.370608
-0.369879
-0.36937
-0.368988
-0.368615
-0.368157
-0.367529
-0.366655
-0.365491
-0.364005
-0.362186
-0.36009
-0.357748
-0.355296
-0.352914
-0.350821
-0.34923
-0.348305
-0.348124
-0.348592
-0.349458
-0.350344
-0.350805
-0.350397
-0.348749
-0.345599
-0.340878
-0.334743
-0.327701
-0.320518
-0.314229
-0.309977
-0.308643
-0.310696
-0.315933
-0.323646
-0.332769
-0.342156
-0.350907
-0.358321
-0.364004
-0.367718
-0.369341
-0.368809
-0.36605
-0.361092
-0.35413
-0.345685
-0.336688
-0.328444
-0.322256
-0.318905
-0.318266
-0.319497
-0.321413
-0.323
-0.323679
-0.323379
-0.322413
-0.321386
-0.321018
-0.321928
-0.324479
-0.328606
-0.333934
-0.339866
-0.345847
-0.351419
-0.356305
-0.360387
-0.363619
-0.366022
-0.367627
-0.36846
-0.368523
-0.367829
-0.366364
-0.364133
-0.361205
-0.357677
-0.353754
-0.349751
-0.34604
-0.343078
-0.341305
-0.340985
-0.342178
-0.344735
-0.348257
-0.352287
-0.356295
-0.359873
-0.3627
-0.364569
-0.365373
-0.365086
-0.363746
-0.36143
-0.358296
-0.354524
-0.350353
-0.346048
-0.341929
-0.338314
-0.335505
-0.333756
-0.333242
-0.334034
-0.336063
-0.339116
-0.342884
-0.347003
-0.351133
-0.354994
-0.358409
-0.361271
-0.363577
-0.365334
-0.366589
-0.367385
-0.367737
-0.367666
-0.367162
-0.366197
-0.364768
-0.362888
-0.360622
-0.358086
-0.355425
-0.352893
-0.350714
-0.34907
-0.348059
-0.347685
-0.347757
-0.348082
-0.348353
-0.348343
-0.347882
-0.346895
-0.345418
-0.343601
-0.341675
-0.339938
-0.338668
-0.338084
-0.338308
-0.339352
-0.341089
-0.343308
-0.345791
-0.348309
-0.350666
-0.352738
-0.354446
-0.355766
-0.356704
-0.357301
-0.357597
-0.357676
-0.357584
-0.357375
-0.357098
-0.356789
-0.356482
-0.356213
-0.355977
-0.355799
-0.355661
-0.355541
-0.35541
-0.355224
-0.354928
-0.354482
-0.353825
-0.352886
-0.351631
-0.349998
-0.347964
-0.345507
-0.342646
-0.339417
-0.335892
-0.332203
-0.328499
-0.324991
-0.321929
-0.319587
-0.318275
-0.318245
-0.319655
-0.322509
-0.326614
-0.331639
-0.337163
-0.342783
-0.348167
-0.353073
-0.357391
-0.361076
-0.364142
-0.366629
-0.36856
-0.36995
-0.370775
-0.370968
-0.370426
-0.368971
-0.366442
-0.362631
-0.357388
-0.350669
-0.342626
-0.333765
-0.324913
-0.317132
-0.311463
-0.308517
-0.308349
-0.310483
-0.314178
-0.318715
-0.323518
-0.328157
-0.33233
-0.335762
-0.338092
-0.33889
-0.337578
-0.333504
-0.326171
-0.315501
-0.302265
-0.288314
-0.276356
-0.2691
-0.268123
-0.273083
-0.282062
-0.292571
-0.302594
-0.311123
-0.318046
-0.323805
-0.328958
-0.333915
-0.338794
-0.343564
-0.348028
-0.352004
-0.355412
-0.3582
-0.36041
-0.362113
-0.363395
-0.364366
-0.365123
-0.365705
-0.366166
-0.366545
-0.366829
-0.367016
-0.367033
-0.366856
-0.366394
-0.36553
-0.364141
-0.362084
-0.359193
-0.355335
-0.350372
-0.344225
-0.336906
-0.328553
-0.31948
-0.310111
-0.301014
-0.292795
-0.286007
-0.281114
-0.278469
-0.278246
-0.280534
-0.285206
-0.292003
-0.300432
-0.309945
-0.319924
-0.329832
-0.339219
-0.34779
-0.355356
-0.361846
-0.367251
-0.371624
-0.375068
-0.377663
-0.379486
-0.380586
-0.381002
-0.380719
-0.379679
-0.377791
-0.3749
-0.370809
-0.365323
-0.358289
-0.349642
-0.339523
-0.3284
-0.317127
-0.306899
-0.298979
-0.294326
-0.293217
-0.295103
-0.298829
-0.303024
-0.306562
-0.30885
-0.309886
-0.310222
-0.310665
-0.31197
-0.3146
-0.318596
-0.323677
-0.329427
-0.335386
-0.341182
-0.346518
-0.351195
-0.355141
-0.358364
-0.360971
-0.363152
-0.365081
-0.366955
-0.368871
-0.370832
-0.372745
-0.374419
-0.375575
-0.375859
-0.374901
-0.37237
-0.368088
-0.362243
-0.355628
-0.349648
-0.346037
-0.34606
-0.349865
-0.356336
-0.363774
-0.370708
-0.376265
-0.38024
-0.382812
-0.384319
-0.385076
-0.385341
-0.385265
-0.384926
-0.384375
-0.383634
-0.382733
-0.381718
-0.380625
-0.379535
-0.378506
-0.377626
-0.376974
-0.37662
-0.37659
-0.376867
-0.377383
-0.378052
-0.378806
-0.3796
-0.3804
-0.381147
-0.381761
-0.38212
-0.382098
-0.381618
-0.380672
-0.379344
-0.377773
-0.376135
-0.374597
-0.373284
-0.372225
-0.371391
-0.370677
-0.369959
-0.369078
-0.368011
-0.366916
-0.366281
-0.366794
-0.369141
-0.373599
-0.379789
-0.386816
-0.393597
-0.399254
-0.40328
-0.405532
-0.406146
-0.405415
-0.403703
-0.401327
-0.398553
-0.395582
-0.392521
-0.389453
-0.386447
-0.383587
-0.380981
-0.378762
-0.37705
-0.375929
-0.375406
-0.375439
-0.375927
-0.376753
-0.377779
-0.378897
-0.380029
-0.381104
-0.382116
-0.383046
-0.383937
-0.384779
-0.3856
-0.386365
-0.387082
-0.387698
-0.388163
-0.388441
-0.388472
-0.3882
-0.387592
-0.386592
-0.385116
-0.383108
-0.380476
-0.377126
-0.372984
-0.368045
-0.362371
-0.356267
-0.350209
-0.344867
-0.340973
-0.339078
-0.339364
-0.341595
-0.345217
-0.349548
-0.35402
-0.358253
-0.362058
-0.365373
-0.368222
-0.370655
-0.372696
-0.374409
-0.375799
-0.376861
-0.377623
-0.378059
-0.378168
-0.377926
-0.377262
-0.376118
-0.374392
-0.371964
-0.368691
-0.364423
-0.359031
-0.352438
-0.344627
-0.335694
-0.32585
-0.315577
-0.30574
-0.297666
-0.293011
-0.293126
-0.298219
-0.30711
-0.317755
-0.328197
-0.33719
-0.344237
-0.349465
-0.353214
-0.355928
-0.357987
-0.359657
-0.361126
-0.362507
-0.363854
-0.365151
-0.366362
-0.367441
-0.368365
-0.369078
-0.369555
-0.369768
-0.369724
-0.369414
-0.368861
-0.368073
-0.367101
-0.365967
-0.364721
-0.363436
-0.362197
-0.361106
-0.360242
-0.35969
-0.35949
-0.35963
-0.360052
-0.360672
-0.361381
-0.362116
-0.362819
-0.363447
-0.364021
-0.364558
-0.365082
-0.365621
-0.366189
-0.366784
-0.367402
-0.368059
-0.368739
-0.369427
-0.370115
-0.370781
-0.371402
-0.371907
-0.372206
-0.372172
-0.371615
-0.370296
-0.367912
-0.364094
-0.358382
-0.350304
-0.339394
-0.325407
-0.308799
-0.291303
-0.276502
-0.269036
-0.271915
-0.284092
-0.300976
-0.317619
-0.330911
-0.339827
-0.344584
-0.345887
-0.344574
-0.34148
-0.337471
-0.333426
-0.330071
-0.327756
-0.3263
-0.324984
-0.322984
-0.319737
-0.315496
-0.311463
-0.309449
-0.31097
-0.316345
-0.324503
-0.333684
-0.342296
-0.349408
-0.354727
-0.358402
-0.360764
-0.362165
-0.362914
-0.363245
-0.363331
-0.36326
-0.363078
-0.362756
-0.362189
-0.361234
-0.359661
-0.357165
-0.353421
-0.348035
-0.340638
-0.330972
-0.318984
-0.304979
-0.289761
-0.274665
-0.261472
-0.25195
-0.247358
-0.248066
-0.253484
-0.262335
-0.273237
-0.284997
-0.296808
-0.308116
-0.318553
-0.327807
-0.33567
-0.342033
-0.346902
-0.350396
-0.352735
-0.354166
-0.354975
-0.355366
-0.355531
-0.355621
-0.355679
-0.355749
-0.3558
-0.355808
-0.355738
-0.355578
-0.355252
-0.354771
-0.354131
-0.353328
-0.352393
-0.351329
-0.350194
-0.349032
-0.347886
-0.346811
-0.345847
-0.345022
-0.344417
-0.344078
-0.344095
-0.34456
-0.345557
-0.347123
-0.349253
-0.351833
-0.354694
-0.35758
-0.360273
-0.362462
-0.363884
-0.364297
-0.36347
-0.361227
-0.357532
-0.352479
-0.346475
-0.340262
-0.334891
-0.33153
-0.330978
-0.333484
-0.338499
-0.344963
-0.351657
-0.357482
-0.361615
-0.36351
-0.362986
-0.36026
-0.356078
-0.351656
-0.348478
-0.347741
-0.349861
-0.354243
-0.359691
-0.364986
-0.369339
-0.372483
-0.374479
-0.375669
-0.376353
-0.376773
-0.377013
-0.376997
-0.376478
-0.375104
-0.372483
-0.368259
-0.362231
-0.354515
-0.345764
-0.337172
-0.330381
-0.326938
-0.327648
-0.332211
-0.339452
-0.347927
-0.356378
-0.364018
-0.370456
-0.375605
-0.379579
-0.382583
-0.384856
-0.386633
-0.388092
-0.389353
-0.390475
-0.391453
-0.392245
-0.392816
-0.393117
-0.39312
-0.392841
-0.392342
-0.391693
-0.390996
-0.390362
-0.389862
-0.389548
-0.389382
-0.3893
-0.389165
-0.388848
-0.388164
-0.386961
-0.385174
-0.382786
-0.379938
-0.376903
-0.374057
-0.371857
-0.370637
-0.370526
-0.371396
-0.372878
-0.374493
-0.375795
-0.376476
-0.376392
-0.37554
-0.374071
-0.37221
-0.370263
-0.368511
-0.3672
-0.366461
-0.366297
-0.366581
-0.367074
-0.367575
-0.367955
-0.36823
-0.368606
-0.369403
-0.370987
-0.373539
-0.377058
-0.381252
-0.385706
-0.389998
-0.393773
-0.396829
-0.399064
-0.40048
-0.401083
-0.400914
-0.40002
-0.398437
-0.396196
-0.393341
-0.389932
-0.386076
-0.381938
-0.377642
-0.373347
-0.36914
-0.365033
-0.361004
-0.357125
-0.353603
-0.350829
-0.349354
-0.349673
-0.352016
-0.356283
-0.36202
-0.368582
-0.375308
-0.381657
-0.387224
-0.391741
-0.395059
-0.397108
-0.39789
-0.397441
-0.395894
-0.393444
-0.390351
-0.386938
-0.383521
-0.380391
-0.377779
-0.375789
-0.37441
-0.373593
-0.373209
-0.373105
-0.373119
-0.373125
-0.373036
-0.372761
-0.372214
-0.371299
-0.369876
-0.367779
-0.364865
-0.36102
-0.356293
-0.350936
-0.345412
-0.340339
-0.336342
-0.33382
-0.332789
-0.332903
-0.333646
-0.334553
-0.33546
-0.336542
-0.338173
-0.340736
-0.344369
-0.348894
-0.353833
-0.358585
-0.362592
-0.365471
-0.367052
-0.367384
-0.366758
-0.365638
-0.364602
-0.364147
-0.364568
-0.365882
-0.36787
-0.370186
-0.372524
-0.374718
-0.376743
-0.378684
-0.380683
-0.382815
-0.385085
-0.387431
-0.389706
-0.391749
-0.39341
-0.394514
-0.394924
-0.394464
-0.392993
-0.390392
-0.386572
-0.381571
-0.375575
-0.368957
-0.362221
-0.355935
-0.350581
-0.3465
-0.34388
-0.342884
-0.343645
-0.346198
-0.350428
-0.356061
-0.362643
-0.369612
-0.376437
-0.382632
-0.387869
-0.392022
-0.395129
-0.39735
-0.398936
-0.400107
-0.400995
-0.401697
-0.402246
-0.40268
-0.403019
-0.403263
-0.403386
-0.403222
-0.402504
-0.400839
-0.397801
-0.393023
-0.386314
-0.377823
-0.368233
-0.358858
-0.351391
-0.347474
-0.347954
-0.352509
-0.359875
-0.368478
-0.376965
-0.384493
-0.390666
-0.39543
-0.398976
-0.401623
-0.403669
-0.405432
-0.407125
-0.408894
-0.410801
-0.412831
-0.414963
-0.417112
-0.419222
-0.421235
-0.423063
-0.42468
-0.425958
-0.426768
-0.426883
-0.425988
-0.423709
-0.41955
-0.413068
-0.404105
-0.393218
-0.382085
-0.373333
-0.369497
-0.371341
-0.377159
-0.383852
-0.388591
-0.389842
-0.387427
-0.382186
-0.375434
-0.368525
-0.362458
-0.357592
-0.353691
-0.350381
-0.347462
-0.345272
-0.344466
-0.34577
-0.349648
-0.356117
-0.364636
-0.37419
-0.383534
-0.39154
-0.397423
-0.400809
-0.401635
-0.400165
-0.39703
-0.393314
-0.390516
-0.390106
-0.392915
-0.398751
-0.406512
-0.414807
-0.422456
-0.428805
-0.433632
-0.437
-0.439064
-0.439995
-0.4399
-0.438833
-0.436767
-0.433611
-0.429217
-0.423428
-0.416132
-0.407356
-0.397365
-0.38675
-0.376432
-0.367489
-0.360869
-0.35702
-0.355827
-0.356787
-0.359285
-0.362801
-0.366952
-0.37138
-0.375815
-0.380038
-0.383932
-0.387503
-0.390839
-0.394103
-0.397397
-0.40077
-0.404172
-0.407505
-0.410615
-0.41336
-0.415645
-0.417393
-0.418622
-0.419326
-0.419601
-0.419483
-0.419071
-0.418444
-0.417646
-0.416722
-0.415661
-0.414454
-0.413055
-0.411429
-0.409538
-0.407398
-0.40507
-0.402637
-0.400245
-0.397985
-0.395911
-0.393926
-0.39186
-0.389472
-0.386499
-0.38275
-0.3782
-0.372976
-0.367342
-0.361605
-0.356002
-0.350624
-0.345528
-0.340962
-0.337526
-0.336202
-0.337864
-0.342733
-0.350167
-0.35893
-0.367754
-0.375774
-0.382577
-0.388119
-0.392517
-0.395954
-0.398579
-0.400541
-0.401959
-0.402909
-0.403486
-0.403754
-0.403767
-0.403567
-0.403217
-0.402734
-0.402147
-0.401469
-0.400706
-0.399831
-0.398796
-0.397538
-0.395972
-0.39393
-0.391264
-0.387775
-0.383241
-0.37745
-0.370336
-0.361987
-0.352847
-0.343763
-0.335932
-0.330675
-0.32901
-0.331267
-0.336953
-0.344911
-0.353789
-0.362427
-0.369999
-0.376057
-0.380434
-0.383051
-0.383918
-0.383024
-0.380302
-0.375634
-0.368875
-0.359933
-0.348858
-0.336063
-0.32249
-0.309687
-0.299665
-0.294329
-0.294803
-0.300995
-0.311627
-0.324785
-0.338589
-0.351611
-0.363032
-0.372579
-0.380302
-0.386432
-0.391236
-0.394961
-0.397834
-0.400021
-0.401616
-0.402684
-0.403228
-0.403225
-0.402564
-0.401149
-0.398767
-0.395235
-0.390355
-0.384074
-0.376566
-0.368384
-0.360492
-0.354147
-0.350484
-0.349991
-0.352321
-0.356506
-0.361447
-0.366328
-0.370726
-0.374537
-0.377822
-0.380671
-0.383119
-0.385131
-0.386652
-0.38763
-0.388064
-0.388068
-0.387837
-0.38763
-0.387691
-0.388135
-0.388861
-0.389566
-0.389817
-0.389175
-0.38737
-0.384374
-0.38038
-0.375829
-0.371237
-0.367109
-0.363905
-0.361974
-0.361395
-0.361902
-0.363007
-0.363959
-0.364095
-0.363031
-0.360852
-0.358121
-0.355721
-0.354507
-0.354944
-0.356898
-0.359786
-0.362811
-0.365322
-0.366864
-0.367235
-0.366459
-0.364668
-0.362171
-0.35934
-0.356672
-0.354632
-0.353627
-0.353857
-0.355265
-0.357554
-0.360214
-0.362668
-0.364498
-0.365482
-0.365722
-0.365643
-0.36584
-0.366936
-0.369282
-0.372865
-0.377313
-0.382051
-0.386569
-0.390483
-0.393589
-0.395839
-0.397314
-0.398084
-0.398204
-0.397677
-0.396445
-0.39432
-0.390973
-0.386001
-0.37895
-0.369616
-0.358427
-0.346947
-0.337908
-0.334262
-0.337476
-0.346411
-0.358169
-0.369817
-0.379506
-0.386536
-0.390924
-0.392876
-0.392602
-0.390141
-0.385435
-0.378361
-0.368891
-0.357359
-0.344652
-0.332258
-0.322045
-0.315737
-0.314337
-0.317735
-0.324737
-0.333497
-0.342203
-0.34945
-0.354567
-0.357505
-0.35866
-0.35866
-0.358118
-0.357557
-0.357283
-0.357413
-0.357867
-0.358454
-0.358999
-0.359362
-0.359488
-0.359421
-0.359241
-0.359096
-0.359053
-0.359159
-0.359428
-0.359832
-0.360295
-0.360811
-0.361407
-0.362146
-0.363166
-0.364562
-0.366406
-0.368685
-0.371326
-0.374194
-0.377117
-0.379925
-0.382523
-0.384813
-0.386766
-0.388353
-0.389607
-0.390532
-0.391179
-0.391565
-0.391742
-0.391706
-0.391463
-0.390993
-0.390256
-0.389176
-0.387668
-0.385598
-0.382848
-0.379251
-0.374702
-0.369183
-0.362819
-0.355927
-0.349046
-0.342848
-0.337914
-0.334609
-0.332937
-0.332666
-0.333522
-0.335332
-0.338068
-0.341707
-0.346136
-0.351129
-0.356347
-0.36147
-0.366212
-0.370363
-0.373786
-0.376402
-0.378135
-0.378957
-0.378827
-0.377718
-0.375559
-0.372219
-0.367508
-0.361154
-0.352875
-0.342491
-0.330258
-0.317168
-0.305336
-0.297677
-0.296859
-0.303793
-0.316917
-0.333075
-0.3491
-0.362891
-0.373555
-0.381058
-0.385762
-0.388157
-0.388701
-0.38773
-0.385528
-0.382293
-0.378193
-0.37337
-0.368058
-0.362553
-0.357222
-0.352493
-0.348759
-0.346284
-0.345139
-0.345157
-0.346044
-0.34743
-0.348965
-0.350408
-0.351606
-0.352475
-0.35299
-0.353135
-0.3529
-0.352261
-0.351219
-0.349758
-0.34788
-0.345636
-0.343087
-0.340316
-0.337472
-0.334729
-0.332313
-0.330437
-0.329287
-0.328971
-0.329457
-0.33062
-0.332241
-0.334104
-0.336021
-0.337876
-0.339635
-0.341323
-0.343001
-0.3447
-0.346438
-0.348174
-0.349856
-0.351413
-0.3528
-0.353966
-0.354888
-0.355568
-0.356024
-0.356274
-0.35635
-0.356284
-0.356108
-0.355858
-0.355532
-0.355201
-0.354837
-0.354477
-0.354141
-0.353842
-0.353572
-0.353354
-0.353181
-0.353066
-0.353009
-0.352977
-0.352963
-0.35294
-0.352876
-0.352708
-0.352377
-0.35178
-0.35079
-0.349272
-0.347152
-0.344389
-0.341124
-0.337668
-0.334522
-0.332227
-0.331151
-0.331277
-0.332183
-0.333135
-0.33343
-0.332579
-0.330486
-0.327341
-0.323541
-0.319425
-0.315165
-0.310741
-0.306126
-0.301499
-0.297498
-0.295213
-0.295846
-0.300191
-0.308083
-0.318431
-0.329655
-0.340375
-0.349652
-0.357096
-0.362684
-0.366564
-0.368983
-0.370205
-0.370486
-0.370042
-0.369072
-0.367758
-0.366267
-0.36473
-0.363287
-0.36204
-0.361064
-0.360437
-0.3602
-0.360358
-0.360913
-0.361809
-0.362961
-0.364243
-0.365492
-0.366518
-0.367098
-0.366993
-0.365984
-0.363901
-0.360635
-0.356173
-0.350628
-0.344266
-0.337528
-0.330947
-0.325093
-0.320501
-0.317559
-0.316499
-0.317442
-0.320375
-0.325157
-0.331464
-0.338714
-0.346286
-0.353545
-0.360019
-0.365436
-0.369722
-0.372933
-0.375252
-0.376864
-0.377948
-0.378678
-0.379185
-0.379571
-0.379919
-0.380276
-0.380689
-0.381165
-0.381693
-0.382278
-0.3829
-0.383516
-0.384108
-0.384635
-0.385042
-0.38531
-0.385389
-0.385246
-0.384836
-0.384167
-0.383256
-0.382147
-0.380934
-0.379725
-0.378653
-0.377822
-0.37726
-0.376923
-0.376642
-0.376153
-0.375176
-0.373504
-0.37117
-0.368635
-0.366742
-0.366609
-0.369106
-0.374387
-0.381799
-0.390152
-0.398217
-0.405026
-0.41004
-0.413036
-0.414009
-0.413157
-0.410869
-0.40774
-0.404557
-0.402168
-0.401273
-0.402078
-0.404331
-0.407276
-0.41005
-0.411811
-0.411933
-0.409995
-0.405813
-0.399452
-0.391287
-0.382116
-0.373157
-0.365891
-0.361694
-0.361345
-0.364749
-0.370986
-0.37874
-0.386789
-0.394323
-0.400979
-0.406699
-0.41158
-0.41577
-0.419402
-0.422582
-0.425376
-0.427862
-0.430081
-0.432072
-0.433892
-0.435558
-0.43709
-0.438494
-0.439778
-0.440925
-0.441902
-0.442711
-0.443281
-0.443582
-0.443581
-0.443226
-0.442485
-0.441354
-0.439866
-0.438086
-0.436108
-0.434055
-0.432013
-0.430035
-0.428103
-0.426094
-0.423795
-0.420951
-0.417301
-0.412689
-0.407168
-0.401092
-0.395209
-0.390536
-0.388142
-0.388675
-0.392033
-0.397411
-0.4037
-0.409834
-0.415101
-0.419153
-0.421968
-0.423647
-0.424382
-0.424368
-0.423746
-0.422614
-0.420988
-0.418845
-0.416124
-0.41284
-0.409128
-0.405412
-0.402389
-0.400877
-0.401548
-0.404585
-0.409586
-0.415654
-0.421811
-0.427209
-0.43134
-0.434
-0.435295
-0.435533
-0.435172
-0.434711
-0.434562
-0.434986
-0.435978
-0.437314
-0.438582
-0.439282
-0.43884
-0.436686
-0.432217
-0.424961
-0.414803
-0.402546
-0.390347
-0.381506
-0.378976
-0.38339
-0.392575
-0.403056
-0.4121
-0.418468
-0.422285
-0.424333
-0.425546
-0.426704
-0.428251
-0.430284
-0.432596
-0.434842
-0.436659
-0.437777
-0.437993
-0.437219
-0.435468
-0.43281
-0.42936
-0.42531
-0.420867
-0.416275
-0.411823
-0.407824
-0.404583
-0.402413
-0.401563
-0.402188
-0.404311
-0.407789
-0.412352
-0.417592
-0.423037
-0.428229
-0.432759
-0.436306
-0.438646
-0.439641
-0.439178
-0.437213
-0.433706
-0.428636
-0.422028
-0.413931
-0.404472
-0.393901
-0.382624
-0.371232
-0.360531
-0.35146
-0.344986
-0.341802
-0.342194
-0.34591
-0.352221
-0.360184
-0.368876
-0.377491
-0.385482
-0.392511
-0.398432
-0.403206
-0.406877
-0.409538
-0.411296
-0.412258
-0.412521
-0.412171
-0.411259
-0.409841
-0.407915
-0.405515
-0.402651
-0.399318
-0.395536
-0.39134
-0.386781
-0.381981
-0.377076
-0.372296
-0.367892
-0.364145
-0.361332
-0.35967
-0.359244
-0.360012
-0.361824
-0.364398
-0.36742
-0.370594
-0.373655
-0.37642
-0.378755
-0.380569
-0.381834
-0.382531
-0.382684
-0.382324
-0.381464
-0.380156
-0.378454
-0.376405
-0.374119
-0.371725
-0.36942
-0.367447
-0.366072
-0.365555
-0.366064
-0.367645
-0.370152
-0.373354
-0.376883
-0.380369
-0.383487
-0.385936
-0.38747
-0.387875
-0.386965
-0.384581
-0.38067
-0.375281
-0.368701
-0.361434
-0.354151
-0.347462
-0.341646
-0.336642
-0.33224
-0.328448
-0.32572
-0.324919
-0.326846
-0.331728
-0.338984
-0.347292
-0.355054
-0.360774
-0.363433
-0.362552
-0.35832
-0.351431
-0.342983
-0.334266
-0.326607
-0.321284
-0.319463
-0.321814
-0.328285
-0.338003
-0.349583
-0.361543
-0.372505
-0.381445
-0.387637
-0.390747
-0.390671
-0.387598
-0.382082
-0.375112
-0.368145
-0.36275
-0.360059
-0.360189
-0.36225
-0.364834
-0.366698
-0.367067
-0.365737
-0.362814
-0.358472
-0.352977
-0.346725
-0.340474
-0.335371
-0.332594
-0.332848
-0.335922
-0.340909
-0.346711
-0.352501
-0.357784
-0.362352
-0.36609
-0.368878
-0.370602
-0.371195
-0.370638
-0.368962
-0.366321
-0.362953
-0.359217
-0.355585
-0.352607
-0.35081
-0.350526
-0.351841
-0.354541
-0.358137
-0.362016
-0.365595
-0.368406
-0.370141
-0.370652
-0.369891
-0.3679
-0.364811
-0.360813
-0.356187
-0.35134
-0.346769
-0.343055
-0.340769
-0.340331
-0.34186
-0.34511
-0.349538
-0.354439
-0.359181
-0.363279
-0.366527
-0.368958
-0.370772
-0.372275
-0.373761
-0.375448
-0.377336
-0.379229
-0.380746
-0.381438
-0.38084
-0.3786
-0.374652
-0.369311
-0.363427
-0.358168
-0.354653
-0.353422
-0.354162
-0.355927
-0.357729
-0.359053
-0.359991
-0.360974
-0.362447
-0.364534
-0.366917
-0.369053
-0.370323
-0.370227
-0.368475
-0.364995
-0.359859
-0.353366
-0.346007
-0.338523
-0.331882
-0.327117
-0.325078
-0.326179
-0.330197
-0.336437
-0.343948
-0.351847
-0.359443
-0.366323
-0.372273
-0.377205
-0.381127
-0.384049
-0.386032
-0.387106
-0.387327
-0.386745
-0.385433
-0.383563
-0.381327
-0.379007
-0.376946
-0.375495
-0.374897
-0.375277
-0.376591
-0.378603
-0.38102
-0.383506
-0.385804
-0.387755
-0.389236
-0.390217
-0.390676
-0.390672
-0.390235
-0.389402
-0.388211
-0.386685
-0.384826
-0.382644
-0.38014
-0.377295
-0.374085
-0.370467
-0.366441
-0.362049
-0.35738
-0.352552
-0.347711
-0.343033
-0.338539
-0.334175
-0.329801
-0.325274
-0.320652
-0.31639
-0.313287
-0.312319
-0.314286
-0.319419
-0.327312
-0.337087
-0.347679
-0.35808
-0.367478
-0.375337
-0.381328
-0.385315
-0.38736
-0.387588
-0.386272
-0.383724
-0.380353
-0.376652
-0.373099
-0.3702
-0.368362
-0.367812
-0.368634
-0.370671
-0.373623
-0.377104
-0.380717
-0.384138
-0.387144
-0.389603
-0.391463
-0.392759
-0.393535
-0.393875
-0.393831
-0.393485
-0.392867
-0.392002
-0.390875
-0.389453
-0.387708
-0.385584
-0.383012
-0.37995
-0.376393
-0.372369
-0.367988
-0.363392
-0.358847
-0.354689
-0.351258
-0.348903
-0.347843
-0.348147
-0.349718
-0.352279
-0.35547
-0.358887
-0.362224
-0.365218
-0.36778
-0.369911
-0.371748
-0.373464
-0.37524
-0.377248
-0.379562
-0.382184
-0.385036
-0.38799
-0.390859
-0.393499
-0.395758
-0.397515
-0.398695
-0.39923
-0.399065
-0.398159
-0.396475
-0.393975
-0.390643
-0.386509
-0.381657
-0.376287
-0.370726
-0.365387
-0.360741
-0.35723
-0.355156
-0.354561
-0.355282
-0.35697
-0.359168
-0.361379
-0.363199
-0.364271
-0.36436
-0.363351
-0.361229
-0.3581
-0.354183
-0.349864
-0.34559
-0.341857
-0.339122
-0.337716
-0.337739
-0.339101
-0.341541
-0.344681
-0.348158
-0.351616
-0.354791
-0.357519
-0.359732
-0.361414
-0.36261
-0.36339
-0.363835
-0.364013
-0.364015
-0.363883
-0.363661
-0.36339
-0.363059
-0.362691
-0.362281
-0.361802
-0.361254
-0.36062
-0.359926
-0.35917
-0.358396
-0.357642
-0.357005
-0.356552
-0.356375
-0.356545
-0.357127
-0.358124
-0.359544
-0.361315
-0.363371
-0.365617
-0.367973
-0.37037
-0.372792
-0.375202
-0.377625
-0.380055
-0.382526
-0.385012
-0.387465
-0.389775
-0.391781
-0.393242
-0.393923
-0.393517
-0.391736
-0.38835
-0.383266
-0.376634
-0.368918
-0.360933
-0.353717
-0.348259
-0.345265
-0.344994
-0.347249
-0.351554
-0.357228
-0.363489
-0.369531
-0.374591
-0.378124
-0.379874
-0.379916
-0.378631
-0.3765
-0.373916
-0.370993
-0.367431
-0.36256
-0.35574
-0.346855
-0.337015
-0.32864
-0.324464
-0.325876
-0.332242
-0.342032
-0.354124
-0.367809
-0.38216
-0.395822
-0.407551
-0.416648
-0.423012
-0.426988
-0.429056
-0.429719
-0.429371
-0.428322
-0.42677
-0.424812
-0.422531
-0.419926
-0.417031
-0.413839
-0.410372
-0.406696
-0.40293
-0.399273
-0.395962
-0.39326
-0.391401
-0.390528
-0.39069
-0.391793
-0.393651
-0.396012
-0.398638
-0.401327
-0.403933
-0.406352
-0.408544
-0.410513
-0.4123
-0.41397
-0.41557
-0.417165
-0.418787
-0.420404
-0.421978
-0.423406
-0.42456
-0.42526
-0.425343
-0.424654
-0.423033
-0.420368
-0.41661
-0.411752
-0.405879
-0.39922
-0.392106
-0.38503
-0.378611
-0.373533
-0.370433
-0.369777
-0.371707
-0.375951
-0.38181
-0.388315
-0.394362
-0.398932
-0.401286
-0.401137
-0.398875
-0.395611
-0.393072
-0.392943
-0.396036
-0.40192
-0.409169
-0.416204
-0.421851
-0.425555
-0.427264
-0.42723
-0.425788
-0.423359
-0.420349
-0.417142
-0.414031
-0.411245
-0.408823
-0.406695
-0.404663
-0.402518
-0.40012
-0.397553
-0.3951
-0.393278
-0.39266
-0.393713
-0.396557
-0.400968
-0.406414
-0.412259
-0.417891
-0.422825
-0.426749
-0.42947
-0.430891
-0.430992
-0.429793
-0.427402
-0.424
-0.419852
-0.415272
-0.410567
-0.405986
-0.401666
-0.397601
-0.393791
-0.390335
-0.387455
-0.385506
-0.384788
-0.385389
-0.387139
-0.389693
-0.3927
-0.395967
-0.399418
-0.403063
-0.406887
-0.410784
-0.414583
-0.418114
-0.421216
-0.423832
-0.425995
-0.427838
-0.429506
-0.431179
-0.432987
-0.434971
-0.437091
-0.439211
-0.441119
-0.442613
-0.443401
-0.443268
-0.44201
-0.43949
-0.435645
-0.430548
-0.424367
-0.417436
-0.410173
-0.403093
-0.396697
-0.391421
-0.387533
-0.385159
-0.384172
-0.384195
-0.384581
-0.38451
-0.383178
-0.380025
-0.374891
-0.368146
-0.360609
-0.35334
-0.347379
-0.343633
-0.342804
-0.345422
-0.3517
-0.361261
-0.373049
-0.385646
-0.397639
-0.407972
-0.416103
-0.421857
-0.425308
-0.426662
-0.426183
-0.424192
-0.421017
-0.417018
-0.412553
-0.408005
-0.4037
-0.399878
-0.396706
-0.394224
-0.392408
-0.391137
-0.390291
-0.389752
-0.389448
-0.389302
-0.389259
-0.389279
-0.389315
-0.389253
-0.388947
-0.388208
-0.386787
-0.38444
-0.381003
-0.376512
-0.371347
-0.36632
-0.362521
-0.360961
-0.362152
-0.365789
-0.371015
-0.376724
-0.38201
-0.386336
-0.389526
-0.391588
-0.392669
-0.392947
-0.392598
-0.391789
-0.390664
-0.389345
-0.387964
-0.386584
-0.385322
-0.38422
-0.383341
-0.382684
-0.382223
-0.381878
-0.381507
-0.380943
-0.379931
-0.378231
-0.375542
-0.371643
-0.366412
-0.359965
-0.352759
-0.345625
-0.339709
-0.336139
-0.335622
-0.338156
-0.343107
-0.349472
-0.356262
-0.36274
-0.368426
-0.373153
-0.376882
-0.379715
-0.381866
-0.383598
-0.385268
-0.387255
-0.389877
-0.39335
-0.397658
-0.402634
-0.407908
-0.413099
-0.417833
-0.421824
-0.424875
-0.426827
-0.427596
-0.427087
-0.425214
-0.421856
-0.416896
-0.410201
-0.40168
-0.391306
-0.379255
-0.365944
-0.352215
-0.339249
-0.328462
-0.321059
-0.31765
-0.317993
-0.321245
-0.326363
-0.332462
-0.339021
-0.345853
-0.352978
-0.360433
-0.368247
-0.37633
-0.384426
-0.392218
-0.399356
-0.405521
-0.41043
-0.413947
-0.415986
-0.416583
-0.415849
-0.414005
-0.411319
-0.408142
-0.404825
-0.401725
-0.3991
-0.397069
-0.395626
-0.39461
-0.393834
-0.393032
-0.392028
-0.390666
-0.388858
-0.386493
-0.383515
-0.379795
-0.375179
-0.36943
-0.362371
-0.353947
-0.344503
-0.334963
-0.326923
-0.322218
-0.322101
-0.326488
-0.334005
-0.342764
-0.351174
-0.358327
-0.363972
-0.368201
-0.371276
-0.373478
-0.375018
-0.376082
-0.376735
-0.377029
-0.376986
-0.376574
-0.375774
-0.374558
-0.37289
-0.370772
-0.368187
-0.365099
-0.361475
-0.357221
-0.352232
-0.346411
-0.339786
-0.332678
-0.325834
-0.320383
-0.317616
-0.318366
-0.322682
-0.329697
-0.338072
-0.346491
-0.353958
-0.359926
-0.364175
-0.366711
-0.367673
-0.367234
-0.365613
-0.363046
-0.359836
-0.356293
-0.352807
-0.349772
-0.347579
-0.34652
-0.346704
-0.348082
-0.350424
-0.353396
-0.356656
-0.359911
-0.36291
-0.365505
-0.367586
-0.369134
-0.370131
-0.370598
-0.370581
-0.370126
-0.369328
-0.368274
-0.36706
-0.365827
-0.364649
-0.363615
-0.362706
-0.361838
-0.36088
-0.359671
-0.358081
-0.356097
-0.353917
-0.351938
-0.35071
-0.350828
-0.35268
-0.35631
-0.361396
-0.36732
-0.373415
-0.379104
-0.384008
-0.387931
-0.390825
-0.392715
-0.393702
-0.393909
-0.393433
-0.392371
-0.390835
-0.388885
-0.386589
-0.384008
-0.381214
-0.378258
-0.375225
-0.372227
-0.369364
-0.366775
-0.364619
-0.363007
-0.362056
-0.361802
-0.362244
-0.363269
-0.364787
-0.366623
-0.368619
-0.370642
-0.372559
-0.374294
-0.375773
-0.376984
-0.37787
-0.378469
-0.378748
-0.378723
-0.378393
-0.377801
-0.376937
-0.375837
-0.374526
-0.373025
-0.371366
-0.369594
-0.367742
-0.365887
-0.364068
-0.362364
-0.360817
-0.359494
-0.358453
-0.357709
-0.357286
-0.357166
-0.357311
-0.357692
-0.358249
-0.358916
-0.359635
-0.360346
-0.360998
-0.361542
-0.361933
-0.362127
-0.362093
-0.361813
-0.36132
-0.360666
-0.359958
-0.359322
-0.358913
-0.358857
-0.359245
-0.360091
-0.361301
-0.36271
-0.3641
-0.36521
-0.365782
-0.365575
-0.364364
-0.361993
-0.35836
-0.353581
-0.348054
-0.342498
-0.337992
-0.33562
-0.336141
-0.339578
-0.345224
-0.352011
-0.358902
-0.365165
-0.370433
-0.374619
-0.377786
-0.380075
-0.381653
-0.382638
-0.383118
-0.383166
-0.382818
-0.382065
-0.380891
-0.379287
-0.377259
-0.37479
-0.371936
-0.368784
-0.365473
-0.362226
-0.359322
-0.357055
-0.355721
-0.355535
-0.356597
-0.3589
-0.362286
-0.36655
-0.371401
-0.376604
-0.381922
-0.38714
-0.392101
-0.3967
-0.400842
-0.404465
-0.407541
-0.410058
-0.412055
-0.413575
-0.414711
-0.415565
-0.41629
-0.41705
-0.417995
-0.41927
-0.420969
-0.423152
-0.425795
-0.428838
-0.432161
-0.43559
-0.438975
-0.442147
-0.444945
-0.447237
-0.44892
-0.449935
-0.450228
-0.449779
-0.448601
-0.446742
-0.444293
-0.441381
-0.438225
-0.435043
-0.43213
-0.429768
-0.428194
-0.427584
-0.428036
-0.429525
-0.43192
-0.435033
-0.438626
-0.442448
-0.446287
-0.449968
-0.453406
-0.456616
-0.459677
-0.462745
-0.466003
-0.469618
-0.473618
-0.477893
-0.482222
-0.486308
-0.4898
-0.49239
-0.493843
-0.493996
-0.492796
-0.490329
-0.486783
-0.482554
-0.478155
-0.474182
-0.471184
-0.469481
-0.469115
-0.469913
-0.471526
-0.473618
-0.475924
-0.478279
-0.480634
-0.482946
-0.48523
-0.487486
-0.489713
-0.491862
-0.493836
-0.49556
-0.496909
-0.4977
-0.497732
-0.496768
-0.494555
-0.49082
-0.485373
-0.478164
-0.46942
-0.45986
-0.450775
-0.443884
-0.4408
-0.442375
-0.448188
-0.456793
-0.466265
-0.474963
-0.481768
-0.486121
-0.487844
-0.486977
-0.483659
-0.478104
-0.470588
-0.461593
-0.45192
-0.442742
-0.43552
-0.431568
-0.431483
-0.434851
-0.440433
-0.446718
-0.452549
-0.457205
-0.460487
-0.462487
-0.463432
-0.463564
-0.463039
-0.461869
-0.459913
-0.456962
-0.452817
-0.447472
-0.441339
-0.435336
-0.430755
-0.428832
-0.430105
-0.434159
-0.439857
-0.445838
-0.451096
-0.455074
-0.457615
-0.458809
-0.458854
-0.457953
-0.456309
-0.454089
-0.451443
-0.448499
-0.44542
-0.442367
-0.439515
-0.437032
-0.435093
-0.433809
-0.433191
-0.433153
-0.433534
-0.434057
-0.434427
-0.434338
-0.433552
-0.43191
-0.429396
-0.426154
-0.422497
-0.418853
-0.41567
-0.413321
-0.412016
-0.411825
-0.412696
-0.414557
-0.417276
-0.420684
-0.424559
-0.428611
-0.432532
-0.43603
-0.438862
-0.440839
-0.441855
-0.441877
-0.440931
-0.439154
-0.436764
-0.434118
-0.43163
-0.429835
-0.429145
-0.429833
-0.431815
-0.434771
-0.438188
-0.441544
-0.444391
-0.446435
-0.447475
-0.447369
-0.446026
-0.44332
-0.439203
-0.433669
-0.426886
-0.419276
-0.41161
-0.404926
-0.400283
-0.398464
-0.399625
-0.403241
-0.408354
-0.413983
-0.419361
-0.424136
-0.428184
-0.431433
-0.4337
-0.434623
-0.433787
-0.431003
-0.426627
-0.4218
-0.418393
-0.41824
-0.422114
-0.429144
-0.43729
-0.444368
-0.44879
-0.449748
-0.447084
-0.441079
-0.432404
-0.422101
-0.411759
-0.403409
-0.399099
-0.400303
-0.407136
-0.418317
-0.431711
-0.445147
-0.45696
-0.466221
-0.472496
-0.475715
-0.476043
-0.473817
-0.46948
-0.463595
-0.456667
-0.44904
-0.440799
-0.431801
-0.421961
-0.411564
-0.401434
-0.392843
-0.387114
-0.38513
-0.386956
-0.391893
-0.398759
-0.406373
-0.413838
-0.420653
-0.426601
-0.431547
-0.435303
-0.437665
-0.438405
-0.437339
-0.43442
-0.429713
-0.423523
-0.416438
-0.409437
-0.403836
-0.40097
-0.401678
-0.405761
-0.412051
-0.418982
-0.425123
-0.429557
-0.431902
-0.432199
-0.43073
-0.427878
-0.424139
-0.420022
-0.416065
-0.412785
-0.410589
-0.409722
-0.410237
-0.411956
-0.414568
-0.41771
-0.420998
-0.424173
-0.427055
-0.429569
-0.431763
-0.433688
-0.435433
-0.437028
-0.438374
-0.439221
-0.439134
-0.437501
-0.4336
-0.426764
-0.416706
-0.404057
-0.390774
-0.380061
-0.374828
-0.375897
-0.381436
-0.388356
-0.394191
-0.397872
-0.399476
-0.399646
-0.399146
-0.398564
-0.39829
-0.398489
-0.399197
-0.40039
-0.402035
-0.404058
-0.406392
-0.408942
-0.411547
-0.414013
-0.416131
-0.4177
-0.418583
-0.418729
-0.418188
-0.417113
-0.415705
-0.414223
-0.412923
-0.412024
-0.411686
-0.411964
-0.412802
-0.414092
-0.415634
-0.417174
-0.418471
-0.419252
-0.419254
-0.418236
-0.416007
-0.412406
-0.407388
-0.401088
-0.393886
-0.38656
-0.380164
-0.375668
-0.373547
-0.373417
-0.374223
-0.374766
-0.374266
-0.372662
-0.370534
-0.368845
-0.36849
-0.369925
-0.373052
-0.37729
-0.381973
-0.386562
-0.390803
-0.394672
-0.39829
-0.401798
-0.405252
-0.408637
-0.411857
-0.41474
-0.417158
-0.418981
-0.420153
-0.42064
-0.420452
-0.419579
-0.418005
-0.415736
-0.412745
-0.409088
-0.404866
-0.400335
-0.395919
-0.392213
-0.389764
-0.388921
-0.389654
-0.391566
-0.394019
-0.396392
-0.398157
-0.399029
-0.398867
-0.397684
-0.395523
-0.392484
-0.38869
-0.384317
-0.379617
-0.374936
-0.370701
-0.367418
-0.365551
-0.365442
-0.367203
-0.370674
-0.375496
-0.381163
-0.387194
-0.393155
-0.398722
-0.403705
-0.408009
-0.411591
-0.414474
-0.416674
-0.418217
-0.419109
-0.419331
-0.418828
-0.417526
-0.415326
-0.412075
-0.407668
-0.401981
-0.394987
-0.386769
-0.377561
-0.367791
-0.358102
-0.349205
-0.341848
-0.336622
-0.333866
-0.333555
-0.33535
-0.338569
-0.342352
-0.345766
-0.347989
-0.348487
-0.347242
-0.34482
-0.342341
-0.341034
-0.341729
-0.344405
-0.34826
-0.352176
-0.355205
-0.356853
-0.357028
-0.355942
-0.353907
-0.351276
-0.348358
-0.345445
-0.342728
-0.340361
-0.338418
-0.336951
-0.335929
-0.335295
-0.334976
-0.334901
-0.33503
-0.335307
-0.335716
-0.336239
-0.33686
-0.337556
-0.338295
-0.339045
-0.339776
-0.340443
-0.341011
-0.341432
-0.341633
-0.341584
-0.341216
-0.340458
-0.339241
-0.33753
-0.335307
-0.332607
-0.329537
-0.326285
-0.323097
-0.320246
-0.317996
-0.316506
-0.315851
-0.315971
-0.316773
-0.31811
-0.319833
-0.321813
-0.323917
-0.326042
-0.32807
-0.329942
-0.331624
-0.333099
-0.334382
-0.335524
-0.336542
-0.337491
-0.338394
-0.339296
-0.340173
-0.341043
-0.341898
-0.342713
-0.343482
-0.344183
-0.344811
-0.345344
-0.345765
-0.346068
-0.346279
-0.346426
-0.346555
-0.346731
-0.34697
-0.347241
-0.347386
-0.347093
-0.34597
-0.343564
-0.339558
-0.333963
-0.327301
-0.320626
-0.315307
-0.31246
-0.31244
-0.314714
-0.31828
-0.322194
-0.325869
-0.329101
-0.331903
-0.334376
-0.336639
-0.338749
-0.340772
-0.342757
-0.344735
-0.346717
-0.348687
-0.35065
-0.352577
-0.354468
-0.356324
-0.358182
-0.360054
-0.361985
-0.363982
-0.366079
-0.368263
-0.37054
-0.372903
-0.375302
-0.377703
-0.380067
-0.382316
-0.384362
-0.386146
-0.387587
-0.388601
-0.389133
-0.389093
-0.388452
-0.387143
-0.385135
-0.382438
-0.379058
-0.375076
-0.370616
-0.365851
-0.361061
-0.356505
-0.352482
-0.349157
-0.346567
-0.344588
-0.342932
-0.341282
-0.339328
-0.336863
-0.333847
-0.330481
-0.32728
-0.325037
-0.324785
-0.327322
-0.332901
-0.340995
-0.350448
-0.359977
-0.368512
-0.375436
-0.380558
-0.384001
-0.386096
-0.387265
-0.387965
-0.388583
-0.389358
-0.390349
-0.391412
-0.392242
-0.392436
-0.391581
-0.389329
-0.385433
-0.379882
-0.372892
-0.364991
-0.356918
-0.349534
-0.343669
-0.339903
-0.338578
-0.339697
-0.342886
-0.347264
-0.351581
-0.354418
-0.354586
-0.351481
-0.345417
-0.337681
-0.330351
-0.325707
-0.3254
-0.329837
-0.338194
-0.348937
-0.360525
-0.37175
-0.38195
-0.390866
-0.398478
-0.404868
-0.410043
-0.413905
-0.416194
-0.416437
-0.413889
-0.407492
-0.396106
-0.379176
-0.358218
-0.338489
-0.328069
-0.332398
-0.349196
-0.370666
-0.389911
-0.403813
-0.412105
-0.41559
-0.415164
-0.411447
-0.404772
-0.395349
-0.383411
-0.369443
-0.354513
-0.340309
-0.329038
-0.322812
-0.322858
-0.329063
-0.340205
-0.35453
-0.370374
-0.386445
-0.401866
-0.416129
-0.428905
-0.440056
-0.44951
-0.457261
-0.463306
-0.467645
-0.470258
-0.471077
-0.470009
-0.466931
-0.461699
-0.45423
-0.444587
-0.43314
-0.420719
-0.408736
-0.398937
-0.392988
-0.391723
-0.394657
-0.400241
-0.406452
-0.411554
-0.414299
-0.413979
-0.41028
-0.403136
-0.392738
-0.379671
-0.365155
-0.350949
-0.338989
-0.33058
-0.325863
-0.324169
-0.324761
-0.327401
-0.332294
-0.339528
-0.348745
-0.359136
-0.369686
-0.379544
-0.38817
-0.395309
-0.400955
-0.405214
-0.408281
-0.410361
-0.411645
-0.412316
-0.41253
-0.412433
-0.412128
-0.41166
-0.41103
-0.41019
-0.409062
-0.407539
-0.4055
-0.402807
-0.399392
-0.395196
-0.390259
-0.384697
-0.378794
-0.372956
-0.367671
-0.363489
-0.360821
-0.359899
-0.36064
-0.362703
-0.365568
-0.368662
-0.371537
-0.373876
-0.375555
-0.376574
-0.377024
-0.37697
-0.376511
-0.37564
-0.37436
-0.372629
-0.370406
-0.367652
-0.364318
-0.360346
-0.355723
-0.350495
-0.344767
-0.338818
-0.333128
-0.328296
-0.325025
-0.323848
-0.324987
-0.32825
-0.33306
-0.338669
-0.344379
-0.349641
-0.354127
-0.357716
-0.360415
-0.362287
-0.363434
-0.36393
-0.363863
-0.363246
-0.362143
-0.360541
-0.358454
-0.355923
-0.353024
-0.349873
-0.346599
-0.343363
-0.340342
-0.337683
-0.335471
-0.333738
-0.332502
-0.331727
-0.331423
-0.331603
-0.33229
-0.33352
-0.335278
-0.337448
-0.339953
-0.342624
-0.345318
-0.347865
-0.350152
-0.352137
-0.353744
-0.354969
-0.355798
-0.356254
-0.356343
-0.356131
-0.355629
-0.354882
-0.353949
-0.352886
-0.351754
-0.35062
-0.349546
-0.348595
-0.347804
-0.347197
-0.346741
-0.346415
-0.346154
-0.345838
-0.34539
-0.344699
-0.343645
-0.342116
-0.340046
-0.337407
-0.334236
-0.330629
-0.326789
-0.322958
-0.319436
-0.316526
-0.31444
-0.313231
-0.312902
-0.313254
-0.314068
-0.315131
-0.316307
-0.31752
-0.318787
-0.320177
-0.321747
-0.32358
-0.325699
-0.328065
-0.330597
-0.333161
-0.335581
-0.337711
-0.339413
-0.340587
-0.341162
-0.341138
-0.340522
-0.339366
-0.337695
-0.335569
-0.332971
-0.329897
-0.326282
-0.32212
-0.317458
-0.312523
-0.307739
-0.303714
-0.301079
-0.300256
-0.301335
-0.303954
-0.307511
-0.311352
-0.314943
-0.317974
-0.320309
-0.321957
-0.32302
-0.323608
-0.323868
-0.3239
-0.323792
-0.323612
-0.323395
-0.323176
-0.322993
-0.322844
-0.322712
-0.322601
-0.322492
-0.322371
-0.3222
-0.32194
-0.321555
-0.321003
-0.320239
-0.319214
-0.317881
-0.316216
-0.314169
-0.311766
-0.309027
-0.306034
-0.302868
-0.299686
-0.296645
-0.293934
-0.291678
-0.290055
-0.289119
-0.288965
-0.28961
-0.29104
-0.293168
-0.295804
-0.29866
-0.30136
-0.303517
-0.304811
-0.305037
-0.304135
-0.302271
-0.299707
-0.296885
-0.294226
-0.292087
-0.290681
-0.290025
-0.290013
-0.290423
-0.291041
-0.291723
-0.292363
-0.29294
-0.29348
-0.294076
-0.294799
-0.295743
-0.29698
-0.298537
-0.300413
-0.30257
-0.304887
-0.307311
-0.30974
-0.312083
-0.314271
-0.316264
-0.318009
-0.319487
-0.320677
-0.321549
-0.322035
-0.322057
-0.321513
-0.320242
-0.318041
-0.314676
-0.309935
-0.303697
-0.29609
-0.287632
-0.279268
-0.272228
-0.267592
-0.265759
-0.266207
-0.267802
-0.26928
-0.269755
-0.268897
-0.266945
-0.264552
-0.262594
-0.261891
-0.262925
-0.265737
-0.269968
-0.275065
-0.280525
-0.286009
-0.291359
-0.296529
-0.30151
-0.306284
-0.310768
-0.314876
-0.318499
-0.321544
-0.323904
-0.325524
-0.326368
-0.326412
-0.325654
-0.32412
-0.32185
-0.31893
-0.315504
-0.311725
-0.307798
-0.303906
-0.300207
-0.296857
-0.293958
-0.291622
-0.289921
-0.288978
-0.288858
-0.289624
-0.291269
-0.293706
-0.296808
-0.300407
-0.304326
-0.308337
-0.312229
-0.315809
-0.318937
-0.321474
-0.323356
-0.324554
-0.325081
-0.324962
-0.324245
-0.323042
-0.32146
-0.319625
-0.317669
-0.315741
-0.31401
-0.312576
-0.311537
-0.310923
-0.310738
-0.310931
-0.311422
-0.312113
-0.312916
-0.313748
-0.314559
-0.315266
-0.315853
-0.316297
-0.316593
-0.316729
-0.316726
-0.316577
-0.31632
-0.315944
-0.315481
-0.314914
-0.314277
-0.313567
-0.312827
-0.31209
-0.311425
-0.310904
-0.310598
-0.310584
-0.310916
-0.311613
-0.312664
-0.314023
-0.315587
-0.317257
-0.318924
-0.320434
-0.321632
-0.322371
-0.322483
-0.32188
-0.320477
-0.318318
-0.31555
-0.312511
-0.309642
-0.307446
-0.306333
-0.306458
-0.307713
-0.309694
-0.311895
-0.313809
-0.315062
-0.315465
-0.314954
-0.313603
-0.311586
-0.309159
-0.306591
-0.304184
-0.302232
-0.301012
-0.300723
-0.301456
-0.303216
-0.305911
-0.309352
-0.313284
-0.317437
-0.321541
-0.325347
-0.328708
-0.331491
-0.333639
-0.335119
-0.335947
-0.336174
-0.335857
-0.335061
-0.333881
-0.332423
-0.330817
-0.329195
-0.327718
-0.326523
-0.325755
-0.32555
-0.325971
-0.327047
-0.328743
-0.330992
-0.333686
-0.336715
-0.339945
-0.343254
-0.346523
-0.34965
-0.352565
-0.355165
-0.357384
-0.359177
-0.360465
-0.361195
-0.361265
-0.360556
-0.358957
-0.35632
-0.352499
-0.347398
-0.34103
-0.333612
-0.325653
-0.317906
-0.311302
-0.306595
-0.304106
-0.30362
-0.304577
-0.306326
-0.308432
-0.310692
-0.313092
-0.315767
-0.318835
-0.322471
-0.326828
-0.332051
-0.338134
-0.344895
-0.351981
-0.358944
-0.365332
-0.370834
-0.375266
-0.378554
-0.380726
-0.381843
-0.381963
-0.381132
-0.379387
-0.376767
-0.37329
-0.369009
-0.36405
-0.358636
-0.353073
-0.347792
-0.343254
-0.339839
-0.337764
-0.337078
-0.337586
-0.338951
-0.340801
-0.342797
-0.34468
-0.34635
-0.347828
-0.349177
-0.350482
-0.351756
-0.352918
-0.353733
-0.353894
-0.35309
-0.351058
-0.34771
-0.343233
-0.33813
-0.33326
-0.329665
-0.32823
-0.329385
-0.332862
-0.337853
-0.343405
-0.348713
-0.353345
-0.357218
-0.360437
-0.363208
-0.365669
-0.36783
-0.369596
-0.370786
-0.371273
-0.370881
-0.369576
-0.367361
-0.364314
-0.360537
-0.356148
-0.351286
-0.346139
-0.340936
-0.335963
-0.331556
-0.327984
-0.325433
-0.32396
-0.323475
-0.323874
-0.325093
-0.327153
-0.330105
-0.33393
-0.338484
-0.343476
-0.348513
-0.353247
-0.357391
-0.360785
-0.363369
-0.365152
-0.366171
-0.366469
-0.366077
-0.365012
-0.363316
-0.360981
-0.358094
-0.354774
-0.351213
-0.347677
-0.344501
-0.341999
-0.340437
-0.339902
-0.340281
-0.341304
-0.342551
-0.343519
-0.343583
-0.342021
-0.337853
-0.329885
-0.316903
-0.298593
-0.277107
-0.258479
-0.250507
-0.256871
-0.273529
-0.292648
-0.3085
-0.319209
-0.325349
-0.328305
-0.329421
-0.329716
-0.329849
-0.33018
-0.330852
-0.331842
-0.333052
-0.334334
-0.335582
-0.33666
-0.33747
-0.337927
-0.337964
-0.337506
-0.336499
-0.334874
-0.33261
-0.329699
-0.326226
-0.322376
-0.318497
-0.315002
-0.312389
-0.31114
-0.311486
-0.313396
-0.316603
-0.32065
-0.325062
-0.329481
-0.333653
-0.337489
-0.340958
-0.344068
-0.346844
-0.349304
-0.351388
-0.353006
-0.353989
-0.354103
-0.353035
-0.350447
-0.346044
-0.339717
-0.331823
-0.323382
-0.316042
-0.311636
-0.311249
-0.314606
-0.320275
-0.326406
-0.331516
-0.334783
-0.335929
-0.335076
-0.332596
-0.329026
-0.325042
-0.321467
-0.319074
-0.318432
-0.319699
-0.322562
-0.326355
-0.330316
-0.33384
-0.336604
-0.338581
-0.33996
-0.340977
-0.341868
-0.342808
-0.343876
-0.345143
-0.346588
-0.348239
-0.350017
-0.351865
-0.353707
-0.355442
-0.357016
-0.358383
-0.359534
-0.360468
-0.361231
-0.361825
-0.362303
-0.362679
-0.36299
-0.363253
-0.363471
-0.363665
-0.36383
-0.363979
-0.364117
-0.36427
-0.364456
-0.36469
-0.364985
-0.365365
-0.365864
-0.366479
-0.3672
-0.368037
-0.368988
-0.370024
-0.371119
-0.372259
-0.373379
-0.374458
-0.375439
-0.376278
-0.376917
-0.377315
-0.377426
-0.377189
-0.376581
-0.375561
-0.374125
-0.372281
-0.370052
-0.367555
-0.364876
-0.362151
-0.359512
-0.357117
-0.355098
-0.353614
-0.352862
-0.353022
-0.354224
-0.356446
-0.359511
-0.363044
-0.36663
-0.369818
-0.372267
-0.373784
-0.374289
-0.373882
-0.372752
-0.371162
-0.369443
-0.367904
-0.366752
-0.366132
-0.365972
-0.366061
-0.366044
-0.365487
-0.363899
-0.360893
-0.356277
-0.350213
-0.343396
-0.33698
-0.332341
-0.330531
-0.33191
-0.336055
-0.342117
-0.349163
-0.356434
-0.363332
-0.369474
-0.374603
-0.37863
-0.381601
-0.383662
-0.385004
-0.385816
-0.386259
-0.386413
-0.386317
-0.385929
-0.385227
-0.3842
-0.382885
-0.381406
-0.37993
-0.378659
-0.377791
-0.377418
-0.377536
-0.378002
-0.378546
-0.378847
-0.378606
-0.377601
-0.375691
-0.372914
-0.369471
-0.365754
-0.3623
-0.359671
-0.358312
-0.358401
-0.359802
-0.362109
-0.364802
-0.367372
-0.3694
-0.370605
-0.370791
-0.369855
-0.367806
-0.364772
-0.360955
-0.356709
-0.352416
-0.348441
-0.345003
-0.342128
-0.339711
-0.337646
-0.335979
-0.334961
-0.33502
-0.336564
-0.339797
-0.344593
-0.350506
-0.356898
-0.363157
-0.368818
-0.3736
-0.377392
-0.38019
-0.382074
-0.383157
-0.38357
-0.383434
-0.382881
-0.382011
-0.380949
-0.37979
-0.378633
-0.377544
-0.376578
-0.375774
-0.375163
-0.37476
-0.37455
-0.374511
-0.374584
-0.374693
-0.374736
-0.37459
-0.374091
-0.373095
-0.371442
-0.368992
-0.365724
-0.361747
-0.357376
-0.353194
-0.349917
-0.348178
-0.348287
-0.350032
-0.352685
-0.355203
-0.35656
-0.355878
-0.352608
-0.346584
-0.338141
-0.328325
-0.31888
-0.311966
-0.309467
-0.312206
-0.319632
-0.330167
-0.341892
-0.35323
-0.363191
-0.371335
-0.377644
-0.382296
-0.385571
-0.387748
-0.389061
-0.389692
-0.389773
-0.389429
-0.388718
-0.38772
-0.386496
-0.385115
-0.383664
-0.382243
-0.380897
-0.379625
-0.37833
-0.376791
-0.374687
-0.371704
-0.367713
-0.362917
-0.357991
-0.353984
-0.351953
-0.352429
-0.355139
-0.359131
-0.363267
-0.366667
-0.368987
-0.370343
-0.37117
-0.371974
-0.373168
-0.375002
-0.377419
-0.380151
-0.382719
-0.384624
-0.385443
-0.385039
-0.383435
-0.380898
-0.377711
-0.374142
-0.370386
-0.366637
-0.363198
-0.360562
-0.359361
-0.360123
-0.36303
-0.367641
-0.373006
-0.377999
-0.381624
-0.383335
-0.383062
-0.381078
-0.37793
-0.374205
-0.370462
-0.367143
-0.364511
-0.362658
-0.361467
-0.360752
-0.360381
-0.36036
-0.360928
-0.362387
-0.364987
-0.368746
-0.37351
-0.378937
-0.384697
-0.390405
-0.395786
-0.400617
-0.404769
-0.40814
-0.410693
-0.412392
-0.413209
-0.413094
-0.412006
-0.409914
-0.406785
-0.402655
-0.397669
-0.392098
-0.38646
-0.38148
-0.377893
-0.376279
-0.376649
-0.378472
-0.380828
-0.382863
-0.384054
-0.384312
-0.383882
-0.383136
-0.382307
-0.381424
-0.380467
-0.379523
-0.379036
-0.379785
-0.382581
-0.387748
-0.394933
-0.403179
-0.411426
-0.418915
-0.425327
-0.430747
-0.435469
-0.439836
-0.444157
-0.448637
-0.453318
-0.458159
-0.463001
-0.467665
-0.471918
-0.475531
-0.478315
-0.480074
-0.480674
-0.480004
-0.47807
-0.47498
-0.470963
-0.466401
-0.461744
-0.457399
-0.453666
-0.450584
-0.448018
-0.445759
-0.443579
-0.441426
-0.439347
-0.437401
-0.435555
-0.433639
-0.431322
-0.428249
-0.424161
-0.419042
-0.413039
-0.406534
-0.399977
-0.393928
-0.389098
-0.386282
-0.386169
-0.389007
-0.394442
-0.401626
-0.409512
-0.417206
-0.424172
-0.430254
-0.435564
-0.440374
-0.444929
-0.449377
-0.453728
-0.45787
-0.46164
-0.464874
-0.467418
-0.469159
-0.470047
-0.470044
-0.469142
-0.46733
-0.464631
-0.461076
-0.456724
-0.451739
-0.446422
-0.441171
-0.43648
-0.432863
-0.4307
-0.430117
-0.430924
-0.432728
-0.435011
-0.437325
-0.4393
-0.440761
-0.44163
-0.441953
-0.441838
-0.441439
-0.440947
-0.440558
-0.440451
-0.440762
-0.441577
-0.44285
-0.444481
-0.446293
-0.448067
-0.449541
-0.45045
-0.450501
-0.449406
-0.44691
-0.442765
-0.436822
-0.42913
-0.420023
-0.410201
-0.400657
-0.392491
-0.386546
-0.383249
-0.382618
-0.384393
-0.388188
-0.393534
-0.399702
-0.405899
-0.411373
-0.415618
-0.41844
-0.419957
-0.420501
-0.420507
-0.420382
-0.420491
-0.421047
-0.422179
-0.423901
-0.426127
-0.428747
-0.431562
-0.434383
-0.437037
-0.439396
-0.441368
-0.442954
-0.44416
-0.444999
-0.445484
-0.445609
-0.445326
-0.444608
-0.443477
-0.442006
-0.440303
-0.438543
-0.436862
-0.435345
-0.43399
-0.432709
-0.43139
-0.429919
-0.428291
-0.426592
-0.425016
-0.423781
-0.423062
-0.422874
-0.423059
-0.423354
-0.423442
-0.423056
-0.422037
-0.420339
-0.417991
-0.415109
-0.411836
-0.408357
-0.404832
-0.401452
-0.398386
-0.395763
-0.393629
-0.391918
-0.390402
-0.388629
-0.385958
-0.381662
-0.375278
-0.367012
-0.35822
-0.351534
-0.349842
-0.35446
-0.364107
-0.375686
-0.386196
-0.393899
-0.398381
-0.400022
-0.399519
-0.397614
-0.394929
-0.391963
-0.389088
-0.386579
-0.384625
-0.38331
-0.382679
-0.382721
-0.383334
-0.384395
-0.385749
-0.387241
-0.388731
-0.390106
-0.391292
-0.392223
-0.392921
-0.39337
-0.393582
-0.393588
-0.39343
-0.393137
-0.392763
-0.392344
-0.391913
-0.39151
-0.391181
-0.390949
-0.390813
-0.390775
-0.390839
-0.390972
-0.391149
-0.391315
-0.391411
-0.391383
-0.391162
-0.390683
-0.38989
-0.38872
-0.387125
-0.385099
-0.38262
-0.379712
-0.376447
-0.372946
-0.369351
-0.365872
-0.362769
-0.360316
-0.358761
-0.358292
-0.359021
-0.360926
-0.36393
-0.367833
-0.372434
-0.377501
-0.382812
-0.388187
-0.393471
-0.398556
-0.403337
-0.407748
-0.411757
-0.415322
-0.418466
-0.421144
-0.423385
-0.425193
-0.426551
-0.427443
-0.427833
-0.427644
-0.426804
-0.42524
-0.422904
-0.419765
-0.415911
-0.411465
-0.406688
-0.401891
-0.397409
-0.393565
-0.390596
-0.388634
-0.38774
-0.387941
-0.389224
-0.391575
-0.394898
-0.399037
-0.403756
-0.408779
-0.41384
-0.418706
-0.423214
-0.427292
-0.430919
-0.434077
-0.436791
-0.439065
-0.440889
-0.442263
-0.44321
-0.443789
-0.444116
-0.444324
-0.444629
-0.445225
-0.44626
-0.447834
-0.449927
-0.452441
-0.455156
-0.457744
-0.459714
-0.46047
-0.45926
-0.455285
-0.447937
-0.437183
-0.424053
-0.410841
-0.400392
-0.394696
-0.393967
-0.397126
-0.402947
-0.4105
-0.418831
-0.426779
-0.433143
-0.437142
-0.438503
-0.437368
-0.434196
-0.429624
-0.424444
-0.419508
-0.415548
-0.412893
-0.411398
-0.410482
-0.409608
-0.408757
-0.408656
-0.410461
-0.415033
-0.422222
-0.430864
-0.439399
-0.446515
-0.451443
-0.4539
-0.453948
-0.451888
-0.448112
-0.44316
-0.437625
-0.432119
-0.427058
-0.422662
-0.41886
-0.41548
-0.412457
-0.40992
-0.408197
-0.407682
-0.408668
-0.41121
-0.415124
-0.420002
-0.425419
-0.430919
-0.436145
-0.440793
-0.444668
-0.447629
-0.449618
-0.450596
-0.450575
-0.449578
-0.447619
-0.444744
-0.44094
-0.436215
-0.430542
-0.423932
-0.416461
-0.408342
-0.40001
-0.392158
-0.385667
-0.381425
-0.38008
-0.381778
-0.386225
-0.392782
-0.400707
-0.409316
-0.418049
-0.426481
-0.434288
-0.441246
-0.447282
-0.452357
-0.456536
-0.459918
-0.46261
-0.464719
-0.46638
-0.467682
-0.468693
-0.469452
-0.469998
-0.470322
-0.470393
-0.470162
-0.469544
-0.468408
-0.466595
-0.463963
-0.460301
-0.455488
-0.449485
-0.442435
-0.434772
-0.427187
-0.420606
-0.415936
-0.413758
-0.414177
-0.416764
-0.420746
-0.425273
-0.429619
-0.433273
-0.435917
-0.437357
-0.437483
-0.436318
-0.434056
-0.431238
-0.428637
-0.427189
-0.4276
-0.430018
-0.433973
-0.438633
-0.443145
-0.446997
-0.450096
-0.45273
-0.455386
-0.458528
-0.462371
-0.466755
-0.471156
-0.474889
-0.47729
-0.477883
-0.476451
-0.473084
-0.468074
-0.461914
-0.455225
-0.448764
-0.443508
-0.440499
-0.440469
-0.443352
-0.448149
-0.453328
-0.45747
-0.459719
-0.45985
-0.458155
-0.455157
-0.451513
-0.447859
-0.444715
-0.442439
-0.441211
-0.440969
-0.441525
-0.442568
-0.443794
-0.444907
-0.44568
-0.445958
-0.445654
-0.444713
-0.443098
-0.440793
-0.43776
-0.433939
-0.429273
-0.423745
-0.417389
-0.410329
-0.402878
-0.395579
-0.389191
-0.38451
-0.382166
-0.382289
-0.384444
-0.387801
-0.39146
-0.394778
-0.397507
-0.39984
-0.402101
-0.40452
-0.407015
-0.409266
-0.410991
-0.412279
-0.413643
-0.415767
-0.419058
-0.42331
-0.427761
-0.431475
-0.43375
-0.434319
-0.433337
-0.431243
-0.42859
-0.425943
-0.423788
-0.422457
-0.422127
-0.42275
-0.424146
-0.425949
-0.427754
-0.429129
-0.42967
-0.429055
-0.427008
-0.423357
-0.418005
-0.411041
-0.402787
-0.393852
-0.385121
-0.377619
-0.372236
-0.369548
-0.369657
-0.372298
-0.376982
-0.383173
-0.390235
-0.397563
-0.404592
-0.410858
-0.416075
-0.420105
-0.42292
-0.424574
-0.425157
-0.424725
-0.423319
-0.420881
-0.417346
-0.412672
-0.406927
-0.40037
-0.393553
-0.387302
-0.382538
-0.379879
-0.379378
-0.380468
-0.382207
-0.38365
-0.384155
-0.38345
-0.381574
-0.378728
-0.375149
-0.371069
-0.366733
-0.362399
-0.358521
-0.355697
-0.354621
-0.355798
-0.3593
-0.364614
-0.370823
-0.376902
-0.381994
-0.385488
-0.386971
-0.386114
-0.382568
-0.375883
-0.365515
-0.351009
-0.332308
-0.310384
-0.28785
-0.268882
-0.257858
-0.257061
-0.265568
-0.280238
-0.297524
-0.314622
-0.329775
-0.342078
-0.35125
-0.35739
-0.360855
-0.362059
-0.361512
-0.359783
-0.357422
-0.354977
-0.352887
-0.35141
-0.350555
-0.350093
-0.349559
-0.348317
-0.345608
-0.340644
-0.332705
-0.321504
-0.307767
-0.293878
-0.283639
-0.280528
-0.285276
-0.295226
-0.306315
-0.315365
-0.320902
-0.322816
-0.321766
-0.31875
-0.314927
-0.311486
-0.309408
-0.309271
-0.311098
-0.314413
-0.318498
-0.322661
-0.326422
-0.329535
-0.331949
-0.333747
-0.335071
-0.336055
-0.336843
-0.337551
-0.338274
-0.339059
-0.339924
-0.340926
-0.342044
-0.343288
-0.344652
-0.346118
-0.347659
-0.349285
-0.350962
-0.352672
-0.354414
-0.356123
-0.35781
-0.359398
-0.360852
-0.362124
-0.363145
-0.363856
-0.364221
-0.364234
-0.363904
-0.363288
-0.362525
-0.361752
-0.361134
-0.360774
-0.360698
-0.360779
-0.360781
-0.360362
-0.359103
-0.356647
-0.352775
-0.347411
-0.340808
-0.333577
-0.326778
-0.321891
-0.320535
-0.323905
-0.332168
-0.344243
-0.358282
-0.372315
-0.384869
-0.395062
-0.402554
-0.407348
-0.409566
-0.409435
-0.40716
-0.402884
-0.396774
-0.389059
-0.3801
-0.370615
-0.361615
-0.354487
-0.35067
-0.351278
-0.356379
-0.364659
-0.373852
-0.381727
-0.386841
-0.388917
-0.388605
-0.387182
-0.386032
-0.38626
-0.388367
-0.392279
-0.397483
-0.403313
-0.409143
-0.414483
-0.418996
-0.422527
-0.424997
-0.42641
-0.426767
-0.4261
-0.424373
-0.421583
-0.417709
-0.412806
-0.407003
-0.400702
-0.39453
-0.389354
-0.386035
-0.38517
-0.386816
-0.390413
-0.395089
-0.399938
-0.4043
-0.407779
-0.410256
-0.411765
-0.412436
-0.412429
-0.411897
-0.410999
-0.40986
-0.408574
-0.407198
-0.405768
-0.404229
-0.402458
-0.400269
-0.397412
-0.393661
-0.388848
-0.382963
-0.376304
-0.369454
-0.363276
-0.358694
-0.356486
-0.356962
-0.359925
-0.364701
-0.370364
-0.375998
-0.380949
-0.384872
-0.387786
-0.389885
-0.391473
-0.392848
-0.394222
-0.395633
-0.396978
-0.397966
-0.398262
-0.397495
-0.39537
-0.391781
-0.386904
-0.381187
-0.375366
-0.370219
-0.366453
-0.364436
-0.364191
-0.36534
-0.367352
-0.369659
-0.371818
-0.373599
-0.374958
-0.375921
-0.376555
-0.376911
-0.377031
-0.376993
-0.376881
-0.376794
-0.376819
-0.37702
-0.377399
-0.377929
-0.378549
-0.379153
-0.379683
-0.380034
-0.380143
-0.379958
-0.37943
-0.378522
-0.377229
-0.375551
-0.373507
-0.371189
-0.368694
-0.366191
-0.363841
-0.361851
-0.36039
-0.359557
-0.359368
-0.359799
-0.360753
-0.362089
-0.363677
-0.365387
-0.367139
-0.368837
-0.370427
-0.37185
-0.373054
-0.373988
-0.374636
-0.374941
-0.374897
-0.374485
-0.373735
-0.372706
-0.371469
-0.370115
-0.368765
-0.367494
-0.366374
-0.365435
-0.364663
-0.364006
-0.363401
-0.362797
-0.362156
-0.361501
-0.36087
-0.360388
-0.360198
-0.360417
-0.361165
-0.362453
-0.36426
-0.366446
-0.368837
-0.371269
-0.373607
-0.37573
-0.377617
-0.379276
-0.380761
-0.382107
-0.38335
-0.384478
-0.38545
-0.386206
-0.386717
-0.386974
-0.386983
-0.386796
-0.386454
-0.386007
-0.385465
-0.384856
-0.384156
-0.383386
-0.382566
-0.381726
-0.380889
-0.380069
-0.379268
-0.378471
-0.377609
-0.376648
-0.375501
-0.374104
-0.372407
-0.370357
-0.368
-0.365417
-0.362774
-0.3603
-0.358268
-0.356896
-0.356407
-0.356879
-0.35827
-0.360438
-0.363134
-0.366138
-0.369236
-0.372304
-0.375302
-0.378245
-0.381175
-0.384098
-0.387005
-0.389795
-0.392386
-0.394649
-0.396502
-0.397885
-0.398772
-0.399201
-0.399198
-0.398835
-0.398212
-0.397386
-0.396438
-0.395446
-0.394459
-0.39353
-0.392698
-0.391991
-0.391404
-0.39094
-0.390604
-0.390364
-0.390191
-0.39006
-0.389929
-0.389777
-0.389577
-0.389292
-0.388889
-0.388346
-0.387638
-0.386756
-0.385728
-0.384661
-0.383676
-0.38297
-0.38275
-0.383158
-0.38423
-0.385824
-0.387722
-0.389689
-0.391553
-0.393277
-0.39488
-0.396527
-0.398332
-0.400342
-0.402498
-0.404631
-0.406554
-0.40806
-0.408986
-0.409212
-0.408666
-0.407271
-0.404973
-0.401696
-0.397348
-0.391858
-0.3852
-0.37749
-0.369043
-0.360478
-0.352644
-0.346543
-0.343054
-0.34272
-0.345527
-0.350883
-0.357881
-0.365522
-0.372938
-0.379542
-0.38503
-0.389342
-0.392574
-0.394895
-0.396464
-0.397433
-0.39791
-0.39798
-0.397696
-0.397133
-0.396361
-0.395453
-0.394487
-0.393526
-0.392604
-0.391722
-0.39085
-0.389949
-0.388976
-0.387902
-0.386699
-0.385364
-0.383898
-0.38236
-0.380774
-0.379214
-0.377768
-0.376525
-0.375561
-0.374924
-0.374607
-0.374568
-0.374705
-0.374875
-0.374946
-0.374768
-0.374272
-0.373419
-0.37227
-0.370929
-0.369565
-0.368368
-0.367471
-0.366994
-0.366918
-0.367176
-0.367648
-0.368168
-0.368608
-0.368887
-0.368998
-0.368981
-0.368912
-0.368887
-0.369007
-0.369314
-0.369821
-0.370486
-0.371234
-0.371954
-0.37252
-0.372788
-0.372623
-0.371891
-0.370489
-0.368334
-0.365422
-0.361775
-0.357461
-0.352583
-0.347175
-0.341229
-0.334708
-0.327728
-0.320705
-0.314526
-0.310268
-0.308803
-0.310339
-0.314362
-0.320026
-0.326571
-0.333465
-0.340396
-0.347122
-0.353366
-0.35889
-0.363477
-0.36696
-0.369195
-0.370085
-0.369549
-0.367538
-0.364088
-0.359357
-0.353683
-0.347606
-0.341828
-0.337188
-0.334414
-0.33397
-0.335859
-0.339719
-0.344919
-0.350846
-0.356946
-0.362832
-0.368239
-0.373022
-0.377068
-0.380355
-0.382887
-0.384677
-0.385741
-0.386069
-0.385634
-0.384356
-0.382076
-0.378618
-0.373796
-0.367534
-0.36001
-0.351871
-0.344235
-0.338535
-0.336032
-0.337217
-0.341632
-0.348147
-0.355514
-0.36272
-0.369136
-0.374479
-0.378693
-0.381878
-0.384241
-0.386032
-0.387451
-0.388666
-0.389744
-0.390705
-0.391499
-0.392162
-0.392728
-0.393382
-0.394279
-0.395606
-0.397465
-0.399826
-0.40253
-0.405353
-0.408046
-0.410392
-0.412217
-0.413402
-0.413907
-0.413726
-0.41291
-0.411505
-0.409595
-0.407259
-0.40453
-0.4014
-0.397782
-0.393522
-0.388436
-0.382396
-0.375473
-0.368026
-0.360709
-0.354453
-0.350119
-0.348311
-0.349134
-0.352326
-0.357375
-0.363706
-0.370801
-0.3782
-0.385499
-0.392405
-0.398678
-0.404173
-0.408818
-0.412572
-0.415444
-0.417497
-0.418795
-0.419407
-0.419412
-0.418892
-0.417942
-0.416621
-0.41499
-0.413093
-0.410961
-0.408628
-0.406084
-0.403348
-0.400443
-0.397436
-0.394408
-0.39151
-0.388933
-0.386884
-0.385576
-0.385183
-0.385777
-0.387372
-0.389833
-0.392963
-0.396476
-0.40007
-0.403437
-0.406296
-0.408433
-0.409676
-0.409925
-0.409123
-0.407281
-0.404484
-0.400865
-0.396668
-0.392236
-0.388037
-0.384634
-0.38262
-0.382452
-0.384309
-0.387966
-0.392826
-0.39808
-0.402915
-0.406697
-0.409033
-0.409785
-0.409043
-0.407089
-0.404358
-0.401423
-0.39888
-0.39719
-0.396594
-0.397014
-0.398143
-0.399634
-0.401157
-0.402548
-0.403727
-0.404733
-0.405546
-0.406147
-0.406485
-0.406531
-0.406293
-0.405839
-0.405314
-0.404855
-0.404648
-0.404867
-0.405625
-0.406965
-0.408886
-0.411275
-0.413976
-0.416815
-0.419591
-0.422133
-0.424284
-0.42594
-0.427029
-0.427539
-0.427451
-0.426796
-0.425617
-0.423978
-0.421967
-0.419687
-0.417282
-0.414887
-0.412675
-0.41079
-0.409386
-0.408518
-0.408199
-0.408391
-0.409004
-0.409877
-0.410925
-0.412022
-0.413059
-0.414003
-0.414788
-0.415406
-0.415842
-0.416116
-0.416275
-0.416328
-0.416315
-0.416294
-0.416273
-0.416293
-0.416369
-0.416515
-0.416755
-0.417083
-0.417515
-0.418046
-0.41868
-0.419413
-0.420206
-0.421031
-0.421856
-0.422629
-0.423323
-0.423876
-0.424253
-0.424412
-0.424317
-0.42393
-0.423238
-0.422245
-0.421008
-0.419651
-0.418381
-0.417435
-0.417048
-0.417385
-0.418473
-0.420243
-0.422503
-0.425003
-0.427454
-0.429599
-0.431194
-0.43204
-0.432021
-0.431084
-0.429254
-0.426619
-0.423348
-0.41962
-0.41564
-0.411607
-0.407667
-0.403941
-0.400513
-0.397438
-0.394753
-0.392481
-0.390643
-0.389292
-0.388492
-0.388328
-0.388885
-0.390252
-0.392507
-0.395656
-0.399596
-0.404103
-0.408925
-0.413725
-0.418221
-0.422183
-0.425492
-0.428113
-0.430065
-0.431406
-0.43225
-0.432679
-0.432787
-0.432655
-0.432326
-0.431839
-0.431219
-0.430468
-0.429583
-0.428561
-0.427406
-0.426096
-0.424648
-0.423054
-0.421304
-0.419359
-0.417149
-0.414561
-0.411453
-0.407673
-0.40312
-0.397841
-0.392113
-0.386564
-0.381989
-0.379226
-0.378781
-0.380616
-0.38421
-0.388776
-0.393576
-0.398044
-0.401852
-0.404846
-0.406993
-0.408264
-0.408706
-0.408334
-0.407191
-0.405372
-0.402998
-0.400234
-0.397289
-0.39443
-0.391917
-0.390006
-0.38886
-0.38856
-0.38903
-0.390066
-0.391331
-0.392367
-0.392659
-0.391723
-0.389224
-0.385228
-0.380378
-0.37591
-0.373239
-0.373251
-0.375686
-0.379246
-0.382405
-0.384305
-0.385114
-0.38583
-0.387678
-0.391273
-0.396317
-0.401709
-0.406039
-0.408124
-0.407192
-0.40288
-0.395192
-0.384519
-0.371705
-0.358174
-0.345934
-0.337273
-0.334124
-0.337106
-0.345293
-0.356464
-0.368057
-0.378023
-0.38514
-0.389008
-0.389762
-0.38784
-0.383772
-0.378159
-0.371582
-0.364694
-0.358159
-0.352557
-0.348315
-0.345615
-0.344511
-0.345005
-0.347041
-0.350389
-0.354599
-0.35906
-0.363165
-0.36645
-0.368709
-0.369984
-0.37048
-0.370478
-0.370302
-0.370225
-0.370407
-0.370929
-0.371769
-0.372824
-0.373971
-0.37507
-0.375957
-0.376514
-0.376571
-0.375986
-0.374551
-0.372003
-0.368062
-0.362411
-0.354877
-0.345645
-0.335587
-0.326501
-0.320826
-0.320589
-0.326272
-0.336465
-0.348691
-0.360661
-0.370851
-0.378517
-0.383262
-0.384792
-0.38263
-0.376172
-0.365002
-0.349792
-0.333218
-0.320209
-0.315661
-0.320841
-0.332252
-0.344587
-0.354028
-0.359197
-0.360383
-0.358579
-0.354825
-0.350056
-0.345042
-0.340438
-0.336832
-0.334721
-0.334467
-0.336185
-0.339799
-0.345002
-0.351385
-0.358504
-0.365958
-0.373438
-0.380693
-0.387536
-0.393845
-0.399523
-0.404491
-0.408657
-0.411905
-0.41409
-0.415041
-0.414565
-0.412435
-0.408459
-0.402495
-0.394549
-0.384858
-0.373927
-0.362554
-0.351698
-0.342228
-0.334658
-0.328976
-0.324811
-0.321551
-0.318683
-0.315998
-0.313782
-0.312772
-0.313942
-0.318091
-0.325392
-0.335281
-0.346659
-0.358283
-0.369133
-0.378564
-0.386232
-0.392066
-0.396161
-0.398683
-0.399826
-0.399775
-0.3987
-0.396747
-0.39408
-0.390802
-0.387061
-0.382967
-0.378641
-0.374239
-0.369882
-0.365745
-0.361972
-0.358697
-0.356055
-0.354185
-0.353148
-0.352966
-0.3536
-0.354919
-0.356672
-0.358552
-0.360124
-0.360931
-0.360411
-0.35806
-0.353421
-0.346367
-0.33736
-0.327743
-0.319581
-0.315032
-0.315225
-0.319646
-0.326664
-0.334526
-0.341992
-0.34848
-0.353679
-0.357356
-0.359165
-0.358662
-0.355299
-0.348554
-0.338005
-0.323637
-0.306167
-0.287418
-0.270128
-0.25722
-0.25078
-0.251335
-0.257854
-0.268236
-0.280172
-0.291839
-0.302211
-0.310943
-0.317936
-0.323165
-0.326517
-0.327828
-0.326891
-0.323722
-0.318713
-0.312763
-0.307314
-0.303956
-0.303781
-0.306869
-0.312288
-0.318659
-0.324745
-0.329797
-0.333508
-0.335879
-0.336973
-0.336893
-0.335661
-0.333272
-0.329695
-0.325035
-0.319597
-0.313988
-0.309038
-0.305771
-0.305023
-0.30714
-0.311872
-0.318458
-0.325969
-0.333546
-0.340584
-0.346774
-0.351972
-0.356235
-0.359642
-0.362335
-0.364432
-0.366063
-0.367317
-0.368238
-0.368886
-0.369249
-0.369315
-0.369035
-0.368358
-0.367199
-0.365425
-0.36296
-0.359701
-0.355552
-0.350489
-0.344561
-0.337889
-0.330712
-0.323415
-0.316479
-0.310408
-0.305722
-0.302799
-0.301826
-0.302745
-0.30528
-0.308977
-0.313314
-0.317814
-0.322103
-0.325912
-0.329064
-0.331474
-0.333078
-0.333885
-0.33395
-0.333493
-0.332897
-0.33266
-0.333258
-0.334876
-0.337378
-0.340264
-0.342903
-0.344757
-0.34547
-0.344996
-0.343531
-0.341432
-0.339135
-0.337089
-0.335697
-0.335213
-0.335714
-0.337108
-0.339172
-0.34158
-0.34403
-0.346275
-0.348122
-0.349483
-0.350338
-0.350722
-0.350747
-0.350539
-0.350246
-0.349991
-0.349886
-0.350011
-0.350392
-0.351007
-0.351797
-0.352676
-0.353533
-0.354245
-0.35473
-0.354876
-0.354588
-0.353766
-0.352334
-0.350208
-0.347397
-0.343922
-0.339899
-0.335594
-0.331366
-0.327685
-0.325047
-0.323907
-0.324536
-0.326997
-0.331081
-0.336392
-0.342373
-0.348484
-0.354182
-0.359016
-0.36266
-0.364814
-0.365292
-0.363967
-0.360793
-0.355803
-0.349087
-0.340858
-0.33159
-0.322198
-0.314379
-0.310422
-0.312277
-0.320187
-0.332297
-0.345617
-0.357503
-0.366418
-0.371914
-0.374188
-0.373743
-0.371235
-0.36742
-0.363123
-0.359188
-0.356345
-0.355025
-0.355289
-0.356901
-0.359454
-0.362588
-0.366043
-0.369695
-0.373507
-0.377439
-0.381466
-0.385484
-0.389382
-0.393008
-0.396225
-0.398864
-0.400848
-0.402061
-0.402443
-0.401979
-0.40067
-0.398571
-0.395798
-0.392493
-0.388807
-0.384909
-0.38088
-0.376773
-0.37253
-0.368054
-0.363309
-0.358398
-0.353605
-0.34936
-0.346091
-0.344081
-0.343383
-0.343907
-0.345546
-0.348221
-0.351846
-0.356329
-0.361453
-0.366899
-0.372402
-0.377694
-0.382628
-0.3871
-0.391015
-0.394325
-0.396971
-0.398911
-0.400111
-0.400573
-0.400272
-0.399252
-0.39754
-0.395233
-0.392496
-0.38959
-0.386864
-0.384715
-0.383485
-0.383375
-0.384329
-0.38607
-0.388144
-0.390013
-0.39117
-0.391177
-0.389759
-0.386774
-0.382316
-0.376746
-0.370676
-0.364888
-0.36011
-0.356719
-0.354718
-0.353739
-0.353335
-0.35312
-0.352916
-0.35253
-0.351634
-0.349574
-0.345327
-0.337606
-0.325362
-0.308855
-0.291207
-0.278827
-0.278451
-0.291679
-0.313536
-0.336852
-0.356822
-0.371815
-0.382089
-0.388525
-0.392016
-0.393267
-0.39281
-0.391067
-0.388394
-0.385134
-0.381589
-0.378046
-0.374721
-0.371747
-0.369165
-0.366976
-0.365224
-0.364049
-0.363698
-0.364403
-0.366309
-0.369363
-0.37329
-0.377643
-0.381949
-0.385828
-0.388981
-0.391259
-0.392586
-0.39295
-0.392354
-0.390778
-0.388207
-0.384647
-0.380114
-0.37468
-0.368498
-0.361832
-0.355073
-0.34875
-0.343451
-0.339762
-0.338121
-0.338726
-0.341438
-0.345828
-0.351301
-0.35723
-0.363085
-0.368464
-0.373167
-0.377072
-0.380152
-0.382429
-0.383975
-0.384876
-0.385206
-0.385066
-0.384552
-0.38374
-0.382711
-0.381551
-0.380314
-0.379092
-0.377934
-0.376877
-0.375969
-0.375235
-0.374709
-0.374422
-0.374351
-0.374526
-0.374926
-0.375548
-0.376358
-0.377346
-0.378495
-0.379777
-0.381137
-0.382568
-0.384022
-0.385467
-0.386852
-0.388141
-0.389271
-0.39019
-0.39086
-0.391247
-0.391321
-0.391115
-0.390707
-0.390245
-0.389912
-0.389935
-0.390518
-0.391765
-0.393646
-0.395925
-0.39825
-0.400146
-0.401159
-0.400879
-0.3991
-0.395905
-0.391729
-0.38737
-0.383852
-0.382098
-0.382585
-0.385093
-0.388865
-0.392802
-0.395915
-0.397492
-0.397238
-0.395338
-0.392372
-0.389188
-0.386609
-0.385257
-0.385281
-0.386401
-0.38796
-0.389258
-0.389681
-0.388934
-0.387035
-0.384249
-0.381021
-0.377885
-0.375403
-0.374058
-0.37425
-0.376162
-0.379754
-0.38474
-0.390606
-0.396806
-0.402758
-0.408023
-0.412308
-0.415424
-0.417316
-0.418019
-0.41762
-0.416268
-0.414181
-0.411559
-0.408666
-0.405721
-0.402961
-0.400555
-0.398649
-0.397322
-0.39659
-0.396358
-0.396483
-0.396741
-0.396874
-0.396667
-0.395914
-0.394575
-0.392778
-0.390756
-0.388853
-0.387332
-0.386327
-0.385783
-0.385549
-0.385392
-0.385076
-0.384451
-0.383462
-0.382086
-0.38038
-0.378404
-0.376237
-0.373932
-0.371549
-0.369194
-0.366982
-0.365068
-0.363631
-0.362842
-0.362784
-0.363458
-0.364787
-0.36664
-0.368851
-0.371257
-0.373678
-0.375983
-0.378065
-0.379873
-0.381387
-0.382665
-0.383721
-0.384602
-0.385355
-0.386006
-0.386542
-0.386952
-0.387222
-0.387338
-0.387276
-0.387039
-0.386637
-0.386098
-0.385429
-0.384661
-0.383813
-0.382822
-0.381675
-0.380276
-0.378554
-0.37646
-0.374017
-0.371309
-0.368497
-0.365701
-0.362873
-0.359663
-0.355566
-0.350198
-0.343999
-0.338752
-0.337299
-0.34206
-0.353187
-0.368266
-0.383853
-0.397212
-0.406926
-0.412602
-0.414383
-0.412621
-0.407796
-0.400567
-0.391848
-0.382898
-0.375099
-0.369603
-0.366954
-0.366845
-0.368396
-0.370492
-0.372189
-0.372933
-0.37264
-0.371606
-0.370402
-0.369673
-0.370066
-0.372032
-0.375811
-0.381379
-0.38842
-0.396447
-0.404848
-0.413002
-0.420391
-0.426665
-0.431608
-0.435158
-0.437357
-0.438343
-0.438302
-0.437426
-0.435941
-0.433984
-0.431715
-0.429242
-0.426619
-0.423868
-0.420995
-0.417974
-0.414773
-0.411341
-0.407652
-0.403687
-0.399438
-0.394904
-0.390103
-0.385078
-0.379869
-0.374593
-0.369412
-0.364598
-0.360492
-0.357562
-0.356287
-0.357123
-0.360342
-0.36593
-0.373568
-0.382679
-0.392555
-0.402449
-0.411745
-0.419999
-0.426925
-0.432396
-0.436437
-0.439139
-0.440618
-0.441068
-0.440672
-0.43961
-0.438029
-0.436107
-0.433963
-0.43172
-0.429477
-0.427329
-0.425359
-0.423624
-0.422145
-0.420932
-0.419974
-0.419234
-0.418626
-0.418107
-0.417609
-0.417123
-0.416668
-0.416246
-0.415894
-0.4156
-0.415348
-0.415043
-0.414624
-0.413994
-0.413116
-0.412023
-0.410825
-0.409629
-0.40855
-0.407586
-0.406622
-0.40543
-0.403755
-0.401415
-0.39847
-0.395279
-0.392582
-0.391265
-0.392052
-0.395165
-0.400214
-0.40638
-0.412758
-0.41862
-0.423503
-0.427246
-0.429797
-0.431242
-0.431696
-0.431283
-0.430197
-0.428671
-0.427004
-0.425482
-0.424351
-0.423731
-0.423533
-0.423453
-0.422979
-0.421507
-0.418408
-0.413214
-0.405707
-0.396102
-0.385124
-0.373974
-0.36402
-0.356285
-0.351063
-0.347788
-0.345463
-0.343153
-0.340341
-0.336982
-0.333418
-0.330192
-0.327901
-0.327119
-0.328433
-0.332345
-0.339123
-0.348636
-0.360223
-0.372795
-0.385156
-0.396254
-0.405418
-0.412334
-0.416999
-0.419594
-0.420376
-0.419615
-0.417591
-0.41455
-0.410736
-0.406377
-0.401735
-0.397093
-0.392739
-0.388936
-0.3859
-0.383744
-0.382443
-0.381856
-0.381795
-0.381985
-0.382172
-0.382144
-0.381715
-0.380712
-0.37897
-0.376307
-0.372534
-0.367481
-0.361023
-0.353197
-0.34429
-0.334965
-0.326257
-0.319374
-0.315331
-0.314546
-0.316723
-0.321076
-0.326592
-0.332417
-0.337916
-0.342697
-0.346599
-0.349598
-0.351762
-0.353225
-0.354121
-0.35459
-0.354747
-0.354675
-0.354389
-0.353875
-0.353084
-0.351911
-0.350226
-0.34788
-0.344679
-0.340388
-0.334683
-0.327061
-0.316857
-0.303334
-0.286239
-0.266903
-0.249349
-0.239624
-0.241947
-0.254976
-0.272967
-0.290191
-0.303635
-0.312804
-0.318465
-0.321814
-0.324075
-0.326342
-0.329364
-0.333377
-0.33816
-0.343146
-0.347717
-0.351369
-0.353794
-0.354887
-0.354658
-0.353214
-0.350672
-0.347214
-0.343036
-0.338385
-0.33355
-0.3289
-0.324797
-0.321559
-0.319415
-0.318401
-0.318359
-0.318926
-0.319657
-0.320098
-0.319909
-0.319013
-0.317601
-0.316164
-0.315285
-0.315487
-0.316948
-0.319535
-0.322766
-0.326124
-0.32917
-0.331645
-0.333498
-0.334777
-0.335604
-0.336119
-0.336443
-0.336691
-0.336936
-0.337264
-0.337724
-0.338371
-0.339257
-0.34044
-0.341934
-0.343727
-0.345743
-0.347824
-0.349703
-0.350921
-0.350881
-0.348711
-0.343303
-0.333407
-0.31785
-0.296243
-0.270071
-0.243678
-0.223961
-0.217496
-0.226615
-0.247838
-0.274386
-0.30017
-0.321785
-0.338296
-0.350082
-0.357984
-0.362881
-0.365503
-0.36647
-0.366226
-0.365174
-0.363582
-0.361674
-0.359575
-0.357318
-0.354829
-0.351983
-0.348611
-0.344575
-0.339838
-0.334528
-0.328983
-0.323651
-0.319037
-0.315524
-0.313305
-0.312395
-0.312661
-0.313988
-0.316303
-0.319493
-0.323412
-0.327783
-0.332254
-0.336402
-0.339869
-0.342353
-0.343742
-0.344124
-0.343849
-0.343462
-0.343654
-0.345028
-0.347916
-0.352226
-0.357508
-0.363116
-0.368431
-0.372984
-0.376482
-0.378805
-0.379945
-0.379933
-0.378855
-0.376844
-0.374069
-0.370783
-0.367278
-0.363943
-0.361121
-0.359118
-0.358075
-0.358013
-0.358788
-0.360206
-0.36202
-0.36405
-0.366104
-0.368055
-0.369795
-0.371255
-0.372412
-0.373268
-0.373848
-0.374188
-0.374283
-0.374125
-0.373662
-0.372784
-0.371391
-0.369345
-0.366563
-0.363023
-0.358828
-0.354221
-0.349578
-0.345458
-0.342411
-0.340878
-0.341033
-0.342761
-0.345635
-0.349146
-0.352774
-0.356119
-0.358965
-0.36128
-0.363218
-0.365086
-0.367235
-0.370003
-0.373571
-0.377913
-0.382809
-0.387895
-0.39278
-0.397095
-0.400592
-0.403068
-0.404348
-0.404244
-0.402552
-0.399017
-0.393417
-0.385799
-0.376626
-0.367045
-0.358861
-0.354081
-0.354052
-0.358802
-0.367133
-0.377338
-0.387877
-0.397652
-0.406009
-0.412571
-0.417117
-0.419517
-0.419687
-0.417575
-0.413173
-0.406606
-0.398211
-0.388613
-0.378782
-0.369914
-0.363109
-0.359097
-0.357966
-0.359273
-0.362228
-0.365984
-0.369751
-0.3729
-0.375012
-0.375904
-0.375678
-0.374652
-0.373406
-0.372633
-0.372953
-0.37469
-0.377731
-0.381532
-0.38537
-0.388596
-0.390811
-0.391978
-0.392293
-0.392076
-0.391734
-0.391583
-0.391793
-0.392384
-0.393286
-0.394354
-0.395474
-0.396592
-0.397708
-0.398871
-0.400152
-0.401614
-0.403266
-0.405046
-0.406874
-0.408611
-0.410152
-0.411395
-0.412222
-0.412586
-0.41243
-0.411722
-0.410439
-0.408544
-0.406027
-0.402934
-0.399288
-0.395123
-0.390503
-0.385469
-0.3801
-0.374494
-0.368855
-0.363536
-0.359023
-0.355941
-0.35479
-0.355833
-0.358922
-0.363546
-0.368991
-0.374579
-0.379753
-0.384169
-0.387648
-0.390135
-0.391609
-0.392094
-0.391646
-0.390275
-0.388062
-0.385045
-0.381306
-0.376964
-0.372172
-0.367136
-0.362145
-0.357498
-0.353517
-0.350478
-0.348629
-0.348133
-0.349068
-0.351358
-0.354825
-0.359116
-0.363837
-0.368571
-0.372917
-0.376553
-0.379245
-0.380792
-0.380975
-0.3795
-0.375926
-0.369604
-0.35968
-0.34535
-0.326456
-0.304635
-0.284318
-0.271605
-0.270402
-0.279183
-0.292592
-0.305707
-0.316316
-0.324415
-0.330801
-0.33614
-0.340583
-0.343834
-0.345421
-0.344963
-0.34244
-0.338351
-0.333765
-0.330067
-0.328504
-0.329553
-0.332746
-0.336948
-0.340972
-0.344052
-0.345965
-0.346918
-0.347355
-0.347743
-0.348377
-0.349318
-0.3504
-0.351358
-0.351938
-0.352044
-0.351769
-0.351387
-0.351334
-0.352004
-0.353658
-0.356325
-0.359804
-0.363746
-0.367761
-0.37158
-0.374973
-0.37787
-0.380276
-0.38219
-0.383655
-0.384709
-0.385348
-0.385606
-0.3855
-0.385046
-0.384314
-0.383392
-0.382379
-0.381379
-0.380509
-0.379864
-0.37948
-0.379335
-0.37936
-0.379419
-0.37936
-0.378999
-0.37819
-0.376792
-0.374726
-0.371985
-0.368625
-0.364762
-0.360621
-0.356508
-0.352788
-0.3499
-0.348281
-0.348291
-0.350107
-0.353685
-0.358727
-0.364751
-0.371178
-0.377439
-0.383055
-0.387692
-0.391135
-0.393306
-0.394225
-0.393963
-0.392677
-0.39058
-0.387972
-0.385208
-0.382663
-0.38076
-0.379825
-0.38012
-0.381702
-0.3845
-0.388297
-0.392774
-0.3976
-0.40246
-0.4071
-0.411299
-0.414914
-0.417854
-0.420014
-0.421308
-0.421608
-0.420728
-0.418412
-0.414315
-0.408064
-0.399295
-0.387912
-0.374372
-0.36005
-0.347231
-0.338456
-0.335397
-0.338059
-0.345015
-0.354416
-0.364765
-0.375042
-0.384645
-0.393145
-0.400281
-0.405964
-0.410302
-0.413483
-0.41577
-0.417339
-0.418248
-0.418487
-0.418027
-0.416917
-0.415311
-0.413457
-0.41162
-0.409986
-0.408583
-0.407269
-0.405825
-0.404062
-0.402014
-0.400058
-0.398832
-0.398982
-0.400849
-0.404321
-0.408912
-0.414051
-0.4192
-0.423907
-0.427806
-0.430561
-0.431891
-0.431579
-0.429503
-0.425669
-0.420271
-0.413728
-0.406759
-0.400307
-0.3954
-0.392846
-0.392861
-0.394856
-0.397483
-0.398839
-0.396925
-0.390353
-0.379372
-0.367079
-0.359201
-0.360984
-0.372915
-0.390434
-0.407763
-0.421424
-0.430487
-0.435534
-0.437568
-0.437508
-0.436039
-0.433629
-0.430562
-0.427035
-0.423155
-0.419008
-0.414673
-0.410257
-0.405893
-0.40178
-0.398138
-0.395188
-0.393132
-0.392037
-0.391889
-0.392517
-0.393585
-0.394698
-0.395331
-0.395034
-0.393511
-0.390644
-0.386589
-0.381804
-0.376962
-0.372858
-0.370223
-0.369574
-0.371141
-0.374808
-0.380204
-0.386841
-0.394179
-0.401732
-0.409097
-0.415954
-0.422096
-0.42736
-0.43165
-0.434864
-0.436878
-0.437576
-0.436822
-0.434491
-0.430524
-0.425069
-0.418602
-0.412025
-0.406577
-0.403509
-0.403574
-0.406653
-0.411921
-0.418185
-0.424418
-0.429973
-0.434585
-0.438254
-0.441097
-0.443251
-0.444763
-0.445628
-0.445736
-0.444886
-0.442795
-0.439116
-0.433611
-0.426382
-0.418126
-0.410353
-0.405079
-0.403913
-0.407059
-0.413041
-0.419452
-0.424037
-0.425278
-0.422395
-0.415253
-0.404325
-0.390751
-0.376484
-0.364055
-0.355911
-0.353567
-0.357181
-0.365672
-0.377343
-0.390459
-0.403613
-0.41586
-0.426669
-0.435742
-0.442936
-0.448205
-0.451605
-0.453202
-0.453103
-0.451454
-0.448447
-0.44432
-0.439435
-0.434263
-0.42934
-0.425181
-0.422196
-0.420588
-0.420314
-0.421132
-0.422699
-0.424714
-0.426913
-0.429124
-0.431235
-0.433166
-0.434803
-0.435942
-0.436346
-0.435668
-0.433625
-0.430122
-0.425481
-0.420672
-0.41721
-0.41662
-0.419622
-0.425552
-0.432693
-0.439016
-0.442878
-0.443287
-0.439846
-0.432764
-0.422917
-0.411989
-0.402232
-0.395812
-0.393815
-0.395757
-0.400146
-0.40538
-0.410508
-0.415269
-0.419845
-0.424492
-0.429361
-0.434374
-0.439324
-0.443946
-0.447986
-0.451286
-0.453715
-0.45524
-0.455823
-0.455401
-0.453865
-0.45105
-0.446711
-0.440549
-0.432272
-0.421739
-0.409222
-0.395658
-0.382698
-0.372344
-0.366168
-0.364551
-0.366686
-0.371185
-0.376838
-0.382925
-0.38917
-0.395631
-0.402385
-0.409452
-0.416676
-0.423769
-0.430326
-0.435994
-0.440507
-0.443724
-0.445554
-0.446036
-0.445242
-0.443301
-0.440366
-0.436608
-0.432216
-0.427297
-0.42194
-0.416156
-0.409923
-0.403245
-0.396247
-0.389137
-0.382281
-0.376048
-0.370755
-0.366608
-0.363751
-0.362194
-0.361902
-0.362744
-0.364548
-0.367136
-0.370396
-0.374235
-0.378602
-0.383395
-0.388465
-0.3936
-0.398625
-0.403348
-0.407672
-0.411524
-0.414888
-0.417759
-0.420129
-0.422011
-0.423352
-0.42409
-0.424087
-0.42315
-0.421013
-0.41731
-0.41161
-0.403532
-0.392883
-0.38003
-0.366188
-0.353505
-0.344456
-0.34069
-0.342107
-0.347097
-0.353565
-0.359938
-0.365353
-0.369524
-0.372416
-0.374073
-0.374585
-0.374052
-0.372551
-0.370207
-0.367166
-0.363591
-0.359659
-0.355606
-0.351713
-0.348293
-0.345695
-0.344216
-0.343998
-0.34493
-0.346609
-0.34846
-0.349947
-0.350787
-0.351058
-0.351185
-0.351696
-0.352997
-0.3552
-0.358059
-0.361137
-0.363983
-0.366283
-0.367897
-0.368837
-0.3692
-0.369147
-0.368807
-0.368282
-0.367635
-0.366945
-0.366216
-0.365499
-0.364843
-0.364323
-0.36403
-0.364035
-0.364401
-0.365116
-0.366153
-0.367409
-0.368754
-0.370048
-0.371158
-0.371986
-0.372523
-0.372769
-0.372804
-0.372781
-0.372856
-0.373174
-0.373856
-0.374928
-0.376298
-0.377825
-0.379242
-0.380252
-0.380491
-0.379601
-0.377141
-0.372694
-0.365912
-0.356771
-0.346001
-0.335492
-0.328211
-0.326975
-0.332754
-0.343875
-0.357155
-0.369677
-0.379761
-0.386968
-0.391596
-0.394305
-0.39585
-0.396881
-0.397867
-0.398955
-0.399992
-0.400593
-0.400265
-0.398535
-0.395071
-0.389759
-0.382784
-0.374586
-0.365864
-0.357439
-0.350116
-0.34446
-0.340685
-0.338545
-0.337463
-0.33671
-0.335681
-0.334076
-0.332096
-0.330457
-0.330234
-0.332484
-0.337876
-0.3464
-0.357348
-0.369575
-0.381816
-0.392995
-0.402425
-0.409799
-0.41507
-0.418426
-0.420132
-0.420482
-0.419737
-0.418139
-0.415894
-0.413126
-0.409952
-0.406425
-0.402603
-0.398524
-0.394196
-0.389686
-0.385082
-0.380562
-0.376419
-0.373087
-0.371019
-0.370616
-0.372056
-0.375144
-0.379377
-0.384088
-0.388571
-0.392294
-0.394916
-0.396337
-0.396598
-0.395872
-0.394456
-0.392671
-0.390886
-0.389395
-0.388459
-0.388223
-0.3887
-0.389782
-0.391248
-0.392857
-0.394336
-0.395422
-0.395928
-0.395709
-0.394723
-0.393007
-0.390664
-0.38785
-0.384731
-0.381446
-0.378015
-0.37436
-0.370287
-0.36565
-0.360573
-0.355659
-0.351984
-0.350798
-0.352844
-0.357926
-0.364895
-0.37225
-0.378729
-0.383598
-0.386621
-0.387881
-0.387638
-0.386194
-0.383824
-0.380759
-0.377169
-0.373239
-0.369145
-0.365081
-0.36132
-0.358159
-0.355843
-0.354585
-0.354354
-0.355013
-0.356255
-0.357763
-0.359265
-0.360546
-0.361532
-0.362224
-0.362686
-0.363007
-0.363307
-0.363673
-0.364165
-0.364785
-0.365495
-0.36622
-0.366891
-0.367411
-0.3677
-0.367739
-0.367498
-0.367
-0.366294
-0.365391
-0.364335
-0.363116
-0.361706
-0.360027
-0.358023
-0.35565
-0.353091
-0.350641
-0.348799
-0.348097
-0.348877
-0.351097
-0.354309
-0.357785
-0.360756
-0.362624
-0.363009
-0.361839
-0.359217
-0.355443
-0.351005
-0.346485
-0.342498
-0.339512
-0.337739
-0.33703
-0.336999
-0.337147
-0.337067
-0.336487
-0.335193
-0.332919
-0.329367
-0.324303
-0.317919
-0.31112
