1 1.65943 1.65943 0
2 1.63826 1.64885 0.0105805
3 1.65871 1.65213 0.00693799
4 1.63872 1.64878 0.00594229
5 1.64534 1.64809 0.00465402
6 1.68838 1.65481 0.00771558
7 1.64612 1.65357 0.00663805
8 1.63462 1.6512 0.00621753
9 1.62214 1.64797 0.00636324
10 1.65559 1.64873 0.00574223
11 1.5993 1.64424 0.00686816
12 1.6323 1.64324 0.00634814
13 1.641 1.64307 0.005842
14 1.61029 1.64073 0.0058938
15 1.62033 1.63937 0.00565277
16 1.655 1.64035 0.00537716
17 1.64001 1.64033 0.005051
18 1.6355 1.64006 0.00476968
19 1.69121 1.64275 0.00525393
20 1.65454 1.64334 0.00501906
21 1.62705 1.64256 0.00483665
22 1.62837 1.64192 0.00465649
23 1.63173 1.64148 0.00447144
24 1.6226 1.64069 0.00435275
25 1.66213 1.64155 0.00426218
26 1.63893 1.64145 0.00409621
27 1.63707 1.64128 0.00394491
28 1.67212 1.64238 0.00395769
29 1.63927 1.64228 0.00382029
30 1.62192 1.6416 0.00375264
31 1.61883 1.64086 0.0037031
32 1.65576 1.64133 0.00361559
33 1.66364 1.64201 0.00356894
34 1.61526 1.64122 0.00355061
35 1.5937 1.63986 0.00370539
36 1.62756 1.63952 0.00361717
37 1.62121 1.63903 0.00355268
38 1.61949 1.63851 0.00349594
39 1.60443 1.63764 0.00351547
40 1.66117 1.63823 0.00347658
41 1.67315 1.63908 0.00349607
42 1.63238 1.63892 0.00341554
43 1.59764 1.63796 0.00347053
44 1.6237 1.63763 0.0034062
45 1.63426 1.63756 0.00333049
46 1.61781 1.63713 0.00328546
47 1.59575 1.63625 0.00333318
48 1.63859 1.6363 0.00326337
49 1.63693 1.63631 0.0031961
50 1.57069 1.635 0.0033954
51 1.60933 1.63449 0.003366
52 1.65032 1.6348 0.00331462
53 1.65661 1.63521 0.00327742
54 1.61129 1.63477 0.00324651
55 1.61811 1.63446 0.0032013
56 1.67209 1.63514 0.00321463
57 1.65692 1.63552 0.00318078
58 1.6542 1.63584 0.003142
59 1.64106 1.63593 0.00308956
60 1.63874 1.63598 0.00303799
61 1.68319 1.63675 0.00308638
62 1.62767 1.6366 0.00303972
63 1.6153 1.63627 0.00301013
64 1.62276 1.63605 0.00297022
65 1.62655 1.63591 0.00292783
66 1.66291 1.63632 0.002912
67 1.59845 1.63575 0.00292336
68 1.68337 1.63645 0.00296397
69 1.65069 1.63666 0.00292797
70 1.63949 1.6367 0.00288613
71 1.64361 1.6368 0.00284685
72 1.63202 1.63673 0.00280781
73 1.60986 1.63636 0.00279344
74 1.67716 1.63691 0.00281005
75 1.64281 1.63699 0.00277344
76 1.60498 1.63657 0.00276892
77 1.59108 1.63598 0.00279585
78 1.64207 1.63606 0.00276088
79 1.67245 1.63652 0.00276435
80 1.64256 1.63659 0.00273062
81 1.66851 1.63699 0.00272534
82 1.64545 1.63709 0.00269388
83 1.65144 1.63726 0.00266683
84 1.68144 1.63779 0.00268686
85 1.61253 1.63749 0.00267165
86 1.68631 1.63806 0.00270073
87 1.67613 1.6385 0.00270514
88 1.66192 1.63876 0.00268743
89 1.62969 1.63866 0.00265902
90 1.66986 1.63901 0.00265206
91 1.62011 1.6388 0.00263097
92 1.59762 1.63835 0.00264043
93 1.66326 1.63862 0.00262559
94 1.57537 1.63795 0.00268325
95 1.67457 1.63833 0.0026827
96 1.67032 1.63867 0.00267544
97 1.63283 1.63861 0.0026484
98 1.60452 1.63826 0.00264422
99 1.64255 1.6383 0.00261773
100 1.70286 1.63895 0.00267061
