1 -3.38976 -3.38976 0
2 -3.39075 -3.39025 0.000493562
3 -3.39124 -3.39058 0.000434207
4 -3.39189 -3.39091 0.00044932
5 -3.38939 -3.39061 0.00046251
6 -3.38996 -3.3905 0.000392603
7 -3.39128 -3.39061 0.000350056
8 -3.38862 -3.39036 0.000391843
9 -3.3898 -3.3903 0.00035109
10 -3.38949 -3.39022 0.000324281
11 -3.38591 -3.38983 0.000489088
12 -3.38708 -3.3896 0.00050161
13 -3.3896 -3.3896 0.000461414
14 -3.38823 -3.3895 0.00043827
15 -3.38814 -3.38941 0.000417932
16 -3.38828 -3.38934 0.00039725
17 -3.38696 -3.3892 0.000398576
18 -3.38958 -3.38922 0.000376384
19 -3.38947 -3.38923 0.000356258
20 -3.38669 -3.38911 0.00036111
21 -3.39142 -3.38922 0.000360725
22 -3.38901 -3.38921 0.000344071
23 -3.39043 -3.38926 0.000333039
24 -3.38871 -3.38924 0.000319687
25 -3.38879 -3.38922 0.000307153
26 -3.39076 -3.38928 0.000300973
27 -3.38801 -3.38923 0.000293385
28 -3.38877 -3.38922 0.000283189
29 -3.38843 -3.38919 0.000274582
30 -3.38747 -3.38913 0.000271403
31 -3.39093 -3.38919 0.000268868
32 -3.39004 -3.38922 0.000261686
33 -3.39131 -3.38928 0.000261418
34 -3.3894 -3.38928 0.000253638
35 -3.38759 -3.38923 0.000251003
36 -3.38574 -3.38914 0.000262519
37 -3.38787 -3.3891 0.000257602
38 -3.3892 -3.38911 0.000250744
39 -3.38745 -3.38906 0.000247874
40 -3.3906 -3.3891 0.000244642
41 -3.39095 -3.38915 0.000242828
42 -3.38986 -3.38916 0.000237586
43 -3.38941 -3.38917 0.000232068
44 -3.38654 -3.38911 0.000234464
45 -3.3872 -3.38907 0.000233087
46 -3.38936 -3.38907 0.000228052
47 -3.38712 -3.38903 0.000226987
48 -3.38829 -3.38902 0.000222745
49 -3.38804 -3.389 0.000219066
50 -3.38664 -3.38895 0.000219741
51 -3.38848 -3.38894 0.00021559
52 -3.38918 -3.38895 0.000211454
53 -3.38973 -3.38896 0.000207957
54 -3.39005 -3.38898 0.000205064
55 -3.3896 -3.38899 0.000201616
56 -3.38742 -3.38896 0.000199957
57 -3.38749 -3.38894 0.000198115
58 -3.38939 -3.38895 0.000194825
59 -3.38968 -3.38896 0.000191898
60 -3.39082 -3.38899 0.000191217
61 -3.38934 -3.38899 0.000188145
62 -3.38862 -3.38899 0.000185182
63 -3.38783 -3.38897 0.000183145
64 -3.38825 -3.38896 0.00018061
65 -3.38767 -3.38894 0.000178915
66 -3.38729 -3.38891 0.000177945
67 -3.38778 -3.3889 0.000176092
68 -3.3881 -3.38889 0.000173881
69 -3.38838 -3.38888 0.0001715
70 -3.39089 -3.38891 0.000171458
71 -3.38961 -3.38892 0.000169313
72 -3.38836 -3.38891 0.000167123
73 -3.38861 -3.38891 0.000164869
74 -3.38983 -3.38892 0.000163102
75 -3.38778 -3.3889 0.000161626
76 -3.38852 -3.3889 0.000159564
77 -3.38798 -3.38889 0.000157929
78 -3.38701 -3.38886 0.000157741
79 -3.38628 -3.38883 0.000159121
80 -3.39127 -3.38886 0.000160057
81 -3.38968 -3.38887 0.000158391
82 -3.38989 -3.38888 0.000156941
83 -3.39058 -3.3889 0.00015638
84 -3.38841 -3.3889 0.000154618
85 -3.38587 -3.38886 0.000156869
86 -3.39073 -3.38888 0.000156558
87 -3.38982 -3.38889 0.000155119
88 -3.38945 -3.3889 0.000153476
89 -3.38962 -3.38891 0.000151956
90 -3.38803 -3.3889 0.000150577
91 -3.38981 -3.38891 0.000149251
92 -3.39065 -3.38893 0.000148824
93 -3.38781 -3.38891 0.000147708
94 -3.38593 -3.38888 0.000149532
95 -3.38858 -3.38888 0.000147983
96 -3.39288 -3.38892 0.000152244
97 -3.39055 -3.38894 0.000151602
98 -3.3885 -3.38893 0.000150112
99 -3.38642 -3.38891 0.000150742
100 -3.38815 -3.3889 0.000149422
