1 1.3391 1.3391 0
2 1.29554 1.31732 0.0217796
3 1.3262 1.32028 0.0129181
4 1.3056 1.31661 0.0098443
5 1.3701 1.32731 0.0131367
6 1.09342 1.28833 0.0404298
7 1.47796 1.31542 0.0436053
8 1.48512 1.33663 0.043313
9 1.42414 1.34635 0.0394165
10 1.41976 1.35369 0.0360114
11 1.62632 1.37848 0.0409301
12 1.42927 1.38271 0.0376029
13 1.22785 1.3708 0.0365834
14 1.49828 1.3799 0.0350723
15 1.52084 1.3893 0.0339755
16 1.30504 1.38403 0.0322146
17 1.48693 1.39009 0.0308597
18 1.38945 1.39005 0.0290948
19 1.16101 1.378 0.0300454
20 1.46257 1.38222 0.0288155
21 1.6003 1.39261 0.0293103
22 1.4247 1.39407 0.0279843
23 1.53552 1.40022 0.027438
24 1.54556 1.40627 0.0269589
25 1.31264 1.40253 0.0261278
26 1.40733 1.40271 0.0251035
27 1.32481 1.39983 0.0243275
28 1.1825 1.39207 0.0246942
29 1.49613 1.39565 0.0240961
30 1.63224 1.40354 0.0245786
31 1.42988 1.40439 0.0237877
32 1.39569 1.40412 0.023034
33 1.268 1.39999 0.0227029
34 1.5047 1.40307 0.0222393
35 1.82274 1.41506 0.0247001
36 1.69961 1.42297 0.025272
37 1.58837 1.42744 0.0249827
38 1.45993 1.42829 0.0243314
39 1.58467 1.4323 0.0240361
40 1.27338 1.42833 0.023762
41 1.20928 1.42299 0.0237831
42 1.38984 1.4222 0.0232233
43 1.6843 1.42829 0.0234817
44 1.59524 1.43209 0.0232535
45 1.48589 1.43328 0.0227623
46 1.45775 1.43381 0.0222683
47 1.68628 1.43919 0.0224417
48 1.48343 1.44011 0.0219885
49 1.42012 1.4397 0.021539
50 1.73734 1.44565 0.0219273
51 1.58245 1.44834 0.0216598
52 1.48512 1.44904 0.021251
53 1.49691 1.44995 0.0208657
54 1.48227 1.45054 0.0204844
55 1.5112 1.45165 0.0201387
56 1.25269 1.44809 0.0200924
57 1.336 1.44613 0.0198345
58 1.28146 1.44329 0.0196953
59 1.34437 1.44161 0.019431
60 1.44881 1.44173 0.0191048
61 1.15603 1.43705 0.019364
62 1.47241 1.43762 0.0190576
63 1.57057 1.43973 0.018871
64 1.52494 1.44106 0.0186215
65 1.47961 1.44165 0.0183424
66 1.49911 1.44252 0.0180833
67 1.74844 1.44709 0.0183873
68 1.53665 1.44841 0.0181627
69 1.31438 1.44646 0.0180026
70 1.28815 1.4442 0.0178871
71 1.45354 1.44433 0.0176339
72 1.42087 1.44401 0.0173903
73 1.44974 1.44409 0.0171506
74 1.30291 1.44218 0.0170245
75 1.35648 1.44104 0.0168348
76 1.55236 1.4425 0.0166762
77 1.75737 1.44659 0.0169586
78 1.40597 1.44607 0.0167479
79 1.29095 1.44411 0.0166507
80 1.38834 1.44341 0.016456
81 1.24733 1.44099 0.0164309
82 1.34448 1.43981 0.0162719
83 1.26103 1.43766 0.0162183
84 1.28833 1.43588 0.0161224
85 1.50882 1.43674 0.0159547
86 1.15551 1.43347 0.0161036
87 1.39325 1.43301 0.0159241
88 1.1771 1.4301 0.0160085
89 1.4665 1.43051 0.0158329
90 1.27745 1.42881 0.0157481
91 1.48984 1.42948 0.0155885
92 1.5812 1.43113 0.0155061
93 1.30432 1.42976 0.0153989
94 1.82797 1.434 0.0158122
95 1.27385 1.43231 0.0157355
96 1.20693 1.42997 0.0157467
97 1.49517 1.43064 0.015598
98 1.62238 1.43259 0.0155615
99 1.48769 1.43315 0.0154136
100 1.22196 1.43104 0.0154041
