1 -5.47753 -5.47753 0
2 -5.45736 -5.46745 0.010087
3 -5.4783 -5.47106 0.00685551
4 -5.45896 -5.46804 0.00571399
5 -5.46307 -5.46705 0.00453599
6 -5.50669 -5.47365 0.00757474
7 -5.46574 -5.47252 0.00650084
8 -5.45159 -5.46991 0.00620833
9 -5.44029 -5.46662 0.00638796
10 -5.47343 -5.4673 0.00575401
11 -5.41356 -5.46241 0.00713814
12 -5.44773 -5.46119 0.00663001
13 -5.45895 -5.46102 0.00610116
14 -5.42686 -5.45858 0.00615291
15 -5.43682 -5.45713 0.00590876
16 -5.47163 -5.45803 0.00560095
17 -5.45531 -5.45787 0.0052636
18 -5.45343 -5.45763 0.00496872
19 -5.50902 -5.46033 0.00542289
20 -5.46958 -5.46079 0.00516534
21 -5.44682 -5.46013 0.00495806
22 -5.44572 -5.45947 0.00477246
23 -5.4505 -5.45908 0.00457689
24 -5.43965 -5.45827 0.00445621
25 -5.47927 -5.45911 0.00435595
26 -5.45804 -5.45907 0.00418526
27 -5.45342 -5.45886 0.0040327
28 -5.48924 -5.45995 0.00403457
29 -5.45605 -5.45981 0.00389528
30 -5.43773 -5.45908 0.00383451
31 -5.43812 -5.4584 0.00376989
32 -5.47414 -5.45889 0.00368319
33 -5.48329 -5.45963 0.0036456
34 -5.43301 -5.45885 0.00362241
35 -5.40963 -5.45744 0.00378806
36 -5.44165 -5.457 0.00370738
37 -5.43743 -5.45647 0.00364438
38 -5.43703 -5.45596 0.00358389
39 -5.42023 -5.45505 0.00360903
40 -5.48011 -5.45567 0.00357303
41 -5.49244 -5.45657 0.00359835
42 -5.45059 -5.45643 0.00351452
43 -5.41541 -5.45547 0.00356196
44 -5.43859 -5.45509 0.00350116
45 -5.44981 -5.45497 0.00342449
46 -5.43551 -5.45455 0.00337583
47 -5.41121 -5.45363 0.00342949
48 -5.45523 -5.45366 0.00335745
49 -5.45331 -5.45365 0.00328822
50 -5.38568 -5.45229 0.00349685
51 -5.42615 -5.45178 0.00346572
52 -5.46784 -5.45209 0.00341242
53 -5.47469 -5.45252 0.00337446
54 -5.42969 -5.45209 0.00333826
55 -5.43605 -5.4518 0.00328996
56 -5.48786 -5.45245 0.00329422
57 -5.47276 -5.4528 0.00325548
58 -5.47193 -5.45313 0.00321581
59 -5.45908 -5.45323 0.00316244
60 -5.45791 -5.45331 0.00311026
61 -5.50087 -5.45409 0.00315666
62 -5.44464 -5.45394 0.00310907
63 -5.43148 -5.45358 0.00308003
64 -5.43936 -5.45336 0.00303965
65 -5.44256 -5.45319 0.00299712
66 -5.47855 -5.45358 0.00297626
67 -5.41457 -5.453 0.00298875
68 -5.49982 -5.45368 0.0030239
69 -5.46741 -5.45388 0.00298638
70 -5.45873 -5.45395 0.00294423
71 -5.46156 -5.45406 0.00290444
72 -5.44873 -5.45399 0.00286477
73 -5.42682 -5.45361 0.00284967
74 -5.49533 -5.45418 0.00286688
75 -5.45893 -5.45424 0.0028291
76 -5.42185 -5.45381 0.00282398
77 -5.40741 -5.45321 0.00285148
78 -5.45743 -5.45327 0.0028152
79 -5.48707 -5.45369 0.00281209
80 -5.46217 -5.4538 0.00277874
81 -5.48654 -5.4542 0.00277382
82 -5.46369 -5.45432 0.00274223
83 -5.47036 -5.45451 0.00271587
84 -5.4982 -5.45503 0.00273328
85 -5.42675 -5.4547 0.00272135
86 -5.50539 -5.45529 0.00275336
87 -5.49429 -5.45574 0.00275821
88 -5.47971 -5.45601 0.00274026
89 -5.44765 -5.45592 0.00271092
90 -5.48623 -5.45625 0.00270171
91 -5.43827 -5.45606 0.00267916
92 -5.41661 -5.45563 0.00268434
93 -5.47942 -5.45588 0.00266761
94 -5.38965 -5.45518 0.00273153
95 -5.4915 -5.45556 0.00272953
96 -5.49155 -5.45594 0.00272684
97 -5.45173 -5.45589 0.00269893
98 -5.42137 -5.45554 0.00269438
99 -5.45732 -5.45556 0.00266709
100 -5.51935 -5.4562 0.00271625
