1 2.21257 2.21257 0
2 2.18435 2.19846 0.0141074
3 2.21162 2.20285 0.00925065
4 2.18496 2.19838 0.00792305
5 2.19379 2.19746 0.00620536
6 2.25118 2.20641 0.0102874
7 2.19482 2.20476 0.00885073
8 2.17949 2.2016 0.00829004
9 2.16285 2.19729 0.00848432
10 2.20745 2.19831 0.00765631
11 2.1324 2.19232 0.00915755
12 2.1764 2.19099 0.00846419
13 2.188 2.19076 0.00778933
14 2.14705 2.18764 0.0078584
15 2.16045 2.18583 0.00753703
16 2.20666 2.18713 0.00716954
17 2.18668 2.1871 0.00673466
18 2.18066 2.18674 0.00635957
19 2.25495 2.19033 0.00700524
20 2.20605 2.19112 0.00669208
21 2.16941 2.19009 0.00644886
22 2.17116 2.18922 0.00620865
23 2.17563 2.18863 0.00596192
24 2.16346 2.18759 0.00580367
25 2.21617 2.18873 0.00568291
26 2.18525 2.18859 0.00546161
27 2.18275 2.18838 0.00525989
28 2.22949 2.18985 0.00527692
29 2.18569 2.1897 0.00509372
30 2.16256 2.1888 0.00500352
31 2.15845 2.18782 0.00493747
32 2.20768 2.18844 0.00482079
33 2.21819 2.18934 0.00475858
34 2.15368 2.18829 0.00473415
35 2.12493 2.18648 0.00494052
36 2.17008 2.18603 0.00482289
37 2.16162 2.18537 0.0047369
38 2.15931 2.18468 0.00466126
39 2.13924 2.18352 0.0046873
40 2.21489 2.1843 0.00463544
41 2.23086 2.18544 0.00466143
42 2.17651 2.18522 0.00455405
43 2.13019 2.18394 0.00462738
44 2.16493 2.18351 0.00454159
45 2.17901 2.18341 0.00444065
46 2.15708 2.18284 0.00438061
47 2.12766 2.18166 0.00444424
48 2.18479 2.18173 0.00435116
49 2.18257 2.18175 0.00426147
50 2.09426 2.18 0.0045272
51 2.14577 2.17933 0.00448799
52 2.20042 2.17973 0.0044195
53 2.20881 2.18028 0.00436989
54 2.14839 2.17969 0.00432868
55 2.15748 2.17929 0.0042684
56 2.22946 2.18018 0.00428617
57 2.20923 2.18069 0.00424104
58 2.20559 2.18112 0.00418934
59 2.18807 2.18124 0.00411941
60 2.18498 2.1813 0.00405065
61 2.24425 2.18233 0.00411517
62 2.17023 2.18214 0.00405296
63 2.15373 2.18169 0.00401351
64 2.16369 2.18141 0.0039603
65 2.16873 2.18121 0.00390377
66 2.21721 2.18176 0.00388267
67 2.13127 2.181 0.00389782
68 2.2445 2.18194 0.00395196
69 2.20091 2.18221 0.00390396
70 2.18599 2.18227 0.00384817
71 2.19147 2.1824 0.0037958
72 2.17602 2.18231 0.00374375
73 2.14648 2.18182 0.00372459
74 2.23621 2.18255 0.00374673
75 2.19041 2.18266 0.00369792
76 2.13998 2.18209 0.0036919
77 2.12144 2.18131 0.0037278
78 2.18943 2.18141 0.00368117
79 2.22993 2.18202 0.0036858
80 2.19007 2.18213 0.00364083
81 2.22468 2.18265 0.00363379
82 2.19393 2.18279 0.00359183
83 2.20192 2.18302 0.00355577
84 2.24192 2.18372 0.00358249
85 2.15003 2.18332 0.0035622
86 2.24841 2.18408 0.00360098
87 2.23484 2.18466 0.00360685
88 2.21589 2.18502 0.00358324
89 2.17292 2.18488 0.00354536
90 2.22648 2.18535 0.00353609
91 2.16015 2.18507 0.00350795
92 2.13016 2.18447 0.00352058
93 2.21769 2.18483 0.00350078
94 2.10049 2.18393 0.00357767
95 2.23276 2.18445 0.00357693
96 2.2271 2.18489 0.00356725
97 2.17711 2.18481 0.0035312
98 2.13936 2.18435 0.00352562
99 2.19006 2.1844 0.00349031
100 2.27048 2.18526 0.00356082
