1.25104
2.61219
3.43266
3.64114
4.11705
4.49126
5.20067
5.24702
5.38981
5.89572
6.3344
6.34723
6.1168
6.10835
5.90191
5.93484
6.37564
6.5388
7.23166
7.38193
8.20145
7.56061
7.85742
7.50588
7.24679
6.96191
7.35395
7.49375
7.45217
7.27648
7.36587
7.4518
7.49339
7.43032
7.1436
7.03638
7.23007
7.12445
7.16448
6.93898
6.51212
6.71704
7.01547
7.09442
6.80875
6.50856
6.64248
7.03708
6.93085
7.02005
7.32286
7.38527
7.06017
7.20549
7.62184
7.22798
6.84911
6.13699
6.54644
6.32518
6.7354
6.42497
6.70072
6.91574
7.28856
7.82575
7.92905
7.91641
7.90818
7.63319
7.73322
7.51557
7.56196
7.42666
7.08999
6.87332
7.07528
7.10445
6.66807
6.40947
6.37903
6.28108
6.3638
6.41853
6.6967
7.21649
7.17898
6.95118
6.99452
6.90069
6.98312
6.96644
7.11557
7.0276
7.17177
7.14169
7.24009
7.57949
7.4722
7.58568
7.19968
7.6797
7.84915
7.9273
7.89727
7.594
7.4404
7.42459
7.61653
7.34137
7.65023
7.53353
7.10067
7.07751
7.33923
7.23673
6.99092
6.78019
7.10769
7.01197
7.24451
7.97173
7.4787
7.6307
7.7103
7.49798
7.12131
6.9553
7.16885
7.286
6.43025
6.62361
6.96513
6.83247
6.55024
7.20284
7.15958
7.13616
7.19211
7.28331
7.56239
7.26239
7.15267
7.3704
7.36164
7.41824
7.60742
7.79575
7.66685
7.36078
7.34599
7.52166
7.48889
7.4124
7.47032
7.17621
7.18993
7.49486
7.07497
7.63727
7.7186
7.29214
7.23597
7.63915
7.39232
7.53921
7.75049
7.98845
8.09636
7.65424
7.76017
7.65512
7.7606
7.46346
7.36765
7.04429
7.37187
7.22472
6.90581
7.18213
7.22743
7.19719
6.84095
7.07883
7.36186
7.06451
7.18238
7.46086
7.3525
7.55838
7.48777
7.80744
8.09527
7.66775
6.94344
7.2817
7.23084
7.70711
6.9807
6.98698
7.11265
7.1562
7.44345
7.26551
7.08477
6.9146
7.15916
7.4401
7.78134
7.69231
7.58456
7.14281
7.61725
7.76319
8.08024
8.46076
7.88369
7.46801
7.77089
7.26978
6.82524
6.83846
6.72008
6.8012
7.0252
6.96613
7.04669
7.10299
7.058
7.28837
7.5708
7.72061
7.51699
7.70006
7.49575
7.31741
7.34715
7.43691
7.8983
8.37592
8.15003
7.87031
7.72726
7.38884
7.51461
7.80744
8.09718
8.45472
8.01473
8.47333
8.03529
8.55486
8.39748
8.13961
7.87287
7.25649
7.31234
7.58284
7.29922
6.74798
6.4533
6.24118
6.21248
6.37804
6.52699
6.9215
7.18544
7.16435
7.34876
7.35082
7.57207
8.04259
7.64725
7.27113
7.25
7.43665
7.58924
7.41928
7.59527
8.23478
8.44425
8.26964
7.90921
8.16425
7.83829
7.41634
7.95997
7.82808
7.99964
8.15522
7.93649
8.00498
7.65057
7.64064
7.79253
7.60287
7.99467
7.84408
8.17666
8.20193
8.03179
7.94619
7.96582
7.773
8.24615
8.05904
7.92713
8.00979
8.85963
9.15817
9.03078
9.11382
9.01934
8.55611
8.63249
8.88543
8.31166
8.01452
7.77735
7.78221
7.65437
7.4771
7.62917
7.7665
7.68463
7.58106
7.90267
7.86265
7.74475
7.93545
7.95149
7.63654
7.29858
7.397
7.43644
7.75292
8.21271
8.34903
8.2747
8.47203
8.10285
7.84338
7.9517
7.49532
7.58981
7.56714
7.5459
8.00737
7.86013
7.16468
7.18222
7.23195
7.01275
7.39008
7.67517
7.97526
7.67324
7.97452
7.95921
7.93858
7.74772
7.89231
8.60535
7.9728
7.80464
7.40558
7.47822
8.16877
7.5787
7.53128
7.77172
7.72543
7.74875
7.59189
7.56453
7.83772
7.94334
7.71531
7.9425
7.36278
7.53271
7.33135
7.40951
7.62474
7.41777
7.29658
7.09206
7.46059
7.42035
7.30306
7.4812
7.23947
7.43409
7.68786
7.76597
8.02269
7.79407
7.39425
7.34799
6.82222
7.0851
7.06247
7.21559
7.34284
7.1721
7.05874
7.21847
7.06887
7.12942
7.02224
6.88611
6.97873
6.92749
7.05247
6.80229
7.13715
7.2927
8.10706
7.76274
7.51985
7.42701
7.02067
6.40838
6.97061
7.16516
6.99512
6.79527
7.29659
7.26009
7.49629
7.35
7.40051
7.58132
7.68798
7.90768
7.28126
6.89962
7.34323
7.51818
7.59859
7.42578
7.29728
7.17845
6.71942
6.80003
7.34352
7.09294
7.38655
7.05187
7.25895
7.08537
7.34567
7.24311
7.25135
7.61187
7.73403
7.83797
7.81405
8.25516
7.55539
7.52364
7.88834
7.87632
7.67985
7.34252
7.35715
7.03337
6.97423
7.14576
7.14115
7.08254
7.66699
7.68819
7.8308
8.06949
7.9932
7.91883
7.93692
7.56262
7.46926
7.61184
7.44403
7.109
7.01083
7.53323
7.37154
7.30803
7.73097
7.30861
7.50294
7.96173
7.47294
7.63929
7.63905
7.44224
7.40319
7.6082
6.98504
7.2172
7.07965
7.01136
6.99677
7.13397
6.9048
7.15985
6.99828
6.91638
7.17689
7.00567
7.14787
7.13405
7.00679
7.47346
7.45478
7.58441
7.69311
7.23914
7.69739
7.39296
7.56798
7.09803
7.65383
7.71527
7.73584
7.21471
6.96872
7.15852
6.81285
6.43442
6.53972
6.33882
6.57615
6.85177
6.79279
6.75162
6.71748
6.93718
6.52333
6.53303
6.74746
6.92514
6.96057
6.94539
6.7156
7.11717
6.75186
6.80074
7.27418
7.4431
7.67927
7.55038
7.51328
7.77487
7.93877
7.92468
7.91009
7.80161
7.62253
7.2522
7.27815
7.35878
7.3653
7.15402
7.07714
7.25458
7.25502
7.6128
7.71917
7.12808
7.63462
7.35842
7.13745
7.23853
7.44236
7.81933
7.77414
8.20997
7.80707
7.5617
7.80961
8.10681
8.09932
8.57566
8.17899
8.27885
8.13138
8.35121
8.55245
8.39437
8.19798
7.8081
7.54383
7.39851
7.34311
7.5221
7.59764
7.28058
7.52427
7.16411
7.14706
6.95511
7.2102
7.38232
7.36873
7.32776
7.22125
7.38259
7.48508
7.44919
7.46899
7.44129
7.49526
7.24235
6.82228
6.73428
7.17584
7.12192
7.01013
7.17226
6.69587
6.79517
6.54883
6.8337
6.98871
6.97617
7.09175
7.10421
7.18893
7.65879
7.89093
7.70919
7.48274
7.89883
7.8806
7.58275
7.46131
7.08945
6.79819
6.43666
6.86145
7.07894
7.30633
7.44661
7.20073
7.45008
7.2755
7.42287
7.44458
7.13673
7.25147
7.43193
7.53779
7.52726
7.68212
7.59855
6.95529
7.08562
7.49455
7.39065
7.10913
7.21307
6.98055
6.84387
6.9677
6.8946
7.17107
7.82876
7.91149
7.59935
7.54832
7.149
7.41523
7.23394
7.22478
7.12268
7.49805
7.47577
7.69579
7.13889
6.918
7.1396
7.27908
6.9115
6.65834
6.56259
6.3788
6.33509
6.28918
6.58121
6.9467
6.92715
6.78145
6.82549
6.97257
7.4065
7.42648
7.23652
7.48958
7.50981
7.00389
6.9876
7.57268
7.72583
8.15454
7.6122
7.68377
7.85999
7.74375
8.09725
8.15162
7.98122
8.03045
8.01231
7.85724
7.67161
7.94597
7.70212
8.2694
7.95043
7.49532
7.58561
7.77839
7.84564
7.98474
8.17191
8.31323
7.99303
8.01792
7.62577
7.63822
8.15789
8.00928
7.60098
7.41581
7.45908
7.19446
7.08342
7.20739
6.84563
6.91567
7.2746
7.31008
6.86013
7.33487
7.81628
7.62942
7.48511
7.33418
7.24771
7.86164
7.65835
7.81305
7.97314
8.18321
7.65889
7.54914
7.6148
7.76306
7.62386
7.41541
7.5047
7.53317
7.37006
7.1564
6.96687
6.98382
7.22377
7.09642
7.33763
7.36451
7.10196
6.91914
6.80503
6.77185
6.62486
6.64471
6.53817
6.70957
7.24495
7.49984
7.64666
7.65464
7.66667
7.45718
7.14171
7.32553
7.29885
7.3279
7.44724
6.82144
6.6176
6.94623
6.87719
6.90504
6.74631
6.70517
6.49908
6.91347
7.27663
6.97579
7.08602
7.49368
7.60706
7.35889
7.10273
7.78631
7.56836
7.60319
7.22978
7.68881
7.50131
7.82049
8.08495
7.89794
7.90364
7.28056
7.22086
6.85727
7.03907
7.09178
7.38583
7.50664
7.52517
7.99438
7.8881
7.71053
7.59468
7.0148
7.59742
7.28405
7.63429
7.47963
7.71431
8.05994
8.11471
7.89888
7.70892
7.50891
7.76064
7.70145
7.6988
7.99613
7.91302
7.89837
8.03259
7.94351
8.43261
7.91234
8.39322
8.46584
8.39159
7.88362
7.81863
8.11954
7.78705
7.95556
7.481
7.12998
7.51578
6.92889
7.35462
7.17543
7.1311
7.27546
7.24018
6.9064
6.86614
6.74751
6.95281
6.87948
6.91477
6.84342
6.97817
7.17745
6.89341
7.01115
6.88494
7.37313
7.63096
7.54466
7.63936
7.71209
8.06086
8.00968
8.47569
8.09508
8.03151
7.85253
7.92909
7.6974
7.54763
7.86512
8.21146
8.4828
8.4196
8.45099
8.59049
8.15102
7.52705
7.71363
7.92306
7.8362
7.35101
7.20462
7.37674
7.19177
7.43166
7.59159
7.25155
7.39738
7.60671
7.71055
8.06724
7.6285
7.12698
7.13126
7.46421
7.59895
8.03039
7.93402
8.35325
8.17663
7.88797
7.65868
8.12631
7.87667
7.61733
7.19004
7.18065
6.80869
6.9738
7.00573
6.97079
7.00665
7.05744
7.21279
7.43318
7.80366
7.82735
7.8117
7.68023
8.06285
8.09503
7.63126
7.48671
7.61341
7.27738
8.02753
7.72328
7.31234
7.54336
7.34862
7.30824
7.83024
7.87568
7.93728
8.00387
7.60341
7.95749
8.32352
8.30433
8.42375
8.39018
8.37212
8.43268
8.19908
7.92609
7.87666
8.20239
8.03274
7.72401
7.34999
7.32264
7.77466
7.40306
7.27324
7.1928
7.09499
6.71874
7.5571
7.47461
7.40169
7.34393
7.52921
7.7115
7.42281
7.76257
7.98904
7.99803
8.45978
7.82459
7.68294
7.70678
7.81974
7.48864
7.27238
6.9805
7.42943
7.53085
7.43915
7.71852
7.3814
7.17645
6.93165
6.79397
6.85386
6.75938
6.19744
6.06909
6.11029
6.50493
6.3063
6.47468
6.72516
6.95306
6.78237
6.8979
7.04552
6.99365
7.23772
7.2126
7.06317
7.38641
7.13142
7.20933
7.33892
7.87214
7.94275
8.15736
8.07048
7.54146
7.95647
8.04732
7.91272
7.70343
7.70041
7.55724
7.24591
7.57485
7.50112
7.46125
7.75492
7.79332
7.92883
7.86902
7.71129
7.82302
7.71839
7.2716
7.4674
7.62494
7.7036
7.50824
7.3525
7.48503
7.57608
7.61282
7.60911
7.61949
7.44998
7.63291
7.27139
7.38659
7.36382
7.10391
7.14887
7.50416
7.37931
7.54579
7.89685
7.881
8.03182
8.08108
8.05144
8.0431
8.18439
8.04959
8.06838
8.19401
8.78649
8.72181
8.63484
8.84694
8.53435
8.50651
8.50291
8.54916
8.60426
8.7242
8.38271
8.36953
8.62262
8.07583
7.97472
8.25391
7.98908
7.59479
7.52616
8.17307
8.28389
8.13483
8.24373
7.7921
8.37657
7.91836
8.09435
7.79705
7.68458
8.06168
7.9384
7.76111
7.94656
7.97828
8.08266
7.84417
7.90881
8.00724
8.01253
7.71363
7.54722
7.16869
6.97915
7.55607
7.78385
7.62893
7.91023
7.91501
7.68874
7.47783
7.66453
7.5831
7.89535
8.86175
9.03825
8.59819
8.41354
8.19321
8.21313
8.03565
7.52886
7.5852
7.33412
7.60102
7.45234
7.59452
7.34223
7.48988
7.39156
7.53816
8.05851
8.2935
8.32069
8.15275
8.28764
8.72795
8.32834
7.64844
7.64111
7.78866
8.30313
8.04199
8.01538
8.00752
7.8432
7.79857
7.97108
7.89996
7.6366
7.74328
7.51039
7.38061
7.2907
7.16773
7.42363
7.71508
7.55826
7.13086
6.97509
6.74115
6.96644
7.33286
7.38818
7.32522
7.61328
8.17067
7.81507
7.84965
7.71238
7.45152
7.31198
7.20788
7.26628
7.4001
7.91571
7.78693
7.39116
6.63185
7.0097
7.14233
7.36661
7.60276
7.58902
7.81305
7.84564
7.96696
7.82731
7.8621
7.79721
7.59062
7.77592
7.40352
7.29737
7.25511
7.10935
7.02614
7.41637
7.54158
7.92004
7.7148
7.28571
6.866
6.85611
7.01528
7.27484
7.16236
7.60813
7.70511
8.03435
8.19237
8.29861
8.32211
8.39388
8.06731
8.36908
8.6712
8.19938
7.81528
7.92439
7.78332
7.83231
8.17044
8.23603
7.93175
7.89975
7.72596
8.18016
7.99513
7.86972
7.85284
7.7938
7.48229
7.30817
7.39726
7.81476
7.89937
7.9413
8.60823
8.63312
8.05773
8.04221
8.02829
8.08253
7.85864
7.87221
8.0419
7.90129
7.82744
7.93881
7.72024
7.47477
7.79312
7.82004
7.59047
7.8038
7.51618
7.54566
7.5847
7.95331
7.48211
7.8081
8.06183
7.88768
7.5757
7.77932
7.92026
7.72126
7.80707
7.89636
7.38359
7.28556
7.6251
7.84481
7.62384
8.03614
7.94423
7.86458
7.78784
7.81315
8.18711
7.93733
7.58721
7.73035
7.48806
7.56329
7.4215
7.89885
7.70028
7.59406
7.61938
7.63906
7.59739
7.6767
7.45482
7.87956
7.88131
7.84725
8.08335
7.96838
8.16635
7.77825
8.09809
7.94434
7.9237
7.9644
7.57365
7.68949
7.83732
7.95744
7.93712
7.38718
6.81683
7.08467
7.1361
7.36975
7.48696
7.36309
6.93687
6.77471
6.71675
6.55955
6.31215
6.50061
6.5388
6.75432
6.95434
7.04513
6.76032
7.48864
7.5828
7.03089
6.99815
7.2431
6.97378
6.78755
6.68215
6.73265
7.17154
6.98039
7.4132
7.44417
7.872
7.99869
7.14301
7.35748
7.22782
7.4413
7.11272
7.18292
7.68529
7.63069
7.8964
7.87793
7.3231
7.54546
7.61393
7.87189
7.97765
7.76734
7.7771
7.49953
7.49115
7.69834
7.43551
7.51247
8.06832
7.53295
7.25023
7.12667
7.69106
7.85657
7.97176
7.86851
7.46009
6.96481
6.94144
7.1395
7.44183
7.43482
7.60246
7.26834
6.91419
6.88529
6.91358
7.00825
7.25639
7.28629
7.37676
7.33148
7.03736
7.2251
7.71109
7.20122
7.0208
7.21492
7.222
7.30851
7.21282
6.81658
6.96027
6.93246
6.70669
6.85591
6.86015
7.22771
7.4829
7.17811
7.73201
7.85251
8.18904
7.7323
7.30662
7.52513
7.35436
6.99006
7.06932
7.13894
7.08524
7.34373
7.58667
7.21511
7.17654
7.28639
7.28755
7.48903
7.61072
7.6716
7.02401
6.69766
6.99251
7.06829
7.10933
6.81416
7.06853
6.65482
7.13901
7.54282
7.57078
7.47061
7.26373
7.19694
6.75929
6.69661
6.81305
6.61896
6.62272
7.25782
7.03751
7.20398
7.42866
7.86935
7.67103
7.52447
7.75046
7.54831
7.37462
7.35051
7.13606
7.16982
6.97529
7.15125
7.32391
7.3131
7.23355
6.94839
6.98282
6.90976
6.74851
7.0773
7.18274
7.32006
7.11803
7.14197
7.41725
7.62546
7.258
7.58963
7.72148
7.7191
7.56489
7.63444
7.56452
7.83862
7.73254
7.37917
7.58917
7.70842
7.40961
7.27221
7.48247
8.09524
7.95558
7.9063
7.93463
7.60956
7.77413
7.51366
7.80712
7.85627
7.55577
7.75035
7.78326
7.84138
7.86163
8.08539
7.98214
7.86267
8.19467
8.12915
7.91785
7.99215
7.65887
7.39294
7.60171
8.06265
8.17836
8.02545
7.9452
7.59971
7.91622
7.53983
7.415
7.87218
8.00081
8.1938
7.93502
8.2868
8.15317
8.20042
7.95656
7.57259
7.88104
7.76275
7.75584
7.91259
7.74407
7.63615
7.47521
7.67543
7.50453
7.82904
7.73477
7.57379
7.56686
7.4325
7.22409
7.56366
7.65604
7.69259
7.81509
7.81427
7.62787
7.29662
7.35652
7.24288
7.27087
6.81597
6.80166
6.95707
7.20131
7.33495
7.80895
8.19204
7.97579
8.04819
7.85925
7.90307
8.359
7.96253
7.6008
7.78064
8.34445
7.77333
7.84902
7.66532
7.2055
7.25812
7.21179
7.29087
7.31952
7.53179
7.9263
7.90795
7.82981
7.3864
7.17165
7.42933
7.33532
7.60438
7.16156
7.35629
7.56013
7.84118
8.0731
7.71803
8.00089
7.89466
7.6523
6.67643
6.78826
7.27071
6.74939
6.76749
7.07206
7.31509
6.70792
6.56222
6.89033
7.29331
7.77963
7.5138
7.47027
7.70534
7.2243
7.17894
7.28791
7.32735
6.93914
7.41135
7.51688
7.55126
7.73834
7.54097
7.53418
8.02938
7.81369
7.58456
8.1528
8.25142
8.36554
8.66459
8.62549
8.42127
8.37925
7.97538
7.91431
8.09734
8.21469
8.22148
8.33905
8.41774
8.06989
8.1976
8.44782
8.31591
8.08065
7.8126
8.46042
8.41891
8.6593
8.40576
8.34176
8.32832
8.20307
8.18362
7.94281
7.55273
7.69552
7.49808
7.42555
7.50922
7.72105
7.51721
7.44979
7.54767
7.19228
7.02207
7.54322
7.70621
7.58211
7.1217
7.37353
7.4696
7.88824
7.42778
7.45713
7.52379
7.21989
7.62228
7.66134
7.61556
7.41437
7.66778
7.91072
7.79875
8.02535
7.98388
8.14147
8.12851
8.03592
8.00998
8.54253
8.55665
8.30022
8.05266
8.08843
7.43669
7.456
7.29196
7.70495
8.07917
7.9635
7.68311
7.45169
7.56435
7.56059
7.85554
7.91611
8.0452
8.0905
7.69134
7.25472
7.09673
7.24658
7.15472
7.49013
7.7561
7.94062
7.96593
8.23853
8.36746
8.22596
8.1544
8.31919
8.41005
8.21326
8.34457
8.25224
8.24746
8.68955
8.56203
8.25738
8.16324
8.39545
8.63008
8.2721
8.0111
7.92528
7.8374
7.77566
7.37591
7.64034
7.3187
7.42753
7.59194
7.34276
7.32697
7.3312
7.41259
7.36389
7.50972
7.23975
7.17653
7.14823
7.09251
7.43338
7.04778
7.19236
7.20977
7.24368
7.15838
7.33975
7.39203
7.6534
7.77519
7.54409
7.49267
7.87672
7.65775
7.62151
7.65066
7.91311
7.90117
7.54262
8.18236
8.31675
8.23195
8.52216
7.97726
7.81266
7.98068
7.60851
7.97621
8.47179
8.23068
8.29075
8.41339
8.12346
8.30252
8.3815
8.08638
7.99779
7.94078
8.65868
8.65222
8.39058
7.9908
7.86951
7.93375
7.69099
7.60478
7.86736
7.99849
7.87484
7.97047
7.92943
8.23399
8.34894
8.05608
8.02482
7.88705
8.22192
8.08208
7.68945
7.66834
7.33471
7.58943
7.74255
7.24363
7.62055
7.23559
7.54738
7.71394
8.16383
7.7139
7.40225
7.22827
7.43488
7.14974
7.18238
7.40218
7.41654
7.42261
7.38402
7.46848
7.7809
7.47193
7.04483
7.86009
7.638
7.94508
7.7505
7.54205
7.44315
7.23573
7.42203
7.41813
7.49107
7.80903
7.25786
7.31557
7.00848
7.31911
7.49393
7.79429
7.94935
7.71816
7.58683
7.39276
7.18397
7.17678
7.20914
7.82019
7.83671
7.68786
7.75553
8.10116
8.00997
7.67857
7.68544
7.27314
7.19234
7.03666
7.39621
7.26929
7.42619
7.32435
7.17564
7.1148
7.00833
7.27901
7.30918
7.25166
7.2927
7.47103
7.25101
7.29496
7.67965
7.35347
7.23113
7.19912
7.02956
7.06824
7.25393
7.0101
7.20426
7.5081
7.67371
8.02724
7.84845
8.19571
7.8912
7.95506
7.55239
7.46355
7.4088
7.77808
7.64811
7.592
7.44943
7.56057
7.83261
7.70239
7.24111
7.14747
7.05231
7.29857
7.57868
7.00284
6.7681
6.71051
6.80343
7.04948
6.89746
7.20602
7.63051
7.98019
8.07961
8.07014
7.76049
7.65306
7.90051
7.69137
7.63936
7.78471
7.35274
7.14848
7.09398
7.0859
6.9536
6.88215
7.04054
6.74955
6.98409
7.12014
6.88006
7.06737
6.95309
6.47608
6.661
6.6435
6.66302
6.87184
7.15516
7.04069
6.87764
6.81483
6.78321
6.91171
7.00439
6.90001
6.85724
6.65089
6.9193
7.06954
7.15838
7.24096
7.01448
7.1358
6.91847
6.89729
6.92374
7.08384
7.26401
7.60333
7.33451
7.93742
8.08095
7.61747
7.58502
7.53947
7.37772
7.59451
7.78218
8.04641
7.6589
7.91595
8.09851
7.98272
7.25992
7.25012
6.96067
7.12557
7.20392
7.32299
7.50601
7.74514
8.15552
7.78261
8.47511
8.17666
8.30003
8.31768
7.63274
7.45744
7.98103
7.6295
7.39504
7.40941
7.18374
7.26105
7.34133
7.34689
7.39478
7.68442
7.88576
7.57259
7.31202
7.4999
7.40042
7.89531
8.21023
7.66037
7.71541
8.18512
7.87785
7.70059
7.42653
7.45648
7.53975
7.82148
7.96029
7.36502
7.63044
7.38963
7.2749
6.87258
7.05093
7.22758
7.20249
7.402
7.38034
7.06827
7.37535
6.87797
6.76245
7.14181
6.65955
6.29206
6.64105
6.50273
6.52484
6.36748
6.63914
6.62121
6.78025
6.71515
7.02554
6.97164
7.00662
7.16421
7.24554
7.18004
7.1948
7.08778
7.14678
7.20042
7.08718
7.26968
7.50978
7.19389
6.88568
6.87803
6.7767
7.17849
7.10563
7.456
7.24897
7.11205
7.28499
7.34203
6.96667
7.29503
7.64634
7.33825
7.38417
7.35523
7.68231
7.85747
7.39864
7.13796
7.17944
7.21816
6.99615
7.10618
6.59571
6.74495
7.24607
7.48114
7.53333
7.95592
7.85958
8.19803
8.31093
8.35629
7.52573
7.96469
7.73985
7.57944
8.0211
8.08447
8.16711
7.90644
8.19922
8.50137
8.33333
7.56017
7.72802
7.63677
8.08808
7.81485
7.69443
7.7124
8.08174
8.28911
7.42046
7.84121
7.74827
7.19102
6.68037
6.85619
6.97022
6.97893
6.94024
6.74914
6.75316
6.89817
7.22559
7.3604
7.21286
7.22352
7.32316
7.18237
7.07969
6.83167
7.20135
7.63159
7.48003
7.40452
7.69883
7.50583
7.28799
7.13081
7.07878
7.18086
7.60024
7.30607
7.17619
7.46854
7.49351
7.96851
8.16386
8.07888
7.65719
7.8526
8.29966
8.31952
8.29208
8.44305
8.35066
8.72656
8.81946
8.8178
8.30941
8.29097
8.05003
7.76097
7.1663
7.36877
7.30099
7.34473
7.60578
7.20249
7.5449
7.30095
7.428
7.35448
7.50407
7.81733
7.43543
7.70164
7.8617
7.17762
7.29695
7.37691
7.2818
7.48428
7.47142
7.22193
7.3991
7.32241
7.76694
7.0417
7.11851
7.3017
7.54114
7.16392
7.07394
7.46065
7.55085
7.05811
6.97971
6.89214
6.76578
6.64165
6.87859
6.77826
6.91467
7.10346
6.9605
7.13736
7.94983
7.89485
7.86068
7.6775
7.61643
7.31677
7.33222
7.48216
7.03509
6.82414
7.04536
6.87388
6.80897
6.8994
7.12768
7.17894
7.10093
7.24106
7.38929
7.10632
7.05315
7.39091
7.32023
7.31852
7.25332
7.10596
7.00005
7.23727
7.31048
7.56194
7.41342
7.75547
8.56812
8.03536
8.29024
8.41356
8.11217
8.04006
8.13898
8.60635
8.71805
8.26306
8.71351
8.24883
7.8492
7.36987
7.56665
7.81244
7.96804
7.95791
7.91256
7.80312
7.54668
7.53699
7.88119
8.0148
7.91607
7.68632
7.28606
7.19881
7.04334
7.26028
7.56338
7.59621
7.53238
7.97638
7.45475
7.39233
7.24449
7.44216
7.57899
8.05263
7.93028
7.58873
7.397
7.57847
8.32421
8.00749
8.25161
7.91844
8.04773
8.06629
8.05582
7.88158
7.79993
7.59702
7.35934
7.5439
7.15882
7.20744
6.95726
7.14281
7.68577
7.03779
7.10754
6.73402
7.07141
7.08963
7.16589
7.12384
7.31459
7.60772
7.67699
7.30899
7.54334
7.45682
8.01794
7.6537
7.61254
7.52311
7.7644
7.35721
7.69201
7.52548
7.56684
7.46522
7.48057
7.41356
7.45782
7.26088
7.01807
6.86965
6.85726
7.09134
7.7137
7.74188
8.29024
8.0099
8.45991
8.28943
8.12801
7.42746
7.51927
7.51878
7.29742
7.10764
7.56709
7.50964
7.27187
7.27476
7.17267
7.20537
7.24945
7.51569
7.59558
7.6049
7.3217
7.09796
7.06071
6.81219
7.11599
6.96385
7.41926
7.75781
7.90918
8.04879
7.53836
7.21614
7.01829
7.36052
7.56791
7.41302
7.08128
7.17277
7.80325
7.82198
8.11232
8.08708
8.37684
7.92505
7.74007
7.53205
7.43778
7.19481
7.22229
7.59755
7.65983
7.46083
7.41643
7.66707
7.83353
7.64153
7.12114
7.35509
7.61237
7.64281
7.68857
7.68965
7.86166
7.75753
8.03761
7.90198
7.78095
8.08801
7.81091
7.66703
7.55002
7.37912
7.21448
7.27073
6.99437
6.66509
6.49135
6.37338
6.67654
7.00271
6.80229
7.06747
7.27667
7.34561
7.38201
7.67471
7.5575
7.22242
7.0728
7.04406
7.34014
7.44606
7.30466
6.89053
6.70813
6.72365
6.76934
6.92865
6.90935
7.00194
7.05255
7.21134
7.11253
6.95951
7.02439
7.05967
7.29919
7.51786
7.40654
7.10477
7.19877
6.96863
6.61068
6.65742
6.71649
6.85656
6.79293
7.05751
7.09184
6.90064
6.75926
6.5365
6.80542
6.4748
6.53256
6.34278
6.79017
7.22376
6.92467
6.88891
6.66912
6.54093
6.56333
6.67044
7.31534
7.56545
7.80178
7.85973
7.55858
8.00446
7.99654
8.31364
8.19974
8.12473
8.17622
8.07416
8.0475
8.12959
7.66375
7.31389
7.67961
7.89186
7.88202
7.5425
7.62881
7.39486
7.84291
7.76752
7.83239
7.7953
8.07993
8.23533
8.22012
7.85477
7.57018
7.69103
7.76918
8.17768
8.0066
8.57857
7.83549
7.60279
7.41206
7.26031
7.64895
7.59179
8.03049
7.80348
7.61193
7.89809
7.83596
7.99493
7.96025
8.14983
8.13689
8.46505
8.22533
7.96912
7.6177
7.65847
7.20297
7.01754
7.26059
7.44263
7.47826
7.72502
7.61708
7.49227
7.49557
7.21792
7.5341
7.25006
7.22358
6.89617
6.8789
7.03021
7.28976
6.95325
7.18267
7.10517
7.34241
7.25723
7.23316
7.31985
7.19985
7.74157
8.01819
7.61163
7.94921
7.88298
7.80314
7.62044
7.58579
7.44068
7.32819
7.44393
7.59854
7.64015
7.79151
7.24066
7.36235
7.29257
7.63271
7.79104
7.73548
7.36856
7.23544
7.35899
7.48327
7.418
7.26446
7.12024
7.29541
7.47729
7.3213
7.56865
7.7233
7.76883
7.27204
7.46478
7.33637
7.31628
7.04967
7.00005
7.12041
7.23523
7.74871
7.81275
8.14222
7.88109
7.90589
7.44219
7.57726
7.79332
7.84647
7.95044
8.14221
8.26091
8.54619
8.53771
8.45049
8.47058
8.57535
8.18128
8.40728
8.78296
7.84397
7.9124
7.54527
7.69293
7.492
7.29565
7.40827
7.66265
7.44706
7.83787
7.87448
7.9857
8.21684
8.12762
7.9216
8.17198
8.04334
7.79356
7.37275
7.81602
7.72786
7.40953
7.02386
6.64312
6.82248
6.79063
6.72753
7.01548
7.17381
7.14858
6.97082
7.13248
7.0082
6.8903
7.51087
7.59636
7.07273
6.86161
6.96459
6.61732
6.97136
6.9103
6.94777
7.23433
6.68056
7.08914
6.84886
6.50382
7.0267
6.65079
6.3828
6.06976
6.48697
6.38592
6.5173
6.73264
6.56567
6.82936
7.24428
6.90461
7.00425
7.23506
7.39933
7.17146
7.21076
7.02574
7.18023
7.81917
7.80271
7.80563
7.91127
7.76209
7.42801
7.40892
7.27899
7.58387
7.234
7.24646
7.4332
7.18685
7.40234
7.76041
7.73515
7.18053
7.20094
7.17624
7.31416
7.30201
7.15887
7.2545
7.64998
7.71403
7.33887
6.98716
6.95784
7.06577
7.07039
6.72009
6.86167
7.60588
7.09875
6.83308
6.39282
6.8064
6.3793
6.49059
6.26634
6.39748
6.69492
6.41861
6.48315
6.84362
6.51584
6.85506
6.32469
6.12314
6.31947
6.411
6.61945
7.16169
7.1016
7.33642
7.60083
7.58132
7.12511
6.97368
7.59471
7.46936
7.53437
7.4877
7.51585
7.71278
7.48656
7.58621
7.75196
8.20055
7.905
7.87309
7.64032
8.32096
8.17885
7.78472
7.86538
7.33054
7.33921
7.37735
7.42523
7.31915
7.18893
6.98075
7.38243
7.60499
7.35664
7.36432
7.5558
7.38369
7.84517
7.55217
7.97099
7.91391
7.92996
7.6014
7.6161
8.00316
7.57644
7.34268
7.65225
7.6849
7.77533
7.59128
7.84624
7.72988
7.49413
7.89989
7.60289
8.25163
8.3539
8.70758
8.18786
7.88484
7.85482
7.92909
7.57424
7.53662
7.74284
8.10304
8.13988
7.86264
7.73057
8.14921
8.31872
8.05745
8.2657
7.52056
7.51887
7.63739
7.44437
7.14445
7.19387
7.23796
7.29346
7.14681
7.37366
7.54234
7.56567
7.50394
8.14257
7.99371
7.60978
7.26762
7.57146
7.35762
7.18669
6.96577
7.12369
7.00943
7.35099
7.63634
7.22323
7.67312
7.58664
7.72865
8.09768
8.34185
8.41864
8.41092
7.99644
8.27542
7.98536
8.19535
8.16634
8.39137
8.05264
8.15218
8.19066
8.37929
8.20345
8.24532
7.99666
8.42359
7.9971
7.53685
7.45627
8.12724
7.95968
7.95635
8.33787
8.31657
7.55672
7.07212
7.01692
6.8609
7.21793
7.41357
7.65405
7.9486
8.12635
7.9856
8.28983
7.70621
7.69252
7.75417
8.04128
7.8715
8.22892
8.06911
7.90348
7.7425
8.24063
7.99547
7.96571
8.04168
8.01289
7.76932
7.65986
7.52602
7.99993
7.84515
8.07336
8.36167
8.09568
8.17342
8.06661
7.74011
7.85018
7.25386
6.95445
7.34388
7.49401
7.43712
7.24378
7.37152
7.72063
7.80265
7.91327
7.78073
7.56799
7.50815
7.15134
6.73514
6.90274
7.31377
7.05032
6.76013
7.21629
7.54106
7.62581
7.8031
7.58545
7.54734
8.13531
7.82049
7.92163
7.77069
7.62981
7.33824
6.8959
7.62818
7.64674
7.25194
7.24479
6.99363
6.71384
7.28831
7.39858
7.64699
7.38113
6.91717
7.0185
7.09326
7.39692
7.07205
6.93418
7.44507
7.23885
7.02791
7.29845
7.13735
7.5902
7.55849
7.49585
7.89677
7.72686
7.53126
7.48365
7.52094
7.48789
7.5688
7.18957
7.08475
7.48059
7.67903
7.56806
7.57967
7.66149
7.84363
7.51175
7.92265
7.86174
7.68339
7.74815
7.60057
7.70921
7.99881
8.14595
8.17244
8.14268
8.02038
7.92545
7.74785
7.99188
7.73047
7.39106
7.1046
6.77906
6.87093
6.64437
6.37238
6.54027
6.52214
6.72213
6.78656
6.84082
6.82801
6.74439
7.16369
7.32706
7.3689
7.41561
7.41503
7.67298
7.81591
7.87242
7.75139
8.29847
7.99392
7.89693
7.62089
7.88947
7.90737
7.63189
7.27087
7.53528
7.45724
7.7013
7.89427
7.93733
8.13447
7.99775
7.88082
8.17745
7.99079
7.53627
7.41112
7.72658
7.69849
8.08493
8.26074
8.45727
8.13699
8.56896
8.27661
8.14663
8.19327
8.15777
7.35116
7.50015
7.85593
8.09537
8.453
8.20299
8.56591
8.41003
8.6873
8.63979
8.47209
8.52678
8.50465
9.01597
8.36218
8.39922
8.50907
8.82533
8.7261
8.47171
8.44385
8.28775
8.02583
7.70123
7.8113
7.50983
7.26175
7.39501
7.32284
7.17006
7.56001
7.26214
7.7171
7.97561
8.14459
8.24548
7.60455
7.41445
7.03387
7.01405
7.32328
7.544
7.49324
7.43833
7.37631
7.44267
7.44544
7.92473
8.34822
8.11229
8.15151
8.08913
7.92373
7.99115
7.75318
7.7562
7.41193
7.02005
7.06571
7.2083
7.69453
7.70311
7.75437
7.66674
7.79559
7.86494
7.87592
7.65574
7.45743
7.08181
7.06972
7.27434
6.92504
7.09875
7.4556
7.49569
7.98975
8.43428
8.0914
8.01158
7.77596
7.72477
7.42455
7.65659
7.49491
7.64921
7.93777
7.96837
7.67512
7.4812
7.48699
7.27097
7.35193
7.67139
7.53863
7.84749
7.6496
7.62834
7.9282
7.92007
7.86644
8.08497
7.68521
7.94677
8.37998
7.84052
7.61241
7.41925
7.70089
7.27062
7.54103
7.67237
7.69167
7.62346
7.52249
7.90345
7.29447
7.78004
7.61269
7.94804
8.34777
8.51801
8.35623
7.93035
7.6355
8.0053
7.86159
7.92668
7.68567
7.47455
7.45763
7.30095
7.92357
7.50855
7.82899
7.61936
7.40397
7.30248
8.03656
7.97868
8.12746
7.84591
7.93952
8.03398
8.07949
8.16793
7.88758
7.77261
7.79873
7.93945
7.9124
7.53684
7.67499
7.77475
7.67514
7.32076
7.03829
7.13974
7.03163
7.12653
6.72516
7.0457
6.77422
6.88551
7.49761
7.62507
7.46805
7.72829
7.45184
7.5311
7.5967
7.27837
7.52361
7.52451
7.12927
7.23326
7.24327
7.40363
7.25498
7.20547
7.5176
7.60795
8.03126
7.68091
8.01904
7.76409
7.79099
7.91301
8.03101
7.82645
7.48004
7.67074
7.67556
8.02058
7.53846
8.04171
8.00931
8.1989
8.30441
8.24503
7.88743
8.025
7.8805
7.42142
7.24742
7.48235
7.801
7.53195
7.2106
7.14461
6.88179
6.97609
7.17722
7.27231
7.43856
7.34326
7.83597
7.61427
7.59748
7.61432
7.41358
7.60335
7.70487
7.9235
7.39214
7.43047
7.64795
7.67308
7.51453
7.78165
7.77116
7.58759
7.41607
7.11266
7.39881
7.43691
7.52139
6.85286
7.08135
6.81701
6.98666
7.15271
7.09483
7.05259
6.96884
6.8737
6.81421
6.74742
7.02767
6.9286
7.08866
6.96659
7.21251
7.39027
7.57265
7.32472
7.4717
7.53588
7.47141
7.1261
7.20214
7.12846
7.68859
7.95093
7.07594
6.76885
6.62601
7.14234
7.14372
7.20922
7.06859
6.91804
6.55743
7.05067
7.66294
7.14319
6.98213
7.22293
7.16625
7.17545
7.67203
7.70053
6.89062
7.00317
6.9368
6.66121
6.66334
6.84615
6.75984
6.58835
6.95794
7.33907
7.54658
8.04383
7.58995
7.66784
7.6407
7.63783
7.49592
7.70459
8.07478
7.77586
7.306
7.31676
7.32633
6.94049
7.33348
7.39705
7.18381
7.30129
7.90077
8.06083
7.9244
7.66463
7.61919
7.78561
7.93787
7.661
7.74448
7.65469
7.11199
7.14727
7.71078
8.73103
9.02521
8.35078
8.38015
8.38518
8.30755
8.62521
8.04706
7.53384
7.57838
7.41165
7.06673
7.02946
7.07582
7.23789
7.41369
7.36252
7.31566
7.13936
7.04104
7.02297
6.91804
7.70602
7.86408
7.75843
8.19953
8.24507
7.52422
7.58169
7.43424
7.87366
8.15192
8.3643
8.29135
8.46466
8.33304
8.1289
8.13002
8.13595
7.78818
7.81985
7.86518
7.6338
7.62161
7.59169
7.7522
7.65085
7.63699
7.53536
7.50606
7.30508
7.48125
7.04034
7.04442
6.80224
7.10201
7.12469
7.43197
7.77134
7.66714
7.34399
6.87826
7.00812
7.08097
7.29409
7.10771
6.90512
7.17377
7.7871
7.76286
7.27526
7.53737
7.77538
7.89824
7.58826
7.71119
7.72484
7.83685
7.7435
8.06962
8.03585
7.61184
7.55149
7.7303
7.71047
7.72729
8.06497
7.96365
7.14433
7.21927
6.86531
7.10517
7.63787
7.58937
7.2734
7.19234
6.68851
7.54523
7.36579
7.27163
7.35009
6.98013
7.05838
6.88271
7.13876
7.46569
7.54997
7.1615
6.942
7.32424
7.62055
7.85051
7.43443
7.89437
7.61351
7.50767
7.42647
7.00302
7.48394
7.52115
7.47962
7.3511
6.99449
7.37506
6.95257
7.30409
7.69399
7.53046
7.66421
7.85958
7.96802
7.6827
8.00477
8.17084
8.10598
8.31185
8.55123
8.80584
8.60015
8.08436
7.91227
8.09256
8.18871
8.06598
8.1203
7.42294
7.61267
7.44542
7.50198
7.3403
7.25455
7.53222
8.05576
8.57527
8.49538
8.29688
8.08025
8.12952
8.42299
8.18201
8.07135
8.0842
8.0668
8.41101
8.58056
8.72844
8.70982
8.1121
7.87702
8.21371
7.70329
7.79285
7.97541
8.14209
7.93978
7.94432
8.38985
8.39292
7.86633
8.0348
7.95882
7.82201
7.64036
7.03103
7.38566
7.63836
7.62796
7.86628
7.91283
8.18757
8.60091
8.3725
8.51193
8.09216
8.10339
7.77038
8.12381
7.89684
8.14146
7.97834
8.13475
8.15225
7.82434
7.91576
7.99428
7.90664
8.11573
7.59766
7.48442
7.18611
7.29456
7.53738
7.20083
7.0095
7.08124
7.23366
6.97286
6.71113
6.77307
6.80019
6.93556
7.09628
7.54907
7.11397
7.12539
7.23099
7.13775
7.47157
7.32955
7.59302
7.99291
7.63875
7.23526
7.33798
7.42524
7.56129
6.9907
6.71752
6.65912
6.90242
6.40594
6.56173
6.64037
6.9661
6.97812
7.19586
7.56194
7.16234
7.37178
6.72049
6.4611
6.8074
6.96221
7.50184
7.60262
7.5047
7.40523
7.20551
7.35602
7.95803
7.60999
7.76676
7.8698
7.99206
8.1575
8.07157
8.30148
8.05749
8.21466
8.04242
7.14338
7.03736
6.89528
6.9966
7.183
7.39681
7.2559
7.09832
7.35215
6.75002
7.0868
7.38341
7.43984
7.90023
7.97531
7.74842
7.62675
7.47095
7.72672
7.30799
7.37409
7.1134
7.10001
7.05713
7.19664
7.52105
7.48652
7.71049
7.85395
7.90333
7.8873
7.98181
7.90243
7.65586
7.59346
7.57016
7.58521
8.01951
8.01179
7.70188
7.90106
8.14898
7.70727
7.98712
7.97991
7.97674
7.59671
7.87423
7.40377
7.71932
7.61206
7.43853
7.42346
7.69555
7.68014
7.78397
7.68474
8.0059
8.15903
7.83296
7.54032
7.63897
7.55895
7.40607
7.86835
7.8839
7.79433
7.88882
7.39673
7.25873
7.32338
7.79592
7.59037
7.20926
7.52363
7.62198
7.353
7.55732
7.10928
6.97454
7.22749
7.47818
7.50334
7.29514
7.00313
7.34088
7.61932
7.48187
7.84918
7.70793
7.83333
7.75585
7.90182
7.63314
7.45404
7.25801
7.01619
7.45483
7.55226
7.0343
6.96957
7.12518
7.22234
7.17198
7.85097
7.70361
7.94243
7.65659
7.60396
7.59176
7.96544
7.43122
7.49608
7.99314
8.07095
8.3561
8.14675
8.30838
8.01766
7.95479
7.89301
7.9245
7.86388
7.63349
7.89749
7.62357
7.72675
7.60484
8.13543
8.06542
7.58132
7.28501
7.47455
7.23339
7.27309
7.37645
7.46551
7.84493
8.24417
8.01969
7.79073
7.71073
7.57314
7.67556
7.79177
7.63086
7.81394
7.90652
7.96034
7.87715
7.83603
7.69047
7.41884
7.17459
7.45668
7.67221
8.20873
8.08558
7.77766
7.95715
8.10343
7.79377
7.78026
7.21487
7.82007
7.60134
7.58872
7.36452
7.53427
7.65998
7.75099
8.22248
8.38075
8.37375
7.84948
7.76673
7.74596
7.50607
7.45339
7.03506
7.23389
7.18047
7.38531
7.46196
7.76924
7.95108
7.89701
7.83857
8.02705
7.79791
7.10726
7.50606
7.61145
7.25771
7.04422
7.19515
7.35785
7.51205
7.52041
7.58608
7.75325
7.96611
7.67495
7.72928
7.67496
8.10653
7.89539
7.76147
7.78568
7.78791
7.98513
7.71324
7.35836
7.45005
7.60264
7.85208
7.58327
7.3414
7.60793
7.52438
7.50538
7.2401
7.2856
7.12157
6.98106
7.14064
7.10567
7.36378
7.43801
7.4516
7.45717
7.38771
7.3033
7.13694
6.84817
6.64738
6.75251
6.82391
6.76134
6.7316
7.00808
7.33469
7.65861
7.75663
7.72894
8.34303
8.03467
7.76231
7.14113
6.80305
6.97801
6.94751
6.73783
6.84677
6.66311
6.30087
6.10975
6.69266
6.85812
7.21399
7.01255
6.85355
6.61767
6.82535
7.09006
7.23635
7.31033
7.08358
6.94357
6.86051
6.85877
6.47681
6.77767
6.85107
6.90948
7.23937
7.27591
7.01422
6.61247
6.73835
6.51392
6.69359
6.95135
6.8025
6.66834
6.9811
7.01204
6.97364
7.04464
6.81596
6.79371
7.20687
7.30605
7.27434
7.31356
7.7003
7.2277
7.558
7.65769
7.40666
7.94487
7.95492
7.86724
7.58892
7.57658
7.64787
7.74776
7.65761
7.27592
8.14612
7.78037
7.91866
7.56925
7.68737
7.77229
7.62023
7.85307
7.55475
7.60259
7.69751
8.16331
7.8441
7.87428
7.99935
8.5977
8.67311
8.30452
8.00424
8.19528
8.09249
8.41992
8.03284
7.65415
8.01149
7.8903
7.58245
7.58251
7.79273
7.6006
7.594
8.04871
7.77718
8.22654
8.24673
8.43133
8.42588
8.40032
8.12228
8.17389
7.87942
8.19478
7.81463
7.98131
7.60776
7.44049
7.68175
7.93222
8.08431
7.64239
7.03228
7.30268
7.04404
7.55192
7.90528
7.72067
7.60373
7.95535
8.45689
7.96782
7.8287
7.81678
7.95164
8.455
8.78934
8.39543
8.23481
7.98248
7.85887
8.2832
8.60361
8.5312
8.77364
8.34815
8.19053
8.50815
8.25094
8.59494
8.26985
8.27279
8.41132
8.17953
7.80741
7.52976
7.73392
7.53329
7.8973
7.69293
7.36609
6.95882
7.16671
7.48001
7.66487
7.31505
7.57053
7.65349
7.79934
7.65374
7.51051
7.67008
7.87063
7.77315
7.10201
7.01272
7.72103
7.72363
7.68099
7.46076
7.39768
7.34965
7.60302
7.32467
7.72183
7.94325
7.8154
8.12188
8.24496
8.02588
7.77364
8.05235
8.55584
8.36816
8.45433
8.75298
8.38476
7.96873
8.03942
8.51777
8.3601
8.20769
8.39066
8.70055
8.70047
8.62313
8.12587
7.85499
7.98508
8.08937
8.10553
7.69011
7.54365
7.63639
7.47288
7.55555
7.49899
7.62093
8.02054
8.61749
8.64278
8.66268
8.60005
8.78959
8.68951
9.18623
8.77623
8.76283
8.73935
8.57064
8.56425
8.31423
8.1638
8.16774
8.48847
8.4861
8.10991
8.08954
8.26472
8.37882
7.59657
7.50049
7.87274
7.87194
8.40003
8.00061
8.08525
8.51571
8.16029
7.84779
8.3385
8.10083
8.09401
7.85284
7.8523
8.39357
8.85879
8.96284
8.91529
8.54586
8.03102
7.95929
8.1127
8.29188
8.59912
8.36976
8.18677
8.00282
7.81002
8.01569
7.85607
7.90717
8.13173
7.95799
7.78493
8.28538
7.96193
8.24917
8.33203
7.76296
7.45983
7.41125
7.47699
7.37284
7.6758
8.14531
7.98558
7.60593
7.5122
7.84797
7.90811
7.78606
7.86593
8.1081
8.08986
8.29421
8.15545
8.27088
8.2431
8.12207
8.09414
7.7163
7.70281
7.56905
7.89209
7.38723
7.13476
6.90729
7.40732
7.42512
7.71208
7.82419
7.43024
7.66113
7.66279
7.49585
7.77617
7.97511
7.83097
7.8503
8.10738
8.24011
8.17068
7.87784
7.96066
7.78938
7.56973
7.42244
7.4117
7.81528
7.82508
7.84823
7.81242
7.80791
7.96087
7.22943
7.2586
7.42531
7.13247
7.37911
7.1478
7.31885
7.32222
7.50415
7.64372
7.59386
7.50937
7.78989
7.43468
7.56366
7.33749
7.2091
7.15114
7.40941
7.6241
7.70881
7.48403
7.67199
7.3854
7.19053
7.50256
7.47554
8.06596
8.3399
8.02749
8.36973
8.50516
8.24963
8.0035
7.76177
7.67494
7.52086
7.75728
7.85011
7.91058
7.58932
7.85156
7.30645
7.28096
7.51762
7.79213
7.45498
6.57095
6.63174
6.90316
7.39937
7.71406
7.93079
7.51365
6.82015
6.49364
6.51217
6.30285
6.75384
6.38512
6.5064
6.77713
6.83044
7.04372
7.26096
7.34886
7.3131
7.63484
7.86796
7.25993
7.43165
7.936
7.65152
7.18798
7.07378
7.32293
7.20071
7.56119
7.60373
8.09626
7.81921
7.67607
7.81169
7.34785
6.96508
6.93486
6.7641
6.97678
7.23795
7.62613
7.32026
6.89525
6.73097
6.56201
6.71159
6.78547
6.7311
6.78655
6.26991
6.02916
6.49507
6.58524
6.25722
6.22233
6.3135
6.66389
6.41242
6.79278
7.13895
7.18629
7.02002
7.23553
7.13345
7.30467
7.38831
7.54158
7.32578
7.56695
7.63274
7.20441
7.25667
7.62701
7.59943
7.61164
7.86678
7.48596
7.62555
8.16588
8.02385
7.8498
7.83474
7.11258
7.20161
7.19705
7.62236
7.83588
7.46931
6.81739
6.85756
6.89273
7.25075
7.34968
7.56465
6.82376
6.84667
7.41505
7.63016
7.27168
7.84803
7.5318
7.84905
8.21982
7.86683
7.74483
7.88389
7.60102
8.04069
7.857
7.55189
7.65268
7.5855
7.54118
7.80491
7.64461
7.73197
7.25254
6.98106
7.02787
7.61925
8.00501
7.74425
7.59323
7.59521
7.94741
7.86213
7.72834
7.49935
7.56442
7.70503
7.40371
7.45194
7.35315
7.41791
7.41384
7.58922
7.78793
8.0205
7.88882
7.68985
7.52322
7.27309
7.27268
7.26011
7.67306
7.58291
7.43411
7.46201
7.29558
7.49985
7.54485
7.67145
7.32857
7.50486
7.76574
7.85599
8.0504
7.84179
7.75144
7.74348
7.38295
7.53755
7.72979
7.63579
7.81813
7.51181
8.03309
8.06312
7.99575
7.92217
7.64646
7.27346
7.24916
7.17817
7.50863
7.56055
7.52207
7.34886
7.73295
7.89999
8.09096
7.79933
7.18325
6.9988
7.29586
7.05867
7.09786
7.43287
7.35302
7.49347
7.70643
7.74079
7.54583
7.23396
7.21803
7.40032
7.41356
7.48779
7.36381
7.46657
7.80986
7.61833
7.7397
7.89699
7.80608
8.05628
8.18837
7.91393
7.32627
7.83086
7.82162
7.15843
7.25727
7.54869
7.73544
7.60691
7.65527
7.42311
7.69265
7.94374
7.58157
7.43062
7.50276
7.25532
7.11777
7.03232
7.0833
7.2677
7.28486
7.15343
7.14314
7.32118
7.4368
7.7047
7.72843
7.78452
7.88522
7.75019
7.64621
7.52608
7.88138
7.66615
7.51944
7.92657
7.95143
7.72274
7.88748
8.25966
7.98841
7.70609
8.14479
7.89331
8.00281
8.3875
8.35947
8.18242
8.39363
8.50209
8.46546
8.13327
8.59932
8.16524
7.7716
7.8903
8.04176
7.9012
8.01056
8.19282
8.18603
7.74004
7.49209
7.56383
7.7728
7.93155
7.94388
8.13938
8.44721
8.31541
8.35981
8.18915
8.41692
7.95657
7.85639
8.33887
8.57675
8.5587
8.24431
8.59367
8.33045
8.21326
8.14522
7.80298
7.82402
7.78838
7.55548
7.85921
7.89263
7.79877
7.89589
7.94773
8.12306
8.5404
8.91843
8.53737
8.29823
8.15442
7.9966
7.96453
8.34955
8.17554
7.82311
7.71066
7.82354
8.05048
8.28411
8.51167
8.56417
8.42573
8.15834
8.30632
8.18021
8.21857
8.13223
8.4045
8.02321
7.99717
7.91505
7.90509
7.7232
7.68423
7.6936
7.62834
7.37586
7.95488
7.28601
7.44451
7.20442
7.49566
7.67013
7.82909
8.13993
8.10516
8.4333
8.43253
8.74753
8.71594
8.28426
8.12013
8.41078
7.82794
7.77486
7.8737
8.0846
7.97758
7.98818
8.53375
8.8867
8.80433
9.0943
9.07719
8.78646
8.82399
8.51221
8.82188
8.71254
8.50587
8.12791
8.08687
8.38675
7.96285
7.69717
7.5796
8.11331
8.21802
8.62331
8.2283
7.91488
7.71853
7.74951
7.6004
7.99035
8.17557
8.23781
7.96746
8.57838
8.34231
8.15421
8.03308
7.92035
7.91753
7.5692
7.75623
7.56912
7.49655
7.71663
7.86806
7.94132
7.86958
7.80595
8.19121
8.28102
8.31692
7.77757
7.43898
7.75068
7.33285
7.2529
7.46524
7.49814
7.7483
7.82212
7.80689
7.69168
7.6253
7.79721
7.67803
7.70233
7.59141
7.96402
8.0207
8.18955
7.95694
8.13249
8.31678
8.28719
8.39834
8.50866
8.3004
7.95535
7.78103
7.64963
8.00523
7.69387
7.71935
7.67857
7.59899
7.45443
7.58034
7.88532
7.61474
7.53977
7.40232
7.83205
7.54765
7.70997
7.51223
7.52243
6.76536
7.00769
6.71212
6.96069
7.49818
7.56508
7.49855
7.61588
7.58813
6.96061
7.3525
7.15136
7.47432
7.70305
7.15586
6.82585
6.92339
6.30622
6.64015
6.86065
6.927
7.22441
7.14509
7.45507
7.31053
7.72222
7.82148
7.58005
7.63807
7.70048
7.56754
7.64196
7.72782
7.77624
7.83017
7.83609
8.00909
8.02184
8.76371
8.68261
8.63264
8.93615
8.73017
8.54856
8.60233
8.2792
7.87405
7.79242
7.88064
7.54847
7.56408
7.62771
7.85326
8.2062
8.45631
8.0741
7.58757
7.79055
7.40249
6.82345
7.1438
7.45679
7.23234
7.3727
7.16263
7.16288
7.32075
7.38853
7.53666
7.56465
7.53747
7.47279
7.48177
7.54045
7.49656
7.76383
7.01125
6.54049
6.76588
6.83881
6.51468
6.41493
6.80153
6.95756
6.98337
7.27464
7.64662
7.4872
7.47637
7.41687
7.28121
7.40813
7.71144
7.82456
7.66802
7.05278
6.54966
6.49112
6.90848
7.15199
7.16332
7.38932
7.58025
7.37443
7.35609
7.58437
7.38998
7.29004
7.19217
7.29496
6.99987
7.08657
6.82066
7.25004
7.52069
7.32853
7.25116
6.94613
7.11148
7.38254
7.38644
7.30772
7.28298
7.17662
7.53588
7.18842
7.57467
7.69767
7.65693
7.52021
7.7013
7.59145
7.86594
7.6247
7.63494
7.78236
7.77435
7.56235
7.47338
7.82624
7.43557
6.43307
7.08279
7.17412
7.48261
7.61076
7.518
6.99687
6.34017
6.28883
6.31801
6.67337
6.96787
7.04138
6.77914
7.09238
7.11762
7.11988
7.42284
7.08737
7.15155
7.33837
7.1738
7.33474
7.40811
7.44605
7.83426
7.91298
7.43775
7.20214
7.63737
7.20355
6.84203
6.93813
7.29595
7.46603
7.34211
7.44991
7.74852
8.32772
8.41618
7.80676
7.38305
7.32929
7.66042
7.96314
7.8853
8.38333
8.11862
8.21692
7.95219
7.89597
7.86703
7.3473
6.92275
7.10255
7.16608
7.22318
7.23383
6.85124
7.18847
6.94983
7.15588
7.61037
7.48326
7.59817
7.63155
7.27076
7.44863
7.39955
7.42619
7.02827
6.54158
6.69653
6.56139
6.7347
6.79439
7.22445
7.33566
7.54917
8.25628
7.8354
7.59027
7.5185
7.61146
7.81303
7.40295
7.42178
7.22943
7.15492
7.03549
7.00588
7.54821
7.53221
7.67993
7.59232
7.36345
7.46238
7.78021
7.70249
7.61756
7.52859
7.91349
7.9294
7.90007
7.84016
7.90899
7.41811
7.82895
7.99532
7.93949
8.14572
8.08239
7.29007
7.12921
7.14763
6.8558
6.771
6.40038
6.59306
6.7198
6.93773
7.12003
7.3742
7.37308
7.18377
7.36927
7.52322
7.25136
7.22803
7.39414
7.71796
7.82128
