-8.71336
-8.46073
-8.30965
-8.26753
-8.18269
-8.11378
-7.98391
-7.97764
-7.95146
-7.85437
-7.77765
-7.77684
-7.81408
-7.81451
-7.8528
-7.84432
-7.76755
-7.73831
-7.61407
-7.58621
-7.43886
-7.5541
-7.50249
-7.57283
-7.61751
-7.66179
-7.58944
-7.56711
-7.58089
-7.60562
-7.59277
-7.57836
-7.57254
-7.57847
-7.63205
-7.65592
-7.61826
-7.6383
-7.62822
-7.67001
-7.74739
-7.71079
-7.6568
-7.64692
-7.6869
-7.73612
-7.71134
-7.63787
-7.65932
-7.64196
-7.58616
-7.57881
-7.64026
-7.61676
-7.53893
-7.60815
-7.67905
-7.80892
-7.73608
-7.77735
-7.70625
-7.76035
-7.71491
-7.67657
-7.60971
-7.51142
-7.49499
-7.49516
-7.49303
-7.54552
-7.52673
-7.56146
-7.55119
-7.5776
-7.63717
-7.67614
-7.63899
-7.63055
-7.70422
-7.75158
-7.76055
-7.78236
-7.77017
-7.75345
-7.70214
-7.60768
-7.61565
-7.6549
-7.6507
-7.66846
-7.6558
-7.65671
-7.63043
-7.64849
-7.61816
-7.62017
-7.6051
-7.54379
-7.56379
-7.54838
-7.61615
-7.53096
-7.49573
-7.47858
-7.48778
-7.53684
-7.55972
-7.56687
-7.53112
-7.58348
-7.53144
-7.55355
-7.63422
-7.64013
-7.59057
-7.60988
-7.65549
-7.69318
-7.63492
-7.65243
-7.61128
-7.47159
-7.56266
-7.53617
-7.51824
-7.56076
-7.62885
-7.65673
-7.61444
-7.59552
-7.75203
-7.72377
-7.66054
-7.68169
-7.73421
-7.61728
-7.62342
-7.62995
-7.61818
-7.59797
-7.54783
-7.60544
-7.62297
-7.58646
-7.59013
-7.57879
-7.54817
-7.51748
-7.54582
-7.60139
-7.60062
-7.56487
-7.56993
-7.58618
-7.57128
-7.61929
-7.62446
-7.56717
-7.64423
-7.54145
-7.52278
-7.60289
-7.60981
-7.54189
-7.57817
-7.55147
-7.51224
-7.47738
-7.4615
-7.5392
-7.52175
-7.54268
-7.52383
-7.57489
-7.59052
-7.65019
-7.59434
-7.62548
-7.67676
-7.6272
-7.61532
-7.62278
-7.68608
-7.6452
-7.59405
-7.64334
-7.62706
-7.57303
-7.59438
-7.55773
-7.57869
-7.51899
-7.46803
-7.5399
-7.66905
-7.60858
-7.61731
-7.53629
-7.66381
-7.6629
-7.64165
-7.63156
-7.58123
-7.6103
-7.64725
-7.68233
-7.63622
-7.58775
-7.52469
-7.53931
-7.55664
-7.63323
-7.54155
-7.51659
-7.46245
-7.39598
-7.50115
-7.57064
-7.50903
-7.60421
-7.68629
-7.6815
-7.70359
-7.68825
-7.64813
-7.6646
-7.65573
-7.64125
-7.64663
-7.60184
-7.54699
-7.51518
-7.55405
-7.52431
-7.55962
-7.59307
-7.58804
-7.57442
-7.48754
-7.40332
-7.44216
-7.49435
-7.51798
-7.57845
-7.56303
-7.51288
-7.45396
-7.37973
-7.46465
-7.37956
-7.4618
-7.37146
-7.40635
-7.46071
-7.50797
-7.61029
-7.59858
-7.54721
-7.59727
-7.70147
-7.75035
-7.79126
-7.78955
-7.76062
-7.7315
-7.66161
-7.62227
-7.62128
-7.59367
-7.58946
-7.55335
-7.46995
-7.54008
-7.60265
-7.60339
-7.56554
-7.54257
-7.58083
-7.55288
-7.4323
-7.38734
-7.42191
-7.49143
-7.44903
-7.50717
-7.58095
-7.48499
-7.5146
-7.48044
-7.45769
-7.49469
-7.47292
-7.53847
-7.5357
-7.51039
-7.53842
-7.47444
-7.50644
-7.449
-7.44033
-7.47612
-7.48611
-7.47762
-7.51874
-7.43087
-7.46442
-7.49459
-7.47574
-7.32633
-7.27023
-7.29576
-7.28223
-7.29494
-7.37308
-7.3614
-7.32212
-7.424
-7.47432
-7.51224
-7.51152
-7.53447
-7.56826
-7.54252
-7.51894
-7.53257
-7.55215
-7.49331
-7.50362
-7.52464
-7.48532
-7.47806
-7.53981
-7.60351
-7.58116
-7.57721
-7.51859
-7.44096
-7.41121
-7.42509
-7.3838
-7.45332
-7.50269
-7.48673
-7.56662
-7.54737
-7.54849
-7.56305
-7.4756
-7.49721
-7.62
-7.62044
-7.60866
-7.64657
-7.57598
-7.52859
-7.47736
-7.53152
-7.47325
-7.47856
-7.4842
-7.51569
-7.50119
-7.37165
-7.48351
-7.49954
-7.57355
-7.5623
-7.43958
-7.54825
-7.55962
-7.51231
-7.51834
-7.51656
-7.54684
-7.55832
-7.5064
-7.48453
-7.52481
-7.48735
-7.58988
-7.55824
-7.60033
-7.58366
-7.54312
-7.57676
-7.60103
-7.63758
-7.57179
-7.58058
-7.59961
-7.56229
-7.61048
-7.57639
-7.5279
-7.51849
-7.47067
-7.51452
-7.58304
-7.59174
-7.67845
-7.63505
-7.63992
-7.61229
-7.59055
-7.61902
-7.63832
-7.61274
-7.64139
-7.62644
-7.65065
-7.67775
-7.65766
-7.66784
-7.64618
-7.69136
-7.62714
-7.60104
-7.4545
-7.51295
-7.56602
-7.58034
-7.64779
-7.75557
-7.65849
-7.62462
-7.65641
-7.69283
-7.60005
-7.60835
-7.56788
-7.59531
-7.58679
-7.5547
-7.52934
-7.49206
-7.60564
-7.67282
-7.58969
-7.56161
-7.54125
-7.57183
-7.59449
-7.61608
-7.69575
-7.68434
-7.58866
-7.63591
-7.58597
-7.64492
-7.60979
-7.63595
-7.59075
-7.61031
-7.60689
-7.5362
-7.51731
-7.49714
-7.50234
-7.42226
-7.55122
-7.56419
-7.49377
-7.49436
-7.52772
-7.58858
-7.58579
-7.64695
-7.65651
-7.62302
-7.62226
-7.63443
-7.5291
-7.52623
-7.51005
-7.47218
-7.48043
-7.49169
-7.49588
-7.5564
-7.57328
-7.54378
-7.58032
-7.63962
-7.66391
-7.56407
-7.59379
-7.60171
-7.52542
-7.59873
-7.56291
-7.47815
-7.5712
-7.54457
-7.54358
-7.5825
-7.59185
-7.55334
-7.66242
-7.61785
-7.64359
-7.65829
-7.66427
-7.63746
-7.67103
-7.61982
-7.64912
-7.66657
-7.62453
-7.65435
-7.62168
-7.62981
-7.65463
-7.56949
-7.57086
-7.54197
-7.53332
-7.61056
-7.52652
-7.58085
-7.55071
-7.63255
-7.53177
-7.52232
-7.51856
-7.61627
-7.66313
-7.6242
-7.68858
-7.75755
-7.7364
-7.77429
-7.7329
-7.67918
-7.6938
-7.70143
-7.70786
-7.66948
-7.73978
-7.7353
-7.69796
-7.67024
-7.66768
-7.6624
-7.70479
-7.63225
-7.6996
-7.68555
-7.60392
-7.57348
-7.52836
-7.55206
-7.55804
-7.50906
-7.4759
-7.48258
-7.48558
-7.50773
-7.54194
-7.61344
-7.60591
-7.59038
-7.58545
-7.62184
-7.63504
-7.60617
-7.60792
-7.54483
-7.52029
-7.62621
-7.53914
-7.59045
-7.62672
-7.61219
-7.57963
-7.50417
-7.51525
-7.43804
-7.51137
-7.56082
-7.51677
-7.45854
-7.45484
-7.3721
-7.44323
-7.42384
-7.45375
-7.41697
-7.37026
-7.39818
-7.43593
-7.50865
-7.55467
-7.57781
-7.58989
-7.56149
-7.55355
-7.60792
-7.56146
-7.62224
-7.63117
-7.67044
-7.61632
-7.58453
-7.59167
-7.59375
-7.61691
-7.58737
-7.5661
-7.57611
-7.57084
-7.57358
-7.56096
-7.60959
-7.67926
-7.70133
-7.62473
-7.63549
-7.65745
-7.62627
-7.71299
-7.69553
-7.73993
-7.68757
-7.65935
-7.65748
-7.6314
-7.62807
-7.61537
-7.53796
-7.49965
-7.53087
-7.56899
-7.49638
-7.50015
-7.55326
-7.57353
-7.63613
-7.6968
-7.76051
-7.68092
-7.6415
-7.59708
-7.57
-7.61944
-7.57479
-7.60907
-7.58894
-7.58157
-7.63762
-7.6151
-7.58553
-7.56176
-7.55709
-7.53058
-7.54736
-7.65945
-7.63887
-7.56862
-7.5814
-7.63288
-7.61548
-7.65575
-7.67397
-7.65746
-7.66488
-7.61635
-7.49904
-7.48299
-7.54524
-7.55401
-7.62253
-7.5821
-7.60944
-7.61217
-7.63026
-7.56216
-7.56595
-7.5233
-7.62613
-7.66198
-7.61956
-7.59674
-7.66374
-7.71369
-7.72955
-7.76442
-7.77228
-7.78058
-7.73166
-7.66674
-7.66962
-7.69259
-7.68641
-7.65775
-7.58265
-7.5747
-7.6087
-7.56674
-7.56368
-7.65056
-7.65959
-7.54922
-7.51734
-7.43741
-7.53665
-7.52542
-7.49377
-7.51567
-7.45459
-7.44146
-7.47712
-7.47029
-7.48099
-7.5096
-7.53817
-7.48809
-7.52746
-7.4217
-7.48539
-7.56374
-7.54693
-7.51167
-7.49874
-7.47507
-7.43935
-7.41649
-7.4766
-7.47581
-7.54199
-7.54359
-7.45021
-7.47646
-7.54251
-7.58099
-7.56669
-7.61571
-7.63474
-7.61194
-7.67778
-7.66462
-7.60116
-7.60032
-7.67909
-7.59368
-7.50264
-7.53406
-7.56013
-7.58254
-7.59657
-7.48675
-7.52806
-7.50479
-7.47485
-7.43376
-7.52697
-7.54661
-7.53587
-7.51343
-7.53901
-7.57537
-7.55459
-7.55056
-7.58114
-7.62566
-7.65878
-7.6594
-7.62014
-7.63854
-7.59458
-7.58665
-7.62997
-7.66117
-7.68443
-7.69126
-7.71849
-7.71508
-7.73333
-7.70597
-7.60883
-7.56531
-7.54082
-7.53922
-7.53805
-7.57354
-7.62535
-7.58955
-7.59598
-7.58688
-7.56885
-7.67932
-7.7233
-7.66531
-7.68047
-7.67987
-7.70681
-7.71353
-7.75138
-7.67968
-7.6159
-7.66741
-7.63993
-7.56521
-7.55076
-7.58766
-7.63867
-7.51576
-7.55938
-7.54661
-7.61221
-7.5259
-7.56569
-7.50002
-7.45661
-7.49022
-7.48651
-7.59818
-7.61015
-7.67215
-7.63909
-7.63295
-7.58237
-7.55714
-7.55585
-7.47162
-7.49089
-7.52451
-7.54503
-7.65178
-7.54523
-7.60179
-7.53947
-7.56722
-7.52445
-7.46218
-7.45154
-7.49439
-7.52937
-7.5601
-7.51913
-7.5344
-7.53705
-7.48103
-7.49498
-7.48809
-7.4631
-7.47774
-7.38745
-7.48522
-7.40133
-7.39117
-7.40204
-7.48716
-7.49937
-7.43972
-7.50246
-7.47575
-7.56637
-7.62656
-7.55661
-7.66628
-7.59182
-7.62402
-7.63073
-7.60725
-7.61263
-7.67348
-7.68134
-7.70458
-7.66918
-7.67658
-7.67135
-7.68533
-7.6612
-7.62291
-7.67647
-7.65571
-7.67768
-7.59232
-7.54544
-7.56097
-7.53685
-7.52137
-7.45818
-7.46685
-7.38134
-7.4525
-7.4701
-7.50644
-7.49333
-7.53069
-7.56082
-7.50657
-7.44297
-7.39419
-7.40442
-7.40075
-7.37125
-7.45235
-7.55915
-7.52595
-7.48768
-7.50563
-7.58969
-7.61378
-7.58698
-7.61806
-7.57815
-7.54907
-7.60984
-7.58222
-7.54173
-7.52699
-7.46697
-7.54113
-7.62924
-7.62677
-7.56867
-7.5439
-7.46736
-7.48518
-7.4134
-7.44354
-7.50025
-7.53883
-7.45119
-7.49303
-7.5399
-7.61869
-7.61742
-7.67784
-7.65081
-7.64404
-7.65635
-7.64973
-7.64211
-7.61823
-7.57788
-7.50876
-7.50606
-7.51714
-7.53598
-7.46483
-7.46054
-7.54321
-7.5626
-7.53635
-7.59469
-7.45913
-7.51877
-7.59637
-7.55366
-7.59084
-7.59708
-7.50468
-7.49284
-7.47972
-7.47024
-7.55257
-7.49448
-7.42478
-7.42854
-7.41072
-7.41264
-7.4069
-7.3906
-7.43227
-7.49051
-7.49863
-7.44041
-7.4611
-7.51923
-7.58237
-7.5905
-7.51416
-7.57901
-7.60224
-7.62261
-7.63457
-7.69688
-7.54944
-7.56784
-7.58021
-7.59213
-7.55766
-7.52771
-7.58155
-7.52628
-7.48019
-7.48074
-7.39335
-7.51368
-7.53857
-7.54092
-7.51144
-7.56257
-7.60024
-7.65095
-7.57083
-7.56292
-7.57988
-7.5225
-7.58214
-7.62485
-7.66638
-7.68951
-7.67495
-7.69428
-7.79436
-7.81451
-7.80933
-7.74311
-7.78401
-7.74947
-7.70647
-7.67045
-7.70095
-7.67881
-7.65386
-7.66015
-7.61119
-7.62081
-7.64845
-7.59041
-7.63799
-7.62095
-7.59248
-7.49513
-7.48279
-7.43923
-7.45758
-7.55333
-7.48179
-7.46696
-7.48943
-7.53181
-7.53465
-7.55418
-7.60859
-7.55013
-7.56506
-7.56668
-7.52024
-7.51324
-7.48709
-7.49978
-7.52878
-7.50424
-7.52243
-7.60965
-7.57698
-7.54494
-7.52635
-7.55993
-7.58876
-7.56546
-7.55369
-7.55085
-7.54626
-7.5457
-7.57471
-7.54466
-7.60966
-7.59077
-7.59327
-7.64252
-7.62828
-7.56712
-7.58519
-7.55906
-7.49952
-7.49835
-7.47499
-7.46123
-7.46664
-7.45993
-7.43388
-7.45252
-7.45672
-7.42851
-7.32317
-7.3364
-7.34888
-7.31311
-7.37056
-7.38421
-7.38456
-7.37947
-7.37036
-7.34484
-7.40448
-7.40787
-7.36314
-7.4643
-7.4752
-7.42646
-7.47416
-7.54543
-7.55966
-7.44041
-7.42084
-7.44485
-7.42599
-7.50944
-7.40689
-7.49681
-7.46332
-7.51584
-7.53684
-7.46408
-7.48979
-7.52101
-7.49167
-7.47645
-7.45384
-7.50259
-7.48849
-7.4656
-7.46903
-7.52464
-7.5569
-7.61972
-7.65542
-7.55481
-7.51151
-7.53774
-7.48848
-7.48835
-7.5357
-7.5696
-7.53498
-7.55339
-7.49509
-7.31876
-7.27872
-7.36945
-7.40601
-7.44467
-7.43823
-7.46961
-7.55985
-7.55298
-7.59652
-7.5499
-7.57939
-7.55554
-7.60017
-7.56894
-7.58474
-7.55991
-7.46806
-7.42588
-7.41626
-7.4504
-7.42584
-7.34224
-7.42259
-7.54595
-7.54521
-7.52365
-7.43374
-7.47973
-7.48584
-7.48476
-7.51225
-7.52201
-7.48519
-7.49842
-7.54642
-7.53017
-7.56774
-7.59379
-7.60893
-7.62671
-7.57955
-7.52399
-7.55247
-7.62904
-7.65762
-7.70199
-7.66316
-7.59214
-7.58427
-7.59349
-7.54144
-7.44526
-7.50928
-7.49918
-7.52251
-7.5736
-7.59732
-7.61866
-7.61341
-7.58245
-7.48652
-7.51144
-7.57434
-7.71788
-7.65165
-7.62941
-7.58649
-7.54374
-7.54534
-7.50258
-7.50011
-7.47824
-7.50115
-7.49883
-7.51442
-7.5462
-7.50919
-7.57716
-7.59506
-7.5937
-7.6234
-7.64467
-7.57554
-7.55455
-7.48972
-7.52919
-7.60504
-7.67825
-7.6785
-7.64997
-7.60494
-7.62722
-7.54515
-7.52215
-7.46388
-7.43846
-7.41458
-7.4084
-7.39754
-7.45844
-7.4112
-7.35721
-7.43042
-7.50029
-7.48216
-7.5095
-7.50187
-7.4409
-7.42763
-7.4785
-7.48777
-7.5179
-7.43835
-7.47298
-7.49041
-7.49001
-7.50792
-7.56941
-7.5936
-7.57318
-7.50122
-7.48433
-7.4791
-7.36282
-7.36168
-7.45899
-7.46392
-7.46616
-7.45712
-7.49453
-7.49683
-7.46731
-7.49094
-7.50438
-7.48749
-7.52284
-7.57643
-7.51608
-7.51405
-7.56205
-7.51598
-7.56637
-7.56518
-7.55817
-7.49445
-7.57005
-7.51508
-7.46701
-7.49862
-7.5605
-7.52356
-7.49709
-7.52352
-7.51127
-7.49096
-7.57815
-7.59421
-7.53867
-7.50167
-7.54541
-7.47228
-7.4905
-7.5004
-7.5112
-7.50828
-7.44193
-7.48771
-7.54935
-7.52128
-7.56498
-7.54922
-7.57815
-7.48752
-7.52673
-7.54581
-7.54476
-7.54678
-7.55053
-7.52756
-7.5669
-7.4915
-7.49031
-7.49307
-7.44795
-7.47024
-7.44024
-7.513
-7.45954
-7.48711
-7.494
-7.47717
-7.55081
-7.5254
-7.49511
-7.4721
-7.48237
-7.58606
-7.68762
-7.6388
-7.62343
-7.58039
-7.56275
-7.57924
-7.66021
-7.69332
-7.7032
-7.73374
-7.78099
-7.75097
-7.74085
-7.70165
-7.66457
-7.64711
-7.69702
-7.56724
-7.54928
-7.65266
-7.65834
-7.60365
-7.65071
-7.68443
-7.70974
-7.70392
-7.62848
-7.66595
-7.58607
-7.57596
-7.50347
-7.47234
-7.62289
-7.58804
-7.60533
-7.56816
-7.62897
-7.6126
-7.52626
-7.53514
-7.48415
-7.49123
-7.59132
-7.55703
-7.54286
-7.50013
-7.48209
-7.51724
-7.51614
-7.56178
-7.56549
-7.52557
-7.57102
-7.56045
-7.46424
-7.56031
-7.60582
-7.63103
-7.53232
-7.49659
-7.48088
-7.49811
-7.56697
-7.65544
-7.66219
-7.62886
-7.57601
-7.57541
-7.53791
-7.59889
-7.66155
-7.66773
-7.65876
-7.64276
-7.60401
-7.59796
-7.58167
-7.5854
-7.64029
-7.60785
-7.51728
-7.60661
-7.6452
-7.61121
-7.61455
-7.60318
-7.62007
-7.69244
-7.66203
-7.66737
-7.70351
-7.67644
-7.67802
-7.61426
-7.5615
-7.62035
-7.51982
-7.49727
-7.43781
-7.51838
-7.59058
-7.55355
-7.57996
-7.65124
-7.63942
-7.62755
-7.63344
-7.58791
-7.54588
-7.60744
-7.60557
-7.58847
-7.59477
-7.55566
-7.53607
-7.53017
-7.64375
-7.70339
-7.65049
-7.63554
-7.62794
-7.68229
-7.64422
-7.71912
-7.63188
-7.56379
-7.55513
-7.57338
-7.607
-7.61881
-7.69933
-7.7067
-7.68643
-7.72387
-7.72202
-7.60514
-7.64506
-7.61459
-7.5715
-7.4959
-7.53079
-7.55433
-7.51982
-7.55857
-7.58788
-7.59099
-7.62935
-7.62185
-7.65768
-7.62827
-7.59621
-7.60101
-7.6185
-7.66793
-7.66053
-7.67721
-7.70183
-7.64458
-7.62425
-7.59872
-7.63401
-7.6255
-7.57317
-7.53874
-7.60627
-7.54929
-7.52746
-7.52338
-7.54797
-7.53625
-7.54327
-7.48923
-7.50914
-7.57846
-7.543
-7.51953
-7.58186
-7.60959
-7.57703
-7.46576
-7.48296
-7.49301
-7.49341
-7.54891
-7.5184
-7.56337
-7.50842
-7.49774
-7.55674
-7.52315
-7.51923
-7.50269
-7.4967
-7.45838
-7.4811
-7.50282
-7.43697
-7.45339
-7.49414
-7.48393
-7.54073
-7.59385
-7.54741
-7.46235
-7.43139
-7.46007
-7.47543
-7.53588
-7.48568
-7.55441
-7.57459
-7.48917
-7.46233
-7.43283
-7.48104
-7.42146
-7.44468
-7.4302
-7.47567
-7.54682
-7.49023
-7.51411
-7.51254
-7.48414
-7.51342
-7.53439
-7.56826
-7.53497
-7.56671
-7.5117
-7.53115
-7.56477
-7.56328
-7.58254
-7.62123
-7.55619
-7.54184
-7.53592
-7.51552
-7.51403
-7.55084
-7.60066
-7.58296
-7.60641
-7.59948
-7.68289
-7.68096
-7.65439
-7.61142
-7.59535
-7.51178
-7.43779
-7.47634
-7.46564
-7.49875
-7.49441
-7.40845
-7.47844
-7.54606
-7.51422
-7.41737
-7.52161
-7.5041
-7.53059
-7.61224
-7.60087
-7.60864
-7.59449
-7.58663
-7.54915
-7.48385
-7.48985
-7.50488
-7.57988
-7.61625
-7.56627
-7.58907
-7.53803
-7.61639
-7.58267
-7.5408
-7.48975
-7.44867
-7.51503
-7.46201
-7.48685
-7.53337
-7.70998
-7.68279
-7.59545
-7.69204
-7.69142
-7.63929
-7.59105
-7.701
-7.73092
-7.67178
-7.59613
-7.51507
-7.56451
-7.57271
-7.5273
-7.61434
-7.6224
-7.60103
-7.59342
-7.66307
-7.5786
-7.55855
-7.54991
-7.51698
-7.55461
-7.55515
-7.46464
-7.50546
-7.5463
-7.44576
-7.4248
-7.40776
-7.35695
-7.36945
-7.4027
-7.41218
-7.48549
-7.49242
-7.46654
-7.44537
-7.44002
-7.42052
-7.39902
-7.46003
-7.43866
-7.39541
-7.42238
-7.46056
-7.50999
-7.39355
-7.40417
-7.35974
-7.40798
-7.42
-7.41827
-7.44152
-7.44735
-7.48907
-7.55944
-7.53681
-7.5731
-7.58265
-7.57205
-7.53589
-7.57011
-7.57963
-7.56154
-7.62745
-7.65424
-7.55255
-7.51757
-7.55022
-7.62909
-7.59004
-7.57623
-7.49713
-7.578
-7.57096
-7.55727
-7.6087
-7.54018
-7.53623
-7.54348
-7.5786
-7.53707
-7.49166
-7.51409
-7.4762
-7.47535
-7.44835
-7.44463
-7.46493
-7.47528
-7.38843
-7.38011
-7.42573
-7.4647
-7.45739
-7.57361
-7.57413
-7.60183
-7.52662
-7.45916
-7.48033
-7.52233
-7.56964
-7.55101
-7.55056
-7.49632
-7.48723
-7.45909
-7.44516
-7.52123
-7.60351
-7.63047
-7.61173
-7.62892
-7.56363
-7.51503
-7.48287
-7.48472
-7.43239
-7.40886
-7.43649
-7.45264
-7.42372
-7.40249
-7.43081
-7.4132
-7.42435
-7.42877
-7.34965
-7.36313
-7.42326
-7.44211
-7.39928
-7.36307
-7.4357
-7.48365
-7.49976
-7.51377
-7.52861
-7.59693
-7.5569
-7.61138
-7.59161
-7.55907
-7.59987
-7.60097
-7.60543
-7.5842
-7.5914
-7.55959
-7.6087
-7.61637
-7.62097
-7.63384
-7.56771
-7.63312
-7.61003
-7.61454
-7.60684
-7.62424
-7.58865
-7.57807
-7.52883
-7.50511
-7.54964
-7.5556
-7.48677
-7.53276
-7.53329
-7.52922
-7.48235
-7.49565
-7.56449
-7.44809
-7.42535
-7.44008
-7.38332
-7.4805
-7.51224
-7.47641
-7.54567
-7.47958
-7.38609
-7.43236
-7.4215
-7.40967
-7.46
-7.42178
-7.39927
-7.45247
-7.47304
-7.48411
-7.35165
-7.35086
-7.39865
-7.47152
-7.49309
-7.48217
-7.53001
-7.54709
-7.50131
-7.46937
-7.48801
-7.46695
-7.47958
-7.42262
-7.39854
-7.44936
-7.45653
-7.48418
-7.42813
-7.45182
-7.52361
-7.53236
-7.59124
-7.5419
-7.51278
-7.60532
-7.53785
-7.60513
-7.55207
-7.51859
-7.44075
-7.5222
-7.57335
-7.60624
-7.57355
-7.62591
-7.61873
-7.58016
-7.58033
-7.58233
-7.59315
-7.57279
-7.51923
-7.57717
-7.64828
-7.5014
-7.54114
-7.48635
-7.52212
-7.55612
-7.57533
-7.6119
-7.57434
-7.57787
-7.57115
-7.51626
-7.61119
-7.59816
-7.65434
-7.5977
-7.56627
-7.51171
-7.48856
-7.52074
-7.55156
-7.58524
-7.62351
-7.62555
-7.61796
-7.50374
-7.50112
-7.53181
-7.52367
-7.45476
-7.47719
-7.53352
-7.53143
-7.60424
-7.62067
-7.64197
-7.57898
-7.60516
-7.57589
-7.59135
-7.61855
-7.62761
-7.64915
-7.59714
-7.59141
-7.6038
-7.60103
-7.56351
-7.60998
-7.60264
-7.53392
-7.59351
-7.61527
-7.62221
-7.64833
-7.64167
-7.60575
-7.65335
-7.61535
-7.56331
-7.53415
-7.4678
-7.49768
-7.43986
-7.49034
-7.47602
-7.54756
-7.56832
-7.57999
-7.51535
-7.53716
-7.54704
-7.56984
-7.55027
-7.50143
-7.52743
-7.61231
-7.62668
-7.64604
-7.60118
-7.54769
-7.65235
-7.69458
-7.70746
-7.6828
-7.64298
-7.67086
-7.61083
-7.54093
-7.47232
-7.45154
-7.45445
-7.51135
-7.52994
-7.49839
-7.53966
-7.54639
-7.51582
-7.59575
-7.62319
-7.62947
-7.63216
-7.65968
-7.67375
-7.64599
-7.70766
-7.66376
-7.63301
-7.6786
-7.64034
-7.66317
-7.74474
-7.71234
-7.71507
-7.7161
-7.67858
-7.62693
-7.64771
-7.672
-7.6915
-7.69535
-7.67762
-7.65633
-7.6782
-7.68446
-7.7255
-7.68008
-7.65159
-7.6387
-7.61854
-7.65787
-7.62983
-7.67081
-7.67327
-7.66806
-7.63174
-7.60329
-7.54338
-7.59516
-7.48596
-7.45946
-7.53515
-7.55311
-7.562
-7.58771
-7.55034
-7.5177
-7.47524
-7.54398
-7.49438
-7.4605
-7.48056
-7.61754
-7.61523
-7.66218
-7.62963
-7.60998
-7.58783
-7.55435
-7.5072
-7.43695
-7.50891
-7.38092
-7.43355
-7.42061
-7.41209
-7.53433
-7.56756
-7.47039
-7.53591
-7.57657
-7.57413
-7.61867
-7.60238
-7.58755
-7.58711
-7.57697
-7.51837
-7.48337
-7.53904
-7.59035
-7.55641
-7.57466
-7.48489
-7.42639
-7.53158
-7.52083
-7.43841
-7.49339
-7.52385
-7.574
-7.57257
-7.5551
-7.50851
-7.48308
-7.58372
-7.53607
-7.58278
-7.60685
-7.67806
-7.64422
-7.61648
-7.62333
-7.58536
-7.58693
-7.64751
-7.58831
-7.68578
-7.70013
-7.63413
-7.72066
-7.78146
-7.71417
-7.743
-7.7362
-7.7693
-7.71762
-7.71865
-7.69443
-7.70369
-7.65614
-7.66322
-7.65479
-7.62303
-7.61258
-7.62076
-7.61438
-7.63499
-7.62166
-7.61722
-7.6344
-7.60516
-7.56465
-7.62257
-7.67667
-7.67885
-7.69949
-7.62307
-7.63609
-7.57595
-7.60775
-7.63528
-7.60524
-7.59168
-7.66164
-7.6037
-7.54006
-7.59406
-7.59125
-7.58904
-7.53172
-7.49954
-7.58525
-7.63179
-7.62403
-7.61749
-7.66252
-7.64136
-7.73043
-7.70519
-7.61391
-7.57195
-7.56475
-7.4875
-7.49875
-7.44482
-7.4231
-7.41235
-7.56352
-7.48494
-7.51964
-7.54763
-7.47603
-7.46047
-7.44472
-7.48953
-7.43969
-7.38518
-7.4146
-7.54829
-7.51988
-7.5392
-7.4595
-7.50716
-7.53218
-7.52822
-7.45813
-7.41744
-7.57568
-7.50126
-7.51765
-7.62073
-7.71098
-7.68122
-7.66165
-7.66132
-7.66509
-7.70392
-7.70726
-7.68479
-7.61689
-7.59404
-7.61528
-7.61209
-7.59307
-7.62139
-7.63927
-7.68029
-7.61423
-7.53201
-7.56667
-7.5805
-7.52459
-7.56158
-7.60174
-7.62437
-7.63391
-7.61747
-7.54276
-7.59654
-7.61847
-7.56641
-7.56489
-7.47527
-7.43778
-7.45492
-7.52906
-7.49695
-7.41544
-7.40644
-7.41353
-7.39215
-7.40562
-7.33825
-7.32157
-7.32578
-7.4185
-7.42545
-7.46667
-7.52075
-7.6288
-7.5898
-7.60326
-7.59512
-7.54788
-7.62102
-7.5594
-7.60276
-7.58145
-7.59339
-7.56922
-7.51593
-7.58561
-7.53352
-7.50654
-7.62817
-7.6009
-7.58574
-7.5998
-7.56637
-7.57057
-7.61242
-7.57699
-7.58813
-7.50038
-7.62946
-7.62168
-7.58759
-7.54712
-7.61637
-7.63099
-7.56669
-7.54583
-7.63676
-7.65332
-7.67581
-7.70167
-7.72158
-7.67513
-7.69186
-7.66821
-7.64043
-7.6645
-7.63466
-7.48651
-7.49152
-7.49663
-7.53612
-7.5463
-7.59871
-7.59029
-7.56737
-7.64657
-7.68951
-7.65204
-7.67949
-7.69111
-7.67537
-7.63111
-7.6184
-7.63389
-7.6145
-7.58107
-7.63554
-7.64408
-7.58157
-7.5907
-7.59304
-7.60389
-7.63173
-7.65405
-7.60967
-7.59792
-7.55337
-7.57838
-7.52079
-7.37442
-7.47021
-7.41927
-7.39687
-7.45673
-7.47141
-7.45832
-7.37424
-7.35289
-7.43265
-7.35043
-7.43287
-7.5144
-7.59684
-7.55964
-7.51401
-7.48418
-7.48878
-7.5001
-7.51444
-7.56278
-7.56096
-7.5012
-7.47122
-7.48968
-7.52995
-7.60062
-7.6165
-7.65085
-7.61146
-7.5538
-7.54439
-7.55114
-7.46716
-7.56874
-7.5789
-7.60608
-7.57119
-7.54756
-7.46225
-7.48214
-7.54734
-7.57452
-7.54939
-7.42136
-7.47566
-7.43115
-7.48726
-7.46053
-7.46015
-7.45888
-7.5
-7.51523
-7.55327
-7.59707
-7.56262
-7.63176
-7.62227
-7.66549
-7.62669
-7.53007
-7.65154
-7.63594
-7.70492
-7.64198
-7.6339
-7.62437
-7.63573
-7.59513
-7.55025
-7.5303
-7.59943
-7.5575
-7.5747
-7.47797
-7.54412
-7.55654
-7.57072
-7.51946
-7.59149
-7.52761
-7.55481
-7.54471
-7.56607
-7.56606
-7.56996
-7.56476
-7.60591
-7.6492
-7.67041
-7.67629
-7.63571
-7.52006
-7.51355
-7.41696
-7.467
-7.38903
-7.41416
-7.44191
-7.56589
-7.54813
-7.54922
-7.59273
-7.62981
-7.54939
-7.56178
-7.6067
-7.60919
-7.61976
-7.61781
-7.60897
-7.56744
-7.54693
-7.54738
-7.59812
-7.63552
-7.63924
-7.68986
-7.63199
-7.66155
-7.58462
-7.52371
-7.49306
-7.46609
-7.55372
-7.61187
-7.65513
-7.59968
-7.55228
-7.57608
-7.63706
-7.62283
-7.50722
-7.5025
-7.45222
-7.45336
-7.40302
-7.48301
-7.51504
-7.54729
-7.56544
-7.60848
-7.60826
-7.54747
-7.53284
-7.56628
-7.58062
-7.53133
-7.50038
-7.53875
-7.63328
-7.59009
-7.54527
-7.54583
-7.53252
-7.53535
-7.50234
-7.51616
-7.46028
-7.49019
-7.50732
-7.45401
-7.50809
-7.53227
-7.5514
-7.58272
-7.61413
-7.60599
-7.66004
-7.71688
-7.74789
-7.76673
-7.71249
-7.65013
-7.68695
-7.64448
-7.6049
-7.59832
-7.59096
-7.53254
-7.55582
-7.62043
-7.6427
-7.64794
-7.59172
-7.56922
-7.59637
-7.66996
-7.70601
-7.70481
-7.69637
-7.66549
-7.67058
-7.65412
-7.64638
-7.62266
-7.63895
-7.66292
-7.65061
-7.64498
-7.60022
-7.56652
-7.58741
-7.63967
-7.62429
-7.65864
-7.72252
-7.71143
-7.70164
-7.6809
-7.69547
-7.64669
-7.64099
-7.6706
-7.69347
-7.73569
-7.68445
-7.74949
-7.73569
-7.77571
-7.69833
-7.61107
-7.66669
-7.66701
-7.70619
-7.72873
-7.72784
-7.7107
-7.59652
-7.54415
-7.50284
-7.49509
-7.54999
-7.47091
-7.47377
-7.4148
-7.44261
-7.45556
-7.44388
-7.46243
-7.46261
-7.44805
-7.52973
-7.59075
-7.53261
-7.49028
-7.48589
-7.549
-7.53462
-7.57558
-7.50354
-7.52157
-7.50892
-7.51056
-7.45171
-7.4245
-7.42981
-7.49478
-7.54669
-7.53011
-7.51363
-7.43674
-7.4726
-7.36401
-7.49819
-7.54348
-7.57717
-7.60864
-7.54064
-7.54456
-7.46817
-7.50894
-7.54425
-7.4929
-7.50909
-7.48155
-7.48618
-7.44925
-7.45317
-7.39595
-7.4334
-7.48008
-7.53921
-7.53178
-7.61592
-7.64746
-7.60091
-7.57285
-7.56479
-7.51858
-7.5394
-7.55975
-7.5616
-7.61011
-7.54965
-7.59958
-7.60503
-7.67
-7.66861
-7.64579
-7.59982
-7.66087
-7.62565
-7.63552
-7.59353
-7.60577
-7.60631
-7.59503
-7.61617
-7.52164
-7.47797
-7.54936
-7.48175
-7.49373
-7.50377
-7.5407
-7.54792
-7.57135
-7.5913
-7.57908
-7.5468
-7.53932
-7.51171
-7.61146
-7.58753
-7.60197
-7.53869
-7.50948
-7.52351
-7.59464
-7.60931
-7.58248
-7.55674
-7.57366
-7.59794
-7.62987
-7.60467
-7.56864
-7.59053
-7.5469
-7.51891
-7.51021
-7.59925
-7.56794
-7.59622
-7.59787
-7.64831
-7.65694
-7.64329
-7.62097
-7.53323
-7.52323
-7.46003
-7.50463
-7.49352
-7.57582
-7.55122
-7.51189
-7.50195
-7.49146
-7.45856
-7.43386
-7.37956
-7.37682
-7.39102
-7.39135
-7.37199
-7.44032
-7.39736
-7.32364
-7.49512
-7.48585
-7.55511
-7.52621
-7.56314
-7.60047
-7.58128
-7.53465
-7.57483
-7.5014
-7.49426
-7.47533
-7.43895
-7.45795
-7.49604
-7.45316
-7.47349
-7.52002
-7.59262
-7.50884
-7.51645
-7.58324
-7.65348
-7.72247
-7.68617
-7.69287
-7.70404
-7.65873
-7.63153
-7.63182
-7.66878
-7.63185
-7.65374
-7.67684
-7.56001
-7.54616
-7.64183
-7.68292
-7.66451
-7.72491
-7.66198
-7.6764
-7.66903
-7.62218
-7.72287
-7.64937
-7.69474
-7.75678
-7.65709
-7.72329
-7.77424
-7.82126
-7.74765
-7.76101
-7.73823
-7.70323
-7.73366
-7.68594
-7.60836
-7.67076
-7.65259
-7.60921
-7.57986
-7.62263
-7.61541
-7.64905
-7.62029
-7.50807
-7.50894
-7.50895
-7.49535
-7.52176
-7.58022
-7.58282
-7.61155
-7.55041
-7.60996
-7.60318
-7.56745
-7.61739
-7.57328
-7.51058
-7.51909
-7.6192
-7.61281
-7.62354
-7.59885
-7.59877
-7.62906
-7.61438
-7.54203
-7.52751
-7.59148
-7.65353
-7.65875
-7.63844
-7.63869
-7.70078
-7.67811
-7.54392
-7.63221
-7.68253
-7.76383
-7.68871
-7.76664
-7.7406
-7.77877
-7.75271
-7.70416
-7.74748
-7.74032
-7.6765
-7.74179
-7.67542
-7.7737
-7.80894
-7.77538
-7.75824
-7.72525
-7.62782
-7.63392
-7.58699
-7.54266
-7.54632
-7.6306
-7.65292
-7.54169
-7.55952
-7.54402
-7.55156
-7.54661
-7.51334
-7.55716
-7.5415
-7.5101
-7.42835
-7.48403
-7.49988
-7.53928
-7.41643
-7.44198
-7.50771
-7.49131
-7.59274
-7.58871
-7.57796
-7.56711
-7.58976
-7.61851
-7.65332
-7.57871
-7.54152
-7.58398
-7.57991
-7.54762
-7.57713
-7.4977
-7.55009
-7.47022
-7.47783
-7.47386
-7.54064
-7.53475
-7.46598
-7.5474
-7.58835
-7.53326
-7.52438
-7.50513
-7.53297
-7.48889
-7.51336
-7.5579
-7.4807
-7.54432
-7.43191
-7.41051
-7.35709
-7.45139
-7.51235
-7.51519
-7.49298
-7.55613
-7.56479
-7.52647
-7.46482
-7.45734
-7.51001
-7.53006
-7.45332
-7.41776
-7.46031
-7.4235
-7.56429
-7.5678
-7.54244
-7.5783
-7.62689
-7.61848
-7.61311
-7.60205
-7.62693
-7.59612
-7.56283
-7.55491
-7.55953
-7.44401
-7.47424
-7.54198
-7.60327
-7.54581
-7.58326
-7.61336
-7.65393
-7.63214
-7.65149
-7.58695
-7.54362
-7.61202
-7.52916
-7.54721
-7.52464
-7.4546
-7.4122
-7.402
-7.40406
-7.48018
-7.42055
-7.47534
-7.4356
-7.44575
-7.40719
-7.47274
-7.44974
-7.43824
-7.40141
-7.42787
-7.42897
-7.47086
-7.39656
-7.47114
-7.54983
-7.56565
-7.45342
-7.47748
-7.47805
-7.40815
-7.40961
-7.54343
-7.63225
-7.64588
-7.66911
-7.60507
-7.57429
-7.53599
-7.48693
-7.44951
-7.47127
-7.41855
-7.52607
-7.52715
-7.51806
-7.46337
-7.49439
-7.43692
-7.47208
-7.50176
-7.53052
-7.44587
-7.48896
-7.49099
-7.47252
-7.4821
-7.52373
-7.54639
-7.57374
-7.48322
-7.51762
-7.47499
-7.42194
-7.46801
-7.45048
-7.46448
-7.52539
-7.51004
-7.61415
-7.67033
-7.59864
-7.57723
-7.57826
-7.60796
-7.58376
-7.51836
-7.50903
-7.48936
-7.51875
-7.55151
-7.56222
-7.63104
-7.70563
-7.67474
-7.59578
-7.64666
-7.69962
-7.61488
-7.55919
-7.5445
-7.51019
-7.55297
-7.56074
-7.45196
-7.50483
-7.48759
-7.51466
-7.542
-7.60069
-7.67411
-7.54274
-7.54706
-7.61479
-7.61454
-7.65685
-7.70222
-7.59887
-7.57797
-7.52594
-7.57453
-7.66618
-7.64095
-7.63738
-7.58091
-7.64401
-7.67172
-7.58049
-7.61564
-7.65658
-7.61056
-7.63516
-7.55672
-7.56304
-7.57547
-7.49964
-7.52839
-7.56099
-7.56988
-7.56384
-7.56469
-7.55486
-7.62347
-7.63848
-7.57228
-7.53975
-7.55645
-7.55337
-7.53709
-7.50836
-7.57227
-7.4939
-7.49979
-7.5353
-7.52258
-7.55035
-7.52796
-7.47323
-7.44737
-7.4445
-7.44914
-7.47006
-7.48555
-7.51527
-7.46637
-7.51299
-7.57189
-7.62502
-7.68688
-7.67441
-7.71441
-7.76539
-7.73579
-7.7365
-7.70607
-7.69626
-7.68608
-7.68337
-7.69697
-7.61797
-7.59401
-7.58623
-7.57843
-7.58118
-7.53942
-7.50985
-7.5013
-7.52287
-7.42495
-7.47298
-7.49588
-7.54561
-7.49374
-7.49545
-7.54135
-7.60626
-7.5574
-7.56944
-7.52338
-7.48741
-7.48372
-7.44876
-7.46983
-7.48949
-7.43941
-7.47505
-7.55888
-7.5847
-7.52529
-7.52962
-7.46014
-7.42385
-7.38853
-7.44682
-7.36828
-7.4229
-7.44964
-7.43884
-7.44752
-7.59406
-7.57024
-7.49546
-7.45575
-7.39372
-7.43393
-7.37219
-7.40039
-7.35073
-7.35892
-7.38787
-7.37761
-7.38684
-7.29574
-7.40734
-7.3986
-7.38258
-7.32186
-7.3464
-7.38678
-7.39866
-7.42562
-7.47844
-7.53902
-7.51391
-7.56484
-7.61328
-7.59203
-7.6002
-7.62449
-7.55458
-7.60816
-7.52498
-7.48026
-7.44832
-7.42463
-7.54577
-7.57983
-7.64867
-7.65303
-7.59658
-7.55611
-7.56286
-7.57416
-7.588
-7.57514
-7.57199
-7.49046
-7.41201
-7.45919
-7.45098
-7.45353
-7.48116
-7.47412
-7.51717
-7.51472
-7.58333
-7.65097
-7.64008
-7.61828
-7.52802
-7.52573
-7.52163
-7.53056
-7.49982
-7.488
-7.4893
-7.53077
-7.56898
-7.63484
-7.6418
-7.59706
-7.66631
-7.62997
-7.56509
-7.55544
-7.46971
-7.39437
-7.45804
-7.47591
-7.51079
-7.52273
-7.57738
-7.54224
-7.5652
-7.53098
-7.48318
-7.47895
-7.53034
-7.56306
-7.55928
-7.59759
-7.58501
-7.52687
-7.54226
-7.49156
-7.52783
-7.53163
-7.48531
-7.49318
-7.50024
-7.45956
-7.53102
-7.48027
-7.40705
-7.49568
-7.53653
-7.57465
-7.52229
-7.5968
-7.55197
-7.53064
-7.52759
-7.54179
-7.55306
-7.48641
-7.59433
-7.50642
-7.5445
-7.47909
-7.40796
-7.37552
-7.41325
-7.49099
-7.54568
-7.47988
-7.50396
-7.49391
-7.53656
-7.57643
-7.5801
-7.60815
-7.49259
-7.56559
-7.50965
-7.53967
-7.57847
-7.59746
-7.46291
-7.47828
-7.45463
-7.50455
-7.48943
-7.47303
-7.46747
-7.44938
-7.50161
-7.51732
-7.5101
-7.48415
-7.49144
-7.5577
-7.52706
-7.5115
-7.52865
-7.59309
-7.64876
-7.62177
-7.64533
-7.62594
-7.70028
-7.6447
-7.69524
-7.67782
-7.56897
-7.54645
-7.57278
-7.52491
-7.57321
-7.55693
-7.54532
-7.60883
-7.56213
-7.5629
-7.62892
-7.61174
-7.60924
-7.57898
-7.60504
-7.6145
-7.55684
-7.53845
-7.46083
-7.52754
-7.46947
-7.51193
-7.51013
-7.49187
-7.46425
-7.5017
-7.56477
-7.53039
-7.52881
-7.46492
-7.55194
-7.46492
-7.47541
-7.44819
-7.42827
-7.43411
-7.49808
-7.47031
-7.49254
-7.57984
-7.60852
-7.5662
-7.50356
-7.55077
-7.61547
-7.62593
-7.67524
-7.65698
-7.62001
-7.6058
-7.57575
-7.5951
-7.50396
-7.55123
-7.5522
-7.5447
-7.58208
-7.55459
-7.54244
-7.49831
-7.58871
-7.58789
-7.54559
-7.53627
-7.57019
-7.52107
-7.51845
-7.54983
-7.57951
-7.63808
-7.58677
-7.57852
-7.56223
-7.68775
-7.64484
-7.68831
-7.65556
-7.62638
-7.64074
-7.64909
-7.66025
-7.67691
-7.68653
-7.70463
-7.65394
-7.66627
-7.63869
-7.65521
-7.61166
-7.58085
-7.55056
-7.5922
-7.56477
-7.55513
-7.57233
-7.63891
-7.63109
-7.63964
-7.54298
-7.48844
-7.6415
-7.69209
-7.71482
-7.62065
-7.62146
-7.61442
-7.64387
-7.66669
-7.73218
-7.63753
-7.52204
-7.61792
-7.6506
-7.60446
-7.61525
-7.6151
-7.52528
-7.52807
-7.67141
-7.65512
-7.66268
-7.7138
-7.70793
-7.67758
-7.69639
-7.73044
-7.6672
-7.59706
-7.55788
-7.47309
-7.54689
-7.53161
-7.53542
-7.53506
-7.56023
-7.52389
-7.45814
-7.5075
-7.5949
-7.5942
-7.5997
-7.66768
-7.59303
-7.58322
-7.62033
-7.60477
-7.48634
-7.45937
-7.48222
-7.52244
-7.53428
-7.50993
-7.48983
-7.54338
-7.52629
-7.54393
-7.64477
-7.63199
-7.53109
-7.34139
-7.28856
-7.41101
-7.40241
-7.39854
-7.41664
-7.35914
-7.46048
-7.55209
-7.54724
-7.57707
-7.64084
-7.64875
-7.64522
-7.61414
-7.57853
-7.58952
-7.59695
-7.62777
-7.65264
-7.65464
-7.67032
-7.53109
-7.50746
-7.51927
-7.43322
-7.42645
-7.55999
-7.54766
-7.57506
-7.49756
-7.44816
-7.41534
-7.42661
-7.38731
-7.41056
-7.44628
-7.44523
-7.44178
-7.50954
-7.50687
-7.49945
-7.54624
-7.54919
-7.5512
-7.52091
-7.53898
-7.5445
-7.56301
-7.56563
-7.59823
-7.55906
-7.64023
-7.6405
-7.68242
-7.62618
-7.62262
-7.56717
-7.50935
-7.5326
-7.59236
-7.67247
-7.65109
-7.63601
-7.59982
-7.62972
-7.6669
-7.62083
-7.51546
-7.5187
-7.60628
-7.56152
-7.51705
-7.49471
-7.54596
-7.52107
-7.52431
-7.50769
-7.5203
-7.46537
-7.47085
-7.54592
-7.55727
-7.52821
-7.52856
-7.52715
-7.46405
-7.48243
-7.63206
-7.61357
-7.67663
-7.63603
-7.54141
-7.55184
-7.60317
-7.60823
-7.69838
-7.54314
-7.57724
-7.5924
-7.5878
-7.64895
-7.63929
-7.67019
-7.62047
-7.5645
-7.55049
-7.61444
-7.6548
-7.59782
-7.54257
-7.49527
-7.56851
-7.48356
-7.53539
-7.55832
-7.57668
-7.65227
-7.5641
-7.55781
-7.56859
-7.59266
-7.65546
-7.58695
-7.66961
-7.60651
-7.53679
-7.56584
-7.53334
-7.50589
-7.48301
-7.53103
-7.47689
-7.44894
-7.4583
-7.42968
-7.3784
-7.32688
-7.36256
-7.46093
-7.49222
-7.45904
-7.43871
-7.45656
-7.44193
-7.56985
-7.5353
-7.56592
-7.55337
-7.58085
-7.59873
-7.55375
-7.46752
-7.37102
-7.3823
-7.41863
-7.45812
-7.44998
-7.38766
-7.43641
-7.45641
-7.45265
-7.46176
-7.40279
-7.37148
-7.34232
-7.34292
-7.44716
-7.49286
-7.4384
-7.53322
-7.51173
-7.48367
-7.44494
-7.48367
-7.47977
-7.39944
-7.39872
-7.48918
-7.46006
-7.47414
-7.5084
-7.53746
-7.6442
-7.57567
-7.52664
-7.53795
-7.49416
-7.48237
-7.43655
-7.36026
-7.40238
-7.37669
-7.44864
-7.4456
-7.51138
-7.45147
-7.49381
-7.45676
-7.48327
-7.4506
-7.4489
-7.50864
-7.48988
-7.48038
-7.49335
-7.45286
-7.54708
-7.56847
-7.62472
-7.60496
-7.56112
-7.62005
-7.65372
-7.64221
-7.61175
-7.65417
-7.70102
-7.68867
-7.68422
-7.66227
-7.63342
-7.54679
-7.62418
-7.62896
-7.61074
-7.62999
-7.57146
-7.5964
-7.55305
-7.48074
-7.54379
-7.618
-7.60088
-7.59147
-7.56522
-7.66571
-7.71223
-7.72033
-7.67029
-7.76095
-7.73839
-7.71537
-7.65753
-7.65905
-7.61919
-7.55047
-7.62404
-7.58287
-7.70358
-7.75233
-7.69597
-7.66962
-7.56774
-7.55001
-7.56582
-7.58454
-7.61718
-7.58812
-7.4845
-7.54915
-7.51171
-7.49393
-7.47332
-7.44776
-7.45988
-7.42082
-7.46097
-7.43074
-7.46187
-7.62492
-7.64684
-7.66983
-7.65529
-7.62214
-7.58624
-7.60055
-7.63172
-7.58839
-7.69427
-7.63848
-7.58177
-7.57643
-7.48956
-7.47366
-7.51523
-7.53935
-7.56777
-7.52412
-7.60299
-7.594
-7.63801
-7.64099
-7.64512
-7.62334
-7.56424
-7.56625
-7.5266
-7.49827
-7.48338
-7.48608
-7.47409
-7.48849
-7.52862
-7.54524
-7.54722
-7.54536
-7.47194
-7.47593
-7.53069
-7.49467
-7.44576
-7.52822
-7.47829
-7.4866
-7.47634
-7.54408
-7.49386
-7.57753
-7.52634
-7.54449
-7.57534
-7.56811
-7.52165
-7.52714
-7.50804
-7.53297
-7.47853
-7.44997
-7.50996
-7.56794
-7.54282
-7.55384
-7.58285
-7.4986
-7.49897
-7.51489
-7.50015
-7.58772
-7.6126
-7.59726
-7.51587
-7.55687
-7.62405
-7.56458
-7.5442
-7.59045
-7.55279
-7.63066
-7.65683
-7.61496
-7.56975
-7.56499
-7.60223
-7.65476
-7.58748
-7.54049
-7.56921
-7.50104
-7.53037
-7.50753
-7.51772
-7.49794
-7.5429
-7.57055
-7.60598
-7.65294
-7.56966
-7.55944
-7.64702
-7.6603
-7.63206
-7.62214
-7.62681
-7.50772
-7.5358
-7.4909
-7.54
-7.55045
-7.54931
-7.48163
-7.58091
-7.56646
-7.47923
-7.46581
-7.40929
-7.44963
-7.42118
-7.47191
-7.486
-7.49796
-7.48728
-7.49785
-7.53212
-7.48546
-7.53347
-7.51519
-7.53392
-7.44434
-7.4502
-7.54133
-7.59216
-7.55916
-7.6033
-7.59559
-7.57825
-7.55588
-7.49441
-7.42266
-7.46176
-7.51011
-7.51798
-7.55116
-7.53458
-7.5187
-7.54804
-7.51292
-7.48897
-7.47987
-7.49349
-7.49953
-7.528
-7.58115
-7.62079
-7.56762
-7.52936
-7.43382
-7.45887
-7.51068
-7.47423
-7.44583
-7.50606
-7.51158
-7.61443
-7.49608
-7.5404
-7.54997
-7.5875
-7.55682
-7.53761
-7.5175
-7.42849
-7.40312
-7.40124
-7.49292
-7.51186
-7.51778
-7.56466
-7.56902
-7.64508
-7.60627
-7.61807
-7.58632
-7.57074
-7.51661
-7.48332
-7.49733
-7.5069
-7.47046
-7.50213
-7.63443
-7.55891
-7.54673
-7.6094
-7.64831
-7.61808
-7.58648
-7.55942
-7.55553
-7.54286
-7.51797
-7.47643
-7.53665
-7.52263
-7.53523
-7.45407
-7.49105
-7.51206
-7.51247
-7.5081
-7.47021
-7.5195
-7.58404
-7.5687
-7.54134
-7.49572
-7.54619
-7.58893
-7.54091
-7.55795
-7.56447
-7.60627
-7.59581
-7.62516
-7.64717
-7.62421
-7.63371
-7.58828
-7.58207
-7.57646
-7.57326
-7.58876
-7.60134
-7.63214
-7.68421
-7.72294
-7.70228
-7.68929
-7.70173
-7.70798
-7.65853
-7.59338
-7.53651
-7.52296
-7.52883
-7.414
-7.46648
-7.51528
-7.62195
-7.68225
-7.65349
-7.66022
-7.7002
-7.68243
-7.71994
-7.78591
-7.81309
-7.71459
-7.68541
-7.61796
-7.65355
-7.6835
-7.7243
-7.6847
-7.63615
-7.60889
-7.59137
-7.62965
-7.65458
-7.67
-7.67474
-7.74933
-7.69613
-7.6876
-7.67111
-7.61457
-7.61006
-7.64949
-7.72064
-7.70357
-7.74402
-7.71093
-7.66522
-7.6898
-7.71865
-7.66335
-7.65641
-7.66234
-7.64392
-7.68896
-7.69777
-7.62126
-7.59448
-7.59988
-7.59554
-7.53079
-7.61356
-7.54535
-7.52832
-7.57886
-7.48526
-7.47892
-7.49589
-7.55286
-7.55358
-7.54659
-7.52486
-7.54107
-7.60315
-7.44006
-7.50408
-7.4769
-7.54364
-7.52397
-7.511
-7.5381
-7.49902
-7.54795
-7.54118
-7.52502
-7.44774
-7.49791
-7.49368
-7.47425
-7.36238
-7.34975
-7.41359
-7.46969
-7.44031
-7.45748
-7.3955
-7.46661
-7.52987
-7.47856
-7.49813
-7.55059
-7.54611
-7.51101
-7.54571
-7.54611
-7.46274
-7.51089
-7.43175
-7.43072
-7.39477
-7.4
-7.40158
-7.45683
-7.44286
-7.49963
-7.43943
-7.52001
-7.4905
-7.55874
-7.58827
-7.54326
-7.49793
-7.46653
-7.53679
-7.65113
-7.60166
-7.6511
-7.55666
-7.49425
-7.52726
-7.55284
-7.48407
-7.39585
-7.4848
-7.50559
-7.49937
-7.47425
-7.38553
-7.32665
-7.40124
-7.42818
-7.47079
-7.49911
-7.42587
-7.36673
-7.37241
-7.32367
-7.40112
-7.42512
-7.37048
-7.4194
-7.35402
-7.4126
-7.4135
-7.39258
-7.44266
-7.50072
-7.54904
-7.51593
-7.54907
-7.47917
-7.51881
-7.58484
-7.65764
-7.61899
-7.55755
-7.53105
-7.59239
-7.54361
-7.52401
-7.49383
-7.52208
-7.55361
-7.52334
-7.48614
-7.50619
-7.62721
-7.6455
-7.5177
-7.52238
-7.53384
-7.56466
-7.57459
-7.58881
-7.54529
-7.59714
-7.52462
-7.47892
-7.50401
-7.44283
-7.41731
-7.46537
-7.51372
-7.45589
-7.36518
-7.40347
-7.39045
-7.33507
-7.4049
-7.47324
-7.46341
-7.37602
-7.40783
-7.43284
-7.39711
-7.33539
-7.33655
-7.35118
-7.43708
-7.48685
-7.46191
-7.44763
-7.44211
-7.52097
-7.55058
-7.5407
-7.57265
-7.5509
-7.56045
-7.53378
-7.46827
-7.36297
-7.35417
-7.35377
-7.37082
-7.33328
-7.34914
-7.26155
-7.33555
-7.33989
-7.34142
-7.37125
-7.36978
-7.41721
-7.44297
-7.44426
-7.3887
-7.39093
-7.46358
-7.47282
-7.43671
-7.41405
-7.55293
-7.56855
-7.50022
-7.50188
-7.41226
-7.47967
-7.46489
-7.38021
-7.44447
-7.50435
-7.41825
-7.45599
-7.4626
-7.50788
-7.50585
-7.41035
-7.32829
-7.31007
-7.31429
-7.38185
-7.47105
-7.48406
-7.45783
-7.42612
-7.37201
-7.4163
-7.44698
-7.48448
-7.5151
-7.4758
-7.5001
-7.49222
-7.45235
-7.48323
-7.50837
-7.41753
-7.46899
-7.41995
-7.4126
-7.51405
-7.5693
-7.57193
-7.56084
-7.58493
-7.53489
-7.45534
-7.48278
-7.54928
-7.5657
-7.50467
-7.49614
-7.5146
-7.49946
-7.45164
-7.45245
-7.41561
-7.44469
-7.41824
-7.42133
-7.44102
-7.44899
-7.51009
-7.51786
-7.54565
-7.4896
-7.58082
-7.63291
-7.67231
-7.58292
-7.58092
-7.53075
-7.50627
-7.57522
-7.53068
-7.53571
-7.56239
-7.51649
-7.48583
-7.50855
-7.50584
-7.45651
-7.43155
-7.44541
-7.49211
-7.47816
-7.50404
-7.55184
-7.57661
-7.57791
-7.51005
-7.50858
-7.50455
-7.50992
-7.5081
-7.48304
-7.61291
-7.60224
-7.5753
-7.62353
-7.5755
-7.62584
-7.59628
-7.59428
-7.56369
-7.54076
-7.54648
-7.56102
-7.50923
-7.57389
-7.55032
-7.58814
-7.61369
-7.62367
-7.57534
-7.53539
-7.5242
-7.56352
-7.53308
-7.58838
-7.62426
-7.56767
-7.57316
-7.46722
-7.42184
-7.48112
-7.41006
-7.38805
-7.4364
-7.47323
-7.51705
-7.53499
-7.56307
-7.51461
-7.50693
-7.49838
-7.55447
-7.5041
-7.60434
-7.60535
-7.55972
-7.50887
-7.56859
-7.73108
-7.72489
-7.67693
-7.59291
-7.53517
-7.49329
-7.57139
-7.69181
-7.74828
-7.7443
-7.78378
-7.70433
-7.76511
-7.74036
-7.69163
-7.68297
-7.64411
-7.60511
-7.59114
-7.60104
-7.54623
-7.50089
-7.61334
-7.58412
-7.49002
-7.53825
-7.62341
-7.64319
-7.59793
-7.61938
-7.55496
-7.55084
-7.46584
-7.51446
-7.53537
-7.51471
-7.59427
-7.66216
-7.66386
-7.69284
-7.65258
-7.61324
-7.54376
-7.6027
-7.67476
-7.70085
-7.73473
-7.71306
-7.6913
-7.70223
-7.6908
-7.78825
-7.83137
-7.74347
-7.72646
-7.7902
-7.79751
-7.77658
-7.71561
-7.76308
-7.69018
-7.62366
-7.62096
-7.64876
-7.6074
-7.62256
-7.59125
-7.58309
-7.55797
-7.59555
-7.55118
-7.5449
-7.61995
-7.60508
-7.53905
-7.54213
-7.54598
-7.50011
-7.57482
-7.54617
-7.4485
-7.4736
-7.50458
-7.5068
-7.63849
-7.61683
-7.61686
-7.54138
-7.50212
-7.5654
-7.68455
-7.68008
-7.6721
-7.60451
-7.58835
-7.55477
-7.68467
-7.67884
-7.57645
-7.53324
-7.60497
-7.49759
-7.56405
-7.50445
-7.44098
-7.50337
-7.52855
-7.50511
-7.54783
-7.47643
-7.5135
-7.56165
-7.54451
-7.55576
-7.56289
-7.51577
-7.53808
-7.51802
-7.60753
-7.65127
-7.64273
-7.54348
-7.47621
-7.51782
-7.54923
-7.54718
-7.47949
-7.49898
-7.52001
-7.55741
-7.54156
-7.51332
-7.56774
-7.55889
-7.58567
-7.57863
-7.58173
-7.5447
-7.51285
-7.47103
-7.4985
-7.5298
-7.56308
-7.60536
-7.60722
-7.60942
-7.53317
-7.54851
-7.57527
-7.57005
-7.60036
-7.56577
-7.55592
-7.53705
-7.59936
-7.56639
-7.51391
-7.49535
-7.46324
-7.50171
-7.51386
-7.51382
-7.57838
-7.55282
-7.52176
-7.53952
-7.50376
-7.55212
-7.45487
-7.45351
-7.4632
-7.47637
-7.53722
-7.60291
-7.60701
-7.61809
-7.5539
-7.5463
-7.55632
-7.58754
-7.5176
-7.48706
-7.44249
-7.49826
-7.61558
-7.65146
-7.599
-7.64102
-7.63059
-7.56892
-7.57741
-7.55237
-7.5147
-7.50469
-7.54677
-7.60523
-7.60773
-7.5791
-7.57161
-7.55432
-7.58284
-7.57531
-7.50556
-7.54056
-7.51902
-7.48974
-7.5046
-7.45674
-7.43468
-7.47959
-7.58952
-7.49623
-7.49593
-7.61627
-7.6008
-7.55093
-7.50993
-7.52974
-7.53129
-7.56765
-7.52018
-7.47596
-7.54781
-7.57578
-7.56649
-7.60882
-7.63498
-7.64603
-7.63459
-7.60385
-7.59686
-7.62142
-7.62945
-7.59784
-7.5764
-7.52498
-7.52324
-7.51753
-7.49967
-7.52161
-7.5382
-7.56178
-7.49309
-7.53399
-7.56156
-7.48825
-7.4781
-7.529
-7.49547
-7.42601
-7.47783
-7.5267
-7.44349
-7.48468
-7.47081
-7.40611
-7.41418
-7.44437
-7.39652
-7.37541
-7.37931
-7.43757
-7.36124
-7.43751
-7.50944
-7.49396
-7.46623
-7.48866
-7.47575
-7.44009
-7.44414
-7.51635
-7.55779
-7.54797
-7.50704
-7.48274
-7.48291
-7.44537
-7.3915
-7.4121
-7.40686
-7.43725
-7.39795
-7.47846
-7.49636
-7.41161
-7.37124
-7.37344
-7.43227
-7.36504
-7.41185
-7.43763
-7.44114
-7.50967
-7.50192
-7.50464
-7.54327
-7.49225
-7.48665
-7.50662
-7.489
-7.47836
-7.44678
-7.36618
-7.29836
-7.36376
-7.40975
-7.44229
-7.46743
-7.47334
-7.4098
-7.44155
-7.50106
-7.52269
-7.50629
-7.46103
-7.41699
-7.37837
-7.37159
-7.39326
-7.44285
-7.41078
-7.43361
-7.42967
-7.44214
-7.38895
-7.45981
-7.47169
-7.482
-7.48203
-7.51448
-7.52723
-7.53236
-7.55286
-7.59855
-7.49842
-7.61427
-7.57955
-7.61826
-7.57231
-7.536
-7.50625
-7.45146
-7.4567
-7.40125
-7.40032
-7.34453
-7.34902
-7.42527
-7.45669
-7.41168
-7.51338
-7.52092
-7.5045
-7.46151
-7.48004
-7.479
-7.38247
-7.31995
-7.3401
-7.29333
-7.29322
-7.33866
-7.33509
-7.39337
-7.33214
-7.34516
-7.38168
-7.44948
-7.45365
-7.39447
-7.47341
-7.51847
-7.54593
-7.44685
-7.42336
-7.35022
-7.42021
-7.48133
-7.51322
-7.51236
-7.5368
-7.46319
-7.42528
-7.42027
-7.4678
-7.35774
-7.40277
-7.43503
-7.45951
-7.47957
-7.48146
-7.5481
-7.51532
-7.54996
-7.56744
-7.52384
-7.49492
-7.47504
-7.49094
-7.50229
-7.43902
-7.42196
-7.41472
-7.50964
-7.56977
-7.52402
-7.58815
-7.59881
-7.571
-7.56978
-7.51876
-7.50907
-7.51539
-7.53056
-7.54206
-7.50621
-7.52861
-7.52197
-7.54321
-7.47497
-7.46617
-7.43415
-7.47793
-7.44037
-7.40263
-7.41556
-7.39818
-7.37597
-7.41445
-7.47384
-7.50262
-7.53363
-7.47295
-7.52596
-7.51818
-7.5301
-7.54186
-7.56315
-7.54404
-7.48945
-7.54187
-7.55356
-7.57407
-7.50035
-7.55079
-7.52042
-7.54875
-7.55092
-7.68715
-7.64526
-7.70108
-7.65618
-7.56503
-7.55063
-7.56718
-7.54968
-7.5535
-7.66645
-7.59227
-7.62512
-7.56458
-7.53052
-7.62483
-7.68582
-7.66725
-7.78
-7.71722
-7.67255
-7.66367
-7.61053
-7.62635
-7.57348
-7.59862
-7.5189
-7.50969
-7.55553
-7.54257
-7.5327
-7.5618
-7.54539
-7.53212
-7.52682
-7.51313
-7.51473
-7.48132
-7.47802
-7.34009
-7.35472
-7.36082
-7.3034
-7.33809
-7.37031
-7.35989
-7.41815
-7.49239
-7.50445
-7.49341
-7.55512
-7.553
-7.53872
-7.49592
-7.42813
-7.38551
-7.45741
-7.54452
-7.50873
-7.58119
-7.6817
-7.62349
-7.57084
-7.61197
-7.58656
-7.62884
-7.63151
-7.59933
-7.58477
-7.55459
-7.54938
-7.55956
-7.56577
-7.5711
-7.5628
-7.56742
-7.51274
-7.65096
-7.73598
-7.69739
-7.68622
-7.7417
-7.75481
-7.68711
-7.65814
-7.65111
-7.6005
-7.54282
-7.57261
-7.57267
-7.58355
-7.60494
-7.57977
-7.52826
-7.50777
-7.53151
-7.64245
-7.73551
-7.74116
-7.66981
-7.62789
-7.62714
-7.58754
-7.55299
-7.59169
-7.58849
-7.54969
-7.58026
-7.60754
-7.62246
-7.60373
-7.65201
-7.63072
-7.68485
-7.61263
-7.56363
-7.6003
-7.61486
-7.66327
-7.63721
-7.584
-7.58284
-7.59647
-7.6028
-7.62696
-7.56233
-7.61791
-7.54675
-7.51768
-7.53155
-7.55341
-7.52137
-7.54079
-7.48585
-7.5362
-7.53209
-7.51201
-7.5183
-7.55835
-7.57918
-7.50948
-7.58268
-7.75859
-7.6426
-7.62426
-7.57409
-7.55477
-7.56652
-7.65581
-7.77331
-7.78339
-7.77467
-7.71665
-7.66222
-7.64676
-7.69393
-7.6401
-7.63168
-7.63238
-7.58131
-7.63624
-7.62748
-7.59681
-7.62512
-7.59609
-7.58246
-7.57361
-7.51001
-7.49265
-7.57938
-7.61847
-7.54262
-7.62058
-7.68164
-7.66225
-7.59688
-7.55907
-7.58265
-7.56052
-7.50705
-7.40301
-7.38956
-7.50542
-7.58506
-7.59621
-7.5352
-7.4768
-7.49325
-7.40441
-7.45366
-7.42734
-7.47648
-7.48745
-7.49279
-7.58932
-7.66597
-7.6362
-7.62575
-7.61356
-7.61537
-7.68696
-7.63212
-7.67275
-7.62713
-7.54507
-7.5696
-7.55178
-7.54633
-7.60485
-7.57317
-7.58178
-7.57797
-7.64983
-7.73271
-7.7069
-7.7334
-7.70667
-7.69287
-7.61169
-7.59272
-7.55232
-7.42602
-7.50581
-7.551
-7.56135
-7.54197
-7.5095
-7.58248
-7.57378
-7.61209
-7.62463
-7.6512
-7.65312
-7.55255
-7.55071
-7.52685
-7.54748
-7.58674
-7.56974
-7.51962
-7.52978
-7.53724
-7.55739
-7.48626
-7.48136
-7.48607
-7.50306
-7.4943
-7.57756
-7.50067
-7.46533
-7.47778
-7.44607
-7.45794
-7.59752
-7.62891
-7.62294
-7.67876
-7.69339
-7.75895
-7.72556
-7.70191
-7.66031
-7.62637
-7.58112
-7.58486
-7.61976
-7.58684
-7.55888
-7.60685
-7.61251
-7.58427
-7.52539
-7.50766
