1 -7.56127 -7.56127 0
2 -7.55469 -7.55798 0.00328785
3 -7.52451 -7.54682 0.0113156
4 -7.56778 -7.55206 0.00956389
5 -7.53242 -7.54813 0.00838553
6 -7.55222 -7.54881 0.00688055
7 -7.5429 -7.54797 0.00587618
8 -7.56056 -7.54954 0.00532685
9 -7.57069 -7.55189 0.00525243
10 -7.55534 -7.55224 0.00471058
11 -7.53706 -7.55086 0.00447877
12 -7.54385 -7.55027 0.00413001
13 -7.54134 -7.54959 0.00386066
14 -7.54061 -7.54895 0.00363131
15 -7.5457 -7.54873 0.00338747
16 -7.54796 -7.54868 0.00316905
17 -7.53114 -7.54765 0.00315066
18 -7.55361 -7.54798 0.00298889
19 -7.5365 -7.54738 0.00289105
20 -7.56003 -7.54801 0.00281467
21 -7.56002 -7.54858 0.00273767
22 -7.56432 -7.5493 0.00270659
23 -7.55332 -7.54947 0.00259216
24 -7.53502 -7.54887 0.00255383
25 -7.53552 -7.54834 0.0025071
26 -7.54643 -7.54826 0.00240985
27 -7.5289 -7.54754 0.00242727
28 -7.54876 -7.54759 0.00233938
29 -7.53831 -7.54727 0.00227985
30 -7.55167 -7.54741 0.00220742
31 -7.55835 -7.54777 0.00216397
32 -7.57226 -7.54853 0.0022307
33 -7.55334 -7.54868 0.00216695
34 -7.54977 -7.54871 0.00210249
35 -7.53574 -7.54834 0.0020749
36 -7.54948 -7.54837 0.00201669
37 -7.5496 -7.54841 0.00196171
38 -7.52981 -7.54792 0.00197107
39 -7.56072 -7.54824 0.00194776
40 -7.53809 -7.54799 0.00191535
41 -7.5464 -7.54795 0.00186845
42 -7.53238 -7.54758 0.00186073
43 -7.52852 -7.54714 0.00187021
44 -7.562 -7.54748 0.00185817
45 -7.55486 -7.54764 0.00182381
46 -7.55867 -7.54788 0.00179978
47 -7.55438 -7.54802 0.0017665
48 -7.53555 -7.54776 0.00174871
49 -7.561 -7.54803 0.00173385
50 -7.53657 -7.5478 0.00171421
51 -7.55762 -7.54799 0.00169125
52 -7.52408 -7.54753 0.001721
53 -7.53934 -7.54738 0.00169528
54 -7.54514 -7.54734 0.00166411
55 -7.55627 -7.5475 0.00164162
56 -7.5353 -7.54728 0.00162669
57 -7.56224 -7.54754 0.00161932
58 -7.55688 -7.5477 0.00159928
59 -7.54316 -7.54763 0.00157383
60 -7.55629 -7.54777 0.00155409
61 -7.54602 -7.54774 0.00152867
62 -7.54983 -7.54778 0.00150419
63 -7.53287 -7.54754 0.00149892
64 -7.55185 -7.54761 0.00147685
65 -7.56416 -7.54786 0.00147609
66 -7.55357 -7.54795 0.00145612
67 -7.56087 -7.54814 0.00144713
68 -7.56336 -7.54836 0.00144314
69 -7.53386 -7.54815 0.00143752
70 -7.5616 -7.54835 0.00142979
71 -7.54967 -7.54836 0.00140963
72 -7.53947 -7.54824 0.0013954
73 -7.56377 -7.54845 0.0013925
74 -7.54788 -7.54845 0.00137358
75 -7.54005 -7.54833 0.00135975
76 -7.53371 -7.54814 0.00135548
77 -7.5709 -7.54844 0.00137002
78 -7.52 -7.54807 0.00140061
79 -7.541 -7.54798 0.00138566
80 -7.5672 -7.54822 0.00138916
81 -7.55083 -7.54826 0.00137228
82 -7.53883 -7.54814 0.00136031
83 -7.54833 -7.54814 0.00134382
84 -7.54565 -7.54811 0.00132806
85 -7.54395 -7.54806 0.00131325
86 -7.52985 -7.54785 0.00131507
87 -7.54985 -7.54788 0.00130007
88 -7.53233 -7.5477 0.00129729
89 -7.54226 -7.54764 0.00128408
90 -7.53268 -7.54747 0.00128056
91 -7.55315 -7.54753 0.00126795
92 -7.55055 -7.54757 0.00125452
93 -7.55414 -7.54764 0.00124297
94 -7.54064 -7.54756 0.00123192
95 -7.55113 -7.5476 0.00121947
96 -7.54787 -7.5476 0.0012067
97 -7.55255 -7.54765 0.00119528
98 -7.55991 -7.54778 0.00118962
99 -7.55759 -7.54788 0.0011817
100 -7.52573 -7.54766 0.00119062
