1 7.51156 7.51156 0
2 7.5461 7.52883 0.0172692
3 7.7156 7.59109 0.0630516
4 7.475 7.56206 0.0531983
5 7.66624 7.5829 0.0461753
6 7.56111 7.57927 0.0378764
7 7.61656 7.5846 0.0324515
8 7.51092 7.57539 0.0295742
9 7.46233 7.56283 0.0289494
10 7.54148 7.56069 0.0259809
11 7.64243 7.56812 0.0246475
12 7.60598 7.57128 0.0227201
13 7.62388 7.57532 0.0212876
14 7.62821 7.5791 0.0200673
15 7.603 7.58069 0.0187494
16 7.58684 7.58108 0.0175427
17 7.68085 7.58695 0.0174924
18 7.55196 7.585 0.0166061
19 7.64481 7.58815 0.0160201
20 7.51865 7.58468 0.0155902
21 7.52075 7.58163 0.0151384
22 7.49133 7.57753 0.0150062
23 7.5546 7.57653 0.0143735
24 7.65772 7.57991 0.0141713
25 7.65078 7.58275 0.0138851
26 7.59273 7.58313 0.0133459
27 7.69137 7.58714 0.0134533
28 7.58867 7.5872 0.012964
29 7.63556 7.58886 0.0126196
30 7.57045 7.58825 0.0122072
31 7.52468 7.5862 0.0119836
32 7.45153 7.58199 0.0123427
33 7.55508 7.58117 0.0119906
34 7.57585 7.58102 0.0116337
35 7.6519 7.58304 0.0114765
36 7.57622 7.58285 0.0111547
37 7.57255 7.58258 0.0108526
38 7.69204 7.58546 0.0109489
39 7.5165 7.58369 0.0108101
40 7.64434 7.5852 0.0106449
41 7.59658 7.58548 0.0103857
42 7.67103 7.58752 0.0103381
43 7.69616 7.59005 0.0104062
44 7.51111 7.58825 0.010324
45 7.54915 7.58738 0.0101293
46 7.52706 7.58607 0.00999309
47 7.55183 7.58534 0.00980527
48 7.65844 7.58687 0.00971886
49 7.51071 7.58531 0.0096445
50 7.64807 7.58657 0.00953263
51 7.53052 7.58547 0.00940825
52 7.71923 7.58804 0.00957746
53 7.62847 7.5888 0.00942594
54 7.60134 7.58903 0.00925265
55 7.54219 7.58818 0.00912271
56 7.65648 7.5894 0.00904098
57 7.50928 7.588 0.0089915
58 7.53702 7.58712 0.00887872
59 7.61105 7.58752 0.00873635
60 7.54096 7.58675 0.0086245
61 7.59122 7.58682 0.00848225
62 7.57539 7.58664 0.00834636
63 7.6707 7.58797 0.00832049
64 7.5682 7.58766 0.00819527
65 7.49541 7.58624 0.00819209
66 7.56193 7.58587 0.00807542
67 7.51546 7.58482 0.00802312
68 7.50392 7.58363 0.00799329
69 7.66497 7.58481 0.0079643
70 7.51378 7.5838 0.00791501
71 7.57796 7.58372 0.00780317
72 7.63299 7.5844 0.00772441
73 7.49471 7.58317 0.00771631
74 7.58377 7.58318 0.00761133
75 7.63057 7.58381 0.0075357
76 7.66465 7.58487 0.00751157
77 7.46336 7.5833 0.00757948
78 7.73886 7.58529 0.00774295
79 7.61962 7.58573 0.00765666
80 7.47648 7.58436 0.00768267
81 7.56842 7.58416 0.00758978
82 7.63919 7.58483 0.00752662
83 7.58181 7.5848 0.00743548
84 7.59998 7.58498 0.00734865
85 7.60837 7.58525 0.00726689
86 7.67895 7.58634 0.00726406
87 7.57667 7.58623 0.00718094
88 7.67345 7.58722 0.00716772
89 7.62276 7.58762 0.00709796
90 7.67203 7.58856 0.00708104
91 7.56059 7.58825 0.00700954
92 7.56943 7.58805 0.00693595
93 7.54972 7.58764 0.00687333
94 7.62627 7.58805 0.00681223
95 7.56259 7.58778 0.00674546
96 7.58157 7.58771 0.00667514
97 7.56479 7.58748 0.0066102
98 7.51652 7.58675 0.00658234
99 7.5325 7.58621 0.00653852
100 7.7037 7.58738 0.00657858
