0.0115332 0 0
0.0345996 0 0
0.0576661 0 0
0.0807325 0 0
0.103799 0 0
0.126865 0 0
0.149932 0 0
0.172998 0 0
0.196065 0 0
0.219131 0 0
0.242198 0 0
0.265264 0 0
0.28833 0 0
0.311397 0 0
0.334463 0 0
0.35753 0 0
0.380596 0 0
0.403663 0 0
0.426729 0 0
0.449795 0 0
0.472862 0 0
0.495928 0 0
0.518995 0 0
0.542061 0 0
0.565128 0 0
0.588194 0 0
0.61126 0 0
0.634327 0 0
0.657393 0 0
0.68046 0 0
0.703526 0 0
0.726593 0 0
0.749659 0 0
0.772725 0 0
0.795792 0 0
0.818858 0 0
0.841925 0 0
0.864991 7.76201e-07 7.76201e-07
0.888058 5.67032e-05 9.97674e-06
0.911124 0.00335595 7.62968e-05
0.93419 0.0470097 0.000300028
0.957257 0.293393 0.00100322
0.980323 1.00618 0.00206707
1.00339 2.23752 0.0023392
1.02646 3.62449 0.00214344
1.04952 4.6168 0.00262441
1.07259 4.90022 0.00319581
1.09566 4.49192 0.00338316
1.11872 3.66338 0.00281236
1.14179 2.69925 0.00187028
1.16485 1.81605 0.00146908
1.18792 1.12822 0.00115577
1.21099 0.651948 0.00122666
1.23405 0.352116 0.00101719
1.25712 0.179141 0.000809814
1.28019 0.0884889 0.000580876
1.30325 0.0490846 0.000456102
1.32632 0.0417463 0.000385747
1.34939 0.0602075 0.000468875
1.37245 0.10554 0.000542879
1.39552 0.182627 0.000668852
1.41859 0.299765 0.000688515
1.44165 0.452331 0.000633744
1.46472 0.62938 0.00070919
1.48778 0.798453 0.000849639
1.51085 0.923748 0.00113256
1.53392 0.97232 0.0014071
1.55698 0.928962 0.00121621
1.58005 0.808605 0.000962613
1.60312 0.641275 0.000510393
1.62618 0.465139 0.000550288
1.64925 0.316692 0.000643521
1.67232 0.218548 0.000799558
1.69538 0.191002 0.000907888
1.71845 0.253993 0.00101048
1.74152 0.432103 0.00124754
1.76458 0.748453 0.0012854
1.78765 1.1958 0.00105046
1.81071 1.7272 0.000922451
1.83378 2.23666 0.00132711
1.85685 2.59997 0.00202679
1.87991 2.71534 0.00235713
1.90298 2.56029 0.00242183
1.92605 2.18357 0.00145985
1.94911 1.69005 0.000891208
1.97218 1.19977 0.00090473
1.99525 0.800046 0.00123279
2.01831 0.541563 0.00129628
2.04138 0.432265 0.00127544
2.06445 0.460111 0.00120395
2.08751 0.585678 0.000804468
2.11058 0.758505 0.000553917
2.13364 0.918657 0.000706882
2.15671 1.01444 0.000959317
2.17978 1.02334 0.00104549
2.20284 0.9203 0.000752138
2.22591 0.781067 0.000590149
2.24898 0.65329 0.000668315
2.27204 0.570926 0.00107165
2.29511 0.571857 0.00130615
