-0.422847   0.238275   0.0202097
0.335001   -0.418445   0.175244
-0.494722   -0.000807003   -0.268588
-0.238728   -0.23444   -0.135139
-0.464256   -0.304594   0.150069
0.0815722   -0.128364   0.171874
-0.337915   -0.317378   -0.314694
-0.166659   -0.0431597   -0.0586301
-0.437379   -0.286423   0.478955
0.157547   -0.234559   -0.285057
0.2556   0.376412   -0.333161
-0.313212   0.452294   0.146099
-0.0316822   -0.218171   0.499183
0.0824996   -0.0845089   0.372033
-0.16984   0.367315   0.0217985
-0.0864027   -0.212162   0.291359
-0.335501   -0.127441   0.107333
-0.479257   0.0102448   0.13409
0.132238   0.478182   0.155518
0.471702   0.420889   0.189616
-0.142629   0.326599   0.409455
-0.226003   0.127748   -0.403487
-0.127174   0.286271   -0.197179
-0.0734196   -0.249061   -0.010046
-0.445402   0.154863   -0.372139
-0.251202   -0.300381   0.154835
-0.206332   -0.492969   -0.484676
-0.315836   0.406518   0.352358
0.287576   0.14266   0.325973
-0.475819   -0.462057   0.380668
-0.0817462   0.133462   0.458924
0.13272   0.342868   -0.172847
-0.365751   0.00410911   -0.468254
0.095738   0.218059   0.404509
-0.487698   0.333723   0.457473
-0.182857   -0.0379554   0.414437
0.244677   -0.451641   -0.0435931
0.224984   -0.133392   0.491075
-0.0521681   0.369534   0.188804
0.366231   0.236619   -0.442593
0.352306   -0.0655853   -0.00867114
0.351517   0.340387   0.351689
0.165528   0.293184   0.216998
0.474175   0.11873   0.42622
-0.0132155   -0.428201   0.230657
0.245771   0.322859   -0.0206017
0.140892   0.0737489   -0.482824
-0.221751   0.223087   0.268765
0.381483   0.195972   -0.252862
-0.429047   -0.476426   -0.213078
0.387332   0.235048   0.144304
-0.0297542   -0.167598   -0.21363
0.141022   -0.26104   -0.0373357
0.124781   -0.440419   -0.333871
0.0429452   0.303491   0.0183176
-0.0787684   -0.0109503   -0.40375
0.352793   -0.22403   -0.129047
-0.331155   0.205961   0.461026
0.372893   -0.456847   -0.216457
0.489501   -0.234201   -0.298047
0.323444   -0.0726253   -0.304838
0.331726   0.0398763   -0.4538
0.361001   -0.275324   0.385621
-0.333865   -0.214797   0.319204
-0.182988   0.488429   -0.291249
0.464215   0.354412   -0.320106
0.144303   -0.302588   0.247732
0.199522   0.16304   -0.33418
-0.0318207   0.194228   -0.366248
-0.24553   -0.169938   -0.429962
-0.370042   0.00752991   0.313945
-0.446182   0.0199248   -0.0694823
-0.43241   0.32569   -0.162868
0.10234   -0.0548957   -0.322523
-0.116732   0.0295263   -0.223249
0.423812   -0.0620177   0.320102
-0.337732   -0.361195   -0.0222497
-0.426782   -0.486224   -0.419679
-0.0964272   -0.325206   -0.317809
0.191722   -0.0138821   -0.144478
0.137365   0.136883   0.077701
-0.0124826   -0.44554   0.459652
0.0538463   0.394644   -0.3936
-0.29921   -0.0318111   -0.23983
-0.441968   -0.22703   -0.104992
0.0369701   -0.346172   -0.170135
-0.428303   0.230679   0.241346
0.367012   -0.328812   -0.396653
0.446709   0.386557   0.00911971
-0.208189   -0.417316   0.324689
0.158756   0.41698   0.422406
0.00547917   0.165728   0.218679
-0.0629055   -0.0350476   0.255531
0.0644769   0.14072   -0.171033
0.0429297   0.474369   -0.0620925
0.360863   0.144793   -0.0522214
0.180333   -0.356685   0.453116
0.371519   0.473837   0.495343
-0.10774   0.142711   -0.00973734
-0.290496   0.0874417   0.0754075
-0.303399   0.174869   -0.173722
0.353511   -0.204979   0.179354
-0.261858   0.316209   -0.380805
0.293374   0.0418525   0.159183
0.0389468   -0.0607923   -0.0510365
-0.152593   -0.422577   0.0491589
0.424863   -0.38042   -0.0130476
0.409717   -0.131277   -0.479934
