1.09636
1.08817
1.07637
1.06168
1.04494
1.0274
1.01052
0.995598
0.983292
0.973406
0.965111
0.957453
0.949993
0.943272
0.938921
0.93907
0.945367
0.957909
0.975013
0.993929
1.01194
1.02714
1.03865
1.04655
1.05167
1.05521
1.05839
1.06207
1.06659
1.07182
1.07735
1.08277
1.08771
1.09199
1.09565
1.09877
1.10139
1.10318
1.10347
1.10176
1.09853
1.09563
1.0957
1.1008
1.1112
1.12514
1.13979
1.15246
1.16143
1.16622
1.16743
1.16653
1.16551
1.16649
1.17097
1.17922
1.19007
1.20118
1.20967
1.21291
1.2092
1.19844
1.18233
1.16408
1.14743
1.1355
1.12993
1.13065
1.1362
1.14418
1.15189
1.15704
1.15846
1.15655
1.1528
1.14843
1.14307
1.13502
1.12261
1.10559
1.08568
1.06637
1.05179
1.04525
1.04793
1.05855
1.07407
1.09096
1.1063
1.11844
1.12695
1.13216
1.13437
1.13346
1.12903
1.12089
1.10959
1.09652
1.08367
1.07318
1.06671
1.06494
1.06749
1.0729
1.079
1.08344
1.08443
1.08128
1.07461
1.06615
1.05822
1.05312
1.05251
1.05704
1.06629
1.07899
1.09342
1.10765
1.11996
1.12905
1.13435
1.13593
1.13443
1.13077
1.1259
1.12065
1.11554
1.11074
1.10613
1.10157
1.09717
1.09342
1.09105
1.09066
1.09232
1.09553
1.09941
1.10303
1.10564
1.10667
1.10581
1.10296
1.09823
1.09199
1.08491
1.07789
1.07194
1.06789
1.06613
1.06636
1.06775
1.06924
1.07003
1.07
1.06988
1.07111
1.07514
1.08272
1.09346
1.10595
1.11824
1.1286
1.13596
1.14021
1.14206
1.14256
1.1425
1.14208
1.14105
1.13908
1.13637
1.13399
1.13363
1.13658
1.1429
1.15139
1.1605
1.16913
1.17681
1.18362
1.18983
1.19572
1.20144
1.20678
1.21109
1.21317
1.21165
1.2054
1.19414
1.17886
1.16174
1.14593
1.13468
1.13022
1.13285
1.14065
1.15036
1.15893
1.16472
1.16782
1.16927
1.16988
1.16956
1.16755
1.16321
1.15651
1.14831
1.14005
1.13328
1.12897
1.12708
1.12649
1.12522
1.12111
1.11241
1.0984
1.0799
1.05945
1.04098
1.02884
1.02618
1.03361
1.04904
1.06892
1.08985
1.10953
1.12671
1.14059
1.1505
1.15576
1.1559
1.15101
1.14196
1.13032
1.11805
1.10683
1.09755
1.09011
1.08378
1.07778
1.07165
1.06536
1.05922
1.05372
1.04941
1.04683
1.04642
1.04865
1.05408
1.0631
1.07558
1.09054
1.10629
1.1208
1.1322
1.13902
1.14033
1.13596
1.1266
1.11367
1.09884
1.08354
1.0687
1.05499
1.04299
1.03321
1.02601
1.02145
1.01954
1.02032
1.02395
1.03047
1.03965
1.05078
1.06271
1.07415
1.08404
1.09199
1.09836
1.1042
1.11057
1.1179
1.12572
1.13323
1.13989
1.14519
1.14819
1.14784
1.14391
1.13687
1.12717
1.115
1.10082
1.08581
1.07184
1.06103
1.05504
1.0546
1.05967
1.06987
1.08452
1.1022
1.12045
1.13633
1.14764
1.1536
1.15458
1.15152
1.1452
1.13597
1.12391
1.10919
1.09252
1.07522
1.05911
1.04591
1.03634
1.02967
1.02453
1.02024
1.01773
1.01879
1.02465
1.03494
1.04767
1.06013
1.0699
1.07555
1.07674
1.07408
1.06877
1.06211
1.05512
1.04848
1.04258
1.03778
1.0344
1.03263
1.03248
1.03377
1.03625
1.0398
1.04471
1.0517
1.0616
1.07468
1.09003
1.10554
1.11831
1.12558
1.12563
1.11856
1.1065
1.09312
1.08238
1.07712
1.0782
1.08453
1.09377
1.10295
1.10919
1.11021
1.10492
1.0939
1.07971
1.06651
1.05876
1.05926
1.06773
1.08111
1.09547
1.10767
1.11616
1.12077
1.12219
1.12155
1.12002
1.11855
1.11772
1.11763
1.118
1.1182
1.11741
1.11484
1.11002
1.10304
1.09472
1.08647
1.07954
1.0742
1.06926
1.06278
1.05323
1.04031
1.02508
1.00962
0.996252
0.986746
0.981669
0.980259
0.980893
0.98174
0.981612
0.980612
0.980137
0.982141
0.988185
0.998694
1.01298
1.02976
1.04759
1.06519
1.08152
1.09591
1.1082
1.11856
1.12711
1.13373
1.1382
1.14056
1.14122
1.14051
1.13834
1.1344
1.12871
1.12208
1.11593
1.11165
1.10977
1.10951
1.10918
1.10698
1.1017
1.09312
1.08189
1.06886
1.05432
1.03787
1.0194
1.00021
0.983327
0.972557
0.970761
0.978566
0.994352
1.01547
1.03932
1.06347
1.08542
1.10279
1.11386
1.11807
1.11618
1.11041
1.10412
1.10037
1.09988
1.10051
1.09886
1.09253
1.08137
1.06739
1.05393
1.04402
1.03922
1.03967
1.04502
1.05474
1.06779
1.08225
1.09574
1.10614
1.11207
1.11306
1.10953
1.10271
1.09437
1.08642
1.0803
1.07659
1.07507
1.07514
1.07633
1.07851
1.08181
1.08642
1.09234
1.09934
1.107
1.11488
1.12264
1.13001
1.13687
1.14325
1.14925
1.15491
1.15984
1.16287
1.16208
1.1553
1.1412
1.12031
1.09535
1.07028
1.04846
1.0316
1.02008
1.01381
1.01254
1.01595
1.02362
1.03468
1.04768
1.06093
1.07325
1.08383
1.09179
1.09608
1.09598
1.09158
1.08401
1.07511
1.06703
1.06159
1.05992
1.06236
1.06858
1.07779
1.08889
1.10065
1.11186
1.12135
1.12816
1.13151
1.13082
1.12569
1.11587
1.10146
1.08319
1.06284
1.04334
1.02816
1.01947
1.01664
1.01671
1.0165
1.01457
1.01163
1.0096
1.01046
1.01534
1.02432
1.0366
1.05086
1.06555
1.07933
1.0915
1.10226
1.11245
1.12286
1.13335
1.14259
1.14843
1.14877
1.14244
1.1297
1.11245
1.09382
1.0775
1.06666
1.06306
1.06653
1.07543
1.08732
1.09962
1.10979
1.11562
1.1157
1.10962
1.09799
1.08209
1.06368
1.04474
1.02696
1.01135
0.998052
0.986873
0.978011
0.972605
0.97276
0.980645
0.996883
1.01941
1.04394
1.06603
1.08305
1.09482
1.10286
1.10899
1.11427
1.11884
1.12235
1.12436
1.12469
1.12343
1.12106
1.1182
1.11535
1.11271
1.11024
1.10787
1.1057
1.10414
1.1038
1.10511
1.10777
1.1107
1.1124
1.11171
1.10826
1.10248
1.09548
1.08876
1.08391
1.08213
1.08376
1.08812
1.0939
1.09961
1.10403
1.1063
1.10585
1.10228
1.09536
1.08518
1.07224
1.05761
1.04285
1.02989
1.02067
1.01675
1.01881
1.02652
1.03862
1.05317
1.06803
1.08124
1.09134
1.09745
1.09927
1.09695
1.09121
1.08353
1.07618
1.07189
1.07283
1.0796
1.09062
1.10255
1.11138
1.11372
1.1078
1.09393
1.07449
1.05354
1.03578
1.02509
1.02323
1.02922
1.04019
1.05285
1.06446
1.07308
1.07726
1.07587
1.06823
1.0543
1.035
1.01248
0.990335
0.973102
0.964552
0.965771
0.974829
0.988373
1.00355
1.01875
1.03346
1.04775
1.06173
1.07521
1.08755
1.09778
1.10476
1.10741
1.10491
1.09685
1.08348
1.06597
1.04647
1.028
1.01401
1.00752
1.01041
1.02271
1.04226
1.06517
1.08699
1.10417
1.11503
1.11992
1.1208
1.12032
1.12105
1.12464
1.13175
1.142
1.15429
1.16708
1.17861
1.18721
1.19154
1.19096
1.18546
1.17554
1.16194
1.1454
1.12667
1.10665
1.08654
1.06797
1.05279
1.04246
1.03756
1.0379
1.04342
1.05475
1.07208
1.09312
1.11291
1.12614
1.12956
1.12296
1.10889
1.09164
1.07541
1.06299
1.05585
1.05494
1.06091
1.07313
1.08937
1.10667
1.1226
1.13586
1.14626
1.15435
1.16105
1.16724
1.17339
1.17941
1.18478
1.18904
1.19218
1.19481
1.19799
1.20264
1.20902
1.21641
1.22312
1.22689
1.22556
1.21756
1.20239
1.18078
1.1545
1.12589
1.09734
1.07084
1.04798
1.03006
1.01821
1.01336
1.01589
1.02541
1.04074
1.06034
1.08286
1.10751
1.1339
1.16146
1.18886
1.21388
1.23381
1.24612
1.24911
1.24238
1.22684
1.20457
1.17853
1.15197
1.12783
1.10817
1.09387
1.0848
1.0802
1.07938
1.08209
1.08838
1.09796
1.10982
1.12253
1.13462
1.14466
1.15119
1.15303
1.14965
1.14125
1.12844
1.11192
1.09218
1.06943
1.04375
1.01538
0.985342
0.956432
0.933737
0.922878
0.926188
0.94074
0.96027
0.978487
0.991102
0.996405
0.995057
0.989419
0.982617
0.977695
0.976977
0.981665
0.991814
1.00655
1.02433
1.04312
1.06058
1.07427
1.08211
1.08279
1.07604
1.06281
1.04515
1.0259
1.00824
0.995028
0.988163
0.988059
0.993443
1.00189
1.01072
1.01791
1.02244
1.02426
1.02418
1.02402
1.02651
1.03438
1.04867
1.06753
1.08684
1.10224
1.11106
1.11315
1.11053
1.10619
1.10275
1.10171
1.10323
1.10629
1.1089
1.10855
1.10302
1.0915
1.07531
1.05791
1.04367
1.03578
1.03453
1.03759
1.04189
1.04528
1.04722
1.04847
1.05038
1.05397
1.05934
1.06556
1.07114
1.07491
1.07641
1.07588
1.07373
1.07013
1.06482
1.0575
1.04834
1.03849
1.03007
1.02563
1.02728
1.03556
1.04897
1.06427
1.07764
1.08596
1.08771
1.08317
1.07409
1.06302
1.05253
1.04462
1.04034
1.03993
1.04311
1.04947
1.05847
1.06942
1.08128
1.09262
1.10162
1.10636
1.10532
1.0982
1.08639
1.07293
1.06137
1.05405
1.05122
1.05167
1.05381
1.05651
1.05923
1.062
1.06533
1.07003
1.07702
1.08681
1.0989
1.11189
1.12398
1.13364
1.13983
1.14184
1.13923
1.13202
1.12119
1.1089
1.09822
1.09213
1.09216
1.09766
1.1063
1.11533
1.12249
1.12638
1.12632
1.122
1.11319
1.09965
1.08171
1.06172
1.0449
1.03755
1.04273
1.05747
1.0754
1.09096
1.10132
1.10575
1.10457
1.09849
1.08846
1.07564
1.06157
1.04809
1.03726
1.03081
1.02964
1.03341
1.04089
1.05045
1.06062
1.07034
1.07879
1.08521
1.08883
1.08896
1.08533
1.07834
1.06933
1.06043
1.05426
1.05332
1.05921
1.07218
1.09087
1.11268
1.13451
1.15371
1.16863
1.17887
1.18498
1.18777
1.18785
1.18522
1.17939
1.16953
1.15475
1.13432
1.10781
1.07531
1.03781
0.997795
0.959577
0.9284
0.908227
0.900216
0.903546
0.917138
0.939984
0.970147
1.00424
1.03808
1.06789
1.09104
1.10608
1.11275
1.11207
1.10638
1.09873
1.09165
1.0865
1.0843
1.08668
1.09538
1.11088
1.13187
1.15572
1.17938
1.20026
1.21669
1.22806
1.2346
1.23696
1.23601
1.23254
1.22719
1.2204
1.21241
1.20337
1.19334
1.18239
1.1707
1.15857
1.14661
1.13574
1.12705
1.12158
1.11974
1.12107
1.12428
1.12773
1.12995
1.12998
1.12747
1.1227
1.11646
1.10986
1.10409
1.10007
1.09814
1.09778
1.09754
1.09537
1.08952
1.07943
1.06589
1.05034
1.03378
1.01641
0.998589
0.98306
0.976197
0.984907
1.01018
1.04532
1.08118
1.11135
1.13303
1.14584
1.15041
1.14764
1.13833
1.12331
1.1039
1.08216
1.06084
1.04282
1.03021
1.0238
1.0232
1.02729
1.03477
1.04445
1.05525
1.06619
1.07643
1.08537
1.09281
1.09876
1.10324
1.10633
1.1083
1.10973
1.11127
1.11334
1.1159
1.11859
1.12086
1.12239
1.12318
1.12361
1.1243
1.12574
1.12811
1.13098
1.13329
1.13355
1.13009
1.12145
1.10689
1.08686
1.06333
1.03955
1.01909
1.00454
0.997078
0.997092
1.00462
1.01898
1.03813
1.05894
1.07837
1.0945
1.10678
1.11559
1.12167
1.12555
1.12738
1.12692
1.12382
1.11792
1.10931
1.09841
1.08579
1.07208
1.05786
1.04365
1.03006
1.01793
1.00857
1.00375
1.00525
1.01411
1.02976
1.04976
1.07044
1.0881
1.1001
1.10532
1.1042
1.09845
1.09048
1.08268
1.07665
1.07298
1.0714
1.07138
1.07257
1.07518
1.08008
1.08852
1.1013
1.11796
1.1366
1.15467
1.16973
1.17998
1.18439
1.18257
1.1748
1.16213
1.14655
1.13077
1.11753
1.10873
1.10468
1.10394
1.10394
1.10191
1.09575
1.08469
1.06965
1.0531
1.03808
1.02663
1.01891
1.01426
1.01237
1.01321
1.01624
1.02012
1.0234
1.02531
1.02607
1.02653
1.02763
1.03008
1.03428
1.04024
1.04754
1.05538
1.06287
1.06953
1.07545
1.08103
1.08655
1.09193
1.09682
1.10061
1.10269
1.10271
1.10078
1.09747
1.09353
1.0896
1.08606
1.08305
1.08051
1.07828
1.07604
1.0734
1.06995
1.0654
1.05983
1.05372
1.04783
1.0428
1.03866
1.03483
1.03072
1.02686
1.0253
1.02878
1.0388
1.05419
1.07173
1.088
1.10091
1.11001
1.11599
1.11987
1.12244
1.12418
1.12563
1.12775
1.13203
1.13938
1.14866
1.15672
1.16026
1.15748
1.14864
1.13576
1.12169
1.1091
1.0998
1.09488
1.0949
1.09949
1.10706
1.11523
1.12187
1.12586
1.12725
1.12684
1.12519
1.12219
1.11718
1.10976
1.10036
1.09021
1.08083
1.07342
1.06859
1.06633
1.0661
1.06691
1.06755
1.06702
1.06479
1.06079
1.0552
1.04853
1.04176
1.03631
1.03377
1.03552
1.04251
1.05506
1.07265
1.09371
1.11577
1.13616
1.15266
1.16399
1.16974
1.16997
1.16484
1.15459
1.13992
1.12253
1.10522
1.09148
1.08456
1.08636
1.09668
1.11326
1.13265
1.15127
1.16623
1.17564
1.17858
1.17496
1.16545
1.15136
1.13456
1.11713
1.10094
1.0872
1.07636
1.06832
1.06262
1.05847
1.05476
1.05023
1.04406
1.03666
1.03044
1.02996
1.03994
1.06111
1.0885
1.1146
1.13375
1.14361
1.14449
1.13812
1.12659
1.11188
1.09591
1.08085
1.06861
1.05997
1.0542
1.04968
1.0448
1.03872
1.03165
1.0246
1.01874
1.0148
1.01304
1.0136
1.01695
1.02363
1.03367
1.04611
1.05898
1.07
1.07744
1.08074
1.08061
1.07866
1.07691
1.07711
1.08038
1.08703
1.09663
1.10836
1.12121
1.13432
1.14699
1.15878
1.16945
1.17888
1.18694
1.19334
1.19748
1.19859
1.19592
1.18913
1.17865
1.16591
1.15317
1.14302
1.13754
1.13758
1.14247
1.15035
1.15882
1.16576
1.1699
1.17121
1.17086
1.17067
1.17221
1.17607
1.18146
1.18654
1.18907
1.18741
1.18131
1.17233
1.16295
1.15515
1.14938
1.14446
1.13857
1.13049
1.12032
1.10899
1.0974
1.08586
1.07419
1.06211
1.04965
1.0371
1.02482
1.01337
1.00445
1.00186
1.01036
1.03116
1.05959
1.08869
1.11408
1.13492
1.15239
1.16792
1.18215
1.19458
1.20415
1.20983
1.2109
1.20676
1.19674
1.18033
1.15747
1.12896
1.09667
1.06349
1.03305
1.00877
0.992715
0.984819
0.983115
0.984972
0.988611
0.994018
1.00236
1.01431
1.02866
1.04297
1.05523
1.06501
1.07308
1.08005
1.0855
1.08816
1.08692
1.08143
1.07228
1.06094
1.04955
1.04062
1.03639
1.03845
1.0474
1.06291
1.08366
1.10745
1.13143
1.15294
1.17021
1.18263
1.19047
1.19439
1.19505
1.19301
1.189
1.18424
1.18017
1.17753
1.17599
1.17481
1.17397
1.1742
1.17638
1.18068
1.18647
1.19274
1.19862
1.20359
1.20745
1.2102
1.21184
1.21239
1.21193
1.21071
1.20914
1.2075
1.20579
1.20361
1.2003
1.19534
1.18869
1.18106
1.17378
1.16825
1.16532
1.16501
1.16665
1.16891
1.17006
1.16828
1.1622
1.15135
1.13631
1.11837
1.09926
1.08088
1.06513
1.05377
1.04803
1.04825
1.05356
1.06197
1.0711
1.07908
1.08504
1.08902
1.09181
1.09457
1.09849
1.10441
1.11238
1.12151
1.1302
1.13667
1.13951
1.13787
1.13147
1.12038
1.10497
1.08624
1.06629
1.04834
1.03528
1.02782
1.02425
1.0224
1.02138
1.02185
1.02512
1.03212
1.04251
1.05454
1.06564
1.07355
1.0774
1.07824
1.07846
1.08053
1.08597
1.09511
1.10745
1.12186
1.13686
1.15084
1.1623
1.17006
1.17355
1.17305
1.16979
1.16562
1.16229
1.16077
1.16082
1.16121
1.1605
1.15765
1.15255
1.14595
1.13911
1.13325
1.12901
1.12627
1.12426
1.12197
1.11857
1.11362
1.10711
1.09947
1.0915
1.08422
1.07849
1.07472
1.07272
1.07169
1.0706
1.06863
1.0656
1.06212
1.05932
1.05823
1.05928
1.06215
1.06611
1.07059
1.07535
1.08031
1.08525
1.08979
1.09351
1.09603
1.0972
1.09706
1.09579
1.09355
1.09056
1.08725
1.0844
1.08306
1.08415
1.08785
1.09351
1.09986
1.10558
1.10966
1.11164
1.1114
1.10894
1.10418
1.09701
1.08731
1.07518
1.06106
1.04575
1.03035
1.01599
1.00361
0.993881
0.987249
0.983744
0.983021
0.984787
0.989175
0.996573
1.00713
1.02046
1.03572
1.05194
1.06845
1.08505
1.10173
1.11819
1.13352
1.1462
1.15445
1.15675
1.15226
1.14113
1.1244
1.10387
1.08169
1.06013
1.04126
1.02673
1.01724
1.01226
1.01048
1.01074
1.01254
1.01574
1.02007
1.02491
1.02952
1.03345
1.03684
1.04036
1.04481
1.05046
1.05683
1.0628
1.06718
1.06922
1.06876
1.06614
1.06199
1.05699
1.05166
1.04632
1.04122
1.03673
1.03345
1.03212
1.03335
1.03734
1.04374
1.05165
1.05986
1.06719
1.07285
1.07652
1.07813
1.0776
1.07468
1.06913
1.06104
1.05115
1.04075
1.03139
1.02441
1.02051
1.01951
1.02028
1.02118
1.02093
1.01933
1.01754
1.01744
1.02066
1.02773
1.03799
1.05011
1.06275
1.07495
1.08612
1.096
1.10444
1.1114
1.11692
1.12119
1.12447
1.12686
1.12813
1.12768
1.12477
1.11893
1.11005
1.09851
1.08505
1.07058
1.05625
1.04345
1.03374
1.02886
1.0306
1.04041
1.05857
1.0832
1.11038
1.13548
1.15465
1.1657
1.16814
1.16298
1.15229
1.13888
1.1258
1.11573
1.11046
1.11043
1.11458
1.12065
1.12607
1.12889
1.12853
1.12587
1.12284
1.12159
1.12357
1.1291
1.13776
1.14922
1.16355
1.18069
1.19962
1.21805
1.23329
1.24336
1.24757
1.24602
1.23911
1.22755
1.21281
1.19684
1.18114
1.16551
1.14843
1.12896
1.10844
1.09038
1.07881
1.07574
1.07998
1.08804
1.09614
1.10182
1.10449
1.10508
1.10528
1.10665
1.10981
1.11418
1.1181
1.1193
1.11555
1.1056
1.08983
1.07057
1.05154
1.03665
1.02901
1.03015
1.04007
1.05742
1.07996
1.10499
1.12992
1.15253
1.17108
1.18412
1.1904
1.18908
1.18011
1.16469
1.14531
1.12538
1.10837
1.09664
1.09066
1.08915
1.08993
1.09111
1.09164
1.09117
1.08966
1.08717
1.08398
1.08086
1.07886
1.07882
1.08096
1.08495
1.09028
1.09632
1.10222
1.1067
1.10817
1.10507
1.09657
1.08331
1.06763
1.05267
1.04067
1.032
1.02587
1.02187
1.02069
1.0236
1.03111
1.04193
1.05315
1.06152
1.06481
1.06251
1.05597
1.04802
1.04211
1.04095
1.04528
1.05363
1.06322
1.0714
1.07652
1.07832
1.07756
1.07549
1.07326
1.07168
1.07117
1.07169
1.07245
1.07197
1.06883
1.06256
1.0539
1.04445
1.03578
1.0288
1.02377
1.02074
1.02011
1.02268
1.02893
1.03843
1.04982
1.06142
1.07201
1.08118
1.08925
1.09682
1.1043
1.11166
1.11848
1.1241
1.12804
1.13029
1.13144
1.13269
1.13545
1.14074
1.14845
1.15721
1.16492
1.16951
1.16958
1.16456
1.15458
1.14028
1.12253
1.10245
1.08141
1.06127
1.04402
1.03101
1.02233
1.01721
1.0149
1.01461
1.01511
1.015
1.01375
1.01255
1.01414
1.02164
1.03674
1.05845
1.08337
1.10732
1.12702
1.14094
1.14933
1.15379
1.15672
1.16073
1.16757
1.17714
1.18712
1.19378
1.19349
1.18387
1.16418
1.13514
1.0985
1.05667
1.01265
0.969975
0.932792
0.906056
0.89478
0.9011
0.921381
0.947865
0.973538
0.994989
1.01199
1.0259
1.03831
1.05015
1.06128
1.07075
1.07761
1.08191
1.08513
1.08982
1.09806
1.11014
1.12448
1.13873
1.15089
1.15989
1.16543
1.16771
1.16701
1.16368
1.15837
1.1522
1.14637
1.14156
1.1375
1.13323
1.12785
1.12103
1.11314
1.10491
1.0971
1.09025
1.08459
1.08005
1.07625
1.07265
1.06885
1.06481
1.06093
1.05778
1.0556
1.05391
1.05163
1.04764
1.04182
1.03539
1.03027
1.02766
1.02721
1.02755
1.0274
1.02652
1.02553
1.02536
1.02657
1.02929
1.0335
1.03941
1.04758
1.05859
1.07248
1.08842
1.1048
1.11984
1.13203
1.14044
1.14478
1.14525
1.14235
1.13661
1.12846
1.11821
1.1062
1.09316
1.08039
1.06967
1.06272
1.06052
1.0631
1.06992
1.08036
1.09398
1.11034
1.12895
1.14908
1.1698
1.18989
1.20794
1.2224
1.23183
1.23507
1.23146
1.2211
1.20506
1.1854
1.1647
1.14538
1.12914
1.11661
1.10735
1.10007
1.09322
1.08545
1.07593
1.06447
1.05165
1.03881
1.02804
1.02157
1.02061
1.02456
1.03142
1.03927
1.04742
1.05644
1.06699
1.07866
1.08983
1.09864
1.10402
1.10607
1.10564
1.10358
1.10033
1.09606
1.09121
1.08692
1.08485
1.08656
1.09262
1.10201
1.11245
1.12131
1.12658
1.12743
1.12437
1.11927
1.11438
1.11111
1.10954
1.10902
1.10902
1.10929
1.1096
1.1094
1.10802
1.10495
1.10006
1.09366
1.08628
1.07843
1.07047
1.0628
1.0558
1.0498
1.04494
1.04119
1.03854
1.03696
1.03648
1.0371
1.03882
1.04173
1.04604
1.05199
1.05961
1.06857
1.07821
1.08766
1.09604
1.10253
1.10634
1.1066
1.10242
1.09311
1.07879
1.06109
1.04366
1.03114
1.0266
1.02949
1.03623
1.04298
1.04769
1.05034
1.05208
1.05414
1.05737
1.06204
1.06792
1.07435
1.08033
1.08465
1.08617
1.08412
1.07838
1.06976
1.05978
1.05039
1.04344
1.04023
1.04124
1.04594
1.05313
1.06154
1.07007
1.07775
1.08356
1.08668
1.08684
1.08447
1.08043
1.0757
1.07111
1.06734
1.06495
1.0643
1.06553
1.06847
1.07265
1.07753
1.08277
1.08847
1.09489
1.10191
1.10855
1.11342
1.11546
1.11463
1.11208
1.10965
1.10883
1.10993
1.11224
1.11487
1.1175
1.12068
1.12537
1.132
1.13978
1.14686
1.15131
1.15184
1.14813
1.14053
1.12957
1.1155
1.09817
1.0773
1.05318
1.02729
1.00249
0.98253
0.970828
0.969382
0.978026
0.994473
1.01526
1.03726
1.0588
1.07994
1.10162
1.12445
1.14771
1.16935
1.1868
1.1979
1.20145
1.19728
1.18613
1.16948
1.1493
1.12777
1.10709
1.08949
1.07735
1.07294
1.07739
1.08994
1.1083
1.12978
1.15215
1.1737
1.19292
1.20823
1.21808
1.22126
1.21741
1.20758
1.19433
1.18106
1.1706
1.16418
1.16138
1.16073
1.16042
1.15859
1.15358
1.14422
1.13005
1.11131
1.08904
1.06505
1.04186
1.02231
1.00874
1.00222
1.0024
1.00801
1.01767
1.03029
1.04494
1.06039
1.07483
1.08618
1.09289
1.09455
1.09196
1.08671
1.08052
1.07478
1.07037
1.0677
1.06697
1.06833
1.07182
1.07725
1.08407
1.0914
1.09819
1.10347
1.10659
1.10719
1.10513
1.1004
1.09312
1.08361
1.07249
1.06077
1.04984
1.04132
1.03686
1.03764
1.04391
1.05488
1.069
1.0845
1.09971
1.11313
1.12374
1.13111
1.13552
1.1377
1.13846
1.13819
1.13673
1.1334
1.12757
1.11906
1.10841
1.0966
1.08452
1.07273
1.06143
1.05087
1.0418
1.03556
1.03351
1.03613
1.04248
1.05057
1.05796
1.06242
1.0622
1.05641
1.04541
1.03108
1.01662
1.00569
1.00118
1.00415
1.01371
1.02767
1.04365
1.05988
1.07554
1.09087
1.10647
1.1225
1.1381
1.15174
1.162
1.16821
1.17062
1.17008
1.16753
1.16339
1.15751
1.14944
1.13913
1.12724
1.11497
1.1037
1.09455
1.08832
1.08578
1.08735
1.09244
1.09944
1.10642
1.11185
1.11464
1.11402
1.1094
1.10077
1.08903
1.07607
1.06414
1.05496
1.04868
1.04406
1.03963
1.03498
1.03094
1.02896
1.03026
1.03555
1.04491
1.05798
1.07399
1.09169
1.10955
1.12601
1.13986
1.15053
1.15806
1.16299
1.16596
1.16754
1.16816
1.16821
1.16812
1.16832
1.16873
1.16855
1.16641
1.16091
1.15116
1.13726
1.12089
1.10566
1.09571
1.09267
1.09448
1.0978
1.10072
1.10315
1.10579
1.10936
1.11404
1.11948
1.12505
1.13026
1.13479
1.13823
1.1396
1.13726
1.12913
1.11376
1.09141
1.06492
1.0395
1.02165
1.01728
1.02924
1.05502
1.08769
1.11994
1.14736
1.16851
1.18326
1.19161
1.19335
1.18848
1.1776
1.16242
1.14564
1.13037
1.11907
1.11284
1.11137
1.11371
1.11884
1.12596
1.1343
1.14277
1.15
1.15472
1.15629
1.15468
1.15013
1.1429
1.13339
1.1222
1.11043
1.09964
1.09173
1.08846
1.09085
1.09868
1.11047
1.12397
1.13672
1.14663
1.15224
1.15297
1.14915
1.14159
1.13094
1.11729
1.10037
1.08023
1.05802
1.03613
1.01769
1.00543
1.00073
1.00324
1.01133
1.0229
1.03617
1.04996
1.06356
1.0766
1.08885
1.10003
1.10974
1.11741
1.12251
1.12487
1.1251
1.12458
1.12489
1.1269
1.13033
1.13401
1.13664
1.13709
1.13468
1.12928
1.12135
1.11191
1.10212
1.09275
1.0839
1.07524
1.06665
1.05877
1.05305
1.05115
1.05429
1.06253
1.07453
1.08771
1.09873
1.10417
1.1013
1.0891
1.06944
1.0475
1.0296
1.01904
1.01431
1.01211
1.01071
1.01062
1.01319
1.01939
1.02929
1.0423
1.05768
1.07462
1.09194
1.1079
1.1205
1.12813
1.13006
1.12662
1.11897
1.10891
1.09845
1.0895
1.08343
1.08068
1.0808
1.08289
1.08618
1.09034
1.0953
1.10098
1.10715
1.11329
1.11877
1.12298
1.1255
1.12633
1.12572
1.12385
1.12042
1.11451
1.10521
1.0925
1.07816
1.06574
1.05949
1.06218
1.07334
1.08941
1.10571
1.11862
1.12636
1.12871
1.12615
1.11936
1.10919
1.09677
1.08349
1.07065
1.05895
1.0483
1.03823
1.02855
1.01992
1.0139
1.01237
1.01672
1.02713
1.04236
1.06027
1.07844
1.09479
1.1077
1.11623
1.12018
1.12021
1.11752
1.11341
1.10863
1.10306
1.0959
1.08629
1.07412
1.06066
1.04847
1.04035
1.0378
1.04038
1.0466
1.05551
1.06735
1.083
1.10264
1.12499
1.14746
1.16689
1.18033
1.18535
1.18031
1.16469
1.1394
1.1069
1.07104
1.03634
1.00673
0.984527
0.970286
0.96354
0.963276
0.967981
0.975723
0.984583
0.99312
1.0006
1.00692
1.01244
1.01779
1.02374
1.03109
1.04063
1.05321
1.0694
1.08894
1.11031
1.13108
1.14886
1.16207
1.17009
1.17295
1.17101
1.16471
1.15451
1.14102
1.12514
1.10791
1.09043
1.07391
1.05966
1.04874
1.04137
1.03689
1.03454
1.03438
1.03759
1.04596
1.06062
1.08087
1.104
1.12643
1.14505
1.15771
1.16322
1.16114
1.15166
1.13566
1.11448
1.08971
1.063
1.03633
1.01208
0.992446
0.978412
0.96911
0.962429
0.956292
0.949611
0.942482
0.93585
0.93105
0.929337
0.931367
0.936897
0.94506
0.95509
0.96678
0.980364
0.996045
1.01374
1.0329
1.05266
1.07197
1.08989
1.10576
1.11906
1.12913
1.13477
1.13458
1.12761
1.1142
1.09627
1.07706
1.06033
1.04933
1.04601
1.05048
1.06114
1.07503
1.08862
1.09874
1.10348
1.10278
1.09853
1.09387
1.09203
1.095
1.10288
1.11395
1.12552
1.13515
1.14186
1.14615
1.14923
1.15211
1.1551
1.15785
1.15951
1.15913
1.15584
1.14907
1.1385
1.12404
1.10588
1.0848
1.06262
1.04206
1.02583
1.01539
1.0105
1.00977
1.0115
1.01434
1.01773
1.022
1.02805
1.03689
1.04884
1.06303
1.07733
1.08908
1.096
1.09701
1.09234
1.08322
1.07158
1.05971
1.04981
1.04325
1.04003
1.03877
1.03756
1.03484
1.02997
1.02337
1.01618
1.00976
1.00518
1.0029
1.0028
1.0047
1.00864
1.01481
1.02333
1.03406
1.0466
1.06059
1.07562
1.09119
1.10659
1.12087
1.133
1.1421
1.14752
1.14891
1.14613
1.13924
1.12862
1.1151
1.10007
1.08552
1.07371
1.06623
1.06301
1.06209
1.06058
1.05616
1.04806
1.03727
1.02621
1.01796
1.0152
1.01923
1.02931
1.04291
1.05675
1.0682
1.07619
1.08118
1.08443
1.08697
1.08912
1.09079
1.09206
1.09343
1.09561
1.09899
1.10321
1.10732
1.1103
1.11168
1.11183
1.11175
1.11249
1.11457
1.1176
1.12047
1.12191
1.12103
1.11755
1.11183
1.10468
1.097
1.08945
1.08213
1.07454
1.06584
1.05571
1.04503
1.03599
1.03114
1.03215
1.03886
1.04956
1.0619
1.07356
1.08277
1.0885
1.09061
1.08998
1.08822
1.08703
1.08722
1.08831
1.08893
1.08787
1.08489
1.08065
1.07627
1.07295
1.07179
1.07375
1.07946
1.08863
1.10007
1.11209
1.12302
1.13117
1.13467
1.13164
1.12092
1.10263
1.07841
1.05131
1.02536
1.005
0.994032
0.994277
1.00478
1.02233
1.04307
1.06406
1.08374
1.10164
1.11763
1.13151
1.14281
1.15099
1.15568
1.15665
1.15392
1.14757
1.13783
1.12521
1.11071
1.0959
1.0828
1.07338
1.0691
1.07066
1.0779
1.08994
1.1053
1.12213
1.1383
1.15175
1.16089
1.1648
1.16323
1.15638
1.14478
1.12913
1.11026
1.08921
1.06739
1.0469
1.03036
1.0205
1.01911
1.0261
1.03943
1.05592
1.07236
1.08625
1.09613
1.1015
1.10281
1.10132
1.0986
1.09597
1.09406
1.09293
1.09247
1.09268
1.09357
1.09512
1.09724
1.10001
1.10364
1.10815
1.11303
1.11715
1.11912
1.11778
1.11254
1.10338
1.09082
1.07587
1.06012
1.04593
1.03617
1.0335
1.03929
1.05301
1.07254
1.09505
1.11785
1.13866
1.15565
1.16732
1.17265
1.17132
1.16379
1.15095
1.13361
1.11242
1.08842
1.06372
1.04139
1.02459
1.01541
1.01464
1.02215
1.0366
1.05479
1.07219
1.08481
1.09043
1.08856
1.07984
1.06584
1.04912
1.03313
1.02128
1.01556
1.01561
1.01951
1.0252
1.03144
1.03766
1.04336
1.04781
1.05019
1.04984
1.04662
1.04089
1.03316
1.02385
1.01314
1.00133
0.989646
0.980842
0.978152
0.982547
0.991665
1.00244
1.01404
1.02803
1.04637
1.0696
1.09629
1.12368
1.14894
1.1701
1.18635
1.19762
1.20395
1.20509
1.20068
1.19085
1.17685
1.16139
1.14797
1.13941
1.13661
1.13841
1.14257
1.14704
1.15079
1.15392
1.1571
1.16075
1.16452
1.16742
1.16826
1.16617
1.16091
1.15289
1.14307
1.13285
1.12366
1.11657
1.11224
1.11097
1.11275
1.11701
1.12238
1.12732
1.13099
1.13355
1.13577
1.13839
1.14161
1.14508
1.14807
1.14967
1.14877
1.14389
1.13345
1.11656
1.0939
1.06803
1.04265
1.02171
1.00851
1.00545
1.0136
1.03211
1.05771
1.08571
1.11184
1.13353
1.14976
1.16038
1.16554
1.16547
1.16058
1.15187
1.14104
1.13008
1.12075
1.11422
1.11088
1.11046
1.11197
1.11391
1.11465
1.11298
1.1084
1.10123
1.09234
1.08282
1.07375
1.06613
1.06083
1.05869
1.06042
1.06645
1.07669
1.0905
1.10674
1.12401
1.14071
1.15523
1.16629
1.17317
1.17592
1.17522
1.17201
1.16712
1.16097
1.15376
1.14578
1.13756
1.13003
1.12421
1.12097
1.12087
1.12394
1.12967
1.13707
1.14491
1.15186
1.15661
1.15795
1.15495
1.14729
1.13589
1.12318
1.11267
1.10777
1.11041
1.12041
1.13582
1.15402
1.17251
1.18925
1.20281
1.21216
1.21663
1.21596
1.2103
1.2001
1.1861
1.16923
1.15071
1.13206
1.11495
1.10076
1.09018
1.08304
1.07842
1.075
1.07132
1.0661
1.05839
1.04782
1.03468
1.02018
1.00646
0.996289
0.992105
0.994884
1.00369
1.01635
1.03074
1.04559
1.06028
1.07413
1.08601
1.09467
1.09949
1.10067
1.099
1.09544
1.09083
1.08574
1.08037
1.0747
1.0688
1.0633
1.0593
1.05798
1.05994
1.06473
1.07088
1.07653
1.08009
1.08071
1.07835
1.07357
1.06733
1.06073
1.0549
1.05092
1.04979
1.05249
1.05968
1.07138
1.08665
1.10345
1.11911
1.13097
1.13704
1.13643
1.12953
1.11809
1.1049
1.09332
1.08633
1.08565
1.09145
1.10267
1.11758
1.13435
1.15103
1.16559
1.17593
1.18034
1.17797
1.16936
1.15639
1.1418
1.12835
1.11797
1.11142
1.10834
1.10761
1.10773
1.10737
1.10573
1.10279
1.09943
1.09712
1.09735
1.10111
1.10835
1.11805
1.12851
1.13797
1.14514
1.14947
1.15117
1.15089
1.14932
1.14696
1.14397
1.14031
1.13592
1.13088
1.12554
1.1204
1.11591
1.11225
1.10937
1.10728
1.106
1.10553
1.10552
1.10522
1.10375
1.10051
1.09557
1.08976
1.08438
1.08065
1.07921
1.07993
1.08217
1.085
1.0875
1.08888
1.08868
1.08676
1.08337
1.0791
1.07475
1.07099
1.06819
1.06648
1.06603
1.06717
1.07006
1.0743
1.07902
1.08321
1.08607
1.08698
1.0854
1.08085
1.0728
1.06082
1.0446
1.02428
1.00086
0.976765
0.955864
0.942458
0.939141
0.945047
0.956343
0.968541
0.978772
0.986756
0.99434
1.00394
1.01686
1.0327
1.05005
1.0676
1.0845
1.10011
1.1138
1.12504
1.13371
1.14012
1.14452
1.147
1.14759
1.14645
1.14402
1.14072
1.13683
1.13242
1.12741
1.12186
1.11618
1.11125
1.10833
1.1087
1.1131
1.1214
1.13252
1.14469
1.156
1.16487
1.17047
1.1727
1.17209
1.16953
1.16604
1.16242
1.15911
1.15615
1.15333
1.15055
1.14789
1.14564
1.14409
1.14333
1.14308
1.14276
1.14171
1.13951
1.13627
1.13279
1.13031
1.12989
1.1318
1.13532
1.13916
1.14214
1.1437
1.14402
1.14359
1.1428
1.14152
1.13917
1.13511
1.12906
1.12146
1.11343
1.10668
1.10281
1.10263
1.10559
1.10999
1.11379
1.11553
1.11487
1.11244
1.10932
1.10635
1.10388
1.10196
1.10086
1.10122
1.10398
1.10967
1.11815
1.12842
1.13871
1.14693
1.15129
1.15094
1.14626
1.13877
1.13049
1.12328
1.11831
1.11583
1.11539
1.11621
1.11772
1.11972
1.12224
1.12509
1.12769
1.12924
1.12896
1.12636
1.12112
1.11313
1.10252
1.0899
1.07659
1.0646
1.05622
1.05335
1.05656
1.06466
1.07503
1.0846
1.09101
1.0932
1.09154
1.08752
1.08314
1.07992
1.07843
1.07834
1.07894
1.07969
1.08065
1.0829
1.08854
1.09935
1.1151
1.13311
1.14946
1.16063
1.16451
1.16064
1.14987
1.13385
1.11454
1.09402
1.07442
1.05772
1.04514
1.03668
1.03132
1.02805
1.02676
1.02789
1.03137
1.03623
1.04123
1.04566
1.04965
1.05374
1.05818
1.06262
1.06635
1.06898
1.07114
1.07403
1.07845
1.08418
1.09042
1.09654
1.10221
1.10688
1.10929
1.10728
1.09827
1.08085
1.05708
1.03354
1.01787
1.01286
1.01565
1.02249
1.0317
1.04281
1.05479
1.06554
1.07258
1.07417
1.0702
1.06234
1.05346
1.04658
1.04383
1.04599
1.05257
1.06228
1.07352
1.0849
1.0954
1.10432
1.11105
1.11491
1.11499
1.11034
1.10031
1.0849
1.06497
1.0423
1.01932
0.998618
0.982412
0.97214
0.968433
0.971215
0.979752
0.992658
1.00803
1.02375
1.03806
1.05
1.05981
1.06867
1.07796
1.08841
1.09971
1.11079
1.12026
1.12692
1.13
1.12922
1.12466
1.11656
1.10549
1.09254
1.07937
1.06802
1.06051
1.05848
1.06289
1.07394
1.09087
1.11196
1.13476
1.1563
1.1736
1.18414
1.18657
1.18112
1.16967
1.15528
1.14122
1.12975
1.12104
1.1133
1.1045
1.09394
1.0823
1.07075
1.06013
1.05071
1.04236
1.03473
1.0274
1.02003
1.01264
1.00572
1.00022
0.997164
0.997382
1.00118
1.0083
1.01815
1.03012
1.04395
1.05961
1.07692
1.09509
1.11258
1.12729
1.13723
1.14089
1.13773
1.12824
1.11388
1.0969
1.07989
1.06533
1.05496
1.04966
1.04947
1.05391
1.06213
1.07289
1.08451
1.09506
1.10264
1.10607
1.10549
1.10246
1.09924
1.09742
1.09683
1.09569
1.09178
1.08366
1.07129
1.05582
1.03933
1.0245
1.01402
1.00983
1.01257
1.02157
1.03518
1.05124
1.06744
1.08159
1.09196
1.09752
1.0979
1.09335
1.08462
1.07304
1.06037
1.04847
1.03914
1.03408
1.03482
1.04198
1.0549
1.07176
1.0904
1.10882
1.12537
1.13876
1.14813
1.15336
1.15574
1.15797
1.16333
1.17351
1.18733
1.20147
1.21262
1.21862
1.21864
1.21285
1.20228
1.18864
1.17401
1.16033
1.1486
1.1388
1.13024
1.12236
1.11513
1.10906
1.10478
1.10271
1.10302
1.10578
1.11112
1.11901
1.12873
1.13879
1.14697
1.15105
1.1494
1.14159
1.12876
1.11335
1.09821
1.08549
1.07609
1.06975
1.06539
1.06153
1.05678
1.05026
1.04201
1.03314
1.0255
1.02071
1.01924
1.02021
1.02236
1.02517
1.0293
1.03617
1.04717
1.06291
1.08285
1.10552
1.12895
1.1511
1.17005
1.18415
1.19208
1.19312
1.18725
1.17529
1.1589
1.1404
1.12236
1.10707
1.0962
1.09053
1.09012
1.09437
1.10196
1.11092
1.11883
1.1234
1.12312
1.11772
1.1082
1.09629
1.08365
1.07123
1.0592
1.04744
1.03614
1.02617
1.01895
1.01583
1.01759
1.02417
1.03503
1.04951
1.06706
1.08704
1.10847
1.12995
1.14992
1.16695
1.18
1.18856
1.19256
1.1922
1.18779
1.17977
1.1689
1.15632
1.1437
1.13298
1.12574
1.12246
1.12213
1.12263
1.12171
1.11775
1.11015
1.09926
1.08612
1.07212
1.05863
1.04677
1.03734
1.0309
1.02792
1.02893
1.03415
1.0433
1.05548
1.06945
1.08401
1.09827
1.11177
1.12435
1.13599
1.14634
1.15457
1.15962
1.16068
1.15746
1.15019
1.13953
1.12679
1.11405
1.10366
1.097
1.09355
1.09141
1.08875
1.08503
1.08107
1.07831
1.07786
1.07991
1.08364
1.08764
1.09049
1.09116
1.08904
1.08411
1.07708
1.06961
1.06391
1.06158
1.06245
1.0647
1.06639
1.06705
1.06799
1.07138
1.07869
1.08967
1.10239
1.11417
1.12298
1.1283
1.13092
1.1316
1.13012
1.12551
1.11738
1.1068
1.0964
1.08957
1.08941
1.09763
1.11397
1.13615
1.16064
1.18349
1.20121
1.21117
1.21194
1.20341
1.18686
1.16472
1.14007
1.11628
1.09669
1.0848
1.08331
1.09232
1.10884
1.1288
1.14909
1.16773
1.18304
1.19329
1.1969
1.19269
1.18014
1.15974
1.13338
1.10458
1.07812
1.05882
1.05001
1.0524
1.06383
1.08022
1.09718
1.1113
1.12062
1.1244
1.12275
1.11631
1.10618
1.09381
1.08108
1.07022
1.06353
1.06262
1.06781
1.07806
1.09162
1.10673
1.12197
1.1361
1.14793
1.15632
1.16023
1.15883
1.15163
1.1386
1.12025
1.0977
1.0727
1.04747
1.0244
1.00556
0.992415
0.985814
0.986084
0.993229
1.00698
1.02651
1.05028
1.07611
1.10168
1.12484
1.14372
1.15678
1.16305
1.16231
1.15537
1.1442
1.13182
1.12153
1.1158
1.11524
1.11865
1.12388
1.12875
1.13169
1.1319
1.1293
1.12443
1.11825
1.11182
1.10598
1.1011
1.09685
1.09227
1.08597
1.07675
1.06417
1.0491
1.03363
1.02067
1.01297
1.0121
1.01801
1.02945
1.04489
1.0631
1.08333
1.10499
1.12721
1.14881
1.16848
1.185
1.19746
1.2052
1.20776
1.20475
1.19598
1.18179
1.16354
1.14398
1.12685
1.11559
1.11189
1.11507
1.12243
1.13057
1.13655
1.13864
1.13645
1.13076
1.12309
1.11476
1.10633
1.09765
1.08889
1.08104
1.07572
1.0743
1.07727
1.08377
1.09155
1.09753
1.09891
1.09436
1.08472
1.07291
1.06281
1.05744
1.05758
1.06178
1.06761
1.07284
1.07584
1.0756
1.07166
1.06406
1.05343
1.04087
1.02779
1.01553
1.0049
0.995812
0.98743
0.97881
0.969977
0.962539
0.958903
0.960314
0.965687
0.972536
0.978852
0.983891
0.987754
0.990664
0.992902
0.99525
0.998929
1.00483
1.01278
1.02142
1.02892
1.03396
1.03622
1.03638
1.0357
1.03565
1.03753
1.04227
1.05022
1.06118
1.07444
1.08893
1.10333
1.11606
1.12557
1.1306
1.13052
1.12562
1.11737
1.10846
1.10229
1.10197
1.109
1.12269
1.1406
1.15952
1.17656
1.18975
1.19818
1.20178
1.20106
1.19665
1.18903
1.17841
1.16496
1.14923
1.13251
1.11681
1.1045
1.09742
1.09606
1.09934
1.10495
1.11041
1.11389
1.11456
1.11257
1.10867
1.10384
1.0991
1.09524
1.0929
1.09275
1.09557
1.10209
1.11244
1.12591
1.141
1.15577
1.16824
1.17657
1.17942
1.17618
1.16706
1.1529
1.13514
1.11564
1.09637
1.07913
1.06507
1.05467
1.04777
1.04415
1.04366
1.04608
1.05082
1.05693
1.0634
1.06949
1.07491
1.07975
1.08433
1.08907
1.09429
1.10014
1.10652
1.11309
1.1193
1.12435
1.12735
1.12769
1.12538
1.12113
1.11598
1.11089
1.10655
1.10341
1.1017
1.10153
1.10297
1.1061
1.11105
1.118
1.12697
1.13775
1.14965
1.16148
1.1718
1.17923
1.18249
1.18029
1.17136
1.15502
1.13225
1.10648
1.08336
1.06806
1.06183
1.06164
1.06337
1.06462
1.06527
1.06666
1.07071
1.07891
1.09122
1.10575
1.11947
1.12945
1.13376
1.13195
1.12509
1.11521
1.10435
1.09377
1.08395
1.07505
1.06726
1.06094
1.0565
1.05433
1.05464
1.05716
1.06108
1.06502
1.06755
1.06762
1.06504
1.06035
1.05442
1.04828
1.04324
1.04098
1.04315
1.05062
1.06275
1.07759
1.09265
1.10595
1.1167
1.12556
1.1339
1.14248
1.1506
1.15649
1.15839
1.15541
1.14771
1.13656
1.12426
1.11362
1.10704
1.10535
1.10739
1.11076
1.11328
1.11432
1.11491
1.1168
1.12132
1.12896
1.13955
1.15229
1.16573
1.178
1.18725
1.19206
1.19185
1.18722
1.17979
1.17146
1.16346
1.15591
1.1485
1.14125
1.13448
1.12835
1.12244
1.11598
1.10851
1.10074
1.09494
1.09401
1.09953
1.11018
1.12207
1.13059
1.13234
1.12602
1.11243
1.09384
1.07317
1.0532
1.03607
1.02302
1.01453
1.01062
1.01125
1.01633
1.02553
1.03804
1.05278
1.06865
1.08465
1.09976
1.11285
1.12272
1.12828
1.12885
1.12434
1.11551
1.10397
1.09199
1.08192
1.0755
1.07342
1.07525
1.07976
1.08542
1.09092
1.09549
1.09893
1.1014
1.10296
1.10317
1.10097
1.09508
1.08465
1.07031
1.05465
1.04168
1.03505
1.03595
1.04279
1.05279
1.06425
1.07734
1.09294
1.11089
1.12906
1.14416
1.15356
1.15713
1.15766
1.15915
1.16369
1.16985
1.17384
1.17203
1.1625
1.1456
1.12359
1.09988
1.07807
1.0611
1.05076
1.04754
1.05073
1.05867
1.06943
1.08133
1.09341
1.10536
1.11726
1.12915
1.14039
1.14941
1.15402
1.15222
1.14299
1.12691
1.10641
1.08541
1.06762
1.05497
1.04753
1.04517
1.04862
1.05855
1.0741
1.09262
1.11058
1.12496
1.13404
1.13729
1.13483
1.12708
1.11488
1.09985
1.08464
1.07254
1.06636
1.06723
1.07434
1.08569
1.09905
1.11262
1.12519
1.13598
1.14449
1.15043
1.15367
1.15415
1.15186
1.14685
1.1392
1.12901
1.11651
1.10207
1.08634
1.07033
1.05567
1.04483
1.04053
1.0443
1.05538
1.07117
1.08873
1.10575
1.12079
1.13315
1.14263
1.14928
1.15318
1.15427
1.15255
1.14831
1.14223
1.13536
1.12899
1.12437
1.12245
1.12341
1.12645
1.12975
1.13095
1.12767
1.11831
1.10255
1.08189
1.05994
1.04175
1.03173
1.03108
1.03747
1.047
1.05637
1.06362
1.06787
1.0689
1.06683
1.06186
1.05425
1.0444
1.03309
1.02155
1.01137
1.00422
1.00143
1.00375
1.01132
1.02364
1.03953
1.05718
1.07415
1.08787
1.09615
1.09773
1.09254
1.08176
1.06748
1.05242
1.03924
1.03006
1.02616
1.02805
1.03543
1.04729
1.06177
1.07647
1.089
1.0976
1.10147
1.10085
1.09665
1.08991
1.0816
1.07249
1.06313
1.05389
1.04524
1.03823
1.03481
1.03723
1.04683
1.06291
1.08278
1.10304
1.12092
1.13513
1.14585
1.15422
1.16172
1.16938
1.17735
1.18482
1.19044
1.19297
1.19169
1.18645
1.17751
1.16556
1.15231
1.14099
1.13583
1.13972
1.152
1.16839
1.18292
1.18977
1.18432
1.16461
1.13446
1.10525
1.08868
1.0849
1.08494
1.08289
1.07928
1.07732
1.07939
1.08546
1.09301
1.09817
1.09746
1.08922
1.07405
1.05461
1.03474
1.01851
1.00921
1.00866
1.01677
1.03129
1.04835
1.06399
1.07572
1.08335
1.0885
1.09337
1.09955
1.10746
1.11674
1.12677
1.13682
1.14586
1.15243
1.15492
1.15192
1.14263
1.12708
1.10642
1.08263
1.05797
1.03426
1.0124
0.992616
0.975103
0.960732
0.951184
0.94826
0.952569
0.962684
0.97585
0.989425
1.00185
1.0127
1.02236
1.03146
1.04049
1.04951
1.05805
1.06514
1.06966
1.07074
1.06815
1.0624
1.05455
1.04604
1.03823
1.03218
1.02841
1.02688
1.02697
1.02754
1.02725
1.02515
1.02148
1.01822
1.0184
1.02397
1.03426
1.04671
1.05883
1.06951
1.07876
1.0869
1.09401
1.09992
1.1049
1.10973
1.11494
1.11972
1.12202
1.11964
1.11152
1.09803
1.08058
1.06095
1.04083
1.02176
1.00544
0.994127
0.99057
0.997104
1.01429
1.04007
1.07017
1.09946
1.12355
1.13966
1.14678
1.14516
1.13582
1.12019
1.10004
1.07764
1.05586
1.03808
1.02765
1.02672
1.0352
1.05058
1.0688
1.08552
1.09718
1.10166
1.09852
1.08908
1.076
1.06266
1.05224
1.0468
1.04689
1.05176
1.06002
1.07017
1.0809
1.09104
1.09959
1.10575
1.10912
1.10991
1.10904
1.10811
1.10903
1.11319
1.1206
1.12963
1.13766
1.14212
1.14118
1.13402
1.12105
1.10396
1.08533
1.06819
1.05534
1.04846
1.0472
1.04892
1.04993
1.04702
1.03818
1.02301
1.00409
0.989285
0.989436
1.00775
1.03513
1.06007
1.07678
1.08421
1.08301
1.07458
1.06176
1.04904
1.04089
1.03904
1.04204
1.0478
1.05525
1.06371
1.07155
1.07635
1.07618
1.07038
1.05966
1.04576
1.03128
1.01913
1.01167
1.0098
1.01265
1.01839
1.0253
1.0324
1.03919
1.04509
1.04919
1.05037
1.04783
1.04145
1.03202
1.02101
1.01022
1.00101
0.993791
0.988123
0.983579
0.980532
0.980228
0.984056
0.992723
1.00581
1.02197
1.03943
1.05645
1.07158
1.08395
1.0933
1.09972
1.10326
1.10362
1.1003
1.0929
1.0816
1.0673
1.05175
1.03731
1.02662
1.02177
1.02347
1.03067
1.041
1.05188
1.06139
1.06886
1.07472
1.08009
1.08614
1.09335
1.10102
1.10736
1.11018
1.10769
1.09908
1.08508
1.06839
1.05342
1.04467
1.04409
1.05003
1.05867
1.06626
1.07044
1.07052
1.06694
1.06062
1.05257
1.04416
1.03744
1.03516
1.04022
1.05446
1.07767
1.10701
1.13752
1.16362
1.18062
1.18561
1.17767
1.15783
1.12912
1.09661
1.06663
1.04475
1.03367
1.03261
1.03847
1.04756
1.05647
1.06265
1.06476
1.06275
1.05757
1.0506
1.04335
1.0373
1.03391
1.03448
1.03977
1.04953
1.0625
1.07677
1.09047
1.10253
1.11283
1.12201
1.13076
1.13921
1.14673
1.15235
1.15545
1.15631
1.15599
1.15555
1.15536
1.15516
1.15465
1.15385
1.15294
1.15193
1.15038
1.14754
1.14264
1.13533
1.12593
1.11523
1.10421
1.09378
1.0846
1.07708
1.07117
1.06645
1.06234
1.05849
1.05499
1.05236
1.05143
1.05295
1.05736
1.06475
1.07503
1.08798
1.10316
1.11976
1.13657
1.15207
1.16468
1.17304
1.1761
1.17345
1.16551
1.15354
1.13932
1.12454
1.11042
1.09795
1.08817
1.08217
1.08086
1.08464
1.09335
1.10634
1.12245
1.14012
1.15746
1.1724
1.183
1.18786
1.18658
1.18003
1.17023
1.15985
1.15129
1.14575
1.14284
1.14101
1.13844
1.13411
1.12827
1.1223
1.11783
1.11571
1.11534
1.11466
1.11103
1.10269
1.09067
1.07918
1.07342
1.07596
1.0859
1.10105
1.11949
1.13936
1.15859
1.17505
1.18698
1.19321
1.19324
1.18729
1.1763
1.16212
1.14777
1.13695
1.13241
1.13394
1.13855
1.14253
1.14354
1.1411
1.13619
1.13044
1.12546
1.12227
1.12113
1.12154
1.12241
1.12234
1.12
1.1145
1.10579
1.09468
1.08267
1.07152
1.06274
1.05715
1.05478
1.05525
1.05847
1.06488
1.07496
1.08821
1.10283
1.11641
1.12684
1.13298
1.13471
1.13249
1.12719
1.11991
1.11218
1.10582
1.10236
1.1023
1.10495
1.10894
1.11291
1.11609
1.1184
1.12038
1.12297
1.12744
1.13521
1.14709
1.16223
1.17776
1.18994
1.19579
1.19407
1.18557
1.17317
1.16158
1.15588
1.15884
1.16927
1.18313
1.1959
1.20385
1.2044
1.19613
1.17905
1.15478
1.12655
1.09865
1.07516
1.05854
1.04905
1.04542
1.04574
1.04806
1.05075
1.05302
1.05498
1.05747
1.06161
1.0684
1.07859
1.09247
1.10963
1.12867
1.14736
1.16322
1.17426
1.17938
1.1784
1.17192
1.16105
1.14711
1.13143
1.11508
1.0989
1.08357
1.06976
1.05825
1.04995
1.04578
1.04668
1.05348
1.06633
1.08376
1.10268
1.11959
1.13197
1.13883
1.14036
1.13743
1.13117
1.12288
1.1143
1.1075
1.10438
1.10577
1.11101
1.11844
1.12644
1.13393
1.14029
1.14519
1.14853
1.15053
1.15175
1.15293
1.15466
1.1571
1.15984
1.16196
1.16232
1.16003
1.15474
1.14671
1.13659
1.12502
1.11248
1.09943
1.08672
1.07585
1.06862
1.06634
1.06913
1.0758
1.08446
1.09325
1.10091
1.10706
1.11188
1.11575
1.11894
1.12175
1.12471
1.12838
1.13283
1.13728
1.14047
1.14149
1.14011
1.13666
1.13153
1.12486
1.11663
1.10703
1.09655
1.08582
1.07529
1.06504
1.05511
1.04596
1.03891
1.03588
1.0386
1.04762
1.06199
1.07954
1.09769
1.11397
1.12643
1.1337
1.13503
1.13033
1.12019
1.1059
1.08933
1.07253
1.05739
1.04532
1.03704
1.03259
1.0315
1.03304
1.03641
1.0409
1.04571
1.04993
1.05246
1.05244
1.04965
1.04473
1.03896
1.03371
1.02993
1.02799
1.02781
1.02932
1.03254
1.03767
1.04486
1.05433
1.06634
1.08093
1.09752
1.1145
1.1294
1.13946
1.14244
1.13733
1.12463
1.10641
1.08586
1.06675
1.05267
1.04625
1.04843
1.05801
1.07193
1.08652
1.09903
1.10843
1.11513
1.11992
1.12303
1.12399
1.12216
1.11746
1.11065
1.10321
1.09666
1.09172
1.08815
1.08521
1.08259
1.08085
1.08104
1.08393
1.08962
1.09764
1.10755
1.11934
1.13293
1.14738
1.16045
1.16927
1.17164
1.16715
1.15731
1.14487
1.13268
1.12274
1.11577
1.11127
1.10808
1.10498
1.10103
1.09568
1.08899
1.08212
1.07732
1.07724
1.08326
1.09461
1.10889
1.12374
1.13782
1.15059
1.16096
1.16677
1.16568
1.15633
1.13894
1.11516
1.08792
1.06176
1.04286
1.037
1.04501
1.06114
1.07754
1.08959
1.09699
1.10185
1.10653
1.11249
1.12015
1.1293
1.13934
1.14931
1.1578
1.16331
1.1647
1.16185
1.15581
1.14854
1.14209
1.1378
1.13579
1.13524
1.13501
1.13419
1.13216
1.12848
1.12289
1.11556
1.10755
1.10095
1.09828
1.10082
1.10714
1.11391
1.11787
1.11727
1.11195
1.10294
1.09226
1.08277
1.07739
1.07778
1.08322
1.09103
1.09797
1.10165
1.10104
1.09664
1.09012
1.08373
1.07939
1.07797
1.07922
1.08239
1.08672
1.0915
1.09587
1.09907
1.10103
1.1023
1.10318
1.10304
1.10074
1.09582
1.08901
1.08198
1.07677
1.07512
1.07786
1.08473
1.09457
1.10573
1.11674
1.12667
1.13521
1.14232
1.14781
1.15105
1.15118
1.14735
1.13915
1.12703
1.11239
1.09753
1.0849
1.07637
1.07246
1.0725
1.07539
1.08041
1.08746
1.0964
1.10631
1.11537
1.1214
1.1228
1.11915
1.11118
1.10052
1.08919
1.07914
1.07185
1.06804
1.06736
1.06854
1.06979
1.06966
1.06777
1.06506
1.06335
1.06444
1.06926
1.07724
1.08642
1.0942
1.0985
1.09863
1.09504
1.08889
1.08168
1.07513
1.07101
1.07034
1.07245
1.07479
1.07403
1.06813
1.05769
1.04578
1.03609
1.03097
1.03043
1.03268
1.03531
1.03636
1.03497
1.03144
1.0269
1.02262
1.01938
1.0172
1.01552
1.0137
1.01135
1.00868
1.00655
1.00671
1.01144
1.02245
1.03957
1.06047
1.08196
1.102
1.12085
1.14025
1.16116
1.1822
1.20018
1.21186
1.21523
1.20979
1.19661
1.17836
1.159
1.14294
1.1334
1.13117
1.13452
1.14035
1.14558
1.14813
1.14722
1.14318
1.13697
1.1298
1.12281
1.11692
1.11273
1.11031
1.10923
1.10857
1.10718
1.10394
1.09811
1.08962
1.0791
1.06775
1.05704
1.0484
1.04311
1.04187
1.04449
1.0498
1.05604
1.0615
1.0652
1.0671
1.06791
1.0686
1.07006
1.07294
1.07748
1.08338
1.08993
1.09656
1.10336
1.11078
1.11885
1.12646
1.13177
1.13319
1.13032
1.12422
1.1171
1.11137
1.10871
1.10947
1.11278
1.11729
1.12159
1.12461
1.12565
1.12461
1.12187
1.11813
1.11412
1.11023
1.10635
1.10206
1.09709
1.09183
1.08735
1.08473
1.0843
1.08563
1.08812
1.09148
1.09551
1.09984
1.10379
1.10678
1.10859
1.10957
1.11043
1.11165
1.11305
1.11374
1.11247
1.10828
1.1008
1.09061
1.07933
1.0693
1.06259
1.05974
1.05931
1.0587
1.05554
1.04849
1.03764
1.02441
1.0111
1.00011
0.99312
0.990847
0.993266
0.999939
1.00985
1.02132
1.03229
1.04097
1.04634
1.04817
1.04702
1.04388
1.03987
1.03569
1.03134
1.02637
1.02052
1.01436
1.00931
1.00717
1.00947
1.01686
1.02883
1.04371
1.059
1.07189
1.07976
1.08071
1.07395
1.06027
1.04268
1.0263
1.01642
1.01535
1.02159
1.0321
1.04445
1.05712
1.0689
1.07878
1.086
1.09029
1.09183
1.09115
1.08901
1.08616
1.08317
1.08025
1.07736
1.07428
1.07048
1.065
1.05678
1.04537
1.03138
1.01666
1.00391
0.99598
0.99473
1.0001
1.00998
1.02132
1.03144
1.03863
1.0422
1.04246
1.04054
1.0381
1.03666
1.03698
1.0389
1.04168
1.0444
1.04627
1.04667
1.0452
1.04174
1.03651
1.03008
1.02334
1.01738
1.01326
1.01183
1.01344
1.01782
1.02404
1.03072
1.03643
1.04019
1.0417
1.04133
1.04004
1.03912
1.03997
1.04384
1.05143
1.06251
1.07573
1.08894
1.09991
1.10679
1.10847
1.10472
1.09621
1.08456
1.07192
1.06026
1.05075
1.04366
1.039
1.03723
1.03943
1.04671
1.05932
1.07611
1.09491
1.1133
1.12942
1.14232
1.15192
1.15863
1.16303
1.16551
1.16628
1.16532
1.16255
1.15798
1.15188
1.14482
1.1376
1.13099
1.1254
1.12067
1.116
1.10993
1.10071
1.08711
1.06899
1.0476
1.02535
1.00513
0.989935
0.982484
0.984683
0.996901
1.01761
1.04381
1.07199
1.09915
1.12318
1.14273
1.15671
1.16398
1.16341
1.15443
1.13774
1.11574
1.09202
1.07003
1.05171
1.03699
1.02488
1.01503
1.00874
1.0083
1.01486
1.02688
1.04083
1.05295
1.06036
1.06129
1.05497
1.04194
1.02417
1.00517
0.989825
0.983844
0.991253
1.01105
1.03792
1.06653
1.09389
1.1185
1.13919
1.15473
1.16413
1.16706
1.16405
1.15656
1.14681
1.13721
1.12971
1.12506
1.12265
1.12094
1.11838
1.11428
1.10919
1.10453
1.1018
1.10171
1.10395
1.10723
1.10981
1.11014
1.10744
1.10214
1.09566
1.0896
1.08482
1.08121
1.07827
1.07603
1.07534
1.07751
1.08351
1.0934
1.10608
1.11969
1.13199
1.14106
1.14559
1.14511
1.13997
1.13137
1.12111
1.11133
1.10396
1.10025
1.1007
1.10513
1.11286
1.12285
1.13366
1.1436
1.15094
1.15427
1.15281
1.14666
1.13671
1.12449
1.11172
1.0999
1.08984
1.08164
1.07483
1.06877
1.06301
1.05736
1.05161
1.04525
1.03797
1.0308
1.02684
1.02972
1.04021
1.05455
1.06634
1.0701
1.06326
1.04641
1.02276
0.997239
0.975222
0.96087
0.955816
0.959211
0.968917
0.982613
0.99816
1.01364
1.02753
1.03904
1.04821
1.05569
1.06221
1.06817
1.07359
1.07822
1.08149
1.08261
1.08051
1.07414
1.06297
1.04758
1.03002
1.01362
1.00222
0.999117
1.00601
1.02262
1.04695
1.07593
1.10631
1.13528
1.16083
1.18164
1.19693
1.20611
1.20868
1.20416
1.19229
1.17329
1.14802
1.11821
1.08634
1.05532
1.02793
1.00639
0.992106
0.985391
0.9853
0.989674
0.995787
1.00136
1.00534
1.00804
1.01048
1.01366
1.01814
1.02384
1.03004
1.03543
1.03859
1.0385
1.03511
1.02934
1.02286
1.01728
1.01351
1.01186
1.01258
1.01638
1.02432
1.03719
1.0549
1.07662
1.1012
1.12741
1.15369
1.17801
1.19826
1.21299
1.22175
1.2248
1.22265
1.2159
1.20531
1.19185
1.17671
1.16097
1.14539
1.13021
1.11516
1.09964
1.08302
1.06496
1.04553
1.02538
1.00572
0.988398
0.975944
0.971156
0.975843
0.989244
1.00786
1.02714
1.04328
1.05398
1.05817
1.05561
1.04671
1.03268
1.01577
0.999292
0.98716
0.982535
0.986236
0.996502
1.01063
1.02666
1.04372
1.06157
1.08016
1.09917
1.11786
1.13498
1.14892
1.15819
1.16176
1.15923
1.15078
1.13713
1.11944
1.09937
1.07899
1.06066
1.04686
1.03977
1.04044
1.0484
1.06188
1.07852
1.0961
1.11281
1.12732
1.1388
1.14685
1.15147
1.153
1.15203
1.14938
1.14602
1.14276
1.13989
1.13704
1.13359
1.12907
1.1233
1.11624
1.10782
1.09784
1.08596
1.07193
1.05593
1.03873
1.0216
1.00617
0.99424
0.987593
0.98765
0.995148
1.00992
1.03062
1.05445
1.0774
1.09546
1.10599
1.10858
1.10469
1.09664
1.08664
1.07645
1.06751
1.06101
1.0577
1.0577
1.06051
1.06509
1.07009
1.07404
1.07571
1.07465
1.07121
1.06617
1.05989
1.05222
1.0431
1.03348
1.02538
1.02136
1.02345
1.03224
1.04657
1.06409
1.08233
1.09944
1.11434
1.12657
1.13583
1.14168
1.14344
1.14044
1.13247
1.1202
1.10523
1.08974
1.07579
1.06468
1.05684
1.05201
1.04954
1.04857
1.04824
1.04789
1.0474
1.04723
1.048
1.04976
1.05155
1.05182
1.04929
1.04363
1.0356
1.02674
1.01892
1.01366
1.0115
1.01191
1.01397
1.01701
1.02067
1.02445
1.02768
1.03022
1.03286
1.03685
1.04304
1.0514
1.06118
1.07129
1.08066
1.08842
1.09417
1.0982
1.10161
1.10606
1.11307
1.12315
1.13547
1.14821
1.15935
1.16729
1.17127
1.1713
1.16796
1.16207
1.15434
1.14539
1.13568
1.12567
1.11588
1.10694
1.09946
1.09395
1.09052
1.0888
1.08796
1.08715
1.08579
1.08381
1.08152
1.07943
1.0781
1.07797
1.07926
1.0819
1.08554
1.08964
1.0935
1.09627
1.09709
1.09533
1.09086
1.08414
1.07614
1.068
1.06074
1.05516
1.05199
1.05186
1.05516
1.0617
1.07069
1.08111
1.09215
1.10361
1.11588
1.12958
1.145
1.16162
1.17797
1.19211
1.20216
1.2066
1.20449
1.19556
1.18041
1.1605
1.13792
1.11497
1.09392
1.0769
1.06571
1.06151
1.06433
1.07274
1.08418
1.09562
1.1044
1.1088
1.10833
1.10366
1.09645
1.08895
1.08339
1.08141
1.08381
1.09056
1.10089
1.11353
1.12693
1.13963
1.15063
1.1597
1.16732
1.17414
1.18031
1.18524
1.18776
1.18664
1.18108
1.17103
1.15724
1.14108
1.12428
1.10869
1.09602
1.08761
1.0842
1.08571
1.09125
1.09916
1.10754
1.11448
1.11848
1.11849
1.11391
1.10454
1.0903
1.0713
1.04774
1.02011
0.989411
0.957493
0.927146
0.902142
0.887163
0.887003
0.904085
0.935876
0.975395
1.01477
1.04822
1.07266
1.08708
1.09187
1.08849
1.07932
1.06739
1.05574
1.04667
1.0411
1.03872
1.03881
1.04124
1.04677
1.05626
1.06961
1.08549
1.10207
1.11767
1.13077
1.13984
1.14358
1.14141
1.13393
1.12306
1.11156
1.10227
1.09695
1.09575
1.0975
1.1008
1.10478
1.1093
1.11435
1.11931
1.12281
1.12327
1.12015
1.11485
1.11045
1.10949
1.11207
1.11629
1.12012
1.12255
1.1236
1.12387
1.12417
1.12505
1.12647
1.12766
1.12744
1.12469
1.1188
1.11007
1.09967
1.08934
1.08087
1.0755
1.07348
1.07405
1.0759
1.07774
1.07869
1.07822
1.07611
1.07235
1.06723
1.06159
1.05683
1.05459
1.05598
1.06096
1.06827
1.0761
1.08276
1.0872
1.08908
1.08865
1.0866
1.08393
1.08184
1.08141
1.0832
1.08689
1.09113
1.0939
1.09319
1.08773
1.07768
1.06492
1.05264
1.0442
1.0418
1.04597
1.0557
1.06894
1.08297
1.09493
1.10253
1.10452
1.10085
1.09244
1.08083
1.0678
1.05514
1.04435
1.03631
1.03113
1.02842
1.02762
1.02845
1.03133
1.03786
1.05063
1.07157
1.09988
1.13171
1.16213
1.1872
1.20472
1.21384
1.21437
1.20676
1.19222
1.17267
1.15021
1.12641
1.10204
1.07724
1.05216
1.02764
1.00565
0.98915
0.980786
0.981603
0.990773
1.00629
1.0257
1.04652
1.06655
1.08407
1.09801
1.10807
1.11482
1.11959
1.12419
1.13032
1.13893
1.14983
1.16172
1.17253
1.18015
1.18299
1.18032
1.17234
1.16021
1.14589
1.13171
1.11994
1.1123
1.10976
1.11203
1.11745
1.12342
1.12741
1.12776
1.12399
1.11678
1.10769
1.09869
1.0916
1.08745
1.08645
1.08795
1.09074
1.09334
1.0944
1.09294
1.08864
1.08199
1.07439
1.06782
1.06423
1.06482
1.06955
1.07728
1.08639
1.09561
1.10442
1.11274
1.12049
1.1273
1.13267
1.13611
1.1372
1.13569
1.13167
1.12577
1.11925
1.11354
1.10969
1.10796
1.10784
1.10874
1.11031
1.1124
1.11455
1.11579
1.115
1.1116
1.10614
1.10033
1.09632
1.09572
1.09875
1.10446
1.11125
1.11745
1.12146
1.12169
1.11672
1.10576
1.08907
1.06807
1.04527
1.02391
1.00727
0.997957
0.997451
1.00613
1.02352
1.04827
1.07795
1.10914
1.13786
1.16029
1.17345
1.17578
1.16757
1.15113
1.1302
1.10865
1.0892
1.07316
1.06116
1.05368
1.05078
1.05156
1.05418
1.05674
1.05812
1.0582
1.05744
1.05648
1.05602
1.05681
1.05954
1.06458
1.07201
1.08162
1.09277
1.10412
1.11375
1.11974
1.1207
1.11603
1.10593
1.09136
1.0738
1.05503
1.03693
1.02124
1.00929
1.00207
1.00025
1.00392
1.01226
1.02339
1.03483
1.04425
1.04997
1.05109
1.04743
1.03947
1.02827
1.01545
1.00309
0.993501
0.988654
0.989537
0.995919
1.00666
1.02044
1.03636
1.05411
1.07378
1.09528
1.11779
1.1395
1.15808
1.17148
1.17876
1.18034
1.17772
1.17293
1.16786
1.16386
1.16151
1.16068
1.16077
1.16085
1.15982
1.1565
1.15004
1.14064
1.12996
1.12066
1.11489
1.113
1.11357
1.11449
1.11414
1.11167
1.10695
1.10046
1.09327
1.08706
1.08382
1.08482
1.09005
1.09826
1.10782
1.11744
1.12654
1.13512
1.14333
1.15101
1.15732
1.16073
1.15939
1.15186
1.13771
1.11795
1.09482
1.07122
1.04986
1.03257
1.0199
1.01131
1.00581
1.00283
1.00289
1.00727
1.01714
1.0326
1.05238
1.07431
1.09612
1.11589
1.13226
1.14445
1.15209
1.15522
1.1542
1.14971
1.14289
1.13534
1.12897
1.12562
1.12679
1.13302
1.14371
1.15716
1.17118
1.18374
1.19358
1.20025
1.20391
1.2051
1.20446
1.20251
1.19953
1.19542
1.18976
1.18196
1.17146
1.15791
1.14149
1.12353
1.10739
1.09815
1.09996
1.11249
1.13104
1.15039
1.16754
1.18156
1.19189
1.19729
1.19628
1.1884
1.17515
1.15958
1.14469
1.13205
1.12182
1.11372
1.10774
1.10386
1.10149
1.09937
1.09602
1.0902
1.08133
1.06974
1.05653
1.04309
1.03039
1.01845
1.00663
0.994615
0.983285
0.974328
0.969017
0.967832
0.971056
0.979009
0.991507
1.00734
1.0246
1.04151
1.05688
1.07014
1.08089
1.08868
1.09313
1.09415
1.09196
1.08708
1.08039
1.07302
1.06617
1.06053
1.05598
1.05168
1.0465
1.03977
1.03156
1.02272
1.01473
1.00941
1.00853
1.01331
1.024
1.03967
1.0585
1.07822
1.09641
1.11084
1.11983
1.12287
1.12088
1.11571
1.10899
1.10115
1.09159
1.07966
1.06557
1.05061
1.03657
1.02494
1.01628
1.01015
1.00575
1.00262
1.0011
1.00232
1.00765
1.01808
1.03375
1.05379
1.0764
1.09908
1.11905
1.13376
1.14151
1.14169
1.13485
1.12249
1.10694
1.09113
1.07823
1.07078
1.06965
1.07358
1.08
1.08626
1.0905
1.09184
1.09034
1.08687
1.08291
1.08
1.07901
1.07975
1.08101
1.08106
1.07842
1.0725
1.06397
1.05477
1.04757
1.04483
1.04798
1.05696
1.0705
1.0867
1.10348
1.11883
1.131
1.13862
1.141
1.13825
1.13127
1.12161
1.111
1.10076
1.09152
1.08325
1.07569
1.06879
1.06292
1.05851
1.05547
1.05324
1.05157
1.05141
1.05481
1.06347
1.07716
1.09352
1.10945
1.12253
1.13172
1.13716
1.13954
1.13952
1.13742
1.13315
1.1264
1.11688
1.10454
1.08974
1.07334
1.05675
1.04175
1.03009
1.02315
1.02156
1.02511
1.03283
1.04322
1.05448
1.06477
1.07251
1.07666
1.07699
1.07414
1.06951
1.06497
1.06231
1.0626
1.06578
1.07063
1.07525
1.07781
1.07753
1.07544
1.07444
1.07757
1.08567
1.09665
1.1072
1.11465
1.11766
1.11599
1.11018
1.10121
1.09033
1.07899
1.06857
1.06
1.05311
1.04665
1.03896
1.0292
1.01788
1.00659
0.997073
0.990537
0.987624
0.988793
0.994493
1.00488
1.0195
1.03714
1.05607
1.0742
1.08946
1.10026
1.10617
1.10807
1.10802
1.10841
1.11101
1.11648
1.12442
1.13368
1.14255
1.14915
1.15177
1.14928
1.14126
1.12818
1.11139
1.09307
1.07598
1.06287
1.05566
1.05488
1.05975
1.06872
1.08001
1.092
1.10329
1.11276
1.11974
1.124
1.12584
1.12581
1.12464
1.12312
1.12179
1.12073
1.1195
1.11728
1.1132
1.10667
1.09761
1.08651
1.07428
1.06193
1.0503
1.04014
1.03224
1.02758
1.02701
1.03075
1.03807
1.04755
1.05774
1.06766
1.07684
1.08497
1.09163
1.09632
1.09862
1.09849
1.09624
1.09214
1.08612
1.07761
1.06587
1.05087
1.03412
1.01883
1.00884
1.00686
1.01309
1.02525
1.03949
1.05183
1.05921
1.06022
1.05522
1.04598
1.03496
1.02448
1.01605
1.01041
1.00815
1.01029
1.01777
1.03033
1.0461
1.06274
1.07858
1.09294
1.10562
1.11642
1.12501
1.1309
1.1337
1.13336
1.12998
1.12341
1.11308
1.09822
1.07831
1.05365
1.02584
0.998122
0.975122
0.961562
0.960095
0.969997
0.988011
1.01025
1.03345
1.05507
1.07302
1.08572
1.09233
1.09295
1.08871
1.0815
1.07353
1.06664
1.06192
1.05969
1.05988
1.0624
1.06704
1.07323
1.08023
1.0878
1.0967
1.10772
1.12006
1.13119
1.13875
1.1425
1.1443
1.14668
1.15126
1.15793
1.16511
1.17078
1.17363
1.17379
1.17292
1.1731
1.17496
1.17681
1.17567
1.16928
1.15737
1.14161
1.1245
1.10809
1.09358
1.08198
1.07461
1.07266
1.07605
1.08318
1.09148
1.09825
1.10129
1.09928
1.09209
1.0811
1.06905
1.05953
1.05597
1.06035
1.07252
1.09035
1.11066
1.13043
1.14761
1.1613
1.17148
1.17857
1.18308
1.18561
1.18668
1.18667
1.18565
1.18335
1.1793
1.17318
1.16491
1.15476
1.14308
1.13011
1.11614
1.10195
1.08936
1.0811
1.07971
1.086
1.09816
1.1123
1.124
1.12972
1.12764
1.11785
1.10209
1.08337
1.0653
1.05126
1.04342
1.04236
1.04712
1.05587
1.06662
1.07759
1.08721
1.09394
1.09635
1.09357
1.08587
1.07496
1.0636
1.05491
1.05148
1.05467
1.06427
1.07871
1.09559
1.11238
1.12675
1.13684
1.14108
1.13829
1.12814
1.11183
1.09257
1.07536
1.06561
1.06707
1.07986
1.10052
1.12374
1.14462
1.15988
1.16801
1.16902
1.16393
1.15422
1.14121
1.12563
1.10771
1.08762
1.06609
1.04475
1.02589
1.01205
1.00542
1.00748
1.01877
1.03851
1.06401
1.0911
1.11579
1.13558
1.14974
1.15875
1.16361
1.16526
1.1644
1.16151
1.1569
1.15083
1.14365
1.13585
1.12817
1.12158
1.11688
1.1144
1.1138
1.11419
1.11456
1.11407
1.11217
1.10861
1.10325
1.09604
1.08691
1.07586
1.06318
1.04964
1.03649
1.02526
1.01733
1.01349
1.01368
1.01706
1.0224
1.02851
1.03471
1.04113
1.04864
1.05836
1.07075
1.0851
1.0996
1.11199
1.12029
1.12308
1.1195
1.10898
1.0913
1.06715
1.03948
1.01446
0.999718
0.999305
1.01085
1.0282
1.04591
1.06098
1.07247
1.08057
1.0859
1.08919
1.09132
1.09321
1.09565
1.0989
1.10254
1.10599
1.10916
1.11262
1.11698
1.12213
1.12717
1.13099
1.13319
1.13441
1.13587
1.13842
1.14207
1.14644
1.1512
1.15623
1.16137
1.16641
1.17138
1.17658
1.18239
1.18896
1.19607
1.20318
1.20953
1.21428
1.21661
1.21588
1.21166
1.20384
1.19257
1.17834
1.16191
1.14441
1.12718
1.11161
1.09885
1.08973
1.08472
1.08383
1.08638
1.09114
1.09679
1.10237
1.10729
1.11106
1.11314
1.11325
1.11193
1.11033
1.1093
1.10862
1.10725
1.10443
1.10054
1.09684
1.09482
1.0953
1.09816
1.1027
1.10824
1.11412
1.11906
1.12118
1.11907
1.11299
1.10489
1.09728
1.09213
1.0903
1.09162
1.09509
1.09909
1.10161
1.10087
1.0961
1.08811
1.0792
1.07214
1.06878
1.06922
1.07218
1.07601
1.07957
1.08245
1.08474
1.08658
1.08775
1.08764
1.08542
1.08025
1.07174
1.0601
1.04632
1.03209
1.0194
1.0101
1.00534
1.0053
1.00926
1.01594
1.02385
1.03161
1.03815
1.04284
1.04558
1.04667
1.04661
1.04587
1.0448
1.0436
1.04239
1.04121
1.04019
1.03964
1.0399
1.04099
1.04247
1.04343
1.04287
1.0403
1.03614
1.03182
1.02953
1.03143
1.03876
1.05124
1.06698
1.08314
1.09672
1.10527
1.1073
1.10245
1.09162
1.07703
1.06204
1.05053
1.0459
1.04993
1.06225
1.08085
1.1031
1.12648
1.14877
1.16779
1.18146
1.18816
1.18747
1.18058
1.17018
1.15964
1.152
1.14893
1.15043
1.15515
1.16121
1.1669
1.17097
1.17279
1.1722
1.16945
1.16508
1.15981
1.15445
1.14981
1.1466
1.14535
1.14628
1.14917
1.15343
1.15823
1.16268
1.16605
1.16782
1.16755
1.16474
1.15879
1.14911
1.13567
1.11943
1.10259
1.08798
1.07762
1.07153
1.06801
1.06517
1.06245
1.0609
1.06244
1.06871
1.07998
1.09498
1.11131
1.12625
1.1375
1.14377
1.14541
1.14448
1.14398
1.14623
1.15157
1.15828
1.1638
1.16617
1.16473
1.15991
1.15269
1.14418
1.13542
1.12751
1.12149
1.11806
1.11717
1.1179
1.11892
1.11926
1.11885
1.11863
1.12006
1.12448
1.13234
1.14286
1.1541
1.16371
1.16974
1.17129
1.16837
1.16159
1.1518
1.14006
1.12771
1.1164
1.10773
1.10263
1.10087
1.1011
1.10146
1.10037
1.09693
1.09115
1.08388
1.07698
1.07306
1.07427
1.08046
1.08863
1.09466
1.09544
1.08967
1.07764
1.06061
1.04045
1.01963
1.00129
0.988856
0.985232
0.991755
1.00752
1.02969
1.05431
1.07729
1.09529
1.10615
1.10913
1.1046
1.09362
1.0776
1.05832
1.0384
1.02142
1.01127
1.01024
1.01768
1.03054
1.04557
1.0611
1.07736
1.09538
1.11517
1.13492
1.15189
1.1639
1.17005
1.1705
1.16586
1.15668
1.1433
1.12655
1.10908
1.09544
1.08984
1.09264
1.09965
1.10511
1.10513
1.09906
1.08888
1.07725
1.0659
1.05571
1.04814
1.04597
1.05161
1.06476
1.08214
1.09964
1.11413
1.12397
1.12891
1.12984
1.12873
1.12829
1.1311
1.13873
1.15102
1.16617
1.18148
1.19425
1.20217
1.20347
1.19674
1.18094
1.15572
1.12199
1.08264
1.04276
1.00842
0.984394
0.972282
0.970494
0.975816
0.984917
0.994966
1.00372
1.00975
1.01289
1.01449
1.01689
1.02216
1.03098
1.04217
1.05332
1.062
1.0668
1.0678
1.06629
1.06403
1.06253
1.06262
1.06439
1.06754
1.07174
1.07708
1.08422
1.09393
1.10642
1.1209
1.13578
1.14923
1.15966
1.16593
1.16742
1.16398
1.15594
1.14404
1.12958
1.11438
1.10059
1.09026
1.08486
1.08503
1.09066
1.10089
1.11429
1.12915
1.14374
1.15656
1.16649
1.17283
1.17521
1.17348
1.1677
1.15816
1.14552
1.13084
1.11546
1.10087
1.08864
1.08016
1.0762
1.07662
1.08036
1.08574
1.09053
1.09239
1.08963
1.08187
1.07042
1.05782
1.04667
1.03868
1.03469
1.03551
1.04208
1.05443
1.07091
1.08887
1.10584
1.1202
1.13091
1.13709
1.13816
1.1343
1.1266
1.11672
1.1064
1.09704
1.08973
1.08566
1.08628
1.09274
1.10482
1.12019
1.1351
1.14607
1.15134
1.15125
1.14747
1.14177
1.13521
1.12843
1.12204
1.11683
1.11326
1.11135
1.11062
1.1104
1.11012
1.10932
1.10767
1.10484
1.10049
1.09441
1.08659
1.07736
1.06734
1.0574
1.04854
1.04198
1.03917
1.04177
1.05087
1.06617
1.08554
1.10577
1.12373
1.13742
1.14647
1.15209
1.15639
1.1616
1.16907
1.17872
1.18896
1.19755
1.20243
1.20226
1.19658
1.18579
1.1709
1.15317
1.13373
1.11352
1.09326
1.07361
1.05516
1.03841
1.02393
1.01249
1.00501
1.00215
1.00398
1.00967
1.01764
1.02599
1.03314
1.0385
1.04258
1.04631
1.04992
1.05287
1.05472
1.05604
1.05811
1.0622
1.06903
1.07862
1.09044
1.10358
1.1169
1.12909
1.13885
1.14515
1.14759
1.14664
1.14355
1.13978
1.13614
1.13226
1.1267
1.11781
1.10482
1.08863
1.07156
1.05619
1.04387
1.03431
1.02669
1.02091
1.01787
1.01849
1.02266
1.02897
1.03543
1.04035
1.04297
1.04347
1.04265
1.04153
1.04074
1.04017
1.03924
1.03777
1.03676
1.03791
1.04227
1.04906
1.05601
1.0608
1.06217
1.0603
1.05648
1.05253
1.05019
1.05066
1.0543
1.06071
1.06902
1.07838
1.08817
1.09797
1.10733
1.1156
1.12195
1.12557
1.12596
1.12304
1.11728
1.10973
1.10189
1.09529
1.09108
1.08976
1.09123
1.09512
1.10111
1.1089
1.11811
1.12814
1.13818
1.1472
1.15405
1.15755
1.15654
1.15016
1.13791
1.11997
1.09729
1.07172
1.0457
1.02174
1.00175
0.986749
0.976674
0.97051
0.966609
0.963758
0.962328
0.964064
0.970345
0.980916
0.994618
1.01085
1.02998
1.05258
1.07835
1.10567
1.13202
1.15484
1.17229
1.18354
1.18865
1.1882
1.18298
1.17384
1.16151
1.14673
1.13029
1.11314
1.09649
1.08185
1.07099
1.0658
1.0679
1.0778
1.0942
1.11394
1.13296
1.14768
1.15588
1.15693
1.15143
1.14071
1.12638
1.1101
1.0934
1.07769
1.06411
1.05324
1.04483
1.03793
1.03155
1.0254
1.02022
1.01727
1.01744
1.02062
1.02565
1.03095
1.03554
1.03936
1.04288
1.04625
1.04887
1.0498
1.0483
1.04444
1.03934
1.03508
1.03406
1.03788
1.04662
1.0591
1.07404
1.09101
1.11017
1.13122
1.15285
1.17321
1.19075
1.20445
1.21362
1.21774
1.21666
1.21069
1.20066
1.18761
1.17245
1.15597
1.13887
1.12187
1.10582
1.09188
1.08155
1.076
1.07525
1.07777
1.08106
1.0827
1.08119
1.07625
1.06867
1.05991
1.05162
1.04527
1.04188
1.04198
1.04565
1.0525
1.06173
1.07226
1.08299
1.09312
1.10222
1.11002
1.11616
1.11997
1.12057
1.11723
1.11
1.10013
1.09003
1.08241
1.07896
1.07956
1.08265
1.08626
1.08905
1.0909
1.09283
1.0965
1.10332
1.11387
1.12754
1.14258
1.15649
1.16664
1.1711
1.16914
1.16139
1.14963
1.13616
1.123
1.11135
1.10171
1.09439
1.09
1.0894
1.09292
1.09963
1.10744
1.11395
1.11732
1.11674
1.11236
1.1052
1.09681
1.08885
1.08269
1.07895
1.07734
1.07676
1.07564
1.07249
1.06638
1.05736
1.04669
1.03679
1.03081
1.0315
1.03989
1.05438
1.07117
1.08588
1.09521
1.09793
1.09489
1.08837
1.08099
1.07468
1.07013
1.06689
1.06371
1.05879
1.05023
1.03671
1.01848
0.998268
0.98127
0.973034
0.976247
0.989534
1.00916
1.03121
1.05261
1.07129
1.08629
1.09774
1.1065
1.1135
1.1189
1.12185
1.12086
1.11501
1.10515
1.09433
1.08667
1.08491
1.08879
1.09571
1.10253
1.10687
1.1075
1.10441
1.09875
1.09253
1.088
1.08694
1.0902
1.09766
1.10853
1.12175
1.13612
1.1502
1.16241
1.17107
1.17484
1.17316
1.16667
1.15716
1.14701
1.13816
1.13127
1.12584
1.12117
1.11722
1.11483
1.11529
1.11958
1.12776
1.13885
1.1512
1.16309
1.17323
1.18087
1.18559
1.18704
1.18485
1.17892
1.16953
1.15727
1.1429
1.12724
1.11128
1.09593
1.08184
1.0694
1.05923
1.0524
1.05019
1.05318
1.06042
1.06939
1.07691
1.08025
1.07793
1.0699
1.05753
1.04334
1.03071
1.02299
1.02197
1.02675
1.0344
1.04183
1.04719
1.05014
1.05159
1.05325
1.05689
1.06366
1.07369
1.08622
1.10005
1.11398
1.12699
1.13834
1.14758
1.15459
1.15944
1.16234
1.1634
1.16259
1.15977
1.15473
1.14728
1.13728
1.12483
1.11064
1.0964
1.0847
1.07811
1.07775
1.08236
1.08893
1.09436
1.0967
1.09563
1.092
1.08729
1.08303
1.08049
1.08056
1.0838
1.09014
1.09842
1.10644
1.11171
1.11243
1.10812
1.09962
1.08854
1.07656
1.06508
1.05517
1.04781
1.04413
1.04522
1.05165
1.06287
1.07709
1.09164
1.10371
1.11108
1.11254
1.10816
1.09924
1.08802
1.07717
1.06919
1.0657
1.06712
1.07284
1.08164
1.09232
1.10394
1.11586
1.12753
1.1382
1.14689
1.15262
1.15475
1.15354
1.15029
1.14689
1.14475
1.1437
1.14217
1.13846
1.13189
1.12316
1.11413
1.10708
1.10369
1.10411
1.10686
1.10962
1.11024
1.10744
1.10112
1.09215
1.08189
1.07143
1.061
1.0501
1.03798
1.02431
1.00933
0.993918
0.97945
0.96768
0.960308
0.958506
0.962663
0.972416
0.987017
1.00554
1.02677
1.04906
1.07042
1.08871
1.10187
1.10834
1.1077
1.10105
1.09078
1.07981
1.07072
1.06523
1.06416
1.06764
1.07502
1.08494
1.09559
1.1052
1.11256
1.11715
1.11919
1.11943
1.11876
1.11784
1.11693
1.11596
1.1147
1.11291
1.11044
1.10721
1.10306
1.0977
1.09072
1.08176
1.07119
1.0604
1.05143
1.04583
1.04371
1.04409
1.04605
1.04939
1.05443
1.06144
1.07032
1.08049
1.09094
1.1004
1.1077
1.11195
1.11281
1.11035
1.10506
1.09786
1.09013
1.08328
1.07824
1.07512
1.07341
1.07257
1.07241
1.07308
1.07472
1.07729
1.08053
1.0841
1.08771
1.09112
1.09418
1.09693
1.09969
1.10296
1.10721
1.11267
1.11914
1.12624
1.13354
1.14072
1.1474
1.15297
1.15651
1.15706
1.15393
1.14709
1.13725
1.12567
1.1138
1.10292
1.09402
1.08778
1.08454
1.08417
1.08589
1.08847
1.09043
1.09042
1.08748
1.08117
1.07171
1.05998
1.04758
1.03702
1.03181
1.03571
1.05085
1.076
1.10709
1.1394
1.16934
1.19481
1.21484
1.22909
1.23743
1.23982
1.23638
1.22764
1.21459
1.19854
1.18075
1.16207
1.14292
1.12373
1.10522
1.08853
1.0751
1.06655
1.06426
1.06889
1.07984
1.09514
1.11184
1.12673
1.13693
1.14037
1.13615
1.12494
1.10888
1.09101
1.07405
1.05951
1.04786
1.03939
1.03461
1.03397
1.03738
1.04411
1.05322
1.06411
1.07658
1.09052
1.10544
1.12024
1.13337
1.14331
1.14935
1.15192
1.15251
1.15305
1.15501
1.15861
1.16272
1.1656
1.16588
1.16304
1.15744
1.14992
1.14119
1.13152
1.12087
1.10923
1.09701
1.08507
1.07457
1.06668
1.0624
1.06224
1.0662
1.07361
1.08328
1.09388
1.10427
1.11377
1.12207
1.12913
1.13514
1.14046
1.14545
1.15039
1.15541
1.16054
1.16571
1.17065
1.17491
1.17793
1.17934
1.17914
1.17781
1.17622
1.17558
1.17712
1.18147
1.18804
1.19506
1.20044
1.20278
1.2017
1.19746
1.19034
1.18045
1.16763
1.15166
1.13246
1.1103
1.08599
1.06096
1.03721
1.01705
1.0026
0.99544
0.996437
1.00582
1.02312
1.04683
1.07433
1.10242
1.12826
1.15004
1.16719
1.18009
1.18946
1.19582
1.19942
1.20042
1.19903
1.19538
1.1894
1.18102
1.17039
1.15811
1.14523
1.13289
1.12217
1.11372
1.10771
1.10383
1.10147
1.09985
1.09827
1.09611
1.09277
1.08758
1.08003
1.07013
1.05881
1.0478
1.03931
1.03534
1.03693
1.04347
1.05289
1.06286
1.07188
1.07965
1.08665
1.0934
1.10023
1.10737
1.11484
1.12186
1.12644
1.12603
1.11896
1.10522
1.08663
1.06643
1.04869
1.03742
1.03521
1.04207
1.05551
1.0719
1.08826
1.10307
1.11595
1.12689
1.13573
1.14226
1.14652
1.14891
1.15025
1.15153
1.15367
1.15725
1.16209
1.16713
1.17069
1.17109
1.16742
1.15993
1.14993
1.13923
1.12956
1.12207
1.1171
1.11432
1.11319
1.11329
1.11447
1.11662
1.11951
1.12268
1.12559
1.12795
1.12995
1.13219
1.13542
1.14003
1.14568
1.15142
1.1561
1.15889
1.15955
1.15839
1.15608
1.15335
1.15083
1.14882
1.14735
1.14613
1.14462
1.14216
1.13832
1.13325
1.1279
1.12407
1.1237
1.12797
1.13628
1.14616
1.15414
1.1573
1.15465
1.14741
1.13766
1.12647
1.114
1.10163
1.09281
1.09085
1.09569
1.10378
1.11083
1.11431
1.11388
1.11056
1.10572
1.10057
1.09607
1.09304
1.092
1.09313
1.09608
1.10004
1.10396
1.10684
1.10799
1.10697
1.10366
1.09842
1.09208
1.08567
1.08002
1.07541
1.0717
1.06888
1.06755
1.06875
1.07345
1.08189
1.0934
1.10671
1.12026
1.13239
1.14154
1.14643
1.14632
1.14129
1.13241
1.12163
1.11139
1.10393
1.10052
1.10106
1.10424
1.10832
1.11199
1.11482
1.11697
1.11867
1.11969
1.11933
1.11683
1.11196
1.10535
1.09831
1.09188
1.08571
1.07802
1.06686
1.0517
1.03396
1.01652
1.0026
0.99479
0.994545
1.0021
1.0167
1.03677
1.06013
1.08451
1.10804
1.12955
1.14848
1.16471
1.1782
1.189
1.19724
1.20329
1.20749
1.20962
1.20897
1.2048
1.19692
1.18569
1.1717
1.1554
1.13694
1.1164
1.0942
1.07129
1.04911
1.0291
1.01233
0.999265
0.990006
0.984724
0.984039
0.98903
1.00059
1.01849
1.04075
1.06401
1.08454
1.09933
1.10662
1.10612
1.09881
1.08685
1.07316
1.0608
1.05202
1.04734
1.04561
1.04472
1.04272
1.03846
1.03169
1.02304
1.01385
1.00579
1.00046
0.99915
1.00255
1.01044
1.0211
1.0315
1.03855
1.04038
1.03689
1.02947
1.02038
1.01184
1.00529
1.001
0.998299
0.996275
0.994326
0.992373
0.990965
0.99138
0.995454
1.0047
1.01924
1.03754
1.05749
1.07733
1.09609
1.11322
1.12827
1.14079
1.15047
1.15724
1.16113
1.16212
1.16023
1.15581
1.14994
1.14436
1.14084
1.14021
1.14176
1.14344
1.14276
1.13779
1.12762
1.11256
1.09415
1.07486
1.05766
1.04505
1.03807
1.036
1.03701
1.03923
1.0416
1.0439
1.0466
1.05039
1.05581
1.06292
1.0711
1.07923
1.08614
1.091
1.09378
1.09517
1.09647
1.09911
1.1042
1.11207
1.12222
1.13349
1.1446
1.15452
1.16261
1.16856
1.17233
1.17422
1.17453
1.17352
1.17139
1.16832
1.1644
1.15948
1.15301
1.14421
1.13249
1.11789
1.10123
1.084
1.06815
1.05582
1.04913
1.04961
1.05774
1.07256
1.09168
1.11198
1.13043
1.14493
1.15457
1.15957
1.16097
1.16037
1.15975
1.16118
1.16621
1.17494
1.18576
1.19618
1.20409
1.20834
1.20856
1.20488
1.19759
1.187
1.1734
1.15695
1.13783
1.11637
1.0932
1.06929
1.0457
1.02334
1.00286
0.984605
0.968954
0.956408
0.947691
0.943524
0.944326
0.950033
0.960118
0.973896
0.990944
1.01115
1.03426
1.05933
1.08458
1.10802
1.12825
1.14478
1.15768
1.16711
1.17314
1.17575
1.17501
1.17113
1.16432
1.15485
1.14308
1.12986
1.11656
1.10475
1.09558
1.08953
1.0866
1.08666
1.08935
1.09397
1.09958
1.1054
1.11082
1.11505
1.11683
1.11464
1.10779
1.09762
1.08803
1.08384
1.08718
1.0959
1.10587
1.11429
1.12049
1.12472
1.12685
1.12605
1.12124
1.11169
1.09753
1.0799
1.06085
1.04298
1.02898
1.02085
1.01956
1.02524
1.03762
1.05606
1.07908
1.10434
1.12917
1.15131
1.16927
1.18219
1.18959
1.19112
1.18644
1.1754
1.15807
1.13498
1.10721
1.07643
1.04487
1.01514
0.989846
0.971052
0.959847
0.956205
0.959387
0.968504
0.982733
1.00118
1.02258
1.04518
1.06705
1.08632
1.10138
1.1111
1.11518
1.11443
1.11083
1.10692
1.10468
1.10472
1.10607
1.10701
1.10588
1.10169
1.09433
1.08457
1.07405
1.06475
1.05829
1.05535
1.05565
1.05853
1.06342
1.0696
1.07586
1.08039
1.08151
1.07856
1.07239
1.06507
1.05886
1.05475
1.05148
1.04594
1.03494
1.01713
0.993852
0.968629
0.945895
0.929588
0.922153
0.924183
0.934645
0.951341
0.971311
0.99132
1.00836
1.0202
1.02572
1.02492
1.01881
1.00938
0.999624
0.992959
0.991964
0.997068
1.00648
1.01734
1.02684
1.03278
1.03407
1.03095
1.02509
1.01895
1.01475
1.01347
1.0146
1.01695
1.01963
1.02252
1.0261
1.03088
1.03696
1.04391
1.05111
1.05819
1.06513
1.07195
1.07835
1.08348
1.08629
1.08598
1.08257
1.07687
1.07003
1.06302
1.05644
1.05059
1.0454
1.04036
1.03471
1.02825
1.02219
1.01914
1.02194
1.0319
1.04779
1.06648
1.08431
1.0982
1.10602
1.10653
1.09953
1.0859
1.06771
1.04788
1.02942
1.01449
1.00412
0.99835
0.996915
0.999641
1.00648
1.01725
1.03135
1.0475
1.06378
1.07805
1.08859
1.09462
1.09645
1.09544
1.09361
1.093
1.09486
1.09913
1.10452
1.10947
1.11318
1.11612
1.11961
1.12493
1.13249
1.14139
1.14956
1.15469
1.15547
1.15237
1.14665
1.13874
1.12782
1.11338
1.09669
1.0807
1.0688
1.06343
1.06546
1.07442
1.08924
1.10868
1.13124
1.1549
1.17704
1.19492
1.20625
1.20974
1.20533
1.19419
1.17848
1.16111
1.14523
1.13375
1.12864
1.13071
1.13956
1.15375
1.17101
1.18881
1.2048
1.21711
1.22459
1.22664
1.22335
1.21541
1.20417
1.19134
1.17848
1.16674
1.15668
1.14871
1.14347
1.14164
1.14356
1.14869
1.15567
1.16297
1.16945
1.17459
1.17824
1.18009
1.17953
1.176
1.16947
1.16099
1.15246
1.14593
1.14258
1.14216
1.14325
1.14415
1.14367
1.14155
1.13846
1.13563
1.13433
1.13539
1.13857
1.14261
1.14566
1.14615
1.14329
1.13718
1.1285
1.11815
1.10699
1.09578
1.08498
1.07459
1.06431
1.05395
1.04393
1.03526
1.02923
1.02689
1.0287
1.03451
1.04375
1.05574
1.06975
1.08486
1.09968
1.11238
1.12105
1.12446
1.12274
1.11742
1.11099
1.10567
1.1025
1.10086
1.09915
1.09586
1.09034
1.08316
1.07576
1.06998
1.06728
1.06818
1.07209
1.0777
1.08356
1.08871
1.09272
1.09564
1.09772
1.09937
1.1012
1.10399
1.10844
1.11478
1.12264
1.13124
1.13984
1.14773
1.15416
1.15809
1.15867
1.15584
1.15093
1.14622
1.14371
1.1439
1.14583
1.14797
1.14917
1.14892
1.14714
1.14393
1.13949
1.1341
1.12815
1.12205
1.11609
1.11041
1.10497
1.09964
1.09435
1.0893
1.08498
1.08184
1.07998
1.07931
1.07988
1.08216
1.08702
1.09534
1.1075
1.12308
1.14077
1.15858
1.17427
1.18592
1.19232
1.19312
1.18882
1.18058
1.16978
1.1576
1.14486
1.13205
1.11944
1.10719
1.09535
1.08377
1.07222
1.06069
1.04986
1.04098
1.03544
1.03401
1.03664
1.04294
1.053
1.06755
1.08715
1.11097
1.1364
1.15982
1.17804
1.18904
1.19219
1.18801
1.17791
1.16392
1.1484
1.13362
1.12134
1.11249
1.10722
1.10506
1.10537
1.10755
1.11126
1.11621
1.1218
1.12674
1.1291
1.12683
1.11855
1.10408
1.08467
1.06288
1.04224
1.0263
1.01712
1.01413
1.0148
1.01634
1.01725
1.01774
1.01907
1.02249
1.02829
1.03579
1.04392
1.0518
1.05903
1.06552
1.07126
1.07601
1.079
1.07905
1.07512
1.0672
1.05681
1.04701
1.04143
1.04291
1.05237
1.06845
1.08802
1.107
1.1211
1.12651
1.12081
1.10406
1.08008
1.05611
1.03919
1.03167
1.03113
1.03453
1.04067
1.04959
1.06121
1.0747
1.08855
1.10101
1.11036
1.1153
1.11545
1.11201
1.10763
1.10471
1.10354
1.10258
1.10052
1.09719
1.093
1.08809
1.08223
1.07528
1.06772
1.06082
1.05626
1.05555
1.05968
1.06899
1.08287
1.09948
1.11599
1.1297
1.13912
1.14437
1.14657
1.14707
1.14677
1.14587
1.144
1.14051
1.13491
1.12733
1.11877
1.1108
1.1048
1.1009
1.09769
1.09305
1.08534
1.07421
1.06052
1.04581
1.03177
1.01968
1.01009
1.00274
0.996838
0.991442
0.985946
0.980339
0.97525
0.971696
0.970636
0.972468
0.97685
0.982931
0.989892
0.997357
1.00547
1.01465
1.02549
1.03846
1.05366
1.0704
1.08707
1.10139
1.1109
1.11355
1.10818
1.09501
1.07611
1.05537
1.03755
1.02656
1.02387
1.02812
1.03618
1.04497
1.05248
1.05782
1.06085
1.06195
1.06168
1.06035
1.05811
1.05557
1.05432
1.05659
1.06386
1.07554
1.0891
1.1015
1.11053
1.11524
1.11562
1.11223
1.10579
1.0971
1.08712
1.07721
1.06911
1.06459
1.06484
1.07
1.07898
1.08974
1.09985
1.10731
1.11109
1.11142
1.10968
1.10792
1.10821
1.11199
1.11961
1.13019
1.14198
1.15298
1.16167
1.16734
1.17009
1.1704
1.16861
1.16467
1.15824
1.14903
1.13721
1.12357
1.10948
1.09674
1.08732
1.08307
1.08495
1.09238
1.10306
1.11359
1.12061
1.1219
1.11705
1.10759
1.09649
1.08717
1.08232
1.08315
1.08928
1.09912
1.11038
1.12059
1.1276
1.13003
1.12778
1.12217
1.1155
1.10978
1.10562
1.102
1.09715
1.08963
1.07908
1.06661
1.0548
1.04702
1.04613
1.05317
1.06691
1.08461
1.1033
1.12062
1.13495
1.14522
1.1508
1.15155
1.14793
1.14103
1.13251
1.12436
1.1185
1.11634
1.11829
1.12367
1.13073
1.13722
1.14106
1.14095
1.13681
1.12975
1.12142
1.11332
1.10618
1.09999
1.09453
1.08985
1.0865
1.08517
1.08626
1.08956
1.09449
1.10032
1.10639
1.11191
1.11593
1.11755
1.11636
1.11273
1.10765
1.10225
1.09716
1.09212
1.08607
1.07772
1.06621
1.05148
1.03422
1.0157
0.997471
0.981155
0.968377
0.960572
0.95878
0.963352
0.973797
0.988893
1.00692
1.02596
1.04421
1.06028
1.0733
1.08287
1.08906
1.09217
1.09269
1.09106
1.08775
1.08351
1.07943
1.07657
1.07545
1.07576
1.07657
1.07672
1.07528
1.0717
1.066
1.0587
1.05067
1.04306
1.03719
1.0343
1.03515
1.03957
1.04647
1.05416
1.06097
1.06564
1.06755
1.06671
1.06372
1.05968
1.05597
1.054
1.05489
1.05914
1.06643
1.0755
1.08443
1.09107
1.09348
1.09029
1.08117
1.06724
1.05108
1.036
1.02487
1.0196
1.02122
1.03008
1.04532
1.06443
1.08394
1.10094
1.11418
1.1239
1.13097
1.13603
1.13915
1.14016
1.13916
1.13669
1.13369
1.13118
1.12993
1.13014
1.1315
1.1333
1.13466
1.13462
1.13214
1.12619
1.11618
1.10241
1.08645
1.07082
1.05834
1.05117
1.05028
1.05543
1.06544
1.07831
1.09145
1.10237
1.10939
1.11203
1.11079
1.1066
1.10038
1.0929
1.0853
1.07957
1.07835
1.08337
1.09407
1.10777
1.12144
1.13302
1.14163
1.14694
1.14895
1.1483
1.14614
1.14344
1.14039
1.13672
1.1326
1.12912
1.12771
1.12891
1.132
1.13539
1.1375
1.13746
1.13514
1.1309
1.12504
1.11732
1.10722
1.09467
1.08096
1.06888
1.06161
1.06084
1.06587
1.07434
1.08378
1.09251
1.09965
1.10485
1.10799
1.10893
1.10746
1.10339
1.09677
1.08809
1.07844
1.06945
1.06296
1.06029
1.06143
1.06473
1.0676
1.06784
1.06475
1.05929
1.05356
1.04972
1.04927
1.05269
1.05942
1.06833
1.07808
1.08749
1.09551
1.10114
1.10347
1.10178
1.09573
1.0856
1.07237
1.05765
1.04341
1.03156
1.02371
1.02092
1.02343
1.03023
1.03915
1.04763
1.05399
1.05795
1.06027
1.06156
1.06137
1.05836
1.05164
1.04201
1.03209
1.02501
1.02242
1.02328
1.02493
1.02556
1.02605
1.02964
1.03988
1.05773
1.0802
1.10209
1.11893
1.12853
1.13082
1.12739
1.12085
1.11393
1.10842
1.10459
1.10143
1.09745
1.09142
1.08284
1.07206
1.06026
1.0494
1.04204
1.04046
1.04545
1.05581
1.06921
1.08335
1.09608
1.10539
1.11008
1.11059
1.10892
1.1072
1.10617
1.10476
1.10119
1.09417
1.08366
1.0708
1.05755
1.04615
1.03842
1.03519
1.03612
1.04009
1.0457
1.05189
1.05795
1.06342
1.06786
1.07077
1.07177
1.0706
1.06729
1.06215
1.05584
1.04921
1.04314
1.03843
1.03589
1.03649
1.04117
1.05045
1.06412
1.08111
1.09993
1.11916
1.13768
1.15472
1.16977
1.18261
1.19323
1.20158
1.20734
1.2098
1.20806
1.20125
1.18887
1.17122
1.14975
1.12718
1.10684
1.09176
1.08365
1.08248
1.08663
1.09351
1.10027
1.10444
1.10426
1.09863
1.08727
1.07103
1.0522
1.03445
1.02196
1.0178
1.0223
1.03306
1.04643
1.05928
1.06986
1.07759
1.08254
1.08489
1.08475
1.08227
1.07793
1.07283
1.06866
1.06727
1.06989
1.07641
1.08538
1.09474
1.1027
1.10823
1.11105
1.11134
1.10931
1.10497
1.09802
1.08811
1.07533
1.06051
1.04519
1.03123
1.02021
1.01284
1.00867
1.00618
1.00353
0.999447
0.993832
0.987685
0.982545
0.979724
0.979943
0.983405
0.990027
0.999742
1.01256
1.02847
1.04716
1.0678
1.08897
1.10879
1.12522
1.13642
1.14119
1.13918
1.13101
1.11804
1.10212
1.08523
1.06912
1.05525
1.04474
1.03828
1.03623
1.03869
1.04564
1.05694
1.07199
1.08935
1.10669
1.12139
1.13143
1.13632
1.13717
1.13584
1.13376
1.13126
1.1279
1.12308
1.11661
1.10913
1.10246
1.09886
1.09973
1.10483
1.11275
1.12196
1.13124
1.13962
1.14616
1.15005
1.15096
1.14915
1.14532
1.14013
1.13384
1.12614
1.1166
1.10528
1.09307
1.08142
1.07152
1.06368
1.05743
1.05198
1.04651
1.04043
1.03364
1.02675
1.02089
1.01712
1.01604
1.01771
1.02207
1.02917
1.03909
1.05141
1.06483
1.07744
1.08739
1.09375
1.09686
1.09815
1.09944
1.10216
1.10677
1.11276
1.11906
1.12452
1.12846
1.13096
1.13296
1.13581
1.14015
1.14494
1.14775
1.14653
1.14119
1.13373
1.12709
1.12354
1.12363
1.1261
1.12887
1.13027
1.12983
1.12821
1.12655
1.12561
1.12514
1.12377
1.11956
1.11098
1.09759
1.08028
1.06113
1.04277
1.02753
1.01657
1.00977
1.0062
1.00479
1.0046
1.00471
1.00433
1.003
1.00083
0.99862
0.99757
0.999026
1.00409
1.01349
1.0274
1.04545
1.06662
1.08932
1.11169
1.13185
1.14828
1.15987
1.16613
1.16726
1.16422
1.15863
1.15243
1.14737
1.14446
1.14368
1.14397
1.14362
1.14064
1.13343
1.12146
1.10551
1.08756
1.06984
1.05406
1.04098
1.0309
1.02433
1.02237
1.02641
1.03724
1.05431
1.0756
1.09801
1.11838
1.13441
1.14515
1.15079
1.15218
1.15017
1.14541
1.13849
1.13013
1.12112
1.11236
1.1046
1.09842
1.09416
1.09194
1.09173
1.09352
1.09736
1.10307
1.10997
1.11685
1.12242
1.12598
1.12746
1.12713
1.12496
1.12045
1.11283
1.10144
1.08607
1.06726
1.04622
1.02441
1.00318
0.9837
0.967116
0.95459
0.946977
0.944546
0.947025
0.95388
0.964497
0.978091
0.993419
1.0087
1.02195
1.03177
1.03788
1.04131
1.04387
1.04739
1.05285
1.0599
1.06699
1.07186
1.07238
1.06734
1.0568
1.04214
1.02573
1.01058
0.99981
0.996232
1.00148
1.01526
1.03525
1.05784
1.07923
1.09631
1.10713
1.11132
1.11043
1.10739
1.10506
1.10475
1.10629
1.10904
1.11284
1.11777
1.12365
1.12964
1.13442
1.13673
1.13572
1.13117
1.12358
1.1142
1.10493
1.09795
1.09505
1.0968
1.10227
1.10936
1.11551
1.11849
1.11676
1.1096
1.09704
1.07996
1.06022
1.04039
1.02306
1.00985
1.00107
0.99615
0.994333
0.995166
0.998588
1.00477
1.01363
1.02432
1.03524
1.04476
1.05226
1.0583
1.0641
1.07054
1.07757
1.08422
1.08915
1.09147
1.09124
1.0892
1.08591
1.08127
1.07502
1.06753
1.06022
1.05489
1.05279
1.0538
1.05646
1.0587
1.05868
1.05519
1.0478
1.037
1.0244
1.01266
1.00509
1.00481
1.01381
1.03207
1.05756
1.08698
1.11661
1.1429
1.16285
1.17415
1.17557
1.16715
1.15038
1.12802
1.10378
1.08157
1.0648
1.05545
1.05349
1.05701
1.06339
1.07042
1.07667
1.0814
1.08421
1.08493
1.08369
1.08121
1.07877
1.07781
1.07921
1.08258
1.08636
1.08839
1.08687
1.08106
1.0717
1.06086
1.05157
1.0468
1.0484
1.0564
1.06939
1.08542
1.10278
1.12039
1.13797
1.15574
1.17398
1.19256
1.21055
1.22634
1.23795
1.24347
1.24143
1.23106
1.21259
1.18726
1.15708
1.12437
1.09135
1.06034
1.03394
1.01436
1.00177
0.99386
0.987515
0.980861
0.973894
0.967763
0.963706
0.96237
0.963964
0.968856
