0 45.0478
1 42.3
2 39.9427
3 35.3828
4 33.9686
5 27.145
6 27.0924
7 25.6415
8 24.0929
9 23.2542
10 22.5876
11 21.3007
12 19.4943
13 18.5891
14 18.5891
15 16.619
16 16.4734
17 14.9039
18 14.1329
19 14.1329
20 11.7044
21 10.9181
22 10.5653
23 10.5653
24 9.79312
25 9.09386
26 9.09386
27 9.09386
28 8.65351
29 7.95425
30 7.95425
31 7.93219
32 7.11072
33 7.11072
34 6.58398
35 6.58398
36 6.58398
37 6.58398
38 6.58398
39 6.136
40 6.136
41 5.94675
42 5.94675
43 5.81868
44 5.81868
45 5.80656
46 5.80656
47 5.80656
48 5.42125
49 5.42125
50 5.42125
51 5.42125
52 5.25392
53 5.2418
54 5.2418
55 5.01461
56 4.56718
57 4.56718
58 4.48224
59 4.48224
60 4.48224
61 4.48224
62 3.99591
63 3.99591
64 3.99591
65 3.99591
66 3.99591
67 3.62288
68 3.62288
69 3.4697
70 3.4697
71 3.4697
72 3.4697
73 3.4697
74 3.4697
75 3.33967
76 3.33967
77 3.33967
78 2.80992
79 2.80992
80 2.80992
81 2.80992
82 2.80992
83 2.80992
84 2.80992
85 2.80992
86 2.80992
87 2.80992
88 2.80992
89 2.80992
90 2.80992
91 2.74717
92 2.74717
93 2.74717
94 2.7262
95 2.7262
96 2.7262
97 2.7262
98 2.59139
99 2.59139
100 2.49895
101 2.49895
102 2.49895
103 2.49352
104 2.49352
105 2.48608
106 2.48608
107 2.48608
108 2.48608
109 2.48608
110 2.13096
111 2.13096
112 2.13096
113 2.13096
114 2.13096
115 2.13096
116 2.13096
117 2.13096
118 2.13096
119 2.13096
120 2.13096
121 2.13096
122 2.13096
123 2.13096
124 2.13096
125 2.13096
126 2.13096
127 2.13096
128 2.13096
129 2.13096
130 2.13096
131 2.13096
132 2.13096
133 2.13096
134 2.13096
135 2.13096
136 2.13096
137 2.13096
138 2.13096
139 2.13096
140 2.13096
141 2.13096
142 2.13096
143 2.13096
144 2.13096
145 2.12566
146 2.12566
147 2.12566
148 2.12566
149 2.12566
150 2.12098
151 2.12098
152 2.12098
153 2.12098
154 2.12098
155 2.12098
156 2.12098
157 2.12098
158 2.12098
159 2.12098
160 2.12098
161 2.12098
162 2.12098
163 2.12098
164 2.12098
165 2.12098
166 2.12098
167 2.12098
168 2.12098
169 2.03513
170 2.03513
171 2.03513
172 2.03513
173 2.03513
174 2.03513
175 2.03513
176 2.03513
177 2.03513
178 2.03513
179 2.03513
180 2.03513
181 2.03513
182 2.03513
183 2.03513
184 2.03513
185 2.03513
186 1.99175
187 1.99175
188 1.99175
189 1.99175
190 1.99175
191 1.99175
192 1.99175
193 1.99175
194 1.99175
195 1.99175
196 1.99175
197 1.99175
198 1.99175
199 1.99175
200 1.99175
201 1.99175
202 1.99175
203 1.99175
204 1.99175
205 1.99175
206 1.99175
207 1.99175
208 1.99175
209 1.99175
210 1.99175
211 1.99175
212 1.99175
213 1.99175
214 1.99175
215 1.99175
216 1.99175
217 1.99175
218 1.99175
219 1.99175
220 1.99175
221 1.99175
222 1.99175
223 1.99175
224 1.99175
225 1.99175
226 1.99175
227 1.99175
228 1.99175
229 1.99175
230 1.99175
231 1.99175
232 1.99175
233 1.99175
234 1.99175
235 1.99175
236 1.99175
237 1.99175
238 1.99175
239 1.99175
240 1.99175
241 1.99175
242 1.99175
243 1.99175
244 1.99175
245 1.99175
246 1.99175
247 1.99175
248 1.99175
249 1.99175
250 1.99175
251 1.99175
252 1.99175
253 1.99175
254 1.99175
255 1.99175
256 1.99175
257 1.99175
258 1.99175
259 1.99175
260 1.99175
261 1.99175
262 1.99175
263 1.99175
264 1.99175
265 1.99175
266 1.99175
267 1.99175
268 1.99175
269 1.99175
270 1.99175
271 1.99175
272 1.99175
273 1.99175
274 1.99175
275 1.99175
276 1.99175
277 1.99175
278 1.99175
279 1.99175
280 1.99175
281 1.99175
282 1.99175
283 1.99175
284 1.99175
285 1.99175
286 1.99175
287 1.99175
288 1.99175
289 1.99175
290 1.99175
291 1.99175
292 1.99175
293 1.99175
294 1.99175
295 1.99175
296 1.99175
297 1.99175
298 1.99175
299 1.99175
300 1.99175
301 1.99175
302 1.99175
303 1.99175
304 1.99175
305 1.99175
306 1.99175
307 1.99175
308 1.99175
309 1.99175
310 1.99175
311 1.99175
312 1.99175
313 1.99175
314 1.99175
315 1.99175
316 1.99175
317 1.99175
318 1.99175
319 1.99175
320 1.99175
321 1.99175
322 1.99175
323 1.99175
324 1.99175
325 1.99175
326 1.99175
327 1.99175
328 1.99175
329 1.99175
330 1.99175
331 1.99175
332 1.99175
333 1.99175
334 1.99175
335 1.99175
336 1.99175
337 1.99175
338 1.99175
339 1.99175
340 1.99175
341 1.99175
342 1.99175
343 1.99175
344 1.99175
345 1.99175
346 1.99175
347 1.99175
348 1.99175
349 1.99175
350 1.99175
351 1.99175
352 1.99175
353 1.99175
354 1.99175
355 1.99175
356 1.99175
357 1.99175
358 1.99175
359 1.99175
360 1.99175
361 1.99175
362 1.99175
363 1.99175
364 1.99175
365 1.99175
366 1.99175
367 1.99175
368 1.99175
369 1.99175
370 1.99175
371 1.99175
372 1.99175
373 1.99175
374 1.99175
375 1.99175
376 1.99175
377 1.99175
378 1.99175
379 1.99175
380 1.99175
381 1.99175
382 1.99175
383 1.99175
384 1.99175
385 1.99175
386 1.99175
387 1.99175
388 1.99175
389 1.99175
390 1.99175
391 1.99175
392 1.99175
393 1.99175
394 1.99175
395 1.99175
396 1.99175
397 1.99175
398 1.99175
399 1.99175
400 1.99175
401 1.99175
402 1.99175
403 1.99175
404 1.99175
405 1.99175
406 1.99175
407 1.99175
408 1.99175
409 1.99175
410 1.99175
411 1.99175
412 1.99175
413 1.99175
414 1.99175
415 1.99175
416 1.99175
417 1.99175
418 1.99175
419 1.99175
420 1.99175
421 1.99175
422 1.99175
423 1.99175
424 1.99175
425 1.99175
426 1.99175
427 1.99175
428 1.99175
429 1.99175
430 1.99175
431 1.99175
432 1.99175
433 1.99175
434 1.99175
435 1.99175
436 1.99175
437 1.99175
438 1.99175
439 1.99175
440 1.99175
441 1.99175
442 1.99175
443 1.99175
444 1.99175
445 1.99175
446 1.99175
447 1.99175
448 1.99175
449 1.99175
450 1.99175
451 1.99175
452 1.99175
453 1.99175
454 1.99175
455 1.99175
456 1.99175
457 1.99175
458 1.99175
459 1.99175
460 1.99175
461 1.99175
462 1.99175
463 1.99175
464 1.99175
465 1.99175
466 1.99175
467 1.99175
468 1.99175
469 1.99175
470 1.99175
471 1.99175
472 1.99175
473 1.99175
474 1.99175
475 1.99175
476 1.99175
477 1.99175
478 1.99175
479 1.99175
480 1.99175
481 1.99175
482 1.99175
483 1.99175
484 1.99175
485 1.99175
486 1.99175
487 1.99175
488 1.99175
489 1.99175
490 1.99175
491 1.99175
492 1.99175
493 1.99175
494 1.99175
495 1.99175
496 1.99175
497 1.99175
498 1.99175
499 1.99175
