-7.14362
-7.12523
-7.09357
-7.05629
-7.00632
-6.9527
-6.89895
-6.84858
-6.80737
-6.77677
-6.75873
-6.75677
-6.76486
-6.77863
-6.79771
-6.81624
-6.83286
-6.84473
-6.85349
-6.85941
-6.86285
-6.86557
-6.87181
-6.88383
-6.89444
-6.90706
-6.91915
-6.93009
-6.9384
-6.94228
-6.94077
-6.93564
-6.92787
-6.91751
-6.90783
-6.8968
-6.88953
-6.88261
-6.8802
-6.88218
-6.88512
-6.88669
-6.88717
-6.8846
-6.88006
-6.87489
-6.86962
-6.86515
-6.86219
-6.8612
-6.85971
-6.86111
-6.86459
-6.86661
-6.86924
-6.87423
-6.88163
-6.89265
-6.90634
-6.9203
-6.93201
-6.94076
-6.94528
-6.94712
-6.94239
-6.93677
-6.93152
-6.91998
-6.91146
-6.90314
-6.89731
-6.89225
-6.88827
-6.88919
-6.89166
-6.89194
-6.89224
-6.88968
-6.88441
-6.87613
-6.86703
-6.86048
-6.85796
-6.85927
-6.86746
-6.88027
-6.8937
-6.90451
-6.91255
-6.91689
-6.91492
-6.90373
-6.88806
-6.86909
-6.85206
-6.84063
-6.82885
-6.82213
-6.82105
-6.82286
-6.83064
-6.84582
-6.86482
-6.88765
-6.91107
-6.93191
-6.94512
-6.95275
-6.95719
-6.95276
-6.94484
-6.93337
-6.919
-6.90513
-6.89254
-6.88154
-6.87163
-6.8648
-6.85892
-6.85247
-6.8449
-6.83658
-6.83287
-6.82929
-6.83115
-6.83724
-6.84502
-6.85209
-6.86265
-6.87263
-6.88106
-6.89361
-6.90608
-6.92181
-6.93765
-6.95941
-6.97774
-6.98984
-6.99739
-6.9972
-6.99119
-6.98032
-6.96485
-6.94992
-6.93261
-6.91397
-6.89554
-6.87917
-6.86276
-6.85037
-6.8386
-6.82909
-6.82473
-6.82207
-6.82305
-6.82901
-6.8332
-6.84023
-6.84773
-6.85535
-6.8632
-6.86906
-6.87538
-6.88007
-6.88303
-6.88493
-6.88969
-6.89654
-6.90488
-6.91617
-6.92553
-6.93586
-6.94497
-6.95321
-6.95552
-6.95696
-6.95586
-6.95084
-6.94545
-6.936
-6.92837
-6.92051
-6.91104
-6.90229
-6.89407
-6.88488
-6.87721
-6.87049
-6.86398
-6.8586
-6.85173
-6.84057
-6.82822
-6.81573
-6.80255
-6.79219
-6.78883
-6.79031
-6.79961
-6.81663
-6.83648
-6.859
-6.87934
-6.8956
-6.90844
-6.91596
-6.92324
-6.92723
-6.92782
-6.9303
-6.9316
-6.9299
-6.92847
-6.92376
-6.91801
-6.9132
-6.9098
-6.90637
-6.90113
-6.89779
-6.89414
-6.89222
-6.89176
-6.89476
-6.89834
-6.90416
-6.91128
-6.92048
-6.933
-6.9455
-6.95576
-6.96372
-6.97054
-6.97477
-6.97136
-6.96408
-6.95038
-6.93468
-6.91831
-6.90013
-6.88348
-6.87526
-6.86756
-6.86181
-6.85619
-6.85386
-6.85067
-6.84771
-6.84157
-6.83524
-6.83057
-6.82935
-6.83102
-6.83518
-6.84176
-6.85498
-6.86363
-6.87166
-6.8803
-6.88591
-6.88683
-6.88486
-6.8837
-6.88027
-6.87887
-6.87682
-6.87565
-6.87786
-6.88079
-6.8831
-6.88567
-6.8886
-6.89153
-6.89557
-6.89539
-6.89576
-6.89711
-6.89625
-6.89126
-6.88691
-6.88252
-6.8776
-6.87559
-6.87244
-6.86774
-6.86335
-6.86111
-6.85931
-6.855
-6.8507
-6.8517
-6.85436
-6.86054
-6.86998
-6.88416
-6.90201
-6.92176
-6.9415
-6.95843
-6.97384
-6.98364
-6.98679
-6.98653
-6.98197
-6.97345
-6.95961
-6.94394
-6.92744
-6.91248
-6.8954
-6.88194
-6.86971
-6.8576
-6.84904
-6.8412
-6.84087
-6.84104
-6.84974
-6.85973
-6.87004
-6.88175
-6.89332
-6.90305
-6.90715
-6.90602
-6.90546
-6.90059
-6.89255
-6.8867
-6.87802
-6.86662
-6.85382
-6.8369
-6.81634
-6.79468
-6.77516
-6.75971
-6.74881
-6.75151
-6.76295
-6.78188
-6.80679
-6.83768
-6.86596
-6.89955
-6.92751
-6.95294
-6.97022
-6.98214
-6.98784
-6.98787
-6.98249
-6.9768
-6.97018
-6.95938
-6.94834
-6.93774
-6.92736
-6.91355
-6.8977
-6.88191
-6.87008
-6.8642
-6.86821
-6.8791
-6.90073
-6.92601
-6.95288
-6.97801
-6.99623
-7.00339
-6.9969
-6.98415
-6.96468
-6.94003
-6.90923
-6.88137
-6.85149
-6.83091
-6.81563
-6.8117
-6.81656
-6.82964
-6.84547
-6.86321
-6.88134
-6.89641
-6.90727
-6.91332
-6.9138
-6.91033
-6.90452
-6.89415
-6.8821
-6.8664
-6.84838
-6.83263
-6.81726
-6.80299
-6.79561
-6.79698
-6.80633
-6.82212
-6.84135
-6.86218
-6.88018
-6.89222
-6.90203
-6.90785
-6.91394
-6.92361
-6.93201
-6.94035
-6.94814
-6.95367
-6.95981
-6.96197
-6.96031
-6.95703
-6.95211
-6.94904
-6.94305
-6.93536
-6.92697
-6.92151
-6.91827
-6.91656
-6.91659
-6.9188
-6.92236
-6.9276
-6.93093
-6.92675
-6.9183
-6.90438
-6.8842
-6.86145
-6.83615
-6.81277
-6.79365
-6.78059
-6.77074
-6.76986
-6.77474
-6.78322
-6.79647
-6.81195
-6.82808
-6.84631
-6.86461
-6.88177
-6.89394
-6.90227
-6.90644
-6.90653
-6.9063
-6.90582
-6.90723
-6.90953
-6.90926
-6.91278
-6.91413
-6.91799
-6.92011
-6.91785
-6.91344
-6.90881
-6.90346
-6.89805
-6.89457
-6.89085
-6.88783
-6.88675
-6.88719
-6.88767
-6.89113
-6.894
-6.89949
-6.90218
-6.90656
-6.91205
-6.91618
-6.91758
-6.91803
-6.91709
-6.91292
-6.90631
-6.8969
-6.88379
-6.86905
-6.85565
-6.84275
-6.8299
-6.82437
-6.81943
-6.82161
-6.82669
-6.83599
-6.84766
-6.86251
-6.88178
-6.90183
-6.92298
-6.94256
-6.95518
-6.96246
-6.96482
-6.96102
-6.95154
-6.93698
-6.91798
-6.89571
-6.87347
-6.8478
-6.82695
-6.81217
-6.80415
-6.80224
-6.8044
-6.81063
-6.82007
-6.83206
-6.84202
-6.85089
-6.8564
-6.86215
-6.86659
-6.87849
-6.89164
-6.90685
-6.92428
-6.94248
-6.95935
-6.97377
-6.98738
-6.99859
-7.00758
-7.01635
-7.02125
-7.02121
-7.01216
-6.99806
-6.97476
-6.94766
-6.91738
-6.88228
-6.84731
-6.81694
-6.79241
-6.77609
-6.76834
-6.76753
-6.77372
-6.78287
-6.79254
-6.80329
-6.81403
-6.82162
-6.82956
-6.83431
-6.83982
-6.84673
-6.85461
-6.86437
-6.8772
-6.89474
-6.91142
-6.92985
-6.94428
-6.95701
-6.96719
-6.974
-6.9722
-6.96619
-6.95306
-6.93408
-6.91473
-6.89725
-6.88072
-6.87049
-6.86538
-6.86407
-6.8651
-6.86826
-6.87649
-6.88625
-6.90024
-6.91543
-6.93247
-6.95033
-6.96477
-6.97555
-6.9808
-6.97213
-6.9534
-6.92754
-6.89308
-6.85666
-6.82251
-6.79176
-6.77056
-6.75676
-6.75401
-6.76053
-6.77402
-6.79293
-6.8137
-6.83594
-6.85806
-6.88045
-6.89819
-6.91631
-6.93434
-6.95083
-6.967
-6.97634
-6.97682
-6.97036
-6.95703
-6.94
-6.92078
-6.90332
-6.88695
-6.87385
-6.87244
-6.87706
-6.88911
-6.90489
-6.92043
-6.93172
-6.93523
-6.93206
-6.92193
-6.90869
-6.89426
-6.88042
-6.87123
-6.86211
-6.85615
-6.85856
-6.86558
-6.87494
-6.88937
-6.90565
-6.91914
-6.93238
-6.94015
-6.9407
-6.94035
-6.93409
-6.92246
-6.90672
-6.8881
-6.87125
-6.85451
-6.84222
-6.83377
-6.83157
-6.8351
-6.84193
-6.8543
-6.86569
-6.87787
-6.88721
-6.89705
-6.90232
-6.90682
-6.90651
-6.90391
-6.90425
-6.90525
-6.90713
-6.90757
-6.90731
-6.90592
-6.9059
-6.90544
-6.90882
-6.91535
-6.92429
-6.93001
-6.93192
-6.92933
-6.92027
-6.90619
-6.88861
-6.87109
-6.85601
-6.84508
-6.84182
-6.84312
-6.85248
-6.8682
-6.8831
-6.89791
-6.91047
-6.9174
-6.92169
-6.922
-6.9185
-6.9107
-6.90016
-6.88472
-6.86552
-6.84234
-6.81682
-6.79661
-6.78366
-6.78031
-6.78682
-6.80133
-6.81949
-6.83663
-6.85153
-6.86501
-6.87486
-6.88063
-6.88491
-6.88774
-6.89292
-6.89422
-6.89923
-6.90473
-6.90586
-6.90813
-6.90775
-6.90865
-6.9083
-6.90858
-6.90994
-6.91433
-6.91898
-6.92209
-6.92916
-6.93035
-6.93062
-6.92724
-6.91992
-6.91133
-6.90215
-6.89219
-6.88307
-6.88064
-6.88189
-6.88612
-6.88995
-6.89526
-6.90399
-6.90727
-6.91015
-6.91234
-6.91253
-6.91222
-6.9068
-6.90001
-6.88728
-6.87029
-6.84876
-6.82955
-6.81245
-6.79897
-6.79132
-6.78865
-6.7951
-6.81147
-6.83563
-6.86134
-6.8898
-6.91731
-6.93849
-6.95221
-6.95937
-6.95744
-6.95325
-6.94461
-6.93894
-6.93512
-6.93223
-6.92907
-6.92803
-6.92289
-6.91346
-6.90449
-6.89544
-6.8846
-6.8765
-6.8735
-6.87453
-6.88016
-6.8893
-6.89915
-6.9109
-6.91911
-6.92395
-6.92374
-6.91882
-6.9091
-6.8966
-6.88212
-6.87247
-6.86739
-6.86774
-6.87186
-6.87835
-6.88721
-6.89839
-6.90962
-6.92354
-6.93841
-6.95301
-6.9628
-6.9655
-6.96431
-6.95899
-6.9459
-6.93292
-6.91731
-6.89985
-6.88282
-6.86573
-6.85103
-6.83986
-6.83103
-6.82665
-6.82322
-6.8257
-6.83173
-6.84154
-6.85554
-6.86783
-6.87856
-6.89243
-6.90641
-6.9165
-6.9263
-6.93592
-6.9369
-6.932
-6.92285
-6.91371
-6.90192
-6.89251
-6.88139
-6.87662
-6.87494
-6.87775
-6.88544
-6.89288
-6.89901
-6.90228
-6.90327
-6.90145
-6.89873
-6.89417
-6.88918
-6.88566
-6.88571
-6.8916
-6.90314
-6.91607
-6.92924
-6.94004
-6.94544
-6.94512
-6.93934
-6.92717
-6.91559
-6.90165
-6.89067
-6.8811
-6.87373
-6.86532
-6.86164
-6.8527
-6.84836
-6.84441
-6.84233
-6.83994
-6.8401
-6.84471
-6.85231
-6.86189
-6.8708
-6.88284
-6.89493
-6.90557
-6.91272
-6.91108
-6.907
-6.89597
-6.88502
-6.87438
-6.86462
-6.8549
-6.84745
-6.84152
-6.83572
-6.83419
-6.83488
-6.84052
-6.84463
-6.85476
-6.86679
-6.88119
-6.89879
-6.91785
-6.9365
-6.95432
-6.97005
-6.97878
-6.97929
-6.97549
-6.96537
-6.94825
-6.9329
-6.91413
-6.89735
-6.88289
-6.87298
-6.86924
-6.86929
-6.87194
-6.87427
-6.87754
-6.87739
-6.87587
-6.87661
-6.8765
-6.87718
-6.87773
-6.87492
-6.8742
-6.87243
-6.87116
-6.87016
-6.8701
-6.87413
-6.87722
-6.88215
-6.88131
-6.88038
-6.8757
-6.86866
-6.85664
-6.84612
-6.83998
-6.83926
-6.84513
-6.85803
-6.87992
-6.90962
-6.93839
-6.96542
-6.9838
-6.99737
-6.99992
-6.99163
-6.97886
-6.95701
-6.92732
-6.89584
-6.86117
-6.83009
-6.80293
-6.78209
-6.77109
-6.76696
-6.77349
-6.79138
-6.81389
-6.84329
-6.87182
-6.90176
-6.92913
-6.9522
-6.97241
-6.98697
-6.99843
-7.00381
-7.00386
-6.99784
-6.98633
-6.96871
-6.94947
-6.93006
-6.90856
-6.88941
-6.86944
-6.85204
-6.84152
-6.83391
-6.83727
-6.84564
-6.85845
-6.87089
-6.88139
-6.88802
-6.89106
-6.89125
-6.89121
-6.89224
-6.88959
-6.8891
-6.88737
-6.88248
-6.87653
-6.87085
-6.86496
-6.8609
-6.85976
-6.86234
-6.86739
-6.87712
-6.88773
-6.89495
-6.90313
-6.90524
-6.89998
-6.88989
-6.87467
-6.85757
-6.84034
-6.8261
-6.81716
-6.81543
-6.82194
-6.83713
-6.85778
-6.88234
-6.9077
-6.93102
-6.94972
-6.96476
-6.97076
-6.97161
-6.96752
-6.95746
-6.94339
-6.92641
-6.91394
-6.90534
-6.90524
-6.90913
-6.91899
-6.9327
-6.94648
-6.96013
-6.96848
-6.9718
-6.96894
-6.95896
-6.94093
-6.91906
-6.89559
-6.87067
-6.84991
-6.83401
-6.82667
-6.82635
-6.82978
-6.8362
-6.84495
-6.85296
-6.85932
-6.86337
-6.86744
-6.86851
-6.8698
-6.86861
-6.86763
-6.86529
-6.86224
-6.85909
-6.85097
-6.84292
-6.83351
-6.82447
-6.81783
-6.81207
-6.81209
-6.81254
-6.81756
-6.82238
-6.83183
-6.84259
-6.85795
-6.87512
-6.89465
-6.91157
-6.93009
-6.94924
-6.96747
-6.98389
-6.99674
-7.00262
-7.0008
-6.99311
-6.97559
-6.94962
-6.92001
-6.89019
-6.8639
-6.84353
-6.83396
-6.83273
-6.84061
-6.85411
-6.8745
-6.89388
-6.90995
-6.9229
-6.92948
-6.93395
-6.93306
-6.9274
-6.91418
-6.89965
-6.88599
-6.86691
-6.85105
-6.83956
-6.83561
-6.83652
-6.84274
-6.85019
-6.8612
-6.8738
-6.8871
-6.90307
-6.91673
-6.9292
-6.93816
-6.94259
-6.94383
-6.94138
-6.93331
-6.92308
-6.91183
-6.90048
-6.89023
-6.88244
-6.87509
-6.87204
-6.87232
-6.87214
-6.87121
-6.8689
-6.86778
-6.86331
-6.85694
-6.85123
-6.84567
-6.84352
-6.84237
-6.8447
-6.84546
-6.84652
-6.8456
-6.84608
-6.84801
-6.85113
-6.85487
-6.85995
-6.86738
-6.87734
-6.88935
-6.90107
-6.91468
-6.92926
-6.94058
-6.95418
-6.96077
-6.96342
-6.96406
-6.95608
-6.94763
-6.93291
-6.9127
-6.88704
-6.8629
-6.84006
-6.82063
-6.80641
-6.79843
-6.79737
-6.80667
-6.81812
-6.8334
-6.84665
-6.85873
-6.86957
-6.87652
-6.88077
-6.88293
-6.88325
-6.88308
-6.88523
-6.88759
-6.89145
-6.89859
-6.90951
-6.92306
-6.93655
-6.94892
-6.96181
-6.96919
-6.97373
-6.97258
-6.96857
-6.96183
-6.95123
-6.9405
-6.93104
-6.91728
-6.90063
-6.88246
-6.86249
-6.84374
-6.8306
-6.8242
-6.82119
-6.82388
-6.83211
-6.84086
-6.84834
-6.85526
-6.8579
-6.86067
-6.8615
-6.86273
-6.861
-6.86368
-6.86904
-6.87292
-6.87732
-6.8841
-6.89028
-6.89441
-6.89878
-6.90162
-6.90382
-6.90537
-6.90648
-6.90676
-6.90531
-6.9092
-6.91306
-6.91884
-6.92502
-6.93088
-6.93262
-6.93065
-6.92438
-6.91627
-6.9102
-6.90284
-6.89245
-6.88197
-6.87239
-6.86876
-6.86633
-6.87101
-6.88008
-6.89163
-6.9031
-6.91098
-6.91663
-6.92223
-6.9271
-6.9232
-6.9189
-6.91228
-6.90709
-6.8981
-6.89461
-6.88768
-6.8793
-6.87556
-6.87391
-6.87311
-6.87738
-6.88325
-6.89224
-6.90354
-6.91345
-6.92441
-6.93311
-6.93752
-6.93759
-6.92797
-6.91108
-6.8864
-6.85848
-6.82564
-6.79547
-6.76692
-6.74879
-6.74077
-6.74214
-6.75271
-6.76917
-6.79235
-6.81576
-6.84021
-6.85768
-6.87028
-6.87912
-6.88564
-6.88725
-6.885
-6.88301
-6.88313
-6.88718
-6.89163
-6.89751
-6.90424
-6.91382
-6.9209
-6.92451
-6.9286
-6.928
-6.9245
-6.91648
-6.90571
-6.88881
-6.87181
-6.85031
-6.83257
-6.81929
-6.81689
-6.82268
-6.83593
-6.85352
-6.87531
-6.89902
-6.92099
-6.93667
-6.94219
-6.93608
-6.9198
-6.89355
-6.86576
-6.84371
-6.82688
-6.82273
-6.83369
-6.85347
-6.88072
-6.90855
-6.93605
-6.95649
-6.96714
-6.96958
-6.96031
-6.94748
-6.92883
-6.90754
-6.8828
-6.86223
-6.8475
-6.84011
-6.84056
-6.84712
-6.85905
-6.87523
-6.89421
-6.91273
-6.92603
-6.93708
-6.9399
-6.93803
-6.93302
-6.92203
-6.90917
-6.89718
-6.88615
-6.87715
-6.87073
-6.86633
-6.863
-6.86115
-6.86207
-6.86334
-6.86912
-6.87781
-6.88609
-6.89608
-6.90826
-6.92138
-6.93356
-6.94543
-6.95515
-6.96134
-6.96222
-6.95465
-6.94655
-6.93337
-6.91337
-6.89027
-6.86633
-6.84741
-6.83202
-6.823
-6.82302
-6.82785
-6.84012
-6.85864
-6.87597
-6.89098
-6.90441
-6.90776
-6.90684
-6.90001
-6.89087
-6.88206
-6.87428
-6.87183
-6.87481
-6.88183
-6.89352
-6.9073
-6.92297
-6.93831
-6.94765
-6.95105
-6.95337
-6.95107
-6.94398
-6.93628
-6.92987
-6.92564
-6.92537
-6.92616
-6.93241
-6.93843
-6.9431
-6.94768
-6.94613
-6.9403
-6.93148
-6.92087
-6.90833
-6.89485
-6.88165
-6.86776
-6.85303
-6.84095
-6.82996
-6.82177
-6.82027
-6.82207
-6.828
-6.83937
-6.85546
-6.87348
-6.89021
-6.90842
-6.92589
-6.93929
-6.95043
-6.95888
-6.95807
-6.94954
-6.93308
-6.91296
-6.88868
-6.86202
-6.83581
-6.81307
-6.79658
-6.78607
-6.7803
-6.77695
-6.77131
-6.76725
-6.75891
-6.75031
-6.74221
-6.73767
-6.73418
-6.73689
-6.74786
-6.76749
-6.7937
-6.82319
-6.85493
-6.88604
-6.91551
-6.93781
-6.94998
-6.95693
-6.95954
-6.95662
-6.95421
-6.95171
-6.95177
-6.95381
-6.95956
-6.97019
-6.98022
-6.98814
-6.99226
-6.99679
-6.99305
-6.98793
-6.97545
-6.96071
-6.94507
-6.92896
-6.91442
-6.90175
-6.892
-6.8829
-6.87784
-6.88036
-6.88531
-6.89137
-6.89701
-6.90178
-6.90437
-6.90291
-6.90148
-6.89388
-6.88417
-6.87256
-6.85988
-6.84976
-6.84132
-6.83286
-6.82872
-6.82128
-6.81965
-6.82062
-6.82138
-6.82307
-6.82518
-6.83016
-6.83835
-6.84865
-6.86066
-6.87313
-6.88576
-6.89336
-6.90106
-6.90367
-6.90504
-6.90544
-6.90281
-6.89967
-6.89851
-6.89649
-6.89706
-6.8946
-6.89101
-6.89027
-6.88541
-6.88532
-6.88371
-6.88216
-6.88191
-6.88396
-6.88922
-6.89463
-6.90137
-6.91049
-6.91866
-6.92592
-6.93018
-6.92845
-6.92462
-6.91752
-6.90928
-6.8977
-6.8856
-6.87443
-6.86028
-6.85125
-6.84839
-6.84844
-6.85274
-6.85844
-6.86646
-6.87474
-6.884
-6.88852
-6.88843
-6.88414
-6.87954
-6.87486
-6.87157
-6.86887
-6.86973
-6.87696
-6.88603
-6.89454
-6.90641
-6.91734
-6.92656
-6.93312
-6.93362
-6.93065
-6.92521
-6.91858
-6.91163
-6.90271
-6.89925
-6.89242
-6.88853
-6.88748
-6.88516
-6.88184
-6.87996
-6.87384
-6.86483
-6.84896
-6.83358
-6.81809
-6.80898
-6.80625
-6.80995
-6.82253
-6.84076
-6.86541
-6.89372
-6.92426
-6.95601
-6.98284
-7.00318
-7.0178
-7.02204
-7.01686
-7.00346
-6.98195
-6.95199
-6.91865
-6.88179
-6.84835
-6.81708
-6.79146
-6.77574
-6.77383
-6.78037
-6.79822
-6.8245
-6.85709
-6.88757
-6.91593
-6.93674
-6.94823
-6.95375
-6.95448
-6.94617
-6.9335
-6.91919
-6.90561
-6.89477
-6.88836
-6.88954
-6.89185
-6.89712
-6.90301
-6.91004
-6.91596
-6.92065
-6.92295
-6.92419
-6.92084
-6.91923
-6.91599
-6.91193
-6.90834
-6.905
-6.89908
-6.89272
-6.89071
-6.88977
-6.89088
-6.89068
-6.88978
-6.88978
-6.88694
-6.87875
-6.86936
-6.85949
-6.84615
-6.83673
-6.82944
-6.82709
-6.83494
-6.84612
-6.86283
-6.88145
-6.89598
-6.9094
-6.91717
-6.91895
-6.91683
-6.91057
-6.90263
-6.89243
-6.884
-6.87883
-6.878
-6.88067
-6.88707
-6.89698
-6.90611
-6.91864
-6.9305
-6.94002
-6.94045
-6.93405
-6.92235
-6.90746
-6.89227
-6.87605
-6.865
-6.85896
-6.85623
-6.86408
-6.87492
-6.88238
-6.89165
-6.89511
-6.89143
-6.88252
-6.87151
-6.85881
-6.85124
-6.84564
-6.84787
-6.85589
-6.8666
-6.88293
-6.90271
-6.92164
-6.94022
-6.95613
-6.96946
-6.97522
-6.97779
-6.97382
-6.96903
-6.96046
-6.9499
-6.94041
-6.93455
-6.93003
-6.92616
-6.92586
-6.92395
-6.92411
-6.92245
-6.91743
-6.91058
-6.90176
-6.88602
-6.87318
-6.85835
-6.84531
-6.83343
-6.82545
-6.81993
-6.81712
-6.82106
-6.82971
-6.8431
-6.86162
-6.88188
-6.89685
-6.91046
-6.92131
-6.92627
-6.92649
-6.91925
-6.90844
-6.89202
-6.86993
-6.84832
-6.82854
-6.81451
-6.80593
-6.80596
-6.81
-6.81939
-6.8299
-6.83927
-6.84948
-6.85619
-6.86498
-6.87197
-6.8766
-6.88058
-6.88588
-6.89088
-6.89354
-6.89678
-6.89768
-6.89828
-6.90106
-6.9052
-6.91015
-6.91549
-6.91936
-6.92288
-6.92413
-6.92233
-6.918
-6.91491
-6.90894
-6.90625
-6.9031
-6.89802
-6.89348
-6.88913
-6.88089
-6.86848
-6.85726
-6.84368
-6.83066
-6.82114
-6.81471
-6.81366
-6.81856
-6.82369
-6.83703
-6.85347
-6.8706
-6.89008
-6.90741
-6.92333
-6.93779
-6.94824
-6.95656
-6.96268
-6.96554
-6.96795
-6.96545
-6.96267
-6.96136
-6.95451
-6.94412
-6.93213
-6.91422
-6.89443
-6.87468
-6.8585
-6.84601
-6.83627
-6.82915
-6.82929
-6.83171
-6.83657
-6.84481
-6.85194
-6.85805
-6.86375
-6.86726
-6.87025
-6.86913
-6.86779
-6.86597
-6.86629
-6.86842
-6.8726
-6.87724
-6.88385
-6.88984
-6.89504
-6.89788
-6.89764
-6.89496
-6.88919
-6.8757
-6.85728
-6.83917
-6.8181
-6.80088
-6.79213
-6.79166
-6.80122
-6.81977
-6.84804
-6.8798
-6.91718
-6.95268
-6.98376
-7.00857
-7.02612
-7.031
-7.02104
-7.00219
-6.97407
-6.93968
-6.90047
-6.86357
-6.83063
-6.80726
-6.79366
-6.79114
-6.79635
-6.80972
-6.83238
-6.8582
-6.88309
-6.90832
-6.93043
-6.95192
-6.96835
-6.9846
-6.99681
-7.00251
-7.00441
-7.00537
-6.99854
-6.98701
-6.97243
-6.95685
-6.93631
-6.9138
-6.89016
-6.86458
-6.84279
-6.82468
-6.80807
-6.797
-6.78779
-6.7854
-6.79107
-6.79956
-6.81053
-6.82728
-6.8473
-6.86687
-6.88251
-6.893
-6.89843
-6.90246
-6.90133
-6.89668
-6.89044
-6.88477
-6.88158
-6.87999
-6.88275
-6.88881
-6.89442
-6.90237
-6.9098
-6.91523
-6.9232
-6.92747
-6.92904
-6.92622
-6.91868
-6.90839
-6.89047
-6.869
-6.84214
-6.81697
-6.79502
-6.78088
-6.77303
-6.7778
-6.79381
-6.81801
-6.84617
-6.87641
-6.90618
-6.93318
-6.95497
-6.97183
-6.98407
-6.99102
-6.9884
-6.98141
-6.96847
-6.95256
-6.93302
-6.91193
-6.89154
-6.87115
-6.85182
-6.83443
-6.82668
-6.82467
-6.83158
-6.8417
-6.85779
-6.87846
-6.89833
-6.91377
-6.92526
-6.92585
-6.92249
-6.91759
-6.91026
-6.90102
-6.89597
-6.88985
-6.88539
-6.88174
-6.87574
-6.8671
-6.85849
-6.85269
-6.84881
-6.85034
-6.85372
-6.86158
-6.87511
-6.89052
-6.90558
-6.92431
-6.94112
-6.9576
-6.97023
-6.98378
-6.99421
-7.0003
-7.00838
-7.01172
-7.0145
-7.01406
-7.00712
-6.99908
-6.98549
-6.96551
-6.94077
-6.91162
-6.88185
-6.84691
-6.8127
-6.78085
-6.75336
-6.73277
-6.71998
-6.71783
-6.72472
-6.74305
-6.76903
-6.79963
-6.83164
-6.86238
-6.88803
-6.90594
-6.91678
-6.92154
-6.9207
-6.91301
-6.90666
-6.90288
-6.90319
-6.91048
-6.92053
-6.9275
-6.93259
-6.93167
-6.92467
-6.91092
-6.89155
-6.87273
-6.85334
-6.83759
-6.82695
-6.82548
-6.83308
-6.84615
-6.86484
-6.88435
-6.90442
-6.91636
-6.92262
-6.92274
-6.9159
-6.90515
-6.89039
-6.87759
-6.86803
-6.8616
-6.86174
-6.86772
-6.87802
-6.8933
-6.90816
-6.92382
-6.93863
-6.95242
-6.96309
-6.97164
-6.97429
-6.97347
-6.96764
-6.95844
-6.9498
-6.93213
-6.9127
-6.88977
-6.86369
-6.83433
-6.80442
-6.77866
-6.75917
-6.74756
-6.74528
-6.75159
-6.76724
-6.78513
-6.8093
-6.83627
-6.86481
-6.89062
-6.91873
-6.94446
-6.96782
-6.98699
-6.99949
-7.00154
-6.99722
-6.98457
-6.9653
-6.94319
-6.92064
-6.90114
-6.88916
-6.88529
-6.8895
-6.89983
-6.91423
-6.92818
-6.93917
-6.94432
-6.94019
-6.92907
-6.91162
-6.88919
-6.86744
-6.84839
-6.83269
-6.82272
-6.81806
-6.82001
-6.82737
-6.83558
-6.84204
-6.84978
-6.85292
-6.8538
-6.85529
-6.85711
-6.85712
-6.86075
-6.86711
-6.87596
-6.88834
-6.90096
-6.9162
-6.93248
-6.94669
-6.95997
-6.96779
-6.96895
-6.96667
-6.96199
-6.95135
-6.93634
-6.91901
-6.898
-6.87564
-6.85259
-6.83226
-6.8145
-6.80777
-6.80513
-6.8107
-6.82511
-6.8456
-6.86702
-6.88563
-6.90051
-6.90882
-6.90895
-6.90055
-6.88491
-6.86496
-6.83774
-6.81364
-6.79265
-6.77888
-6.7737
-6.78101
-6.79655
-6.82306
-6.85385
-6.88715
-6.92333
-6.95564
-6.98408
-7.00312
-7.01806
-7.02694
-7.03068
-7.02992
-7.02792
-7.02088
-7.01581
-7.01074
-7.00334
-6.99403
-6.98272
-6.96494
-6.9465
-6.92562
-6.90486
-6.88238
-6.85718
-6.83263
-6.80862
-6.78827
-6.77099
-6.7628
-6.76462
-6.77834
-6.79882
-6.82493
-6.84612
-6.86465
-6.87565
-6.87677
-6.87395
-6.86319
-6.84824
-6.8332
-6.81818
-6.80299
-6.78644
-6.77192
-6.76146
-6.75561
-6.75404
-6.76251
-6.77861
-6.80413
-6.83689
-6.87291
-6.90487
-6.93443
-6.95482
-6.96969
-6.97559
-6.97265
-6.96393
-6.95328
-6.94069
-6.93077
-6.92088
-6.92024
-6.92441
-6.93177
-6.94215
-6.94805
-6.9504
-6.94126
-6.93327
-6.92102
-6.91573
-6.91367
-6.9186
-6.92879
-6.94339
-6.95863
-6.9709
-6.97789
-6.97807
-6.97332
-6.9582
-6.94072
-6.92226
-6.90652
-6.89458
-6.88948
-6.88376
-6.88313
-6.88074
-6.87772
-6.87329
-6.86789
-6.86433
-6.85367
-6.84375
-6.83209
-6.81786
-6.80309
-6.78944
-6.77833
-6.77463
-6.77472
-6.77987
-6.79014
-6.80375
-6.82082
-6.83853
-6.85487
-6.86851
-6.87822
-6.88494
-6.89241
-6.89489
-6.89604
-6.89262
-6.88704
-6.88084
-6.87458
-6.86741
-6.86778
-6.87069
-6.88026
-6.89069
-6.9035
-6.91763
-6.92905
-6.9359
-6.9391
-6.9388
-6.93579
-6.93036
-6.92271
-6.91246
-6.89984
-6.88955
-6.87988
-6.87361
-6.87602
-6.88455
-6.90097
-6.92072
-6.94258
-6.96531
-6.98336
-7.00186
-7.01609
-7.02465
-7.0298
-7.02839
-7.02468
-7.01162
-6.99695
-6.97602
-6.95239
-6.92771
-6.90202
-6.87718
-6.84723
-6.81948
-6.79848
-6.77565
-6.75865
-6.74876
-6.74579
-6.75159
-6.76507
-6.77998
-6.80067
-6.82292
-6.84182
-6.85911
-6.87626
-6.88861
-6.89867
-6.90363
-6.90407
-6.89975
-6.89472
-6.88975
-6.88098
-6.87094
-6.86228
-6.85254
-6.84608
-6.84194
-6.84153
-6.84302
-6.84735
-6.85236
-6.86045
-6.86969
-6.87731
-6.88449
-6.88798
-6.889
-6.88572
-6.88399
-6.88267
-6.88236
-6.88931
-6.89751
-6.9076
-6.91301
-6.91401
-6.91492
-6.91604
-6.91947
-6.92105
-6.92454
-6.92518
-6.9277
-6.93038
-6.9338
-6.93756
-6.94112
-6.94415
-6.95151
-6.95437
-6.95554
-6.95412
-6.94618
-6.93349
-6.91847
-6.89819
-6.87663
-6.85334
-6.83722
-6.82368
-6.81835
-6.82267
-6.83353
-6.85042
-6.86963
-6.89121
-6.90848
-6.92081
-6.92929
-6.92973
-6.92229
-6.90995
-6.8939
-6.87807
-6.86596
-6.85871
-6.85896
-6.86514
-6.87771
-6.89316
-6.90398
-6.91576
-6.91998
-6.92324
-6.92041
-6.91281
-6.90341
-6.89281
-6.88364
-6.87337
-6.86589
-6.85868
-6.85867
-6.86141
-6.86647
-6.87515
-6.88705
-6.89468
-6.90147
-6.90187
-6.89763
-6.88675
-6.8748
-6.86015
-6.84887
-6.83724
-6.8269
-6.81984
-6.81779
-6.82195
-6.8268
-6.83711
-6.85107
-6.86573
-6.88196
-6.90064
-6.92389
-6.94453
-6.9669
-6.98737
-7.00653
-7.0259
-7.03868
-7.04037
-7.03627
-7.0244
-7.00361
-6.97711
-6.94927
-6.91994
-6.89167
-6.86798
-6.84926
-6.83317
-6.82679
-6.82286
-6.82436
-6.82832
-6.8354
-6.84224
-6.84938
-6.85514
-6.8622
-6.86874
-6.87421
-6.87948
-6.88354
-6.88866
-6.8912
-6.89109
-6.89001
-6.88751
-6.88643
-6.88534
-6.88553
-6.8877
-6.89061
-6.89412
-6.89825
-6.90068
-6.90299
-6.90388
-6.90248
-6.8966
-6.88961
-6.88
-6.86767
-6.85092
-6.83364
-6.81934
-6.80239
-6.79213
-6.78682
-6.78539
-6.78773
-6.79609
-6.81079
-6.82961
-6.85145
-6.87687
-6.89794
-6.91615
-6.93115
-6.93897
-6.938
-6.93457
-6.92956
-6.92255
-6.91523
-6.90994
-6.90978
-6.91066
-6.92013
-6.93032
-6.94025
-6.94723
-6.95399
-6.95398
-6.94764
-6.93962
-6.92479
-6.91124
-6.89628
-6.88151
-6.86838
-6.86032
-6.85586
-6.85376
-6.8579
-6.86697
-6.87408
-6.8841
-6.88959
-6.89492
-6.89615
-6.89467
-6.88915
-6.8808
-6.86722
-6.85562
-6.84495
-6.83688
-6.8298
-6.82843
-6.83241
-6.83755
-6.84724
-6.86105
-6.87597
-6.88869
-6.89907
-6.90638
-6.90896
-6.90554
-6.89973
-6.89064
-6.87846
-6.86572
-6.8505
-6.83753
-6.82801
-6.82375
-6.82663
-6.8335
-6.84434
-6.86231
-6.87985
-6.89894
-6.91607
-6.92981
-6.9435
-6.9547
-6.96038
-6.96221
-6.96218
-6.95735
-6.94724
-6.93531
-6.92436
-6.91728
-6.91111
-6.90948
-6.91039
-6.91513
-6.91829
-6.92011
-6.91907
-6.91436
-6.90555
-6.89605
-6.88665
-6.8769
-6.86765
-6.86081
-6.85549
-6.85138
-6.84655
-6.84704
-6.84719
-6.85228
-6.86026
-6.87024
-6.88276
-6.89593
-6.90788
-6.91623
-6.9242
-6.93039
-6.93619
-6.94024
-6.93999
-6.93362
-6.92191
-6.90917
-6.89209
-6.87853
-6.86684
-6.8593
-6.85483
-6.85695
-6.86251
-6.86721
-6.86969
-6.87193
-6.86615
-6.85914
-6.84839
-6.83481
-6.82495
-6.81854
-6.81091
-6.80855
-6.80881
-6.81043
-6.81017
-6.8088
-6.80488
-6.80268
-6.80508
-6.80852
-6.82246
-6.84654
-6.87444
-6.90701
-6.93986
-6.96941
-6.99195
-7.00568
-7.01117
-7.00486
-6.98944
-6.9666
-6.94093
-6.91619
-6.89477
-6.87981
-6.87477
-6.87386
-6.87612
-6.88383
-6.89335
-6.90502
-6.92149
-6.9355
-6.95005
-6.96235
-6.97033
-6.97091
-6.96707
-6.95777
-6.94298
-6.92848
-6.91624
-6.90572
-6.89657
-6.89054
-6.8871
-6.88357
-6.87988
-6.87358
-6.86719
-6.86
-6.85288
-6.84349
-6.83618
-6.83194
-6.83117
-6.83263
-6.83626
-6.84432
-6.85603
-6.86689
-6.87514
-6.88207
-6.88571
-6.88724
-6.88395
-6.87848
-6.86889
-6.85853
-6.84606
-6.8345
-6.82411
-6.81513
-6.80775
-6.80172
-6.79471
-6.79288
-6.79482
-6.80429
-6.81651
-6.83962
-6.86944
-6.90257
-6.93732
-6.96884
-6.99553
-7.01666
-7.02848
-7.0346
-7.03615
-7.02969
-7.01658
-7.00008
-6.9787
-6.95663
-6.93597
-6.91232
-6.89052
-6.87435
-6.86154
-6.85858
-6.8586
-6.86926
-6.88164
-6.89738
-6.91377
-6.93009
-6.93871
-6.94222
-6.94194
-6.93534
-6.92335
-6.90759
-6.89015
-6.87135
-6.8532
-6.83586
-6.82153
-6.81206
-6.80561
-6.80339
-6.80648
-6.81282
-6.82555
-6.84149
-6.85951
-6.88327
-6.90728
-6.93095
-6.94975
-6.96272
-6.96878
-6.96254
-6.94908
-6.92938
-6.9055
-6.88079
-6.8599
-6.84078
-6.8324
-6.83181
-6.84043
-6.85391
-6.86938
-6.88446
-6.89677
-6.90396
-6.90915
-6.90654
-6.8999
-6.89291
-6.88279
-6.87488
-6.86854
-6.8607
-6.85394
-6.84767
-6.84194
-6.83896
-6.83892
-6.84337
-6.85334
-6.86996
-6.88832
-6.91057
-6.93051
-6.94783
-6.96086
-6.97061
-6.97682
-6.97813
-6.97661
-6.96763
-6.95656
-6.94311
-6.93057
-6.92199
-6.91513
-6.91044
-6.90664
-6.90355
-6.89995
-6.89236
-6.88294
-6.8736
-6.86293
-6.85485
-6.84872
-6.8459
-6.84577
-6.84477
-6.84526
-6.84558
-6.84568
-6.84237
-6.8418
-6.84169
-6.84302
-6.84612
-6.85139
-6.86011
-6.87279
-6.88539
-6.89884
-6.91174
-6.92587
-6.93592
-6.9477
-6.9584
-6.96591
-6.97277
-6.97476
-6.97489
-6.9682
-6.95257
-6.93492
-6.91199
-6.88484
-6.85677
-6.83057
-6.80586
-6.78551
-6.7715
-6.76235
-6.7628
-6.76534
-6.77424
-6.78831
-6.80321
-6.82035
-6.84026
-6.86137
-6.88564
-6.90874
-6.93062
-6.94939
-6.96034
-6.9641
-6.96136
-6.95549
-6.94172
-6.92507
-6.90775
-6.89553
-6.887
-6.87847
-6.87215
-6.86586
-6.86682
-6.8675
-6.87227
-6.87825
-6.88484
-6.89341
-6.90389
-6.91455
-6.92475
-6.93456
-6.94169
-6.94796
-6.94761
-6.94693
-6.93751
-6.92426
-6.90741
-6.88614
-6.86293
-6.83905
-6.8183
-6.80307
-6.79641
-6.79503
-6.80757
-6.82428
-6.84711
-6.87305
-6.89413
-6.91431
-6.92602
-6.93125
-6.93379
-6.93086
-6.92353
-6.90924
-6.89427
-6.88437
-6.87871
-6.87774
-6.88112
-6.89157
-6.8997
-6.909
-6.91122
-6.91045
-6.90535
-6.90035
-6.88975
-6.87816
-6.86489
-6.86031
-6.85823
-6.86228
-6.86935
-6.87915
-6.8851
-6.88789
-6.88961
-6.885
-6.87769
-6.8676
-6.86192
-6.86093
-6.86467
-6.87167
-6.88304
-6.89655
-6.91119
-6.9234
-6.9362
-6.94623
-6.95653
-6.96586
-6.97197
-6.9722
-6.97041
-6.96447
-6.95258
-6.94046
-6.92388
-6.90495
-6.8857
-6.8682
-6.85039
-6.83801
-6.82985
-6.82655
-6.83049
-6.83666
-6.84858
-6.86244
-6.87377
-6.88095
-6.88098
-6.87671
-6.8692
-6.86044
-6.84933
-6.84068
-6.83522
-6.83484
-6.8409
-6.85006
-6.86121
-6.87778
-6.89412
-6.91036
-6.92169
-6.9355
-6.94188
-6.94727
-6.94836
-6.94804
-6.94422
-6.93756
-6.92683
-6.9125
-6.89744
-6.88229
-6.86791
-6.85487
-6.84669
-6.84224
-6.84144
-6.84662
-6.85375
-6.86592
-6.87732
-6.88838
-6.90171
-6.90817
-6.91439
-6.91992
-6.92133
-6.92106
-6.91486
-6.90517
-6.89185
-6.87557
-6.86237
-6.85006
-6.84056
-6.83751
-6.8399
-6.84684
-6.8614
-6.87787
-6.89345
-6.91317
-6.92585
-6.93383
-6.9366
-6.93665
-6.93167
-6.92242
-6.91349
-6.9088
-6.90711
-6.91136
-6.91559
-6.92193
-6.92883
-6.93189
-6.93392
-6.93323
-6.92892
-6.91897
-6.9072
-6.89366
-6.87818
-6.8616
-6.84492
-6.82511
-6.80487
-6.78667
-6.77195
-6.7613
-6.75729
-6.76395
-6.7782
-6.80325
-6.83114
-6.86037
-6.89144
-6.91662
-6.93771
-6.95221
-6.95984
-6.96322
-6.96437
-6.96244
-6.9584
-6.95448
-6.94769
-6.93818
-6.9246
-6.90817
-6.89235
-6.88017
-6.87291
-6.86679
-6.86757
-6.87116
-6.87822
-6.88615
-6.89494
-6.9027
-6.91216
-6.9193
-6.92733
-6.93145
-6.93092
-6.92999
-6.92584
-6.92169
-6.91404
-6.90348
-6.89285
-6.88153
-6.87203
-6.86023
-6.8522
-6.84492
-6.84169
-6.83853
-6.84261
-6.84555
-6.85278
-6.85979
-6.86915
-6.87858
-6.88452
-6.88881
-6.88864
-6.88642
-6.89044
-6.89656
-6.90207
-6.90738
-6.91444
-6.9195
-6.92083
-6.91875
-6.91604
-6.91444
-6.9115
-6.90802
-6.90435
-6.89924
-6.89144
-6.88536
-6.87836
-6.87389
-6.86989
-6.86617
-6.86357
-6.85968
-6.85475
-6.84937
-6.84727
-6.8446
-6.84802
-6.85765
-6.87652
-6.9018
-6.92831
-6.9539
-6.97303
-6.98504
-6.98633
-6.97755
-6.96436
-6.94811
-6.93567
-6.9257
-6.92232
-6.91901
-6.91837
-6.91941
-6.92341
-6.92685
-6.92743
-6.9242
-6.91661
-6.90712
-6.89461
-6.87831
-6.86334
-6.84858
-6.83688
-6.83379
-6.83258
-6.83392
-6.84081
-6.85087
-6.86199
-6.87252
-6.88159
-6.88913
-6.89753
-6.90324
-6.90655
-6.90913
-6.90646
-6.90517
-6.90022
-6.89264
-6.88386
-6.87258
-6.86277
-6.85696
-6.85065
-6.84675
-6.84667
-6.84743
-6.85
-6.85183
-6.85888
-6.86623
-6.87355
-6.87911
-6.88273
-6.88684
-6.89229
-6.89717
-6.90745
-6.92102
-6.93645
-6.95119
-6.96073
-6.96735
-6.96946
-6.96619
-6.95622
-6.94351
-6.92984
-6.91441
-6.89464
-6.87865
-6.86422
-6.8589
-6.85782
-6.86645
-6.88404
-6.90212
-6.91967
-6.93552
-6.94519
-6.94716
-6.93863
-6.92019
-6.89453
-6.87219
-6.85101
-6.83206
-6.82172
-6.82155
-6.82941
-6.84468
-6.86525
-6.88628
-6.90849
-6.93081
-6.94743
-6.96077
-6.96889
-6.97065
-6.96632
-6.95757
-6.94107
-6.9213
-6.90006
-6.8758
-6.85818
-6.84942
-6.8458
-6.84778
-6.8464
-6.8471
-6.84155
-6.83137
-6.82246
-6.81174
-6.80938
-6.81165
-6.81979
-6.83039
-6.84412
-6.85861
-6.87544
-6.89175
-6.90712
-6.92134
-6.93742
-6.95433
-6.97091
-6.98728
-6.99849
-7.00331
-6.9961
-6.98401
-6.96421
-6.94265
-6.92044
-6.90011
-6.88475
-6.87567
-6.86936
-6.87014
-6.87203
-6.88063
-6.89244
-6.90248
-6.91209
-6.92083
-6.92298
-6.91756
-6.90908
-6.89662
-6.88314
-6.87362
-6.86891
-6.86777
-6.8709
-6.87682
-6.87961
-6.87952
-6.88111
-6.87886
-6.8816
-6.89025
-6.90707
-6.92438
-6.94184
-6.95365
-6.95514
-6.94667
-6.92913
-6.90269
-6.87061
-6.83717
-6.80671
-6.78366
-6.76881
-6.76846
-6.7766
-6.79531
-6.82083
-6.84946
-6.8758
-6.89876
-6.91601
-6.93092
-6.9402
-6.94366
-6.94172
-6.93576
-6.92478
-6.90869
-6.89163
-6.87245
-6.85577
-6.83976
-6.82715
-6.81567
-6.80668
-6.79532
-6.78859
-6.78602
-6.78933
-6.79749
-6.81555
-6.83567
-6.86283
-6.89232
-6.92271
-6.94956
-6.96797
-6.97991
-6.98165
-6.97719
-6.96593
-6.95224
-6.93938
-6.92638
-6.91585
-6.90538
-6.89688
-6.88852
-6.88401
-6.8741
-6.86765
-6.86177
-6.85644
-6.85755
-6.86195
-6.87034
-6.88433
-6.90326
-6.92331
-6.94391
-6.96582
-6.9881
-7.00621
-7.0211
-7.02533
-7.02265
-7.00862
-6.98617
-6.95704
-6.92564
-6.89058
-6.86019
-6.83377
-6.81841
-6.81567
-6.82318
-6.83915
-6.85384
-6.86816
-6.87667
-6.88278
-6.8804
-6.87192
-6.86276
-6.85696
-6.85543
-6.86326
-6.87708
-6.89583
-6.90989
-6.92425
-6.93643
-6.93991
-6.93838
-6.93067
-6.91849
-6.90257
-6.88374
-6.86594
-6.85277
-6.8466
-6.84644
-6.85071
-6.86517
-6.87808
-6.8931
-6.90607
-6.91353
-6.91707
-6.91521
-6.9052
-6.89479
-6.87987
-6.8628
-6.8442
-6.82534
-6.81334
-6.80114
-6.79323
-6.79037
-6.79827
-6.81287
-6.82866
-6.84702
-6.8691
-6.88701
-6.89702
-6.90545
-6.91087
-6.91438
-6.91935
-6.9224
-6.93031
-6.94103
-6.95698
-6.97128
-6.9873
-7.0048
-7.02126
-7.03131
-7.03766
-7.03365
-7.01752
-6.992
-6.95921
-6.92164
-6.88445
-6.85082
-6.82401
-6.80349
-6.79256
-6.78615
-6.78478
-6.78688
-6.79341
-6.80078
-6.81025
-6.82181
-6.8329
-6.84162
-6.85316
-6.86156
-6.8702
-6.87596
-6.88167
-6.88526
-6.89059
-6.89852
-6.90827
-6.91803
-6.92874
-6.93488
-6.93792
-6.93939
-6.93717
-6.93312
-6.9237
-6.91377
-6.89958
-6.88839
-6.87684
-6.86579
-6.85808
-6.85487
-6.85672
-6.8701
-6.88756
-6.90702
-6.92827
-6.94255
-6.95091
-6.95372
-6.95408
-6.94758
-6.94252
-6.93518
-6.92795
-6.91912
-6.91307
-6.9031
-6.88976
-6.87667
-6.86119
-6.84315
-6.82764
-6.81637
-6.80861
-6.80444
-6.80869
-6.81967
-6.83202
-6.8454
-6.85946
-6.86941
-6.87868
-6.88743
-6.89153
-6.89466
-6.89695
-6.89967
-6.90175
-6.90439
-6.90541
-6.9063
-6.90816
-6.90606
-6.90474
-6.90866
-6.91171
-6.91534
-6.91908
-6.9194
-6.91671
-6.91083
-6.89906
-6.87891
-6.85486
-6.83202
-6.81342
-6.80351
-6.80174
-6.81
-6.8264
-6.85063
-6.87544
-6.90329
-6.92722
-6.94824
-6.966
-6.97812
-6.98375
-6.98456
-6.97885
-6.97053
-6.96224
-6.9577
-6.95045
-6.94686
-6.94631
-6.94369
-6.93916
-6.93161
-6.92471
-6.91493
-6.90356
-6.89156
-6.87941
-6.86483
-6.85139
-6.83993
-6.82771
-6.81737
-6.80853
-6.7987
-6.79217
-6.78431
-6.7804
-6.77864
-6.78421
-6.79642
-6.81963
-6.85078
-6.88154
-6.91134
-6.94092
-6.96361
-6.98171
-6.99014
-6.99335
-6.99046
-6.97663
-6.95672
-6.93326
-6.90807
-6.88245
-6.86244
-6.84767
-6.83941
-6.83641
-6.83857
-6.84135
-6.84553
-6.84923
-6.84944
-6.84705
-6.84621
-6.8472
-6.85208
-6.86122
-6.87569
-6.89343
-6.9136
-6.93003
-6.94488
-6.95287
-6.95344
-6.94487
-6.933
-6.91529
-6.8961
-6.8797
-6.86434
-6.85612
-6.85075
-6.8499
-6.84986
-6.85239
-6.85832
-6.86509
-6.87524
-6.88348
-6.89492
-6.90676
-6.92033
-6.93507
-6.94521
-6.9513
-6.95579
-6.95416
-6.94752
-6.93926
-6.92548
-6.90896
-6.89049
-6.87129
-6.85031
-6.83145
-6.81748
-6.80606
-6.80178
-6.80286
-6.80456
-6.81181
-6.82119
-6.8378
-6.85519
-6.86947
-6.88354
-6.89761
-6.90732
-6.91543
-6.92009
-6.91819
-6.9141
-6.90831
-6.89921
-6.88905
-6.87613
-6.86383
-6.85205
-6.84112
-6.83031
-6.8241
-6.81972
-6.82278
-6.83181
-6.8487
-6.86898
-6.89382
-6.91541
-6.93538
-6.95129
-6.96142
-6.96555
-6.96262
-6.95572
-6.94609
-6.93155
-6.91481
-6.90026
-6.88574
-6.87296
-6.86187
-6.85823
-6.85683
-6.85658
-6.86338
-6.87148
-6.87917
-6.88599
-6.89606
-6.9021
-6.90654
-6.90695
-6.90473
-6.90143
-6.89646
-6.89199
-6.88321
-6.87401
-6.8633
-6.85567
-6.84823
-6.84168
-6.83776
-6.84046
-6.84775
-6.86065
-6.88091
-6.90007
-6.91677
-6.92866
-6.93643
-6.93878
-6.93201
-6.91962
-6.90585
-6.89191
-6.87781
-6.87033
-6.86727
-6.86619
-6.86932
-6.8752
-6.88436
-6.89465
-6.90731
-6.92014
-6.93164
-6.94074
-6.94793
-6.95104
-6.94901
-6.9435
-6.93494
-6.92122
-6.90884
-6.89217
-6.8811
-6.87623
-6.86943
-6.864
-6.86245
-6.86232
-6.86121
-6.86032
-6.85996
-6.86289
-6.86835
-6.87421
-6.88385
-6.89156
-6.89818
-6.89877
-6.89894
-6.89699
-6.89622
-6.89269
-6.88692
-6.87902
-6.8749
-6.86952
-6.86881
-6.87574
-6.88638
-6.9012
-6.91734
-6.93101
-6.94024
-6.94693
-6.94632
-6.9389
-6.93167
-6.92599
-6.92039
-6.91635
-6.91137
-6.90785
-6.90279
-6.89651
-6.88688
-6.88238
-6.87742
-6.86886
-6.8628
-6.85522
-6.85096
-6.84515
-6.84244
-6.84124
-6.84213
-6.84524
-6.85367
-6.8627
-6.87607
-6.88836
-6.90042
-6.91112
-6.91874
-6.92283
-6.9242
-6.91966
-6.90998
-6.8943
-6.87726
-6.86265
-6.84957
-6.84023
-6.83732
-6.84113
-6.85139
-6.86502
-6.88216
-6.89692
-6.91366
-6.92657
-6.93644
-6.94297
-6.94392
-6.943
-6.9363
-6.92569
-6.9095
-6.89307
-6.87166
-6.85353
-6.83868
-6.82806
-6.82525
-6.82978
-6.83819
-6.85022
-6.86384
-6.87582
-6.88626
-6.89754
-6.90728
-6.91941
-6.93292
-6.94538
-6.95925
-6.96993
-6.98151
-6.98498
-6.98517
-6.97931
-6.96945
-6.95757
-6.9441
-6.93408
-6.92044
-6.90673
-6.89398
-6.88186
-6.87022
-6.85929
-6.8496
-6.84146
-6.8337
-6.83224
-6.83443
-6.8429
-6.8523
-6.86602
-6.87928
-6.8874
-6.88936
-6.88451
-6.8749
-6.85796
-6.83757
-6.82039
-6.80813
-6.80295
-6.80597
-6.81438
-6.82748
-6.84622
-6.86451
-6.8827
-6.89893
-6.9095
-6.91798
-6.92224
-6.92291
-6.91612
-6.90873
-6.90166
-6.90028
-6.90381
-6.9122
-6.9281
-6.94729
-6.9669
-6.98227
-6.99227
-6.99692
-6.99281
-6.98281
-6.96719
-6.94776
-6.92495
-6.90777
-6.89083
-6.88077
-6.87682
-6.8754
-6.87557
-6.87732
-6.8782
-6.87769
-6.87509
-6.86605
-6.85697
-6.84269
-6.82983
-6.81671
-6.80308
-6.79521
-6.78755
-6.78299
-6.78488
-6.79175
-6.80278
-6.8195
-6.83462
-6.85112
-6.86333
-6.87769
-6.88993
-6.90303
-6.91345
-6.92712
-6.94039
-6.95086
-6.95956
-6.96388
-6.96459
-6.95895
-6.9463
-6.92928
-6.90952
-6.88813
-6.86818
-6.8451
-6.82967
-6.81802
-6.81198
-6.81131
-6.81964
-6.83574
-6.85478
-6.8766
-6.89651
-6.91398
-6.92546
-6.9301
-6.92827
-6.91946
-6.9054
-6.88918
-6.87416
-6.86093
-6.84883
-6.84244
-6.84394
-6.85585
-6.87173
-6.89218
-6.91183
-6.93054
-6.94635
-6.95616
-6.962
-6.96441
-6.96075
-6.9534
-6.94384
-6.93408
-6.92529
-6.91758
-6.9111
-6.90918
-6.90868
-6.90926
-6.91244
-6.91456
-6.91878
-6.92133
-6.9196
-6.91727
-6.91168
-6.90298
-6.88908
-6.8719
-6.85656
-6.83983
-6.82259
-6.80704
-6.79548
-6.78499
-6.77782
-6.77503
-6.77445
-6.77317
-6.77358
-6.77648
-6.77956
-6.78806
-6.79648
-6.80689
-6.82092
-6.8365
-6.8545
-6.87562
-6.89681
-6.91319
-6.93083
-6.94831
-6.96407
-6.97163
-6.97402
-6.9715
-6.96617
-6.95524
-6.9416
-6.92728
-6.91169
-6.89754
-6.88815
-6.88641
-6.88701
-6.89252
-6.89754
-6.90528
-6.91169
-6.91681
-6.92132
-6.92571
-6.93041
-6.93502
-6.94124
-6.94469
-6.9462
-6.94289
-6.93746
-6.9268
-6.91397
-6.89577
-6.87519
-6.85452
-6.83386
-6.81502
-6.79858
-6.78758
-6.78421
-6.7857
-6.79437
-6.80769
-6.82824
-6.85077
-6.87391
-6.89323
-6.91022
-6.92211
-6.93077
-6.93612
-6.93323
-6.92766
-6.91594
-6.90398
-6.89113
-6.87752
-6.87165
-6.87171
-6.87441
-6.87765
-6.88381
-6.88838
-6.89393
-6.89691
-6.90066
-6.90443
-6.90786
-6.91204
-6.91377
-6.91153
-6.90778
-6.90182
-6.89308
-6.88652
-6.87843
-6.87199
-6.86656
-6.86761
-6.872
-6.87682
-6.88463
-6.89162
-6.90237
-6.91483
-6.92756
-6.93777
-6.94398
-6.94871
-6.94635
-6.9379
-6.92536
-6.91351
-6.90194
-6.89005
-6.87744
-6.86614
-6.85772
-6.84892
-6.84266
-6.83996
-6.83851
-6.83808
-6.83951
-6.83797
-6.83863
-6.84057
-6.84438
-6.84748
-6.85276
-6.85974
-6.86942
-6.88144
-6.89378
-6.90277
-6.90596
-6.90861
-6.90953
-6.90691
-6.90065
-6.89017
-6.88102
-6.87031
-6.85842
-6.84727
-6.84238
-6.83771
-6.84016
-6.84668
-6.85752
-6.86906
-6.88402
-6.89838
-6.91478
-6.92891
-6.9396
-6.95456
-6.96498
-6.97233
-6.97566
-6.97499
-6.97126
-6.96873
-6.96505
-6.95749
-6.95318
-6.94875
-6.94519
-6.94109
-6.93739
-6.93294
-6.92826
-6.91936
-6.90892
-6.89542
-6.87668
-6.8564
-6.83924
-6.82296
-6.81055
-6.80376
-6.79938
-6.79668
-6.79819
-6.79752
-6.79466
-6.79007
-6.78739
-6.78886
-6.79498
-6.8096
-6.83127
-6.85591
-6.88094
-6.90313
-6.91979
-6.93171
-6.93289
-6.92731
-6.91543
-6.90038
-6.88532
-6.8737
-6.86465
-6.86116
-6.86087
-6.86237
-6.8679
-6.87774
-6.88871
-6.90288
-6.91822
-6.9338
-6.94383
-6.95214
-6.95412
-6.95348
-6.94688
-6.9427
-6.93763
-6.93226
-6.9272
-6.91948
-6.90919
-6.89653
-6.87915
-6.86576
-6.85284
-6.84378
-6.83922
-6.84023
-6.84413
-6.85247
-6.86309
-6.87563
-6.88898
-6.90135
-6.91211
-6.9233
-6.93066
-6.93467
-6.93624
-6.93319
-6.92866
-6.92155
-6.91395
-6.90758
-6.90024
-6.89516
-6.89181
-6.88991
-6.89351
-6.89863
-6.90638
-6.91566
-6.92447
-6.93133
-6.93551
-6.93347
-6.92769
-6.91803
-6.90265
-6.88099
-6.85786
-6.83296
-6.80915
-6.78965
-6.77195
-6.76156
-6.75984
-6.76782
-6.78465
-6.80957
-6.84053
-6.87494
-6.91008
-6.94286
-6.97131
-6.99271
-7.00631
-7.01367
-7.01125
-7.00338
-6.98917
-6.97058
-6.95092
-6.93125
-6.91314
-6.8986
-6.88633
-6.87965
-6.87267
-6.86916
-6.86276
-6.86043
-6.86231
-6.86769
-6.87694
-6.88714
-6.89447
-6.90087
-6.9013
-6.89479
-6.89006
-6.88398
-6.88076
-6.87824
-6.88158
-6.88921
-6.90122
-6.90978
-6.91918
-6.92664
-6.93494
-6.93832
-6.9391
-6.93372
-6.92186
-6.90542
-6.88917
-6.87337
-6.85863
-6.84966
-6.84532
-6.84265
-6.84422
-6.85028
-6.85907
-6.86599
-6.87267
-6.88347
-6.89263
-6.89985
-6.90274
-6.89995
-6.89236
-6.88224
-6.8691
-6.85776
-6.8473
-6.83806
-6.83397
-6.83618
-6.83919
-6.84889
-6.86161
-6.87779
-6.89226
-6.90392
-6.91338
-6.91918
-6.92427
-6.9244
-6.92298
-6.9202
-6.91711
-6.91362
-6.91041
-6.90901
-6.90888
-6.91232
-6.91578
-6.91922
-6.92039
-6.92088
-6.92024
-6.91794
-6.91553
-6.91312
-6.91225
-6.9065
-6.89967
-6.89205
-6.8879
-6.88006
-6.87738
-6.87607
-6.87838
-6.88371
-6.88732
-6.88967
-6.88741
-6.88085
-6.87
-6.8578
-6.84363
-6.83006
-6.82063
-6.81548
-6.81901
-6.82563
-6.83803
-6.8548
-6.87434
-6.89757
-6.91894
-6.93658
-6.95123
-6.96444
-6.97272
-6.97707
-6.97403
-6.96854
-6.95805
-6.94421
-6.9295
-6.91329
-6.89583
-6.87439
-6.85358
-6.83827
-6.82441
-6.82035
-6.82097
-6.82253
-6.83384
-6.84795
-6.86378
-6.87963
-6.89414
-6.90457
-6.91088
-6.91041
-6.90531
-6.8947
-6.87899
-6.86377
-6.85039
-6.84028
-6.83589
-6.83837
-6.84506
-6.85573
-6.86496
-6.87649
-6.88713
-6.89629
-6.90259
-6.90451
-6.906
-6.90377
-6.89973
-6.89571
-6.89011
-6.88261
-6.87818
-6.87696
-6.88041
-6.88832
-6.90234
-6.9167
-6.93371
-6.94632
-6.95814
-6.96458
-6.96955
-6.97274
-6.97344
-6.96827
-6.96412
-6.95311
-6.94005
-6.92288
-6.90401
-6.88654
-6.86839
-6.85214
-6.83536
-6.82353
-6.81523
-6.81274
-6.81513
-6.82053
-6.82895
-6.8363
-6.84219
-6.84555
-6.84574
-6.8435
-6.8412
-6.84078
-6.84032
-6.84039
-6.8377
-6.8357
-6.83437
-6.83579
-6.84118
-6.85126
-6.86616
-6.8847
-6.90448
-6.92529
-6.94509
-6.95846
-6.96712
-6.97376
-6.97705
-6.97413
-6.9683
-6.96126
-6.95201
-6.93959
-6.92924
-6.91862
-6.91144
-6.90607
-6.90047
-6.90017
-6.89882
-6.89904
-6.8961
-6.89165
-6.88337
-6.87236
-6.85822
-6.84211
-6.82893
-6.81677
-6.80681
-6.8023
-6.8027
-6.8058
-6.8151
-6.82974
-6.84878
-6.86972
-6.89777
-6.9259
-6.95167
-6.96953
-6.97938
-6.97993
-6.97147
-6.95622
-6.93669
-6.91648
-6.89813
-6.88115
-6.86609
-6.84899
-6.83939
-6.83161
-6.83106
-6.83718
-6.84922
-6.86751
-6.88892
-6.90865
-6.9278
-6.94061
-6.94785
-6.94607
-6.94009
-6.92781
-6.90809
-6.88822
-6.86682
-6.84999
-6.83872
-6.83586
-6.83965
-6.84738
-6.85789
-6.86951
-6.88194
-6.89207
-6.9039
-6.91032
-6.91375
-6.90891
-6.90329
-6.89398
-6.88349
-6.87329
-6.86556
-6.85835
-6.85528
-6.85555
-6.85901
-6.86737
-6.87725
-6.88929
-6.90066
-6.91104
-6.9194
-6.92613
-6.92299
-6.91976
-6.91529
-6.9064
-6.90656
-6.9128
-6.92872
-6.94992
-6.97459
-6.99202
-7.00653
-7.01053
-7.0068
-6.99687
-6.98051
-6.9578
-6.92937
-6.89705
-6.86014
-6.82388
-6.78978
-6.75824
-6.73701
-6.72516
-6.72182
-6.73056
-6.74652
-6.77089
-6.79384
-6.81956
-6.84629
-6.87331
-6.9006
-6.92833
-6.95407
-6.97739
-7.00104
-7.01702
-7.02031
-7.01848
-7.00826
-6.99265
-6.96612
-6.94088
-6.91374
-6.88957
-6.86864
-6.85307
-6.84359
-6.83891
-6.84213
-6.85085
-6.86045
-6.87132
-6.88192
-6.88549
-6.88551
-6.88163
-6.87264
-6.8619
-6.85361
-6.84726
-6.84079
-6.838
-6.83725
-6.83619
-6.8387
-6.8434
-6.85326
-6.86248
-6.87445
-6.88911
-6.90344
-6.91713
-6.92726
-6.93152
-6.93252
-6.92545
-6.91595
-6.90109
-6.88389
-6.86478
-6.84929
-6.83665
-6.83102
-6.83145
-6.84117
-6.85727
-6.8813
-6.9084
-6.93654
-6.96329
-6.98366
-6.99721
-7.00467
-7.00185
-6.99251
-6.9766
-6.95568
-6.92856
-6.90272
-6.87615
-6.85354
-6.83337
-6.8164
-6.80754
-6.80727
-6.81338
-6.83128
-6.85188
-6.87304
-6.89735
-6.92217
-6.93933
-6.9523
-6.96564
-6.97092
-6.97388
-6.96978
-6.95952
-6.94349
-6.92844
-6.91256
-6.90039
-6.89154
-6.88711
-6.8894
-6.90298
-6.91519
-6.92828
-6.94102
-6.94643
-6.94557
-6.93951
-6.92675
-6.90825
-6.88302
-6.85379
-6.8262
-6.79993
-6.7795
-6.76663
-6.76305
-6.76803
-6.78373
-6.80448
-6.82818
-6.85341
-6.87469
-6.89208
-6.89935
-6.89939
-6.8934
-6.88164
-6.8721
-6.86575
-6.86397
-6.87165
-6.88745
-6.90053
-6.91499
-6.92994
-6.94146
-6.94936
-6.95439
-6.9581
-6.95312
-6.94775
-6.94166
-6.93037
-6.92243
-6.91096
-6.90287
-6.89313
-6.88149
-6.8666
-6.84769
-6.82981
-6.81165
-6.79415
-6.77947
-6.77171
-6.76891
-6.77396
-6.78417
-6.79724
-6.81621
-6.83513
-6.85502
-6.88014
-6.90535
-6.93045
-6.95765
-6.98215
-7.0038
-7.01772
-7.02422
-7.01942
-7.00893
-6.9886
-6.96077
-6.93077
-6.8972
-6.86575
-6.84134
-6.82336
-6.81518
-6.81169
-6.81667
-6.82697
-6.84153
-6.85183
-6.86221
-6.86793
-6.87143
-6.87196
-6.86674
-6.8662
-6.86806
-6.87042
-6.87803
-6.89025
-6.90703
-6.92557
-6.94664
-6.96415
-6.97909
-6.98763
-6.98954
-6.98472
-6.97172
-6.95616
-6.9335
-6.91304
-6.8914
-6.87232
-6.85691
-6.84658
-6.84474
-6.84796
-6.85658
-6.8725
-6.8881
-6.9031
-6.91602
-6.92544
-6.92886
-6.92811
-6.92668
-6.92192
-6.9168
-6.91125
-6.90569
-6.90211
-6.89934
-6.89719
-6.89091
-6.88355
-6.87405
-6.86332
-6.85399
-6.84175
-6.83177
-6.82476
-6.81767
-6.81735
-6.82087
-6.83268
-6.85546
-6.8807
-6.90825
-6.93562
-6.96071
-6.9788
-6.98864
-6.99013
-6.98128
-6.96623
-6.94722
-6.92507
-6.89983
-6.87474
-6.8516
-6.83399
-6.81773
-6.80775
-6.80079
-6.80084
-6.80465
-6.81459
-6.82783
-6.84214
-6.85522
-6.86423
-6.87127
-6.87559
-6.87889
-6.88046
-6.8808
-6.88074
-6.87621
-6.87224
-6.87162
-6.86905
-6.87149
-6.87634
-6.88617
-6.89821
-6.91524
-6.93075
-6.94784
-6.95898
-6.96283
-6.96183
-6.94857
-6.9291
-6.90407
-6.8742
-6.84855
-6.82201
-6.80346
-6.79588
-6.79681
-6.80968
-6.83211
-6.86258
-6.89778
-6.93304
-6.96556
-6.98923
-7.00739
-7.01465
-7.01198
-7.00336
-6.98365
-6.95776
-6.93002
-6.90556
-6.88313
-6.86427
-6.85397
-6.85214
-6.8535
-6.86115
-6.86889
-6.87887
-6.88798
-6.89738
-6.90432
-6.91125
-6.91715
-6.92377
-6.92944
-6.93307
-6.93393
-6.93098
-6.92039
-6.90481
-6.88546
-6.86012
-6.83243
-6.80541
-6.78192
-6.76617
-6.76034
-6.76745
-6.78163
-6.80431
-6.8311
-6.8609
-6.89024
-6.91828
-6.94137
-6.95945
-6.96997
-6.97429
-6.97298
-6.96533
-6.95175
-6.93739
-6.9196
-6.9023
-6.88838
-6.87598
-6.8667
-6.85944
-6.85558
-6.85175
-6.84813
-6.8451
-6.84322
-6.84457
-6.8464
-6.8501
-6.85669
-6.86655
-6.87923
-6.89361
-6.91009
-6.92554
-6.93574
-6.94223
-6.94214
-6.93792
-6.92661
-6.91404
-6.89911
-6.88795
-6.87941
-6.87454
-6.87648
-6.88378
-6.89031
-6.89906
-6.90359
-6.90691
-6.90867
-6.9089
-6.90919
-6.9094
-6.90881
-6.90673
-6.90259
-6.89499
-6.88937
-6.8793
-6.8705
-6.86343
-6.85929
-6.85446
-6.84999
-6.84718
-6.84417
-6.84151
-6.84009
-6.83993
-6.84187
-6.84253
-6.84605
-6.84876
-6.85482
-6.85815
-6.8633
-6.87018
-6.87763
-6.88853
-6.89958
-6.9083
-6.91849
-6.92396
-6.92716
-6.9244
-6.91814
-6.90829
-6.89575
-6.87789
-6.8655
-6.85495
-6.85129
-6.85343
-6.8642
-6.87928
-6.8986
-6.91506
-6.93242
-6.94797
-6.95804
-6.9622
-6.96147
-6.95446
-6.94644
-6.93693
-6.92404
-6.90756
-6.89297
-6.88006
-6.86811
-6.85704
-6.85548
-6.86294
-6.87672
-6.89573
-6.9183
-6.93839
-6.95444
-6.96237
-6.96511
-6.96252
-6.95769
-6.94965
-6.94131
-6.93084
-6.9226
-6.90939
-6.89774
-6.88217
-6.8652
-6.84189
-6.82146
-6.80411
-6.79135
-6.78215
-6.77789
-6.78457
-6.79245
-6.80872
-6.82544
-6.84287
-6.85837
-6.8716
-6.87765
-6.87876
-6.8775
-6.87169
-6.8661
-6.86252
-6.86158
-6.86797
-6.87488
-6.88484
-6.89918
-6.91255
-6.92572
-6.93599
-6.94421
-6.95162
-6.95662
-6.9609
-6.96673
-6.96993
-6.97439
-6.97667
-6.97635
-6.97347
-6.96677
-6.95701
-6.93922
-6.91979
-6.89743
-6.87731
-6.85892
-6.84406
-6.83619
-6.82999
-6.82756
-6.82808
-6.8304
-6.83377
-6.83572
-6.83815
-6.83916
-6.84323
-6.8457
-6.84988
-6.85824
-6.86697
-6.87513
-6.88355
-6.89167
-6.89525
-6.89561
-6.89368
-6.88783
-6.88386
-6.88154
-6.88172
-6.88651
-6.89154
-6.89493
-6.89514
-6.89641
-6.89523
-6.89403
-6.89196
-6.89238
-6.89529
-6.90008
-6.90805
-6.91703
-6.92848
-6.93929
-6.94581
-6.95038
-6.95619
-6.95621
-6.95076
-6.94168
-6.92962
-6.91264
-6.89429
-6.87458
-6.85559
-6.83768
-6.82296
-6.81117
-6.80317
-6.80331
-6.80793
-6.81785
-6.83189
-6.84549
-6.8595
-6.87521
-6.88781
-6.89923
-6.9091
-6.91411
-6.9179
-6.91473
-6.91348
-6.90998
-6.90616
-6.90393
-6.90365
-6.90552
-6.91144
-6.91452
-6.91521
-6.91264
-6.90916
-6.90363
-6.89738
-6.89418
-6.89275
-6.89308
-6.89386
-6.89185
-6.88986
-6.88796
-6.88659
-6.88468
-6.8845
-6.88642
-6.89262
-6.89895
-6.9111
-6.925
-6.94225
-6.95962
-6.97425
-6.98289
-6.98568
-6.98014
-6.96874
-6.95083
-6.93311
-6.91394
-6.89332
-6.87576
-6.85491
-6.83411
-6.81489
-6.79426
-6.77741
-6.76312
-6.75252
-6.7459
-6.74367
-6.74555
-6.75236
-6.76687
-6.79147
-6.82048
-6.85753
-6.89633
-6.93727
-6.97448
-7.00615
-7.02468
-7.03508
-7.03214
-7.01824
-6.99375
-6.95925
-6.91694
-6.87454
-6.83582
-6.80512
-6.7848
-6.78177
-6.79207
-6.81669
-6.84759
-6.88108
-6.91452
-6.94217
-6.96513
-6.98079
-6.99323
-6.99617
-6.99593
-6.98681
-6.97406
-6.96098
-6.94091
-6.92278
-6.90638
-6.89158
-6.87935
-6.87057
-6.86775
-6.86769
-6.87114
-6.87256
-6.87494
-6.87521
-6.88186
-6.88871
-6.89491
-6.9022
-6.9061
-6.90431
-6.89851
-6.88811
-6.87341
-6.86231
-6.84929
-6.84573
-6.84658
-6.85272
-6.86386
-6.87628
-6.89072
-6.90297
-6.90779
-6.91439
-6.91118
-6.90673
-6.89526
-6.88012
-6.86607
-6.8556
-6.84768
-6.84638
-6.8488
-6.85707
-6.86574
-6.88016
-6.89645
-6.91425
-6.9276
-6.93628
-6.94407
-6.94601
-6.94032
-6.93241
-6.91853
-6.90254
-6.88461
-6.86667
-6.84911
-6.8308
-6.81717
-6.80546
-6.80031
-6.80234
-6.81358
-6.83309
-6.85691
-6.88538
-6.91305
-6.93671
-6.95445
-6.96602
-6.96907
-6.96415
-6.95724
-6.94863
-6.93646
-6.92784
-6.91666
-6.906
-6.89662
-6.88393
-6.86944
-6.85607
-6.84572
-6.83546
-6.82985
-6.82989
-6.8357
-6.84795
-6.86507
-6.88559
-6.90478
-6.92582
-6.94052
-6.95294
-6.95851
-6.95534
-6.95251
-6.94675
-6.93641
-6.92715
-6.91637
-6.90876
-6.89536
-6.88464
-6.87706
-6.87224
-6.87067
-6.87377
-6.88092
-6.8918
-6.9039
-6.91343
-6.92478
-6.9359
-6.94093
-6.94215
-6.93584
-6.92644
-6.91364
-6.90092
-6.88644
-6.8725
-6.86142
-6.85441
-6.85075
-6.84924
-6.85034
-6.85069
-6.85074
-6.85374
-6.85636
-6.85862
-6.85994
-6.8618
-6.86261
-6.86123
-6.85788
-6.8552
-6.85369
-6.84953
-6.8447
-6.83917
-6.84063
-6.84214
-6.85173
-6.86424
-6.88044
-6.89528
-6.91444
-6.92773
-6.94018
-6.95493
-6.96621
-6.97402
-6.97936
-6.9809
-6.98045
-6.97548
-6.9686
-6.95637
-6.93837
-6.92196
-6.90438
-6.88343
-6.86438
-6.84733
-6.83621
-6.83049
-6.82795
-6.82818
-6.82858
-6.82853
-6.82659
-6.82751
-6.82653
-6.82942
-6.83516
-6.84416
-6.84992
-6.85653
-6.86388
-6.87421
-6.87892
-6.88281
-6.88632
-6.88879
-6.88993
-6.88886
-6.89005
-6.89218
-6.89335
-6.90083
-6.90615
-6.91579
-6.92249
-6.92911
-6.93215
-6.92813
-6.92292
-6.91412
-6.9042
-6.89413
-6.88452
-6.87629
-6.8702
-6.86916
-6.87019
-6.87309
-6.87683
-6.88262
-6.88481
-6.88888
-6.88843
-6.88917
-6.88416
-6.87534
-6.86315
-6.84981
-6.83636
-6.82969
-6.82855
-6.83375
-6.8504
-6.8705
-6.89484
-6.92351
-6.95317
-6.97945
-7.00052
-7.01279
-7.01599
-7.00696
-6.99352
-6.97602
-6.95242
-6.93606
-6.91716
-6.90152
-6.88808
-6.87669
-6.86688
-6.86247
-6.85879
-6.86083
-6.86009
-6.86235
-6.86217
-6.85808
-6.85514
-6.84973
-6.84673
-6.84536
-6.84991
-6.85725
-6.87067
-6.88451
-6.89573
-6.90302
-6.90041
-6.8933
-6.88008
-6.86173
-6.84764
-6.83971
-6.84009
-6.84368
-6.85187
-6.86157
-6.87055
-6.88129
-6.89155
-6.90151
-6.91266
-6.92412
-6.93752
-6.94606
-6.94722
-6.94156
-6.92959
-6.9132
-6.89601
-6.87986
-6.8697
-6.86962
-6.87749
-6.89485
-6.91766
-6.94135
-6.96396
-6.98072
-6.99425
-6.99732
-6.99527
-6.98487
-6.96725
-6.94397
-6.91415
-6.8803
-6.84739
-6.8141
-6.78416
-6.76198
-6.75056
-6.74829
-6.75845
-6.7773
-6.80563
-6.84087
-6.8766
-6.9093
-6.93318
-6.95339
-6.96334
-6.96778
-6.96733
-6.96305
-6.95472
-6.94664
-6.94017
-6.93112
-6.92205
-6.91219
-6.89983
-6.8877
-6.87393
-6.86092
-6.84936
-6.84086
-6.84001
-6.83986
-6.84436
-6.85244
-6.86217
-6.87373
-6.88464
-6.89354
-6.89986
-6.90331
-6.90837
-6.91081
-6.91202
-6.91467
-6.91874
-6.92605
-6.93332
-6.94149
-6.9544
-6.96492
-6.97227
-6.97681
-6.97902
-6.97477
-6.96616
-6.9553
-6.93987
-6.92211
-6.90561
-6.8907
-6.87734
-6.86938
-6.86355
-6.86045
-6.86063
-6.86311
-6.86795
-6.87181
-6.87726
-6.87763
-6.87677
-6.87589
-6.87064
-6.86699
-6.86058
-6.85384
-6.84875
-6.8413
-6.83549
-6.82788
-6.82032
-6.8149
-6.80501
-6.79243
-6.78151
-6.77571
-6.77517
-6.78041
-6.79123
-6.80762
-6.82943
-6.85201
-6.87373
-6.89303
-6.90971
-6.92202
-6.93156
-6.93784
-6.94578
-6.95463
-6.96769
-6.98244
-6.99669
-7.0089
-7.0149
-7.01562
-7.01021
-6.9992
-6.98176
-6.95457
-6.92588
-6.89483
-6.86654
-6.84307
-6.82561
-6.81936
-6.81894
-6.8227
-6.83257
-6.84177
-6.85193
-6.85848
-6.86175
-6.86438
-6.8627
-6.85802
-6.8487
-6.84085
-6.83399
-6.83006
-6.82625
-6.82754
-6.83369
-6.84037
-6.85191
-6.86311
-6.87581
-6.8833
-6.88899
-6.88727
-6.88276
-6.87571
-6.86951
-6.862
-6.85847
-6.85882
-6.86566
-6.87782
-6.89403
-6.90443
-6.9123
-6.91288
-6.90577
-6.89466
-6.88326
-6.87118
-6.86128
-6.85893
-6.86225
-6.86898
-6.88345
-6.89844
-6.91363
-6.92716
-6.93659
-6.94299
-6.94636
-6.94693
-6.94344
-6.93839
-6.93144
-6.91862
-6.90491
-6.88505
-6.86358
-6.84247
-6.82798
-6.81872
-6.82044
-6.82856
-6.84417
-6.86588
-6.88904
-6.91303
-6.93424
-6.95501
-6.97213
-6.9858
-6.99294
-6.99089
-6.98732
-6.97716
-6.96426
-6.94919
-6.93369
-6.91881
-6.90442
-6.89342
-6.88497
-6.88036
-6.8801
-6.88016
-6.87439
-6.86971
-6.86144
-6.85601
-6.84926
-6.84733
-6.84871
-6.85135
-6.85475
-6.8554
-6.85542
-6.85141
-6.851
-6.85171
-6.85717
-6.86699
-6.88164
-6.89257
-6.89909
-6.89715
-6.89235
-6.87849
-6.86185
-6.84175
-6.82174
-6.80828
-6.80313
-6.80294
-6.81071
-6.82496
-6.84912
-6.87832
-6.9116
-6.94502
-6.97466
-6.99485
-7.00744
-7.00801
-6.99473
-6.97529
-6.94853
-6.91627
-6.88621
-6.85976
-6.83815
-6.82226
-6.81287
-6.81272
-6.81774
-6.82766
-6.84253
-6.85863
-6.87175
-6.88851
-6.90453
-6.91979
-6.93711
-6.95252
-6.96269
-6.96831
-6.96751
-6.959
-6.94747
-6.93053
-6.91281
-6.8931
-6.87939
-6.86965
-6.86492
-6.86229
-6.86375
-6.87073
-6.87798
-6.88708
-6.89506
-6.90331
-6.9077
-6.90707
-6.90354
-6.89573
-6.88445
-6.87011
-6.85441
-6.83899
-6.82271
-6.80832
-6.80004
-6.79481
-6.7971
-6.8027
-6.81538
-6.83476
-6.86046
-6.88215
-6.90699
-6.9277
-6.94362
-6.95091
-6.95384
-6.95301
-6.95143
-6.94897
-6.9434
-6.9382
-6.93221
-6.92137
-6.91121
-6.90243
-6.89165
-6.88453
-6.87627
-6.87235
-6.87152
-6.87395
-6.88319
-6.89083
-6.902
-6.90907
-6.91132
-6.90688
-6.90281
-6.89543
-6.8889
-6.88453
-6.88425
-6.88715
-6.89886
-6.91487
-6.92865
-6.94296
-6.95306
-6.95673
-6.95473
-6.94657
-6.93431
-6.91583
-6.89882
-6.88518
-6.8773
-6.87161
-6.8718
-6.87146
-6.87431
-6.87963
-6.88181
-6.88208
-6.88142
-6.87865
-6.87524
-6.8676
-6.85876
-6.84918
-6.84072
-6.83284
-6.82774
-6.82145
-6.8193
-6.81959
-6.82305
-6.8284
-6.83722
-6.84856
-6.85992
-6.87045
-6.88034
-6.88639
-6.89537
-6.90393
-6.90971
-6.9137
-6.91262
-6.90943
-6.90432
-6.90118
-6.90094
-6.90446
-6.91352
-6.92589
-6.94425
-6.96315
-6.97874
-6.99047
-6.9982
-6.99693
-6.98925
-6.97734
-6.95935
-6.94021
-6.92124
-6.90109
-6.88188
-6.8664
-6.85542
-6.84191
-6.83433
-6.82848
-6.82895
-6.83014
-6.83905
-6.85318
-6.87317
-6.89749
-6.92362
-6.95046
-6.9707
-6.98435
-6.98675
-6.97937
-6.96246
-6.93433
-6.89656
-6.85871
-6.81648
-6.77842
-6.74963
-6.73393
-6.73164
-6.74443
-6.76426
-6.7892
-6.8155
-6.83798
-6.85765
-6.87321
-6.8831
-6.89169
-6.90109
-6.91455
-6.92686
-6.93989
-6.94862
-6.95897
-6.96463
-6.96609
-6.96383
-6.95859
-6.95227
-6.95101
-6.95029
-6.9539
-6.95782
-6.96207
-6.96158
-6.95654
-6.9469
-6.93006
-6.90769
-6.88666
-6.86506
-6.84846
-6.8363
-6.83012
-6.82829
-6.8353
-6.84261
-6.85263
-6.86506
-6.87791
-6.88744
-6.89884
-6.90291
-6.90441
-6.90175
-6.89175
-6.88071
-6.86305
-6.84685
-6.83045
-6.81763
-6.80747
-6.80266
-6.80227
-6.80858
-6.81978
-6.83637
-6.85731
-6.88305
-6.90999
-6.93406
-6.95502
-6.96717
-6.9754
-6.97466
-6.97055
-6.96251
-6.95482
-6.9466
-6.94014
-6.93795
-6.93164
-6.92851
-6.92454
-6.92045
-6.91465
-6.90848
-6.90034
-6.89177
-6.88127
-6.8759
-6.87033
-6.86784
-6.86737
-6.86935
-6.87233
-6.8767
-6.87812
-6.87953
-6.87654
-6.87426
-6.86776
-6.86148
-6.85619
-6.84822
-6.84233
-6.83599
-6.831
-6.82929
-6.82876
-6.82878
-6.82675
-6.8294
-6.83335
-6.83612
-6.84296
-6.85537
-6.87057
-6.8851
-6.89846
-6.91054
-6.92176
-6.93017
-6.93322
-6.93321
-6.92639
-6.91497
-6.90264
-6.8867
-6.87326
-6.8601
-6.84621
-6.83859
-6.83699
-6.8391
-6.84826
-6.86492
-6.88535
-6.91457
-6.94681
-6.97975
-7.01049
-7.03432
-7.05096
-7.05996
-7.06143
-7.05517
-7.03881
-7.01513
-6.98591
-6.95339
-6.91874
-6.88569
-6.85368
-6.82714
-6.80651
-6.7923
-6.78627
-6.78741
-6.79161
-6.80024
-6.81347
-6.82925
-6.84373
-6.85917
-6.87363
-6.88697
-6.89469
-6.90144
-6.90256
-6.89877
-6.89096
-6.87773
-6.86245
-6.84472
-6.82875
-6.81603
-6.80637
-6.8021
-6.80657
-6.81959
-6.83485
-6.85418
-6.87184
-6.88798
-6.89908
-6.90324
-6.90196
-6.89569
-6.8896
-6.8795
-6.86757
-6.85547
-6.84344
-6.83321
-6.82649
-6.82436
-6.82669
-6.83429
-6.846
-6.85883
-6.87394
-6.89074
-6.90368
-6.91178
-6.91734
-6.91743
-6.91461
-6.91082
-6.90861
-6.90681
-6.90832
-6.90722
-6.90575
-6.90405
-6.90049
-6.90145
-6.90304
-6.90642
-6.91545
-6.92748
-6.93463
-6.93847
-6.93759
-6.932
-6.92095
-6.90582
-6.89058
-6.87905
-6.87213
-6.8704
-6.87957
-6.89138
-6.90487
-6.92055
-6.93701
-6.95256
-6.96419
-6.97322
-6.97868
-6.97739
-6.96812
-6.95265
-6.93299
-6.90858
-6.88483
-6.86045
-6.83864
-6.82327
-6.82008
-6.82565
-6.83773
-6.85837
-6.881
-6.90147
-6.91767
-6.92882
-6.93452
-6.93441
-6.92985
-6.91673
-6.90653
-6.89433
-6.88602
-6.87963
-6.8764
-6.87801
-6.87933
-6.88131
-6.88021
-6.87507
-6.86413
-6.84855
-6.8323
-6.81442
-6.79758
-6.78503
-6.77538
-6.76874
-6.76687
-6.76719
-6.76886
-6.77246
-6.77898
-6.78628
-6.79795
-6.80918
-6.82288
-6.84005
-6.86121
-6.88549
-6.91001
-6.93591
-6.96006
-6.98226
-6.99943
-7.01244
-7.02337
-7.02867
-7.02972
-7.02622
-7.02075
-7.0101
-6.99632
-6.97762
-6.95847
-6.93665
-6.91546
-6.89939
-6.88468
-6.87592
-6.87174
-6.87281
-6.8769
-6.88166
-6.88341
-6.88547
-6.88616
-6.88584
-6.88807
-6.88946
-6.88881
-6.88966
-6.89272
-6.89204
-6.89037
-6.88875
-6.88539
-6.88122
-6.88029
-6.87917
-6.87916
-6.88016
-6.88179
-6.88949
-6.8936
-6.90078
-6.90865
-6.91321
-6.91538
-6.91489
-6.90746
-6.90043
-6.89491
-6.8823
-6.86763
-6.85519
-6.84089
-6.82596
-6.81596
-6.80811
-6.80284
-6.79974
-6.80296
-6.8105
-6.82077
-6.83516
-6.85084
-6.87211
-6.89255
-6.91127
-6.9273
-6.94039
-6.94599
-6.94488
-6.93716
-6.92179
-6.90205
-6.88163
-6.85917
-6.84324
-6.83731
-6.84095
-6.85519
-6.87762
-6.89854
-6.91767
-6.93184
-6.94152
-6.94648
-6.94527
-6.94011
-6.93719
-6.9342
-6.93106
-6.92839
-6.92129
-6.91027
-6.8933
-6.87355
-6.84888
-6.8239
-6.79978
-6.77793
-6.76419
-6.75488
-6.75306
-6.75865
-6.77155
-6.78939
-6.80859
-6.83316
-6.85774
-6.88039
-6.90072
-6.91474
-6.92757
-6.93793
-6.93905
-6.94018
-6.93314
-6.92601
-6.91897
-6.91145
-6.90598
-6.90265
-6.9022
-6.90234
-6.90687
-6.91179
-6.91547
-6.92027
-6.92276
-6.92113
-6.91477
-6.90497
-6.89221
-6.87878
-6.86498
-6.861
-6.86725
-6.87442
-6.885
-6.9004
-6.91297
-6.92157
-6.92606
-6.92391
-6.91823
-6.90659
-6.89438
-6.88318
-6.8672
-6.85302
-6.83992
-6.82719
-6.82281
-6.82172
-6.82324
-6.82983
-6.84065
-6.85367
-6.8649
-6.87515
-6.88433
-6.88994
-6.8903
-6.88911
-6.88467
-6.87881
-6.87607
-6.87254
-6.87174
-6.87654
-6.8826
-6.88862
-6.89558
-6.90092
-6.90728
-6.91025
-6.9111
-6.90961
-6.90833
-6.90567
-6.90126
-6.89767
-6.89596
-6.8953
-6.89444
-6.89542
-6.89329
-6.89144
-6.88822
-6.88361
-6.87959
-6.87763
-6.8783
-6.88134
-6.88611
-6.89023
-6.8926
-6.89219
-6.8911
-6.89165
-6.89169
-6.89402
-6.89665
-6.89821
-6.89707
-6.89704
-6.89166
-6.88312
-6.87564
-6.86689
-6.86023
-6.86006
-6.86041
-6.86469
-6.86886
-6.87597
-6.88434
-6.89275
-6.90172
-6.90899
-6.91782
-6.92316
-6.93416
-6.94233
-6.94438
-6.94411
-6.93592
-6.92297
-6.9064
-6.88695
-6.86812
-6.85236
-6.84433
-6.84294
-6.84551
-6.85168
-6.86004
-6.87196
-6.88288
-6.89178
-6.90225
-6.90905
-6.91384
-6.91599
-6.91373
-6.91304
-6.91217
-6.91043
-6.90679
-6.90657
-6.90745
-6.90787
-6.90976
-6.91222
-6.91207
-6.91356
-6.91172
-6.9116
-6.91351
-6.91522
-6.92227
-6.92709
-6.93468
-6.94005
-6.94528
-6.94975
-6.94885
-6.94339
-6.9346
-6.92036
-6.90372
-6.88271
-6.8635
-6.84543
-6.83481
-6.82826
-6.82758
-6.82975
-6.83027
-6.83156
-6.83236
-6.83122
-6.83064
-6.82745
-6.82519
-6.82686
-6.82435
-6.82163
-6.82255
-6.82263
-6.82592
-6.8345
-6.84616
-6.85959
-6.87715
-6.89553
-6.91005
-6.92467
-6.93489
-6.93926
-6.93879
-6.93398
-6.92684
-6.9177
-6.90833
-6.90009
-6.89249
-6.88629
-6.88332
-6.88162
-6.8816
-6.88344
-6.8873
-6.89163
-6.89797
-6.90227
-6.90806
-6.9113
-6.90957
-6.90407
-6.90053
-6.89707
-6.8987
-6.90283
-6.90956
-6.91951
-6.929
-6.934
-6.93447
-6.93139
-6.921
-6.91008
-6.89621
-6.88569
-6.88102
-6.88067
-6.88671
-6.89552
-6.90434
-6.91081
-6.91374
-6.91177
-6.90596
-6.89722
-6.88677
-6.87244
-6.86204
-6.85075
-6.84517
-6.84717
-6.84788
-6.85207
-6.85747
-6.86314
-6.86503
-6.86573
-6.86098
-6.85397
-6.84849
-6.84117
-6.83832
-6.84053
-6.84849
-6.85692
-6.86859
-6.88172
-6.89586
-6.91382
-6.93198
-6.94735
-6.96219
-6.97212
-6.98001
-6.98242
-6.97836
-6.96791
-6.95624
-6.94503
-6.93314
-6.92308
-6.91567
-6.90703
-6.90043
-6.89622
-6.8924
-6.89023
-6.89229
-6.89312
-6.89178
-6.88987
-6.88821
-6.88364
-6.87778
-6.87324
-6.86529
-6.86061
-6.85806
-6.85116
-6.84837
-6.84586
-6.84439
-6.84494
-6.84949
-6.85473
-6.86646
-6.87916
-6.89147
-6.90482
-6.91742
-6.92733
-6.93194
-6.93174
-6.92642
-6.91499
-6.90022
-6.88499
-6.87129
-6.85757
-6.84814
-6.84021
-6.83649
-6.83039
-6.82878
-6.82501
-6.8222
-6.82243
-6.82731
-6.83417
-6.84538
-6.86196
-6.8804
-6.89612
-6.9085
-6.91605
-6.91954
-6.91995
-6.91862
-6.91727
-6.91794
-6.91788
-6.918
-6.91699
-6.91178
-6.90524
-6.89905
-6.8902
-6.88267
-6.87318
-6.86913
-6.86693
-6.86406
-6.85956
-6.85449
-6.85104
-6.8476
-6.85059
-6.85771
-6.86872
-6.88517
-6.90139
-6.91662
-6.92832
-6.93277
-6.92642
-6.91627
-6.90064
-6.88598
-6.87096
-6.8615
-6.85913
-6.86875
-6.88321
-6.90031
-6.92111
-6.93687
-6.95132
-6.96151
-6.96387
-6.96287
-6.95861
-6.95006
-6.93699
-6.92628
-6.91771
-6.91398
-6.91113
-6.91316
-6.91821
-6.92549
-6.93006
-6.93889
-6.94288
-6.94264
-6.93796
-6.93084
-6.92094
-6.90836
-6.89407
-6.87985
-6.8697
-6.86182
-6.855
-6.8479
-6.84233
-6.83982
-6.83771
-6.83728
-6.83625
-6.83922
-6.84212
-6.84095
-6.84204
-6.84134
-6.84015
-6.83822
-6.83733
-6.83735
-6.84048
-6.84376
-6.84796
-6.85283
-6.85843
-6.86612
-6.87558
-6.8899
-6.90389
-6.91657
-6.92842
-6.9346
-6.93592
-6.93351
-6.92789
-6.9187
-6.90904
-6.89887
-6.88795
-6.87931
-6.86953
-6.8622
-6.85501
-6.8495
-6.84501
-6.83944
-6.84005
-6.84466
-6.84764
-6.8518
-6.85925
-6.87006
-6.88106
-6.89585
-6.9115
-6.93083
-6.94785
-6.96291
-6.97511
-6.97959
-6.98113
-6.97508
-6.96793
-6.95744
-6.94458
-6.9334
-6.92297
-6.91674
-6.90534
-6.89577
-6.88186
-6.86864
-6.85335
-6.83992
-6.82855
-6.82204
-6.8186
-6.82273
-6.82833
-6.83569
-6.84373
-6.85126
-6.85731
-6.85892
-6.85876
-6.85541
-6.85226
-6.85066
-6.84839
-6.84558
-6.84875
-6.84801
-6.85058
-6.84894
-6.8522
-6.85657
-6.8617
-6.86435
-6.86341
-6.85625
-6.84338
-6.82694
-6.8103
-6.79539
-6.78574
-6.78328
-6.78745
-6.79939
-6.81819
-6.8403
-6.86683
-6.89327
-6.92044
-6.94732
-6.9715
-6.99066
-7.00756
-7.01368
-7.01389
-7.00526
-6.99231
-6.97591
-6.95385
-6.92961
-6.91215
-6.8993
-6.89204
-6.8899
-6.89166
-6.89617
-6.90375
-6.91487
-6.92366
-6.93092
-6.93618
-6.94049
-6.94325
-6.94709
-6.94613
-6.94544
-6.94033
-6.93548
-6.92939
-6.92096
-6.91532
-6.90951
-6.90527
-6.90224
-6.89888
-6.89519
-6.8891
-6.8798
-6.86698
-6.85234
-6.83526
-6.82194
-6.8096
-6.80074
-6.79631
-6.79326
-6.79406
-6.79644
-6.80154
-6.80844
-6.81629
-6.827
-6.83819
-6.84711
-6.86097
-6.87361
-6.88115
-6.89056
-6.90096
-6.90516
-6.90711
-6.90786
-6.90614
-6.9026
-6.89917
-6.89203
-6.88846
-6.88449
-6.88473
-6.88852
-6.8971
-6.90964
-6.92286
-6.93801
-6.95213
-6.96019
-6.96713
-6.96885
-6.96404
-6.95629
-6.94176
-6.92221
-6.89906
-6.87673
-6.85482
-6.8336
-6.81799
-6.81124
-6.81384
-6.82222
-6.83704
-6.85453
-6.87777
-6.90034
-6.91873
-6.93002
-6.93653
-6.93317
-6.92412
-6.91044
-6.89605
-6.87991
-6.86479
-6.85122
-6.84291
-6.84033
-6.8448
-6.85459
-6.8729
-6.89606
-6.91969
-6.94689
-6.9723
-6.99243
-7.00258
-7.00869
-7.00012
-6.98562
-6.95888
-6.92946
-6.89292
-6.85592
-6.82138
-6.79249
-6.77289
-6.75996
-6.75879
-6.76917
-6.78437
-6.80561
-6.83094
-6.85332
-6.87657
-6.89601
-6.91213
-6.92407
-6.93012
-6.93502
-6.93837
-6.94066
-6.9442
-6.94994
-6.95326
-6.96022
-6.96521
-6.96306
-6.95587
-6.94808
-6.93788
-6.92325
-6.90806
-6.89292
-6.87665
-6.86244
-6.84832
-6.84002
-6.83274
-6.83042
-6.82953
-6.82971
-6.83014
-6.83009
-6.82725
-6.82335
-6.81912
-6.81529
-6.81564
-6.81725
-6.81712
-6.82042
-6.82354
-6.82638
-6.83052
-6.83687
-6.84635
-6.8594
-6.87323
-6.88701
-6.89735
-6.91083
-6.92051
-6.92555
-6.92919
-6.92761
-6.92615
-6.92321
-6.92147
-6.91908
-6.9176
-6.91478
-6.91234
-6.91072
-6.91069
-6.90913
-6.91063
-6.91191
-6.91188
-6.91313
-6.91306
-6.91412
-6.91556
-6.92359
-6.93101
-6.94299
-6.95122
-6.96305
-6.96861
-6.96722
-6.96445
-6.95414
-6.94004
-6.92067
-6.8978
-6.87034
-6.84476
-6.82029
-6.79748
-6.78205
-6.77578
-6.77986
-6.78785
-6.79911
-6.81367
-6.83079
-6.84761
-6.86298
-6.87957
-6.89451
-6.90816
-6.91902
-6.92607
-6.92896
-6.92551
-6.9171
-6.90774
-6.89777
-6.88568
-6.87487
-6.86971
-6.87039
-6.87046
-6.87596
-6.87886
-6.88194
-6.88342
-6.88249
-6.88072
-6.87881
-6.87621
-6.87397
-6.8727
-6.87293
-6.87853
-6.88717
-6.8995
-6.91053
-6.91933
-6.92525
-6.92572
-6.92026
-6.90727
-6.88795
-6.86494
-6.84137
-6.8216
-6.8076
-6.80152
-6.8035
-6.81592
-6.83551
-6.85613
-6.8805
-6.90546
-6.92785
-6.94481
-6.95902
-6.96254
-6.96117
-6.9532
-6.93578
-6.91835
-6.90035
-6.88734
-6.87771
-6.87274
-6.87311
-6.87794
-6.8842
-6.89358
-6.90359
-6.91267
-6.92397
-6.92899
-6.93338
-6.93146
-6.92317
-6.90827
-6.88994
-6.8663
-6.84513
-6.83091
-6.82538
-6.82624
-6.83344
-6.84724
-6.86332
-6.88041
-6.89344
-6.9021
-6.90981
-6.91454
-6.91862
-6.91849
-6.91837
-6.91744
-6.91763
-6.91796
-6.91586
-6.9161
-6.91463
-6.91312
-6.91206
-6.90511
-6.90068
-6.89323
-6.88565
-6.87453
-6.86284
-6.85158
-6.83668
-6.82486
-6.8154
-6.80648
-6.80069
-6.79485
-6.79704
-6.80276
-6.80943
-6.82133
-6.83513
-6.85208
-6.86957
-6.88635
-6.90054
-6.91465
-6.92302
-6.93168
-6.93465
-6.93492
-6.93404
-6.93108
-6.92682
-6.92494
-6.92446
-6.9276
-6.93379
-6.93853
-6.94149
-6.94138
-6.94227
-6.94005
-6.94062
-6.94213
-6.94172
-6.94281
-6.94432
-6.94638
-6.94548
-6.94195
-6.93159
-6.92118
-6.91049
-6.89739
-6.88621
-6.87757
-6.86851
-6.86389
-6.85847
-6.84962
-6.84317
-6.83676
-6.83084
-6.82661
-6.82019
-6.81609
-6.81305
-6.81154
-6.81001
-6.80935
-6.81389
-6.82089
-6.83356
-6.84729
-6.86226
-6.87889
-6.89196
-6.90426
-6.91186
-6.91329
-6.91334
-6.91046
-6.90626
-6.9035
-6.90151
-6.89888
-6.89507
-6.8937
-6.89244
-6.89067
-6.89127
-6.89188
-6.89261
-6.89372
-6.8995
-6.90647
-6.9139
-6.9234
-6.928
-6.93337
-6.93287
-6.92875
-6.92107
-6.91167
-6.89959
-6.89311
-6.89266
-6.89756
-6.90362
-6.90804
-6.90866
-6.90722
-6.90087
-6.89362
-6.88536
-6.87918
-6.87374
-6.86805
-6.86326
-6.86084
-6.85628
-6.85188
-6.84648
-6.84374
-6.83998
-6.83438
-6.82918
-6.82735
-6.82999
-6.83555
-6.84296
-6.85449
-6.86912
-6.88616
-6.90211
-6.9145
-6.92302
-6.92623
-6.92308
-6.91702
-6.90956
-6.90096
-6.89269
-6.88496
-6.87535
-6.86651
-6.85863
-6.85324
-6.84901
-6.84804
-6.85288
-6.86128
-6.87439
-6.88924
-6.90727
-6.92222
-6.93447
-6.94486
-6.95108
-6.95581
-6.95559
-6.95085
-6.94283
-6.92837
-6.91529
-6.90015
-6.88835
-6.88012
-6.87535
-6.87714
-6.88218
-6.89171
-6.9025
-6.90845
-6.91218
-6.91271
-6.90977
-6.90409
-6.89403
-6.88086
-6.86313
-6.84391
-6.82424
-6.80565
-6.78934
-6.77963
-6.77579
-6.77871
-6.78743
-6.80129
-6.81458
-6.83021
-6.84407
-6.85675
-6.8685
-6.87999
-6.8912
-6.90329
-6.91862
-6.93227
-6.94713
-6.96117
-6.97291
-6.98402
-6.98801
-6.98305
-6.97343
-6.95531
-6.93164
-6.90456
-6.87674
-6.8538
-6.83566
-6.82597
-6.81951
-6.82355
-6.83411
-6.84928
-6.86698
-6.88733
-6.90732
-6.92026
-6.92837
-6.93108
-6.92646
-6.91529
-6.90451
-6.88815
-6.87416
-6.8643
-6.85855
-6.85798
-6.86075
-6.86372
-6.86743
-6.87297
-6.88185
-6.88974
-6.89835
-6.90973
-6.92243
-6.93068
-6.94017
-6.94354
-6.94371
-6.94114
-6.93608
-6.92695
-6.91738
-6.91098
-6.90213
-6.89521
-6.89095
-6.8845
-6.88089
-6.87729
-6.87909
-6.88129
-6.88591
-6.89032
-6.89454
-6.89882
-6.90296
-6.90671
-6.91032
-6.90838
-6.90179
-6.88947
-6.87629
-6.86401
-6.85478
-6.84907
-6.84547
-6.84518
-6.84459
-6.84635
-6.84794
-6.85187
-6.85752
-6.8667
-6.88093
-6.8939
-6.90894
-6.92398
-6.93421
-6.94305
-6.94795
-6.95137
-6.95436
-6.95577
-6.95234
-6.94881
-6.94223
-6.93236
-6.92345
-6.91199
-6.90428
-6.9026
-6.90278
-6.91045
-6.92184
-6.93319
-6.94203
-6.94906
-6.94883
-6.94259
-6.93371
-6.91654
-6.89958
-6.88322
-6.87177
-6.86337
-6.85931
-6.85943
-6.8602
-6.86006
-6.8545
-6.84884
-6.84064
-6.83449
-6.83378
-6.83617
-6.84068
-6.84918
-6.85588
-6.86067
-6.86347
-6.86399
-6.86176
-6.85984
-6.86112
-6.86615
-6.87436
-6.88627
-6.89818
-6.90881
-6.91343
-6.91719
-6.91829
-6.91453
-6.91177
-6.90764
-6.90478
-6.90052
-6.90123
-6.89967
-6.90517
-6.91543
-6.92669
-6.93741
-6.94394
-6.94605
-6.9472
-6.94614
-6.94418
-6.94464
-6.94589
-6.94589
-6.94718
-6.93951
-6.93089
-6.92066
-6.90946
-6.89724
-6.88439
-6.87441
-6.86747
-6.86126
-6.85829
-6.85805
-6.86243
-6.86762
-6.87433
-6.88215
-6.89183
-6.89589
-6.89598
-6.89669
-6.89329
-6.88752
-6.88309
-6.87873
-6.87643
-6.87731
-6.87695
-6.87687
-6.87313
-6.87076
-6.87061
-6.86516
-6.86263
-6.86243
-6.86403
-6.87102
-6.88251
-6.89379
-6.90668
-6.91852
-6.92658
-6.93274
-6.93454
-6.93082
-6.92643
-6.91471
-6.90158
-6.88396
-6.86573
-6.85106
-6.84014
-6.8329
-6.83024
-6.82867
-6.83173
-6.83767
-6.84601
-6.85451
-6.86503
-6.87651
-6.88618
-6.89796
-6.90709
-6.91528
-6.92036
-6.92502
-6.92705
-6.92942
-6.92986
-6.92895
-6.93181
-6.93555
-6.93725
-6.93851
-6.93634
-6.92856
-6.91631
-6.89891
-6.87983
-6.85904
-6.84241
-6.82882
-6.81963
-6.81977
-6.82614
-6.83839
-6.85494
-6.87421
-6.89381
-6.91265
-6.92533
-6.93381
-6.93713
-6.93502
-6.92726
-6.91239
-6.89773
-6.8787
-6.86409
-6.85079
-6.84369
-6.83908
-6.84157
-6.84769
-6.85859
-6.87235
-6.88603
-6.89857
-6.91014
-6.91621
-6.91789
-6.91419
-6.90236
-6.88718
-6.86904
-6.85134
-6.83291
-6.81843
-6.80759
-6.80953
-6.82471
-6.84466
-6.86834
-6.89549
-6.91923
-6.94033
-6.95596
-6.96508
-6.96556
-6.96034
-6.95394
-6.94208
-6.93024
-6.92177
-6.91528
-6.91232
-6.91236
-6.91409
-6.91466
-6.9149
-6.91323
-6.90718
-6.89672
-6.88467
-6.8696
-6.85339
-6.83702
-6.82108
-6.80913
-6.80151
-6.80007
-6.80356
-6.812
-6.82703
-6.84735
-6.87227
-6.89788
-6.92338
-6.94548
-6.9615
-6.97227
-6.9754
-6.97683
-6.96881
-6.95797
-6.94549
-6.93118
-6.91194
-6.89063
-6.87205
-6.85183
-6.82933
-6.81199
-6.80375
-6.80516
-6.81569
-6.83629
-6.85734
-6.87935
-6.89988
-6.91323
-6.92262
-6.92361
-6.91407
-6.90158
-6.88844
-6.87429
-6.8633
-6.85644
-6.85562
-6.85635
-6.86154
-6.86855
-6.87152
-6.87753
-6.88094
-6.88126
-6.8763
-6.87019
-6.86277
-6.85357
-6.84578
-6.83985
-6.84118
-6.84582
-6.8569
-6.86815
-6.88536
-6.9041
-6.91996
-6.93343
-6.94065
-6.94344
-6.9396
-6.93241
-6.91871
-6.90287
-6.88542
-6.86686
-6.85079
-6.83927
-6.83374
-6.83464
-6.8414
-6.85093
-6.86453
-6.87755
-6.89047
-6.90494
-6.91912
-6.92839
-6.93381
-6.93315
-6.9244
-6.91476
-6.90166
-6.88847
-6.87566
-6.86604
-6.85838
-6.85221
-6.84859
-6.84573
-6.84524
-6.84526
-6.84815
-6.85596
-6.87001
-6.88793
-6.90609
-6.92022
-6.92878
-6.92976
-6.92573
-6.91576
-6.90699
-6.89932
-6.89505
-6.89485
-6.89533
-6.89646
-6.89534
-6.89155
-6.88671
-6.88119
-6.8716
-6.86232
-6.85257
-6.84775
-6.84537
-6.84772
-6.85351
-6.86354
-6.8781
-6.89703
-6.91686
-6.93663
-6.95245
-6.96391
-6.9696
-6.96492
-6.95588
-6.93995
-6.91876
-6.89798
-6.87491
-6.8535
-6.83802
-6.82586
-6.81857
-6.81981
-6.82567
-6.83686
-6.84989
-6.86571
-6.87764
-6.88868
-6.89931
-6.90399
-6.90704
-6.90771
-6.90677
-6.90292
-6.89951
-6.89942
-6.8996
-6.90438
-6.91164
-6.92213
-6.93216
-6.93964
-6.94087
-6.9392
-6.93552
-6.92895
-6.91969
-6.91157
-6.90405
-6.89831
-6.89165
-6.88401
-6.87423
-6.86408
-6.85326
-6.84347
-6.83578
-6.82798
-6.82213
-6.82006
-6.82174
-6.82999
-6.84308
-6.85967
-6.87963
-6.89777
-6.91777
-6.93666
-6.951
-6.95755
-6.9607
-6.95951
-6.94899
-6.93249
-6.91312
-6.89241
-6.87045
-6.84921
-6.83409
-6.82459
-6.82164
-6.82348
-6.8302
-6.8375
-6.84669
-6.85404
-6.85975
-6.86447
-6.86739
-6.86622
-6.86094
-6.85935
-6.85794
-6.8615
-6.87152
-6.88639
-6.90514
-6.92599
-6.94735
-6.9664
-6.97925
-6.98434
-6.98223
-6.97214
-6.9594
-6.94195
-6.92686
-6.91067
-6.89594
-6.88402
-6.87535
-6.86851
-6.86432
-6.86103
-6.85552
-6.84821
-6.84336
-6.84009
-6.8382
-6.84089
-6.8471
-6.85705
-6.86764
-6.88097
-6.89034
-6.89765
-6.90343
-6.90511
-6.90257
-6.89857
-6.89495
-6.89534
-6.89554
-6.89846
-6.89883
-6.90103
-6.90158
-6.905
-6.90325
-6.90621
-6.90916
-6.91259
-6.91705
-6.91989
-6.92318
-6.92636
-6.92843
-6.9262
-6.91951
-6.91138
-6.90311
-6.89599
-6.88797
-6.87894
-6.86827
-6.85219
-6.83797
-6.8223
-6.80871
-6.80249
-6.80269
-6.80994
-6.82421
-6.84129
-6.85789
-6.87217
-6.88719
-6.90055
-6.91228
-6.92723
-6.94126
-6.95226
-6.96231
-6.96711
-6.97049
-6.96653
-6.96306
-6.95421
-6.94611
-6.93654
-6.92975
-6.92578
-6.92463
-6.9211
-6.91598
-6.90747
-6.8947
-6.87779
-6.86062
-6.84254
-6.82378
-6.80939
-6.79937
-6.79434
-6.79512
-6.80058
-6.80924
-6.81944
-6.83228
-6.84135
-6.85025
-6.85444
-6.86174
-6.87116
-6.87972
-6.8929
-6.90868
-6.92127
-6.92995
-6.93181
-6.93192
-6.92654
-6.91861
-6.90583
-6.89378
-6.88372
-6.87557
-6.87419
-6.87788
-6.88643
-6.90097
-6.91694
-6.93236
-6.94638
-6.95565
-6.95886
-6.956
-6.95154
-6.94443
-6.9336
-6.92265
-6.91523
-6.90572
-6.90037
-6.89538
-6.89078
-6.88387
-6.87534
-6.87
-6.8643
-6.86314
-6.86105
-6.8649
-6.87437
-6.88637
-6.90185
-6.91338
-6.92597
-6.92929
-6.93084
-6.92252
-6.9046
-6.87903
-6.8529
-6.82408
-6.79786
-6.78025
-6.77218
-6.77811
-6.79322
-6.81844
-6.8568
-6.89587
-6.93306
-6.96428
-6.98565
-6.99681
-6.99359
-6.98133
-6.96455
-6.93966
-6.91634
-6.89602
-6.87866
-6.86569
-6.85599
-6.85549
-6.86211
-6.87154
-6.88495
-6.90126
-6.9181
-6.93239
-6.94588
-6.95209
-6.95093
-6.94463
-6.93125
-6.9182
-6.90098
-6.88392
-6.86703
-6.84776
-6.82791
-6.80906
-6.79354
-6.78465
-6.78139
-6.78986
-6.80565
-6.83088
-6.85736
-6.88641
-6.91074
-6.93042
-6.94453
-6.94992
-6.94351
-6.93363
-6.91677
-6.90022
-6.88208
-6.86781
-6.86254
-6.86362
-6.872
-6.88171
-6.89435
-6.90723
-6.92093
-6.93155
-6.93413
-6.93104
-6.92522
-6.91474
-6.89736
-6.88011
-6.86193
-6.84329
-6.82598
-6.81029
-6.79865
-6.79193
-6.79147
-6.79675
-6.81191
-6.83483
-6.86156
-6.88808
-6.91472
-6.93878
-6.95657
-6.96691
-6.96844
-6.96185
-6.95035
-6.93619
-6.92296
-6.91166
-6.90471
-6.90349
-6.90442
-6.90545
-6.90272
-6.90123
-6.89717
-6.89408
-6.89034
-6.88822
-6.89081
-6.89409
-6.90116
-6.9096
-6.91886
-6.92338
-6.92422
-6.92476
-6.9205
-6.91304
-6.90492
-6.89545
-6.88033
-6.86254
-6.84418
-6.82956
-6.8199
-6.81448
-6.81692
-6.82698
-6.84154
-6.8536
-6.86917
-6.88195
-6.89368
-6.90309
-6.91032
-6.91716
-6.92467
-6.93336
-6.93637
-6.93503
-6.93265
-6.92826
-6.92378
-6.91854
-6.91454
-6.91373
-6.9149
-6.91113
-6.90666
-6.89554
-6.88068
-6.86364
-6.84665
-6.83026
-6.81471
-6.80233
-6.79657
-6.79786
-6.80893
-6.82299
-6.84182
-6.85958
-6.87519
-6.88767
-6.89582
-6.901
-6.90373
-6.90291
-6.90281
-6.90149
-6.9019
-6.90257
-6.90612
-6.91454
-6.92515
-6.93658
-6.94425
-6.95149
-6.95125
-6.94769
-6.94129
-6.93349
-6.92271
-6.91189
-6.90214
-6.89633
-6.89336
-6.8928
-6.89524
-6.90158
-6.90843
-6.91546
-6.92453
-6.93141
-6.93544
-6.9334
-6.92676
-6.91879
-6.90554
-6.89318
-6.87679
-6.86115
-6.84579
-6.8326
-6.82255
-6.81968
-6.82029
-6.82599
-6.83508
-6.84524
-6.85359
-6.86064
-6.86426
-6.86842
-6.86978
-6.87276
-6.87424
-6.87801
-6.88308
-6.88859
-6.89748
-6.90681
-6.91486
-6.9246
-6.93107
-6.94144
-6.9484
-6.95281
-6.95725
-6.96208
-6.96234
-6.95881
-6.94845
-6.93914
-6.92972
-6.92122
-6.91401
-6.91123
-6.91099
-6.90801
-6.90552
-6.90103
-6.89226
-6.88021
-6.86256
-6.84026
-6.8192
-6.79871
-6.78231
-6.77213
-6.7697
-6.77817
-6.79369
-6.81415
-6.84017
-6.86941
-6.89553
-6.91881
-6.94024
-6.95619
-6.96778
-6.9731
-6.97334
-6.96885
-6.96142
-6.95041
-6.93713
-6.92646
-6.91887
-6.91817
-6.92075
-6.92751
-6.93571
-6.94058
-6.94062
-6.93576
-6.9256
-6.91173
-6.89599
-6.8773
-6.86222
-6.84931
-6.84145
-6.83939
-6.84591
-6.85947
-6.87471
-6.89467
-6.91158
-6.92337
-6.92601
-6.9256
-6.91994
-6.90858
-6.89705
-6.88631
-6.87765
-6.86962
-6.86137
-6.85338
-6.84313
-6.83069
-6.81734
-6.80476
-6.79285
-6.78298
-6.77984
-6.78341
-6.7936
-6.80877
-6.82748
-6.84892
-6.86869
-6.88873
-6.90309
-6.9146
-6.92476
-6.9317
-6.93826
-6.94764
-6.95657
-6.96489
-6.96833
-6.96807
-6.96434
-6.95396
-6.93549
-6.91472
-6.88992
-6.86913
-6.85059
-6.83728
-6.83367
-6.83369
-6.84085
-6.85018
-6.86333
-6.87655
-6.88582
-6.89582
-6.90247
-6.90813
-6.90933
-6.91115
-6.91096
-6.91149
-6.91273
-6.91626
-6.92434
-6.93455
-6.94674
-6.95494
-6.96604
-6.97262
-6.97717
-6.98109
-6.979
-6.97359
-6.96817
-6.9605
-6.94862
-6.93621
-6.91866
-6.90086
-6.88316
-6.86217
-6.83777
-6.81392
-6.78825
-6.76399
-6.74317
-6.72753
-6.71751
-6.71337
-6.71426
-6.71704
-6.72322
-6.73211
-6.74147
-6.75317
-6.768
-6.78891
-6.81111
-6.83565
-6.85901
-6.88262
-6.90144
-6.91865
-6.93429
-6.94939
-6.95933
-6.96932
-6.97384
-6.97581
-6.97515
-6.97363
-6.96931
-6.96357
-6.9607
-6.9618
-6.96109
-6.95359
-6.9444
-6.93163
-6.91703
-6.89768
-6.87731
-6.85859
-6.83914
-6.82257
-6.81305
-6.80935
-6.81118
-6.81933
-6.83458
-6.85314
-6.874
-6.89389
-6.91234
-6.92698
-6.94225
-6.95134
-6.95366
-6.95367
-6.94695
-6.9394
-6.932
-6.92434
-6.91893
-6.91562
-6.91342
-6.91588
-6.91865
-6.92257
-6.92609
-6.9316
-6.93598
-6.93664
-6.93583
-6.92971
-6.91916
-6.9077
-6.89767
-6.88806
-6.87938
-6.87479
-6.87344
-6.8705
-6.86327
-6.85041
-6.8313
-6.81365
-6.78879
-6.76657
-6.75021
-6.74167
-6.74109
-6.74768
-6.7638
-6.78813
-6.81749
-6.84375
-6.86856
-6.8899
-6.90628
-6.91437
-6.91857
-6.91895
-6.91586
-6.91295
-6.91317
-6.91545
-6.91964
-6.92551
-6.93134
-6.93501
-6.93547
-6.93157
-6.92624
-6.91145
-6.89394
-6.87551
-6.85747
-6.8414
-6.83266
-6.82573
-6.82656
-6.82932
-6.83969
-6.85043
-6.86238
-6.87361
-6.88264
-6.89008
-6.89415
-6.89408
-6.89078
-6.88491
-6.87611
-6.86804
-6.86002
-6.85672
-6.85488
-6.86092
-6.87335
-6.89023
-6.90647
-6.927
-6.94711
-6.96153
-6.97044
-6.97233
-6.96769
-6.9579
-6.94035
-6.9178
-6.89651
-6.87998
-6.86969
-6.86384
-6.86411
-6.86978
-6.87589
-6.88441
-6.89198
-6.89314
-6.89306
-6.89474
-6.8948
-6.89814
-6.9047
-6.90974
-6.91582
-6.91842
-6.91613
-6.9106
-6.9027
-6.89374
-6.88202
-6.87367
-6.86458
-6.85653
-6.85111
-6.8488
-6.84731
-6.84631
-6.85143
-6.85649
-6.85989
-6.8648
-6.86804
-6.87279
-6.879
-6.8834
-6.88943
-6.89538
-6.90078
-6.90515
-6.90912
-6.91491
-6.92
-6.92364
-6.92545
-6.92618
-6.92335
-6.91816
-6.90854
-6.89825
-6.89544
-6.90077
-6.91605
-6.94133
-6.96808
-6.99026
-7.00183
-7.00331
-6.99118
-6.96999
-6.94256
-6.91079
-6.87903
-6.8529
-6.82868
-6.80999
-6.7976
-6.79196
-6.78905
-6.79197
-6.79907
-6.80722
-6.81963
-6.83609
-6.85262
-6.87295
-6.89314
-6.91344
-6.9322
-6.95178
-6.96988
-6.9845
-6.99294
-6.99561
-6.98985
-6.97988
-6.96558
-6.94668
-6.92334
-6.89733
-6.87245
-6.84825
-6.82383
-6.80879
-6.80056
-6.80208
-6.81189
-6.82726
-6.84953
-6.87827
-6.9073
-6.93292
-6.953
-6.96428
-6.96821
-6.96323
-6.94939
-6.92904
-6.90332
-6.87437
-6.84822
-6.82803
-6.8173
-6.81918
-6.82589
-6.84597
-6.87123
-6.89511
-6.9145
-6.93261
-6.94242
-6.94323
-6.9399
-6.93028
-6.91736
-6.899
-6.88394
-6.87341
-6.86761
-6.86718
-6.87454
-6.88207
-6.88881
-6.89106
-6.8863
-6.87538
-6.86104
-6.84393
-6.82763
-6.81386
-6.80389
-6.80135
-6.80346
-6.80994
-6.82436
-6.84051
-6.85904
-6.87917
-6.89732
-6.91581
-6.93115
-6.94557
-6.96173
-6.97838
-6.99412
-7.00816
-7.01891
-7.02248
-7.01793
-7.00571
-6.99014
-6.96865
-6.94455
-6.92003
-6.89557
-6.87212
-6.85172
-6.83344
-6.81972
-6.81348
-6.81394
-6.82336
-6.83595
-6.85343
-6.87112
-6.88187
-6.88746
-6.88363
-6.87425
-6.85679
-6.83802
-6.82247
-6.81246
-6.81317
-6.82279
-6.8418
-6.86594
-6.88985
-6.91422
-6.93897
-6.96074
-6.97558
-6.985
-6.98693
-6.9855
-6.97531
-6.96013
-6.94367
-6.9235
-6.9008
-6.87988
-6.86343
-6.85572
-6.85062
-6.85392
-6.86522
-6.88131
-6.90084
-6.92378
-6.94638
-6.96629
-6.97934
-6.98475
-6.97683
-6.96046
-6.93257
-6.89823
-6.86356
-6.82844
-6.7996
-6.782
-6.77026
-6.77091
-6.77813
-6.79161
-6.81014
-6.82984
-6.85101
-6.87054
-6.88338
-6.89383
-6.90423
-6.91026
-6.91423
-6.91661
-6.91684
-6.91379
-6.90704
-6.89978
-6.892
-6.88287
-6.87583
-6.86961
-6.86349
-6.8578
-6.85454
-6.8486
-6.84756
-6.84479
-6.84662
-6.84966
-6.8557
-6.86406
-6.87594
-6.88654
-6.8936
-6.89781
-6.90241
-6.90316
-6.90545
-6.91015
-6.91697
-6.92433
-6.92934
-6.93579
-6.93748
-6.93713
-6.93666
-6.93333
-6.93249
-6.93203
-6.93075
-6.93145
-6.92934
-6.92693
-6.92414
-6.92113
-6.91731
-6.91375
-6.91124
-6.91024
-6.90243
-6.89669
-6.89188
-6.88688
-6.87896
-6.87045
-6.86194
-6.85391
-6.84917
-6.84467
-6.84514
-6.84659
-6.84925
-6.85587
-6.86047
-6.86111
-6.85983
-6.85381
-6.84614
-6.84032
-6.83267
-6.83108
-6.83365
-6.84294
-6.85506
-6.86953
-6.88539
-6.89691
-6.90518
-6.90642
-6.90247
-6.89751
-6.88963
-6.88403
-6.87917
-6.87706
-6.87424
-6.88139
-6.8901
-6.89671
-6.90176
-6.90261
-6.89725
-6.89173
-6.88034
-6.86778
-6.86262
-6.86345
-6.86885
-6.88195
-6.90038
-6.91937
-6.93896
-6.95164
-6.95825
-6.95373
-6.94213
-6.92531
-6.9026
-6.8755
-6.85068
-6.83215
-6.82206
-6.81713
-6.82132
-6.82994
-6.84236
-6.85644
-6.87239
-6.88484
-6.89484
-6.90017
-6.9022
-6.90013
-6.89701
-6.89238
-6.88828
-6.88895
-6.89284
-6.90176
-6.91105
-6.92276
-6.93103
-6.93586
-6.93733
-6.9365
-6.93035
-6.92577
-6.92176
-6.92275
-6.92531
-6.93041
-6.93811
-6.94186
-6.93955
-6.93035
-6.91632
-6.89868
-6.88013
-6.85886
-6.83905
-6.82097
-6.80504
-6.79892
-6.7979
-6.803
-6.81081
-6.82311
-6.83836
-6.85664
-6.87276
-6.88927
-6.90416
-6.91372
-6.92071
-6.92583
-6.93275
-6.93927
-6.94047
-6.9428
-6.94289
-6.93766
-6.93215
-6.92551
-6.92031
-6.91564
-6.91482
-6.91594
-6.91851
-6.91783
-6.91762
-6.91472
-6.91164
-6.90482
-6.89629
-6.88683
-6.87762
-6.86916
-6.86266
-6.85562
-6.85078
-6.85056
-6.85889
-6.8696
-6.87983
-6.89098
-6.89764
-6.90092
-6.90269
-6.90049
-6.89806
-6.89862
-6.89907
-6.90068
-6.90868
-6.9141
-6.91769
-6.92238
-6.92381
-6.92308
-6.9182
-6.90823
-6.89379
-6.87407
-6.85397
-6.83092
-6.81368
-6.79951
-6.7931
-6.79207
-6.79328
-6.7966
-6.80088
-6.80788
-6.81145
-6.81606
-6.82031
-6.82961
-6.84417
-6.86257
-6.88557
-6.91071
-6.9325
-6.95098
-6.96216
-6.96667
-6.96024
-6.95192
-6.94292
-6.93252
-6.92299
-6.91755
-6.91434
-6.91621
-6.91982
-6.92505
-6.92806
-6.93214
-6.93449
-6.93495
-6.93711
-6.94105
-6.94463
-6.94898
-6.95148
-6.95517
-6.95752
-6.95905
-6.962
-6.96141
-6.96319
-6.96007
-6.94808
-6.92926
-6.90278
-6.86938
-6.83216
-6.79476
-6.76313
-6.73616
-6.71898
-6.71118
-6.71529
-6.72955
-6.75575
-6.78777
-6.82235
-6.85873
-6.89244
-6.92197
-6.94455
-6.96391
-6.97605
-6.98044
-6.97997
-6.97402
-6.96501
-6.95515
-6.9495
-6.94794
-6.94842
-6.94422
-6.9379
-6.91911
-6.89844
-6.87195
-6.84324
-6.81553
-6.79383
-6.78133
-6.77466
-6.7781
-6.78857
-6.79863
-6.80988
-6.81801
-6.82348
-6.8251
-6.82614
-6.83168
-6.83951
-6.85043
-6.86474
-6.88103
-6.8992
-6.91601
-6.92878
-6.93931
-6.94848
-6.95864
-6.96649
-6.97798
-6.98862
-6.99483
-7.00283
-7.0029
-6.99876
-6.98833
-6.97533
-6.95979
-6.94009
-6.91767
-6.89714
-6.87828
-6.86304
-6.85072
-6.84214
-6.83948
-6.84172
-6.84111
-6.83857
-6.83249
-6.82537
-6.82192
-6.82286
-6.82875
-6.84084
-6.8569
-6.87568
-6.89604
-6.91475
-6.92877
-6.93792
-6.93859
-6.93461
-6.91996
-6.90067
-6.87997
-6.85907
-6.83615
-6.81711
-6.80377
-6.79597
-6.79618
-6.80546
-6.81905
-6.84018
-6.8648
-6.88608
-6.91
-6.92847
-6.94178
-6.95388
-6.95716
-6.95642
-6.95104
-6.94433
-6.93407
-6.92663
-6.91891
-6.90981
-6.89452
-6.87603
-6.85264
-6.82902
-6.8043
-6.78259
-6.76796
-6.76337
-6.76994
-6.78971
-6.82129
-6.86016
-6.902
-6.9407
-6.97412
-6.99682
-7.0081
-7.0067
-6.99397
-6.97509
-6.95296
-6.93144
-6.91087
-6.89229
-6.88133
-6.87321
-6.87075
-6.87142
-6.87838
-6.88586
-6.89369
-6.90355
-6.91314
-6.92128
-6.92438
-6.92466
-6.91996
-6.91068
-6.90059
-6.88845
-6.87544
-6.86108
-6.8428
-6.82497
-6.80835
-6.79539
-6.79111
-6.79747
-6.81399
-6.83958
-6.86796
-6.89717
-6.92525
-6.95043
-6.96945
-6.98125
-6.98253
-6.97849
-6.97194
-6.95811
-6.94519
-6.93048
-6.91286
-6.89709
-6.87917
-6.86067
-6.84581
-6.83311
-6.82194
-6.81627
-6.81622
-6.81998
-6.8279
-6.84125
-6.8566
-6.8718
-6.88408
-6.8942
-6.90316
-6.90929
-6.91063
-6.91077
-6.91069
-6.9075
-6.90631
-6.90232
-6.89755
-6.89255
-6.88854
-6.88506
-6.8801
-6.87528
-6.86728
-6.86233
-6.85605
-6.85327
-6.85034
-6.85157
-6.86015
-6.87017
-6.8837
-6.90372
-6.92462
-6.94549
-6.96408
-6.98334
-6.99786
-7.00596
-7.0082
-7.00407
-6.99288
-6.97402
-6.94976
-6.92305
-6.89761
-6.87657
-6.85962
-6.84322
-6.83191
-6.82222
-6.81455
-6.81148
-6.80715
-6.80245
-6.79541
-6.79023
-6.78442
-6.78247
-6.78327
-6.79305
-6.80954
-6.83029
-6.85003
-6.87128
-6.89222
-6.90692
-6.91882
-6.92727
-6.93344
-6.93547
-6.93403
-6.9327
-6.92637
-6.91409
-6.90286
-6.89063
-6.88187
-6.87229
-6.86682
-6.86702
-6.87089
-6.88191
-6.89473
-6.91297
-6.92834
-6.94215
-6.95294
-6.96027
-6.9646
-6.96576
-6.96407
-6.96124
-6.95898
-6.95645
-6.94647
-6.93595
-6.92329
-6.90763
-6.89216
-6.87297
-6.85638
-6.84326
-6.82859
-6.81452
-6.80095
-6.79177
-6.78246
-6.77737
-6.77514
-6.77563
-6.77857
-6.78493
-6.79436
-6.80758
-6.82302
-6.84016
-6.85898
-6.87769
-6.89925
-6.91776
-6.93179
-6.94649
-6.95566
-6.96181
-6.96177
-6.96202
-6.95983
-6.96211
-6.96789
-6.9813
-6.99535
-7.00627
-7.01859
-7.02189
-7.02074
-7.0131
-6.99999
-6.9788
-6.9523
-6.92572
-6.8963
-6.86834
-6.84495
-6.82732
-6.8148
-6.80707
-6.80558
-6.80505
-6.80512
-6.80653
-6.80631
-6.80608
-6.80565
-6.80564
-6.80877
-6.81395
-6.82196
-6.83548
-6.84764
-6.86062
-6.87443
-6.88899
-6.89703
-6.90284
-6.89997
-6.89322
-6.88108
-6.86453
-6.84378
-6.82254
-6.80864
-6.8002
-6.80217
-6.81315
-6.82928
-6.85177
-6.8757
-6.89949
-6.92154
-6.93722
-6.95287
-6.96258
-6.96916
-6.96794
-6.96072
-6.94787
-6.92809
-6.90491
-6.87917
-6.85191
-6.82999
-6.81234
-6.80223
-6.79803
-6.8017
-6.81205
-6.82654
-6.84449
-6.86378
-6.88679
-6.90997
-6.93531
-6.96117
-6.98388
-7.00201
-7.01514
-7.02416
-7.02685
-7.02374
-7.01453
-7.00067
-6.98149
-6.9579
-6.93174
-6.90853
-6.88861
-6.87094
-6.85679
-6.8492
-6.84608
-6.84858
-6.8499
-6.85317
-6.85384
-6.85279
-6.8466
-6.84043
-6.83394
-6.83161
-6.83555
-6.84523
-6.8572
-6.87553
-6.89501
-6.91143
-6.92569
-6.93397
-6.93667
-6.93079
-6.91955
-6.90707
-6.89576
-6.88792
-6.88598
-6.88899
-6.89416
-6.90308
-6.91109
-6.9224
-6.93093
-6.94179
-6.95234
-6.956
-6.95629
-6.95395
-6.94487
-6.93298
-6.91383
-6.89332
-6.87255
-6.85167
-6.83611
-6.8255
-6.8208
-6.82035
-6.82363
-6.83483
-6.84898
-6.86679
-6.8861
-6.90417
-6.91901
-6.92685
-6.9292
-6.9276
-6.91807
-6.90401
-6.88685
-6.87052
-6.85658
-6.84699
-6.84357
-6.84543
-6.85029
-6.86032
-6.87696
-6.88934
-6.90231
-6.91069
-6.91776
-6.92231
-6.92095
-6.91685
-6.90946
-6.90189
-6.89377
-6.88743
-6.88468
-6.8831
-6.88688
-6.89293
-6.90185
-6.91353
-6.91934
-6.92273
-6.92339
-6.92389
-6.92456
-6.92046
-6.91343
-6.90605
-6.89257
-6.87443
-6.85566
-6.8356
-6.81928
-6.80894
-6.80583
-6.81363
-6.8288
-6.85037
-6.8766
-6.90241
-6.92731
-6.9458
-6.96013
-6.96834
-6.97799
-6.98197
-6.9824
-6.97823
-6.9709
-6.95999
-6.94527
-6.92881
-6.91541
-6.89869
-6.88554
-6.87066
-6.86297
-6.85697
-6.85845
-6.86382
-6.87385
-6.88611
-6.90294
-6.92104
-6.93808
-6.94656
-6.95594
-6.95815
-6.95523
-6.94705
-6.93185
-6.91472
-6.8961
-6.88073
-6.86527
-6.85762
-6.85333
-6.85481
-6.85437
-6.85876
-6.86451
-6.87109
-6.87781
-6.88508
-6.88909
-6.88532
-6.87724
-6.86601
-6.84682
-6.8248
-6.80497
-6.78828
-6.77749
-6.77667
-6.78423
-6.80115
-6.82688
-6.8568
-6.88985
-6.92152
-6.95296
-6.98037
-7.00009
-7.01028
-7.00705
-6.9929
-6.96929
-6.93811
-6.90483
-6.87349
-6.84552
-6.82876
-6.82046
-6.82159
-6.82725
-6.84087
-6.85465
-6.86709
-6.878
-6.88463
-6.89027
-6.89778
-6.90618
-6.91221
-6.92196
-6.93385
-6.94087
-6.94636
-6.94681
-6.94663
-6.93906
-6.93213
-6.92138
-6.90792
-6.89621
-6.88447
-6.87433
-6.87013
-6.8666
-6.86748
-6.87013
-6.87455
-6.87848
-6.88275
-6.88677
-6.88794
-6.89016
-6.89146
-6.89826
-6.90704
-6.91655
-6.92947
-6.94449
-6.95719
-6.96904
-6.97485
-6.97306
-6.96715
-6.9525
-6.93065
-6.90653
-6.87988
-6.85447
-6.8269
-6.80356
-6.78253
-6.77001
-6.76238
-6.76103
-6.76182
-6.7678
-6.77651
-6.78755
-6.79669
-6.80652
-6.81683
-6.82543
-6.83439
-6.8433
-6.85546
-6.86592
-6.87965
-6.89251
-6.90785
-6.92127
-6.93363
-6.9451
-6.95758
-6.9666
-6.97537
-6.97638
-6.97781
-6.97426
-6.97332
-6.96935
-6.96816
-6.96188
-6.9567
-6.95301
-6.95019
-6.94579
-6.94179
-6.93615
-6.92871
-6.9188
-6.90802
-6.89796
-6.88664
-6.8736
-6.85991
-6.84774
-6.83107
-6.81885
-6.80841
-6.80051
-6.79968
-6.80183
-6.80581
-6.81328
-6.82469
-6.83936
-6.85508
-6.87282
-6.88939
-6.90358
-6.91531
-6.91801
-6.91585
-6.90707
-6.89471
-6.88341
-6.87641
-6.8765
-6.88491
-6.89764
-6.90896
-6.9183
-6.92655
-6.93431
-6.94619
-6.95525
-6.96455
-6.972
-6.9792
-6.98349
-6.98433
-6.98147
-6.97509
-6.96469
-6.94923
-6.92965
-6.9042
-6.88
-6.85333
-6.83065
-6.81305
-6.80244
-6.8002
-6.80303
-6.80984
-6.82446
-6.84392
-6.86481
-6.88518
-6.90418
-6.91962
-6.93313
-6.94288
-6.95471
-6.96422
-6.97481
-6.98089
-6.98581
-6.98838
-6.98732
-6.98156
-6.97096
-6.95624
-6.9349
-6.90855
-6.88049
-6.85498
-6.8298
-6.81038
-6.79621
-6.7872
-6.78466
-6.78575
-6.78846
-6.79401
-6.79939
-6.8057
-6.81222
-6.8149
-6.81614
-6.81912
-6.82117
-6.82545
-6.83067
-6.84104
-6.85722
-6.87785
-6.90073
-6.92389
-6.94726
-6.96622
-6.98267
-6.99435
-7.00244
-7.0072
-7.00835
-7.00538
-6.99876
-6.98506
-6.97
-6.95173
-6.93165
-6.90697
-6.87759
-6.84783
-6.82015
-6.79548
-6.77907
-6.77442
-6.77827
-6.79306
-6.81613
-6.84286
-6.87253
-6.89911
-6.91914
-6.93297
-6.93832
-6.93571
-6.92572
-6.90901
-6.88892
-6.86523
-6.83933
-6.81226
-6.78999
-6.77177
-6.75809
-6.75155
-6.75418
-6.76404
-6.78075
-6.80713
-6.83716
-6.86869
-6.89918
-6.92665
-6.94885
-6.96565
-6.97489
-6.97579
