1.2038
1.20562
1.20699
1.2096
1.21451
1.22183
1.23056
1.23893
1.245
1.2471
1.24416
1.23593
1.22285
1.20577
1.18587
1.16437
1.14239
1.12085
1.10054
1.08242
1.06773
1.05792
1.05417
1.05689
1.06552
1.07865
1.09433
1.1105
1.12519
1.13669
1.14365
1.14538
1.14204
1.13462
1.1248
1.11461
1.10612
1.10127
1.10146
1.10707
1.1173
1.13038
1.14414
1.15658
1.16634
1.1732
1.17844
1.18451
1.19349
1.20526
1.21672
1.22364
1.22367
1.21727
1.20646
1.19299
1.17749
1.15973
1.13955
1.11767
1.09573
1.07592
1.06033
1.05042
1.0466
1.04799
1.05278
1.05913
1.06605
1.07374
1.08322
1.09562
1.11153
1.13069
1.15192
1.17357
1.19391
1.21168
1.22628
1.23762
1.24588
1.25124
1.25381
1.25374
1.25111
1.24576
1.23769
1.22716
1.21488
1.20194
1.18938
1.17788
1.16765
1.15857
1.15052
1.14353
1.13773
1.13327
1.13008
1.12786
1.12615
1.12433
1.12188
1.11846
1.11411
1.10921
1.10452
1.10085
1.09894
1.09913
1.10126
1.10452
1.10788
1.11036
1.11165
1.11216
1.11253
1.11316
1.11407
1.11538
1.11756
1.12153
1.12825
1.13822
1.15104
1.16565
1.18045
1.19348
1.20292
1.20745
1.20668
1.20137
1.19304
1.18304
1.17146
1.15747
1.14082
1.12314
1.10798
1.0991
1.09834
1.10471
1.11526
1.12674
1.13671
1.14362
1.14639
1.14434
1.1376
1.12752
1.11677
1.10838
1.10452
1.10608
1.11286
1.12409
1.13891
1.15639
1.17545
1.19467
1.21239
1.22658
1.23505
1.23629
1.23025
1.21881
1.20547
1.19415
1.18771
1.187
1.19096
1.19729
1.20358
1.20808
1.21
1.20952
1.20742
1.20448
1.20116
1.19783
1.19475
1.1921
1.18942
1.18553
1.17856
1.16672
1.14899
1.12581
1.09946
1.07388
1.05343
1.04092
1.03647
1.03788
1.04202
1.04612
1.04855
1.04897
1.0479
1.04648
1.04596
1.04739
1.05172
1.05969
1.07146
1.0864
1.10303
1.11939
1.13376
1.14482
1.15184
1.15484
1.15438
1.15156
1.14782
1.14477
1.14391
1.14649
1.15314
1.16382
1.17788
1.19423
1.21161
1.22888
1.24505
1.25883
1.26865
1.27285
1.27048
1.26153
1.24692
1.22821
1.2072
1.18573
1.16556
1.14849
1.13609
1.12942
1.12875
1.13329
1.14119
1.14974
1.15607
1.15786
1.15409
1.14524
1.13313
1.1202
1.10866
1.10008
1.09517
1.09386
1.09555
1.09932
1.10416
1.10903
1.11269
1.11348
1.10927
1.098
1.07851
1.05139
1.0193
0.98691
0.960068
0.944614
0.945227
0.964122
0.999813
1.04727
1.09943
1.14978
1.19377
1.22915
1.25536
1.27304
1.28352
1.28838
1.28902
1.28637
1.28072
1.27201
1.26017
1.24543
1.22851
1.21081
1.19411
1.18005
1.16999
1.16467
1.16416
1.16792
1.17456
1.18215
1.18843
1.19152
1.19042
1.18529
1.17733
1.16827
1.1596
1.15213
1.14572
1.13939
1.13173
1.12157
1.10848
1.09309
1.07698
1.06223
1.05088
1.04458
1.04433
1.0501
1.06076
1.07424
1.08819
1.10039
1.10926
1.1142
1.11558
1.11462
1.11295
1.11201
1.11285
1.11582
1.12083
1.12735
1.1346
1.14174
1.14826
1.15406
1.15924
1.16381
1.16728
1.16868
1.16716
1.16218
1.15378
1.14239
1.12837
1.11211
1.09412
1.07524
1.05703
1.04171
1.03187
1.03011
1.0382
1.05633
1.0827
1.11386
1.14581
1.17519
1.19997
1.21939
1.23372
1.24371
1.25007
1.25321
1.25285
1.24824
1.23845
1.22312
1.20277
1.17913
1.15478
1.13231
1.11351
1.09911
1.0887
1.08096
1.07444
1.06869
1.0651
1.06621
1.07444
1.09026
1.11172
1.13529
1.1573
1.17523
1.18816
1.19661
1.20186
1.20516
1.20714
1.20788
1.20713
1.20471
1.20074
1.19564
1.19025
1.18573
1.18309
1.18277
1.18459
1.18757
1.1901
1.19028
1.18645
1.17766
1.16365
1.14479
1.12187
1.09584
1.06796
1.03987
1.01372
0.991982
0.977108
0.971138
0.975424
0.990238
1.01451
1.04559
1.07948
1.11155
1.13753
1.15463
1.16213
1.16131
1.15486
1.1456
1.1355
1.12557
1.1162
1.10807
1.10243
1.10115
1.10638
1.11978
1.14175
1.17087
1.20421
1.23813
1.26934
1.29525
1.31402
1.3241
1.3242
1.31357
1.29228
1.26184
1.22514
1.1863
1.15007
1.12081
1.10153
1.09324
1.0949
1.10421
1.11835
1.13462
1.15054
1.16382
1.1722
1.1736
1.16671
1.15149
1.12954
1.10413
1.07975
1.06097
1.05109
1.05088
1.05855
1.07078
1.08429
1.09712
1.10879
1.11985
1.1312
1.14347
1.15676
1.17054
1.18384
1.19577
1.20568
1.21355
1.21988
1.22533
1.23027
1.23437
1.23627
1.23379
1.22464
1.20728
1.1817
1.14953
1.11367
1.07763
1.0451
1.01924
1.00221
0.99478
0.996081
1.00407
1.0164
1.03093
1.04641
1.06265
1.08011
1.09948
1.1215
1.14655
1.17431
1.20364
1.2329
1.26052
1.28497
1.30465
1.31795
1.32344
1.32027
1.3083
1.28813
1.26119
1.22953
1.19567
1.16216
1.13116
1.10385
1.0804
1.06027
1.04287
1.02807
1.01648
1.00933
1.00813
1.01406
1.02753
1.04802
1.07448
1.10551
1.13942
1.17391
1.20615
1.2333
1.25331
1.26527
1.26927
1.26616
1.2567
1.24148
1.22116
1.19689
1.17037
1.14362
1.11855
1.09695
1.08018
1.06915
1.06404
1.06431
1.06889
1.07638
1.08534
1.09428
1.10179
1.10649
1.10743
1.10445
1.09829
1.09054
1.08324
1.07835
1.07736
1.08087
1.0887
1.09988
1.11308
1.12706
1.14095
1.15429
1.16682
1.17831
1.18828
1.196
1.20059
1.20123
1.19729
1.18854
1.17522
1.15805
1.13842
1.11825
1.09972
1.08511
1.0765
1.07549
1.08307
1.09945
1.1237
1.15387
1.18718
1.22025
1.24988
1.27354
1.28959
1.29726
1.29669
1.28858
1.27388
1.25358
1.22871
1.20047
1.17025
1.13991
1.1118
1.08867
1.07313
1.06689
1.07
1.08081
1.09654
1.1141
1.13053
1.14342
1.151
1.15218
1.14674
1.13521
1.11887
1.09949
1.07957
1.06218
1.05031
1.04586
1.04901
1.05846
1.07235
1.08923
1.10836
1.12932
1.15138
1.17343
1.19401
1.21196
1.22652
1.23718
1.24338
1.24439
1.23918
1.22678
1.20666
1.17941
1.14718
1.11407
1.08574
1.06818
1.06577
1.07941
1.10621
1.14057
1.1758
1.20583
1.22598
1.23344
1.22734
1.20879
1.18095
1.1487
1.11796
1.09436
1.08164
1.08079
1.09003
1.1055
1.12247
1.1364
1.14414
1.14473
1.13949
1.13169
1.12503
1.12235
1.12464
1.1312
1.14024
1.14941
1.15638
1.15934
1.15733
1.1507
1.14086
1.1299
1.1201
1.11378
1.11304
1.1193
1.13278
1.1515
1.17134
1.18741
1.19581
1.19483
1.18525
1.16983
1.15243
1.13669
1.12508
1.11824
1.11504
1.11318
1.11024
1.10484
1.0974
1.08999
1.08509
1.08445
1.08903
1.09896
1.11355
1.13093
1.14844
1.16325
1.17317
1.17713
1.1752
1.1684
1.1583
1.14652
1.13447
1.12334
1.11425
1.10835
1.10677
1.11022
1.11862
1.13091
1.14546
1.16074
1.17556
1.18922
1.20122
1.21089
1.21726
1.21938
1.21656
1.20865
1.19602
1.17944
1.15994
1.13883
1.11764
1.09815
1.08216
1.07126
1.06664
1.0687
1.07665
1.08862
1.10219
1.1152
1.12668
1.13677
1.14598
1.15443
1.16161
1.16675
1.16971
1.17137
1.17337
1.17746
1.18456
1.19429
1.20493
1.21405
1.2193
1.21903
1.21248
1.20003
1.18299
1.16339
1.14373
1.12636
1.11288
1.10405
1.09966
1.09893
1.10084
1.10448
1.10897
1.11359
1.1179
1.12205
1.12632
1.13111
1.13662
1.14289
1.14964
1.1562
1.16151
1.1645
1.16469
1.16241
1.15869
1.1549
1.15212
1.15072
1.1502
1.14929
1.14651
1.14089
1.13225
1.12147
1.1102
1.10054
1.09475
1.09472
1.10133
1.11399
1.13043
1.1474
1.16165
1.17089
1.17433
1.17244
1.16675
1.15928
1.15215
1.14727
1.14606
1.14935
1.15728
1.1693
1.18397
1.19892
1.21121
1.21806
1.21801
1.21187
1.20245
1.19334
1.18682
1.18267
1.17876
1.17267
1.16302
1.14974
1.13379
1.11665
1.10015
1.08615
1.07639
1.07221
1.07394
1.08031
1.0886
1.09554
1.09851
1.0967
1.0912
1.08452
1.07977
1.07961
1.08557
1.09767
1.11456
1.13403
1.15378
1.17188
1.18664
1.19669
1.2008
1.19823
1.18902
1.17408
1.15508
1.13393
1.11243
1.09184
1.07321
1.05774
1.0471
1.04299
1.04668
1.05844
1.07717
1.10067
1.12622
1.15109
1.17287
1.18952
1.19934
1.20118
1.19441
1.17916
1.1568
1.1299
1.10182
1.07604
1.05554
1.04249
1.03822
1.04309
1.05648
1.07717
1.10366
1.13453
1.16847
1.20395
1.23871
1.27003
1.29513
1.31188
1.31927
1.31736
1.30693
1.28898
1.26447
1.23452
1.20043
1.16394
1.12706
1.09218
1.06175
1.03807
1.02271
1.01641
1.01893
1.02917
1.04528
1.0651
1.08651
1.10749
1.12657
1.14277
1.15577
1.16577
1.17324
1.1787
1.18249
1.18468
1.18514
1.18388
1.18089
1.17622
1.16981
1.16144
1.15083
1.13796
1.12329
1.10825
1.09514
1.08667
1.08506
1.0911
1.1037
1.11998
1.1362
1.14884
1.1555
1.15543
1.1497
1.14079
1.13213
1.12717
1.12848
1.13683
1.15085
1.16742
1.18288
1.19424
1.19997
1.19998
1.19519
1.18683
1.17593
1.16311
1.1489
1.13379
1.11853
1.10417
1.09191
1.08304
1.07859
1.07909
1.08445
1.09381
1.10578
1.11877
1.13132
1.14237
1.15175
1.15994
1.16789
1.17639
1.18558
1.19444
1.20103
1.20332
1.20011
1.19219
1.18251
1.17532
1.1739
1.17862
1.18691
1.19484
1.19904
1.19773
1.19082
1.17964
1.16614
1.15225
1.13936
1.12846
1.12013
1.11472
1.11229
1.11266
1.11552
1.12065
1.12795
1.13729
1.14795
1.15853
1.16694
1.17093
1.16887
1.16017
1.14526
1.12519
1.10132
1.0753
1.04915
1.02539
1.00696
0.996918
0.997735
1.01053
1.03461
1.06742
1.10492
1.14256
1.17626
1.20304
1.22117
1.23019
1.23088
1.2246
1.21317
1.19831
1.18138
1.16339
1.14526
1.12776
1.1113
1.09603
1.0822
1.0707
1.06299
1.06054
1.06415
1.07344
1.08701
1.10293
1.1194
1.135
1.14873
1.15993
1.16834
1.17406
1.17772
1.18034
1.18304
1.18668
1.19159
1.19766
1.20451
1.2117
1.21869
1.22478
1.22931
1.23174
1.23174
1.22901
1.22308
1.21361
1.20048
1.18414
1.16567
1.14663
1.12866
1.11288
1.09964
1.08874
1.07978
1.07242
1.06648
1.06206
1.05926
1.05817
1.05888
1.06165
1.06711
1.07617
1.08958
1.10718
1.12757
1.1484
1.16697
1.1808
1.18815
1.18857
1.18325
1.17464
1.16555
1.15805
1.15277
1.14907
1.14596
1.14313
1.14154
1.14333
1.15083
1.16517
1.18522
1.20734
1.22657
1.23802
1.23798
1.225
1.20025
1.16768
1.13318
1.10286
1.08121
1.06984
1.06763
1.07165
1.07848
1.08487
1.08834
1.08742
1.08194
1.07303
1.06291
1.05448
1.05046
1.05279
1.06243
1.07928
1.10236
1.1299
1.1594
1.18793
1.21254
1.23077
1.24108
1.24316
1.23784
1.2271
1.21373
1.20098
1.19169
1.18748
1.18816
1.19204
1.1967
1.19979
1.19955
1.19535
1.18769
1.17788
1.16745
1.15729
1.14756
1.13779
1.12749
1.11657
1.10537
1.09444
1.08424
1.075
1.06719
1.06167
1.05979
1.06292
1.07168
1.08543
1.1024
1.12031
1.13742
1.15274
1.16578
1.17638
1.18433
1.1893
1.19082
1.18839
1.18175
1.17118
1.15752
1.14209
1.12659
1.11271
1.10182
1.09479
1.09198
1.09345
1.09913
1.10891
1.12223
1.13805
1.15487
1.17108
1.18535
1.19683
1.20507
1.20985
1.21108
1.20869
1.20265
1.19303
1.17992
1.1636
1.14469
1.12426
1.10357
1.08392
1.0663
1.05141
1.04007
1.03356
1.03363
1.04193
1.05903
1.0836
1.11269
1.14275
1.17042
1.19323
1.20966
1.21879
1.22039
1.21469
1.20254
1.18543
1.16528
1.14443
1.1256
1.11137
1.10369
1.1033
1.10962
1.12074
1.13412
1.14705
1.15733
1.16361
1.16554
1.16372
1.15935
1.15398
1.14925
1.1465
1.14632
1.14822
1.15107
1.15371
1.15548
1.15639
1.15671
1.1566
1.15591
1.15416
1.15077
1.14563
1.13922
1.1325
1.12633
1.12105
1.11639
1.11191
1.10766
1.10425
1.10318
1.10623
1.11498
1.13004
1.15057
1.17436
1.1983
1.21891
1.23269
1.23669
1.22911
1.2101
1.18226
1.15021
1.11944
1.0947
1.07881
1.07243
1.07445
1.08309
1.09658
1.11328
1.13138
1.14837
1.16133
1.1678
1.16653
1.15807
1.14449
1.12889
1.11441
1.1036
1.09812
1.0985
1.10437
1.11443
1.12693
1.14022
1.15318
1.16539
1.17706
1.18865
1.20045
1.2121
1.22249
1.23012
1.23352
1.23168
1.22446
1.21233
1.1962
1.17695
1.15538
1.13218
1.10807
1.08403
1.06165
1.04296
1.03011
1.02459
1.02668
1.03553
1.04966
1.06766
1.08816
1.10986
1.13142
1.15138
1.16819
1.18037
1.18683
1.18712
1.18159
1.1715
1.1588
1.14606
1.13604
1.13113
1.13265
1.14047
1.15283
1.16709
1.18032
1.19042
1.19667
1.1998
1.20143
1.203
1.20505
1.20686
1.20702
1.20418
1.19783
1.18857
1.17736
1.16487
1.15117
1.13619
1.12036
1.10477
1.09087
1.07987
1.07227
1.06792
1.06606
1.06584
1.06648
1.06757
1.06921
1.07193
1.07641
1.08333
1.09288
1.10453
1.11709
1.12894
1.1386
1.14523
1.14879
1.14989
1.1494
1.14801
1.14608
1.14364
1.14053
1.13657
1.13186
1.12698
1.12311
1.12179
1.12458
1.13251
1.14564
1.16316
1.18341
1.204
1.22218
1.2352
1.24099
1.23884
1.22999
1.21727
1.20391
1.19221
1.18337
1.17766
1.17476
1.1738
1.17361
1.17325
1.17239
1.17142
1.17101
1.17155
1.17316
1.17547
1.17787
1.17964
1.17994
1.17803
1.17328
1.16544
1.15483
1.14253
1.13029
1.11991
1.11278
1.10945
1.10981
1.11346
1.11983
1.12812
1.13707
1.14506
1.15031
1.15108
1.14612
1.13513
1.11926
1.1011
1.0843
1.07266
1.06906
1.07468
1.0888
1.10893
1.13141
1.15179
1.16558
1.16908
1.16032
1.13972
1.11077
1.07987
1.05557
1.046
1.05561
1.08396
1.12729
1.18066
1.23863
1.29537
1.34489
1.38184
1.40245
1.40497
1.38988
1.35958
1.31801
1.2701
1.22096
1.17523
1.1366
1.1077
1.08999
1.08361
1.08729
1.09844
1.11327
1.1274
1.13709
1.14029
1.13683
1.12788
1.11516
1.10041
1.0853
1.07125
1.05943
1.05058
1.04506
1.04291
1.04408
1.04845
1.05572
1.06516
1.07562
1.08566
1.09382
1.09918
1.10143
1.10093
1.09829
1.09413
1.08907
1.08386
1.07952
1.07743
1.07908
1.08567
1.09796
1.11605
1.13906
1.16497
1.19081
1.21339
1.23021
1.23995
1.24275
1.2397
1.23256
1.22336
1.21432
1.20734
1.20335
1.20163
1.20001
1.19584
1.18703
1.17293
1.15445
1.13367
1.11325
1.09555
1.08229
1.07442
1.07211
1.07484
1.08142
1.09019
1.09963
1.10907
1.11893
1.13032
1.14408
1.15977
1.17561
1.18917
1.19837
1.20224
1.20139
1.19772
1.19342
1.19007
1.18784
1.1855
1.18137
1.1741
1.16337
1.14975
1.13442
1.11843
1.10239
1.08648
1.07108
1.05735
1.04741
1.04371
1.04807
1.0609
1.08119
1.10696
1.13588
1.16559
1.194
1.21922
1.23957
1.25395
1.26189
1.2636
1.25984
1.25145
1.23919
1.22364
1.20537
1.18509
1.16365
1.14206
1.12169
1.10452
1.09274
1.08762
1.08884
1.09458
1.10251
1.1105
1.11696
1.12102
1.12264
1.1226
1.12207
1.12208
1.12287
1.12363
1.12306
1.12035
1.11591
1.11125
1.10799
1.10691
1.10764
1.10916
1.11057
1.11191
1.11391
1.11772
1.12438
1.13458
1.14834
1.16509
1.1836
1.20223
1.21916
1.23258
1.24078
1.24234
1.23613
1.2217
1.1996
1.17169
1.14115
1.11195
1.08826
1.07361
1.07024
1.07862
1.09731
1.12325
1.15211
1.17922
1.20032
1.21212
1.21267
1.2019
1.18202
1.15767
1.13504
1.12002
1.11603
1.12262
1.13619
1.15171
1.1647
1.17258
1.17542
1.17581
1.17721
1.18105
1.18589
1.18898
1.18822
1.18306
1.17409
1.16284
1.15143
1.14203
1.13602
1.13344
1.13276
1.1315
1.12727
1.11873
1.10633
1.0923
1.07991
1.07242
1.07189
1.07889
1.09268
1.1116
1.13361
1.15649
1.17794
1.19609
1.20953
1.21756
1.22025
1.21823
1.21267
1.20494
1.19653
1.18857
1.18154
1.17493
1.16784
1.15945
1.14948
1.13847
1.12743
1.1175
1.10975
1.10484
1.1028
1.10301
1.10428
1.10523
1.10471
1.10212
1.09725
1.09021
1.08136
1.07175
1.06319
1.05784
1.05731
1.06191
1.0707
1.08233
1.09608
1.11217
1.13127
1.15342
1.17707
1.19939
1.21698
1.22698
1.22758
1.21859
1.20147
1.17915
1.15558
1.13493
1.12054
1.11395
1.1148
1.12102
1.12975
1.13819
1.14454
1.14835
1.15048
1.15269
1.15666
1.16331
1.17234
1.18231
1.19134
1.19789
1.20126
1.20177
1.20051
1.19869
1.19691
1.19473
1.19083
1.18346
1.17119
1.154
1.1338
1.11427
1.09995
1.09466
1.0997
1.11343
1.13204
1.15121
1.16724
1.1775
1.18056
1.17616
1.16508
1.14911
1.13051
1.11151
1.09389
1.07858
1.06572
1.05489
1.04566
1.03803
1.03257
1.03037
1.03235
1.03883
1.04949
1.06384
1.08143
1.10218
1.12597
1.15234
1.1801
1.20706
1.2307
1.24903
1.26141
1.26863
1.27234
1.27448
1.27648
1.27888
1.28111
1.28183
1.2793
1.27191
1.25866
1.23927
1.21463
1.18684
1.15923
1.13578
1.11993
1.11343
1.11546
1.12301
1.13214
1.13901
1.14088
1.1365
1.12594
1.11013
1.09023
1.06725
1.04204
1.01573
0.990362
0.969106
0.956023
0.954986
0.968309
0.995815
1.03482
1.08067
1.12778
1.1706
1.20444
1.22623
1.23498
1.23169
1.21917
1.20142
1.1826
1.16612
1.15434
1.14835
1.1479
1.15171
1.15764
1.16321
1.16641
1.1662
1.16288
1.15788
1.15319
1.15068
1.15142
1.15553
1.16217
1.17001
1.17746
1.18288
1.1849
1.18289
1.17767
1.17174
1.16859
1.17111
1.18012
1.19381
1.20865
1.22118
1.22921
1.23227
1.2309
1.226
1.21834
1.20836
1.19618
1.18193
1.16541
1.14633
1.12457
1.10041
1.07496
1.05072
1.03138
1.02124
1.02345
1.03811
1.06145
1.08753
1.1106
1.12722
1.13662
1.14015
1.14025
1.13939
1.13956
1.14195
1.14681
1.15367
1.16179
1.17036
1.17829
1.18402
1.18566
1.18155
1.17088
1.15413
1.13335
1.11182
1.09337
1.08156
1.07893
1.08659
1.10395
1.12856
1.15649
1.18304
1.20414
1.21745
1.22257
1.22091
1.21478
1.20684
1.1993
1.19344
1.18935
1.18611
1.18232
1.17682
1.16901
1.15921
1.14837
1.13781
1.129
1.12342
1.12242
1.1268
1.13633
1.14955
1.16367
1.17516
1.18039
1.17659
1.1626
1.13921
1.1092
1.07638
1.04487
1.01825
0.999471
0.990877
0.99398
1.00887
1.03414
1.067
1.10393
1.1413
1.17571
1.20446
1.22569
1.23854
1.24336
1.24161
1.23544
1.22732
1.21947
1.21344
1.21002
1.20899
1.20911
1.2083
1.20411
1.19446
1.17831
1.15613
1.13025
1.10479
1.08453
1.07325
1.07217
1.07944
1.09111
1.10282
1.11127
1.11475
1.11331
1.1084
1.10231
1.09746
1.09578
1.09803
1.10384
1.11218
1.12181
1.1316
1.1408
1.14918
1.15702
1.16477
1.17265
1.18022
1.1864
1.18999
1.1901
1.18655
1.17994
1.17153
1.16295
1.15587
1.15174
1.15156
1.15544
1.16285
1.17275
1.18422
1.19661
1.20945
1.2221
1.2336
1.24268
1.24829
1.2501
1.2484
1.24364
1.23566
1.2235
1.20568
1.18125
1.15074
1.11667
1.08301
1.05368
1.03119
1.01604
1.00749
1.00464
1.00698
1.01433
1.02652
1.04321
1.06369
1.08673
1.11069
1.13371
1.15379
1.16914
1.17829
1.18006
1.17382
1.15978
1.13915
1.11412
1.08769
1.06328
1.04421
1.03315
1.03173
1.0403
1.05806
1.08334
1.11365
1.14605
1.17779
1.20688
1.23215
1.25304
1.26888
1.27883
1.28223
1.2791
1.27055
1.25856
1.24564
1.23395
1.22483
1.21846
1.21394
1.21002
1.20568
1.20069
1.19553
1.19074
1.18655
1.18248
1.17759
1.17074
1.16128
1.14942
1.13635
1.12373
1.11306
1.10502
1.09909
1.09413
1.08919
1.08451
1.08119
1.08041
1.08249
1.0868
1.09227
1.09796
1.10354
1.10905
1.11478
1.12088
1.12735
1.13386
1.13985
1.14482
1.14852
1.15091
1.15207
1.152
1.15062
1.14786
1.14386
1.13891
1.13328
1.12741
1.12189
1.11774
1.11606
1.11752
1.12131
1.1251
1.12601
1.12235
1.11478
1.10647
1.10156
1.10287
1.11077
1.12325
1.13719
1.14973
1.15913
1.16478
1.16671
1.16544
1.16218
1.15893
1.1584
1.1631
1.17381
1.18871
1.20406
1.21571
1.22067
1.21778
1.20769
1.19264
1.17575
1.16013
1.148
1.14028
1.13671
1.13641
1.13845
1.14245
1.14845
1.15632
1.16538
1.17447
1.18213
1.1871
1.18848
1.18594
1.17947
1.16921
1.15538
1.13824
1.11823
1.09612
1.07312
1.05076
1.03097
1.01604
1.00866
1.01133
1.0254
1.04987
1.08116
1.11393
1.14283
1.16382
1.17497
1.17672
1.17163
1.16335
1.15567
1.15153
1.1524
1.15832
1.16781
1.17839
1.18713
1.19144
1.19003
1.18319
1.17269
1.16146
1.15264
1.14871
1.15078
1.15826
1.1692
1.18093
1.19082
1.19682
1.19759
1.19254
1.18189
1.1666
1.14825
1.12897
1.11103
1.09651
1.08678
1.08259
1.08439
1.09248
1.10696
1.12723
1.15169
1.17757
1.20141
1.21978
1.23014
1.23132
1.22366
1.20863
1.18853
1.16583
1.14275
1.12094
1.10166
1.08609
1.07549
1.07114
1.07366
1.0823
1.09501
1.10884
1.12083
1.12884
1.13193
1.13052
1.12615
1.12076
1.11602
1.11311
1.11256
1.11455
1.11923
1.12675
1.13731
1.15088
1.16676
1.18365
1.19988
1.21365
1.22324
1.2273
1.22506
1.21623
1.20101
1.18024
1.15535
1.12854
1.1026
1.0805
1.06483
1.05739
1.05892
1.06906
1.08622
1.10776
1.13037
1.15077
1.16634
1.17532
1.177
1.1716
1.16039
1.14549
1.12983
1.11679
1.10925
1.10887
1.11556
1.12756
1.14213
1.1564
1.16818
1.17625
1.18032
1.18054
1.17705
1.17025
1.16108
1.15141
1.14365
1.13992
1.1411
1.14648
1.15395
1.161
1.16557
1.16687
1.1655
1.16298
1.16112
1.16119
1.16375
1.16861
1.17496
1.18172
1.18772
1.19192
1.19369
1.19275
1.18924
1.18336
1.17545
1.16563
1.15389
1.14
1.12353
1.10409
1.08172
1.05727
1.03296
1.0124
1.00011
1.00003
1.01385
1.04
1.07443
1.11207
1.14816
1.17901
1.20187
1.21506
1.21793
1.21094
1.19572
1.17488
1.15146
1.12865
1.10923
1.09523
1.08777
1.08712
1.09282
1.10387
1.11897
1.13655
1.15481
1.17163
1.18483
1.19244
1.19323
1.18699
1.1749
1.15921
1.14279
1.12855
1.11877
1.11462
1.11573
1.12042
1.12627
1.13094
1.13288
1.13165
1.12781
1.12282
1.11866
1.11712
1.11944
1.126
1.13663
1.15076
1.16768
1.18663
1.20651
1.22598
1.2434
1.25709
1.26574
1.26856
1.26516
1.25542
1.23955
1.21817
1.19234
1.16378
1.13467
1.10752
1.08494
1.06913
1.06132
1.06139
1.06763
1.07736
1.08767
1.09634
1.10232
1.10563
1.10686
1.10677
1.10601
1.10531
1.10539
1.10675
1.10944
1.11289
1.11609
1.11806
1.1183
1.11716
1.11562
1.11499
1.1165
1.12082
1.12769
1.13598
1.14382
1.14936
1.15142
1.14987
1.14583
1.14107
1.13733
1.1354
1.13492
1.13471
1.13351
1.1306
1.12599
1.1203
1.1145
1.10955
1.10649
1.10631
1.10973
1.11696
1.12773
1.14133
1.15666
1.17229
1.18682
1.1993
1.20961
1.21821
1.22587
1.23296
1.23889
1.24224
1.24122
1.23471
1.22298
1.20804
1.19298
1.18039
1.17116
1.16433
1.15826
1.15179
1.1447
1.13752
1.13127
1.12683
1.1247
1.12492
1.12709
1.13029
1.13308
1.1335
1.12976
1.12108
1.10816
1.09328
1.07969
1.07064
1.06805
1.07183
1.08042
1.09163
1.10335
1.11395
1.12249
1.12857
1.13228
1.13383
1.13354
1.13134
1.127
1.12022
1.11091
1.09941
1.08665
1.07423
1.06427
1.05915
1.06071
1.06979
1.08593
1.10735
1.13129
1.15444
1.1738
1.18717
1.19354
1.19323
1.18751
1.1782
1.16721
1.15639
1.14698
1.13942
1.13335
1.12818
1.1237
1.12037
1.11897
1.11995
1.12294
1.12683
1.1303
1.13259
1.13361
1.13362
1.13255
1.12995
1.1256
1.1201
1.11499
1.1122
1.11319
1.11839
1.12692
1.13724
1.14787
1.15777
1.1667
1.17497
1.18311
1.19165
1.20092
1.21083
1.22081
1.2299
1.23691
1.24089
1.24136
1.23853
1.23308
1.22571
1.21707
1.20768
1.19811
1.18897
1.18054
1.17263
1.16445
1.15484
1.14296
1.12891
1.11401
1.10044
1.09051
1.08563
1.0858
1.08976
1.0955
1.101
1.10471
1.10589
1.10446
1.10066
1.09502
1.08827
1.08152
1.07636
1.07484
1.07901
1.09015
1.10796
1.13033
1.15378
1.17432
1.1885
1.19414
1.19061
1.17873
1.16047
1.1388
1.11739
1.10016
1.09059
1.0908
1.10093
1.11929
1.1428
1.1679
1.19116
1.20962
1.2209
1.22349
1.21687
1.20165
1.18002
1.15548
1.13201
1.11282
1.09986
1.09412
1.09625
1.10668
1.12501
1.14929
1.17607
1.20118
1.22092
1.23293
1.23649
1.23242
1.22268
1.20973
1.19616
1.18412
1.17508
1.16977
1.1681
1.16951
1.17306
1.17738
1.18088
1.1817
1.17799
1.16822
1.15152
1.12788
1.098
1.06336
1.02601
0.988729
0.954966
0.928068
0.910455
0.903071
0.905395
0.916046
0.933418
0.956142
0.983025
1.01302
1.04515
1.07831
1.11113
1.14191
1.16877
1.19003
1.20462
1.21246
1.21446
1.21248
1.20888
1.20593
1.20545
1.2084
1.2149
1.22429
1.23535
1.24634
1.25553
1.26142
1.26305
1.2598
1.25142
1.23794
1.21996
1.19882
1.17631
1.15426
1.13402
1.11617
1.10045
1.08619
1.07285
1.0605
1.05024
1.04403
1.04404
1.0515
1.06579
1.08447
1.10446
1.12314
1.13903
1.15165
1.16096
1.16712
1.17039
1.17147
1.17151
1.17158
1.17193
1.17173
1.16905
1.16166
1.14812
1.1285
1.10475
1.08037
1.05993
1.04781
1.04711
1.05871
1.08119
1.11142
1.1454
1.17921
1.20934
1.23298
1.2478
1.25206
1.24511
1.22754
1.2017
1.17142
1.14125
1.11543
1.09677
1.08614
1.08267
1.08455
1.08975
1.09686
1.10522
1.11497
1.12651
1.14014
1.15568
1.17216
1.18784
1.20053
1.20785
1.20798
1.20025
1.18552
1.16637
1.14637
1.12905
1.11689
1.11067
1.10957
1.11178
1.11521
1.11815
1.11982
1.12038
1.12114
1.12453
1.13335
1.1492
1.17096
1.19482
1.2162
1.23158
1.23926
1.2392
1.23252
1.2215
1.20917
1.19864
1.192
1.1892
1.18797
1.18461
1.17553
1.15894
1.13587
1.11
1.08642
1.06987
1.06332
1.06744
1.08088
1.1008
1.12345
1.14496
1.16195
1.17218
1.17466
1.16965
1.15864
1.14405
1.12897
1.11637
1.10813
1.10448
1.10403
1.10454
1.10398
1.10145
1.09739
1.0935
1.09212
1.09546
1.10486
1.1203
1.14045
1.16298
1.18517
1.20472
1.21995
1.22984
1.23375
1.23152
1.22366
1.21157
1.19761
1.18463
1.1755
1.17241
1.17622
1.18612
1.19979
1.21409
1.22587
1.23264
1.23274
1.22549
1.21118
1.19109
1.16733
1.14281
1.12082
1.10427
1.095
1.09313
1.0972
1.10448
1.11186
1.11651
1.11656
1.1116
1.10283
1.09283
1.08482
1.08169
1.08513
1.09541
1.11133
1.13067
1.15059
1.1681
1.18055
1.18584
1.18283
1.17154
1.15318
1.12993
1.1048
1.0813
1.06292
1.05289
1.05376
1.06669
1.09093
1.12369
1.16045
1.19615
1.22632
1.248
1.25996
1.26257
1.25707
1.24519
1.22877
1.20957
1.18922
1.16931
1.15141
1.13719
1.12815
1.1255
1.1296
1.13977
1.15412
1.16977
1.18309
1.19041
1.18867
1.17601
1.15225
1.11923
1.08069
1.04182
1.00837
0.98543
0.976426
0.98239
1.00206
1.0325
1.06969
1.10926
1.14713
1.17973
1.20447
1.21995
1.22604
1.22379
1.21515
1.20272
1.18922
1.17693
1.16733
1.16093
1.15735
1.15549
1.15406
1.15165
1.14732
1.14085
1.13301
1.12528
1.11913
1.11537
1.11381
1.11373
1.1145
1.11613
1.11913
1.12398
1.13067
1.13844
1.14571
1.15049
1.15077
1.145
1.13265
1.11455
1.09291
1.07091
1.05201
1.03914
1.03443
1.03879
1.05191
1.07248
1.09859
1.12807
1.15883
1.18871
1.21536
1.23653
1.2504
1.25578
1.25233
1.24052
1.22134
1.19634
1.16802
1.14007
1.11704
1.10289
1.09926
1.10482
1.11639
1.13034
1.14389
1.1553
1.16363
1.16834
1.16934
1.16695
1.162
1.15563
1.14897
1.14287
1.13777
1.1341
1.13287
1.1359
1.1451
1.16124
1.18271
1.20582
1.22576
1.23827
1.24047
1.23142
1.2124
1.18682
1.15972
1.13671
1.12228
1.11837
1.12377
1.13502
1.14781
1.15845
1.16468
1.16576
1.16198
1.15407
1.1426
1.12787
1.11003
1.08947
1.06748
1.04664
1.03049
1.02231
1.02352
1.0334
1.05008
1.07184
1.09722
1.12481
1.15282
1.17935
1.20265
1.22145
1.23519
1.24372
1.24663
1.24301
1.2319
1.21362
1.19095
1.16877
1.15204
1.14306
1.14045
1.14068
1.14055
1.13862
1.13527
1.13194
1.13031
1.13178
1.13688
1.145
1.15448
1.16304
1.16851
1.16966
1.16663
1.16085
1.15462
1.15024
1.14922
1.15164
1.1564
1.16203
1.16728
1.17146
1.17441
1.17626
1.17703
1.17669
1.17496
1.17123
1.16464
1.15374
1.13707
1.11401
1.08568
1.05515
1.027
1.00577
0.994644
0.99459
1.00437
1.02116
1.04143
1.06162
1.0791
1.09273
1.10316
1.11244
1.12319
1.1377
1.15702
1.18072
1.20708
1.23353
1.25716
1.27528
1.28585
1.28803
1.28233
1.27043
1.25442
1.23611
1.21653
1.196
1.17475
1.15312
1.1319
1.11187
1.09393
1.07923
1.06899
1.06438
1.06602
1.07351
1.08531
1.09897
1.11205
1.12273
1.13009
1.13428
1.13611
1.13669
1.13713
1.13857
1.14233
1.14997
1.16255
1.17945
1.1979
1.21372
1.22307
1.22356
1.21457
1.19694
1.17271
1.145
1.11739
1.09315
1.07446
1.06202
1.05532
1.05326
1.05483
1.05954
1.06731
1.07827
1.09234
1.10888
1.1267
1.1443
1.16025
1.17327
1.18237
1.18696
1.18724
1.18413
1.17927
1.17432
1.17049
1.16807
1.16666
1.16574
1.1651
1.16539
1.16767
1.17285
1.18089
1.19048
1.19937
1.20509
1.20558
1.19952
1.18645
1.16677
1.14155
1.11254
1.08217
1.05358
1.03068
1.01749
1.01731
1.03115
1.05672
1.08879
1.1207
1.1464
1.16216
1.16761
1.16542
1.16013
1.15625
1.15675
1.16224
1.17134
1.1816
1.19061
1.19679
1.19969
1.19982
1.19807
1.19513
1.19133
1.18654
1.18042
1.17266
1.16321
1.15214
1.13969
1.12635
1.11282
1.0999
1.08844
1.07919
1.07276
1.06953
1.06967
1.07302
1.07919
1.08767
1.09827
1.11111
1.12633
1.14309
1.15903
1.17106
1.17661
1.1746
1.1653
1.15
1.1305
1.10885
1.08735
1.06869
1.05591
1.05206
1.05928
1.07814
1.10707
1.14276
1.18109
1.21833
1.2515
1.27817
1.29602
1.30294
1.29772
1.28082
1.25444
1.22182
1.18647
1.15181
1.12097
1.0968
1.08156
1.07613
1.07965
1.08992
1.10407
1.11933
1.1331
1.14329
1.14859
1.14879
1.14465
1.13757
1.12911
1.12064
1.11355
1.10957
1.11043
1.11723
1.13004
1.14771
1.16824
1.18926
1.20875
1.22535
1.23854
1.24867
1.25663
1.26303
1.26747
1.26849
1.26425
1.25336
1.23562
1.212
1.18442
1.15536
1.12728
1.10234
1.08225
1.06833
1.06147
1.06189
1.06894
1.08105
1.09571
1.11009
1.12136
1.12713
1.1257
1.11627
1.09916
1.07597
1.04961
1.0238
1.00239
0.988633
0.984691
0.991766
1.01027
1.03994
1.07953
1.12677
1.17854
1.23121
1.28094
1.32378
1.35622
1.37564
1.38081
1.372
1.35077
1.31952
1.28113
1.23873
1.19553
1.15479
1.11929
1.09088
1.07002
1.05608
1.04795
1.04476
1.04615
1.05175
1.06087
1.07231
1.08443
1.09556
1.10424
1.10958
1.11117
1.10913
1.1041
1.09702
1.08913
1.08169
1.07586
1.07251
1.07226
1.07539
1.08195
1.09184
1.10493
1.12087
1.13888
1.15765
1.17544
1.19046
1.20132
1.20718
1.20807
1.20465
1.19777
1.18853
1.17797
1.16706
1.15658
1.14686
1.13782
1.12909
1.12053
1.11247
1.10576
1.10173
1.10176
1.10683
1.11717
1.13206
1.14995
1.16876
1.18617
1.2004
1.2106
1.21687
1.22028
1.22221
1.22364
1.22455
1.22348
1.21828
1.20729
1.19007
1.16771
1.14243
1.11731
1.09572
1.08052
1.07329
1.07385
1.08073
1.09185
1.10517
1.11877
1.13073
1.1393
1.14304
1.14137
1.13506
1.12622
1.11778
1.11274
1.11335
1.12037
1.13286
1.14847
1.16413
1.17697
1.1849
1.18697
1.18345
1.17596
1.16696
1.15845
1.15074
1.14229
1.13104
1.11619
1.09927
1.08378
1.07406
1.07387
1.08503
1.1069
1.13675
1.1707
1.20488
1.23592
1.26121
1.27881
1.28741
1.28654
1.2766
1.25896
1.23571
1.2091
1.18121
1.15368
1.12786
1.10473
1.08478
1.06792
1.0537
1.04181
1.03228
1.0257
1.02281
1.02415
1.02956
1.03819
1.04853
1.05911
1.06886
1.07733
1.08505
1.09328
1.10387
1.11856
1.13803
1.16133
1.18603
1.20889
1.22706
1.23874
1.24352
1.24221
1.2363
1.22735
1.21636
1.20378
1.18969
1.17414
1.15748
1.14055
1.12452
1.11076
1.10048
1.09459
1.09338
1.09667
1.10372
1.1132
1.12334
1.13226
1.13887
1.1432
1.14592
1.1474
1.14735
1.14557
1.14264
1.14001
1.13968
1.1433
1.15159
1.16405
1.1792
1.19502
1.20953
1.22114
1.22877
1.23152
1.22857
1.21969
1.20558
1.18789
1.16882
1.15051
1.13449
1.1214
1.11107
1.10262
1.09485
1.0868
1.07799
1.06865
1.05969
1.05224
1.04724
1.04511
1.04588
1.04957
1.05639
1.06664
1.08038
1.09723
1.11616
1.13547
1.15306
1.16664
1.17415
1.17451
1.16816
1.15701
1.14402
1.13256
1.12567
1.12547
1.13259
1.14623
1.16471
1.1861
1.20855
1.23042
1.25013
1.26579
1.27515
1.27611
1.26714
1.24772
1.21873
1.18233
1.14162
1.10033
1.06222
1.03095
1.0096
1.00012
1.00259
1.01515
1.03485
1.05865
1.08423
1.11007
1.13477
1.15657
1.17365
1.18462
1.18911
1.18786
1.18228
1.1741
1.16505
1.15647
1.14937
1.14445
1.14202
1.14209
1.14453
1.14936
1.15692
1.16775
1.18188
1.19828
1.21475
1.22827
1.23597
1.23601
1.22804
1.21327
1.19424
1.1741
1.15575
1.14095
1.13014
1.1227
1.11782
1.11473
1.11287
1.11158
1.11013
1.1081
1.10563
1.1034
1.10228
1.10261
1.10416
1.10621
1.10816
1.1097
1.11092
1.1123
1.11447
1.11795
1.12283
1.12881
1.13515
1.14106
1.14609
1.15027
1.15404
1.15816
1.16331
1.16975
1.17701
1.18364
1.18751
1.18639
1.17876
1.1645
1.14503
1.12296
1.10134
1.08265
1.06848
1.05946
1.05577
1.05752
1.06521
1.07942
1.10061
1.12824
1.16039
1.19397
1.22543
1.25144
1.26918
1.2766
1.27269
1.25767
1.23311
1.20173
1.16729
1.13424
1.10672
1.08776
1.07827
1.07696
1.08095
1.08697
1.09272
1.09729
1.10128
1.106
1.11256
1.12118
1.1311
1.14095
1.14931
1.15493
1.15715
1.15604
1.15222
1.14653
1.13965
1.13181
1.12284
1.11258
1.10131
1.09021
1.08113
1.07619
1.07706
1.08435
1.09731
1.11379
1.13076
1.14515
1.15494
1.16006
1.16253
1.16569
1.17243
1.18357
1.19763
1.21234
1.2259
1.23739
1.24644
1.25284
1.25607
1.25536
1.24984
1.23894
1.22272
1.20225
1.17921
1.15541
1.13223
1.11034
1.09002
1.07156
1.05581
1.04415
1.03799
1.03827
1.04506
1.05759
1.07483
1.09542
1.11768
1.13936
1.15809
1.17196
1.18021
1.18313
1.18168
1.1771
1.17071
1.16375
1.15741
1.15273
1.15085
1.15265
1.15855
1.16833
1.18107
1.19525
1.20959
1.22324
1.23546
1.24499
1.2498
1.24773
1.23767
1.22006
1.19683
1.17057
1.14385
1.11857
1.09603
1.077
1.06188
1.05061
1.0426
1.03643
1.03013
1.02205
1.01163
0.999915
0.989661
0.98473
0.989099
1.00557
1.03482
1.07485
1.12131
1.16851
1.21097
1.24497
1.26898
1.28334
1.28912
1.28717
1.27806
1.2627
1.24279
1.22104
1.20078
1.18571
1.1789
1.18137
1.19119
1.20417
1.21599
1.22357
1.22563
1.222
1.21282
1.198
1.17747
1.152
1.12391
1.09695
1.07498
1.05991
1.05092
1.04573
1.04264
1.04187
1.04533
1.05557
1.07424
1.10091
1.13319
1.16768
1.20071
1.22906
1.25017
1.26238
1.26491
1.25813
1.24344
1.22301
1.19951
1.17574
1.15403
1.13605
1.12306
1.11606
1.11556
1.12082
1.12968
1.13917
1.14668
1.15071
1.15082
1.14728
1.14064
1.13163
1.12141
1.11165
1.10442
1.1014
1.10319
1.10891
1.11687
1.1252
1.13253
1.13799
1.14092
1.14089
1.13755
1.13059
1.11998
1.1061
1.09005
1.07367
1.05938
1.04936
1.0449
1.04583
1.05104
1.05934
1.06993
1.08255
1.09703
1.11277
1.12861
1.14286
1.1539
1.16078
1.16374
1.16425
1.1647
1.16752
1.17426
1.18483
1.19738
1.20905
1.21713
1.21974
1.21633
1.20732
1.19403
1.17822
1.16199
1.14755
1.1368
1.13113
1.13094
1.13568
1.14416
1.15481
1.1662
1.1771
1.18653
1.19346
1.197
1.19636
1.19132
1.18235
1.17081
1.15877
1.14846
1.14144
1.13811
1.13775
1.13924
1.14156
1.14395
1.14605
1.14788
1.14987
1.15263
1.15632
1.15997
1.16133
1.15747
1.14581
1.12523
1.09694
1.06429
1.03216
1.00565
0.988638
0.983103
0.989251
1.00619
1.03252
1.06641
1.10521
1.14544
1.18298
1.2138
1.23486
1.24468
1.24354
1.23317
1.21608
1.19489
1.17199
1.14933
1.1286
1.1114
1.09943
1.09432
1.09735
1.10873
1.12713
1.14963
1.17226
1.19117
1.2037
1.20886
1.20743
1.20126
1.19236
1.18272
1.1742
1.16866
1.16735
1.17042
1.17651
1.18293
1.1868
1.18601
1.17997
1.1699
1.15856
1.14949
1.14609
1.15035
1.16221
1.17936
1.19805
1.21422
1.22466
1.22742
1.22177
1.2077
1.18546
1.1558
1.12029
1.08179
1.04438
1.01312
0.992703
0.985922
0.992669
1.01029
1.03504
1.06324
1.09187
1.11856
1.14163
1.15992
1.17276
1.17982
1.18114
1.17731
1.16944
1.159
1.14765
1.13682
1.12761
1.1208
1.11687
1.11617
1.11878
1.12435
1.13198
1.14018
1.14737
1.15207
1.1532
1.15015
1.14286
1.13189
1.11868
1.10557
1.09523
1.0899
1.0907
1.09713
1.10735
1.11873
1.12868
1.1354
1.13798
1.13645
1.13167
1.1252
1.11901
1.11518
1.11522
1.11925
1.12617
1.13414
1.14163
1.1481
1.15407
1.16058
1.16864
1.17875
1.19063
1.2031
1.21437
1.22266
1.22687
1.22679
1.2231
1.2171
1.21047
1.20478
1.2011
1.19944
1.19877
1.19739
1.19364
1.18651
1.17591
1.16257
1.14765
1.13231
1.11727
1.10289
1.0892
1.07604
1.06351
1.052
1.04213
1.03442
1.02902
1.02571
1.0245
1.02557
1.02929
1.03591
1.04569
1.05896
1.07624
1.09789
1.12373
1.15269
1.18274
1.2114
1.23637
1.25618
1.27019
1.27832
1.28096
1.27864
1.2722
1.26264
1.25091
1.23778
1.22356
1.20803
1.19064
1.17067
1.14766
1.12172
1.09382
1.06589
1.04059
1.02073
1.00888
1.00679
1.01508
1.0329
1.05795
1.08687
1.11607
1.1428
1.16553
1.18401
1.19881
1.21067
1.22018
1.22754
1.23256
1.23489
1.23414
1.23003
1.22235
1.21111
1.19646
1.17868
1.15828
1.1365
1.11561
1.09849
1.08764
1.08412
1.08716
1.09492
1.10559
1.11797
1.13143
1.14527
1.15819
1.16823
1.1733
1.17179
1.16329
1.1488
1.13077
1.11258
1.09761
1.08847
1.08599
1.08931
1.09624
1.10412
1.11067
1.11457
1.11564
1.1144
1.11163
1.108
1.10408
1.10073
1.0994
1.10168
1.10864
1.12029
1.13556
1.1526
1.16928
1.18352
1.19357
1.19834
1.19765
1.19212
1.18301
1.1719
1.16054
1.15041
1.14279
1.13858
1.13835
1.14212
1.14914
1.15766
1.16496
1.16798
1.16415
1.15193
1.13133
1.10401
1.07338
1.04439
1.02296
1.01429
1.02063
1.04034
1.069
1.10178
1.13473
1.16519
1.19157
1.21313
1.22966
1.24127
1.24836
1.25129
1.25016
1.24459
1.23392
1.21773
1.1965
1.17185
1.14654
1.12353
1.10513
1.09236
1.08497
1.08198
1.08245
1.08592
1.09234
1.10139
1.11201
1.12263
1.13158
1.13802
1.1423
1.14554
1.14865
1.1516
1.1538
1.15457
1.15337
1.14989
1.14413
1.13658
1.12837
1.12092
1.11544
1.11256
1.11199
1.11279
1.11357
1.11299
1.11035
1.10587
1.10092
1.098
1.1002
1.11013
1.12884
1.1551
1.1855
1.21563
1.24123
1.25925
1.26787
1.26643
1.2554
1.23623
1.21164
1.18545
1.16193
1.14457
1.13492
1.13217
1.13423
1.13883
1.14401
1.14821
1.14999
1.14824
1.14227
1.1321
1.11845
1.10253
1.08592
1.07025
1.05697
1.04694
1.04041
1.03722
1.037
1.03937
1.04405
1.05103
1.06053
1.07289
1.08865
1.10811
1.13125
1.15754
1.18597
1.21506
1.24279
1.26665
1.28406
1.29279
1.29163
1.28091
1.26229
1.23814
1.21097
1.18275
1.15475
1.12786
1.10287
1.08059
1.06172
1.04681
1.03612
1.02989
1.02844
1.03209
1.0411
1.05527
1.07367
1.09483
1.11693
1.13835
1.15769
1.17375
1.18544
1.19179
1.19211
1.18639
1.17566
1.16199
1.14823
1.13744
1.13234
1.13506
1.14695
1.16799
1.19623
1.22735
1.25562
1.27567
1.28409
1.27995
1.26441
1.23985
1.20938
1.17623
1.14363
1.11472
1.0923
1.07847
1.07439
1.0798
1.09299
1.11121
1.13129
1.15048
1.16683
1.17955
1.18862
1.19431
1.19699
1.19682
1.19399
1.1886
1.18079
1.17071
1.15869
1.1455
1.13214
1.11993
1.11014
1.10382
1.10177
1.10455
1.11236
1.12468
1.14006
1.15638
1.17117
1.1823
1.18843
1.18904
1.18428
1.17483
1.16182
1.14679
1.13152
1.11757
1.1058
1.09629
1.08874
1.08285
1.07847
1.07532
1.07311
1.07159
1.07068
1.07096
1.07369
1.08055
1.09303
1.11166
1.13563
1.16283
1.19032
1.21515
1.23492
1.24815
1.25417
1.25305
1.24567
1.23352
1.21866
1.20345
1.18997
1.17931
1.17138
1.1652
1.15968
1.15435
1.14957
1.14594
1.14337
1.14079
1.13635
1.12815
1.11495
1.09661
1.07433
1.05046
1.02824
1.0111
1.0023
1.00392
1.0162
1.0374
1.06433
1.09316
1.12022
1.14262
1.15847
1.16699
1.16846
1.16431
1.15695
1.14963
1.14589
1.14851
1.15849
1.17427
1.19236
1.20863
1.21961
1.22331
1.21911
1.20726
1.1885
1.16425
1.13697
1.11042
1.0891
1.07726
1.07742
1.08943
1.11037
1.13533
1.15879
1.17615
1.1847
1.18397
1.17554
1.16229
1.14735
1.13327
1.12179
1.11425
1.11207
1.11677
1.12873
1.1458
1.16359
1.17726
1.18345
1.18105
1.17102
1.15566
1.1377
1.11979
1.10411
1.09227
1.0855
1.08461
1.08972
1.09999
1.11366
1.12833
1.14185
1.15267
1.15997
1.16341
1.16292
1.15871
1.15139
1.14208
1.13228
1.12362
1.1177
1.11588
1.11903
1.12741
1.14059
1.15755
1.1765
1.19515
1.21089
1.22148
1.22541
1.22224
1.21257
1.19751
1.1784
1.15646
1.13288
1.10917
1.08754
1.07062
1.06053
1.05825
1.0632
1.0737
1.08755
1.10269
1.11746
1.13074
1.14184
1.1504
1.15609
1.15847
1.15709
1.15196
1.1438
1.1343
1.1258
1.12064
1.12032
1.12504
1.13386
1.14515
1.15718
1.16854
1.17828
1.18597
1.19176
1.19626
1.20018
1.20376
1.20666
1.20782
1.20596
1.19983
1.1887
1.1726
1.15229
1.12931
1.10584
1.08436
1.06741
1.05678
1.05318
1.05609
1.0642
1.07617
1.09104
1.10792
1.12532
1.14097
1.15252
1.15858
1.15946
1.15717
1.15439
1.15353
1.15573
1.16071
1.1673
1.17405
1.17974
1.18341
1.18458
1.18311
1.17938
1.17428
1.16896
1.16453
1.1615
1.15936
1.15695
1.15316
1.14748
1.13992
1.13086
1.1206
1.1096
1.09867
1.08886
1.08121
1.07645
1.07476
1.07608
1.08055
1.08874
1.10126
1.11804
1.13815
1.15974
1.18059
1.1987
1.21258
1.22153
1.22581
1.22644
1.22455
1.2207
1.21458
1.20507
1.19121
1.17294
1.15132
1.12832
1.10641
1.08815
1.07581
1.07084
1.0734
1.08264
1.09723
1.11605
1.13855
1.16432
1.19246
1.22099
1.24659
1.26527
1.27354
1.2694
1.25316
1.22741
1.19648
1.16552
1.1393
1.12082
1.11043
1.10571
1.1029
1.09859
1.09112
1.08104
1.07065
1.06304
1.06122
1.06715
1.08129
1.1023
1.12722
1.15229
1.17401
1.18989
1.19878
1.20081
1.19684
1.18791
1.17467
1.15733
1.13586
1.11097
1.08475
1.06074
1.04305
1.0349
1.03763
1.05058
1.07184
1.09853
1.12712
1.15373
1.1747
1.18715
1.18965
1.18252
1.16771
1.14869
1.12977
1.11497
1.10737
1.1086
1.1188
1.13669
1.15977
1.18449
1.20733
1.22548
1.23719
1.24204
1.24032
1.23273
1.22009
1.20318
1.18272
1.15951
1.13449
1.10878
1.08389
1.06192
1.04529
1.03619
1.03596
1.0447
1.06119
1.08323
1.10823
1.13355
1.15669
1.17533
1.18751
1.19177
1.18745
1.17504
1.15618
1.13369
1.11133
1.0932
1.08277
1.08193
1.09029
1.10566
1.12493
1.14524
1.16456
1.18184
1.19667
1.20877
1.21765
1.2224
1.22173
1.21449
1.20008
1.17873
1.15176
1.12159
1.09127
1.06398
1.04257
1.02924
1.02533
1.03108
1.04568
1.06719
1.09281
1.11931
1.14368
1.16357
1.17746
1.1847
1.18525
1.17994
1.17052
1.15949
1.14963
1.14303
1.14055
1.14199
1.14683
1.15474
1.1656
1.17921
1.19463
1.20998
1.22287
1.23106
1.23358
1.23115
1.22579
1.21963
1.21383
1.2084
1.20291
1.19715
1.19154
1.18678
1.18329
1.18075
1.17801
1.17331
1.16511
1.15271
1.1367
1.11889
1.102
1.08864
1.08039
1.07734
1.07834
1.08214
1.08773
1.09443
1.10165
1.10859
1.11423
1.11752
1.11753
1.11366
1.10604
1.09558
1.08393
1.07324
1.06569
1.06305
1.06624
1.07519
1.08902
1.10648
1.12627
1.14742
1.16951
1.19267
1.21694
1.24119
1.26264
1.27754
1.28292
1.27765
1.26258
1.24017
1.21356
1.18603
1.16056
1.13968
1.125
1.11648
1.11244
1.11057
1.10935
1.10872
1.10976
1.11367
1.12092
1.13094
1.14252
1.15438
1.16586
1.17684
1.18741
1.19746
1.20653
1.21392
1.21897
1.22115
1.22035
1.21684
1.21111
1.20353
1.19412
1.18249
1.1678
1.14933
1.12687
1.10121
1.07434
1.04902
1.02816
1.01384
1.00696
1.00721
1.0134
1.02406
1.03771
1.05306
1.06885
1.08398
1.09748
1.10867
1.11745
1.12426
1.12994
1.13535
1.14109
1.14757
1.15522
1.16461
1.17628
1.1903
1.20621
1.2232
1.24031
1.25656
1.27075
1.28129
1.28628
1.28406
1.27383
1.25598
1.23219
1.20499
1.17718
1.15153
1.13011
1.11436
1.10478
1.10098
1.10176
1.10579
1.11189
1.11942
1.12818
1.1384
1.15003
1.16215
1.17307
1.18079
1.18365
1.18111
1.17392
1.1639
1.15325
1.14389
1.13717
1.13382
1.1343
1.13878
1.14674
1.15663
1.16591
1.17193
1.17277
1.16777
1.15737
1.14281
1.12569
1.10755
1.08967
1.07297
1.0584
1.04702
1.03995
1.03799
1.04117
1.04876
1.05968
1.07317
1.08882
1.10652
1.12618
1.14706
1.16769
1.186
1.19953
1.20607
1.20441
1.19484
1.17917
1.16057
1.14287
1.12959
1.12336
1.12519
1.13437
1.14864
1.16468
1.17906
1.18914
1.19349
1.19186
1.18507
1.17479
1.16344
1.15346
1.14651
1.1431
1.14246
1.14315
1.14357
1.14275
1.1411
1.14029
1.14257
1.14935
1.16051
1.17466
1.19005
1.20532
1.21934
1.23106
1.2393
1.24279
1.24053
1.2324
1.21916
1.20231
1.18374
1.16514
1.14769
1.13207
1.11843
1.10645
1.09559
1.08563
1.07705
1.07107
1.06935
1.07316
1.08276
1.09718
1.11419
1.13107
1.14521
1.15451
1.15773
1.15474
1.14667
1.13581
1.12494
1.11615
1.10998
1.10543
1.10092
1.09564
1.08984
1.08467
1.08142
1.08117
1.08427
1.09031
1.09837
1.10713
1.11531
1.12191
1.12667
1.13017
1.13353
1.13817
1.145
1.15377
1.16318
1.17151
1.17732
1.18001
1.1798
1.1774
1.17385
1.17039
1.16806
1.16715
1.16727
1.16818
1.17035
1.1747
1.18172
1.19087
1.20065
1.20893
1.21363
1.21339
1.20792
1.1981
1.18572
1.17293
1.1614
1.15184
1.14376
1.13571
1.1261
1.114
1.09962
1.0843
1.07001
1.05864
1.05121
1.04794
1.04833
1.05207
1.05923
1.07008
1.08455
1.10177
1.12022
1.13831
1.15526
1.17128
1.18741
1.20448
1.22222
1.2389
1.2518
1.2587
1.25904
1.25391
1.24533
1.23477
1.22228
1.20673
1.1867
1.16179
1.13363
1.10605
1.08393
1.07145
1.07062
1.08058
1.09793
1.11806
1.13632
1.1491
1.15451
1.15231
1.14367
1.13062
1.11537
1.10001
1.08639
1.07604
1.07001
1.06879
1.07218
1.07952
1.09028
1.10407
1.12048
1.13867
1.15731
1.17493
1.19015
1.2022
1.2109
1.21669
1.22053
1.22356
1.22652
1.22952
1.23178
1.23176
1.22779
1.21863
1.20411
1.18508
1.16317
1.1403
1.1181
1.09768
1.07966
1.06451
1.05279
1.04523
1.04289
1.04696
1.05819
1.07609
1.09864
1.12233
1.14319
1.15792
1.16482
1.16405
1.15716
1.14649
1.1343
1.12221
1.11147
1.10289
1.09727
1.09542
1.09804
1.10549
1.11764
1.13382
1.15309
1.1743
1.19606
1.21677
1.23465
1.24793
1.25512
1.25545
1.24882
1.23609
1.21888
1.19942
1.18001
1.1626
1.14826
1.13731
1.1294
1.12376
1.11915
1.11423
1.10781
1.09936
1.08905
1.07734
1.06476
1.05163
1.03842
1.02612
1.01633
1.01105
1.01227
1.02143
1.03884
1.06341
1.09293
1.12447
1.15496
1.18162
1.2022
1.2151
1.21957
1.2159
1.20571
1.19181
1.17763
1.16624
1.15938
1.15723
1.15875
1.16258
1.16801
1.17515
1.18437
1.19542
1.20673
1.21597
1.22092
1.22045
1.21499
1.20622
1.19635
1.187
1.17846
1.16988
1.15987
1.14711
1.13106
1.11229
1.09255
1.07465
1.06169
1.05621
1.05939
1.0712
1.09072
1.11631
1.14578
1.17646
1.20543
1.22961
1.24604
1.25213
1.24597
1.227
1.1962
1.1561
1.11079
1.06541
1.02554
0.996314
0.981443
0.98245
0.99841
1.02624
1.06142
1.09892
1.13393
1.16256
1.18213
1.19128
1.19018
1.18045
1.16484
1.14688
1.13002
1.11698
1.10933
1.1074
1.11066
1.11791
1.12741
1.13695
1.14439
1.14855
1.14984
1.15026
1.15248
1.1586
1.16903
1.18223
1.19565
1.20664
1.21307
1.2136
1.20765
1.1957
1.17943
1.16155
1.14552
1.13443
1.13016
1.13305
1.14207
1.15548
1.17152
1.1885
1.20513
1.22029
1.23288
1.24188
1.24628
1.24516
1.23808
1.22528
1.20759
1.18627
1.16287
1.139
1.11638
1.09685
1.08212
1.0735
1.07157
1.07604
1.08583
1.09935
1.11499
1.13113
1.14637
1.1592
1.16827
1.17271
1.17248
1.16831
1.16139
1.15267
1.14268
1.1318
1.12027
1.10817
1.09541
1.08208
1.06894
1.05786
1.05157
1.05268
1.06258
1.08054
1.10381
1.12846
1.15066
1.16764
1.17835
1.18345
1.18463
1.18346
1.18073
1.17597
1.16775
1.15449
1.13534
1.11107
1.0846
1.06093
1.0458
1.04367
1.05586
1.08051
1.11365
1.15077
1.18784
1.22189
1.25115
1.27477
1.29223
1.3027
1.30513
1.29869
1.28348
1.26091
1.23385
1.20589
1.18039
1.15945
1.14344
1.13152
1.12232
1.11463
1.10783
1.10161
1.09597
1.09092
1.08647
1.08253
1.07897
1.07558
1.07221
1.06885
1.06578
1.0635
1.06264
1.06385
1.06771
1.07456
1.08446
1.09714
1.11181
1.12722
1.14169
1.15328
1.16014
1.16107
1.15622
1.14725
1.13684
1.12773
1.12162
1.11856
1.11775
1.11877
1.12258
1.13164
1.14855
1.17402
1.20572
1.23846
1.26624
1.28415
1.28918
1.28063
1.26004
1.23073
1.19742
1.1655
1.13983
1.12366
1.11783
1.12063
1.12865
1.13782
1.14472
1.14759
1.14666
1.14382
1.14137
1.14081
1.14238
1.1454
1.14902
1.15275
1.15658
1.16063
1.16463
1.16781
1.16915
1.16792
1.16409
1.15862
1.15291
1.14827
1.14558
1.14504
1.14649
1.14956
1.1537
1.15794
1.16085
1.16086
1.15679
1.14824
1.13583
1.12103
1.10578
1.09195
1.08076
1.07278
1.06813
1.06714
1.07047
1.07875
1.09196
1.10914
1.1286
1.14853
1.16724
1.18338
1.19614
1.20524
1.21078
1.21301
1.21194
1.2076
1.20029
1.19068
1.17955
1.1677
1.15562
1.14338
1.13098
1.1185
1.10628
1.09509
1.0861
1.08067
1.07988
1.08401
1.0921
1.10242
1.11304
1.12255
1.13031
1.13634
1.14111
1.14519
1.14921
1.15372
1.15895
1.16484
1.17099
1.17667
1.18084
1.18248
1.18067
1.17518
1.16646
1.15613
1.14661
1.14038
1.13917
1.14338
1.152
1.16312
1.1745
1.18413
1.19059
1.19314
1.19154
1.18601
1.17689
1.16486
1.15104
1.13691
1.12429
1.11496
1.11041
1.11135
1.11735
1.12668
1.13654
1.14388
1.14622
1.14246
1.1331
1.11994
1.10546
1.09236
1.08295
1.07888
1.08087
1.08857
1.10087
1.11622
1.13323
1.15088
1.16852
1.18541
1.20056
1.21258
1.21991
1.22119
1.21554
1.20288
1.18427
1.16165
1.13755
1.11461
1.09516
1.08091
1.07298
1.07191
1.07785
1.09021
1.10746
1.12716
1.1462
1.16174
1.172
1.17661
1.1763
1.17226
1.16568
1.15753
1.14864
1.13983
1.13193
1.12568
1.12161
1.11992
1.1204
1.12237
1.1248
1.12639
1.12595
1.12284
1.11718
1.10992
1.10268
1.09731
1.09522
1.09678
1.10139
1.10798
1.11561
1.12376
1.13232
1.14136
1.15078
1.16013
1.16836
1.17415
1.17625
1.17408
1.16813
1.16008
1.15223
1.14663
1.14434
1.14534
1.1487
1.15327
1.1581
1.1626
1.16634
1.16868
1.1687
1.16523
1.15727
1.14426
1.12664
1.10597
1.08503
1.06783
1.05873
1.06079
1.07384
1.09388
1.11482
1.13145
1.14149
1.14567
1.14671
1.14784
1.15148
1.15848
1.16799
1.17785
1.18534
1.18761
1.18249
1.16911
1.14837
1.12301
1.097
1.07426
1.05761
1.04805
1.04488
1.04653
1.05144
1.05841
1.06668
1.0757
1.085
1.09422
1.10322
1.11228
1.12208
1.13335
1.14654
1.16137
1.17687
1.19145
1.20341
1.21131
1.21424
1.21204
1.20536
1.19564
1.18497
1.17612
1.17214
1.17572
1.1885
1.21038
1.23929
1.27143
1.30217
1.32683
1.34135
1.34291
1.3303
1.30401
1.26624
1.22035
1.1704
1.12052
1.07461
1.03595
1.0071
0.989745
0.984564
0.990908
1.00667
1.02855
1.05267
1.0754
1.09416
1.10768
1.11588
1.11939
1.11922
1.11639
1.11178
1.10624
1.10045
1.09488
1.08964
1.0845
1.07919
1.07378
1.06885
1.06567
1.06592
1.0715
1.08387
1.10353
1.12947
1.1591
1.18886
1.21509
1.23487
1.24682
1.25099
1.2485
1.24104
1.23044
1.2183
1.2059
1.19399
1.18247
1.17065
1.15768
1.14337
1.12872
1.11598
1.10833
1.10891
1.11956
1.13974
1.16632
1.19422
1.21818
1.23418
1.24015
1.23606
1.2234
1.20482
1.18347
1.16265
1.14516
1.13299
1.12693
1.12631
1.12908
1.13241
1.13373
1.13146
1.12534
1.11603
1.10477
1.09288
1.08175
1.07279
1.06723
1.06573
1.06785
1.07244
1.07846
1.08582
1.09544
1.10822
1.12426
1.14248
1.16102
1.17783
1.19119
1.19996
1.20385
1.2032
1.19889
1.19207
1.18366
1.17401
1.16302
1.15047
1.13688
1.12414
1.11535
1.11385
1.12159
1.1378
1.15906
1.18056
1.19786
1.20817
1.21066
1.20598
1.19571
1.18175
1.16626
1.1515
1.13981
1.13297
1.13146
1.13391
1.13757
1.13944
1.1375
1.13163
1.12353
1.11591
1.11157
1.11224
1.11798
1.12733
1.13773
1.14634
1.15107
1.15098
1.14637
1.13846
1.1289
1.1192
1.1106
1.10409
1.10049
1.10072
1.10572
1.11591
1.13073
1.14837
1.16599
1.1805
1.18966
1.19266
1.19043
1.18482
1.17744
1.16897
1.15948
1.1492
1.13927
1.13164
1.12854
1.13162
1.14137
1.15672
1.17531
1.19389
1.20903
1.21746
1.21654
1.20466
1.18182
1.15037
1.11546
1.08442
1.06491
1.06217
1.07681
1.10484
1.13954
1.17397
1.20238
1.22077
1.22721
1.22179
1.2063
1.1836
1.15708
1.13011
1.10568
1.08604
1.07249
1.06548
1.06462
1.06875
1.07616
1.08498
1.09364
1.10128
1.10794
1.1141
1.11996
1.12501
1.12823
1.12879
1.12683
1.1236
1.12109
1.12127
1.12547
1.13425
1.14729
1.16359
1.18165
1.19956
1.21516
1.22639
1.23154
1.22941
1.21947
1.20196
1.17821
1.15079
1.12325
1.09951
1.0831
1.07625
1.07942
1.09151
1.11004
1.13163
1.15209
1.16695
1.17249
1.16705
1.15205
1.13188
1.1122
1.09757
1.09006
1.08957
1.09515
1.10564
1.11946
1.13447
1.14853
1.16016
1.16896
1.17543
1.18047
1.18501
1.18975
1.19487
1.19988
1.20367
1.20472
1.20157
1.19328
1.17964
1.16115
1.13893
1.11477
1.09138
1.07204
1.05987
1.05702
1.06415
1.08036
1.1034
1.13
1.15626
1.17846
1.19393
1.20169
1.2026
1.19876
1.19248
1.18538
1.17816
1.17079
1.16307
1.15498
1.14702
1.13972
1.13351
1.12847
1.12467
1.12248
1.1229
1.12707
1.13568
1.14831
1.16318
1.17748
1.18809
1.19257
1.18985
1.18052
1.16664
1.15106
1.13611
1.12267
1.11001
1.09654
1.08139
1.06563
1.05267
1.04691
1.0515
1.06684
1.091
1.12106
1.15425
1.18806
1.21995
1.24742
1.26833
1.28129
1.28588
1.28253
1.27215
1.25574
1.23427
1.20868
1.17997
1.14947
1.11886
1.0902
1.06585
1.04826
1.03966
1.04153
1.05391
1.07515
1.10195
1.13014
1.15587
1.17627
1.18975
1.19612
1.19635
1.19204
1.18463
1.17501
1.16353
1.1503
1.13535
1.1189
1.1015
1.0842
1.0684
1.05536
1.04574
1.03914
1.03452
1.03106
1.0289
1.02928
1.03397
1.0443
1.06031
1.08069
1.10369
1.12774
1.15162
1.17436
1.19501
1.21238
1.22552
1.23394
1.23763
1.23701
1.23267
1.2253
1.21577
1.20494
1.19355
1.18222
1.17141
1.1616
1.15338
1.14703
1.14214
1.13743
1.13109
1.12179
1.10942
1.09569
1.08407
1.0789
1.08377
1.0998
1.12492
1.15496
1.18504
1.21074
1.22871
1.23677
1.2342
1.22187
1.20219
1.17877
1.15531
1.13493
1.11989
1.11175
1.11151
1.1191
1.13281
1.1496
1.16617
1.17958
1.18733
1.18733
1.17834
1.16063
1.13653
1.11023
1.08675
1.07015
1.06213
1.06221
1.06856
1.07899
1.09121
1.10279
1.11143
1.11535
1.11376
1.10733
1.09816
1.08937
1.08422
1.08512
1.09291
1.10689
1.12546
1.14686
1.16972
1.19264
1.21404
1.23196
1.24442
1.25001
1.24824
1.2397
1.22558
1.20738
1.18685
1.16583
1.14647
1.13077
1.12029
1.11589
1.11778
1.12575
1.13905
1.15616
1.17444
1.19049
1.201
1.20367
1.19792
1.18471
1.16619
1.14516
1.12442
1.10632
1.09242
1.08369
1.08048
1.08269
1.08955
1.09946
1.11026
1.11966
1.12589
1.12794
1.12572
1.12002
1.11227
1.10439
1.09834
1.09603
1.09875
1.10676
1.1191
1.1336
1.14755
1.1582
1.16342
1.16203
1.15389
1.13984
1.12165
1.10178
1.08339
1.06987
1.06414
1.06767
1.07987
1.09848
1.12046
1.14292
1.16341
1.18008
1.19159
1.19717
1.19668
1.19062
1.18004
1.16631
1.15116
1.13657
1.12456
1.11682
1.11447
1.11767
1.12551
1.13653
1.14922
1.16232
1.17476
1.18563
1.19406
1.19931
1.20089
1.19877
1.19332
1.18516
1.17493
1.16328
1.15116
1.13996
1.13156
1.12785
1.12997
1.13753
1.14854
1.1602
1.16996
1.17616
1.17818
1.17614
1.17038
1.16124
1.14868
1.13246
1.11249
1.08956
1.06572
1.04426
1.02852
1.02037
1.01964
1.02509
1.03618
1.05328
1.07674
1.10567
1.13784
1.1705
1.20129
1.22847
1.25041
1.26518
1.2709
1.26682
1.25403
1.2354
1.21507
1.19757
1.18635
1.18268
1.18514
1.19066
1.19593
1.19852
1.19681
1.18984
1.17731
1.16008
1.14062
1.12255
1.10945
1.10349
1.10455
1.11039
1.11797
1.12483
1.1299
1.1333
1.13549
1.13647
1.13574
1.1327
1.12718
1.11965
1.11107
1.10263
1.09532
1.09001
1.08723
1.08724
1.09021
1.09633
1.10587
1.11886
1.13458
1.15141
1.16735
1.18061
1.19
1.19506
1.19585
1.19281
1.1868
1.17898
1.17047
1.16212
1.15457
1.14804
1.14256
1.1379
1.13385
1.13027
1.12718
1.12454
1.12229
1.12014
1.11752
1.11382
1.1088
1.10265
1.09616
1.0906
1.08748
1.08831
1.09423
1.10556
1.12168
1.14084
1.16067
1.17876
1.19351
1.20455
1.21262
1.21882
1.2237
1.22663
1.22647
1.22235
1.21409
1.202
1.18663
1.16865
1.14931
1.13087
1.11608
1.10702
1.10406
1.10594
1.11036
1.1149
1.11745
1.11667
1.1121
1.10381
1.09236
1.07874
1.06448
1.05173
1.04307
1.04074
1.04604
1.05883
1.07734
1.09876
1.12016
1.13914
1.15415
1.16462
1.17089
1.1743
1.17699
1.18112
1.18789
1.19695
1.20668
1.2148
1.21937
1.21913
1.21353
1.20267
1.18729
1.16858
1.14797
1.12703
1.1072
1.08981
1.07592
1.0664
1.06183
1.06262
1.06889
1.08005
1.09477
1.11138
1.12828
1.14426
1.15847
1.17028
1.17943
1.18607
1.19081
1.19453
1.19773
1.19988
1.19923
1.1937
1.18227
1.16568
1.14652
1.1283
1.11393
1.10484
1.10039
1.09832
1.09592
1.091
1.08286
1.07246
1.06205
1.05443
1.05185
1.0555
1.06538
1.08057
1.09958
1.12063
1.14193
1.16203
1.17967
1.19401
1.20463
1.21153
1.21495
1.21523
1.21267
1.20751
1.19991
1.19024
1.17922
1.1679
1.15734
1.14836
1.14134
1.13609
1.13192
1.12782
1.12258
1.11543
1.10653
1.09755
1.09139
1.09104
1.09793
1.1114
1.12924
1.14927
1.17003
1.19072
1.21062
1.22844
1.24217
1.24973
1.2499
1.24293
1.23021
1.21384
1.19611
1.17909
1.16429
1.15253
1.14387
1.13786
1.13387
1.13147
1.13066
1.13188
1.13583
1.14282
1.15212
1.162
1.16995
1.17343
1.17063
1.16104
1.14543
1.12561
1.10389
1.08253
1.06346
1.04801
1.03703
1.03112
1.03059
1.03569
1.04656
1.06296
1.08406
1.10808
1.1324
1.15379
1.16935
1.17708
1.17626
1.16746
1.15234
1.1335
1.11422
1.09808
1.08812
1.08624
1.09267
1.10611
1.12447
1.14542
1.16696
1.18724
1.20438
1.21628
1.22126
1.21857
1.20884
1.19409
1.17745
1.16266
1.1533
1.15194
1.15941
1.17435
1.1936
1.21304
1.2289
1.23869
1.24147
1.23765
1.2288
1.21688
1.20382
1.19081
1.17814
1.16523
1.1514
1.13648
1.12142
1.108
1.0978
1.09132
1.0876
1.08488
1.08164
1.07746
1.07304
1.06961
1.06835
1.06991
1.07433
1.08133
1.09034
1.10049
1.1106
1.11912
1.12457
1.12561
1.1214
1.11205
1.09935
1.08695
1.07962
1.08156
1.09463
1.11747
1.14632
1.17653
1.20412
1.22629
1.24152
1.24914
1.24906
1.24155
1.22729
1.20779
1.1857
1.16448
1.14766
1.13778
1.13578
1.14102
1.15158
1.16501
1.17882
1.19085
1.19935
1.20299
1.20111
1.19382
1.18211
1.16751
1.15164
1.13595
1.12182
1.11042
1.10274
1.09929
1.09985
1.10365
1.10976
1.11761
1.12718
1.13859
1.15172
1.16578
1.17934
1.19054
1.19759
1.19921
1.19515
1.18644
1.1752
1.16414
1.1554
1.14976
1.14661
1.14447
1.14204
1.13889
1.13562
1.13342
1.13358
1.13694
1.14366
1.15317
1.16456
1.17677
1.18866
1.19897
1.20631
1.20923
1.20647
1.19724
1.18171
1.16121
1.13795
1.11486
1.09472
1.07956
1.07027
1.06655
1.06722
1.07071
1.07577
1.08178
1.08862
1.09617
1.10397
1.11124
1.11759
1.12328
1.12913
1.13554
1.14128
1.1438
1.14064
1.13103
1.11635
1.09959
1.08448
1.07449
1.07178
1.07699
1.08914
1.10629
1.12614
1.14651
1.16546
1.18141
1.19289
1.19879
1.19864
1.19308
1.18398
1.17422
1.16691
1.16447
1.16766
1.17538
1.18495
1.19342
1.19858
1.19948
1.19645
1.19071
1.18389
1.17739
1.17204
1.16779
1.16365
1.15807
1.14986
1.13901
1.12703
1.11638
1.1092
1.10621
1.10633
1.10743
1.10748
1.10563
1.10275
1.10075
1.10155
1.10605
1.11416
1.12534
1.13889
1.15392
1.16891
1.18171
1.18987
1.19111
1.18393
1.16803
1.14433
1.11481
1.08212
1.04952
1.02051
0.99863
0.987253
0.98887
1.00453
1.03318
1.07147
1.11442
1.15681
1.19473
1.22636
1.25173
1.27178
1.28725
1.29807
1.30331
1.30201
1.29379
1.27938
1.26029
1.23869
1.21673
1.19635
1.17914
1.16613
1.15784
1.15408
1.15416
1.15701
1.16142
1.16613
1.16996
1.17181
1.17099
1.1671
1.16008
1.15006
1.13743
1.12278
1.10674
1.0896
1.07159
1.05317
1.03535
1.01968
1.00805
1.00237
1.0042
1.01459
1.03394
1.06187
1.09675
1.13575
1.17504
1.21051
1.23865
1.25731
1.26601
1.26575
1.25846
1.24624
1.23059
1.21184
1.18976
1.16476
1.13876
1.11529
1.0979
1.08805
1.08476
1.08578
1.08935
1.09485
1.10227
1.11162
1.12226
1.13289
1.1422
1.14932
1.15393
1.15612
1.15632
1.15515
1.15342
1.15196
1.15127
1.15141
1.1517
1.15112
1.14897
1.14545
1.14192
1.14045
1.14292
1.15002
1.1611
1.17497
1.1905
1.20682
1.22317
1.23843
1.25106
1.25934
1.26195
1.25804
1.24718
1.22898
1.20331
1.17061
1.13234
1.09128
1.05136
1.01676
0.991063
0.9766
0.974295
0.983853
1.00406
1.03259
1.06617
1.10065
1.13147
1.15444
1.16664
1.16679
1.15578
1.13635
1.11266
1.08918
1.06995
1.05817
1.0558
1.06354
1.081
1.10676
1.13841
1.1727
1.20573
1.23371
1.25347
1.26323
1.2626
1.25252
1.23507
1.21301
1.18948
1.16767
1.15029
1.13893
1.13376
1.13383
1.13752
1.14312
1.14893
1.15353
1.15578
1.15502
1.15107
1.14411
1.13463
1.1231
1.11011
1.09648
1.08325
1.07205
1.06493
1.06416
1.07153
1.0876
1.11142
1.1406
1.17193
1.20214
1.22825
1.24813
1.26045
1.26448
1.26004
1.24743
1.2274
1.20128
1.17095
1.1384
1.10561
1.07413
1.04507
1.01956
0.998956
0.984955
0.979297
0.983175
0.996836
1.01933
1.04843
1.08085
1.11303
1.14174
1.16473
1.18097
1.19056
1.19443
1.19415
1.19156
1.18851
1.18646
1.18593
1.18653
1.18721
1.18697
1.18531
1.18242
1.17941
1.17784
1.17933
1.18481
1.19408
1.20549
1.21635
1.22376
1.22582
1.22214
1.21375
1.20235
1.18942
1.1759
1.16247
1.14984
1.13897
1.1309
1.12615
1.12429
1.12414
1.12451
1.12467
1.12464
1.12486
1.12564
1.12675
1.12768
1.12841
1.12935
1.13027
1.1297
1.12585
1.11813
1.10749
1.0959
1.08558
1.07817
1.07447
1.07443
1.07738
1.08237
1.08841
1.09475
1.10093
1.10677
1.11236
1.11777
1.12309
1.1283
1.13327
1.13783
1.1419
1.14563
1.14951
1.15425
1.16032
1.16729
1.17342
1.17614
1.17318
1.1635
1.1481
1.12973
1.11206
1.0987
1.09234
1.09457
1.10581
1.12536
1.15126
1.18035
1.2089
1.23318
1.25013
1.258
1.25653
1.24693
1.23166
1.21356
1.19529
1.1786
1.16404
1.1512
1.13923
1.12741
1.11539
1.10323
1.09143
1.08089
1.0728
1.06829
1.06798
1.07151
1.07765
1.08468
1.0909
1.09501
1.09648
1.0958
1.09433
1.09399
1.0964
1.10239
1.1118
1.12372
1.13677
1.14938
1.15996
1.16682
1.1686
1.16468
1.15579
1.14419
1.1332
1.12628
1.12611
1.13393
1.14972
1.17217
1.1991
1.2277
1.25474
1.27671
1.2902
1.29209
1.28029
1.25418
1.21517
1.16712
1.1162
1.0698
1.03447
1.01383
1.00759
1.01248
1.02397
1.03826
1.05307
1.06763
1.08203
1.09654
1.11109
1.12514
1.13796
1.14892
1.15753
1.16349
1.16677
1.16786
1.1679
1.16841
1.17093
1.17648
1.18552
1.19804
1.21362
1.23112
1.24857
1.26316
1.27185
1.27217
1.26287
1.24434
1.21856
1.18851
1.15755
1.12847
1.10315
1.08248
1.06652
1.05437
1.04464
1.03601
1.02827
1.02305
1.02365
1.03341
1.05337
1.08099
1.11121
1.13879
1.16036
1.17483
1.18272
1.18539
1.18455
1.18213
1.18002
1.18008
1.18372
1.19178
1.20418
1.21984
1.23649
1.25094
1.26003
1.26167
1.25578
1.2441
1.22948
1.21441
1.20005
1.18636
1.17277
1.1592
1.1464
1.13561
1.12791
1.1238
1.12294
1.12434
1.12665
1.12859
1.12912
1.12771
1.12436
1.11955
1.11417
1.10933
1.1059
1.10427
1.10421
1.10489
1.10519
1.10413
1.10107
1.0956
1.08746
1.07679
1.06465
1.05336
1.04608
1.04588
1.05471
1.0727
1.09796
1.12693
1.15523
1.17852
1.19327
1.19729
1.19008
1.17295
1.14897
1.12247
1.09823
1.0804
1.07186
1.0739
1.0863
1.1076
1.13533
1.16644
1.19761
1.22572
1.24823
1.26362
1.27171
1.27312
1.26861
1.25839
1.2422
1.22052
1.19583
1.17241
1.15437
1.1433
1.13787
1.13543
1.13394
1.13263
1.13157
1.13127
1.13228
1.13491
1.13948
1.14617
1.15482
1.16479
1.17479
1.18322
1.18828
1.18839
1.18272
1.17194
1.15825
1.14426
1.13164
1.12065
1.11118
1.10427
1.10233
1.10795
1.12234
1.14411
1.16971
1.19459
1.21456
1.22637
1.22776
1.21751
1.1957
1.16407
1.12606
1.08643
1.05034
1.02226
1.00504
0.999451
1.0043
1.01704
1.03444
1.05309
1.07004
1.08354
1.0933
1.1006
1.10793
1.11796
1.13257
1.1522
1.17582
1.20128
1.22588
1.24679
1.26157
1.2687
1.26803
1.26096
1.25016
1.23881
1.22985
1.22516
1.22527
1.22916
1.23449
1.23819
1.23727
1.22936
1.21311
1.18872
1.15806
1.12448
1.09204
1.06448
1.04412
1.03157
1.02617
1.02661
1.0318
1.04099
1.05371
1.06937
1.08689
1.1045
1.1202
1.13239
1.14031
1.14452
1.14651
1.14817
1.15096
1.15538
1.16108
1.16729
1.17315
1.17792
1.18111
1.1823
1.18093
1.17657
1.1692
1.15941
1.14843
1.1378
1.12891
1.12267
1.11905
1.11768
1.11816
1.12054
1.12552
1.13397
1.14632
1.1622
1.18034
1.19867
1.21497
1.22712
1.23362
1.23368
1.22743
1.21581
1.20059
1.18379
1.16707
1.1515
1.1373
1.12399
1.11083
1.09733
1.08387
1.07209
1.0644
1.06321
1.06993
1.08447
1.10522
1.12953
1.15438
1.17679
1.19433
1.20552
1.20993
1.20793
1.20022
1.18758
1.17107
1.15207
1.13249
1.11477
1.10137
1.09439
1.09531
1.10463
1.12166
1.14453
1.17054
1.19615
1.21751
1.23073
1.23274
1.22255
1.20269
1.17987
1.16198
1.15275
1.14938
1.14637
1.14028
1.13107
1.12028
1.10962
1.10022
1.09287
1.0885
1.08828
1.09305
1.10274
1.116
1.13049
1.14355
1.15308
1.15783
1.15752
1.15273
1.14467
1.13497
1.12564
1.11887
1.11639
1.11919
1.12718
1.13912
1.1527
1.16499
1.17331
1.1763
1.17442
1.17022
1.1675
1.16997
1.17959
1.19547
1.21433
1.23194
1.24438
1.24873
1.2433
1.22789
1.20411
1.17529
1.14583
1.12015
1.10174
1.09217
1.091
1.09601
1.10383
1.11068
1.11288
1.10762
1.09336
1.07032
1.04075
1.00881
0.97993
0.959675
0.952384
0.960101
0.982487
1.01734
1.06115
1.10963
1.15827
1.20284
1.24007
1.26804
1.286
1.29413
1.29321
1.28411
1.26758
1.24455
1.21636
1.18504
1.15336
1.12436
1.10079
1.08449
1.07613
1.07519
1.07996
1.08801
1.09671
1.10429
1.11018
1.11493
1.1195
1.12479
1.13151
1.13999
1.15013
1.16156
1.17348
1.18484
1.19429
1.20055
1.20263
1.20022
1.19362
1.18375
1.17181
1.15907
1.14673
1.13583
1.12714
1.12104
1.11751
1.11634
1.1173
1.1204
1.12612
1.13519
1.14794
1.16378
1.1808
1.19603
1.20615
1.20849
1.2017
1.18625
1.16429
1.13915
1.11441
1.09305
1.07712
1.0678
1.06585
1.07159
1.08462
1.10343
1.1255
1.14759
1.16639
1.179
1.18325
1.17826
1.16468
1.14465
1.12171
1.10025
1.08445
1.07715
1.07901
1.08856
1.10317
1.12039
1.13875
1.15768
1.17704
1.19674
1.2164
1.23524
1.25188
1.26452
1.27145
1.2716
1.26506
1.25284
1.23673
1.21864
1.20031
1.18302
1.16724
1.15286
1.13927
1.12564
1.11119
1.09542
1.07833
1.06057
1.04333
1.02828
1.01752
1.013
1.01602
1.02674
1.04392
1.06536
1.08881
1.11261
1.13603
1.15903
1.18133
1.20193
1.219
1.23008
1.23285
1.22598
1.2097
1.18622
1.15945
1.13405
1.11425
1.10276
1.10042
1.10627
1.11826
1.13365
1.14954
1.16339
1.1736
1.17949
1.18132
1.18005
1.17686
1.17277
1.1682
1.16277
1.15572
1.14667
1.13649
1.12734
1.12221
1.12354
1.13227
1.14745
1.16671
1.18726
1.20642
1.22208
1.23293
1.23814
1.23711
1.22937
1.21482
1.19418
1.16959
1.14474
1.12428
1.11251
1.11168
1.12089
1.13663
1.15413
1.16892
1.17773
1.17874
1.17161
1.1575
1.13899
1.11985
1.10411
1.09457
1.0919
1.095
1.10188
1.11057
1.11973
1.1288
1.1377
1.14647
1.15487
1.16216
1.16738
1.16966
1.16866
1.16461
1.15819
1.15015
1.14129
1.13255
1.12512
1.11994
1.11759
1.11809
1.12089
1.12503
1.12939
1.1329
1.13513
1.13637
1.13724
1.1383
1.13997
1.14259
1.14668
1.15297
1.16209
1.17387
1.18686
1.19837
1.20514
1.20448
1.19526
1.17838
1.15695
1.13569
1.11977
1.11316
1.11715
1.12995
1.14789
1.1668
1.18316
1.19422
1.19813
1.19387
1.18138
1.16183
1.13778
1.1132
1.09289
1.08111
1.08002
1.08908
1.1054
1.12525
1.14523
1.16265
1.1759
1.184
1.1863
1.1824
1.17223
1.15632
1.13614
1.11416
1.09342
1.07671
1.06562
1.06027
1.05984
1.06306
1.06875
1.0759
1.08371
1.09155
1.09921
1.10679
1.11455
1.12249
1.13016
1.13682
1.14192
1.14565
1.14907
1.15358
1.16034
1.16963
1.18099
1.19373
1.20747
1.22229
1.23807
1.25387
1.26768
1.27718
1.28058
1.27707
1.26687
1.25108
1.2313
1.20941
1.1872
1.16603
1.1468
1.12999
1.11592
1.10488
1.0969
1.09157
1.08781
1.08383
1.07772
1.06833
1.05602
1.04279
1.03169
1.02551
1.0261
1.03403
1.04901
1.06983
1.09464
1.12097
1.14616
1.16782
1.18421
1.19438
1.19786
1.19493
1.18642
1.17364
1.15822
1.14198
1.12676
1.11418
1.10547
1.10127
1.1015
1.10537
1.1115
1.11803
1.12277
1.12375
1.11989
1.11197
1.10289
1.09658
1.09598
1.10152
1.11166
1.12458
1.13933
1.15573
1.17393
1.19361
1.21376
1.23278
1.24864
1.25925
1.26272
1.25766
1.24355
1.22103
1.19245
1.1618
1.13442
1.11533
1.10765
1.11133
1.12338
1.13935
1.15491
1.16717
1.17489
1.17849
1.17934
1.17892
1.17842
1.17809
1.1772
1.17409
1.16667
1.15329
1.13374
1.10998
1.0856
1.06482
1.05114
1.04641
1.05068
1.06243
1.07917
1.09816
1.11687
1.1331
1.14519
1.15226
1.15461
1.15394
1.15276
1.1533
1.15664
1.16238
1.16929
1.17639
1.18343
1.19112
1.20029
1.21127
1.22346
1.23531
1.24476
1.24973
1.24874
1.24129
1.22789
1.20955
1.18723
1.16173
1.13428
1.10696
1.08259
1.06405
1.05349
1.05187
1.05894
1.07361
1.09451
1.12004
1.1483
1.177
1.20364
1.22571
1.24122
1.249
1.24886
1.24141
1.22779
1.20942
1.18747
1.16283
1.13603
1.10768
1.07892
1.05152
1.028
1.01099
1.00251
1.00338
1.01306
1.02989
1.0513
1.07449
1.09661
1.11527
1.12892
1.13732
1.14128
1.14227
1.14166
1.14008
1.13746
1.13354
1.12863
1.12383
1.1209
1.12157
1.12682
1.1365
1.1495
1.16415
1.17878
1.19224
1.20416
1.21478
1.22438
1.23273
1.23879
1.24075
1.23666
1.22487
1.20473
1.17714
1.14458
1.11078
1.07984
1.0554
1.03977
1.03373
1.03664
1.04687
1.06207
1.07972
1.0976
1.11414
1.12847
1.14028
1.14967
1.15709
1.16297
1.16752
1.17051
1.17149
1.16999
1.16584
1.15965
1.15279
1.147
1.14345
1.14231
1.14288
1.14414
1.14536
1.14624
1.14664
1.14634
1.14521
1.14337
1.14112
1.13859
1.13541
1.13065
1.12353
1.11416
1.1039
1.09487
1.08915
1.08763
1.08989
1.09457
1.10013
1.10555
1.11075
1.11652
1.12401
1.13417
1.14721
1.16248
1.17869
1.19432
1.20789
1.21816
1.22424
1.22547
1.22158
1.21278
1.19981
1.18417
1.16798
1.15364
1.14319
1.13763
1.1367
1.13897
1.14254
1.14564
1.14705
1.14631
1.14359
1.13951
1.13506
1.13144
1.12961
1.13004
1.13258
1.13672
1.14185
1.14743
1.15304
1.15835
1.16311
1.16738
1.17138
1.17518
1.17805
1.17837
1.1743
1.16483
1.15028
1.13207
1.11245
1.09399
1.07933
1.07071
1.06967
1.07668
1.091
1.11066
1.13284
1.15459
1.17355
1.18833
1.19836
1.20333
1.20267
1.1959
1.18297
1.16487
1.14355
1.12166
1.10209
1.08757
1.07987
1.0792
1.08397
1.09129
1.09798
1.10166
1.10144
1.09796
1.09309
1.08917
1.08805
1.09075
1.0973
1.10725
1.12015
1.13589
1.15444
1.17542
1.19772
1.21945
1.23823
1.25162
1.25751
1.25474
1.24314
1.22379
1.19883
1.17119
1.14403
1.1203
1.10272
1.09328
1.09286
1.1006
1.11396
1.12923
1.14251
1.15081
1.15289
1.14967
1.14388
1.13878
1.13666
1.13794
1.14106
1.14352
1.14314
1.13895
1.13155
1.12258
1.11396
1.10736
1.10399
1.10477
1.11003
1.11913
1.13005
1.14024
1.14755
1.15084
1.15015
1.14662
1.14199
1.13797
1.13564
1.13516
1.13582
1.13628
1.13508
1.13108
1.12381
1.11352
1.10081
1.0868
1.07287
1.06066
1.05174
1.0473
1.04819
1.05515
1.06909
1.09067
1.11954
1.15374
1.18967
1.22283
1.2491
1.26539
1.27017
1.26373
1.24796
1.22638
1.20376
1.1852
1.17502
1.17505
1.18396
1.19811
1.21313
1.22531
1.23229
1.2332
1.22818
1.21796
1.2033
1.18479
1.16305
1.13901
1.11425
1.09085
1.07093
1.05623
1.04788
1.04628
1.05118
1.06158
1.07562
1.09091
1.10526
1.11732
1.12716
1.1359
1.14492
1.15494
1.16553
1.17526
1.18244
1.1859
1.18548
1.18188
1.17637
1.17014
1.16398
1.15813
1.15241
1.14619
1.13878
1.12945
1.11749
1.10254
1.08495
1.066
1.048
1.03398
1.02703
1.02957
1.04261
1.0651
1.09404
1.12513
1.15372
1.17599
1.18973
1.19443
1.19111
1.18175
1.16882
1.15496
1.14291
1.13532
1.13422
1.14021
1.15209
1.1673
1.18294
1.1965
1.20606
1.2102
1.20804
1.19917
1.18403
1.16398
1.1412
1.11862
1.09933
1.0862
1.08129
1.08562
1.09875
1.11883
1.143
1.16801
1.19088
1.20924
1.22138
1.22618
1.22343
1.21373
1.19881
1.18112
1.16307
1.14661
1.1327
1.12141
1.11237
1.10494
1.09868
1.09338
1.08893
1.08507
1.08151
1.078
1.07458
1.07189
1.07118
1.07396
1.08125
1.09304
1.10798
1.12393
1.13921
1.15366
1.16878
1.18673
1.20874
1.23412
1.26052
1.28487
1.3044
1.31707
1.32165
1.31762
1.30517
1.28484
1.25756
1.22442
1.18664
1.14583
1.10407
1.06414
1.02925
1.00235
0.985404
0.979187
0.983231
0.996113
1.01567
1.03942
1.065
1.09067
1.1155
1.1392
1.16168
1.18248
1.20052
1.21431
1.22272
1.22523
1.22202
1.21391
1.20213
1.18809
1.17315
1.15835
1.14425
1.13121
1.11984
1.11142
1.10744
1.10875
1.11514
1.12536
1.13774
1.15089
1.16408
1.17714
1.18995
1.20162
1.21022
1.21306
1.20796
1.19443
1.17403
1.15021
1.12702
1.10824
1.0967
1.09353
1.09809
1.10813
1.12054
1.13224
1.1409
1.14532
1.14526
1.14134
1.13474
1.12714
1.12064
1.11719
1.11808
1.12343
1.13202
1.14146
1.149
1.15215
1.14941
1.14057
1.12705
1.11189
1.09902
1.09258
1.09567
1.1095
1.13251
1.16053
1.18822
1.21087
1.22548
1.23125
1.22908
1.22085
1.20878
1.19517
1.1821
1.17146
1.16475
1.16288
1.16569
1.17181
1.17897
1.18471
1.18734
1.18615
1.18149
1.17442
1.1659
1.15651
1.14638
1.13537
1.12343
1.11097
1.09895
1.08851
1.08047
1.07475
1.0706
1.06703
1.06395
1.06251
1.06483
1.07304
1.08802
1.10843
1.13076
1.1505
1.16364
1.16774
1.16226
1.14845
1.12888
1.10716
1.08754
1.07426
1.07079
1.07909
1.09922
1.12887
1.1634
1.19713
1.22516
1.24462
1.25451
1.25499
1.24659
1.2301
1.20692
1.1793
1.15041
1.12404
1.10404
1.09347
1.0938
1.10453
1.12322
1.14592
1.16827
1.18643
1.19801
1.20242
1.20083
1.19551
1.18881
1.18219
1.17602
1.16988
1.16323
1.15575
1.14752
1.13898
1.13086
1.12409
1.11977
1.11885
1.12172
1.1282
1.1376
1.14894
1.16102
1.17249
1.1819
1.18779
1.18905
1.18521
1.17671
1.16474
1.151
1.13741
1.12567
1.11693
1.11152
1.10867
1.1068
1.10393
1.09833
1.08921
1.07708
1.06384
1.05225
1.04517
1.04482
1.05218
1.06696
1.08769
1.11187
1.13635
1.15772
1.17337
1.18224
1.18526
1.18484
1.18381
1.18433
1.18711
1.19132
1.19499
1.1957
1.19168
1.18282
1.17102
1.15965
1.15192
1.14958
1.15278
1.16067
1.17191
1.1845
1.19555
1.20171
1.19993
1.18868
1.16857
1.1426
1.11528
1.09121
1.07369
1.06432
1.06339
1.07053
1.08488
1.10472
1.12776
1.1519
1.1761
1.20029
1.22427
1.24671
1.2653
1.27766
1.28202
1.27755
1.26434
1.2432
1.21571
1.18421
1.15157
1.12078
1.09438
1.07408
1.06055
1.05354
1.05241
1.05627
1.06423
1.07547
1.08895
1.10334
1.11704
1.12854
1.13698
1.14235
1.14548
1.1473
1.14815
1.14739
1.14369
1.13559
1.1224
1.10451
1.08349
1.06225
1.0449
1.03649
1.0415
1.06202
1.09635
1.13947
1.18498
1.22716
1.26212
1.28791
1.30407
1.31113
1.3102
1.30269
1.29017
1.27426
1.25628
1.23711
1.2169
1.19523
1.17163
1.14632
1.12085
1.09798
1.08107
1.07244
1.07225
1.07821
1.08663
1.09402
1.09812
1.09834
1.09522
1.08993
1.0837
1.07754
1.07184
1.06648
1.06112
1.05548
1.04949
1.04359
1.03858
1.03552
1.03552
1.03959
1.04833
1.06175
1.07936
1.10032
1.12385
1.14926
1.17573
1.20224
1.22772
1.25103
1.27086
1.28561
1.29364
1.29391
1.28641
1.27228
1.25326
1.23136
1.20882
1.18807
1.17139
1.16022
1.15443
1.15226
1.15114
1.14843
1.14208
1.13074
1.11378
1.09156
1.06544
1.03788
1.01238
0.992917
0.982982
0.984601
0.997665
1.02018
1.04909
1.08146
1.11499
1.14801
1.17893
1.20597
1.22737
1.24176
1.24862
1.24857
1.24299
1.23335
1.22078
1.20579
1.18839
1.16865
1.14727
1.12594
1.10715
1.09354
1.0869
1.08721
1.09258
1.10002
1.10694
1.11212
1.1158
1.11906
1.12296
1.12784
1.13319
1.13809
1.14173
1.14404
1.14546
1.14644
1.14686
1.14621
1.14409
1.14062
1.1364
1.13217
1.12864
1.12656
1.12678
1.13005
1.13671
1.14625
1.15747
1.16901
1.17976
1.18913
1.19699
1.2032
1.20734
1.20887
1.20696
1.20064
1.189
1.17172
1.14995
1.12673
1.10655
1.09368
1.09051
1.0969
1.11088
1.13008
1.1523
1.17549
1.19716
1.21414
1.22326
1.22202
1.20925
1.1854
1.15256
1.11443
1.07597
1.04255
1.01862
1.00658
1.00633
1.01591
1.0326
1.05405
1.07867
1.10546
1.1335
1.16137
1.18721
1.20921
1.2262
1.238
1.24529
1.24878
1.24889
1.24536
1.2377
1.22557
1.20891
1.18815
1.16406
1.13763
1.10997
1.08221
1.05569
1.03246
1.01539
1.00766
1.01144
1.0268
1.05154
1.08199
1.11433
1.1455
1.17352
1.19728
1.21617
1.22989
1.23848
1.24241
1.24275
1.24088
1.23816
1.23516
1.2316
1.22638
1.21843
1.20726
1.19315
1.17691
1.15962
1.14267
1.12727
1.11446
1.10457
1.09713
1.09114
1.08595
1.08145
1.0778
1.07487
1.07215
1.0692
1.06619
1.06397
1.06347
1.06483
1.06712
1.06947
1.07264
1.07948
1.09339
1.11563
1.14404
1.17423
1.20196
1.22449
1.24089
1.25165
1.25791
1.2609
1.26139
1.25962
1.25528
1.24774
1.23625
1.22027
1.19956
1.1743
1.14534
1.11457
1.08517
1.06091
1.04455
1.03631
1.0344
1.03656
1.04143
1.04874
1.05883
1.07214
1.08885
1.10856
1.13026
1.15247
1.17355
1.19199
1.20676
1.21758
1.22489
1.22961
1.23273
1.23488
1.23599
1.2355
1.23235
1.22548
1.21416
1.19847
1.17938
1.15894
1.14
1.12556
1.11787
1.1177
1.12382
1.13353
1.14365
1.15166
1.15628
1.15739
1.15575
1.15243
1.14831
1.14367
1.13818
1.13118
1.12227
1.11154
1.09951
1.0871
1.07562
1.06691
1.06265
1.06304
1.06627
1.0697
1.07196
1.07424
1.07985
1.0922
1.11229
1.13794
1.1653
1.19087
1.21238
1.22859
1.23862
1.24156
1.23676
1.22392
1.20361
1.1776
1.14869
1.12063
1.09747
1.08276
1.07884
1.08645
1.1045
1.13018
1.15917
1.18626
1.20635
1.21578
1.21364
1.20246
1.18751
1.17444
1.16641
1.16253
1.15956
1.15465
1.14743
1.14007
1.13581
1.13728
1.14527
1.15849
1.17411
1.18868
1.19937
1.2045
1.20379
1.19784
1.18749
1.17328
1.15544
1.13414
1.11005
1.08476
1.06069
1.04059
1.02701
1.02153
1.02422
1.03382
1.04829
1.06583
1.08574
1.10847
1.13518
1.16643
1.2008
1.23477
1.26364
1.28297
1.29003
1.28431
1.2672
1.24152
1.21084
1.17892
1.14922
1.12441
1.1062
1.09519
1.09105
1.09272
1.09882
1.10798
1.11895
1.1307
1.14254
1.15394
1.16448
1.17362
1.18069
1.18484
1.18537
1.18216
1.1758
1.16737
1.15793
1.14808
1.13782
1.12693
1.11544
1.10409
1.09428
1.08766
1.08567
1.08912
1.09788
1.1108
1.12574
1.14013
1.15142
1.15757
1.15719
1.14969
1.1355
1.11621
1.09457
1.0737
1.05646
1.04476
1.03926
1.03978
1.04556
1.05579
1.06973
1.08671
1.10592
1.12646
1.14763
1.16896
1.19017
1.21096
1.23072
1.2484
1.26271
1.27238
1.27619
1.2728
1.26076
1.239
1.20702
1.16578
1.11809
1.06867
1.02369
0.989617
0.971625
0.97252
0.992646
1.02984
1.07944
1.13513
1.19059
1.24076
1.28241
1.31403
1.33542
1.34742
1.35159
1.34932
1.34103
1.32594
1.3026
1.27036
1.23019
1.18489
1.13839
1.09445
1.05593
1.02469
1.00208
0.989264
0.987078
0.995729
1.01435
1.04087
1.07221
1.10469
1.13445
1.15803
1.17289
1.17753
1.17191
1.15736
1.13641
1.11261
1.09012
1.07285
1.0634
1.06211
1.06741
1.07703
1.08949
1.10463
1.12284
1.14421
1.16751
1.19046
1.21052
1.22535
1.23317
1.23256
1.22235
1.20226
1.17329
1.13833
1.10185
1.06901
1.04445
1.03128
1.03065
1.04214
1.06422
1.09456
1.12989
1.16616
1.19916
1.22525
1.24207
1.24898
1.24684
1.2379
1.22497
1.21055
1.19631
1.18316
1.17193
1.16357
1.15894
1.15832
1.16135
1.16749
1.17631
1.18755
1.20069
1.21492
1.22871
1.2397
1.24499
1.24198
1.22953
1.20875
1.18287
1.1562
1.13292
1.11632
1.10839
1.10903
1.11595
1.12546
1.13369
1.1376
1.13573
1.12834
1.1171
1.10441
1.09252
1.08292
1.07626
1.07237
1.07046
1.06964
1.06963
1.07154
1.07753
1.0895
1.10778
1.13079
1.15585
1.1803
1.20199
1.21925
1.23066
1.23474
1.23038
1.21739
1.19684
1.17117
1.14385
1.11866
1.09884
1.08624
1.08135
1.08349
1.0914
1.10361
1.11867
1.13532
1.1525
1.16933
1.18493
1.19812
1.20738
1.21127
1.20904
1.2009
1.18821
1.17296
1.15733
1.14326
1.13206
1.12422
1.11959
1.11779
1.11869
1.12254
1.12963
1.13961
1.15132
1.16343
1.17503
1.1858
1.19557
1.20367
1.20898
1.21046
1.20778
1.20169
1.19356
1.18468
1.17547
1.16509
1.15226
1.13608
1.11708
1.09751
1.08085
1.07059
1.06895
1.07608
1.09022
1.10851
1.12769
1.14495
1.15814
1.16612
1.16857
1.16598
1.1595
1.15086
1.14202
1.13476
1.13026
1.12882
1.12963
1.13126
1.13221
1.13191
1.13138
1.13323
1.14012
1.15276
1.16901
1.1852
1.19819
1.20671
1.21145
1.21424
1.21681
1.22003
1.22362
1.2264
1.22676
1.22324
1.21517
1.20294
1.18798
1.17257
1.15899
1.14859
1.14113
1.13491
1.12778
1.11828
1.10632
1.09305
1.08047
1.07055
1.06462
1.06309
1.06541
1.07049
1.07735
1.08534
1.09413
1.10361
1.11347
1.12322
1.13239
1.14083
1.1489
1.15715
1.16585
1.17488
1.18342
1.19018
1.19378
1.19307
1.18751
1.17733
1.16353
1.14756
1.13101
1.11502
1.10004
1.08597
1.07267
1.06033
1.04961
1.04115
1.03537
1.03223
1.03179
1.03461
1.04193
1.05501
1.0743
1.09894
1.12704
1.15631
1.18484
1.21136
1.23504
1.25499
1.27003
1.27874
1.27992
1.27293
1.25819
1.23752
1.21433
1.19306
1.17749
1.16918
1.16709
1.16898
1.17244
1.17522
1.17519
1.17045
1.15965
1.14265
1.1208
1.09686
1.07445
1.05711
1.04766
1.04773
1.0577
1.07633
1.1008
1.12713
1.15124
1.17025
1.18321
1.19107
1.19601
1.20055
1.20644
1.21376
1.22099
1.22608
1.22728
1.22379
1.21574
1.20393
1.18961
1.17428
1.1592
1.14509
1.13202
1.11951
1.10736
1.09622
1.08838
1.08729
1.0955
1.11213
1.13243
1.15014
1.16057
1.16205
1.15559
1.14366
1.12901
1.11376
1.09949
1.08722
1.07762
1.07084
1.06626
1.06274
1.05904
1.0545
1.04947
1.04533
1.04416
1.04828
1.05971
1.07963
1.10803
1.14349
1.18321
1.22323
1.25925
1.28738
1.30483
1.31019
1.30347
1.28601
1.26009
1.22868
1.19502
1.16196
1.13189
1.10714
1.09036
1.08368
1.08697
1.09725
1.11009
1.12162
1.12977
1.1344
1.13674
1.1388
1.14267
1.14997
1.16121
1.17563
1.1917
1.20752
1.22137
1.23195
1.23854
1.24116
1.23994
1.23476
1.2249
1.20961
1.18887
1.16413
1.1385
1.11606
1.10048
1.09319
1.09237
1.09367
1.09241
1.08549
1.0723
1.05433
1.0343
1.01549
1.00107
0.99421
0.997543
1.0124
1.03777
1.07004
1.10395
1.13449
1.1584
1.17493
1.18545
1.19256
1.19891
1.20574
1.21233
1.21626
1.21477
1.20631
1.19145
1.17307
1.15564
1.14375
1.14052
1.14665
1.16056
1.17938
1.20006
1.22005
1.23716
1.24919
1.25409
1.25038
1.23762
1.21666
1.18951
1.15889
1.12787
1.0995
1.07632
1.05979
1.05036
1.04807
1.05292
1.06487
1.08305
1.10532
1.12839
1.14905
1.16521
1.17638
1.18317
1.1862
1.18551
1.18061
1.17112
1.15775
1.14251
1.12847
1.11884
1.11562
1.11873
1.12601
1.13405
1.13954
1.14034
1.13592
1.12718
1.1158
1.10359
1.09191
1.08135
1.07203
1.06397
1.05744
1.05309
1.05186
1.05463
1.06189
1.07341
1.08827
1.10496
1.1215
1.13591
1.14667
1.15303
1.15501
1.15331
1.14909
1.14371
1.13838
1.13384
1.13036
1.12783
1.12615
1.12545
1.12616
1.12897
1.13463
1.14381
1.15656
1.17197
1.18795
1.20156
1.20991
1.21102
1.20434
1.19071
1.17192
1.15009
1.12721
1.10512
1.0856
1.07036
1.06056
1.05621
1.05611
1.0581
1.06007
1.06107
1.06166
1.06361
1.0687
1.07784
1.09135
1.11007
1.13573
1.16969
1.21026
1.25178
1.28648
1.30776
1.31213
1.29971
1.27369
1.2391
1.20122
1.16437
1.13198
1.10715
1.09253
1.08964
1.09797
1.115
1.13705
1.16068
1.18348
1.20389
1.22059
1.23215
1.23728
1.2352
1.22567
1.20935
1.18796
1.1644
1.14247
1.12577
1.11653
1.11474
1.11851
1.12526
1.13267
1.13927
1.14437
1.14759
1.14831
1.14551
1.13801
1.1252
1.10767
1.08721
1.06661
1.04901
1.03748
1.03471
1.04271
1.06219
1.09202
1.12913
1.16915
1.20742
1.23987
1.26359
1.27703
1.27976
1.27212
1.25502
1.22994
1.1993
1.16645
1.13523
1.10925
1.09103
1.08165
1.0813
1.08982
1.10694
1.13162
1.16136
1.19218
1.21968
1.23991
1.25036
1.25046
1.24169
1.22723
1.21106
1.19653
1.1851
1.17608
1.16719
1.15587
1.14007
1.11889
1.0932
1.06626
1.04307
1.02888
1.02697
1.03759
1.05828
1.08471
1.11216
1.1363
1.15388
1.16299
1.1631
1.15517
1.14139
1.12492
1.10959
1.0992
1.09681
1.10373
1.11894
1.13956
1.16173
1.18206
1.19864
1.21103
1.21955
1.22455
1.22625
1.22474
1.22035
1.21368
1.20601
1.19912
1.19503
1.19518
1.19961
1.20666
1.21355
1.21735
1.21592
1.20837
1.19529
1.17835
1.15966
1.14146
1.12557
1.11327
1.10525
1.10166
1.10208
1.10579
1.11177
1.11889
1.12601
1.13203
1.13565
1.13538
1.12987
1.11854
1.10228
1.08332
1.06484
1.04989
1.0408
1.03869
1.04337
1.05365
1.06761
1.08306
1.09783
1.11019
1.11902
1.12374
1.12418
1.12074
1.11425
1.10591
1.09715
1.08956
1.08461
1.08333
1.08625
1.09331
1.10389
1.11699
1.1313
1.14538
1.15801
1.1684
1.17647
1.18291
1.18852
1.19379
1.19862
1.20249
1.2049
1.20563
1.20479
1.2027
1.19962
1.19559
1.19049
1.18416
1.1766
1.16827
1.16
1.15267
1.14692
1.14279
1.13984
1.13748
1.13529
1.13307
1.13089
1.12899
1.12752
1.12641
1.12524
1.12333
1.11987
1.11426
1.10641
1.0968
1.08646
1.07666
1.06852
1.06311
1.06112
1.06295
1.06865
1.07793
1.09086
1.10809
1.13058
1.15851
1.19033
1.22263
1.25122
1.27244
1.28389
1.28486
1.27612
1.25946
1.23712
1.21144
1.18456
1.15854
1.1355
1.11774
1.10749
1.10615
1.1133
1.12648
1.14208
1.15662
1.16795
1.17543
1.17947
1.18062
1.17917
1.17522
1.16905
1.16151
1.15406
1.14835
1.14563
1.14626
1.14963
1.15439
1.15867
1.16037
1.15761
1.1494
1.13621
1.12
1.10366
1.0901
1.08136
1.07835
1.08094
1.08828
1.09906
1.11175
1.12481
1.13685
1.14672
1.15342
1.1564
1.15604
1.15378
1.15197
1.15288
1.15779
1.16622
1.17614
1.18463
1.18894
1.18757
1.18089
1.17094
1.16067
1.15282
1.14912
1.14978
1.15339
1.15748
1.15915
1.15594
1.14649
1.13106
1.11183
1.0923
1.07633
1.06668
1.06434
1.06862
1.07784
1.09023
1.10449
1.11974
1.13543
1.1512
1.16657
1.18089
1.19333
1.20302
1.20916
1.2111
1.20862
1.20184
1.19131
1.17796
1.16305
1.14816
1.13502
1.12521
1.1197
1.11838
1.12022
1.12402
1.12895
1.13496
1.14232
1.15109
1.16069
1.16997
1.17765
1.18291
1.18562
1.1864
1.18608
1.18529
1.18393
1.18104
1.17519
1.1652
1.15084
1.13316
1.11444
1.09779
1.08639
1.08245
1.08638
1.09645
1.10979
1.1236
1.13647
1.14846
1.16029
1.1724
1.18414
1.19382
1.19921
1.19819
1.18982
1.17474
1.15509
1.13414
1.11567
1.10297
1.09804
1.10112
1.11068
1.1239
1.13734
1.14787
1.15341
1.15349
1.14908
1.14207
1.13446
1.12782
1.12306
1.12087
1.12216
1.12806
1.13946
1.1564
1.17788
1.2022
1.22753
1.25212
1.27429
1.2923
1.30447
1.30943
1.30632
1.29474
1.27494
1.24773
1.21428
1.17609
1.13511
1.09371
1.05467
1.0211
0.995869
0.980721
0.975536
0.978424
0.986432
0.996749
1.00742
1.01751
1.02672
1.03483
1.04147
1.04627
1.04963
1.05324
1.05993
1.07295
1.09463
1.12522
1.16256
1.2024
1.23959
1.26946
1.28863
1.29544
1.29017
1.2747
1.25222
1.22656
1.20174
1.1813
