1.1875
1.18141
1.18172
1.18643
1.19304
1.19917
1.20288
1.20257
1.19723
1.18688
1.17311
1.15916
1.14914
1.14686
1.15427
1.17075
1.19316
1.21673
1.23629
1.24743
1.24732
1.23501
1.21136
1.17886
1.14104
1.10195
1.06544
1.035
1.01352
1.00309
1.0048
1.01846
1.04244
1.07355
1.1072
1.13817
1.1617
1.1747
1.17642
1.16815
1.15267
1.13326
1.11315
1.09539
1.08276
1.07775
1.08221
1.09659
1.11941
1.14747
1.1766
1.20267
1.2227
1.23505
1.2395
1.23671
1.22772
1.21355
1.19526
1.17409
1.15211
1.13179
1.11567
1.10566
1.10238
1.1052
1.11283
1.12393
1.13719
1.15131
1.16483
1.17626
1.18447
1.18917
1.19084
1.19054
1.18936
1.1881
1.18729
1.1872
1.18785
1.189
1.19021
1.19103
1.19109
1.19027
1.18872
1.1866
1.18403
1.18108
1.17766
1.17355
1.16826
1.16115
1.15155
1.13918
1.12427
1.10776
1.09123
1.07643
1.06467
1.05632
1.05077
1.04673
1.04318
1.04015
1.03887
1.04125
1.04911
1.06338
1.08381
1.10911
1.13751
1.16745
1.19793
1.22818
1.25712
1.28293
1.30344
1.31657
1.32104
1.31675
1.30473
1.28679
1.26494
1.24105
1.21677
1.19344
1.17223
1.15407
1.13934
1.12778
1.11827
1.10923
1.09901
1.08671
1.07276
1.05906
1.04861
1.0446
1.04944
1.06353
1.08456
1.10793
1.12812
1.14044
1.14241
1.13446
1.11975
1.10318
1.09005
1.08437
1.08795
1.10037
1.11935
1.14162
1.16363
1.18225
1.19551
1.20315
1.20672
1.20874
1.2116
1.21679
1.22468
1.23471
1.2455
1.25517
1.26159
1.26286
1.25785
1.24709
1.23318
1.22005
1.21087
1.20585
1.20256
1.19817
1.191
1.18067
1.16744
1.15176
1.13421
1.11573
1.09748
1.08072
1.06648
1.05554
1.04862
1.04619
1.04855
1.05571
1.06746
1.08344
1.10292
1.12488
1.14805
1.17113
1.19286
1.21192
1.22692
1.2365
1.23958
1.23571
1.22535
1.21002
1.19195
1.17373
1.15791
1.1466
1.14109
1.14165
1.14741
1.15668
1.16746
1.17814
1.18805
1.19747
1.20729
1.21828
1.23056
1.24277
1.25228
1.25583
1.25075
1.23608
1.21305
1.18488
1.15537
1.12754
1.10287
1.08174
1.06446
1.05189
1.04557
1.0471
1.05719
1.07504
1.09828
1.1236
1.14796
1.16922
1.18614
1.19799
1.20421
1.20432
1.19852
1.18808
1.1753
1.16321
1.15452
1.15072
1.15175
1.15605
1.16143
1.16549
1.16623
1.1621
1.15226
1.13663
1.11598
1.09218
1.06815
1.0474
1.03315
1.02754
1.03109
1.04273
1.06026
1.08104
1.10246
1.12239
1.13947
1.1533
1.16441
1.17388
1.18285
1.19223
1.20241
1.21332
1.22469
1.2364
1.2484
1.26059
1.27241
1.28288
1.29086
1.29544
1.29589
1.29152
1.28151
1.26522
1.24291
1.21598
1.1868
1.15824
1.13307
1.11359
1.10121
1.09591
1.09601
1.09836
1.09936
1.09625
1.08779
1.07425
1.05702
1.03821
1.02066
1.00768
1.00254
1.00776
1.02429
1.05126
1.08621
1.12541
1.16483
1.20067
1.23002
1.251
1.26292
1.26608
1.2617
1.25174
1.23849
1.22429
1.21129
1.20098
1.19387
1.18944
1.18647
1.18328
1.17838
1.17095
1.16115
1.15031
1.14044
1.13362
1.13136
1.13423
1.14199
1.15362
1.16758
1.18188
1.19437
1.20307
1.20637
1.203
1.19214
1.1739
1.1499
1.12352
1.09952
1.08307
1.07791
1.08498
1.10223
1.12532
1.14924
1.1696
1.18341
1.18925
1.18701
1.17764
1.16259
1.1437
1.12313
1.10365
1.08869
1.082
1.08631
1.10199
1.12678
1.15665
1.18712
1.21434
1.23548
1.24861
1.25293
1.24886
1.23836
1.22471
1.21179
1.20283
1.1995
1.20146
1.20654
1.2117
1.21414
1.21246
1.20689
1.19882
1.18987
1.18122
1.17339
1.16637
1.15987
1.15361
1.14719
1.13979
1.13032
1.11746
1.10024
1.07876
1.05448
1.03009
1.00886
0.993802
0.987185
0.990747
1.0058
1.03224
1.06733
1.10583
1.14224
1.17263
1.19525
1.20995
1.21747
1.21904
1.216
1.20964
1.2012
1.19173
1.18214
1.17349
1.16698
1.16404
1.16599
1.17369
1.18707
1.20515
1.22609
1.24757
1.26724
1.28283
1.29227
1.29374
1.28567
1.267
1.23774
1.19954
1.15626
1.11374
1.07859
1.05586
1.04722
1.05067
1.06176
1.07545
1.08788
1.09725
1.10364
1.10812
1.11155
1.11428
1.11653
1.11899
1.12287
1.12933
1.13869
1.15002
1.16146
1.17071
1.17575
1.17514
1.16814
1.15493
1.13707
1.11776
1.1015
1.09257
1.09327
1.10302
1.11872
1.13613
1.15159
1.16274
1.16902
1.17165
1.17293
1.17517
1.17988
1.18727
1.1964
1.20564
1.21333
1.21853
1.22135
1.223
1.22522
1.22927
1.23514
1.24126
1.24494
1.24348
1.2351
1.21928
1.19676
1.16926
1.13929
1.10987
1.0842
1.06496
1.05381
1.05091
1.05508
1.06451
1.07721
1.09168
1.10694
1.12259
1.13862
1.15525
1.17252
1.18985
1.20588
1.21885
1.22711
1.22975
1.22664
1.21834
1.2058
1.19003
1.17199
1.15242
1.13199
1.11155
1.0925
1.07675
1.06626
1.06244
1.06568
1.07512
1.08928
1.10646
1.12512
1.14392
1.16188
1.17826
1.19256
1.2043
1.21307
1.21838
1.21951
1.21557
1.20594
1.19081
1.17186
1.15248
1.137
1.12884
1.1289
1.13553
1.14569
1.15634
1.16539
1.17198
1.1761
1.17844
1.17986
1.18089
1.18133
1.18034
1.17663
1.16925
1.15832
1.14531
1.13237
1.12155
1.11394
1.10975
1.10852
1.10947
1.11178
1.11475
1.11826
1.12282
1.12939
1.1389
1.15154
1.16675
1.18325
1.19937
1.21342
1.22404
1.23028
1.23155
1.22765
1.21847
1.20362
1.18265
1.15576
1.12471
1.09324
1.06676
1.05087
1.04981
1.06486
1.09364
1.13059
1.16847
1.20032
1.22107
1.22846
1.22306
1.20766
1.18634
1.16316
1.14155
1.12387
1.11162
1.10525
1.10442
1.10806
1.11459
1.1223
1.12967
1.13573
1.14007
1.1428
1.14446
1.14595
1.14841
1.15272
1.15898
1.16647
1.1738
1.17936
1.18192
1.18095
1.17655
1.16927
1.16001
1.14947
1.13817
1.12639
1.11422
1.10154
1.08838
1.07525
1.06329
1.05444
1.05124
1.0563
1.0717
1.09818
1.13469
1.17825
1.2246
1.2689
1.30685
1.33529
1.35244
1.35751
1.35038
1.33143
1.30145
1.26192
1.21529
1.16518
1.1163
1.07419
1.04434
1.03057
1.0334
1.04939
1.07219
1.09497
1.11275
1.12338
1.12729
1.12643
1.12318
1.11947
1.11659
1.11496
1.11449
1.11494
1.11646
1.11977
1.12595
1.13604
1.15064
1.16976
1.19262
1.21757
1.24208
1.26314
1.27785
1.28413
1.28112
1.26937
1.25053
1.2271
1.20202
1.17841
1.15936
1.14749
1.14409
1.14824
1.1569
1.16609
1.17253
1.17456
1.17226
1.16693
1.16041
1.15427
1.14924
1.14505
1.14062
1.1348
1.12696
1.11732
1.10696
1.0976
1.09121
1.08975
1.09461
1.10614
1.12357
1.14488
1.16722
1.18741
1.20254
1.2107
1.2113
1.20543
1.19541
1.18408
1.17377
1.16557
1.15932
1.15411
1.14905
1.14389
1.13903
1.13533
1.13368
1.13447
1.13766
1.14279
1.14912
1.15566
1.16129
1.16481
1.16508
1.16098
1.15163
1.13674
1.11706
1.09476
1.0735
1.05793
1.0525
1.06005
1.08083
1.11211
1.14896
1.18565
1.21692
1.23883
1.24909
1.24711
1.23402
1.21253
1.18661
1.16066
1.1387
1.1235
1.11608
1.11583
1.12093
1.1292
1.13864
1.14763
1.15494
1.15976
1.16176
1.16122
1.15897
1.15617
1.15383
1.1525
1.15229
1.15303
1.15442
1.15615
1.1578
1.15881
1.15863
1.15675
1.15298
1.14767
1.1418
1.13707
1.1356
1.13913
1.14765
1.15926
1.17115
1.18094
1.18752
1.19092
1.19182
1.19076
1.18775
1.1822
1.17336
1.16069
1.14424
1.12484
1.10397
1.08375
1.06664
1.05516
1.05145
1.05682
1.07093
1.09149
1.11468
1.13639
1.15357
1.16472
1.16992
1.17032
1.16759
1.16355
1.15986
1.15791
1.15889
1.16387
1.17401
1.19034
1.21288
1.23985
1.26775
1.29214
1.30892
1.31502
1.30883
1.29023
1.26028
1.22105
1.1756
1.12775
1.08191
1.04263
1.0141
0.999225
0.999077
1.01242
1.03599
1.06549
1.0964
1.12485
1.14806
1.1643
1.17266
1.17273
1.16447
1.1487
1.12741
1.10417
1.08356
1.07008
1.06658
1.07304
1.08687
1.10432
1.12218
1.13852
1.15265
1.16483
1.17568
1.18563
1.19477
1.2028
1.2093
1.21385
1.21646
1.21737
1.2169
1.21515
1.21185
1.2064
1.19808
1.18636
1.17133
1.15414
1.13691
1.12223
1.11223
1.10797
1.10917
1.11425
1.12105
1.12755
1.1326
1.13602
1.13835
1.14046
1.14299
1.14605
1.1492
1.15177
1.15314
1.15309
1.15204
1.15104
1.15143
1.15429
1.15993
1.16759
1.17559
1.18149
1.18275
1.1773
1.1643
1.14464
1.12117
1.09808
1.07938
1.06755
1.06306
1.06479
1.07076
1.07869
1.08676
1.09401
1.10042
1.1069
1.115
1.12636
1.14219
1.16285
1.1873
1.21302
1.23664
1.25486
1.26538
1.26755
1.26229
1.25147
1.23747
1.22247
1.20802
1.19494
1.18332
1.17271
1.16262
1.15293
1.14422
1.1377
1.13488
1.13686
1.1439
1.15511
1.16874
1.18267
1.19487
1.20382
1.20856
1.20848
1.20344
1.19376
1.18049
1.16511
1.14941
1.13517
1.12364
1.11545
1.11036
1.10755
1.1058
1.10386
1.10081
1.09645
1.09129
1.08632
1.08257
1.08082
1.08136
1.08386
1.08733
1.09055
1.09257
1.09303
1.09228
1.0912
1.09112
1.09346
1.09955
1.11029
1.12576
1.14487
1.16546
1.1849
1.20064
1.2108
1.21458
1.21212
1.20433
1.19268
1.17898
1.16531
1.15386
1.14659
1.14469
1.1481
1.15519
1.16321
1.16907
1.17042
1.16663
1.15898
1.15014
1.14309
1.13994
1.1414
1.14691
1.15518
1.16483
1.17451
1.18309
1.18979
1.1941
1.19583
1.19513
1.19268
1.18948
1.18662
1.18504
1.18513
1.18659
1.18852
1.18976
1.18914
1.18578
1.17924
1.16947
1.15699
1.1428
1.12818
1.11437
1.10231
1.09275
1.08663
1.08548
1.0911
1.10462
1.12534
1.15044
1.17558
1.19633
1.20923
1.21269
1.20694
1.19384
1.17613
1.15669
1.13797
1.12211
1.11124
1.10707
1.11019
1.11943
1.13191
1.14445
1.15495
1.16345
1.17206
1.18367
1.20002
1.22028
1.24102
1.25769
1.26648
1.26546
1.25486
1.23671
1.2143
1.19143
1.17182
1.15843
1.15292
1.15524
1.16381
1.17579
1.18772
1.19656
1.20053
1.19949
1.19457
1.18727
1.17864
1.16903
1.15846
1.1472
1.13603
1.12602
1.11806
1.11237
1.10861
1.10625
1.10507
1.10551
1.10836
1.11419
1.12265
1.1326
1.14249
1.151
1.1574
1.16154
1.16338
1.16275
1.15912
1.15183
1.14043
1.12476
1.10519
1.08261
1.05858
1.03519
1.01509
1.00119
0.996167
1.0016
1.01739
1.0417
1.07136
1.10273
1.13272
1.15955
1.18295
1.20361
1.22226
1.23896
1.25265
1.26146
1.26354
1.258
1.24546
1.22792
1.20815
1.18874
1.17155
1.15744
1.14641
1.13792
1.13148
1.12683
1.12404
1.1235
1.12567
1.13087
1.13911
1.14972
1.16137
1.17229
1.18106
1.18675
1.18887
1.18713
1.18161
1.17305
1.16285
1.1531
1.14613
1.14389
1.14722
1.15527
1.16555
1.17478
1.18016
1.18068
1.1772
1.17189
1.16734
1.16567
1.16815
1.17502
1.18532
1.19681
1.20618
1.21042
1.20789
1.19882
1.18463
1.16728
1.14899
1.13208
1.1187
1.11034
1.10732
1.10891
1.1139
1.12122
1.13021
1.14026
1.15046
1.15929
1.16496
1.16603
1.16201
1.15357
1.1426
1.13162
1.12306
1.11864
1.11908
1.12423
1.13357
1.14641
1.16175
1.17823
1.19414
1.20761
1.2171
1.22167
1.22108
1.21562
1.20593
1.19279
1.1771
1.15999
1.1426
1.12597
1.11081
1.09753
1.08657
1.07833
1.07279
1.06935
1.06721
1.06599
1.0659
1.06745
1.07097
1.0765
1.08392
1.09324
1.10493
1.11988
1.13905
1.16295
1.19085
1.22069
1.24928
1.27288
1.28801
1.29212
1.28395
1.26397
1.23434
1.19901
1.16349
1.13388
1.11549
1.11089
1.11937
1.13767
1.16165
1.18749
1.2119
1.23198
1.24518
1.2495
1.24394
1.22879
1.20577
1.17785
1.14876
1.12243
1.10205
1.08941
1.08454
1.086
1.09202
1.10128
1.1129
1.12538
1.13627
1.14278
1.14309
1.13751
1.12848
1.11959
1.11417
1.114
1.11862
1.12579
1.13257
1.13652
1.13637
1.13166
1.12263
1.1103
1.09665
1.08445
1.07667
1.07533
1.08077
1.09184
1.10682
1.12447
1.14423
1.16564
1.18739
1.20702
1.22149
1.22825
1.22626
1.2164
1.20119
1.18424
1.16937
1.15983
1.15739
1.16234
1.17335
1.18825
1.20475
1.22107
1.23613
1.24927
1.25962
1.26609
1.26798
1.26546
1.25968
1.25257
1.24611
1.24171
1.23955
1.23831
1.23557
1.2286
1.21511
1.19404
1.16592
1.13293
1.09861
1.0672
1.04249
1.02696
1.02147
1.02549
1.0378
1.05678
1.08043
1.10627
1.1315
1.15338
1.16966
1.17872
1.1798
1.17298
1.15933
1.14051
1.11877
1.09685
1.07802
1.06586
1.0637
1.07336
1.09425
1.12336
1.15639
1.18924
1.2189
1.24346
1.26187
1.27379
1.27929
1.27856
1.27139
1.25715
1.23523
1.20604
1.17153
1.13508
1.10079
1.07268
1.05398
1.04671
1.05122
1.06572
1.08655
1.1092
1.12957
1.14495
1.15412
1.15693
1.15414
1.14742
1.13955
1.13411
1.13465
1.14354
1.16092
1.18444
1.2101
1.23379
1.25262
1.26549
1.27266
1.27501
1.27329
1.26778
1.25849
1.24561
1.23
1.2131
1.19681
1.18284
1.17209
1.16452
1.15925
1.15475
1.14933
1.14155
1.13063
1.11681
1.10135
1.08632
1.07426
1.06739
1.06706
1.07328
1.08473
1.09906
1.1137
1.12657
1.13652
1.14339
1.14788
1.15113
1.15443
1.15875
1.16458
1.172
1.18044
1.18894
1.19613
1.20067
1.20155
1.19852
1.19208
1.18338
1.17358
1.16325
1.15223
1.13979
1.12517
1.10806
1.0889
1.06919
1.05129
1.03799
1.03174
1.03424
1.04621
1.06749
1.09704
1.1329
1.17203
1.21048
1.24397
1.2688
1.28272
1.28505
1.2766
1.25908
1.23466
1.2056
1.1742
1.14268
1.11317
1.08759
1.06741
1.05344
1.04575
1.04413
1.0483
1.05813
1.07356
1.09433
1.11983
1.14908
1.18053
1.2119
1.2405
1.26391
1.2806
1.29023
1.29341
1.29101
1.28371
1.27209
1.25663
1.23796
1.21709
1.19515
1.17329
1.15241
1.13305
1.11522
1.09868
1.08319
1.06916
1.05785
1.05107
1.05026
1.05584
1.06718
1.08281
1.1006
1.11803
1.13256
1.14232
1.14693
1.14769
1.14699
1.1472
1.14978
1.15481
1.16134
1.16797
1.17356
1.17768
1.18085
1.18436
1.1899
1.19903
1.2125
1.22973
1.24871
1.26652
1.28015
1.28733
1.28701
1.27933
1.26547
1.24719
1.22663
1.20576
1.18626
1.169
1.15414
1.14114
1.12916
1.11734
1.10504
1.09196
1.0782
1.06402
1.04964
1.0353
1.02153
1.00934
1.00032
0.996614
1.00041
1.0132
1.03489
1.06362
1.09616
1.12901
1.15937
1.18546
1.20642
1.22186
1.23162
1.23558
1.2337
1.22631
1.21436
1.19962
1.18476
1.17239
1.1646
1.16236
1.16528
1.17193
1.18048
1.18882
1.1949
1.19677
1.19292
1.18263
1.16617
1.14519
1.12246
1.10156
1.08566
1.07637
1.07318
1.07404
1.07658
1.07902
1.08037
1.08051
1.07975
1.07886
1.07915
1.08254
1.09146
1.10807
1.13294
1.16449
1.19955
1.23449
1.26634
1.29318
1.31399
1.32859
1.33714
1.3401
1.33805
1.33128
1.31977
1.30331
1.28161
1.25489
1.22419
1.19148
1.15937
1.1307
1.10781
1.09173
1.08207
1.07725
1.07529
1.0745
1.07393
1.07343
1.07352
1.07495
1.07798
1.08183
1.08452
1.08339
1.07613
1.0621
1.04314
1.02298
1.00617
0.996543
0.996178
1.00509
1.02163
1.04318
1.06721
1.09175
1.11587
1.13941
1.16271
1.18593
1.20885
1.23063
1.25014
1.26629
1.27837
1.28595
1.28869
1.28633
1.27871
1.26597
1.24876
1.22854
1.20723
1.18697
1.1697
1.15679
1.14847
1.14374
1.14071
1.1373
1.13195
1.12422
1.11452
1.10367
1.09238
1.08153
1.07272
1.06866
1.07202
1.08412
1.10384
1.12785
1.15167
1.17088
1.18241
1.18517
1.18007
1.16954
1.15686
1.14518
1.13704
1.13409
1.13712
1.14594
1.15949
1.17611
1.19366
1.20975
1.22213
1.22913
1.22986
1.22423
1.21287
1.1969
1.17784
1.15749
1.13796
1.12154
1.11027
1.10544
1.10705
1.11365
1.12254
1.1307
1.1357
1.1365
1.13352
1.12844
1.12354
1.12117
1.123
1.12969
1.14087
1.15547
1.17211
1.18975
1.20761
1.22446
1.238
1.24545
1.24506
1.23694
1.22337
1.20786
1.19376
1.18319
1.17648
1.17262
1.17013
1.16773
1.16478
1.16098
1.15609
1.14983
1.14203
1.13315
1.12443
1.11741
1.1134
1.11312
1.1165
1.12283
1.13082
1.13879
1.14495
1.14773
1.14633
1.1409
1.13252
1.12299
1.11472
1.11046
1.11263
1.12262
1.1401
1.16299
1.18824
1.21264
1.23351
1.24884
1.25738
1.25868
1.25325
1.24257
1.22878
1.21411
1.20038
1.18854
1.17893
1.17153
1.16623
1.16296
1.16161
1.16207
1.16421
1.16792
1.17306
1.17939
1.18627
1.19252
1.19624
1.19507
1.18698
1.17111
1.14846
1.12172
1.09451
1.0703
1.05139
1.03867
1.03181
1.03011
1.0331
1.04065
1.05276
1.06901
1.08837
1.10926
1.12978
1.14827
1.16355
1.17495
1.18217
1.18513
1.18392
1.17893
1.17079
1.16068
1.1502
1.14144
1.13633
1.13606
1.14055
1.14882
1.15976
1.17245
1.18595
1.19916
1.21083
1.21966
1.22455
1.22459
1.21923
1.20826
1.19199
1.17137
1.14823
1.12537
1.10623
1.09383
1.09001
1.09498
1.10792
1.12746
1.15172
1.17846
1.20511
1.22898
1.248
1.26091
1.26688
1.26534
1.25562
1.23732
1.21121
1.17938
1.14495
1.11137
1.08136
1.05691
1.03932
1.02959
1.02811
1.03463
1.04803
1.06649
1.08812
1.11164
1.13605
1.16042
1.18346
1.20354
1.21939
1.23035
1.23641
1.23776
1.23468
1.22737
1.21634
1.20241
1.18672
1.17059
1.15541
1.1425
1.1332
1.12872
1.12941
1.13413
1.14064
1.14693
1.15239
1.15793
1.16488
1.17368
1.18334
1.19188
1.19725
1.19779
1.19274
1.18236
1.16772
1.15048
1.13263
1.11625
1.10337
1.09593
1.09559
1.10348
1.11965
1.14297
1.17091
1.20013
1.227
1.24858
1.26283
1.26886
1.26652
1.25604
1.23788
1.21276
1.18178
1.14663
1.10963
1.07379
1.0426
1.01996
1.00935
1.01277
1.02964
1.05682
1.08957
1.12316
1.15417
1.18088
1.20269
1.21954
1.23144
1.23856
1.24134
1.24064
1.23798
1.23524
1.23388
1.234
1.2342
1.23216
1.22598
1.21549
1.20232
1.18919
1.17897
1.17352
1.17325
1.17703
1.1828
1.18833
1.19211
1.19371
1.19363
1.19293
1.19255
1.19257
1.19202
1.18902
1.18168
1.16895
1.15134
1.13109
1.11156
1.09621
1.08736
1.08539
1.0888
1.09519
1.10221
1.10817
1.1121
1.11344
1.11206
1.10848
1.10424
1.1016
1.10278
1.10919
1.12056
1.1351
1.15012
1.16305
1.17201
1.176
1.17465
1.16798
1.15683
1.14292
1.12894
1.11798
1.11265
1.1143
1.12248
1.13502
1.14889
1.1615
1.17144
1.17876
1.18451
1.19019
1.19725
1.20647
1.21764
1.22959
1.24033
1.24769
1.24988
1.24576
1.23514
1.21858
1.1971
1.1723
1.14615
1.12104
1.09954
1.08407
1.07636
1.07708
1.08568
1.1005
1.11917
1.13921
1.15859
1.17611
1.19123
1.20366
1.21283
1.21764
1.21697
1.21016
1.19733
1.17956
1.15863
1.13664
1.11588
1.09846
1.0864
1.08151
1.08489
1.09628
1.11389
1.13492
1.15603
1.17403
1.1865
1.19219
1.19122
1.18498
1.17533
1.16399
1.15221
1.14071
1.13046
1.12317
1.12117
1.1266
1.14054
1.16272
1.19134
1.22315
1.25409
1.27981
1.29651
1.30157
1.29373
1.2735
1.24302
1.20589
1.16662
1.12993
1.09942
1.07663
1.06108
1.05105
1.04495
1.04212
1.04293
1.04832
1.0589
1.0744
1.09342
1.11384
1.13335
1.14983
1.16169
1.16803
1.16851
1.16338
1.1532
1.13909
1.12282
1.10681
1.09394
1.08688
1.08748
1.09611
1.11173
1.13225
1.15531
1.17838
1.19914
1.21556
1.22613
1.23015
1.22798
1.22096
1.21105
1.20036
1.19049
1.18252
1.17698
1.17382
1.17264
1.1728
1.17364
1.1747
1.17585
1.17703
1.178
1.17793
1.17533
1.1686
1.15685
1.14017
1.11962
1.09692
1.07437
1.05465
1.04054
1.03415
1.03651
1.04752
1.06636
1.09164
1.12124
1.15237
1.18202
1.2076
1.22741
1.24092
1.2487
1.25219
1.25331
1.25407
1.25574
1.25852
1.26163
1.26384
1.26384
1.26067
1.25373
1.24251
1.2267
1.20699
1.18541
1.16507
1.14895
1.13853
1.13338
1.1316
1.13067
1.1283
1.12293
1.11411
1.10268
1.09036
1.07964
1.07294
1.07206
1.07747
1.08806
1.10107
1.11278
1.11965
1.11959
1.11255
1.10019
1.08528
1.07076
1.05901
1.05157
1.04928
1.05254
1.06155
1.07621
1.09551
1.11712
1.13775
1.15397
1.16335
1.16477
1.15868
1.1469
1.13239
1.11871
1.10915
1.10607
1.11047
1.12217
1.13995
1.16197
1.18593
1.20943
1.2303
1.24669
1.25742
1.26196
1.26068
1.25486
1.24662
1.23845
1.23258
1.23029
1.23136
1.23436
1.23737
1.23877
1.23734
1.23239
1.22378
1.21213
1.19891
1.1862
1.17592
1.16907
1.1655
1.16376
1.16191
1.15815
1.15145
1.14168
1.1295
1.11609
1.10305
1.09209
1.08444
1.08042
1.07918
1.07898
1.07798
1.07498
1.06981
1.0632
1.05631
1.05042
1.04644
1.04493
1.04602
1.0497
1.05588
1.06473
1.07628
1.08997
1.10425
1.11736
1.1279
1.13535
1.13994
1.1422
1.1428
1.14246
1.14191
1.14207
1.14406
1.14889
1.1571
1.16855
1.18243
1.19753
1.21294
1.22798
1.24238
1.25608
1.26908
1.28115
1.29195
1.301
1.30768
1.31128
1.31115
1.30687
1.29812
1.28462
1.26612
1.24256
1.21428
1.18221
1.14791
1.11371
1.08251
1.05725
1.04023
1.03217
1.03175
1.03619
1.04262
1.04967
1.05778
1.06807
1.08047
1.09313
1.10367
1.11069
1.11438
1.11624
1.11828
1.12236
1.12936
1.1392
1.15123
1.1644
1.17746
1.1888
1.19663
1.19918
1.19507
1.18387
1.16638
1.14466
1.12162
1.1004
1.08353
1.07255
1.06811
1.07029
1.07903
1.09393
1.11398
1.13725
1.16129
1.18362
1.20223
1.21577
1.22366
1.22573
1.22229
1.21402
1.20215
1.18829
1.17447
1.16285
1.15526
1.15276
1.15525
1.16146
1.16924
1.17614
1.18004
1.17975
1.17539
1.1683
1.16073
1.15505
1.15294
1.15481
1.15965
1.16566
1.171
1.17457
1.17608
1.1758
1.17409
1.17133
1.16823
1.16575
1.16494
1.16645
1.17031
1.17565
1.181
1.18486
1.18622
1.18486
1.18128
1.17642
1.17088
1.16459
1.15694
1.14735
1.13561
1.12183
1.10658
1.09102
1.0769
1.06641
1.06165
1.06434
1.07518
1.09361
1.11794
1.14569
1.1739
1.19958
1.22018
1.23395
1.24034
1.23975
1.23321
1.22217
1.20836
1.19408
1.18182
1.17359
1.17004
1.17018
1.17174
1.17199
1.16882
1.16136
1.15021
1.13688
1.12366
1.11284
1.10669
1.10723
1.11608
1.13405
1.15975
1.18893
1.21551
1.23385
1.2409
1.23676
1.22425
1.20766
1.19151
1.17917
1.17223
1.17038
1.17209
1.17537
1.1785
1.18033
1.1803
1.17835
1.17477
1.17011
1.16492
1.15924
1.15268
1.14469
1.13504
1.12403
1.11246
1.10125
1.09135
1.08346
1.0781
1.0756
1.0761
1.07969
1.08624
1.09548
1.10681
1.11948
1.13264
1.14534
1.15655
1.1654
1.17114
1.17365
1.17366
1.17267
1.17255
1.17502
1.18106
1.19073
1.20313
1.21671
1.22962
1.24026
1.24755
1.25118
1.2515
1.24902
1.2442
1.23719
1.22793
1.21632
1.20246
1.18666
1.16929
1.15056
1.13027
1.1082
1.08448
1.06015
1.03767
1.02056
1.0126
1.01653
1.03288
1.05962
1.09283
1.12784
1.16046
1.18763
1.20749
1.21939
1.22357
1.2211
1.21352
1.20274
1.19091
1.18029
1.17294
1.17027
1.17274
1.17962
1.18914
1.19901
1.207
1.21154
1.21198
1.20835
1.20122
1.19128
1.17894
1.16437
1.14759
1.12884
1.10871
1.08816
1.06842
1.05088
1.03685
1.02755
1.02384
1.02611
1.03407
1.04686
1.06319
1.08184
1.1018
1.12228
1.1426
1.16202
1.17972
1.19495
1.20724
1.21639
1.22238
1.2252
1.22467
1.2205
1.21253
1.2009
1.18632
1.17011
1.15398
1.13956
1.128
1.11978
1.11486
1.11307
1.11454
1.12001
1.13064
1.14705
1.16821
1.19116
1.21211
1.22783
1.23644
1.2373
1.23067
1.21754
1.19924
1.17781
1.15544
1.13465
1.11785
1.10694
1.10277
1.10493
1.11208
1.12251
1.13456
1.14675
1.15747
1.16523
1.16894
1.16823
1.16321
1.15426
1.14232
1.12941
1.1184
1.11215
1.11215
1.11813
1.12856
1.14151
1.15505
1.16743
1.17722
1.18351
1.18606
1.18539
1.18235
1.17762
1.17116
1.16244
1.15106
1.13787
1.12542
1.11725
1.11614
1.12241
1.13375
1.1465
1.15737
1.16441
1.1673
1.1669
1.16482
1.16257
1.16128
1.16158
1.16376
1.16768
1.17294
1.17866
1.18368
1.18654
1.18591
1.18061
1.17016
1.15525
1.13801
1.12151
1.10877
1.1016
1.10012
1.10318
1.10947
1.11824
1.12942
1.14338
1.1603
1.17981
1.20081
1.2216
1.2404
1.25576
1.26657
1.27192
1.27093
1.26282
1.24741
1.22529
1.19805
1.16822
1.13874
1.11247
1.09143
1.07665
1.06842
1.0669
1.07211
1.08348
1.09863
1.11322
1.12213
1.12133
1.10913
1.08664
1.05769
1.02827
1.00539
0.995117
1.00076
1.02183
1.05429
1.09231
1.13017
1.16342
1.18946
1.20739
1.21772
1.222
1.22245
1.22145
1.22072
1.22093
1.22148
1.22089
1.21776
1.21147
1.20236
1.19186
1.18172
1.17332
1.16714
1.16289
1.16009
1.15892
1.16009
1.16444
1.17226
1.18278
1.1943
1.20461
1.21151
1.21327
1.20899
1.19885
1.18422
1.16732
1.15069
1.13648
1.12588
1.11929
1.11685
1.11873
1.12547
1.13734
1.15354
1.17186
1.18886
1.20097
1.20533
1.20058
1.18689
1.16567
1.13912
1.11008
1.08161
1.0566
1.03735
1.02519
1.02028
1.022
1.02914
1.04014
1.05355
1.06828
1.08397
1.10091
1.11986
1.14126
1.16479
1.1892
1.21251
1.23263
1.24799
1.258
1.26269
1.26274
1.259
1.2524
1.24404
1.23495
1.22601
1.21789
1.21106
1.20567
1.20164
1.19837
1.19476
1.1896
1.18218
1.17282
1.16254
1.15231
1.14216
1.13143
1.11954
1.10669
1.09393
1.08301
1.07555
1.07245
1.07358
1.07786
1.08369
1.08932
1.09333
1.09508
1.09496
1.09495
1.09825
1.10804
1.1255
1.14881
1.17402
1.197
1.21498
1.22673
1.23238
1.23282
1.22913
1.22235
1.21331
1.20258
1.19072
1.17838
1.16625
1.1552
1.14631
1.14092
1.14032
1.14512
1.15481
1.16748
1.18007
1.18901
1.19104
1.18438
1.1697
1.1506
1.13248
1.11959
1.11275
1.10951
1.10658
1.10209
1.09612
1.09017
1.08613
1.08535
1.08824
1.09453
1.1038
1.11599
1.13156
1.15139
1.17603
1.2049
1.23587
1.26528
1.28867
1.302
1.30249
1.28921
1.26321
1.22746
1.18666
1.14665
1.11319
1.09061
1.08058
1.08209
1.09215
1.10705
1.12326
1.13807
1.14983
1.15795
1.16256
1.16418
1.16344
1.16088
1.1569
1.15185
1.14589
1.13903
1.13113
1.1219
1.11111
1.09881
1.08548
1.07222
1.06066
1.05268
1.05007
1.05407
1.06533
1.08365
1.1083
1.13783
1.17027
1.20306
1.23355
1.25933
1.27859
1.2901
1.29289
1.28635
1.27042
1.24598
1.21499
1.18066
1.14708
1.11872
1.09961
1.09222
1.09696
1.11241
1.13596
1.16407
1.19267
1.21771
1.23605
1.24616
1.24807
1.24281
1.23171
1.21587
1.19609
1.17308
1.14782
1.12186
1.09737
1.07677
1.06253
1.05662
1.05994
1.07185
1.08996
1.11061
1.12964
1.14334
1.14943
1.14749
1.13918
1.12805
1.1185
1.11458
1.1186
1.1303
1.14682
1.16411
1.17876
1.1894
1.19674
1.20236
1.20731
1.21154
1.21463
1.21666
1.21861
1.22179
1.22673
1.23244
1.23675
1.23738
1.23299
1.22317
1.20831
1.18899
1.16578
1.13928
1.11037
1.08058
1.05229
1.02866
1.0132
1.00857
1.01562
1.03279
1.05712
1.08574
1.11703
1.15054
1.18586
1.22176
1.25568
1.2844
1.30488
1.31507
1.31422
1.3029
1.28283
1.25662
1.22743
1.19876
1.17383
1.15518
1.1441
1.14018
1.14141
1.14466
1.14654
1.144
1.13487
1.11833
1.09525
1.06817
1.04096
1.01828
1.00436
1.00189
1.01136
1.03135
1.05934
1.09204
1.12584
1.15724
1.1831
1.2012
1.21068
1.21208
1.20715
1.1983
1.18811
1.17885
1.17206
1.1684
1.16772
1.16932
1.17218
1.17527
1.17773
1.17882
1.17779
1.17381
1.16641
1.15587
1.14329
1.1305
1.11917
1.11007
1.10263
1.09583
1.08937
1.08457
1.08371
1.0889
1.10097
1.11899
1.14064
1.16315
1.18389
1.20089
1.21298
1.21975
1.22134
1.21841
1.21209
1.20381
1.19497
1.18655
1.17882
1.17155
1.1645
1.1575
1.1504
1.14257
1.13279
1.12012
1.10469
1.088
1.07272
1.06175
1.05697
1.05884
1.06713
1.082
1.10349
1.12941
1.15433
1.1722
1.17997
1.17877
1.17279
1.1669
1.16428
1.16577
1.17066
1.17798
1.18707
1.1977
1.20957
1.22209
1.23426
1.24468
1.2518
1.25419
1.25091
1.24183
1.22753
1.20928
1.18903
1.16887
1.15067
1.13567
1.12419
1.11583
1.11007
1.10714
1.10817
1.11407
1.12423
1.13607
1.14618
1.15167
1.15118
1.14486
1.13426
1.12189
1.11067
1.10338
1.10208
1.10765
1.11958
1.13621
1.15523
1.17444
1.19192
1.20634
1.21667
1.22217
1.22212
1.21596
1.20384
1.18703
1.16785
1.14952
1.13531
1.12769
1.12769
1.13474
1.14694
1.16156
1.17553
1.18595
1.19065
1.18852
1.1797
1.16572
1.14915
1.13293
1.11999
1.11244
1.11135
1.11657
1.12682
1.14002
1.15358
1.16487
1.17155
1.17239
1.16771
1.15956
1.15107
1.14518
1.14323
1.14446
1.14685
1.14841
1.14818
1.14647
1.1444
1.14333
1.144
1.14637
1.14984
1.15355
1.15689
1.15928
1.16011
1.15869
1.15445
1.14714
1.13678
1.12384
1.10912
1.09383
1.0799
1.06984
1.06676
1.07344
1.0908
1.11685
1.14722
1.17682
1.20176
1.22007
1.23168
1.23754
1.23937
1.23905
1.23824
1.23824
1.2398
1.24337
1.24915
1.25687
1.26578
1.27458
1.28146
1.28441
1.28163
1.27166
1.25376
1.22802
1.19583
1.15992
1.12364
1.0901
1.06144
1.03861
1.02177
1.01097
1.00642
1.00829
1.01639
1.02988
1.04731
1.0668
1.08635
1.10418
1.11903
1.13035
1.13819
1.14258
1.14334
1.14021
1.13324
1.12333
1.11214
1.10172
1.09385
1.08969
1.08974
1.09399
1.10219
1.11395
1.12884
1.14638
1.16626
1.18804
1.21088
1.23306
1.25206
1.2649
1.26877
1.26217
1.24541
1.22119
1.19433
1.17081
1.15531
1.14914
1.1499
1.1534
1.15602
1.15574
1.1523
1.14664
1.14054
1.13631
1.13638
1.14272
1.15601
1.17523
1.19774
1.22003
1.23854
1.25073
1.25546
1.25281
1.24382
1.22994
1.21261
1.19315
1.17272
1.15244
1.13337
1.11636
1.10208
1.0908
1.08277
1.07843
1.07842
1.0834
1.09332
1.10721
1.12324
1.13912
1.15254
1.16146
1.16457
1.16168
1.15398
1.14423
1.13636
1.13422
1.14024
1.15455
1.17501
1.1981
1.21987
1.23677
1.24606
1.24627
1.23721
1.21996
1.19668
1.17018
1.14345
1.11933
1.1003
1.08819
1.08415
1.0885
1.1008
1.11989
1.14384
1.16988
1.19469
1.21473
1.22686
1.22876
1.21922
1.19843
1.16806
1.13119
1.09211
1.0559
1.02759
1.01124
1.0091
1.02122
1.04564
1.07904
1.11764
1.15758
1.19515
1.22673
1.24936
1.26105
1.26111
1.25019
1.23013
1.20332
1.17252
1.14063
1.11071
1.08581
1.06858
1.0605
1.0611
1.06789
1.0772
1.08606
1.09347
1.10079
1.11084
1.12634
1.14811
1.1744
1.20141
1.22455
1.23974
1.24458
1.23856
1.22303
1.20086
1.17583
1.15188
1.1319
1.117
1.10667
1.09959
1.09476
1.09213
1.09236
1.09619
1.10362
1.11349
1.12349
1.13093
1.13375
1.13166
1.12637
1.12111
1.11952
1.12404
1.13514
1.15133
1.16983
1.18732
1.20043
1.20638
1.20393
1.19397
1.17966
1.16582
1.15738
1.15761
1.16715
1.18394
1.2038
1.22161
1.2324
1.23257
1.22083
1.19863
1.16979
1.13934
1.11226
1.09229
1.08155
1.08051
1.08809
1.1021
1.11958
1.13725
1.1521
1.16221
1.16748
1.16973
1.17163
1.17493
1.17951
1.18391
1.18674
1.18776
1.18769
1.18751
1.18796
1.18926
1.1911
1.19288
1.19401
1.19411
1.19331
1.19214
1.19113
1.19037
1.18898
1.18559
1.17878
1.16771
1.15241
1.13374
1.11321
1.09272
1.07423
1.05974
1.05111
1.05003
1.05748
1.07352
1.09709
1.12598
1.15744
1.18862
1.21715
1.24116
1.25923
1.27037
1.27425
1.27108
1.26177
1.24784
1.23111
1.2133
1.19589
1.18008
1.1668
1.15679
1.15051
1.14787
1.14791
1.14886
1.14872
1.14601
1.14008
1.13135
1.12117
1.1115
1.10464
1.10253
1.10636
1.11601
1.13017
1.14657
1.16283
1.17676
1.18667
1.19156
1.19128
1.18662
1.17915
1.17079
1.16299
1.15592
1.14861
1.13967
1.12864
1.11658
1.10587
1.09954
1.10002
1.10817
1.12282
1.14092
1.15852
1.17169
1.17736
1.17367
1.16017
1.13788
1.10903
1.07695
1.04554
1.01866
0.999331
0.989278
0.98874
0.996883
1.0125
1.03466
1.06273
1.09601
1.1333
1.17279
1.21218
1.24874
1.27971
1.30272
1.316
1.31865
1.31074
1.29333
1.26832
1.23835
1.20651
1.17587
1.14921
1.12902
1.11731
1.11522
1.12275
1.1385
1.15974
1.18285
1.20391
1.21931
1.22602
1.22189
1.2057
1.17772
1.14082
1.10174
1.07044
1.05564
1.05926
1.07631
1.09993
1.12503
1.14854
1.16842
1.18307
1.1913
1.19265
1.18749
1.17717
1.16364
1.14929
1.13656
1.12756
1.12372
1.1253
1.13135
1.14011
1.14997
1.15996
1.16983
1.17952
1.18865
1.19635
1.20157
1.20339
1.20153
1.19615
1.18776
1.17714
1.16524
1.15312
1.14192
1.13272
1.12608
1.12176
1.11842
1.11412
1.10705
1.09686
1.08544
1.07621
1.07281
1.07761
1.09067
1.10987
1.13188
1.15376
1.17394
1.19229
1.20951
1.2261
1.2417
1.25504
1.26432
1.2678
1.26452
1.25476
1.24003
1.22278
1.20587
1.19179
1.1822
1.17752
1.17682
1.1778
1.17697
1.17048
1.15515
1.12966
1.09526
1.05591
1.0178
0.987761
0.971394
0.970853
0.984064
1.00609
1.03212
1.05979
1.08961
1.12328
1.1615
1.20274
1.2439
1.28143
1.31233
1.33434
1.34608
1.347
1.33728
1.31799
1.29081
1.2579
1.22197
1.18621
1.15405
1.12848
1.11126
1.10231
1.09986
1.10117
1.10349
1.10476
1.10394
1.10086
1.09594
1.08996
1.08375
1.07825
1.07454
1.07397
1.07791
1.08718
1.10128
1.11818
1.13484
1.1481
1.15554
1.15612
1.15043
1.14075
1.13041
1.123
1.12099
1.12533
1.1352
1.14847
1.16238
1.17426
1.18199
1.18428
1.18084
1.17209
1.15894
1.14276
1.12523
1.10859
1.0957
1.08956
1.09249
1.10533
1.1271
1.15512
1.18572
1.21492
1.23933
1.25651
1.26525
1.26522
1.25666
1.24026
1.21699
1.18849
1.15736
1.12718
1.10175
1.08413
1.07554
1.07544
1.08195
1.09276
1.10548
1.11797
1.12849
1.136
1.14038
1.14236
1.14325
1.14467
1.14826
1.15545
1.16698
1.18206
1.19849
1.21325
1.22373
1.22848
1.22716
1.22039
1.20933
1.19535
1.17969
1.16357
1.14809
1.13434
1.12354
1.11703
1.11625
1.12215
1.13457
1.15177
1.17065
1.18748
1.1991
1.20355
1.20035
1.19028
1.17476
1.15536
1.13349
1.11082
1.08947
1.07196
1.06084
1.05794
1.06393
1.07828
1.09955
1.12558
1.15355
1.18044
1.20337
1.22007
1.22913
1.22978
1.22198
1.20623
1.18362
1.15603
1.126
1.09657
1.07104
1.05224
1.04208
1.04115
1.04884
1.06373
1.08432
1.10941
1.13821
1.1696
1.2016
1.23138
1.25578
1.27214
1.27895
1.27611
1.26505
1.24828
1.22899
1.21028
1.19461
1.18342
1.17686
1.17386
1.17273
1.1718
1.16994
1.16679
1.16212
1.15545
1.14599
1.13348
1.1191
1.10557
1.09635
1.09406
1.09966
1.1122
1.12947
1.14913
1.16931
1.18872
1.20611
1.2199
1.22857
1.23104
1.22715
1.21732
1.20231
1.18334
1.16195
1.14015
1.12016
1.10412
1.09404
1.09184
1.09898
1.11538
1.13846
1.16332
1.18431
1.19691
1.19872
1.18951
1.17081
1.14558
1.11789
1.09239
1.0736
1.06492
1.06793
1.08222
1.1056
1.13471
1.16552
1.19362
1.21504
1.22676
1.22722
1.21661
1.19661
1.17005
1.14043
1.11157
1.08728
1.07089
1.06479
1.06985
1.08505
1.10747
1.13272
1.15556
1.17086
1.17482
1.16611
1.14681
1.12264
1.10171
1.09166
1.09621
1.11339
1.13706
1.16015
1.17742
1.1867
1.18862
1.18589
1.18229
1.18165
1.18639
1.19654
1.20994
1.22324
1.23369
1.24012
1.24284
1.24261
1.23976
1.23377
1.2235
1.20819
1.18837
1.16635
1.14603
1.13185
1.12708
1.1327
1.14681
1.16571
1.18483
1.19983
1.20723
1.20513
1.19363
1.17517
1.15407
1.13503
1.12133
1.11369
1.11052
1.10927
1.10763
1.10437
1.09938
1.09363
1.08905
1.08813
1.09298
1.10423
1.12054
1.13888
1.15565
1.1681
1.17485
1.1759
1.17229
1.16558
1.15773
1.15081
1.147
1.14811
1.15521
1.16804
1.18507
1.20371
1.22109
1.23489
1.24378
1.24767
1.24733
1.24376
1.23754
1.22861
1.21624
1.19956
1.17828
1.15356
1.12833
1.10673
1.09262
1.08773
1.09098
1.09948
1.11047
1.12224
1.13427
1.14643
1.15854
1.17018
1.18096
1.1907
1.19935
1.20686
1.21287
1.21654
1.2166
1.21152
1.20005
1.18182
1.1579
1.1307
1.10364
1.08029
1.06341
1.05412
1.05185
1.05502
1.06192
1.07118
1.08172
1.09272
1.10354
1.11409
1.12494
1.13682
1.15007
1.16416
1.17765
1.18903
1.19735
1.20268
1.20589
1.20827
1.21083
1.21378
1.21643
1.21756
1.21616
1.21219
1.20694
1.20245
1.20037
1.20065
1.20125
1.19896
1.19079
1.17488
1.15101
1.12084
1.08769
1.0558
1.02938
1.01144
1.00364
1.0064
1.01925
1.04001
1.06421
1.08648
1.10333
1.11459
1.12224
1.12841
1.13423
1.13971
1.14419
1.14701
1.14784
1.14702
1.14571
1.14561
1.1484
1.15511
1.16551
1.17834
1.19142
1.20243
1.20961
1.21235
1.2113
1.20804
1.2043
1.20118
1.19869
1.1961
1.1923
1.18662
1.17912
1.17068
1.16274
1.15678
1.15393
1.15446
1.15777
1.16242
1.16659
1.1684
1.16654
1.16048
1.15076
1.13891
1.12732
1.11863
1.11515
1.11824
1.12788
1.14237
1.15877
1.17384
1.18499
1.19069
1.1907
1.18577
1.1772
1.16672
1.15598
1.14623
1.13795
1.13098
1.12474
1.11893
1.1136
1.10906
1.10542
1.10225
1.09866
1.09373
1.08714
1.0796
1.07295
1.06974
1.07209
1.08049
1.0935
1.10896
1.12511
1.14079
1.15505
1.16674
1.17472
1.17847
1.17843
1.17628
1.17456
1.17616
1.18346
1.19746
1.21732
1.24061
1.26416
1.28509
1.3017
1.31346
1.32043
1.32235
1.31834
1.30726
1.2884
1.26204
1.22966
1.19378
1.15716
1.12216
1.09012
1.06144
1.0363
1.01551
1.00073
0.99411
0.997404
1.01114
1.03418
1.06368
1.09592
1.12713
1.15412
1.17444
1.18656
1.18966
1.18374
1.16974
1.14973
1.12656
1.10358
1.08396
1.06994
1.0627
1.06242
1.06878
1.08083
1.09701
1.11513
1.13289
1.14873
1.16218
1.17385
1.18497
1.19681
1.20993
1.22401
1.23793
1.24998
1.25845
1.26218
1.26096
1.2553
1.24611
1.23431
1.22072
1.20611
1.19123
1.17708
1.16492
1.15607
1.15163
1.15193
1.15606
1.16193
1.16712
1.17005
1.17054
1.1696
1.16859
1.16821
1.16826
1.16771
1.16527
1.15995
1.15147
1.14042
1.12781
1.1146
1.10151
1.08924
1.07856
1.07041
1.06577
1.06533
1.0692
1.07701
1.08814
1.10185
1.1175
1.13448
1.15219
1.17017
1.18795
1.205
1.22044
1.23301
1.24134
1.24432
1.24144
1.23273
1.21875
1.20032
1.17845
1.15427
1.12904
1.10415
1.08112
1.06134
1.04599
1.036
1.03173
1.03284
1.03827
1.04665
1.05697
1.06913
1.08352
1.10032
1.1187
1.13716
1.15431
1.16976
1.18415
1.19836
1.21279
1.227
1.23989
1.25013
1.25675
1.25941
1.25837
1.25437
1.24834
1.2411
1.23315
1.22448
1.21468
1.20317
1.18944
1.17329
1.15476
1.13413
1.11189
1.08877
1.06611
1.04605
1.0314
1.0249
1.02823
1.04147
1.06328
1.09119
1.12223
1.15305
1.18021
1.20046
1.21121
1.21078
1.19875
1.17628
1.14644
1.11439
1.08679
1.07047
1.07035
1.08774
1.11987
1.16065
1.20244
1.23795
1.26159
1.27062
1.26531
1.24843
1.22425
1.19714
1.17066
1.14723
1.12833
1.11495
1.1077
1.10671
1.11116
1.11907
1.12768
1.13403
1.13571
1.13141
1.12112
1.10621
1.08921
1.07338
1.06209
1.05796
1.06249
1.07602
1.09777
1.12606
1.15846
1.19215
1.22432
1.25254
1.27502
1.29078
1.2994
1.30101
1.29615
1.28547
1.2696
1.24904
1.22412
1.19535
1.16407
1.13309
1.10664
1.08915
1.08384
1.09097
1.10746
1.12816
1.14787
1.16306
1.17249
1.17684
1.17738
1.17512
1.17064
1.1644
1.15682
1.14817
1.13838
1.12743
1.11573
1.10422
1.09408
1.08611
1.08046
1.0771
1.07623
1.07849
1.08484
1.09631
1.1135
1.13619
1.16316
1.19235
1.22135
1.24752
1.26835
1.28153
1.28522
1.27849
1.26184
1.23749
1.20908
1.18067
1.15538
1.13465
1.11804
1.10421
1.09181
1.08005
1.069
1.05956
1.05337
1.05252
1.05857
1.07169
1.09036
1.11189
1.13323
1.1517
1.16522
1.17261
1.17386
1.17011
1.16332
1.15561
1.14854
1.14266
1.13781
1.13357
1.12972
1.12645
1.1244
1.12446
1.12747
1.13375
1.14256
1.15225
1.16076
1.1664
1.16867
1.16825
1.16703
1.16712
1.17022
1.17707
1.18709
1.19842
1.20871
1.21591
1.21875
1.21701
1.21161
1.20438
1.19753
1.19322
1.19287
1.19669
1.20369
1.21199
1.21955
1.22486
1.2275
1.22773
1.2259
1.22192
1.21502
1.20434
1.18942
1.17073
1.14976
1.12845
1.10887
1.09249
1.08006
1.07128
1.0651
1.05994
1.05439
1.04785
1.04094
1.03545
1.03359
1.03708
1.04669
1.06225
1.08297
1.10748
1.13357
1.15837
1.17905
1.19369
1.20183
1.20442
1.20315
1.19987
1.19592
1.192
1.1884
1.185
1.18141
1.17683
1.17004
1.15985
1.14546
1.1274
1.10779
1.09015
1.07858
1.07667
1.08651
1.10798
1.13858
1.17387
1.20859
1.23796
1.25868
1.26956
1.27108
1.26475
1.25241
1.23597
1.21731
1.19833
1.18076
1.16582
1.15398
1.14507
1.13879
1.13522
1.13474
1.1374
1.14279
1.14991
1.15756
1.16453
1.16937
1.17064
1.16711
1.15824
1.14482
1.12897
1.11399
1.10339
1.09994
1.10475
1.11694
1.1344
1.15462
1.17548
1.19539
1.21299
1.22721
1.23721
1.24251
1.24313
1.23929
1.2312
1.21935
1.20473
1.18899
1.17379
1.16026
1.14872
1.13896
1.13059
1.12344
1.11762
1.11331
1.11076
1.11036
1.11249
1.11755
1.1256
1.13612
1.14807
1.16013
1.17121
1.18043
1.18698
1.18992
1.18858
1.18302
1.17441
1.16492
1.15666
1.15077
1.14703
1.14469
1.1434
1.14367
1.14649
1.15245
1.16105
1.17063
1.17909
1.18476
1.18688
1.18556
1.18136
1.17511
1.16742
1.1588
1.15016
1.14273
1.13767
1.13509
1.13386
1.13226
1.12906
1.1241
1.1184
1.11339
1.11042
1.10995
1.11146
1.11396
1.11668
1.11964
1.12364
1.12931
1.13654
1.14443
1.15203
1.15915
1.16643
1.17457
1.18345
1.1919
1.1983
1.20152
1.20145
1.19901
1.19549
1.19175
1.18806
1.18435
1.18063
1.17726
1.17492
1.17426
1.17557
1.17872
1.18301
1.1873
1.19023
1.19055
1.18743
1.18049
1.16969
1.15507
1.13674
1.11507
1.09077
1.06465
1.03791
1.01277
0.992936
0.983137
0.987819
1.00982
1.04964
1.10514
1.17127
1.24059
1.30479
1.35664
1.3913
1.40684
1.4036
1.38352
1.34962
1.30541
1.25467
1.20139
1.1497
1.10348
1.06589
1.03886
1.02283
1.01693
1.01939
1.02813
1.04114
1.05661
1.07288
1.08836
1.10132
1.11025
1.11426
1.11359
1.10992
1.10588
1.10412
1.10631
1.11267
1.12231
1.13393
1.14598
1.1569
1.16515
1.1693
1.16847
1.16262
1.15274
1.14082
1.1295
1.12177
1.12046
1.12734
1.14243
1.16367
1.18752
1.20979
1.22671
1.23547
1.23439
1.22325
1.20341
1.17796
1.15116
1.1277
1.11144
1.1044
1.10644
1.11556
1.12897
1.14382
1.15768
1.16858
1.17536
1.1779
1.17724
1.17494
1.17243
1.17036
1.16875
1.16727
1.1658
1.16466
1.1645
1.1659
1.16879
1.17239
1.17508
1.17498
1.17077
1.16246
1.15179
1.1421
1.13697
1.13826
1.145
1.15404
1.1615
1.16432
1.16101
1.15147
1.13678
1.119
1.10088
1.08546
1.07566
1.07356
1.07963
1.0925
1.10954
1.12774
1.14471
1.15897
1.1699
1.17761
1.18268
1.18589
1.18805
1.18958
1.19031
1.18989
1.1883
1.18624
1.18509
1.18635
1.19103
1.19903
1.20923
1.2197
1.22824
1.23284
1.23189
1.22427
1.20926
1.18647
1.15618
1.11968
1.07961
1.0403
1.00726
0.986194
0.981197
0.993392
1.02051
1.05772
1.09928
1.13996
1.17597
1.20491
1.22575
1.23871
1.24494
1.24621
1.24445
1.24146
1.23863
1.23667
1.23551
1.23413
1.23087
1.22391
1.21209
1.19562
1.17614
1.15649
1.13968
1.12777
1.12126
1.11931
1.12051
1.12359
1.12781
1.13302
1.13914
1.1457
1.15158
1.15564
1.1575
1.1579
1.15838
1.16048
1.16513
1.17221
1.18071
1.18909
1.19582
1.19973
1.20028
1.19746
1.19178
1.18408
1.17519
1.16576
1.15625
1.14694
1.13823
1.1305
1.12425
1.11977
1.11713
1.11596
1.11536
1.11392
1.11047
1.10466
1.09731
1.08994
1.08404
1.08051
1.07959
1.08116
1.08508
1.0914
1.10025
1.11152
1.12476
1.13922
1.15413
1.16889
1.18325
1.19697
1.20987
1.22182
1.23277
1.24267
1.25103
1.25672
1.25805
1.25332
1.24151
1.22331
1.20125
1.17938
1.16207
1.1525
1.15136
1.1571
1.16662
1.17648
1.18406
1.18803
1.18866
1.18725
1.18539
1.18409
1.18334
1.18237
1.18012
1.17597
1.17007
1.16317
1.15609
1.14932
1.14286
1.1367
1.1309
1.12582
1.12197
1.11983
1.11962
1.12128
1.12441
1.12816
1.13135
1.13267
1.13124
1.12676
1.11978
1.11141
1.10338
1.09756
1.09585
1.0994
1.10843
1.12196
1.13805
1.15438
1.16903
1.18064
1.18861
1.19294
1.19369
1.19106
1.18554
1.17786
1.16929
1.16129
1.1554
1.15287
1.15465
1.16105
1.17192
1.1863
1.20247
1.218
1.23019
1.23658
1.23546
1.22622
1.20941
1.18659
1.16006
1.13277
1.10817
1.08959
1.07964
1.07907
1.08668
1.09971
1.11482
1.12898
1.13984
1.14604
1.14743
1.1449
1.13992
1.1341
1.1285
1.12384
1.12067
1.11951
1.12075
1.12454
1.13044
1.13739
1.14388
1.14865
1.15104
1.15157
1.15187
1.15428
1.16142
1.17533
1.1965
1.22327
1.25178
1.27714
1.29475
1.30111
1.29433
1.27398
1.24093
1.1974
1.14698
1.0946
1.04657
1.00944
0.988279
0.985259
0.999819
1.02917
1.06841
1.1109
1.14998
1.1805
1.19946
1.20611
1.20137
1.1875
1.16742
1.14452
1.12228
1.10388
1.09171
1.08663
1.08778
1.09296
1.09951
1.10538
1.10988
1.11378
1.11902
1.12776
1.14118
1.15867
1.17784
1.19532
1.20801
1.21413
1.21348
1.20732
1.19786
1.1875
1.17814
1.17087
1.16603
1.16339
1.16253
1.1629
1.16413
1.16588
1.168
1.17041
1.17331
1.1771
1.18211
1.18829
1.19479
1.20014
1.20261
1.20089
1.19463
1.18453
1.17227
1.15987
1.14895
1.14023
1.13353
1.12779
1.12163
1.11377
1.10321
1.08976
1.07408
1.05767
1.04265
1.03129
1.02543
1.02638
1.0349
1.05105
1.07392
1.10152
1.13105
1.15943
1.18418
1.20396
1.21863
1.22919
1.23677
1.24183
1.24364
1.24089
1.23286
1.22049
1.20642
1.19395
1.18584
1.1834
1.18627
1.19285
1.20093
1.20851
1.21392
1.21612
1.2145
1.20861
1.19802
1.18263
1.16309
1.14159
1.12193
1.10857
1.10422
1.10816
1.11676
1.12542
1.13052
1.13039
1.12508
1.11576
1.1042
1.09227
1.08176
1.07441
1.07192
1.07587
1.08701
1.10483
1.12723
1.15128
1.17423
1.19433
1.21075
1.22346
1.23245
1.23736
1.23744
1.2318
1.21996
1.20236
1.18066
1.15769
1.13675
1.12051
1.11008
1.10467
1.102
1.09948
1.09499
1.0876
1.07757
1.06636
1.05617
1.04957
1.04902
1.05631
1.07226
1.09623
1.12634
1.15972
1.19285
1.22203
1.24395
1.25618
1.25774
1.24916
1.23272
1.21189
1.1906
1.17255
1.16023
1.15459
1.15506
1.16018
1.1681
1.17687
1.18462
1.18964
1.19045
1.18657
1.17863
1.1682
1.15731
1.14762
1.14024
1.13545
1.13287
1.13184
1.13166
1.13196
1.13277
1.13445
1.13737
1.14155
1.14637
1.15074
1.15373
1.15522
1.15584
1.15668
1.1585
1.16148
1.16538
1.17001
1.17535
1.18144
1.18782
1.19319
1.19535
1.19191
1.18095
1.16172
1.13505
1.10343
1.07093
1.04245
1.02292
1.01603
1.02341
1.04411
1.07485
1.11078
1.14626
1.17607
1.19609
1.20435
1.20129
1.18967
1.17393
1.159
1.149
1.14632
1.15133
1.16259
1.17761
1.19347
1.20762
1.21827
1.22446
1.22596
1.22315
1.21683
1.20804
1.19786
1.1872
1.17642
1.16563
1.15495
1.14503
1.13703
1.13208
1.13063
1.13211
1.13509
1.13773
1.13839
1.13594
1.13001
1.12086
1.10925
1.09653
1.08433
1.07454
1.06916
1.06965
1.0767
1.08996
1.10783
1.12776
1.14676
1.16208
1.1719
1.17582
1.1751
1.17209
1.16958
1.16976
1.17335
1.17968
1.18736
1.19503
1.20185
1.20735
1.21117
1.21279
1.21159
1.20691
1.19804
1.18438
1.16573
1.1427
1.11718
1.0924
1.07258
1.06189
1.06348
1.07843
1.10536
1.14063
1.17914
1.21568
1.24606
1.26758
1.27889
1.27974
1.27086
1.25364
1.23006
1.2025
1.17338
1.14465
1.11736
1.09182
1.06799
1.04588
1.02599
1.0095
0.997992
0.993016
0.995504
1.00547
1.022
1.0435
1.06819
1.09439
1.12083
1.14705
1.17308
1.19897
1.22451
1.24874
1.27011
1.28694
1.29778
1.30177
1.29861
1.2887
1.2731
1.25344
1.23133
1.20795
1.18408
1.16045
1.13819
1.11904
1.1051
1.09817
1.09904
1.10697
1.11983
1.13488
1.14952
1.16156
1.16941
1.17184
1.16785
1.15681
1.13886
1.11517
1.08812
1.061
1.03779
1.02242
1.01788
1.02543
1.04433
1.07226
1.10581
1.14128
1.17517
1.20483
1.2288
1.24658
1.25819
1.26383
1.26349
1.25725
1.24548
1.22909
1.2096
1.18892
1.16885
1.1509
1.13618
1.12512
1.11786
1.1141
1.1136
1.11642
1.12304
1.13424
1.15077
1.17246
1.19735
1.22186
1.24181
1.25344
1.25437
1.24385
1.2228
1.19364
1.15989
1.12574
1.09528
1.07204
1.05869
1.05684
1.06687
1.08774
1.11694
1.15092
1.1857
1.2175
1.24316
1.26039
1.26792
1.26538
1.25347
1.23393
1.20951
1.18379
1.16056
1.14309
1.13333
1.13145
1.13583
1.14334
1.15013
1.15275
1.14882
1.13751
1.11965
1.0975
1.07429
1.05352
1.03815
1.03006
1.02981
1.03682
1.04998
1.06794
1.08942
1.11315
1.13785
1.16232
1.18561
1.20714
1.22657
1.24344
1.25696
1.26607
1.26966
1.26714
1.25854
1.2445
1.226
1.20428
1.18074
1.15678
1.13381
1.11318
1.09605
1.08324
1.07514
1.07173
1.07273
1.07788
1.08686
1.09929
1.11465
1.13196
1.14967
1.16564
1.17776
1.1846
1.1861
1.18373
1.17975
1.17614
1.17367
1.17167
1.16865
1.16322
1.15489
1.14455
1.13459
1.12811
1.128
1.13561
1.14987
1.16742
1.1837
1.19453
1.19721
1.19079
1.17618
1.15556
1.13208
1.10937
1.09161
1.08319
1.08766
1.10586
1.1348
1.16843
1.20012
1.2245
1.23827
1.24011
1.23063
1.21236
1.18951
1.16715
1.15003
1.14122
1.14128
1.14838
1.15901
1.16915
1.17525
1.17531
1.16948
1.15994
1.14987
1.14189
1.13686
1.134
1.1321
1.13044
1.12909
1.1283
1.12832
1.12933
1.1316
1.13555
1.14154
1.14945
1.15852
1.16731
1.17409
1.17742
1.17661
1.17199
1.16482
1.15669
1.14893
1.14197
1.13532
1.1278
1.11811
1.10553
1.0905
1.07474
1.06106
1.05254
1.05158
1.05905
1.07436
1.09595
1.12195
1.15036
1.17918
1.20615
1.2289
1.24546
1.25462
1.25625
1.25141
1.24232
1.23186
1.22245
1.21549
1.21107
1.20823
1.20563
1.20213
1.19689
1.18957
1.18033
1.16959
1.15795
1.14608
1.13494
1.12585
1.12035
1.11977
1.1246
1.13413
1.14646
1.15889
1.16854
1.1731
1.17136
1.16348
1.15102
1.13653
1.12296
1.11288
1.10794
1.10852
1.11402
1.12305
1.1337
1.14383
1.1512
1.15391
1.1509
1.14255
1.13071
1.11836
1.10913
1.10614
1.11117
1.12389
1.1422
1.16284
1.18253
1.19852
1.20933
1.21471
1.21555
1.21345
1.21018
1.20718
1.2051
1.20398
1.20347
1.2031
1.20248
1.20149
1.20034
1.19948
1.19963
1.20146
1.20517
1.21021
1.21521
1.21845
1.21817
1.21294
1.20197
1.18543
1.16448
1.14131
1.11882
1.09991
1.08671
1.07986
1.07858
1.0812
1.08601
1.09177
1.09814
1.10559
1.1149
1.12663
1.14065
1.15608
1.17144
1.18526
1.19648
1.2045
1.20925
1.21093
1.20974
1.20596
1.19995
1.19232
1.18385
1.17537
1.16746
1.16043
1.15433
1.14926
1.14552
1.14357
1.14343
1.14463
1.1463
1.14758
1.14797
1.14725
1.14542
1.14242
1.13827
1.13307
1.12708
1.12074
1.1145
1.10876
1.10404
1.10107
1.10094
1.10509
1.11511
1.13224
1.1564
1.18536
1.21479
1.23963
1.25558
1.26
1.25186
1.23158
1.20072
1.16172
1.11824
1.07541
1.03967
1.01765
1.01363
1.02752
1.05483
1.08899
1.1237
1.15404
1.17688
1.1907
1.19553
1.19282
1.18517
1.17572
1.16727
1.16144
1.15836
1.15719
1.15713
1.15818
1.16099
1.16627
1.1741
1.18356
1.19312
1.20119
1.20665
1.209
1.20835
1.20516
1.19992
1.19324
1.18616
1.17999
1.17636
1.17645
1.18019
1.1861
1.19192
1.19573
1.19682
1.19526
1.19141
1.18537
1.17661
1.16429
1.14785
1.12753
1.10474
1.08197
1.06235
1.04884
1.04339
1.04659
1.05755
1.07427
1.09431
1.11529
1.13527
1.15276
1.16692
1.17742
1.18437
1.18817
1.18917
1.18778
1.18435
1.17933
1.17352
1.16792
1.16377
1.16191
1.16242
1.16453
1.16702
1.16889
1.16988
1.17024
1.1701
1.16911
1.16657
1.1621
1.15592
1.14899
1.14264
1.1379
1.13468
1.13179
1.12768
1.1219
1.11595
1.1128
1.11538
1.12513
1.14153
1.16261
1.18564
1.20753
1.22542
1.23716
1.24177
1.23986
1.23355
1.22607
1.22083
1.22063
1.22675
1.23871
1.25436
1.27044
1.28337
1.28978
1.28693
1.27327
1.24881
1.21512
1.17517
1.13271
1.09126
1.05323
1.02015
0.993319
0.974293
0.964471
0.964321
0.972966
0.98849
1.00893
1.03287
1.05977
1.08959
1.12198
1.15552
1.18767
1.21528
1.23537
1.24578
1.24563
1.23577
1.21904
1.19988
1.18305
1.17203
1.16798
1.17002
1.17602
1.18355
1.19052
1.19531
1.19741
1.19729
1.1962
1.19543
1.19558
1.19631
1.19655
1.19505
1.19082
1.18331
1.17259
1.15906
1.14346
1.12688
1.11057
1.09592
1.08423
1.07654
1.07377
1.07652
1.08491
1.09821
1.1149
1.13255
1.14839
1.15996
1.16575
1.16564
1.16087
1.15344
1.14542
1.13835
1.13316
1.13041
1.13058
1.13403
1.14064
1.14946
1.1588
1.1666
1.17133
1.1725
1.17053
1.1664
1.16127
1.1563
1.15287
1.15242
1.15607
1.16414
1.17577
1.1887
1.19958
1.20446
1.2002
1.18573
1.16304
1.13729
1.11528
1.10258
1.10121
1.10947
1.12346
1.13878
1.15163
1.15941
1.1612
1.15749
1.14995
1.14095
1.13309
1.12864
1.12927
1.13578
1.14797
1.16459
1.18367
1.20283
1.21953
1.23132
1.23605
1.23263
1.22144
1.20523
1.18875
1.17708
1.17298
1.17534
1.18029
1.18401
1.18445
1.18161
1.17644
1.16975
1.16168
1.15162
1.139
1.124
1.10822
1.09435
1.08511
1.08215
1.08554
1.0938
1.10457
1.11534
1.12427
1.13058
1.13469
1.13803
1.14259
1.15021
1.16196
1.17769
1.19588
1.21389
1.22848
1.23653
1.23544
1.22365
1.20097
1.16884
1.13055
1.09075
1.05491
1.02818
1.01444
1.01538
1.03009
1.05557
1.0879
1.12322
1.15787
1.18862
1.21293
1.22914
1.23652
1.235
1.2251
1.20793
1.18558
1.16107
1.13832
1.12146
1.11367
1.11612
1.12756
1.1451
1.16546
1.1861
1.20549
1.22275
1.23714
1.24744
1.25211
1.2496
1.23899
1.22057
1.19612
1.16854
1.14134
1.11783
1.10035
1.08983
1.08588
1.08707
1.09161
1.09784
1.10458
1.11116
1.117
1.12164
1.12472
1.12607
1.12599
1.12508
1.12415
1.12381
1.12441
1.12612
1.12914
1.13367
1.13982
1.14729
1.15519
1.1623
1.16732
1.16937
1.16831
1.16449
1.15871
1.15177
1.14445
1.13754
1.13193
1.12842
1.1276
1.12962
1.13408
1.1401
1.14617
1.15053
1.15181
1.14981
1.1455
1.14083
1.13827
1.14023
1.14849
1.16357
1.18413
1.20719
1.22895
1.24616
1.25719
1.26221
1.26272
1.2603
1.25577
1.24925
1.24097
1.23167
1.2224
1.21384
1.20561
1.19662
1.18541
1.17095
1.15297
1.13222
1.11052
1.09068
1.07608
1.06991
1.07386
1.08699
1.10564
1.12459
1.13917
1.1469
1.14792
1.14461
1.14028
1.13749
1.13701
1.13791
1.13866
1.1382
1.13658
1.13491
1.13462
1.13679
1.14187
1.14984
1.1604
1.17307
1.18688
1.20065
1.2129
1.22206
1.22669
1.22575
1.21887
1.20664
1.1908
1.17406
1.15913
1.14772
1.14006
1.13509
1.13145
1.1281
1.12485
1.12215
1.12076
1.12119
1.12333
1.12647
1.12951
1.13145
1.1319
1.13107
1.12954
1.12776
1.12597
1.12455
1.12444
1.12726
1.13452
1.14679
1.16352
1.18339
1.20471
1.22551
1.24383
1.25772
1.26556
1.26643
1.26012
1.24723
1.22928
1.2084
1.18723
1.16849
1.15443
1.1461
1.14301
1.14327
1.14423
1.14359
1.14
1.13365
1.12602
1.11934
1.11561
1.11604
1.12065
1.1284
1.13739
1.14547
1.15089
1.15261
1.15077
1.14635
1.14084
1.13563
1.13184
1.13029
1.13172
1.13685
1.14602
1.15904
1.17465
1.19055
1.20363
1.2106
1.20894
1.19774
1.17831
1.15433
1.13089
1.11303
1.10408
1.10472
1.11344
1.12764
1.1444
1.16086
1.17439
1.18275
1.18442
1.17861
1.16541
1.14579
1.12163
1.09588
1.0722
1.05441
1.04554
1.04679
1.05734
1.07479
1.09603
1.11831
1.13981
1.15984
1.17845
1.1957
1.21137
1.22479
1.23483
1.24038
1.24102
1.23738
1.23132
1.22515
1.22057
1.21799
1.21684
1.21632
1.21596
1.2158
1.21611
1.21716
1.21878
1.22043
1.2212
1.21993
1.21543
1.20685
1.19406
1.17758
1.15852
1.13808
1.11706
1.09571
1.07412
1.05275
1.03279
1.01625
1.00538
1.00162
1.00517
1.01504
1.02948
1.04673
1.06559
1.0854
1.10579
1.12609
1.14492
1.16017
1.16982
1.17269
1.16909
1.16123
1.15287
1.14835
1.15119
1.1628
1.1823
1.20722
1.23438
1.26074
1.2839
1.30214
1.31409
1.31839
1.31361
1.29852
1.2726
1.23646
1.19206
1.14289
1.09364
1.04951
1.01537
0.994611
0.988665
0.996963
1.01732
1.04642
1.08062
1.11677
1.15236
1.18536
1.21402
1.23667
1.25165
1.25776
1.25447
1.24213
1.22219
1.19702
1.16972
1.1436
1.12165
1.10607
1.09778
1.09653
1.10121
1.11022
1.1222
1.1361
1.15105
1.16598
1.17933
1.18937
1.19455
1.19374
1.18606
1.17068
1.14707
1.11581
1.07906
1.04112
1.00778
0.985074
0.977695
0.987595
1.01349
1.05129
1.09525
1.13923
1.17785
1.20731
1.22573
1.23282
1.22974
1.21871
1.20295
1.18648
1.17366
1.16839
1.1732
1.18837
1.21161
1.2387
1.26461
1.28474
1.29586
1.29641
1.28668
1.26854
1.24492
1.21922
1.1945
1.17302
1.15597
1.14374
1.1362
1.13302
1.13372
1.13752
1.14309
1.14856
1.15177
1.15095
1.14523
1.13519
1.12242
1.10876
1.09533
1.08259
1.07125
1.0631
1.06096
1.06743
1.08342
1.10738
1.13541
1.16266
1.18472
1.19872
1.20354
1.19948
1.18784
1.17047
1.14959
1.1279
1.10842
1.0939
1.08614
1.08552
1.09119
1.10159
1.11469
1.1284
1.14096
1.1513
1.15898
1.16411
1.16729
1.16928
1.17059
1.17125
1.17064
1.16777
1.16181
1.15267
1.1411
1.12858
1.11687
1.10761
1.10195
1.10059
1.10403
1.11248
1.12566
1.14252
1.16102
1.17869
1.19325
1.20356
1.20998
1.2138
1.21664
1.21965
1.22337
1.22778
1.23224
1.23553
1.23617
1.23302
1.22572
1.21493
1.20214
1.18912
1.17748
1.16827
1.16191
1.15814
1.15593
1.15373
1.14989
1.14314
1.13307
1.12033
1.10662
1.09409
1.08507
1.08115
1.08283
1.08954
1.0999
1.11216
1.12444
1.13462
1.14059
1.14065
1.13395
1.12111
1.1047
1.08912
1.07963
1.08023
1.09178
1.11206
1.13778
1.16662
1.19769
1.23058
1.26442
1.29749
1.32735
1.35152
1.36784
1.37484
1.37175
1.35859
1.33598
1.30516
1.26808
1.22742
1.18621
1.14727
1.11283
1.08425
1.06224
1.04727
1.03978
1.04012
1.04809
1.06285
1.08286
1.10618
1.13086
1.1548
1.17604
1.19292
1.2044
1.21016
1.21017
1.20422
1.19216
1.17447
1.15256
1.12848
1.10451
1.08283
1.06514
1.05241
1.04494
1.04269
1.04584
1.05476
1.06952
1.08914
1.11155
1.13413
1.15462
1.17152
1.18427
1.19307
1.19846
1.20094
1.20105
1.19921
1.19589
1.19141
1.18593
1.17952
1.17231
1.16458
1.15676
1.14922
1.1424
1.13707
1.13454
1.13632
1.14304
1.15327
1.16383
1.17137
1.17397
1.17142
1.16482
1.15631
1.14885
1.14555
1.1484
1.15738
1.17034
1.18391
1.19496
1.20125
1.2015
1.1954
1.18343
1.16696
1.14821
1.13025
1.11628
1.10871
1.10818
1.11346
1.12196
1.13094
1.13825
1.14305
1.14603
1.14894
1.15399
1.16286
1.17589
1.19172
1.20791
1.22197
1.23214
1.2375
1.23751
1.23188
1.22063
1.20425
1.1841
1.16226
1.14129
1.12354
1.11043
1.1022
1.09835
1.0979
1.09966
1.10237
1.10499
1.10703
1.1086
1.11018
1.11208
1.1142
1.11596
1.1167
1.116
1.11379
1.11041
1.10644
1.10255
1.09952
1.09788
1.09767
1.09828
1.09859
1.09766
1.09568
1.09452
1.09761
1.10823
1.12738
1.15269
1.17938
1.20241
1.218
1.22438
1.22177
1.21207
1.19845
1.1846
1.17392
1.1688
1.17021
1.17766
1.18923
1.2021
1.21351
1.2218
1.22681
1.22936
1.23037
1.23026
1.22902
1.22698
1.22521
1.22501
1.22712
1.23067
1.23354
1.23331
1.22838
1.21847
1.20462
1.18851
1.17157
1.15463
1.13792
1.12194
1.10791
1.0978
1.0937
1.09689
1.10716
1.12265
1.14026
1.15654
1.16855
1.17432
1.17295
1.16444
1.14982
1.131
1.11047
1.09075
1.07368
1.06001
1.04926
1.04036
1.03237
1.02543
1.02076
1.02022
1.02563
1.03792
1.0568
1.08091
1.10822
1.13654
1.16377
1.18795
1.2071
1.21911
1.22231
1.21634
1.20285
1.18531
1.16821
1.15557
1.1495
1.15009
1.15615
1.16597
1.17765
1.18933
1.19938
1.2066
1.21043
1.21103
1.20929
1.20701
1.20662
1.20993
1.21722
1.22695
1.23635
1.24261
1.24393
1.24001
1.23154
1.21951
1.20466
1.1874
1.16812
1.14763
1.12721
1.10851
1.09325
1.08278
1.07779
1.07812
1.08279
1.09037
1.09948
1.10911
1.11862
1.12769
1.13605
1.14349
1.14979
1.15474
1.1579
1.1589
1.15764
1.15432
1.14962
1.14438
1.13913
1.13425
1.12989
1.1264
1.12427
1.12406
1.12636
1.13155
1.13978
1.15075
1.16339
1.17545
1.1837
1.1847
1.17598
1.15727
1.13132
1.10379
1.08218
1.07354
1.08208
1.10776
1.14657
1.19215
1.23783
1.27799
1.30856
1.32719
1.33299
1.32633
1.30859
1.28179
1.24844
1.21138
1.17351
1.13769
1.10628
1.08086
1.062
1.04943
1.04236
1.04003
1.04213
1.04928
1.06301
1.08434
1.11173
1.14047
1.16468
1.18006
1.18517
1.18104
1.17024
1.15617
1.14273
1.13369
1.13181
1.138
1.15069
1.16681
1.183
1.19686
1.20754
1.2156
1.22228
1.22867
1.2352
1.24126
1.24545
1.24615
1.24225
1.23352
1.22061
1.20448
1.18596
1.16557
1.14375
1.12118
1.09886
1.07787
1.05911
1.04312
1.03012
1.02028
1.0137
1.0106
1.01141
1.017
1.02853
1.04696
1.07222
1.10275
1.13594
1.16888
1.19884
1.22358
1.24112
1.24997
1.24934
1.23954
1.22219
1.20031
1.17797
1.15976
1.14949
1.14881
1.15635
1.16832
1.1802
1.18863
1.19225
1.19173
1.18892
1.18595
1.18442
1.18484
1.18678
1.18922
1.19081
1.19025
1.18622
1.1775
1.16304
1.14236
1.1162
1.08679
1.05804
1.03485
1.02218
1.02347
1.03951
1.06797
1.10427
1.14292
1.17882
1.20816
1.22888
1.24062
1.24454
1.24245
1.23608
1.2264
1.21359
1.1974
1.17789
1.15578
1.13265
1.1107
1.09221
1.07895
1.07208
1.0723
1.08007
1.09524
1.11646
1.14098
1.16545
1.18674
1.20262
1.21173
1.21394
1.21044
1.20338
1.19498
1.1866
1.17824
1.16949
1.16048
1.15223
1.14633
1.14395
1.14504
1.14833
1.15185
1.15378
1.15303
1.14941
1.14347
1.13607
1.12808
1.12008
1.11228
1.10472
1.09785
1.09283
1.09177
1.0972
1.11105
1.13306
1.16048
1.18898
1.21422
1.23301
1.24379
1.24669
1.24332
1.23607
1.22704
1.21758
1.20827
1.19935
1.19101
1.18338
1.17643
1.17016
1.16477
1.16064
1.15809
1.15692
1.15641
1.1556
1.15343
1.14908
1.14179
1.13078
1.11564
1.09694
1.07678
1.05881
1.0474
1.04591
1.05524
1.07362
1.09775
1.12409
1.14957
1.17199
1.18999
1.20296
1.21091
1.21434
1.21441
1.21317
1.21357
1.21857
1.22998
1.24758
1.26892
1.29012
1.30721
1.31718
1.31837
1.31035
1.29351
1.26856
1.23663
1.1995
1.15961
1.11972
1.08257
1.05018
1.02378
1.00394
0.990689
0.984076
0.984203
0.991093
1.00425
1.02223
1.04282
1.06364
1.08294
1.09994
1.1148
1.12777
1.13856
1.14656
1.15135
1.15335
1.15395
1.15506
1.1585
1.1655
1.17669
1.19204
1.2108
1.23153
1.25232
1.27098
1.28538
1.29398
1.29619
1.29231
1.28332
1.27061
1.25565
1.23974
1.2237
1.20784
1.19215
1.17675
1.16211
1.149
1.13776
1.12788
1.11773
1.10526
1.08879
1.06799
1.04438
1.02151
1.00408
0.996092
0.999196
1.01212
1.03147
1.05299
1.07269
1.08748
1.09556
1.09669
1.09229
1.08527
1.07972
1.07994
1.08924
1.10881
1.13759
1.17273
1.21039
1.24644
1.27683
1.29835
1.30908
1.3084
1.29704
1.27679
1.25016
1.22017
1.18978
1.16149
1.13678
1.11601
1.09875
1.08442
1.07293
1.06478
1.06081
1.06169
1.0677
1.0788
1.09477
1.11513
1.13866
1.16326
1.18606
1.204
1.21443
1.21586
1.20819
1.19283
1.17228
1.14929
1.12623
1.10498
1.08737
1.07547
1.07131
1.07627
1.09036
1.11193
1.13793
1.16475
1.18907
1.20835
1.22105
1.22651
1.22488
1.21688
1.20393
1.18787
1.17077
1.15483
1.14184
1.13301
1.12892
1.12978
1.13558
1.14606
1.1603
1.1765
1.1923
1.20523
1.21336
1.21564
1.21179
1.20193
1.18643
1.16586
1.14164
1.11626
1.09322
1.07603
1.06654
1.06443
1.06761
1.07352
1.07992
1.08541
1.08952
1.09233
1.094
1.09455
1.09387
1.0922
1.0907
1.09206
1.10018
1.11838
1.14701
1.18259
1.2198
1.25377
1.28117
1.29989
1.30869
1.30733
1.29689
1.27957
1.25791
1.23412
1.21015
1.18815
1.17037
1.15826
1.1514
1.14741
1.14324
1.13674
1.12828
1.12167
1.12301
1.13714
1.16321
1.19404
1.22011
1.23429
1.23369
1.21935
1.19523
1.16665
1.13885
1.11582
1.09934
1.08923
1.08381
1.0809
1.07846
1.07507
1.07009
1.06373
1.05689
1.05078
1.0467
1.04577
1.04878
1.05594
1.06693
1.08115
1.09806
1.11735
1.13897
1.16277
1.1881
1.21371
1.23782
1.25834
1.27332
1.28153
1.28295
1.27876
1.27075
1.26063
1.24931
1.23672
1.22213
1.20439
1.18242
1.1559
1.12549
1.0928
1.06037
1.03131
1.00897
0.99626
0.994951
1.0055
1.02704
1.05788
1.09568
1.13767
1.18078
1.22192
1.25805
1.28646
1.30501
1.31237
1.30826
1.29361
1.27067
1.24257
1.21292
1.18474
1.16007
1.13981
1.12418
1.11339
1.10784
1.10762
1.11181
1.11846
1.12521
1.13014
1.1327
1.13395
1.1363
1.142
1.15149
1.16287
1.17333
1.1808
1.18465
1.18519
1.18319
1.17973
1.17597
1.17294
1.17137
1.17138
1.17249
1.17374
1.17408
1.17301
1.17077
1.1682
1.16647
1.16652
1.16871
1.17265
1.1772
1.18084
1.18198
1.17947
1.17298
1.16328
1.15216
1.14196
1.1348
1.13199
1.13379
1.13944
1.14761
1.15673
1.16521
1.17145
1.17386
1.17111
1.16254
1.14858
1.131
1.11276
1.09733
1.08775
1.08574
1.09125
1.10294
1.11878
1.13666
1.15463
1.17085
1.18366
1.19185
1.19485
1.19299
1.18731
1.17926
1.17009
1.16081
1.15245
1.14596
1.14211
1.1413
1.14368
1.14907
1.15703
1.16671
1.17696
1.18638
1.19361
1.19763
1.19766
1.19336
1.18492
1.17318
1.15978
1.14674
1.13588
1.12821
1.12365
1.12114
1.11907
1.11606
1.11131
1.10508
1.09839
1.09272
1.08957
1.09021
1.09611
1.10851
1.1271
1.14868
1.16789
1.18009
1.18339
1.17844
1.16726
1.15213
1.13536
1.1193
1.10633
1.09859
1.09737
1.10255
1.11259
1.1249
1.1365
1.14484
1.14856
1.14782
1.14446
1.1415
1.14242
1.15018
1.1662
1.18969
1.21785
1.2464
1.27058
1.28614
1.29021
1.28195
1.26272
1.23561
1.20491
1.17508
1.14993
1.13218
1.12308
1.12232
1.12818
1.13808
1.14921
1.15931
1.16726
1.17301
1.1774
1.18149
1.18619
1.19194
1.19857
1.20505
1.20971
1.21062
1.20614
1.19563
1.17956
1.15962
1.13796
1.11692
1.09869
1.08491
1.0766
1.07388
1.076
1.08157
1.08904
1.09703
1.10487
1.11262
1.12077
1.12974
1.13923
1.14814
1.155
1.15863
1.15868
1.15543
1.14945
1.14135
1.13192
1.12254
1.11495
1.11087
1.11125
1.11596
1.12412
1.13459
1.1463
1.15828
1.16952
1.17879
1.18475
1.18647
1.18397
1.17831
1.17129
1.16449
1.15867
1.15317
1.14619
1.13568
1.12061
1.10177
1.08212
1.06627
1.05912
1.06435
1.08283
1.11226
1.14779
1.18345
1.21359
1.23397
1.24221
1.23798
1.22279
1.19968
1.17271
1.14622
1.12376
1.10706
1.09573
1.08796
1.08203
1.07747
1.07526
1.07713
1.08469
1.09849
1.11759
1.13992
1.16303
1.18466
1.20319
1.21756
1.22704
1.23102
1.22915
1.22159
1.20914
1.19348
1.17681
1.16156
1.15
1.14373
1.1433
1.14812
1.15663
1.16659
1.17563
1.18181
1.18395
1.18197
1.17675
1.16975
1.16242
1.15598
1.15133
1.14908
1.1493
1.15146
1.15429
1.15592
1.15467
1.14981
1.14212
1.13392
1.12805
1.12722
1.13295
1.14532
1.16287
1.18284
1.20161
1.21551
1.22173
1.21889
1.20724
1.18855
1.16591
1.1433
1.12489
1.11413
1.1128
1.12062
1.13565
1.15504
1.17587
1.19572
1.21294
1.22624
1.23447
1.23631
1.23081
1.21822
1.2006
1.18153
1.16488
1.15313
1.14644
1.14288
1.13996
1.136
1.13057
1.12443
1.1192
1.11685
1.11872
1.12485
1.13355
1.14234
1.14901
1.15246
1.1527
1.15063
1.14776
1.14594
1.14682
1.15144
1.15958
1.16966
1.17901
1.18459
1.18398
1.17611
1.16164
1.14266
1.12199
1.10243
1.08623
1.07493
1.06932
1.06957
1.07539
1.08596
1.09999
1.11551
1.13016
1.14184
1.14939
1.15305
1.15443
1.15583
1.15957
1.16715
1.17873
1.1932
1.20855
1.22249
1.23311
1.23932
1.24121
1.23982
1.23612
1.2303
1.22164
1.2095
1.19423
1.17746
1.1615
1.14853
1.14
1.13647
1.13792
1.14381
1.15308
1.16373
1.17275
1.17645
1.17154
1.15663
1.13303
1.10442
1.07557
1.05072
1.03232
1.0208
1.01515
1.01396
1.01643
1.0226
1.03292
1.04752
1.06576
1.08608
1.10676
1.12633
1.14378
1.15856
1.17079
1.18129
1.1914
1.20249
1.21539
1.23006
1.2457
1.26114
1.27536
1.28736
1.29617
1.30077
1.30013
1.2937
1.28177
1.2659
1.2487
1.23308
1.22124
1.21353
1.20824
1.2021
1.19149
1.1738
1.14852
1.11752
1.08461
1.05453
1.03169
1.01903
1.01724
1.02504
1.04036
1.06124
1.08595
1.11268
1.13932
1.16359
1.18351
1.19791
1.20702
1.21245
1.21681
1.2225
1.23037
1.23874
1.24389
1.24157
1.22891
1.20544
1.17321
1.13629
1.09965
1.06776
1.04365
1.02858
1.02205
1.02229
1.02691
1.03344
1.04002
1.04564
1.05024
1.05454
1.0597
1.06697
1.07727
1.09105
1.10814
1.12778
1.1486
1.16875
1.18641
1.20046
1.21078
1.21831
1.22461
1.23149
1.24007
1.2505
1.26171
1.27156
1.27737
1.27668
1.26807
1.25173
1.22971
1.20566
1.18387
1.16806
1.15984
1.15865
1.16271
1.17011
1.17919
1.1881
1.19451
1.19587
1.1901
1.17629
1.15491
1.12744
1.09597
1.06292
1.03115
1.00406
0.985537
0.978882
0.985381
1.00369
1.03036
1.06119
1.09233
1.1211
1.14591
1.16612
1.18155
1.19236
1.19915
1.20317
1.20601
1.20918
1.21365
1.2194
1.2254
1.23009
1.23171
1.22903
1.22145
1.20917
1.19306
1.17457
1.1555
1.13755
1.12181
1.10841
1.09658
1.08539
1.07461
1.0652
1.0592
1.05857
1.06411
1.07509
1.08935
1.10398
1.11615
1.12369
1.12559
1.12239
1.11628
1.11078
1.10974
1.11602
1.13061
1.15222
1.17789
1.20396
1.22693
1.24423
1.25428
1.25671
1.25206
1.24124
1.22526
1.20514
1.18217
1.15829
1.13603
1.11843
1.10799
1.10577
1.1107
1.11966
1.12893
1.1359
1.14008
1.14249
1.14423
1.14546
1.14587
1.14549
1.14465
1.14397
1.144
1.14496
1.14677
1.149
1.15078
1.15091
1.14829
1.14244
1.13394
1.12468
1.11725
1.11418
1.11704
1.12571
1.13834
1.152
1.16339
1.16941
1.16779
1.15754
1.13935
1.11568
1.09076
1.07011
1.0594
1.0626
1.08051
1.11008
1.14525
1.17896
1.20531
1.2207
1.22438
1.21825
1.20611
1.19248
1.18146
1.17563
1.17574
1.18077
1.18837
1.19578
1.20072
1.2019
1.19928
1.19362
1.18642
1.17965
1.1755
1.1757
1.18056
1.18896
1.19891
1.20831
1.2154
1.2188
1.21771
1.21217
1.20318
1.19243
1.18192
1.17336
1.16766
1.16475
1.16393
1.16407
1.16368
1.16109
1.15469
1.14395
1.13012
1.11672
1.10829
1.10832
1.11725
1.13274
1.15135
1.16974
1.18509
1.1952
1.19871
1.19518
1.18526
1.17032
1.15203
1.13156
1.10953
1.08656
1.06439
1.04614
1.03529
1.03411
1.04294
1.06037
1.08406
1.11121
1.13916
1.16579
1.18976
1.21019
1.22643
1.23772
1.24343
1.24318
1.23705
1.22566
1.21013
1.19201
1.17316
1.15555
1.14123
1.13206
1.12942
1.13393
1.14508
1.16117
1.17946
1.19653
1.209
1.21432
1.21131
1.20023
1.18278
1.16131
1.13802
1.1143
1.09036
1.06573
1.04024
1.01495
0.992528
0.976706
0.970945
0.976952
0.994153
1.01998
1.05091
1.08349
1.1149
1.14332
1.1677
1.18762
1.20287
1.21367
1.22062
1.22494
1.22834
1.23284
1.24022
1.25149
1.26637
1.28333
1.29961
1.31192
1.31689
1.31187
1.29567
1.26894
1.23421
1.19534
1.15667
1.12186
1.09348
1.07299
1.06103
1.05755
1.06115
1.06906
1.07812
1.08638
1.09392
1.1025
1.11403
1.12914
1.14664
1.16412
1.17919
1.19035
1.19729
1.2005
1.20098
1.19979
1.19787
1.19599
1.19481
1.19485
1.19654
1.20045
1.2071
1.21668
1.22882
1.24214
1.25434
1.2623
1.26283
1.25349
1.23317
1.20255
1.16389
1.12082
1.07805
1.04104
1.01519
1.00476
1.01144
1.03346
1.06616
1.10307
1.13749
1.16394
1.17893
1.18133
1.17213
1.15387
1.12995
1.10382
1.07867
1.05704
1.04102
1.03252
1.03356
1.04605
1.07129
1.10918
1.15759
1.21227
1.26734
1.31625
1.35295
1.37288
1.3737
1.35599
1.32302
1.28007
1.23255
1.18466
1.13935
1.09915
1.06672
1.04437
1.03328
1.03308
1.04196
1.05736
1.07634
1.09609
1.11407
1.12807
1.13657
1.13907
1.13645
1.13084
1.12509
1.12201
1.12392
1.13191
1.14557
1.16297
1.1813
1.19743
1.20868
1.21338
1.21105
1.20212
1.18742
1.16813
1.14608
1.12416
1.10596
1.09466
1.09202
1.09812
1.11158
1.13016
1.15123
1.17242
1.19185
1.20835
1.22143
1.23125
1.23846
1.24379
1.24775
1.25024
1.25053
1.24752
1.24031
1.22883
1.21412
1.19783
1.18186
1.16757
1.15553
1.14563
1.13705
1.12889
1.12054
1.11247
1.1063
1.10447
1.10907
1.12052
1.13699
1.15533
1.17258
1.18705
1.19817
1.20564
1.20846
1.20496
1.19366
1.17392
1.14683
1.11528
1.08343
1.05572
1.03565
1.02513
1.02421
1.03148
1.04452
1.06031
1.07568
1.08795
1.0953
1.09738
1.09525
1.09098
1.08715
1.08591
1.08856
1.09545
1.10612
1.11974
1.13531
1.15157
1.1668
1.17874
1.18515
1.18484
1.17933
1.17313
1.17123
1.17541
1.18388
1.1943
1.20562
1.21765
1.2298
1.24064
1.24847
1.2519
1.25013
1.24333
1.23258
1.21967
1.20662
1.1948
1.18466
1.17563
1.16671
1.15733
1.14768
1.13862
1.13128
1.12631
1.12363
1.12247
1.12183
1.12115
1.12037
1.12012
1.12123
1.1241
1.12818
1.13198
1.13374
1.13245
1.12851
1.12381
1.12095
1.12217
1.12832
1.13874
1.1517
1.16522
1.1777
1.1881
1.19575
1.20034
1.20192
1.20069
1.19707
1.19164
1.18512
1.17843
1.17266
1.16904
1.16867
1.17218
1.17927
1.1885
1.19739
1.20298
1.20289
1.19615
1.18362
1.16735
1.14979
1.13296
1.1185
1.10778
1.1019
1.10104
1.10396
1.10827
1.11119
1.1107
1.10614
1.09851
1.09007
1.08363
1.08148
1.08472
1.09309
1.10549
1.12038
1.13612
1.15118
1.16434
1.175
1.18313
1.18903
1.19303
1.19528
1.196
1.1955
1.1944
1.1936
1.19395
1.19597
1.19966
1.20441
1.20906
1.21202
1.21167
1.20661
1.19615
1.18076
1.16208
1.14237
1.12386
1.10798
1.09543
1.08662
1.08209
1.08259
1.0886
1.09992
1.11543
1.13345
1.15216
1.16974
1.18447
1.19502
1.20098
1.20339
1.20445
1.20651
1.21047
1.21515
1.21804
1.21682
1.2103
1.19852
1.18234
1.16303
1.14224
1.12193
1.1044
1.09167
1.08501
1.08432
1.08803
1.09346
1.09756
1.09771
1.09238
1.08177
1.06832
1.05685
1.05307
1.06069
1.079
1.10355
1.12927
1.15283
1.17317
1.19065
1.20602
1.21957
1.23082
1.23854
1.24136
1.23819
1.22893
1.21459
1.19691
1.17803
1.16012
1.14519
1.1348
1.12959
1.12926
1.13273
1.13871
1.14645
1.15594
1.16755
1.18152
1.19737
1.21408
1.23023
1.24416
1.25415
1.25863
1.25668
1.24815
1.23374
1.21468
1.19268
1.16962
1.14722
1.12684
1.10928
1.09485
1.08383
1.0767
1.07424
1.07708
1.08535
1.09844
1.11516
1.1337
1.15197
1.16792
1.17988
1.18672
1.18769
1.18242
1.17076
1.15305
1.13045
1.10525
1.08084
1.06113
1.04954
1.0481
1.05675
1.07342
1.09461
1.11663
1.13648
1.15239
1.16352
1.16984
1.17203
1.17132
1.16916
1.16686
1.1653
1.16492
1.16587
1.16797
1.17076
1.1734
1.17507
1.17519
1.17408
1.17301
1.17382
1.17799
1.18562
1.19537
1.20517
1.21347
1.21978
1.22448
1.22798
1.22983
1.22851
1.22218
1.20981
1.19185
1.17047
1.14892
1.13038
1.11695
1.10908
1.1057
1.10502
1.1053
1.10579
1.10709
1.11105
1.11962
1.13334
1.15056
1.16845
1.18476
1.19873
1.21029
1.21871
1.22227
1.21951
1.21033
1.19593
1.17853
1.16064
1.14483
1.13342
1.12788
1.1283
1.13336
1.14086
1.14826
1.15345
1.15537
1.15433
1.15165
1.14904
1.14747
1.14672
1.14562
1.14296
1.13864
1.13391
1.13082
1.13096
1.13455
1.14068
1.14805
1.1556
1.16279
1.16937
1.17489
1.17859
1.17939
1.17651
1.17018
1.1623
1.1564
1.15614
1.16327
1.17631
1.19131
1.20364
1.2096
1.20684
1.1946
1.17368
1.14622
1.11579
1.08705
1.06513
1.05452
1.05794
1.07532
1.1036
1.13758
1.17163
1.20103
1.22235
1.23366
1.23452
1.22589
1.21019
1.19113
1.1731
1.16002
1.15408
1.15487
1.15974
1.16525
1.16862
1.1689
1.16698
1.16478
1.16415
1.16582
1.16897
1.17158
1.17128
1.16609
1.15513
1.13864
1.11807
1.09586
1.07512
1.05889
1.04953
1.04805
1.05419
1.06688
1.08489
1.10689
1.13117
1.1552
1.17596
1.19037
1.1964
1.19373
1.1838
1.16929
1.15293
1.13689
1.12247
1.11055
1.10203
1.098
1.09961
1.10728
1.12056
1.13827
1.15911
1.18203
1.20624
1.23096
1.25528
1.27774
1.29645
1.30937
1.31469
1.31123
1.29917
1.27995
1.25589
1.22963
1.20348
1.17907
1.15739
1.13916
1.12497
1.1153
1.11024
1.10932
1.11169
1.11647
1.12307
1.13127
1.14115
1.15268
1.16522
1.17729
1.18667
1.19062
1.18667
1.17335
1.15087
1.12162
1.0902
1.06282
1.04545
1.04164
1.05084
1.06891
1.09032
1.11052
1.12708
1.13944
1.14807
1.15376
1.157
1.15789
1.15625
1.15194
1.14498
1.13564
1.12451
1.11243
1.10038
1.08932
1.07995
1.07274
1.06811
1.06628
1.06737
1.07125
1.07747
1.08556
1.09527
1.10677
1.12063
1.13749
1.15756
1.18027
1.20423
1.22735
1.24735
1.26229
1.27105
1.2735
1.2702
1.26215
1.2504
1.23582
1.21914
1.20082
1.18116
1.16055
1.13986
1.12076
1.10545
1.09624
1.09499
1.10251
1.11803
1.13881
1.16024
1.17708
1.18509
1.18244
1.17014
1.15176
1.13277
1.11896
1.11441
1.11982
1.13235
1.14743
1.16118
1.17185
1.17959
1.18534
1.18977
1.19289
1.19384
1.1912
1.18351
1.16986
1.1504
1.12667
1.10217
1.08132
1.06687
1.05775
1.05062
1.04343
1.03728
1.03562
1.04211
1.05896
1.08619
1.12178
1.16219
1.20312
1.2405
1.27129
1.2939
1.3079
1.31343
1.31077
1.30029
1.28261
1.25907
1.23187
1.20376
1.17762
1.15569
1.13903
1.1275
1.12037
1.11678
1.11586
1.11661
1.11764
1.11745
1.11469
1.10865
1.09934
1.08773
1.07544
1.06447
1.0565
1.05259
1.05325
1.05862
1.06851
1.08218
1.09849
1.11641
1.13541
1.15558
1.17712
1.19977
1.22245
1.24341
1.26037
1.27103
1.27366
1.26756
1.25355
1.23381
1.2116
1.19046
1.17354
1.163
1.15989
1.16419
1.17483
1.18997
1.20725
1.22399
1.23762
1.2461
1.24839
1.24449
1.23541
1.22254
1.20742
1.19144
1.17565
1.16073
1.1469
1.134
1.1215
1.1088
1.09544
1.08148
1.06753
1.05469
1.04422
1.03711
1.03394
1.03477
1.03949
1.0479
1.06
1.07585
1.09532
1.11777
1.14187
1.16559
1.18658
1.20276
1.21285
1.21668
1.21497
1.20915
1.20091
1.19183
1.18321
1.17601
1.17058
1.16642
1.16263
1.15801
1.15155
1.14267
1.13145
1.11856
1.10506
1.09229
1.08159
1.07411
1.07077
1.07253
1.08011
1.09383
1.11344
1.13786
1.16512
1.19261
1.21728
1.23627
1.24722
1.24885
1.24091
1.22448
1.20179
1.17582
1.1497
1.12585
1.10578
1.09045
1.08068
1.07708
1.07953
1.08694
1.09745
1.10885
1.11899
1.12648
1.131
1.13357
1.1364
1.14235
1.154
1.17285
1.19852
1.22845
1.25839
1.28349
1.29984
1.30543
1.30044
1.28683
1.26743
1.245
1.22162
1.19879
1.17754
1.15891
1.14374
1.13251
1.12515
1.12102
1.11924
1.11907
1.12004
1.12194
1.12498
1.12966
1.13661
1.14635
1.15871
1.17238
1.18492
1.19326
1.19464
1.18736
1.17154
1.14915
1.12386
1.10018
1.08229
1.07273
1.0716
1.07686
1.08551
1.09499
1.10371
1.11126
1.11803
1.12474
1.13166
1.13792
1.14145
1.13958
1.13021
1.11297
1.08982
1.06493
1.04348
1.02998
1.02685
1.03434
1.05111
1.07533
1.10529
1.1394
1.17588
1.2128
1.24793
1.2793
1.30532
1.32454
1.33566
1.33759
1.32983
1.31291
1.28867
1.26016
1.23103
1.20489
1.18455
1.17135
1.16537
1.16533
1.16908
1.17405
1.17794
1.17933
1.17819
1.17568
1.17289
1.16912
1.16175
1.1483
1.12838
1.10448
1.08077
1.06172
1.05029
1.04733
1.05148
1.06029
1.07116
1.08203
1.09136
1.09808
1.10161
1.10203
1.10017
1.09761
1.09619
1.09742
1.10192
1.10926
1.11851
1.12868
1.13907
1.14916
1.15858
1.16739
1.17606
1.18548
1.19677
1.2103
1.22511
1.23877
1.24822
1.25109
1.2464
1.23454
1.2169
1.19566
1.17343
1.15292
1.13659
1.12622
1.12224
1.1237
1.12817
1.13241
1.13355
1.13019
1.12307
1.11464
1.1079
1.10508
1.10684
1.11239
1.12006
1.12798
1.13479
1.13993
1.14384
1.14791
1.15416
1.16448
1.17999
1.20041
1.22359
1.24617
1.26408
1.27362
1.27229
1.25914
1.2351
1.20289
1.16679
1.1322
1.1048
1.08909
1.08718
1.09809
1.1179
1.14101
1.16198
1.17706
1.18472
1.18569
1.18224
1.1774
1.17384
1.17293
1.17456
1.17731
1.17936
1.1792
1.17584
1.16901
1.15899
1.14675
1.13388
1.12242
1.11448
1.11171
1.11482
1.12306
1.13447
1.14625
1.15557
1.16027
1.15937
1.15314
1.14303
1.13116
1.11968
1.1103
1.10405
1.10119
1.10141
1.1041
1.10861
1.11443
1.12109
1.12801
1.13467
1.14099
1.14762
1.1559
1.16704
1.18076
1.19504
1.2069
1.21408
1.21598
1.21366
1.20929
1.20519
1.20306
1.20361
1.20667
1.21135
1.21627
1.21994
1.22084
1.2179
1.21074
1.1997
1.18608
1.17164
1.15808
1.1461
1.13533
1.12448
1.11226
1.09804
1.08214
1.06578
1.05087
1.03925
1.03244
1.03146
1.03697
1.04937
1.06862
1.09398
1.12375
1.15516
1.18456
1.20803
1.22227
1.22537
1.21723
1.19992
1.1771
1.15318
1.13244
1.11801
1.11166
1.11379
1.12398
1.14122
1.16393
1.18953
1.21444
1.23458
1.24647
1.24835
1.24057
1.22517
1.20534
1.18456
1.166
1.15189
1.14354
1.14148
1.1455
1.15449
1.16632
1.1784
1.18852
1.19544
1.19895
1.19929
1.19677
1.1917
1.18449
1.17585
1.16682
1.15867
1.15288
1.15073
1.15276
1.15832
1.16541
1.17126
1.1733
1.17002
1.16142
1.14867
1.13371
1.11875
1.10606
1.09755
1.09465
1.0981
1.10769
1.12227
1.14016
1.15964
1.17938
1.1983
1.2154
1.22937
1.23859
1.24149
1.23682
1.22412
1.20438
1.18042
1.15654
1.13732
1.12569
1.12145
1.12178
1.12287
1.12186
1.11792
1.11236
1.10794
1.10756
1.11283
1.12362
1.13811
1.1537
1.16799
1.1796
1.18807
1.19329
1.19495
1.19265
1.18632
1.17639
1.16371
1.14927
1.13402
1.11893
1.10512
1.09366
1.08544
1.08116
1.08117
1.08574
1.09487
1.10827
1.12528
1.14491
1.16579
1.18617
1.20414
1.21778
1.22555
1.22679
1.22187
1.21205
1.19922
1.18539
1.17222
1.16054
1.15018
1.14025
1.12971
1.11797
1.10541
1.09368
1.08521
1.08259
1.08762
1.10082
1.12136
1.14728
1.17601
1.20482
1.23116
1.25276
1.2678
1.27492
1.27326
1.2629
1.24495
1.2218
1.19677
1.17322
1.15369
1.1395
1.13125
1.12907
1.13236
1.13953
1.14831
1.15649
1.16225
1.16435
1.16188
1.15438
1.14195
1.12543
1.1065
1.08781
1.07258
1.06366
1.06276
1.06982
1.08286
1.09858
1.1131
1.12314
1.12664
1.1231
1.11348
1.09987
1.08515
1.07254
1.06518
1.06556
1.0748
1.09233
1.11602
1.14286
1.16973
1.19394
1.21333
1.22663
1.23351
1.23457
1.23123
1.22516
1.2176
1.20904
1.19953
1.18916
1.17827
1.16743
1.15712
1.14768
1.13922
1.13207
1.1267
1.12372
1.12367
1.12701
1.13399
1.14461
1.15853
1.1748
1.1921
1.20871
1.22287
1.23332
1.23937
1.24095
1.23845
1.23248
1.22351
1.21226
1.1999
1.18795
1.17764
1.16911
1.16103
1.15132
1.13827
1.12138
1.10154
1.0807
1.06153
1.04689
1.0394
1.04082
1.05152
1.07027
1.09444
1.12044
1.1444
1.16276
1.17276
1.1729
1.16322
1.14561
1.12374
1.10237
1.08651
1.07978
1.0833
1.09568
1.11424
1.13609
1.15883
1.18072
1.2005
1.21706
1.22957
1.23745
1.2403
1.23839
1.23271
1.22478
1.21628
1.2085
1.20205
1.19685
1.19249
1.18844
1.18423
1.17931
1.1731
1.16497
1.15428
1.1406
1.12397
1.10545
1.08728
1.07251
1.06423
1.06434
1.07291
1.08796
1.10616
1.12385
1.13808
1.14715
1.15068
1.14946
1.14493
1.13868
1.13224
1.12679
1.12319
1.12191
1.12294
1.12578
1.12947
1.13295
1.13544
1.13693
1.13806
1.13992
1.14345
1.14876
1.15522
1.16163
1.16669
1.16947
1.1695
1.16696
1.16252
1.15722
1.15198
1.14742
1.14403
1.14236
1.14315
1.14747
1.15664
1.17154
1.19153
1.2138
1.23404
1.24804
1.25308
1.24867
1.23655
1.22004
1.20292
1.18845
1.17854
1.17367
1.1735
1.17735
1.18453
1.19433
1.20574
1.21731
1.22718
1.23362
1.23538
1.23202
1.22352
1.21003
1.19161
1.16849
1.14114
1.11073
1.07908
1.04837
1.02089
0.998512
0.982546
0.973722
0.972181
0.977804
0.990399
1.00969
1.03537
1.06685
1.10284
1.14106
1.17845
1.21171
1.23792
1.25518
1.26276
1.26102
1.2512
1.23527
1.21558
1.19447
1.17379
1.15497
1.13912
1.12719
1.1201
1.11869
1.12332
1.13355
1.14779
1.16343
1.17738
1.18684
1.18975
1.18509
1.17294
1.15435
1.13156
1.10796
1.08804
1.07663
1.0771
1.08956
1.11082
1.13618
1.16144
1.18358
1.20043
1.21031
1.21221
1.2066
1.19605
1.18442
1.17482
1.16776
1.16149
1.15381
1.14365
1.13158
1.11916
1.10839
1.10097
1.09794
1.0994
1.10472
1.11282
1.12256
1.13298
1.14322
1.15262
1.16087
1.16787
1.17366
1.178
1.18016
1.17931
1.17514
1.16873
1.16275
1.16099
1.16688
1.18187
1.2044
1.23019
1.25372
1.27003
1.27608
1.27126
1.25723
1.23721
1.21497
1.19399
1.1767
1.16449
1.15774
1.1564
1.15994
1.16708
1.17565
1.1829
1.18656
1.1858
1.18191
1.17737
1.17412
1.17246
1.17141
1.16975
1.16667
1.16177
1.15467
1.14492
1.13217
1.11681
1.09995
1.0835
1.06974
1.06037
1.05592
1.05572
1.05831
1.06204
1.06557
1.06791
1.06861
1.06747
1.0646
1.06039
1.05544
1.05063
1.04702
1.0457
1.04763
1.05331
1.06278
1.07535
1.08972
1.10427
1.11751
1.12868
1.13819
1.14751
1.15854
1.17256
1.18969
1.20869
1.22738
1.24325
1.25419
1.25891
1.25726
1.25042
1.24079
1.23134
1.22445
1.22094
1.21986
1.21934
1.21786
1.21492
1.21127
1.20845
1.20787
1.20994
1.21389
1.21828
1.22176
1.22354
1.22343
1.22169
1.2188
1.21522
1.21142
1.20742
1.20262
1.19578
1.18526
1.16956
1.14794
1.12095
1.09049
1.0597
1.03263
1.01345
1.00538
1.00954
1.024
1.04414
1.06433
1.07987
1.08825
1.08926
1.08429
1.07559
1.06535
1.0553
1.04661
1.04014
1.03676
1.03754
1.04362
1.05598
1.07504
1.10028
1.13004
1.16176
1.19228
1.21828
1.23686
1.24595
1.24485
1.2343
1.21665
1.19547
1.17476
1.15802
1.14743
1.14337
1.14473
1.1493
1.15466
1.15873
1.16008
1.15809
1.15293
1.14549
1.13733
1.13074
1.12842
1.13284
1.14541
1.16561
1.19088
1.21709
1.23974
1.25514
1.26128
1.25805
1.24706
1.23102
1.21304
1.19592
1.18171
1.17165
1.16603
1.16439
1.16598
1.17002
1.17598
1.18349
1.19193
1.20018
1.20652
1.20911
1.20644
1.19776
1.18289
1.16222
1.13678
1.1084
1.07971
1.05395
1.03475
1.02517
1.02694
1.04
1.06241
1.0907
1.12049
1.14739
1.1676
1.17856
1.17932
1.17049
1.15376
1.13156
1.10663
1.0818
1.06006
1.04441
1.03729
1.04023
1.0534
1.07553
1.10407
1.1356
1.16655
1.19371
1.21482
1.22878
1.23546
1.23556
1.23039
1.22157
1.21068
1.19902
1.18744
1.17644
1.16617
1.15688
1.14856
1.14126
1.13505
1.1301
1.12664
1.125
1.1256
1.12895
1.13571
1.14617
1.15981
1.17497
1.18934
1.20087
1.2087
1.21338
1.21637
1.21893
1.22142
1.22345
1.22428
1.22322
1.21965
1.21298
1.20276
1.1888
1.17141
1.15164
1.13138
1.11309
1.09945
1.09237
1.09222
1.09727
1.10435
1.11007
1.11225
1.1107
1.10715
1.10456
1.10559
1.11143
1.12129
1.13281
1.14332
1.15075
1.15405
1.15299
1.14801
1.14016
1.1311
1.123
1.11788
1.11723
1.12148
1.13006
1.14206
1.15652
1.17284
1.19062
1.20942
1.22818
1.24521
1.25841
1.26593
1.26659
1.26023
1.24743
1.22938
1.20785
1.18523
1.16437
1.14791
1.13746
1.13285
1.13222
1.1327
1.13145
1.12639
1.11654
1.10202
1.08404
1.06496
1.04808
1.0369
1.03406
1.04034
1.05457
1.07421
1.09619
1.11772
1.13676
1.15229
1.16408
1.17255
1.17829
1.18215
1.18504
1.18794
1.19141
1.19544
1.19927
1.20175
1.20144
1.19703
1.18748
1.17217
1.1513
1.12599
1.09848
1.07176
1.04956
1.03578
1.03352
1.04348
1.06323
1.08753
1.11034
1.12651
1.13326
1.13046
1.12028
1.10666
1.09467
1.08943
1.0951
1.11336
1.143
1.18014
1.21966
1.25661
1.28755
1.31083
1.32644
1.33519
1.33804
1.33565
1.32822
1.31572
1.29844
1.27744
1.25446
1.23146
1.20969
1.18933
1.1694
1.14883
1.12728
1.10557
1.08503
1.06657
1.05044
1.03698
1.02746
1.02368
1.02726
1.03943
1.06059
1.08989
1.12435
1.15858
1.18623
1.20246
1.20552
1.19679
1.17985
1.15911
1.13851
1.12129
1.11025
1.10763
1.11461
1.13057
1.15283
1.1775
1.20054
1.21873
1.23009
1.23392
1.23055
1.22125
1.20806
1.19334
1.17933
1.16771
1.1593
1.15405
1.15122
1.14968
1.14859
1.14795
1.14847
1.15102
1.1556
1.16105
1.16551
1.16729
1.16541
1.15936
1.14921
1.13573
1.12072
1.10693
1.09681
1.09124
1.08923
1.08892
1.08889
1.08897
1.09015
1.0941
1.10236
1.11565
1.13369
1.15527
1.1783
1.20006
1.21771
1.22878
1.23185
1.22659
1.21422
1.19735
1.17968
1.16519
1.15681
1.15555
1.16017
1.168
1.17596
1.18146
1.18288
1.17987
1.1733
1.16471
1.15581
1.14801
1.14225
1.13924
1.13963
1.14381
1.15156
1.16189
1.17312
1.18341
1.19121
1.19566
1.1968
1.19544
1.1928
1.18993
1.18734
1.18493
1.18241
1.17968
1.17674
1.17358
1.16983
1.16467
1.15705
1.14615
1.13159
1.11382
1.09396
1.07388
1.05613
1.04372
1.03942
1.04452
1.05786
1.07618
1.09549
1.11261
1.12593
1.1354
1.14205
1.14774
1.15457
1.16449
1.17856
1.19609
1.21468
1.23088
1.24144
1.24433
1.23923
1.22734
1.21088
1.19235
1.17404
1.15768
1.14402
