-6.67616
-6.66399
-6.65188
-6.63949
-6.62714
-6.61127
-6.60041
-6.59322
-6.58957
-6.59117
-6.59935
-6.60871
-6.6213
-6.63466
-6.64347
-6.65115
-6.65467
-6.65867
-6.66493
-6.67527
-6.68743
-6.70452
-6.71969
-6.73392
-6.73856
-6.73867
-6.72879
-6.71633
-6.7021
-6.68833
-6.68016
-6.67654
-6.67565
-6.67842
-6.68296
-6.68292
-6.67993
-6.67265
-6.66161
-6.64718
-6.62736
-6.60946
-6.59022
-6.57659
-6.57253
-6.58079
-6.59993
-6.63504
-6.67345
-6.70776
-6.74151
-6.76855
-6.78652
-6.79701
-6.80251
-6.79957
-6.791
-6.77708
-6.75614
-6.73198
-6.70868
-6.68603
-6.66554
-6.64878
-6.63872
-6.63143
-6.62759
-6.62275
-6.61859
-6.61387
-6.60973
-6.61046
-6.6173
-6.63181
-6.65009
-6.67505
-6.69824
-6.71927
-6.73578
-6.74222
-6.7403
-6.73107
-6.71464
-6.69823
-6.68249
-6.67072
-6.66725
-6.67184
-6.68143
-6.69719
-6.71749
-6.73918
-6.7563
-6.76967
-6.77546
-6.77705
-6.77276
-6.76226
-6.74727
-6.73016
-6.71541
-6.70163
-6.69382
-6.68197
-6.67185
-6.65648
-6.63853
-6.62113
-6.60777
-6.60146
-6.60172
-6.6124
-6.63014
-6.65431
-6.68124
-6.7086
-6.72936
-6.74289
-6.74263
-6.73003
-6.70783
-6.67757
-6.64341
-6.61428
-6.58568
-6.56094
-6.54297
-6.53644
-6.53994
-6.55478
-6.57454
-6.59955
-6.62381
-6.64924
-6.6722
-6.68988
-6.70308
-6.71686
-6.72376
-6.72664
-6.72773
-6.72198
-6.7119
-6.69888
-6.68849
-6.6755
-6.66271
-6.65239
-6.64859
-6.64705
-6.64639
-6.65221
-6.65983
-6.66449
-6.66684
-6.66494
-6.65627
-6.64459
-6.63271
-6.62126
-6.62057
-6.62542
-6.639
-6.65389
-6.6712
-6.68699
-6.69999
-6.70631
-6.70881
-6.71038
-6.71086
-6.71142
-6.71514
-6.72038
-6.72167
-6.72152
-6.71772
-6.71375
-6.70307
-6.69083
-6.67391
-6.65373
-6.63629
-6.62181
-6.6075
-6.59712
-6.58971
-6.58517
-6.58432
-6.59013
-6.60292
-6.62016
-6.63785
-6.65882
-6.67624
-6.68633
-6.69327
-6.69914
-6.70468
-6.71255
-6.72087
-6.73277
-6.74716
-6.75581
-6.75885
-6.75954
-6.75161
-6.73665
-6.71871
-6.69873
-6.67931
-6.66364
-6.65994
-6.66602
-6.67999
-6.6985
-6.7164
-6.72941
-6.73245
-6.72645
-6.71293
-6.69595
-6.67779
-6.66359
-6.65392
-6.64933
-6.64809
-6.65124
-6.65184
-6.65204
-6.64977
-6.64968
-6.64593
-6.64258
-6.64539
-6.64691
-6.64857
-6.64883
-6.64816
-6.64607
-6.6395
-6.63486
-6.62795
-6.62069
-6.61325
-6.60489
-6.59548
-6.58669
-6.58006
-6.58575
-6.60054
-6.62174
-6.64784
-6.67084
-6.69299
-6.71227
-6.72587
-6.74095
-6.75464
-6.76565
-6.77394
-6.77381
-6.77143
-6.76426
-6.7522
-6.73713
-6.71826
-6.70117
-6.68519
-6.66998
-6.65619
-6.64327
-6.63048
-6.61857
-6.60908
-6.60615
-6.60632
-6.61314
-6.62581
-6.64276
-6.66466
-6.68726
-6.70811
-6.72409
-6.73566
-6.74538
-6.74924
-6.75047
-6.75135
-6.75231
-6.7512
-6.74918
-6.73778
-6.72596
-6.7091
-6.69187
-6.67742
-6.66178
-6.65442
-6.64925
-6.65037
-6.64955
-6.65267
-6.65656
-6.65574
-6.65259
-6.64884
-6.64388
-6.63985
-6.64058
-6.6434
-6.64665
-6.64848
-6.64797
-6.64579
-6.64215
-6.63818
-6.63775
-6.64067
-6.64803
-6.6628
-6.67754
-6.69568
-6.71033
-6.71962
-6.72944
-6.73309
-6.73116
-6.72815
-6.7226
-6.71532
-6.70553
-6.69503
-6.6836
-6.66578
-6.64702
-6.6272
-6.61272
-6.60489
-6.60621
-6.61546
-6.62999
-6.64495
-6.6598
-6.66942
-6.67325
-6.67316
-6.6708
-6.6666
-6.66373
-6.66139
-6.65988
-6.66264
-6.66725
-6.67164
-6.6841
-6.69699
-6.70524
-6.70906
-6.70803
-6.70273
-6.70043
-6.70056
-6.70646
-6.71654
-6.72666
-6.73854
-6.74626
-6.7544
-6.75484
-6.75118
-6.73492
-6.71291
-6.6826
-6.64779
-6.61065
-6.57578
-6.5496
-6.53078
-6.52242
-6.52775
-6.54109
-6.56163
-6.58894
-6.6161
-6.64262
-6.66323
-6.67555
-6.68107
-6.67472
-6.66682
-6.65889
-6.64431
-6.63467
-6.62719
-6.6233
-6.62464
-6.63237
-6.64825
-6.66593
-6.68486
-6.70694
-6.72962
-6.74667
-6.76187
-6.77282
-6.77715
-6.77412
-6.76471
-6.74885
-6.73415
-6.71878
-6.70238
-6.68914
-6.67706
-6.66904
-6.66439
-6.66284
-6.66471
-6.66796
-6.67414
-6.68097
-6.68275
-6.68481
-6.68354
-6.68024
-6.67498
-6.6727
-6.6695
-6.67017
-6.6774
-6.68956
-6.70481
-6.72154
-6.73558
-6.74522
-6.74662
-6.73926
-6.723
-6.69876
-6.67434
-6.64975
-6.63253
-6.62504
-6.62805
-6.64088
-6.65675
-6.67253
-6.68646
-6.69628
-6.70134
-6.70339
-6.69893
-6.69128
-6.67786
-6.66582
-6.65702
-6.65159
-6.64755
-6.64659
-6.64241
-6.63765
-6.63234
-6.62426
-6.61454
-6.60673
-6.60664
-6.61709
-6.6386
-6.66774
-6.70299
-6.73333
-6.75754
-6.77192
-6.77535
-6.77017
-6.7629
-6.75728
-6.75322
-6.75887
-6.76927
-6.78027
-6.79011
-6.79412
-6.78841
-6.77701
-6.75588
-6.72729
-6.69502
-6.66646
-6.6398
-6.62596
-6.62383
-6.6318
-6.64117
-6.653
-6.66223
-6.66615
-6.66137
-6.65717
-6.6502
-6.64209
-6.62944
-6.61139
-6.5901
-6.5645
-6.54532
-6.53236
-6.53537
-6.55176
-6.57781
-6.61494
-6.65874
-6.70652
-6.7523
-6.79197
-6.82301
-6.84356
-6.85004
-6.8425
-6.82154
-6.78981
-6.74417
-6.69713
-6.6499
-6.60744
-6.57497
-6.55453
-6.54078
-6.5351
-6.53751
-6.54166
-6.5529
-6.57058
-6.59466
-6.61596
-6.63626
-6.65153
-6.66127
-6.66437
-6.66744
-6.67002
-6.6718
-6.67857
-6.68493
-6.6935
-6.7012
-6.70726
-6.71793
-6.72434
-6.72922
-6.734
-6.74052
-6.74851
-6.7535
-6.75948
-6.76372
-6.75994
-6.75369
-6.74216
-6.7282
-6.70762
-6.68269
-6.65837
-6.63658
-6.61959
-6.60397
-6.59275
-6.58569
-6.58161
-6.58623
-6.59682
-6.61513
-6.63335
-6.65154
-6.66743
-6.67847
-6.68342
-6.6789
-6.66844
-6.65646
-6.64485
-6.63338
-6.62821
-6.62912
-6.63676
-6.65151
-6.66954
-6.68797
-6.70515
-6.71848
-6.72853
-6.73521
-6.73868
-6.73572
-6.72902
-6.71735
-6.699
-6.68011
-6.65924
-6.63892
-6.61893
-6.60593
-6.60094
-6.60296
-6.61552
-6.63615
-6.65578
-6.67804
-6.69458
-6.70735
-6.71544
-6.71682
-6.71686
-6.71589
-6.71598
-6.71329
-6.71423
-6.7128
-6.71362
-6.71225
-6.71027
-6.70181
-6.68898
-6.67347
-6.65208
-6.62919
-6.6077
-6.58802
-6.5795
-6.58066
-6.59085
-6.61119
-6.63541
-6.66115
-6.6864
-6.70517
-6.71669
-6.71591
-6.70574
-6.69118
-6.67352
-6.65891
-6.64976
-6.64555
-6.64533
-6.64694
-6.65392
-6.66295
-6.66992
-6.67764
-6.68721
-6.69725
-6.70875
-6.72557
-6.73998
-6.75634
-6.76388
-6.768
-6.76089
-6.7409
-6.71242
-6.67968
-6.64069
-6.60378
-6.56897
-6.5468
-6.53582
-6.53773
-6.54952
-6.57109
-6.59498
-6.61876
-6.64223
-6.66037
-6.6728
-6.6798
-6.67795
-6.66883
-6.65674
-6.64278
-6.62738
-6.61927
-6.62126
-6.63443
-6.65509
-6.68065
-6.70885
-6.73465
-6.75526
-6.77168
-6.78131
-6.78651
-6.78866
-6.79111
-6.79146
-6.79169
-6.79127
-6.78743
-6.78403
-6.77499
-6.75945
-6.73576
-6.71068
-6.68521
-6.6616
-6.6404
-6.62834
-6.62068
-6.61815
-6.61736
-6.61924
-6.62213
-6.62719
-6.63292
-6.63808
-6.64122
-6.64531
-6.64614
-6.64577
-6.64468
-6.64752
-6.64987
-6.65543
-6.66286
-6.67055
-6.67603
-6.67647
-6.67359
-6.67337
-6.67276
-6.67485
-6.68173
-6.68882
-6.69685
-6.69677
-6.68999
-6.67531
-6.65499
-6.63155
-6.60818
-6.59105
-6.58147
-6.57957
-6.58435
-6.59099
-6.6
-6.60936
-6.61862
-6.62382
-6.62778
-6.62941
-6.62418
-6.6147
-6.60223
-6.59105
-6.58308
-6.58198
-6.58453
-6.60117
-6.62704
-6.66154
-6.70027
-6.7454
-6.78908
-6.82812
-6.85342
-6.86418
-6.85891
-6.84407
-6.82133
-6.79423
-6.76782
-6.74726
-6.73735
-6.73725
-6.74394
-6.75278
-6.76119
-6.76688
-6.76469
-6.75442
-6.73463
-6.70713
-6.67666
-6.64566
-6.61909
-6.60205
-6.59794
-6.59969
-6.6062
-6.61863
-6.63361
-6.65071
-6.67063
-6.68717
-6.7026
-6.71068
-6.71334
-6.70886
-6.69912
-6.68759
-6.67267
-6.65596
-6.6372
-6.62044
-6.60897
-6.60394
-6.60708
-6.61952
-6.63983
-6.66286
-6.68554
-6.70399
-6.7147
-6.71346
-6.70698
-6.69668
-6.68238
-6.66935
-6.65717
-6.64506
-6.63336
-6.622
-6.61322
-6.60871
-6.60478
-6.60435
-6.60686
-6.60717
-6.61046
-6.61245
-6.61519
-6.61581
-6.61392
-6.60877
-6.60336
-6.59895
-6.59899
-6.60709
-6.62085
-6.63919
-6.66338
-6.69061
-6.71908
-6.74754
-6.77288
-6.791
-6.80354
-6.80817
-6.80206
-6.78894
-6.76982
-6.747
-6.72385
-6.69954
-6.68223
-6.67143
-6.664
-6.66392
-6.66871
-6.67551
-6.68057
-6.67971
-6.67272
-6.65655
-6.63729
-6.61884
-6.60451
-6.60661
-6.62064
-6.64469
-6.67237
-6.70028
-6.72382
-6.74109
-6.74848
-6.75067
-6.74645
-6.73784
-6.72757
-6.72089
-6.71497
-6.7145
-6.71323
-6.71363
-6.71099
-6.70782
-6.70143
-6.69459
-6.69265
-6.694
-6.70392
-6.72094
-6.73839
-6.75171
-6.75354
-6.74813
-6.73253
-6.70757
-6.68619
-6.66627
-6.65027
-6.64033
-6.6322
-6.62619
-6.61944
-6.61904
-6.6176
-6.61926
-6.62239
-6.62424
-6.62609
-6.62663
-6.62599
-6.62608
-6.62398
-6.61946
-6.61363
-6.61153
-6.61487
-6.61915
-6.62841
-6.64356
-6.66009
-6.68095
-6.69833
-6.71244
-6.72186
-6.72196
-6.71659
-6.70601
-6.69031
-6.67006
-6.64823
-6.62589
-6.60389
-6.5855
-6.57552
-6.57545
-6.583
-6.60019
-6.62585
-6.65311
-6.67905
-6.70093
-6.71694
-6.72743
-6.73506
-6.73627
-6.739
-6.74085
-6.73968
-6.73689
-6.73648
-6.73607
-6.73776
-6.73911
-6.73811
-6.73794
-6.73516
-6.73351
-6.72925
-6.72552
-6.71872
-6.71236
-6.70688
-6.7022
-6.69853
-6.69269
-6.68467
-6.67396
-6.66109
-6.64597
-6.62975
-6.62039
-6.61626
-6.61809
-6.62113
-6.62458
-6.62608
-6.62558
-6.62516
-6.62127
-6.61997
-6.61928
-6.61994
-6.62504
-6.6327
-6.63882
-6.64601
-6.65395
-6.66089
-6.66761
-6.67157
-6.67676
-6.68247
-6.68892
-6.6961
-6.70497
-6.71367
-6.72425
-6.73223
-6.73808
-6.74596
-6.7489
-6.74968
-6.74273
-6.7334
-6.72202
-6.70906
-6.69646
-6.68494
-6.67621
-6.66939
-6.66238
-6.65494
-6.64603
-6.63519
-6.62656
-6.61715
-6.60796
-6.60182
-6.60144
-6.6042
-6.60848
-6.61326
-6.61682
-6.61773
-6.61654
-6.61707
-6.61823
-6.61686
-6.61728
-6.62055
-6.62658
-6.63352
-6.64427
-6.65776
-6.67139
-6.67964
-6.68576
-6.68471
-6.67963
-6.67544
-6.67074
-6.66915
-6.67177
-6.67847
-6.68484
-6.6874
-6.69086
-6.69143
-6.69305
-6.69398
-6.69488
-6.69577
-6.68948
-6.68108
-6.6683
-6.6548
-6.64109
-6.62926
-6.61703
-6.60508
-6.59363
-6.5858
-6.58305
-6.58515
-6.59678
-6.61563
-6.63966
-6.66592
-6.69352
-6.72135
-6.74466
-6.76318
-6.773
-6.77527
-6.76986
-6.76011
-6.74444
-6.72516
-6.70729
-6.69476
-6.68428
-6.68221
-6.68051
-6.67534
-6.67106
-6.66179
-6.65514
-6.6501
-6.64846
-6.65052
-6.65433
-6.66205
-6.6729
-6.68273
-6.69215
-6.69975
-6.70215
-6.70135
-6.69443
-6.68286
-6.66968
-6.65351
-6.63796
-6.62285
-6.60831
-6.59766
-6.59086
-6.59047
-6.59384
-6.60044
-6.61436
-6.63304
-6.65424
-6.6816
-6.7088
-6.73499
-6.756
-6.76861
-6.7732
-6.76909
-6.75664
-6.73789
-6.71801
-6.70013
-6.68527
-6.67522
-6.66715
-6.6627
-6.65871
-6.65576
-6.65362
-6.65369
-6.65559
-6.65955
-6.66741
-6.67613
-6.68587
-6.69255
-6.6958
-6.68849
-6.67844
-6.66257
-6.64726
-6.63403
-6.62934
-6.63154
-6.63516
-6.6393
-6.64179
-6.64351
-6.6471
-6.65232
-6.66068
-6.66741
-6.67505
-6.67944
-6.67951
-6.67316
-6.66325
-6.65494
-6.64895
-6.65071
-6.65724
-6.67061
-6.68358
-6.69583
-6.7047
-6.71139
-6.71069
-6.70794
-6.70013
-6.69201
-6.68145
-6.67004
-6.65801
-6.6498
-6.65317
-6.66041
-6.67074
-6.68209
-6.6916
-6.69576
-6.69779
-6.69674
-6.69219
-6.68828
-6.68546
-6.68411
-6.68467
-6.69101
-6.69773
-6.70694
-6.71311
-6.71776
-6.72394
-6.72811
-6.72716
-6.72494
-6.72001
-6.7124
-6.7033
-6.69142
-6.6812
-6.66884
-6.65892
-6.64955
-6.6433
-6.63866
-6.63762
-6.64198
-6.64343
-6.6474
-6.64833
-6.64401
-6.63632
-6.62474
-6.61423
-6.60272
-6.59273
-6.58582
-6.5873
-6.59266
-6.60678
-6.62605
-6.65384
-6.68348
-6.71323
-6.74294
-6.77223
-6.7938
-6.81007
-6.81311
-6.80609
-6.78754
-6.75868
-6.72496
-6.68934
-6.6543
-6.62671
-6.60831
-6.59932
-6.60092
-6.60748
-6.61889
-6.63242
-6.64631
-6.65447
-6.6572
-6.65563
-6.64729
-6.63903
-6.62982
-6.6241
-6.62362
-6.63365
-6.65236
-6.67806
-6.70963
-6.74324
-6.77263
-6.79617
-6.80811
-6.80995
-6.8009
-6.78281
-6.75514
-6.72242
-6.68466
-6.65283
-6.62557
-6.6053
-6.59296
-6.58788
-6.58749
-6.59055
-6.59479
-6.59834
-6.59554
-6.58763
-6.57747
-6.56527
-6.55595
-6.55477
-6.55734
-6.56896
-6.58684
-6.60736
-6.62833
-6.65033
-6.67252
-6.69431
-6.71573
-6.7366
-6.75498
-6.77133
-6.78158
-6.78495
-6.78301
-6.77528
-6.76437
-6.75757
-6.75412
-6.7544
-6.75553
-6.75846
-6.75897
-6.75659
-6.74959
-6.73933
-6.72245
-6.70304
-6.68212
-6.66494
-6.65301
-6.64652
-6.64517
-6.64652
-6.64882
-6.64663
-6.64002
-6.62808
-6.61471
-6.59906
-6.58547
-6.57844
-6.57782
-6.58228
-6.59089
-6.60011
-6.6092
-6.6213
-6.63402
-6.64964
-6.66589
-6.6822
-6.70007
-6.71032
-6.71982
-6.72236
-6.72194
-6.71509
-6.70271
-6.68747
-6.67055
-6.65413
-6.64545
-6.64032
-6.64281
-6.65069
-6.65943
-6.66555
-6.66948
-6.66528
-6.65652
-6.6455
-6.63468
-6.62659
-6.62007
-6.6231
-6.63377
-6.6523
-6.67571
-6.70267
-6.72932
-6.74965
-6.76579
-6.77141
-6.77015
-6.75849
-6.73871
-6.71626
-6.69517
-6.67119
-6.65381
-6.64443
-6.6462
-6.65509
-6.67356
-6.70126
-6.73043
-6.75703
-6.78413
-6.80401
-6.81609
-6.81708
-6.80793
-6.78782
-6.75678
-6.72077
-6.678
-6.63465
-6.59409
-6.55905
-6.53368
-6.52222
-6.52405
-6.53754
-6.55597
-6.57533
-6.59273
-6.60638
-6.61661
-6.62398
-6.63011
-6.63634
-6.64493
-6.66154
-6.67884
-6.69666
-6.71225
-6.72415
-6.72807
-6.72878
-6.72132
-6.709
-6.69385
-6.68162
-6.67323
-6.67004
-6.67487
-6.68611
-6.70361
-6.72779
-6.75086
-6.77447
-6.79639
-6.81014
-6.81872
-6.81759
-6.80691
-6.78635
-6.75874
-6.72284
-6.68835
-6.65491
-6.6271
-6.60929
-6.60075
-6.59917
-6.60762
-6.62207
-6.64081
-6.66245
-6.6807
-6.69899
-6.71016
-6.71796
-6.72262
-6.72204
-6.71571
-6.70527
-6.68754
-6.66538
-6.64263
-6.62201
-6.60393
-6.5894
-6.58176
-6.57745
-6.57804
-6.5837
-6.59154
-6.60252
-6.62006
-6.64329
-6.6656
-6.68732
-6.70839
-6.73022
-6.7444
-6.75544
-6.76254
-6.76415
-6.76218
-6.75358
-6.74153
-6.72725
-6.70841
-6.68786
-6.6671
-6.64673
-6.62937
-6.6141
-6.60851
-6.61033
-6.61798
-6.63574
-6.65555
-6.68108
-6.69836
-6.71097
-6.71465
-6.71414
-6.70797
-6.69927
-6.68677
-6.67343
-6.66097
-6.65095
-6.64388
-6.64007
-6.63876
-6.64114
-6.648
-6.65369
-6.66102
-6.66951
-6.67728
-6.68349
-6.68785
-6.69055
-6.69246
-6.69116
-6.69129
-6.69397
-6.69866
-6.70399
-6.70839
-6.71539
-6.71705
-6.71185
-6.69737
-6.67459
-6.64769
-6.62178
-6.59791
-6.58199
-6.57525
-6.57859
-6.5924
-6.61026
-6.6283
-6.64463
-6.65575
-6.66125
-6.66157
-6.66097
-6.66441
-6.66461
-6.66741
-6.67269
-6.679
-6.6815
-6.68294
-6.6807
-6.67713
-6.67414
-6.6647
-6.65506
-6.64606
-6.6371
-6.62924
-6.62903
-6.63459
-6.64345
-6.65555
-6.67307
-6.69071
-6.70556
-6.71648
-6.72484
-6.72959
-6.73057
-6.72684
-6.71888
-6.70548
-6.69159
-6.6759
-6.66253
-6.64632
-6.635
-6.62605
-6.61815
-6.6129
-6.61458
-6.62237
-6.63284
-6.64792
-6.66168
-6.6776
-6.69576
-6.71473
-6.73515
-6.75088
-6.76089
-6.76559
-6.75719
-6.74286
-6.7233
-6.70137
-6.68151
-6.66423
-6.65496
-6.65403
-6.65792
-6.66313
-6.66908
-6.67088
-6.66974
-6.66985
-6.66894
-6.66851
-6.67006
-6.67433
-6.67848
-6.67587
-6.66883
-6.65975
-6.65235
-6.64953
-6.6522
-6.65794
-6.66723
-6.67523
-6.68049
-6.68014
-6.67886
-6.67478
-6.66831
-6.66539
-6.66994
-6.67696
-6.68723
-6.69994
-6.71109
-6.72061
-6.72293
-6.72324
-6.71688
-6.70658
-6.69287
-6.68065
-6.66995
-6.66686
-6.66842
-6.67678
-6.69089
-6.70722
-6.72369
-6.73221
-6.73363
-6.72783
-6.7159
-6.70048
-6.68184
-6.65964
-6.6325
-6.60352
-6.57375
-6.54629
-6.52502
-6.50935
-6.50501
-6.50533
-6.51673
-6.53568
-6.55693
-6.58089
-6.60576
-6.63368
-6.65346
-6.67109
-6.68308
-6.68952
-6.69555
-6.70005
-6.70278
-6.7068
-6.71488
-6.72338
-6.73389
-6.74795
-6.75878
-6.76626
-6.77177
-6.77768
-6.78096
-6.78534
-6.79159
-6.79439
-6.79574
-6.79324
-6.78757
-6.77827
-6.76793
-6.75243
-6.73333
-6.71509
-6.69616
-6.67454
-6.65148
-6.62782
-6.60739
-6.59317
-6.58717
-6.58674
-6.58743
-6.59073
-6.59224
-6.59325
-6.59472
-6.59496
-6.59462
-6.5895
-6.58164
-6.57287
-6.56227
-6.55797
-6.55995
-6.56827
-6.58408
-6.61019
-6.6406
-6.67459
-6.71052
-6.74096
-6.76996
-6.78638
-6.79284
-6.78598
-6.77043
-6.74847
-6.71854
-6.69173
-6.66698
-6.64898
-6.64002
-6.64189
-6.64991
-6.66049
-6.67047
-6.68354
-6.69279
-6.70167
-6.70945
-6.71688
-6.71961
-6.7197
-6.71683
-6.71054
-6.70304
-6.69751
-6.69672
-6.69958
-6.70631
-6.71567
-6.72391
-6.73014
-6.73403
-6.73538
-6.73547
-6.73353
-6.73018
-6.72645
-6.719
-6.71155
-6.70751
-6.70272
-6.69782
-6.69348
-6.6888
-6.68328
-6.67605
-6.66561
-6.65329
-6.63659
-6.62043
-6.60395
-6.58858
-6.57727
-6.57583
-6.57919
-6.59069
-6.60225
-6.61196
-6.61947
-6.61915
-6.61772
-6.61913
-6.62305
-6.63298
-6.64984
-6.67085
-6.69695
-6.72386
-6.74672
-6.76801
-6.78367
-6.79468
-6.79966
-6.79817
-6.78945
-6.7686
-6.74579
-6.71944
-6.69023
-6.66214
-6.63994
-6.62603
-6.61941
-6.61933
-6.62196
-6.62753
-6.62894
-6.63473
-6.63816
-6.64304
-6.64849
-6.6499
-6.6503
-6.65197
-6.6557
-6.65687
-6.65792
-6.65772
-6.65853
-6.65606
-6.65236
-6.64977
-6.65142
-6.65703
-6.66454
-6.6732
-6.68524
-6.69922
-6.71077
-6.72247
-6.73557
-6.74636
-6.75518
-6.76204
-6.76669
-6.77051
-6.76998
-6.76519
-6.75553
-6.73953
-6.72039
-6.70328
-6.6876
-6.67624
-6.66652
-6.66235
-6.65702
-6.65247
-6.64376
-6.62835
-6.61043
-6.59039
-6.56773
-6.55025
-6.53806
-6.53105
-6.52771
-6.52858
-6.53301
-6.5375
-6.5408
-6.54643
-6.55549
-6.56467
-6.5769
-6.59126
-6.60992
-6.62799
-6.64154
-6.65709
-6.67564
-6.69636
-6.72185
-6.74879
-6.77193
-6.79016
-6.8005
-6.80083
-6.79305
-6.7784
-6.76374
-6.74638
-6.73601
-6.72974
-6.73242
-6.73539
-6.74629
-6.7588
-6.77463
-6.78708
-6.79633
-6.79789
-6.79152
-6.77528
-6.74797
-6.71056
-6.67029
-6.63336
-6.60477
-6.58194
-6.56869
-6.56665
-6.56996
-6.56992
-6.57658
-6.58574
-6.59878
-6.61516
-6.6343
-6.65371
-6.66886
-6.68121
-6.69072
-6.69513
-6.69601
-6.69387
-6.69159
-6.68588
-6.68303
-6.67978
-6.68294
-6.68502
-6.69396
-6.70445
-6.71566
-6.72899
-6.74353
-6.75059
-6.75026
-6.74668
-6.73222
-6.71288
-6.6899
-6.66906
-6.6494
-6.62872
-6.6145
-6.60391
-6.59411
-6.58556
-6.57863
-6.56969
-6.56243
-6.5567
-6.55698
-6.56934
-6.58889
-6.61565
-6.64521
-6.67101
-6.69687
-6.7158
-6.73444
-6.75606
-6.78061
-6.80752
-6.82983
-6.84464
-6.84709
-6.83651
-6.81567
-6.78478
-6.7487
-6.71713
-6.68923
-6.66906
-6.65591
-6.64892
-6.64953
-6.65009
-6.64891
-6.64299
-6.63431
-6.6234
-6.61434
-6.60638
-6.59822
-6.59752
-6.6024
-6.61255
-6.62535
-6.64057
-6.65198
-6.65893
-6.6628
-6.66533
-6.66502
-6.66244
-6.66437
-6.66307
-6.66411
-6.66637
-6.67075
-6.67323
-6.67782
-6.68667
-6.69451
-6.70322
-6.7069
-6.70464
-6.70129
-6.69289
-6.67609
-6.65747
-6.63338
-6.60859
-6.58551
-6.56741
-6.55867
-6.56307
-6.57828
-6.6
-6.63094
-6.66789
-6.70152
-6.73313
-6.76127
-6.78265
-6.79803
-6.8058
-6.8131
-6.81207
-6.80597
-6.79901
-6.79197
-6.78224
-6.769
-6.75009
-6.72806
-6.70472
-6.68043
-6.65885
-6.63917
-6.62844
-6.61942
-6.61404
-6.60897
-6.6066
-6.61064
-6.61615
-6.62509
-6.63293
-6.6459
-6.65577
-6.66049
-6.66054
-6.65433
-6.63904
-6.61548
-6.58863
-6.56193
-6.54125
-6.52818
-6.52408
-6.52836
-6.54275
-6.56366
-6.59519
-6.63245
-6.66844
-6.69924
-6.72501
-6.74192
-6.75029
-6.75361
-6.76258
-6.77249
-6.78445
-6.7992
-6.81195
-6.81969
-6.82246
-6.81829
-6.80679
-6.78957
-6.7655
-6.73502
-6.69574
-6.65553
-6.61479
-6.58378
-6.56641
-6.56739
-6.58282
-6.60182
-6.61962
-6.63649
-6.65134
-6.65789
-6.66265
-6.66345
-6.66232
-6.65927
-6.65394
-6.64877
-6.64302
-6.64266
-6.64067
-6.642
-6.64377
-6.64711
-6.64929
-6.65514
-6.65979
-6.66553
-6.67191
-6.67727
-6.6825
-6.68612
-6.68738
-6.68836
-6.6884
-6.68997
-6.69166
-6.69255
-6.69295
-6.69168
-6.68536
-6.67863
-6.66811
-6.65365
-6.63782
-6.62626
-6.61692
-6.61235
-6.6153
-6.6289
-6.64255
-6.65948
-6.67288
-6.68306
-6.68606
-6.6832
-6.67412
-6.66141
-6.64745
-6.63396
-6.62313
-6.6177
-6.61853
-6.62642
-6.64127
-6.6631
-6.68666
-6.70881
-6.73411
-6.75757
-6.77942
-6.79795
-6.81316
-6.82284
-6.82393
-6.81887
-6.80618
-6.78571
-6.75683
-6.72165
-6.68385
-6.64947
-6.62246
-6.60408
-6.59747
-6.60073
-6.61074
-6.62536
-6.64173
-6.65993
-6.67691
-6.69211
-6.70473
-6.71334
-6.71929
-6.72631
-6.73164
-6.73496
-6.73864
-6.74043
-6.73896
-6.73507
-6.72613
-6.7147
-6.69269
-6.66354
-6.62891
-6.59073
-6.55208
-6.51931
-6.49329
-6.47579
-6.46667
-6.46427
-6.47472
-6.49158
-6.51619
-6.55109
-6.58993
-6.62987
-6.66892
-6.70681
-6.73993
-6.76371
-6.77729
-6.77743
-6.77026
-6.75209
-6.72861
-6.70738
-6.69707
-6.69406
-6.69837
-6.71003
-6.72448
-6.7385
-6.74818
-6.75093
-6.74349
-6.73232
-6.72093
-6.71182
-6.70714
-6.70396
-6.70277
-6.70719
-6.71175
-6.71267
-6.71113
-6.70885
-6.70414
-6.70298
-6.71006
-6.72249
-6.73992
-6.76066
-6.77714
-6.79003
-6.79781
-6.80001
-6.79594
-6.78122
-6.75531
-6.72299
-6.68583
-6.64869
-6.61555
-6.58818
-6.57219
-6.56392
-6.56527
-6.5709
-6.5802
-6.59008
-6.59822
-6.60313
-6.60072
-6.59597
-6.58744
-6.57838
-6.57102
-6.56808
-6.57141
-6.58209
-6.59996
-6.62227
-6.64519
-6.66822
-6.68557
-6.69717
-6.70764
-6.71248
-6.7194
-6.72256
-6.71889
-6.71149
-6.70118
-6.69063
-6.67836
-6.66527
-6.65185
-6.6399
-6.63215
-6.6251
-6.62258
-6.62738
-6.63359
-6.64541
-6.66701
-6.69269
-6.72456
-6.75892
-6.79468
-6.82475
-6.84584
-6.85827
-6.86187
-6.85372
-6.83392
-6.80681
-6.77655
-6.7421
-6.71193
-6.68348
-6.66101
-6.64692
-6.63949
-6.63402
-6.63121
-6.62307
-6.60774
-6.58622
-6.56277
-6.54046
-6.52272
-6.51896
-6.52667
-6.54578
-6.57111
-6.59706
-6.62261
-6.64517
-6.66288
-6.67257
-6.68172
-6.68734
-6.69131
-6.69169
-6.69049
-6.69041
-6.69106
-6.69447
-6.70427
-6.71555
-6.72842
-6.73945
-6.74855
-6.74801
-6.73882
-6.72298
-6.70652
-6.68925
-6.67869
-6.6737
-6.67259
-6.67614
-6.68119
-6.68302
-6.68037
-6.67033
-6.65586
-6.63976
-6.6254
-6.61451
-6.61382
-6.62205
-6.63538
-6.65187
-6.6653
-6.67592
-6.68073
-6.68019
-6.67571
-6.67163
-6.66367
-6.66069
-6.66231
-6.67289
-6.69079
-6.70981
-6.72888
-6.74398
-6.75283
-6.75677
-6.75587
-6.75005
-6.73929
-6.72773
-6.71011
-6.69108
-6.67028
-6.65199
-6.63362
-6.62217
-6.61338
-6.60956
-6.60916
-6.61543
-6.62858
-6.64523
-6.6655
-6.6874
-6.70967
-6.72708
-6.73546
-6.73615
-6.72835
-6.71086
-6.68714
-6.65893
-6.63261
-6.60915
-6.59492
-6.58995
-6.59429
-6.60767
-6.6267
-6.65373
-6.68509
-6.71192
-6.74107
-6.76488
-6.77938
-6.7871
-6.78211
-6.76672
-6.74626
-6.71942
-6.69504
-6.67201
-6.6546
-6.64444
-6.64524
-6.65147
-6.66617
-6.68221
-6.69601
-6.70359
-6.70259
-6.69898
-6.68727
-6.66966
-6.64343
-6.61772
-6.59018
-6.5646
-6.54332
-6.52689
-6.51591
-6.5114
-6.51396
-6.52004
-6.53037
-6.54533
-6.56227
-6.58233
-6.6065
-6.62894
-6.64853
-6.66505
-6.68446
-6.69777
-6.71455
-6.72613
-6.73948
-6.74782
-6.75446
-6.7526
-6.74704
-6.73851
-6.72811
-6.71705
-6.70588
-6.70188
-6.70154
-6.70361
-6.7054
-6.70384
-6.69795
-6.69359
-6.69025
-6.68285
-6.67967
-6.68044
-6.68069
-6.68496
-6.68995
-6.69494
-6.7021
-6.70442
-6.70444
-6.70075
-6.69307
-6.68565
-6.67493
-6.66627
-6.66374
-6.66991
-6.67887
-6.69494
-6.71252
-6.72486
-6.73621
-6.74233
-6.7379
-6.72887
-6.71541
-6.69136
-6.66847
-6.65338
-6.64028
-6.628
-6.61994
-6.60993
-6.59694
-6.5831
-6.56642
-6.55167
-6.54333
-6.53927
-6.5475
-6.56628
-6.59361
-6.62756
-6.66513
-6.70546
-6.74107
-6.77141
-6.79519
-6.81158
-6.81915
-6.81791
-6.81167
-6.79703
-6.77397
-6.74818
-6.72144
-6.6931
-6.6651
-6.63813
-6.61583
-6.60125
-6.59408
-6.59352
-6.60081
-6.6116
-6.62885
-6.6506
-6.67247
-6.69101
-6.70483
-6.71445
-6.71883
-6.71975
-6.71874
-6.71649
-6.71286
-6.70851
-6.7052
-6.6988
-6.68919
-6.68073
-6.67278
-6.66462
-6.65868
-6.65675
-6.65414
-6.65623
-6.66311
-6.67278
-6.68215
-6.68965
-6.69248
-6.6908
-6.68851
-6.68512
-6.68268
-6.68179
-6.67974
-6.67768
-6.67166
-6.66651
-6.66502
-6.66873
-6.68066
-6.69148
-6.70043
-6.70717
-6.70576
-6.69591
-6.67832
-6.65725
-6.63562
-6.61411
-6.5982
-6.5879
-6.58097
-6.5757
-6.57207
-6.56981
-6.56739
-6.56551
-6.56373
-6.56548
-6.56903
-6.57678
-6.59103
-6.61114
-6.64696
-6.68573
-6.72532
-6.76
-6.78919
-6.80493
-6.81139
-6.81268
-6.80749
-6.80013
-6.79564
-6.7875
-6.7776
-6.76593
-6.74872
-6.72656
-6.69689
-6.66545
-6.63018
-6.59342
-6.55654
-6.52428
-6.49991
-6.48415
-6.48115
-6.48823
-6.5023
-6.52731
-6.55662
-6.58838
-6.62173
-6.65803
-6.6912
-6.72203
-6.74602
-6.76797
-6.7808
-6.78997
-6.79197
-6.78515
-6.77286
-6.75907
-6.74212
-6.72834
-6.7176
-6.71161
-6.70572
-6.70532
-6.71237
-6.72069
-6.72944
-6.72986
-6.72437
-6.70683
-6.68193
-6.65079
-6.61523
-6.58369
-6.55963
-6.54656
-6.54897
-6.56163
-6.58382
-6.60958
-6.63749
-6.66536
-6.69164
-6.71543
-6.73152
-6.74312
-6.74887
-6.74888
-6.74452
-6.73757
-6.72759
-6.7136
-6.69856
-6.68301
-6.66852
-6.65682
-6.64862
-6.64317
-6.64328
-6.64379
-6.64356
-6.64751
-6.65075
-6.65286
-6.655
-6.6548
-6.65379
-6.64928
-6.64439
-6.63675
-6.6268
-6.622
-6.62195
-6.62773
-6.63872
-6.65391
-6.67042
-6.68748
-6.70199
-6.71417
-6.72261
-6.72341
-6.72285
-6.72172
-6.71593
-6.70888
-6.70274
-6.69688
-6.68463
-6.6717
-6.65538
-6.63984
-6.62615
-6.61401
-6.60784
-6.61073
-6.62734
-6.65239
-6.68788
-6.72827
-6.76567
-6.7945
-6.80885
-6.81561
-6.80378
-6.77677
-6.73603
-6.6885
-6.63755
-6.5932
-6.56231
-6.5461
-6.54791
-6.56457
-6.59354
-6.62314
-6.65327
-6.68035
-6.70044
-6.71462
-6.7231
-6.72574
-6.72528
-6.72289
-6.7227
-6.72263
-6.72212
-6.72243
-6.72399
-6.72283
-6.71854
-6.71219
-6.70333
-6.69286
-6.67214
-6.6529
-6.63679
-6.62367
-6.61679
-6.61884
-6.62763
-6.6408
-6.65541
-6.66902
-6.68055
-6.68704
-6.69026
-6.68791
-6.684
-6.67652
-6.66271
-6.64857
-6.63044
-6.61242
-6.59922
-6.59311
-6.59635
-6.60914
-6.63089
-6.66072
-6.69235
-6.72091
-6.74325
-6.75253
-6.75135
-6.74032
-6.72051
-6.69771
-6.68156
-6.67379
-6.67202
-6.67354
-6.67691
-6.68277
-6.68771
-6.69612
-6.70443
-6.71293
-6.71853
-6.7242
-6.72899
-6.73202
-6.73353
-6.73695
-6.73879
-6.73951
-6.74201
-6.74696
-6.75109
-6.7593
-6.76491
-6.76359
-6.75563
-6.73787
-6.71304
-6.68181
-6.64741
-6.61609
-6.5896
-6.57107
-6.5621
-6.56134
-6.57065
-6.58691
-6.60929
-6.63611
-6.66303
-6.69339
-6.71735
-6.73523
-6.74047
-6.73775
-6.72316
-6.6982
-6.66315
-6.62585
-6.58851
-6.55283
-6.52722
-6.50992
-6.50477
-6.51104
-6.53012
-6.55619
-6.58464
-6.61463
-6.64567
-6.67182
-6.69692
-6.71785
-6.73697
-6.75381
-6.76641
-6.77561
-6.77866
-6.77536
-6.76512
-6.75225
-6.73564
-6.71766
-6.69421
-6.66815
-6.64265
-6.61798
-6.5957
-6.5814
-6.57824
-6.58212
-6.59669
-6.61646
-6.64365
-6.67173
-6.6971
-6.71633
-6.73085
-6.73833
-6.73762
-6.73071
-6.71516
-6.69457
-6.67274
-6.65028
-6.62736
-6.61124
-6.60129
-6.60173
-6.60759
-6.61843
-6.63516
-6.65428
-6.67002
-6.67925
-6.67964
-6.6693
-6.65468
-6.63676
-6.61632
-6.6018
-6.60113
-6.61177
-6.63201
-6.6583
-6.68633
-6.71056
-6.72857
-6.74188
-6.75
-6.75388
-6.76165
-6.76535
-6.77048
-6.77995
-6.78256
-6.78575
-6.78291
-6.77167
-6.75265
-6.7287
-6.70219
-6.67497
-6.64523
-6.62233
-6.60582
-6.59647
-6.59595
-6.6012
-6.6103
-6.62426
-6.63662
-6.6456
-6.65469
-6.65876
-6.66287
-6.66668
-6.6662
-6.66797
-6.67308
-6.67763
-6.68343
-6.69257
-6.70273
-6.71646
-6.73183
-6.74663
-6.7594
-6.76759
-6.7711
-6.77034
-6.76681
-6.76019
-6.75061
-6.73944
-6.72635
-6.70989
-6.68722
-6.66476
-6.63505
-6.60419
-6.5749
-6.55086
-6.536
-6.53385
-6.53965
-6.5521
-6.56623
-6.58436
-6.60376
-6.61987
-6.63074
-6.6402
-6.64917
-6.65594
-6.66313
-6.67098
-6.68013
-6.68764
-6.69114
-6.68887
-6.68482
-6.68183
-6.67738
-6.67559
-6.67604
-6.68179
-6.68925
-6.69722
-6.71162
-6.72477
-6.73367
-6.74194
-6.74193
-6.73205
-6.71285
-6.68937
-6.66469
-6.64249
-6.62705
-6.61832
-6.61551
-6.61536
-6.62177
-6.62791
-6.63981
-6.65211
-6.66997
-6.68939
-6.7077
-6.72438
-6.73315
-6.73478
-6.72801
-6.71749
-6.70505
-6.69306
-6.68461
-6.67979
-6.67777
-6.68125
-6.6886
-6.69746
-6.70441
-6.71027
-6.71577
-6.71655
-6.71505
-6.71271
-6.70977
-6.70569
-6.70229
-6.69899
-6.6971
-6.69738
-6.70072
-6.70576
-6.70868
-6.70911
-6.70577
-6.70159
-6.69383
-6.68556
-6.67669
-6.66655
-6.65508
-6.64014
-6.62275
-6.60768
-6.59293
-6.58277
-6.57919
-6.58294
-6.59143
-6.6016
-6.61477
-6.62824
-6.64514
-6.65884
-6.66895
-6.67679
-6.68137
-6.68517
-6.68666
-6.68884
-6.68942
-6.68966
-6.68401
-6.67925
-6.67317
-6.66842
-6.66206
-6.65925
-6.66399
-6.66953
-6.68196
-6.6962
-6.71017
-6.72735
-6.73934
-6.74935
-6.75008
-6.74502
-6.73531
-6.71924
-6.69844
-6.67399
-6.64509
-6.61805
-6.59588
-6.5784
-6.57008
-6.56924
-6.57264
-6.58267
-6.59834
-6.61974
-6.63931
-6.66289
-6.68558
-6.70479
-6.71956
-6.72969
-6.73326
-6.72665
-6.72151
-6.70773
-6.68988
-6.67435
-6.65941
-6.64605
-6.63613
-6.63224
-6.63197
-6.63671
-6.64653
-6.6572
-6.67169
-6.68792
-6.70566
-6.72434
-6.73557
-6.74917
-6.7591
-6.76803
-6.77466
-6.78316
-6.79025
-6.79291
-6.79354
-6.78956
-6.77942
-6.76418
-6.74482
-6.72336
-6.6988
-6.67694
-6.65529
-6.63101
-6.60551
-6.58257
-6.56296
-6.55047
-6.54452
-6.54627
-6.5562
-6.56933
-6.5842
-6.59591
-6.60567
-6.61195
-6.60974
-6.61096
-6.60979
-6.61318
-6.61942
-6.63195
-6.64501
-6.66245
-6.68049
-6.697
-6.71091
-6.71974
-6.72103
-6.72476
-6.72421
-6.71993
-6.71061
-6.69903
-6.68349
-6.67247
-6.66404
-6.65993
-6.66127
-6.66767
-6.67767
-6.69139
-6.70387
-6.71341
-6.72163
-6.72674
-6.72578
-6.71594
-6.69732
-6.67524
-6.64695
-6.61636
-6.58691
-6.56076
-6.54285
-6.54094
-6.54784
-6.56806
-6.59471
-6.62814
-6.65862
-6.68795
-6.71701
-6.74248
-6.761
-6.77598
-6.78202
-6.78347
-6.77658
-6.76842
-6.75393
-6.73905
-6.72366
-6.707
-6.68563
-6.66309
-6.64371
-6.62526
-6.61803
-6.61839
-6.62798
-6.64278
-6.65929
-6.67033
-6.67757
-6.67796
-6.67349
-6.66267
-6.65199
-6.63529
-6.62066
-6.60994
-6.602
-6.59882
-6.60219
-6.61481
-6.63543
-6.66147
-6.69264
-6.72186
-6.74815
-6.76254
-6.77038
-6.76748
-6.7528
-6.72491
-6.6941
-6.65829
-6.62689
-6.60681
-6.5996
-6.60457
-6.62183
-6.64558
-6.66959
-6.69369
-6.7114
-6.71867
-6.71666
-6.70602
-6.69015
-6.66934
-6.65247
-6.63854
-6.62757
-6.62191
-6.62304
-6.62799
-6.63767
-6.64474
-6.64962
-6.64952
-6.64483
-6.63668
-6.62068
-6.60544
-6.58656
-6.57078
-6.56148
-6.56515
-6.58139
-6.60721
-6.64546
-6.68905
-6.73113
-6.76986
-6.79699
-6.81683
-6.82221
-6.8218
-6.80917
-6.79129
-6.77015
-6.74444
-6.71771
-6.69472
-6.6768
-6.66416
-6.65885
-6.65875
-6.66325
-6.67315
-6.68206
-6.68907
-6.68898
-6.68763
-6.68128
-6.67493
-6.66864
-6.66644
-6.66352
-6.6602
-6.66047
-6.66114
-6.66108
-6.66068
-6.66013
-6.65522
-6.6493
-6.6435
-6.64009
-6.63895
-6.64003
-6.64302
-6.64961
-6.65477
-6.66026
-6.66785
-6.67383
-6.68062
-6.68347
-6.68471
-6.68623
-6.68238
-6.68205
-6.68593
-6.69063
-6.69444
-6.6973
-6.69706
-6.69794
-6.69963
-6.70304
-6.70626
-6.70521
-6.70272
-6.69861
-6.69404
-6.69436
-6.69734
-6.70734
-6.71978
-6.73335
-6.74778
-6.76028
-6.76776
-6.76485
-6.75368
-6.7376
-6.71617
-6.69471
-6.67319
-6.6602
-6.65025
-6.64988
-6.65419
-6.66421
-6.67428
-6.68384
-6.68574
-6.67707
-6.65716
-6.62769
-6.59119
-6.55536
-6.52231
-6.49735
-6.48715
-6.49128
-6.51297
-6.55183
-6.60431
-6.66019
-6.71561
-6.75802
-6.7871
-6.80023
-6.79935
-6.79107
-6.77965
-6.76648
-6.75541
-6.75115
-6.75137
-6.75518
-6.75958
-6.76921
-6.7747
-6.77767
-6.77921
-6.77341
-6.76421
-6.75022
-6.73168
-6.70896
-6.68356
-6.65322
-6.62404
-6.59357
-6.56681
-6.54534
-6.53116
-6.53021
-6.54057
-6.56421
-6.59777
-6.63484
-6.66737
-6.69665
-6.71921
-6.7313
-6.73222
-6.72687
-6.71516
-6.70182
-6.68462
-6.66764
-6.65052
-6.63767
-6.62909
-6.62441
-6.62021
-6.62253
-6.62802
-6.6372
-6.64783
-6.65676
-6.66016
-6.66328
-6.66397
-6.65966
-6.65394
-6.64585
-6.64075
-6.6396
-6.642
-6.64933
-6.66044
-6.67543
-6.68695
-6.69361
-6.69709
-6.69763
-6.69058
-6.67918
-6.66215
-6.64032
-6.62
-6.60051
-6.58307
-6.57459
-6.57527
-6.58454
-6.60137
-6.6226
-6.64327
-6.66302
-6.68265
-6.69414
-6.70232
-6.7017
-6.69346
-6.68347
-6.67179
-6.66146
-6.65072
-6.64886
-6.64758
-6.6522
-6.65949
-6.67008
-6.68017
-6.69384
-6.70552
-6.71347
-6.72229
-6.72434
-6.72277
-6.71837
-6.70704
-6.69778
-6.68689
-6.67843
-6.67269
-6.6657
-6.65986
-6.65166
-6.64402
-6.64214
-6.64
-6.6368
-6.63565
-6.63279
-6.62846
-6.62953
-6.62979
-6.637
-6.64435
-6.65364
-6.66437
-6.67133
-6.67498
-6.67288
-6.66889
-6.66162
-6.66061
-6.66047
-6.66086
-6.65959
-6.65644
-6.65467
-6.65012
-6.64533
-6.64498
-6.64525
-6.65111
-6.66118
-6.67148
-6.68636
-6.70046
-6.7155
-6.72924
-6.73841
-6.74058
-6.73534
-6.72555
-6.70975
-6.68853
-6.67099
-6.65679
-6.64874
-6.64636
-6.65081
-6.65889
-6.67104
-6.68766
-6.7059
-6.72318
-6.73673
-6.74553
-6.74606
-6.73928
-6.72691
-6.70722
-6.68142
-6.65757
-6.63356
-6.61781
-6.60718
-6.60753
-6.61029
-6.61388
-6.61888
-6.62309
-6.62837
-6.63345
-6.64314
-6.64816
-6.65723
-6.66437
-6.66866
-6.67207
-6.67405
-6.67394
-6.6722
-6.67035
-6.6689
-6.66986
-6.67537
-6.67993
-6.68977
-6.69825
-6.70318
-6.70336
-6.70096
-6.69324
-6.68292
-6.66872
-6.65479
-6.64238
-6.63402
-6.62844
-6.63155
-6.63538
-6.64316
-6.65239
-6.66371
-6.67433
-6.68064
-6.68795
-6.68661
-6.68421
-6.67392
-6.665
-6.65467
-6.64825
-6.64467
-6.64758
-6.65427
-6.66374
-6.67455
-6.68384
-6.68912
-6.68918
-6.68454
-6.67456
-6.66279
-6.65058
-6.64154
-6.6396
-6.63947
-6.64048
-6.64217
-6.64338
-6.642
-6.63527
-6.63601
-6.64005
-6.64996
-6.666
-6.68721
-6.70797
-6.72565
-6.73821
-6.74382
-6.74191
-6.73243
-6.71546
-6.69341
-6.67083
-6.65017
-6.63061
-6.61765
-6.61008
-6.60805
-6.60951
-6.61434
-6.62156
-6.63106
-6.64262
-6.65472
-6.6671
-6.67877
-6.69111
-6.70047
-6.70915
-6.71905
-6.73188
-6.74394
-6.75863
-6.77192
-6.78471
-6.79306
-6.7954
-6.79097
-6.77528
-6.7538
-6.72679
-6.69876
-6.67042
-6.64744
-6.62947
-6.61552
-6.60645
-6.59947
-6.59729
-6.60324
-6.61925
-6.64073
-6.66419
-6.68639
-6.69993
-6.70383
-6.69525
-6.6809
-6.66361
-6.64295
-6.62989
-6.62036
-6.61655
-6.62059
-6.62451
-6.62954
-6.6325
-6.63091
-6.63257
-6.641
-6.65321
-6.67239
-6.69249
-6.70947
-6.72185
-6.73148
-6.74136
-6.74917
-6.75515
-6.76221
-6.77019
-6.77643
-6.78125
-6.78069
-6.77608
-6.76269
-6.75069
-6.72924
-6.70918
-6.6902
-6.67588
-6.66467
-6.65947
-6.65485
-6.64962
-6.64432
-6.64261
-6.64297
-6.64632
-6.6509
-6.65316
-6.65094
-6.6488
-6.64404
-6.63708
-6.6301
-6.62321
-6.62055
-6.61993
-6.62001
-6.62479
-6.62926
-6.63527
-6.64822
-6.66145
-6.67426
-6.68707
-6.69827
-6.70724
-6.70984
-6.71061
-6.70685
-6.69777
-6.68526
-6.67232
-6.65373
-6.63572
-6.62105
-6.61006
-6.61123
-6.62108
-6.63749
-6.65912
-6.68279
-6.70419
-6.72137
-6.73061
-6.73195
-6.72763
-6.71516
-6.6958
-6.6738
-6.6566
-6.64136
-6.63118
-6.62643
-6.62438
-6.62581
-6.6279
-6.63219
-6.64019
-6.64619
-6.65287
-6.65959
-6.66901
-6.68057
-6.69013
-6.70232
-6.71597
-6.73115
-6.7463
-6.75697
-6.76521
-6.76815
-6.76663
-6.76106
-6.7543
-6.74388
-6.73052
-6.71639
-6.69799
-6.6792
-6.65853
-6.63446
-6.60883
-6.585
-6.56526
-6.55307
-6.55124
-6.55574
-6.57138
-6.59244
-6.61941
-6.64886
-6.67517
-6.69614
-6.71319
-6.72089
-6.72343
-6.72073
-6.71341
-6.70607
-6.69981
-6.69296
-6.68593
-6.67283
-6.65936
-6.64279
-6.62866
-6.61336
-6.60348
-6.59889
-6.59599
-6.5977
-6.60408
-6.61081
-6.61731
-6.62086
-6.62775
-6.63256
-6.63835
-6.64432
-6.65306
-6.66327
-6.6739
-6.68383
-6.69414
-6.70587
-6.71734
-6.72832
-6.7424
-6.75655
-6.76515
-6.77081
-6.76588
-6.75581
-6.73465
-6.70867
-6.68127
-6.66208
-6.64938
-6.64878
-6.65351
-6.66253
-6.6735
-6.68747
-6.69579
-6.70444
-6.70764
-6.70453
-6.69379
-6.67736
-6.65752
-6.63964
-6.62577
-6.6193
-6.62535
-6.63642
-6.65427
-6.67409
-6.69312
-6.70831
-6.72134
-6.72528
-6.71805
-6.70294
-6.68125
-6.65528
-6.62573
-6.6
-6.57872
-6.56423
-6.55823
-6.55803
-6.56854
-6.58798
-6.61021
-6.63484
-6.66001
-6.68168
-6.69901
-6.70984
-6.71287
-6.71299
-6.71108
-6.70752
-6.70503
-6.70482
-6.70131
-6.69784
-6.69724
-6.69445
-6.69225
-6.69069
-6.692
-6.69171
-6.69111
-6.68751
-6.68713
-6.6825
-6.68162
-6.68304
-6.68251
-6.68152
-6.68281
-6.68652
-6.69015
-6.69582
-6.70638
-6.7172
-6.72834
-6.73927
-6.74746
-6.75254
-6.75164
-6.74526
-6.7343
-6.72395
-6.70914
-6.692
-6.67581
-6.65934
-6.64395
-6.63213
-6.62256
-6.6148
-6.60985
-6.61045
-6.61411
-6.62371
-6.63798
-6.65752
-6.67692
-6.69426
-6.70975
-6.7169
-6.71984
-6.71512
-6.70128
-6.68257
-6.66166
-6.6397
-6.62311
-6.61044
-6.60611
-6.60656
-6.60983
-6.61796
-6.62659
-6.63757
-6.65124
-6.66656
-6.6843
-6.70353
-6.72112
-6.73173
-6.73515
-6.73282
-6.71966
-6.70092
-6.6764
-6.65255
-6.63237
-6.62203
-6.61896
-6.62515
-6.63655
-6.64804
-6.66385
-6.6779
-6.69068
-6.69848
-6.70391
-6.71003
-6.71541
-6.724
-6.73699
-6.75219
-6.76815
-6.78415
-6.79268
-6.7919
-6.77928
-6.75654
-6.7202
-6.67959
-6.63713
-6.59603
-6.56674
-6.55065
-6.54912
-6.56144
-6.58592
-6.61302
-6.64022
-6.66669
-6.68954
-6.70553
-6.70813
-6.70174
-6.6857
-6.66295
-6.63489
-6.60975
-6.59251
-6.58163
-6.58435
-6.59845
-6.6196
-6.64283
-6.668
-6.69137
-6.71027
-6.72133
-6.72405
-6.71583
-6.69835
-6.6711
-6.64282
-6.6107
-6.58605
-6.5671
-6.56287
-6.57046
-6.58616
-6.61379
-6.64487
-6.67895
-6.71192
-6.73921
-6.7635
-6.78354
-6.79443
-6.80077
-6.79633
-6.78855
-6.77781
-6.76486
-6.75282
-6.7439
-6.73341
-6.72659
-6.72008
-6.71642
-6.71185
-6.70926
-6.70834
-6.71139
-6.71176
-6.71243
-6.70886
-6.70266
-6.6923
-6.67784
-6.66397
-6.65638
-6.65056
-6.65155
-6.65795
-6.66628
-6.66992
-6.67079
-6.66548
-6.65687
-6.64338
-6.62689
-6.60904
-6.5901
-6.57657
-6.56629
-6.56427
-6.56554
-6.57033
-6.57712
-6.5874
-6.59845
-6.61003
-6.61974
-6.62966
-6.63779
-6.64483
-6.65346
-6.66457
-6.6795
-6.69373
-6.70592
-6.71419
-6.71592
-6.71778
-6.71544
-6.71161
-6.70864
-6.70607
-6.70666
-6.70859
-6.71654
-6.72653
-6.73674
-6.74314
-6.74502
-6.74182
-6.73327
-6.71738
-6.7026
-6.68968
-6.68325
-6.67773
-6.67448
-6.6752
-6.67506
-6.67371
-6.6724
-6.66951
-6.66528
-6.66077
-6.65822
-6.65847
-6.65856
-6.65772
-6.65809
-6.65541
-6.65344
-6.64723
-6.64295
-6.64128
-6.64762
-6.65865
-6.67371
-6.69487
-6.71636
-6.73547
-6.74888
-6.75535
-6.75134
-6.73782
-6.71476
-6.68837
-6.66046
-6.63225
-6.60756
-6.58943
-6.57885
-6.57535
-6.57704
-6.58126
-6.58773
-6.59382
-6.59763
-6.60341
-6.61031
-6.61884
-6.63479
-6.65411
-6.6837
-6.71581
-6.7469
-6.77807
-6.8025
-6.81746
-6.81908
-6.80656
-6.78321
-6.74857
-6.70796
-6.67229
-6.64187
-6.6251
-6.62206
-6.63186
-6.65084
-6.67894
-6.71043
-6.73906
-6.76372
-6.77829
-6.78493
-6.78258
-6.76741
-6.74286
-6.71484
-6.6793
-6.64126
-6.60218
-6.56571
-6.5341
-6.51159
-6.49871
-6.49539
-6.50319
-6.52059
-6.54744
-6.58201
-6.61918
-6.6543
-6.68856
-6.71654
-6.73684
-6.74328
-6.74228
-6.73029
-6.71217
-6.68804
-6.6612
-6.6366
-6.61558
-6.59837
-6.58724
-6.5816
-6.5814
-6.58621
-6.59747
-6.61289
-6.63022
-6.6509
-6.67016
-6.68823
-6.70218
-6.70861
-6.71099
-6.70726
-6.6985
-6.68955
-6.68153
-6.67582
-6.67492
-6.67826
-6.68538
-6.69392
-6.70488
-6.71965
-6.72986
-6.73951
-6.74555
-6.75314
-6.75654
-6.75861
-6.75948
-6.75952
-6.7582
-6.7548
-6.75185
-6.74342
-6.73523
-6.72559
-6.71512
-6.70558
-6.69081
-6.67212
-6.65099
-6.62841
-6.60925
-6.59034
-6.57101
-6.55758
-6.54692
-6.54206
-6.54099
-6.54714
-6.56023
-6.57755
-6.59954
-6.6217
-6.64397
-6.66378
-6.6804
-6.69366
-6.70351
-6.70718
-6.70666
-6.69968
-6.69067
-6.68251
-6.67581
-6.67067
-6.6659
-6.6671
-6.66642
-6.66858
-6.67514
-6.68428
-6.69523
-6.70963
-6.72818
-6.7493
-6.77068
-6.78763
-6.799
-6.80041
-6.78967
-6.76422
-6.72593
-6.6792
-6.62815
-6.57562
-6.52923
-6.49898
-6.4881
-6.4941
-6.51393
-6.54758
-6.58506
-6.62296
-6.6615
-6.69018
-6.71262
-6.72342
-6.72652
-6.7235
-6.71674
-6.70611
-6.69722
-6.6849
-6.67251
-6.65983
-6.65345
-6.6525
-6.65672
-6.66314
-6.67457
-6.68882
-6.70451
-6.71876
-6.7313
-6.74091
-6.74959
-6.75744
-6.76359
-6.76702
-6.77036
-6.76865
-6.76207
-6.75368
-6.73883
-6.71985
-6.69608
-6.66796
-6.64147
-6.61558
-6.59072
-6.57012
-6.55974
-6.55842
-6.56395
-6.58057
-6.60274
-6.63122
-6.6629
-6.68992
-6.71513
-6.73168
-6.74174
-6.74044
-6.73326
-6.72078
-6.70475
-6.68629
-6.66728
-6.64633
-6.62872
-6.6151
-6.60571
-6.6037
-6.61486
-6.63362
-6.66118
-6.68725
-6.71369
-6.73301
-6.74349
-6.74916
-6.74721
-6.74254
-6.73427
-6.72057
-6.70624
-6.69183
-6.67858
-6.6655
-6.65586
-6.65063
-6.64275
-6.63743
-6.6309
-6.6222
-6.61869
-6.61809
-6.62108
-6.63388
-6.64647
-6.66317
-6.6759
-6.68026
-6.67928
-6.66849
-6.65343
-6.63529
-6.6183
-6.60798
-6.60348
-6.60692
-6.61446
-6.6323
-6.65469
-6.68004
-6.70786
-6.73295
-6.75261
-6.7655
-6.77482
-6.77916
-6.77606
-6.77132
-6.76302
-6.75349
-6.74339
-6.73239
-6.72345
-6.71339
-6.69967
-6.68641
-6.66871
-6.64917
-6.63096
-6.61493
-6.60283
-6.59053
-6.58275
-6.58014
-6.5802
-6.58355
-6.59744
-6.618
-6.64592
-6.68155
-6.71936
-6.75645
-6.78706
-6.80819
-6.82199
-6.82446
-6.81377
-6.78945
-6.75868
-6.72322
-6.68653
-6.65653
-6.63047
-6.60915
-6.58958
-6.57699
-6.56694
-6.56384
-6.56455
-6.56895
-6.57748
-6.58776
-6.59579
-6.60571
-6.61793
-6.6319
-6.65273
-6.67515
-6.69602
-6.71153
-6.72048
-6.72224
-6.72408
-6.72221
-6.71982
-6.72244
-6.73089
-6.74073
-6.75365
-6.76623
-6.77129
-6.77152
-6.76773
-6.76046
-6.74613
-6.73171
-6.71339
-6.69931
-6.68378
-6.67658
-6.6728
-6.67556
-6.67715
-6.67854
-6.6765
-6.66682
-6.65427
-6.63247
-6.61013
-6.58945
-6.57411
-6.57169
-6.57637
-6.58835
-6.60316
-6.61972
-6.63349
-6.64486
-6.65639
-6.66411
-6.66733
-6.67242
-6.67666
-6.68399
-6.6968
-6.71371
-6.73173
-6.75067
-6.76762
-6.77699
-6.77651
-6.76702
-6.74988
-6.73039
-6.70791
-6.68558
-6.6643
-6.64562
-6.63044
-6.61557
-6.60119
-6.58743
-6.57362
-6.56388
-6.5564
-6.55355
-6.54939
-6.55048
-6.55565
-6.56049
-6.56553
-6.5717
-6.57681
-6.5843
-6.58972
-6.60123
-6.61731
-6.63851
-6.66603
-6.69896
-6.73428
-6.77445
-6.81016
-6.84146
-6.86434
-6.87729
-6.88227
-6.87549
-6.85609
-6.83063
-6.79597
-6.75861
-6.72001
-6.68386
-6.65839
-6.64081
-6.63259
-6.63352
-6.64204
-6.65204
-6.66112
-6.66939
-6.67218
-6.67214
-6.66498
-6.6527
-6.63634
-6.61759
-6.59461
-6.57028
-6.54809
-6.53364
-6.52633
-6.52547
-6.5383
-6.55488
-6.57709
-6.60269
-6.63073
-6.6587
-6.68019
-6.69727
-6.71106
-6.72104
-6.72671
-6.73131
-6.73625
-6.73919
-6.73876
-6.73808
-6.73319
-6.72733
-6.72216
-6.72512
-6.73093
-6.74109
-6.75112
-6.75725
-6.75586
-6.74479
-6.72702
-6.71046
-6.69646
-6.68525
-6.68132
-6.68701
-6.69812
-6.71041
-6.72385
-6.7303
-6.73193
-6.73122
-6.72448
-6.71724
-6.70908
-6.70268
-6.69562
-6.68746
-6.67495
-6.65966
-6.64084
-6.62112
-6.60678
-6.59713
-6.58659
-6.58093
-6.58347
-6.59018
-6.60192
-6.6137
-6.62856
-6.64416
-6.66309
-6.68058
-6.69707
-6.71177
-6.71593
-6.71449
-6.70634
-6.69276
-6.67835
-6.66009
-6.64475
-6.63484
-6.62838
-6.6285
-6.6374
-6.64791
-6.66094
-6.67534
-6.68813
-6.69943
-6.70552
-6.70624
-6.70254
-6.69759
-6.68947
-6.68383
-6.67684
-6.66922
-6.66402
-6.66021
-6.65835
-6.65922
-6.66548
-6.6691
-6.6723
-6.67446
-6.67249
-6.66603
-6.66268
-6.65963
-6.66447
-6.66831
-6.67474
-6.68564
-6.69554
-6.70881
-6.72284
-6.7382
-6.75308
-6.76136
-6.76406
-6.76404
-6.76278
-6.76149
-6.75841
-6.75862
-6.75998
-6.75578
-6.74596
-6.73435
-6.71443
-6.69147
-6.66897
-6.64546
-6.62569
-6.61321
-6.61044
-6.61184
-6.61924
-6.62635
-6.63443
-6.64501
-6.65203
-6.65791
-6.66385
-6.6677
-6.67086
-6.67659
-6.67948
-6.68176
-6.68334
-6.68185
-6.6845
-6.68913
-6.6939
-6.70284
-6.71303
-6.71978
-6.72304
-6.7209
-6.71675
-6.70881
-6.69892
-6.68916
-6.68257
-6.68044
-6.67762
-6.67708
-6.67704
-6.67848
-6.6759
-6.66868
-6.65812
-6.64367
-6.62661
-6.60937
-6.59188
-6.57821
-6.56837
-6.56169
-6.56218
-6.56414
-6.56516
-6.566
-6.57151
-6.57976
-6.58921
-6.59877
-6.60855
-6.62219
-6.64207
-6.66343
-6.68923
-6.71387
-6.7398
-6.7612
-6.77385
-6.77784
-6.77648
-6.77162
-6.76587
-6.75898
-6.7504
-6.74561
-6.74345
-6.74411
-6.74109
-6.73911
-6.73475
-6.72713
-6.71486
-6.69724
-6.67419
-6.64647
-6.61831
-6.59698
-6.58342
-6.58384
-6.5946
-6.61564
-6.63557
-6.65378
-6.66614
-6.67127
-6.67004
-6.66252
-6.65161
-6.63977
-6.63414
-6.62931
-6.62952
-6.63383
-6.63883
-6.64509
-6.65161
-6.65715
-6.6624
-6.66581
-6.6653
-6.66377
-6.6594
-6.65755
-6.65899
-6.66033
-6.66514
-6.67
-6.67468
-6.6744
-6.66926
-6.66114
-6.65151
-6.64708
-6.65398
-6.67725
-6.70476
-6.73376
-6.75695
-6.77061
-6.77032
-6.7613
-6.74469
-6.73033
-6.71429
-6.70318
-6.69726
-6.69287
-6.69349
-6.69102
-6.68617
-6.68192
-6.67559
-6.66935
-6.66246
-6.65823
-6.65448
-6.65342
-6.6565
-6.66457
-6.67861
-6.69505
-6.71563
-6.73389
-6.74773
-6.75658
-6.76008
-6.75212
-6.73514
-6.71567
-6.69581
-6.67896
-6.66807
-6.66422
-6.6652
-6.66552
-6.66615
-6.66106
-6.64786
-6.6271
-6.60118
-6.57184
-6.54347
-6.53056
-6.53466
-6.55885
-6.59741
-6.64016
-6.67967
-6.70711
-6.72441
-6.72944
-6.72973
-6.72605
-6.71996
-6.71063
-6.70169
-6.68576
-6.67105
-6.65466
-6.64245
-6.63437
-6.6361
-6.64635
-6.65776
-6.66861
-6.67696
-6.68498
-6.68769
-6.69246
-6.69427
-6.69798
-6.70224
-6.70523
-6.70763
-6.70848
-6.70794
-6.70567
-6.70397
-6.69955
-6.69737
-6.69496
-6.69068
-6.68802
-6.68831
-6.68308
-6.67692
-6.66638
-6.65501
-6.64289
-6.63308
-6.6211
-6.61171
-6.60271
-6.59628
-6.59228
-6.59351
-6.60116
-6.61242
-6.62448
-6.64195
-6.65698
-6.67473
-6.68981
-6.70317
-6.71341
-6.72001
-6.72235
-6.72042
-6.71105
-6.69594
-6.67925
-6.66154
-6.64813
-6.63799
-6.63374
-6.63287
-6.63125
-6.62813
-6.62788
-6.62661
-6.62266
-6.62473
-6.6265
-6.63273
-6.64256
-6.65575
-6.67049
-6.68855
-6.70768
-6.72356
-6.73547
-6.74164
-6.73868
-6.73171
-6.71759
-6.70272
-6.69089
-6.68778
-6.68829
-6.68983
-6.68887
-6.68522
-6.6793
-6.67098
-6.66646
-6.66856
-6.67947
-6.6983
-6.72057
-6.74154
-6.75924
-6.76883
-6.768
-6.75986
-6.73931
-6.70907
-6.67542
-6.63487
-6.59899
-6.56784
-6.54796
-6.53676
-6.53248
-6.53392
-6.538
-6.54492
-6.55158
-6.56051
-6.56976
-6.58024
-6.59126
-6.604
-6.61811
-6.63111
-6.64907
-6.66283
-6.68043
-6.69855
-6.71288
-6.72507
-6.72993
-6.73307
-6.73527
-6.7357
-6.73688
-6.73829
-6.74156
-6.74346
-6.74017
-6.73331
-6.72528
-6.71599
-6.7042
-6.69851
-6.69394
-6.69113
-6.69261
-6.69274
-6.69294
-6.69287
-6.6911
-6.68639
-6.67967
-6.66907
-6.65388
-6.63701
-6.61873
-6.60105
-6.58566
-6.57249
-6.56891
-6.57563
-6.59074
-6.61359
-6.63946
-6.66607
-6.68827
-6.70778
-6.71722
-6.72063
-6.71836
-6.70933
-6.69749
-6.67762
-6.65254
-6.62585
-6.60354
-6.58811
-6.58371
-6.58634
-6.59567
-6.61054
-6.62753
-6.64666
-6.66193
-6.67438
-6.68574
-6.69628
-6.70011
-6.70302
-6.7038
-6.70558
-6.70725
-6.71228
-6.71389
-6.71326
-6.7094
-6.70288
-6.69605
-6.6913
-6.6846
-6.68571
-6.68999
-6.69717
-6.70301
-6.70683
-6.70218
-6.69251
-6.68082
-6.66332
-6.64532
-6.62273
-6.59899
-6.58149
-6.56506
-6.55315
-6.5509
-6.55813
-6.57827
-6.60619
-6.63727
-6.6712
-6.70226
-6.72872
-6.74684
-6.75015
-6.74176
-6.72278
-6.69811
-6.67434
-6.65569
-6.64284
-6.63962
-6.63918
-6.64077
-6.6399
-6.63762
-6.63649
-6.63802
-6.64437
-6.65346
-6.66782
-6.6814
-6.69305
-6.69817
-6.69671
-6.68952
-6.67393
-6.65658
-6.64199
-6.63177
-6.62903
-6.63599
-6.64943
-6.6695
-6.69268
-6.71326
-6.73312
-6.74508
-6.75027
-6.74815
-6.73959
-6.72477
-6.71118
-6.69385
-6.67553
-6.65731
-6.64329
-6.63073
-6.62763
-6.63335
-6.64593
-6.66508
-6.6869
-6.70644
-6.71801
-6.72332
-6.71982
-6.71178
-6.70103
-6.68714
-6.67372
-6.65747
-6.64425
-6.63057
-6.6175
-6.60637
-6.59616
-6.59013
-6.58735
-6.59421
-6.60395
-6.62186
-6.64067
-6.65962
-6.67973
-6.69528
-6.70427
-6.70488
-6.7004
-6.69285
-6.68433
-6.68215
-6.68412
-6.69364
-6.70484
-6.71613
-6.72277
-6.7268
-6.72409
-6.71793
-6.70501
-6.69432
-6.68639
-6.68007
-6.67765
-6.68062
-6.68422
-6.6912
-6.69998
-6.7125
-6.72147
-6.72966
-6.73169
-6.73185
-6.72731
-6.72391
-6.71863
-6.71774
-6.71139
-6.70124
-6.68569
-6.66118
-6.63322
-6.60889
-6.58934
-6.57523
-6.57637
-6.58984
-6.61287
-6.6428
-6.67252
-6.69952
-6.72366
-6.7419
-6.75425
-6.76203
-6.76481
-6.76289
-6.75351
-6.74109
-6.72108
-6.69643
-6.66564
-6.6326
-6.60346
-6.57255
-6.54604
-6.52793
-6.51895
-6.5222
-6.53634
-6.55881
-6.59066
-6.62102
-6.64966
-6.67121
-6.68459
-6.69473
-6.6995
-6.70277
-6.70461
-6.70852
-6.71054
-6.71005
-6.71052
-6.7056
-6.69753
-6.68401
-6.66681
-6.64736
-6.62808
-6.61525
-6.60812
-6.60787
-6.61176
-6.62393
-6.63627
-6.65104
-6.66817
-6.68532
-6.70003
-6.70984
-6.71447
-6.71231
-6.70329
-6.69509
-6.68806
-6.68268
-6.68403
-6.68724
-6.69441
-6.69931
-6.70057
-6.69261
-6.67801
-6.65613
-6.62895
-6.59514
-6.56526
-6.54322
-6.53018
-6.53112
-6.54646
-6.57511
-6.61637
-6.66616
-6.71428
-6.76059
-6.80001
-6.82863
-6.84692
-6.8531
-6.84035
-6.8173
-6.78478
-6.74599
-6.70537
-6.66821
-6.63956
-6.62352
-6.62228
-6.63213
-6.65339
-6.67847
-6.70285
-6.72221
-6.73189
-6.72848
-6.71388
-6.69235
-6.66043
-6.62268
-6.58465
-6.55137
-6.52645
-6.51394
-6.51055
-6.51807
-6.53139
-6.54927
-6.56902
-6.59394
-6.61439
-6.63473
-6.65603
-6.67623
-6.69596
-6.7132
-6.7247
-6.73177
-6.73511
-6.73489
-6.73045
-6.72196
-6.71194
-6.70078
-6.6911
-6.68245
-6.67817
-6.68005
-6.6811
-6.68267
-6.68333
-6.6816
-6.6792
-6.67381
-6.66813
-6.66588
-6.66129
-6.65327
-6.64478
-6.63785
-6.63064
-6.6261
-6.623
-6.62096
-6.622
-6.62155
-6.62674
-6.63489
-6.64372
-6.65518
-6.67048
-6.69018
-6.70746
-6.72449
-6.737
-6.7461
-6.74823
-6.74342
-6.73305
-6.71534
-6.69512
-6.6753
-6.65529
-6.63817
-6.62833
-6.6198
-6.61721
-6.62164
-6.63181
-6.64678
-6.66623
-6.6863
-6.70259
-6.71561
-6.72891
-6.73949
-6.74558
-6.74753
-6.74697
-6.73784
-6.72512
-6.71191
-6.70084
-6.69011
-6.68362
-6.67807
-6.67303
-6.67166
-6.66826
-6.66672
-6.66652
-6.67022
-6.67509
-6.67683
-6.67467
-6.66877
-6.66118
-6.65346
-6.64373
-6.63374
-6.62682
-6.62109
-6.62325
-6.62908
-6.63919
-6.65158
-6.66505
-6.67524
-6.68294
-6.68565
-6.68613
-6.68829
-6.69085
-6.69363
-6.69854
-6.70665
-6.7135
-6.71493
-6.705
-6.68607
-6.65696
-6.62229
-6.58661
-6.5557
-6.53425
-6.5257
-6.52895
-6.54279
-6.5682
-6.60192
-6.63841
-6.675
-6.71107
-6.74764
-6.7782
-6.8051
-6.82454
-6.83373
-6.83656
-6.82658
-6.81723
-6.80382
-6.78869
-6.77354
-6.75808
-6.74405
-6.72619
-6.70691
-6.6901
-6.67452
-6.6616
-6.65313
-6.65021
-6.64626
-6.64467
-6.643
-6.64224
-6.63788
-6.62909
-6.62069
-6.6094
-6.60079
-6.5997
-6.60696
-6.62443
-6.64773
-6.67217
-6.69762
-6.71808
-6.73232
-6.73852
-6.73398
-6.72659
-6.71453
-6.69921
-6.68367
-6.67193
-6.65976
-6.6493
-6.6361
-6.62274
-6.60444
-6.58422
-6.56514
-6.55257
-6.54699
-6.55235
-6.56865
-6.58943
-6.61942
-6.64963
-6.67672
-6.69782
-6.711
-6.71848
-6.71865
-6.71488
-6.70883
-6.70246
-6.69865
-6.69136
-6.68486
-6.68081
-6.67217
-6.6673
-6.66258
-6.6613
-6.66083
-6.66425
-6.6732
-6.68436
-6.69501
-6.70743
-6.72222
-6.73228
-6.73766
-6.73808
-6.73299
-6.72142
-6.70706
-6.69301
-6.68564
-6.68649
-6.69656
-6.70823
-6.72236
-6.73201
-6.73359
-6.72342
-6.70259
-6.67647
-6.65271
-6.63357
-6.62487
-6.62596
-6.63739
-6.6545
-6.67236
-6.68868
-6.70117
-6.70334
-6.6955
-6.68274
-6.66581
-6.64841
-6.63251
-6.61989
-6.61195
-6.60759
-6.60995
-6.61344
-6.62388
-6.63753
-6.65361
-6.67171
-6.69068
-6.70935
-6.72472
-6.73373
-6.73565
-6.73125
-6.72256
-6.70993
-6.69481
-6.67875
-6.66182
-6.64544
-6.6297
-6.62051
-6.61965
-6.62713
-6.63636
-6.64482
-6.64738
-6.64384
-6.63212
-6.61691
-6.59939
-6.58579
-6.57864
-6.58217
-6.59456
-6.61715
-6.64762
-6.68081
-6.71488
-6.74323
-6.76807
-6.78397
-6.79175
-6.78955
-6.77911
-6.75781
-6.73327
-6.70831
-6.68535
-6.66723
-6.65556
-6.64828
-6.64499
-6.64725
-6.65186
-6.65827
-6.66803
-6.67414
-6.68314
-6.68999
-6.69474
-6.69758
-6.70222
-6.70474
-6.70751
-6.71085
-6.71015
-6.70498
-6.6919
-6.67821
-6.66341
-6.64905
-6.63775
-6.62921
-6.62478
-6.61809
-6.61039
-6.60405
-6.59715
-6.59579
-6.59466
-6.59974
-6.61076
-6.62349
-6.63973
-6.65573
-6.67085
-6.68716
-6.70382
-6.71712
-6.73069
-6.74057
-6.75153
-6.75635
-6.76357
-6.76538
-6.76167
-6.7533
-6.73721
-6.71561
-6.68695
-6.65854
-6.63114
-6.60737
-6.59258
-6.58599
-6.58602
-6.59528
-6.61067
-6.6287
-6.64843
-6.66361
-6.6735
-6.68059
-6.68115
-6.67879
-6.67317
-6.6659
-6.66058
-6.65176
-6.64944
-6.65016
-6.65079
-6.65289
-6.656
-6.66289
-6.6762
-6.69323
-6.71764
-6.73644
-6.75224
-6.76374
-6.76583
-6.7622
-6.75497
-6.7428
-6.73312
-6.72116
-6.71104
-6.69829
-6.68688
-6.67656
-6.66939
-6.66273
-6.65888
-6.65334
-6.64987
-6.64539
-6.63928
-6.63687
-6.63738
-6.64558
-6.65741
-6.67223
-6.69185
-6.71109
-6.7312
-6.74529
-6.7528
-6.74965
-6.74002
-6.71952
-6.69684
-6.66833
-6.63745
-6.61204
-6.59502
-6.59078
-6.59868
-6.61799
-6.6428
-6.66766
-6.68845
-6.70272
-6.70928
-6.70786
-6.70397
-6.70006
-6.69489
-6.69709
-6.70562
-6.71629
-6.72456
-6.72702
-6.72437
-6.71481
-6.70211
-6.68906
-6.67425
-6.66107
-6.6489
-6.63564
-6.62522
-6.62525
-6.62888
-6.63636
-6.65013
-6.66615
-6.68237
-6.70236
-6.71785
-6.73063
-6.73844
-6.73561
-6.72361
-6.7
-6.66839
-6.63185
-6.596
-6.56331
-6.53939
-6.52778
-6.52641
-6.53437
-6.54778
-6.56686
-6.58776
-6.61164
-6.63438
-6.65389
-6.6648
-6.67292
-6.67383
-6.66831
-6.66016
-6.64878
-6.6343
-6.62228
-6.61295
-6.61083
-6.61801
-6.63253
-6.65677
-6.68582
-6.71724
-6.74623
-6.77112
-6.78868
-6.79535
-6.79185
-6.77843
-6.76136
-6.74276
-6.72388
-6.70785
-6.6934
-6.67702
-6.65994
-6.6423
-6.62279
-6.61016
-6.60116
-6.601
-6.6071
-6.61909
-6.63879
-6.65874
-6.68121
-6.70112
-6.72248
-6.73878
-6.75044
-6.7545
-6.75393
-6.74653
-6.73607
-6.72679
-6.71695
-6.70629
-6.69476
-6.68119
-6.6596
-6.63524
-6.60888
-6.58604
-6.56484
-6.55361
-6.5502
-6.55287
-6.55934
-6.56816
-6.57929
-6.59126
-6.60298
-6.61478
-6.62862
-6.64268
-6.6554
-6.6715
-6.68503
-6.69488
-6.70247
-6.70965
-6.71239
-6.71483
-6.72031
-6.73142
-6.74217
-6.75245
-6.76273
-6.76847
-6.7735
-6.77468
-6.77338
-6.76542
-6.75579
-6.74506
-6.73279
-6.72316
-6.71151
-6.70151
-6.69253
-6.6814
-6.67127
-6.66042
-6.65003
-6.63821
-6.62148
-6.60709
-6.59082
-6.57675
-6.56474
-6.55611
-6.55436
-6.55889
-6.56558
-6.57778
-6.59012
-6.60334
-6.61389
-6.62292
-6.62981
-6.63576
-6.64134
-6.6458
-6.64978
-6.65297
-6.658
-6.66162
-6.66513
-6.66888
-6.67006
-6.6715
-6.67314
-6.68094
-6.69084
-6.70064
-6.707
-6.70931
-6.70719
-6.70151
-6.69385
-6.68938
-6.68673
-6.68991
-6.69772
-6.71029
-6.72787
-6.74459
-6.75482
-6.76197
-6.76029
-6.74744
-6.72297
-6.6942
-6.66102
-6.62583
-6.59657
-6.57088
-6.55403
-6.54917
-6.55504
-6.57161
-6.59829
-6.6319
-6.66361
-6.69102
-6.70912
-6.7188
-6.71552
-6.70254
-6.68463
-6.66074
-6.63881
-6.61601
-6.59704
-6.58561
-6.57768
-6.57814
-6.5867
-6.60354
-6.6246
-6.64755
-6.67046
-6.68918
-6.70666
-6.72172
-6.73467
-6.74545
-6.75258
-6.75654
-6.75796
-6.75349
-6.74579
-6.73266
-6.71448
-6.69309
-6.66742
-6.64551
-6.62464
-6.60767
-6.59281
-6.58341
-6.57328
-6.56442
-6.55713
-6.55693
-6.56451
-6.58197
-6.60349
-6.63118
-6.66043
-6.69265
-6.72133
-6.74979
-6.7682
-6.78449
-6.79314
-6.79525
-6.79336
-6.78259
-6.76865
-6.74885
-6.73059
-6.71304
-6.69884
-6.68941
-6.68303
-6.68265
-6.68143
-6.68289
-6.68276
-6.67882
-6.67066
-6.65707
-6.63899
-6.62153
-6.60592
-6.5966
-6.59287
-6.59812
-6.60879
-6.62286
-6.63753
-6.65094
-6.66701
-6.67987
-6.69183
-6.69908
-6.70452
-6.7053
-6.70098
-6.69495
-6.69227
-6.69464
-6.70128
-6.71091
-6.72827
-6.74422
-6.75438
-6.76109
-6.76552
-6.76271
-6.75491
-6.74036
-6.71666
-6.68265
-6.64393
-6.60046
-6.5608
-6.53507
-6.52752
-6.54248
-6.57775
-6.62265
-6.66921
-6.71195
-6.74564
-6.76439
-6.77078
-6.76527
-6.75139
-6.73192
-6.7141
-6.69765
-6.68358
-6.68138
-6.68458
-6.69868
-6.71703
-6.73988
-6.76191
-6.77619
-6.7833
-6.7816
-6.7641
-6.73426
-6.69532
-6.65376
-6.61268
-6.5767
-6.55835
-6.55136
-6.55392
-6.5664
-6.58476
-6.60639
-6.63036
-6.65269
-6.67201
-6.68332
-6.68452
-6.67926
-6.66458
-6.64641
-6.62545
-6.60546
-6.59253
-6.58486
-6.58617
-6.59028
-6.5986
-6.61154
-6.63025
-6.6516
-6.67321
-6.69521
-6.71715
-6.73403
-6.74615
-6.75502
-6.75665
-6.75852
-6.75909
-6.7631
-6.77116
-6.78176
-6.79831
-6.81114
-6.82113
-6.82117
-6.81446
-6.80233
-6.78149
-6.75569
-6.72618
-6.69489
-6.66412
-6.6316
-6.59838
-6.56401
-6.53609
-6.51729
-6.5076
-6.51761
-6.54106
-6.57333
-6.61072
-6.64711
-6.67713
-6.69829
-6.71256
-6.72088
-6.71926
-6.71075
-6.69482
-6.67393
-6.65649
-6.64203
-6.63734
-6.63621
-6.64505
-6.66031
-6.67558
-6.6906
-6.70673
-6.71647
-6.7255
-6.72852
-6.73155
-6.73152
-6.7357
-6.73915
-6.74546
-6.75251
-6.75956
-6.76089
-6.75469
-6.73967
-6.71884
-6.68922
-6.65733
-6.62617
-6.60077
-6.58595
-6.58329
-6.5931
-6.61171
-6.63438
-6.65644
-6.67392
-6.68358
-6.68535
-6.68226
-6.67597
-6.67236
-6.66785
-6.66547
-6.6662
-6.66334
-6.66067
-6.66136
-6.66183
-6.6651
-6.6678
-6.67076
-6.67052
-6.66992
-6.66669
-6.66043
-6.65115
-6.63901
-6.62624
-6.61361
-6.60018
-6.58552
-6.57212
-6.56101
-6.55707
-6.56273
-6.57447
-6.59708
-6.63133
-6.67017
-6.70542
-6.73736
-6.76268
-6.77848
-6.78585
-6.7864
-6.77771
-6.75918
-6.73785
-6.71862
-6.70319
-6.69602
-6.69445
-6.69791
-6.70556
-6.71202
-6.71585
-6.71445
-6.71068
-6.70069
-6.68729
-6.67562
-6.66614
-6.66315
-6.66587
-6.67742
-6.69278
-6.71149
-6.72746
-6.74554
-6.75892
-6.76565
-6.76718
-6.75948
-6.74343
-6.72122
-6.69232
-6.66065
-6.62761
-6.59707
-6.57408
-6.55466
-6.5427
-6.53966
-6.54621
-6.56012
-6.58048
-6.6027
-6.62559
-6.64526
-6.66294
-6.67615
-6.69347
-6.70593
-6.71693
-6.72761
-6.73706
-6.74228
-6.74239
-6.73439
-6.71724
-6.69421
-6.66791
-6.63986
-6.61547
-6.59921
-6.59023
-6.58675
-6.59517
-6.60644
-6.61858
-6.6326
-6.64425
-6.65189
-6.65495
-6.65135
-6.64309
-6.62823
-6.61088
-6.5962
-6.58688
-6.58713
-6.59331
-6.61056
-6.63583
-6.67184
-6.71077
-6.75151
-6.78423
-6.80524
-6.81533
-6.81312
-6.8017
-6.7849
-6.76654
-6.75321
-6.74028
-6.72999
-6.7153
-6.70209
-6.68103
-6.65768
-6.63412
-6.61031
-6.59497
-6.58577
-6.5862
-6.59669
-6.61479
-6.63805
-6.66022
-6.68317
-6.69973
-6.71248
-6.72147
-6.72821
-6.73202
-6.73567
-6.73889
-6.74083
-6.73706
-6.72815
-6.71272
-6.69228
-6.66968
-6.6423
-6.61623
-6.59244
-6.57229
-6.55851
-6.5534
-6.55977
-6.58008
-6.60714
-6.64177
-6.67454
-6.708
-6.73609
-6.75702
-6.76834
-6.76768
-6.75547
-6.73415
-6.70631
-6.6708
-6.63458
-6.59964
-6.56558
-6.54242
-6.53107
-6.53375
-6.55069
-6.5735
-6.60389
-6.63884
-6.67392
-6.70495
-6.73461
-6.75981
-6.77562
-6.78169
-6.779
-6.76402
-6.74222
-6.71421
-6.6886
-6.66814
-6.65705
-6.65389
-6.66007
-6.67408
-6.69101
-6.70462
-6.71459
-6.72148
-6.72142
-6.71542
-6.70721
-6.69901
-6.69454
-6.69124
-6.68825
-6.68653
-6.68221
-6.67574
-6.66221
-6.6474
-6.63037
-6.61903
-6.61203
-6.61103
-6.61555
-6.62889
-6.64301
-6.66184
-6.68155
-6.69815
-6.71207
-6.71841
-6.7213
-6.7261
-6.72783
-6.73028
-6.73082
-6.72677
-6.71931
-6.70469
-6.68499
-6.65824
-6.62572
-6.59271
-6.55799
-6.52636
-6.5049
-6.49577
-6.50254
-6.51918
-6.55193
-6.5927
-6.64007
-6.69539
-6.74827
-6.79543
-6.83282
-6.8539
-6.8592
-6.84831
-6.81646
-6.77288
-6.72064
-6.66738
-6.61909
-6.5819
-6.56361
-6.56277
-6.58033
-6.61175
-6.65668
-6.70337
-6.74754
-6.78465
-6.80874
-6.8183
-6.8111
-6.79025
-6.75563
-6.71613
-6.67278
-6.63249
-6.60084
-6.57516
-6.55961
-6.54893
-6.54518
-6.5478
-6.5615
-6.58513
-6.61543
-6.64923
-6.68487
-6.71727
-6.74607
-6.76521
-6.77405
-6.7757
-6.76707
-6.75341
-6.7361
-6.72242
-6.71155
-6.70556
-6.7059
-6.71149
-6.72009
-6.73054
-6.74242
-6.75196
-6.76092
-6.76655
-6.76997
-6.77136
-6.76957
-6.76368
-6.75241
-6.73841
-6.72276
-6.70447
-6.68583
-6.66542
-6.64746
-6.62856
-6.61028
-6.59131
-6.57541
-6.56022
-6.55197
-6.54953
-6.55526
-6.5645
-6.57711
-6.59091
-6.60708
-6.62426
-6.64172
-6.65806
-6.66929
-6.67767
-6.68356
-6.68283
-6.67417
-6.66325
-6.64899
-6.63703
-6.63239
-6.63713
-6.64887
-6.66495
-6.68465
-6.7059
-6.72515
-6.74009
-6.75334
-6.76374
-6.77185
-6.77502
-6.77043
-6.76308
-6.74751
-6.72931
-6.70948
-6.69198
-6.67562
-6.66498
-6.65977
-6.65916
-6.66171
-6.66113
-6.6613
-6.6591
-6.65312
-6.64824
-6.64665
-6.64948
-6.65805
-6.66947
-6.68357
-6.69689
-6.70949
-6.71866
-6.72466
-6.72326
-6.71647
-6.7003
-6.67636
-6.64606
-6.62209
-6.60322
-6.59935
-6.60841
-6.62609
-6.65121
-6.67675
-6.69647
-6.71097
-6.72255
-6.72962
-6.73459
-6.73357
-6.72797
-6.71694
-6.70336
-6.69031
-6.68033
-6.6721
-6.66688
-6.66248
-6.65916
-6.64861
-6.63306
-6.61881
-6.61257
-6.62848
-6.66515
-6.71417
-6.75879
-6.78823
-6.80064
-6.79941
-6.78426
-6.76284
-6.73782
-6.71713
-6.70251
-6.69508
-6.69202
-6.68513
-6.67719
-6.66803
-6.6535
-6.64223
-6.63301
-6.62569
-6.62097
-6.61874
-6.6146
-6.61135
-6.6143
-6.61899
-6.6341
-6.65257
-6.68003
-6.70772
-6.72843
-6.7416
-6.74672
-6.74295
-6.72954
-6.70996
-6.68916
-6.66645
-6.64602
-6.63049
-6.61814
-6.61426
-6.61459
-6.61723
-6.62149
-6.62236
-6.6225
-6.62579
-6.62571
-6.62553
-6.62534
-6.62502
-6.62167
-6.61942
-6.61813
-6.61762
-6.61755
-6.6178
-6.61692
-6.61634
-6.61397
-6.61327
-6.6157
-6.62591
-6.63924
-6.66056
-6.68598
-6.71086
-6.7341
-6.74905
-6.75662
-6.75922
-6.75735
-6.755
-6.75511
-6.75441
-6.74968
-6.74625
-6.73403
-6.7226
-6.71076
-6.70232
-6.69781
-6.69784
-6.70063
-6.70274
-6.7038
-6.70048
-6.69417
-6.68619
-6.67571
-6.66884
-6.66532
-6.66362
-6.66521
-6.671
-6.67497
-6.68357
-6.68762
-6.68714
-6.68309
-6.67237
-6.65801
-6.6397
-6.62149
-6.60513
-6.59666
-6.59024
-6.59168
-6.59772
-6.60386
-6.61304
-6.62611
-6.64221
-6.6598
-6.67512
-6.69027
-6.70397
-6.7142
-6.71629
-6.71892
-6.71513
-6.70721
-6.69598
-6.68091
-6.66671
-6.65257
-6.63848
-6.6278
-6.6177
-6.61186
-6.60761
-6.61286
-6.6257
-6.64126
-6.66421
-6.69152
-6.71537
-6.73523
-6.74937
-6.75648
-6.75395
-6.74605
-6.72958
-6.70595
-6.68378
-6.66174
-6.6434
-6.6291
-6.62224
-6.62204
-6.62542
-6.63329
-6.63923
-6.64171
-6.64432
-6.64241
-6.63804
-6.6316
-6.62753
-6.62742
-6.63201
-6.64722
-6.671
-6.70206
-6.7347
-6.76405
-6.78722
-6.79649
-6.7927
-6.77917
-6.75392
-6.71968
-6.68566
-6.65279
-6.62653
-6.60763
-6.59146
-6.58142
-6.5765
-6.57287
-6.57057
-6.57343
-6.57665
-6.58217
-6.59373
-6.60415
-6.61938
-6.63456
-6.64791
-6.66093
-6.6706
-6.67529
-6.67306
-6.66684
-6.65397
-6.64123
-6.62672
-6.61767
-6.62247
-6.63636
-6.65715
-6.68
-6.70614
-6.72638
-6.73965
-6.74086
-6.72808
-6.70368
-6.67161
-6.639
-6.61128
-6.59221
-6.58035
-6.57715
-6.57863
-6.58251
-6.58583
-6.5892
-6.59873
-6.61395
-6.63704
-6.6671
-6.69796
-6.72858
-6.75621
-6.77896
-6.7963
-6.80622
-6.80832
-6.80421
-6.79601
-6.78528
-6.76872
-6.74694
-6.72686
-6.70292
-6.68424
-6.66693
-6.65876
-6.65253
-6.65058
-6.64854
-6.64549
-6.64366
-6.64357
-6.64727
-6.65409
-6.66639
-6.68161
-6.69614
-6.71019
-6.72341
-6.72768
-6.72541
-6.71502
-6.69335
-6.66666
-6.63417
-6.60355
-6.57409
-6.55545
-6.55063
-6.55625
-6.57215
-6.60178
-6.63087
-6.66423
-6.6943
-6.72092
-6.73762
-6.75204
-6.75451
-6.74711
-6.72797
-6.69836
-6.66663
-6.63249
-6.59808
-6.5717
-6.55488
-6.54948
-6.55386
-6.56525
-6.58316
-6.60633
-6.62928
-6.65229
-6.67833
-6.70164
-6.72109
-6.73612
-6.74356
-6.74503
-6.74343
-6.7315
-6.71573
-6.69644
-6.67884
-6.6617
-6.64402
-6.6284
-6.6186
-6.61113
-6.60569
-6.60306
-6.59869
-6.6006
-6.60867
-6.62222
-6.64311
-6.66766
-6.69451
-6.718
-6.7367
-6.74478
-6.74495
-6.73678
-6.72174
-6.70301
-6.68277
-6.66358
-6.64839
-6.63613
-6.63112
-6.62647
-6.62235
-6.61762
-6.6124
-6.61105
-6.61583
-6.62755
-6.65024
-6.68134
-6.71112
-6.7461
-6.77464
-6.79424
-6.80526
-6.80473
-6.79452
-6.77442
-6.74605
-6.70726
-6.66542
-6.62139
-6.57935
-6.54129
-6.51363
-6.49872
-6.49936
-6.51598
-6.54296
-6.57778
-6.61693
-6.66029
-6.69527
-6.72393
-6.7438
-6.75411
-6.75654
-6.75174
-6.74627
-6.74305
-6.7404
-6.73942
-6.74275
-6.74892
-6.75147
-6.75169
-6.74694
-6.73686
-6.72506
-6.70644
-6.68526
-6.66354
-6.64514
-6.6313
-6.62463
-6.62713
-6.63525
-6.6479
-6.66028
-6.66705
-6.67081
-6.6688
-6.6654
-6.66293
-6.65589
-6.6495
-6.64708
-6.64457
-6.6447
-6.6498
-6.65782
-6.66716
-6.67716
-6.68668
-6.69137
-6.69286
-6.68898
-6.67908
-6.66591
-6.65303
-6.64311
-6.63575
-6.63451
-6.63213
-6.63034
-6.62361
-6.61835
-6.6108
-6.60722
-6.60876
-6.61226
-6.6226
-6.63575
-6.6549
-6.67476
-6.69354
-6.7121
-6.72478
-6.73214
-6.73361
-6.72704
-6.71368
-6.69722
-6.68146
-6.66538
-6.65294
-6.64862
-6.644
-6.63827
-6.62998
-6.61883
-6.60297
-6.58707
-6.57401
-6.56329
-6.55733
-6.55646
-6.56089
-6.56978
-6.5854
-6.60203
-6.62198
-6.6417
-6.66183
-6.67932
-6.69763
-6.71814
-6.73941
-6.76218
-6.78152
-6.79299
-6.79594
-6.78889
-6.7792
-6.76754
-6.75568
-6.74657
-6.74247
-6.73891
-6.73599
-6.72776
-6.72059
-6.71327
-6.70866
-6.70466
-6.70146
-6.70331
-6.70315
-6.69755
-6.69051
-6.67395
-6.65418
-6.62976
-6.61548
-6.61371
-6.62344
-6.64219
-6.66208
-6.67869
-6.68875
-6.6874
-6.68013
-6.66834
-6.65126
-6.63252
-6.61222
-6.59615
-6.58156
-6.57437
-6.57126
-6.57175
-6.57774
-6.58285
-6.58796
-6.59315
-6.59694
-6.59875
-6.6016
-6.60697
-6.61423
-6.62685
-6.64009
-6.6586
-6.67711
-6.69445
-6.71208
-6.72604
-6.73633
-6.74343
-6.74615
-6.74386
-6.73793
-6.72969
-6.71879
-6.70619
-6.69377
-6.67538
-6.65662
-6.64393
-6.64012
-6.64572
-6.66269
-6.68192
-6.70648
-6.72766
-6.74782
-6.76116
-6.76249
-6.75492
-6.74263
-6.72516
-6.70381
-6.68419
-6.66645
-6.64791
-6.63025
-6.61577
-6.60593
-6.603
-6.60746
-6.62217
-6.64197
-6.66537
-6.68827
-6.71068
-6.72883
-6.74123
-6.74673
-6.74273
-6.73185
-6.71448
-6.69302
-6.67723
-6.66846
-6.66833
-6.67617
-6.69045
-6.70554
-6.71586
-6.72268
-6.72014
-6.71259
-6.70131
-6.68609
-6.67751
-6.66999
-6.66522
-6.66376
-6.66309
-6.65961
-6.64945
-6.63552
-6.62145
-6.60673
-6.59538
-6.59149
-6.59439
-6.61043
-6.62903
-6.65565
-6.6835
-6.70643
-6.7231
-6.7302
-6.73309
-6.72698
-6.7166
-6.70252
-6.68313
-6.66287
-6.64276
-6.62714
-6.61518
-6.60495
-6.59975
-6.59862
-6.60523
-6.61829
-6.63701
-6.65738
-6.67768
-6.69423
-6.70309
-6.70914
-6.71382
-6.71218
-6.70741
-6.69762
-6.68421
-6.67574
-6.67113
-6.67124
-6.67791
-6.68382
-6.68881
-6.68892
-6.68745
-6.68885
-6.68926
-6.69541
-6.70089
-6.70265
-6.70646
-6.70825
-6.70843
-6.70732
-6.70264
-6.69745
-6.69072
-6.68088
-6.67506
-6.67088
-6.67463
-6.68527
-6.70353
-6.71888
-6.73686
-6.75566
-6.77453
-6.78734
-6.79394
-6.78673
-6.77242
-6.7483
-6.72202
-6.6928
-6.67006
-6.65058
-6.63889
-6.62597
-6.6176
-6.60806
-6.6032
-6.6008
-6.60047
-6.60527
-6.61414
-6.62413
-6.63477
-6.64306
-6.64641
-6.64831
-6.64421
-6.63884
-6.63137
-6.62305
-6.61696
-6.61186
-6.60939
-6.61012
-6.61555
-6.63203
-6.65657
-6.68383
-6.7078
-6.72462
-6.73549
-6.7377
-6.73626
-6.73097
-6.72947
-6.7262
-6.72541
-6.72338
-6.7192
-6.70779
-6.69477
-6.68147
-6.66875
-6.65742
-6.64648
-6.63842
-6.63429
-6.63346
-6.64149
-6.65249
-6.67006
-6.68721
-6.70277
-6.71383
-6.72084
-6.72189
-6.71604
-6.70634
-6.68855
-6.67177
-6.65793
-6.64831
-6.64463
-6.64833
-6.65596
-6.664
-6.66984
-6.66492
-6.65162
-6.62598
-6.59262
-6.55789
-6.52571
-6.50211
-6.49111
-6.50031
-6.52818
-6.56437
-6.60478
-6.64381
-6.67654
-6.70522
-6.72248
-6.73432
-6.7453
-6.75255
-6.76021
-6.76817
-6.77463
-6.77924
-6.78252
-6.78463
-6.78436
-6.77582
-6.76141
-6.7443
-6.72423
-6.70283
-6.67933
-6.65527
-6.63514
-6.62253
-6.61562
-6.62051
-6.62667
-6.63686
-6.65127
-6.66562
-6.67683
-6.69027
-6.69931
-6.7033
-6.70524
-6.7034
-6.70032
-6.69302
-6.68382
-6.67159
-6.66025
-6.65155
-6.64774
-6.64776
-6.65037
-6.65698
-6.66698
-6.6787
-6.68803
-6.69515
-6.70223
-6.71341
-6.72231
-6.72887
-6.73117
-6.72989
-6.72166
-6.70733
-6.68132
-6.64686
-6.60638
-6.56289
-6.52426
-6.4953
-6.47131
-6.46097
-6.46372
-6.4726
-6.49033
-6.51441
-6.54045
-6.57361
-6.60954
-6.64872
-6.68781
-6.72428
-6.75455
-6.77379
-6.78065
-6.77695
-6.7612
-6.73927
-6.71205
-6.68702
-6.6684
-6.66172
-6.66618
-6.67737
-6.69737
-6.71879
-6.74104
-6.75776
-6.76497
-6.76765
-6.76691
-6.7603
-6.75391
-6.74459
-6.73106
-6.71903
-6.70641
-6.69261
-6.67751
-6.65808
-6.64174
-6.6269
-6.61342
-6.60446
-6.60138
-6.602
-6.6108
-6.61977
-6.6315
-6.64823
-6.66223
-6.67765
-6.68912
-6.70083
-6.7118
-6.72298
-6.72983
-6.73538
-6.73742
-6.73614
-6.7318
-6.72285
-6.70835
-6.69247
-6.67279
-6.65367
-6.63111
-6.60608
-6.5832
-6.56312
-6.54894
-6.54404
-6.54916
-6.56904
-6.59871
-6.63605
-6.67084
-6.6999
-6.72033
-6.7316
-6.73228
-6.7214
-6.70649
-6.68651
-6.66894
-6.65091
-6.63781
-6.63424
-6.63786
-6.64932
-6.66317
-6.68269
-6.69869
-6.70873
-6.71376
-6.70988
-6.70112
-6.68915
-6.6744
-6.65952
-6.65259
-6.65305
-6.65425
-6.6599
-6.66506
-6.67242
-6.67734
-6.67952
-6.68327
-6.68353
-6.68688
-6.69046
-6.69874
-6.70699
-6.71054
-6.70947
-6.70539
-6.70516
-6.70407
-6.70558
-6.70839
-6.71386
-6.72094
-6.72669
-6.72852
-6.72481
-6.71631
-6.7037
-6.68654
-6.66801
-6.65161
-6.64134
-6.62874
-6.61974
-6.61057
-6.60348
-6.5985
-6.59826
-6.59938
-6.60464
-6.61637
-6.63251
-6.64848
-6.66656
-6.68779
-6.70688
-6.72081
-6.73094
-6.73983
-6.74456
-6.74568
-6.74614
-6.73929
-6.72949
-6.71547
-6.69704
-6.67398
-6.65459
-6.63461
-6.61669
-6.60583
-6.59855
-6.59683
-6.60472
-6.61508
-6.63071
-6.64498
-6.65959
-6.67094
-6.67671
-6.6758
-6.66922
-6.65624
-6.63683
-6.61672
-6.59808
-6.58777
-6.58859
-6.60063
-6.61997
-6.64442
-6.66979
-6.69175
-6.71142
-6.72501
-6.73442
-6.73693
-6.73731
-6.73271
-6.72835
-6.72287
-6.72165
-6.71748
-6.71595
-6.70724
-6.69703
-6.68572
-6.67721
-6.66829
-6.66685
-6.66604
-6.66995
-6.67647
-6.67976
-6.67981
-6.67687
-6.66933
-6.65577
-6.63736
-6.61681
-6.59685
-6.57823
-6.56763
-6.56542
-6.57282
-6.58375
-6.60164
-6.62403
-6.64721
-6.67134
-6.69247
-6.71111
-6.72417
-6.73341
-6.73788
-6.73976
-6.73787
-6.73246
-6.72899
-6.72165
-6.71725
-6.71395
-6.71342
-6.71515
-6.71329
-6.71301
-6.70903
-6.70227
-6.69152
-6.67662
-6.66947
-6.6613
-6.65931
-6.65878
-6.66103
-6.6619
-6.65971
-6.6522
-6.63944
-6.62538
-6.60629
-6.58861
-6.57286
-6.56067
-6.55572
-6.56269
-6.57871
-6.60117
-6.62845
-6.6563
-6.68149
-6.6991
-6.70643
-6.70971
-6.70874
-6.70606
-6.70669
-6.71099
-6.71884
-6.729
-6.73963
-6.75625
-6.77025
-6.7832
-6.79205
-6.79005
-6.7813
-6.76091
-6.73605
-6.70249
-6.6684
-6.63318
-6.60369
-6.5828
-6.57636
-6.58266
-6.59875
-6.62591
-6.65715
-6.68873
-6.71222
-6.72463
-6.72487
-6.71032
-6.68758
-6.65957
-6.63502
-6.62151
-6.61675
-6.62382
-6.64361
-6.66441
-6.68369
-6.69978
-6.71497
-6.71559
-6.71146
-6.7003
-6.68469
-6.66568
-6.6481
-6.63145
-6.61995
-6.61025
-6.60524
-6.6082
-6.61341
-6.62156
-6.62936
-6.63185
-6.63129
-6.63269
-6.63957
-6.64818
-6.66297
-6.68405
-6.70558
-6.72453
-6.73544
-6.74155
-6.74207
-6.73245
-6.71558
-6.69455
-6.67133
-6.64788
-6.62637
-6.60964
-6.59766
-6.59306
-6.59925
-6.61168
-6.63192
-6.6596
-6.68817
-6.71076
-6.72942
-6.73937
-6.74105
-6.73098
-6.71456
-6.69326
-6.67611
-6.66503
-6.66153
-6.66958
-6.68214
-6.69874
-6.71209
-6.72375
-6.73148
-6.73086
-6.72571
-6.71461
-6.6979
-6.68192
-6.66365
-6.65029
-6.64443
-6.64688
-6.65467
-6.66411
-6.67029
-6.67215
-6.6725
-6.67006
-6.66468
-6.66096
-6.65414
-6.65073
-6.65086
-6.65315
-6.65987
-6.67232
-6.68994
-6.71103
-6.73296
-6.7532
-6.76377
-6.76846
-6.76613
-6.75766
-6.74134
-6.72371
-6.70577
-6.68915
-6.67679
-6.67205
-6.67383
-6.67678
-6.67778
-6.6793
-6.67786
-6.66974
-6.65803
-6.64399
-6.6297
-6.62037
-6.61664
-6.62088
-6.62555
-6.62975
-6.63473
-6.6393
-6.63932
-6.63818
-6.63775
-6.63449
-6.6276
-6.61938
-6.60817
-6.59993
-6.59271
-6.59186
-6.59843
-6.61166
-6.63401
-6.66362
-6.69429
-6.72697
-6.75488
-6.77462
-6.78858
-6.79453
-6.78963
-6.78203
-6.77195
-6.75756
-6.74231
-6.72681
-6.71445
-6.70425
-6.69662
-6.69456
-6.69109
-6.69145
-6.69138
-6.69492
-6.69346
-6.68952
-6.67916
-6.66237
-6.64129
-6.61629
-6.59068
-6.56936
-6.55768
-6.55473
-6.56327
-6.58327
-6.61014
-6.63601
-6.66248
-6.68343
-6.69886
-6.71045
-6.72033
-6.72671
-6.73412
-6.73948
-6.74593
-6.748
-6.74393
-6.73253
-6.71956
-6.70526
-6.6908
-6.68155
-6.67449
-6.67401
-6.67982
-6.68892
-6.6993
-6.71156
-6.71902
-6.72013
-6.71494
-6.70116
-6.67935
-6.65258
-6.61982
-6.58946
-6.56019
-6.53773
-6.5207
-6.51136
-6.51084
-6.51787
-6.53145
-6.55134
-6.5761
-6.60206
-6.62815
-6.65077
-6.67034
-6.68607
-6.69722
-6.70434
-6.70552
-6.70522
-6.70517
-6.70248
-6.69851
-6.69888
-6.6964
-6.6957
-6.69654
-6.69928
-6.70434
-6.7107
-6.7141
-6.71621
-6.72057
-6.72266
-6.72241
-6.71734
-6.71155
-6.70285
-6.6939
-6.68079
-6.66748
-6.65213
-6.63374
-6.61613
-6.59935
-6.58405
-6.57013
-6.56262
-6.55973
-6.55841
-6.5621
-6.57035
-6.58012
-6.59275
-6.60965
-6.629
-6.64797
-6.66778
-6.68722
-6.70103
-6.71055
-6.71263
-6.70994
-6.70665
-6.70414
-6.70541
-6.70842
-6.71576
-6.72498
-6.72946
-6.72963
-6.72769
-6.72416
-6.71416
-6.70072
-6.68645
-6.6708
-6.65633
-6.64144
-6.62929
-6.616
-6.60482
-6.59665
-6.59271
-6.5919
-6.59623
-6.6018
-6.61024
-6.61809
-6.62397
-6.62984
-6.63421
-6.63512
-6.63843
-6.63841
-6.63928
-6.63976
-6.63626
-6.63544
-6.63068
-6.62762
-6.62535
-6.62403
-6.62797
-6.63847
-6.65798
-6.6792
-6.70258
-6.72318
-6.73607
-6.74667
-6.75251
-6.75454
-6.75384
-6.75307
-6.75381
-6.75635
-6.75652
-6.75514
-6.74547
-6.73296
-6.71606
-6.69898
-6.6824
-6.66913
-6.65848
-6.64933
-6.64185
-6.63669
-6.63051
-6.62339
-6.61442
-6.60447
-6.59372
-6.58413
-6.57856
-6.57471
-6.57925
-6.58852
-6.60433
-6.62189
-6.64416
-6.66897
-6.69451
-6.72267
-6.75277
-6.78044
-6.80336
-6.817
-6.82117
-6.81433
-6.79654
-6.77127
-6.73467
-6.69883
-6.66234
-6.63083
-6.60164
-6.58416
-6.57442
-6.56975
-6.57082
-6.57447
-6.58204
-6.58979
-6.60151
-6.61409
-6.63338
-6.65425
-6.67868
-6.7037
-6.7216
-6.73094
-6.727
-6.71019
-6.6819
-6.64371
-6.60694
-6.57431
-6.55707
-6.5532
-6.56286
-6.57999
-6.60078
-6.61996
-6.64001
-6.65635
-6.67098
-6.68731
-6.70215
-6.71737
-6.73494
-6.74835
-6.76336
-6.77457
-6.7813
-6.78491
-6.78436
-6.77582
-6.75962
-6.73981
-6.71616
-6.68995
-6.66791
-6.65491
-6.65159
-6.65487
-6.66418
-6.67457
-6.68233
-6.68007
-6.67394
-6.65835
-6.64055
-6.62402
-6.61513
-6.61189
-6.61676
-6.62728
-6.64099
-6.65403
-6.66055
-6.66301
-6.66308
-6.65774
-6.65147
-6.64622
-6.63949
-6.63492
-6.63659
-6.64541
-6.65241
-6.66078
-6.66841
-6.66855
-6.66329
-6.65508
-6.64302
-6.63308
-6.63099
-6.63278
-6.64237
-6.65726
-6.67809
-6.69987
-6.7198
-6.73896
-6.75315
-6.76796
-6.77649
-6.7813
-6.78109
-6.77894
-6.76925
-6.75504
-6.73177
-6.70918
-6.68801
-6.67476
-6.66935
-6.66862
-6.67526
-6.67747
-6.67719
-6.67532
-6.67099
-6.66423
-6.65726
-6.65689
-6.65984
-6.66402
-6.66672
-6.66407
-6.65588
-6.64312
-6.62982
-6.61997
-6.61532
-6.61529
-6.61978
-6.62902
-6.63898
-6.64616
-6.65009
-6.65
-6.64645
-6.6387
-6.62616
-6.61314
-6.60228
-6.59655
-6.59592
-6.60038
-6.61399
-6.63057
-6.64568
-6.6631
-6.67874
-6.68771
-6.69187
-6.69039
-6.687
-6.6788
-6.67147
-6.6647
-6.66213
-6.66156
-6.66371
-6.66985
-6.67665
-6.68124
-6.68385
-6.68543
-6.68284
-6.6747
-6.66536
-6.6552
-6.64873
-6.64649
-6.65127
-6.6627
-6.67535
-6.68701
-6.698
-6.70963
-6.71746
-6.72778
-6.73869
-6.75211
-6.76542
-6.78114
-6.79272
-6.7982
-6.79904
-6.79236
-6.77559
-6.75167
-6.7197
-6.68707
-6.65449
-6.6277
-6.60631
-6.59287
-6.58477
-6.58258
-6.58613
-6.59475
-6.60905
-6.62453
-6.63505
-6.64322
-6.64592
-6.64414
-6.63925
-6.63221
-6.62198
-6.61244
-6.60045
-6.5891
-6.57679
-6.5674
-6.56024
-6.55935
-6.55934
-6.56478
-6.57355
-6.58348
-6.59698
-6.61286
-6.62554
-6.63717
-6.6463
-6.65035
-6.64991
-6.64559
-6.63379
-6.62273
-6.61436
-6.61045
-6.61812
-6.63367
-6.65941
-6.68601
-6.7161
-6.74421
-6.76577
-6.78081
-6.78466
-6.78266
-6.76949
-6.75318
-6.72943
-6.70424
-6.67733
-6.65302
-6.63069
-6.60945
-6.5952
-6.59034
-6.59047
-6.59867
-6.61815
-6.64335
-6.67045
-6.69867
-6.72339
-6.74318
-6.7536
-6.75771
-6.75681
-6.75317
-6.75299
-6.7579
-6.76216
-6.76631
-6.77001
-6.77392
-6.77679
-6.7762
-6.77537
-6.77242
-6.7703
-6.76747
-6.76051
-6.75048
-6.72788
-6.69921
-6.66838
-6.63448
-6.59939
-6.57213
-6.5531
-6.54413
-6.54552
-6.55592
-6.57099
-6.58624
-6.59917
-6.61185
-6.62201
-6.62821
-6.63155
-6.63524
-6.63808
-6.63961
-6.64323
-6.65005
-6.65813
-6.66729
-6.67713
-6.68571
-6.68844
-6.68736
-6.67775
-6.66191
-6.64018
-6.61427
-6.59265
-6.57501
-6.56985
-6.57931
-6.59686
-6.62166
-6.64869
-6.67558
-6.69791
-6.71763
-6.73182
-6.74358
-6.74846
-6.7508
-6.7491
-6.74437
-6.73868
-6.7333
-6.72933
-6.72502
-6.7207
-6.71254
-6.70323
-6.69518
-6.68551
-6.67521
-6.66751
-6.66318
-6.6588
-6.65826
-6.65798
-6.66277
-6.671
-6.67974
-6.68991
-6.69979
-6.70472
-6.70345
-6.6931
-6.67781
-6.65899
-6.64518
-6.63354
-6.62901
-6.62746
-6.62721
-6.62703
-6.62515
-6.62528
-6.6251
-6.62685
-6.6278
-6.63229
-6.63827
-6.64267
-6.64496
-6.64286
-6.63932
-6.639
-6.6421
-6.64407
-6.64952
-6.65361
-6.65861
-6.66347
-6.66893
-6.67463
-6.67929
-6.68479
-6.68673
-6.68839
-6.6828
-6.67224
-6.65507
-6.6384
-6.62294
-6.61443
-6.61602
-6.62847
-6.64906
-6.67326
-6.6941
-6.71548
-6.72787
-6.73277
-6.73784
-6.73725
-6.73495
-6.73319
-6.73039
-6.7264
-6.72238
-6.71363
-6.70101
-6.68612
-6.66931
-6.65697
-6.65033
-6.64884
-6.65285
-6.65723
-6.66237
-6.66391
-6.65997
-6.64868
-6.63476
-6.62005
-6.60744
-6.60147
-6.60263
-6.61041
-6.62221
-6.63874
-6.65452
-6.67059
-6.68384
-6.69436
-6.70111
-6.70149
-6.69391
-6.68363
-6.67322
-6.66441
-6.66237
-6.66429
-6.66496
-6.66329
-6.65645
-6.64856
-6.6376
-6.63216
-6.63459
-6.6436
-6.66292
-6.69008
-6.71897
-6.74725
-6.76536
-6.77005
-6.76346
-6.74289
-6.71573
-6.68936
-6.6606
-6.63566
-6.61557
-6.60086
-6.5918
-6.58861
-6.59056
-6.60085
-6.61755
-6.63849
-6.66214
-6.68832
-6.7131
-6.73536
-6.75558
-6.77067
-6.7786
-6.78328
-6.78258
-6.77543
-6.76376
-6.74773
-6.7332
-6.71724
-6.70235
-6.69228
-6.67855
-6.66323
-6.64634
-6.62644
-6.6056
-6.58446
-6.56346
-6.55041
-6.54272
-6.54234
-6.55268
-6.56844
-6.58565
-6.6056
-6.6191
-6.62934
-6.63632
-6.63886
-6.63755
-6.63569
-6.62881
-6.62102
-6.61673
-6.61585
-6.62099
-6.63147
-6.65197
-6.67628
-6.70202
-6.72257
-6.73991
-6.74602
-6.74589
-6.73998
-6.73143
-6.72075
-6.71046
-6.69705
-6.68926
-6.68336
-6.67819
-6.67288
-6.66945
-6.66641
-6.66435
-6.6664
-6.67121
-6.679
-6.68795
-6.69603
-6.69902
-6.70139
-6.70209
-6.70401
-6.70567
-6.7079
-6.70421
-6.70367
-6.69814
-6.69054
-6.68074
-6.66683
-6.65377
-6.64526
-6.64093
-6.64588
-6.65425
-6.66587
-6.67852
-6.69465
-6.70603
-6.71172
-6.71657
-6.71346
-6.70924
-6.69361
-6.67778
-6.65925
-6.6419
-6.62304
-6.6078
-6.5919
-6.57955
-6.57058
-6.57201
-6.58046
-6.59054
-6.60451
-6.61955
-6.63169
-6.63773
-6.63977
-6.64107
-6.64269
-6.64631
-6.65307
-6.66149
-6.67312
-6.68541
-6.69593
-6.70176
-6.70691
-6.7071
-6.70569
-6.70402
-6.70367
-6.70892
-6.71505
-6.73114
-6.74899
-6.76431
-6.77511
-6.77989
-6.7768
-6.76353
-6.73941
-6.7058
-6.66372
-6.6154
-6.56822
-6.52971
-6.50466
-6.49623
-6.50878
-6.53947
-6.58405
-6.64132
-6.69811
-6.74831
-6.78845
-6.81201
-6.81979
-6.81084
-6.78659
-6.74752
-6.70092
-6.65113
-6.60551
-6.56835
-6.54272
-6.52817
-6.52804
-6.54368
-6.56914
-6.60401
-6.64732
-6.69173
-6.73034
-6.76073
-6.78484
-6.79249
-6.7912
-6.7812
-6.76506
-6.74333
-6.71805
-6.69068
-6.66462
-6.63508
-6.61
-6.59151
-6.57994
-6.57495
-6.57957
-6.59055
-6.61014
-6.63317
-6.65538
-6.67691
-6.69247
-6.70163
-6.70619
-6.70736
-6.70251
-6.69437
-6.6815
-6.66772
-6.65775
-6.64785
-6.64153
-6.63672
-6.63286
-6.62914
-6.62418
-6.62815
-6.63912
-6.66047
-6.68735
-6.71983
-6.75406
-6.78788
-6.81234
-6.82843
-6.83236
-6.82211
-6.80195
-6.76749
-6.72519
-6.67931
-6.63395
-6.59604
-6.5699
-6.55359
-6.54747
-6.54865
-6.55713
-6.57268
-6.58909
-6.60589
-6.62526
-6.64367
-6.66022
-6.67525
-6.68341
-6.68792
-6.69284
-6.70091
-6.71064
-6.72122
-6.7344
-6.74822
-6.75616
-6.75793
-6.75527
-6.7421
-6.72322
-6.69678
-6.67002
-6.64868
-6.63207
-6.62733
-6.62968
-6.63926
-6.65977
-6.67998
-6.69999
-6.71479
-6.72477
-6.72465
-6.71578
-6.69768
-6.68088
-6.66612
-6.65252
-6.64722
-6.64958
-6.65088
-6.6539
-6.64886
-6.64475
-6.63897
-6.6302
-6.62363
-6.6188
-6.61489
-6.61036
-6.60371
-6.59278
-6.58242
-6.57108
-6.56446
-6.56752
-6.57514
-6.58582
-6.6002
-6.61205
-6.62217
-6.63085
-6.63842
-6.642
-6.64994
-6.65845
-6.66511
-6.67345
-6.68255
-6.69571
-6.71031
-6.72911
-6.75067
-6.76945
-6.78373
-6.79012
-6.79165
-6.78197
-6.76855
-6.75106
-6.73545
-6.7189
-6.70702
-6.6945
-6.68638
-6.6798
-6.67706
-6.6821
-6.68847
-6.69227
-6.69714
-6.70103
-6.70682
-6.70778
-6.71124
-6.71034
-6.70701
-6.69575
-6.67919
-6.6604
-6.64021
-6.62602
-6.62178
-6.62508
-6.63721
-6.65007
-6.6661
-6.68623
-6.70353
-6.72063
-6.73215
-6.73707
-6.73535
-6.7298
-6.71617
-6.6999
-6.68211
-6.66482
-6.6538
-6.65073
-6.65509
-6.6673
-6.68461
-6.70195
-6.71709
-6.72591
-6.72574
-6.71916
-6.70212
-6.67854
-6.6523
-6.62701
-6.60763
-6.59821
-6.60014
-6.61032
-6.62908
-6.65186
-6.67797
-6.70376
-6.72494
-6.73991
-6.7474
-6.74686
-6.73876
-6.72281
-6.70024
-6.67857
-6.65976
-6.64604
-6.64062
-6.64382
-6.6492
-6.65374
-6.65743
-6.66047
-6.66288
-6.66345
-6.66575
-6.66955
-6.67156
-6.67279
-6.67944
-6.68954
-6.70157
-6.71662
-6.73282
-6.74665
-6.7565
-6.7606
-6.75709
-6.74728
-6.7357
-6.72192
-6.70471
-6.68755
-6.6702
-6.65106
-6.63131
-6.6135
-6.59937
-6.58965
-6.58606
-6.58598
-6.58509
-6.58477
-6.58695
-6.59297
-6.60071
-6.61141
-6.62324
-6.63697
-6.64896
-6.66078
-6.67316
-6.68137
-6.68611
-6.69025
-6.69332
-6.69768
-6.70153
-6.70617
-6.7129
-6.71834
-6.72583
-6.73343
-6.7398
-6.74451
-6.74424
-6.73812
-6.73102
-6.72033
-6.70756
-6.69488
-6.68169
-6.66842
-6.65629
-6.6394
-6.62715
-6.61467
-6.61171
-6.60994
-6.6083
-6.60551
-6.59922
-6.59149
-6.58344
-6.58178
-6.58721
-6.60256
-6.62309
-6.64736
-6.67939
-6.7141
-6.74899
-6.77783
-6.79591
-6.79921
-6.79493
-6.77784
-6.75527
-6.7331
-6.71268
-6.69579
-6.6875
-6.6856
-6.69056
-6.70119
-6.71438
-6.72595
-6.73274
-6.73436
-6.73479
-6.72807
-6.72107
-6.71041
-6.69812
-6.68304
-6.66641
-6.64795
-6.63179
-6.61519
-6.60096
-6.58904
-6.58686
-6.59107
-6.6026
-6.61826
-6.63448
-6.65051
-6.66215
-6.66807
-6.67241
-6.67417
-6.6741
-6.68075
-6.69036
-6.70519
-6.72343
-6.74562
-6.76117
-6.77415
-6.77775
-6.77657
-6.76865
-6.75646
-6.74327
-6.73305
-6.72341
-6.71808
-6.71231
-6.70322
-6.69317
-6.67895
-6.66536
-6.65418
-6.64679
-6.6437
-6.64129
-6.64038
-6.63721
-6.63803
-6.63792
-6.64266
-6.64682
-6.64952
-6.65345
-6.65527
-6.66103
-6.66652
-6.67966
-6.69333
-6.71097
-6.72585
-6.73495
-6.73477
-6.72514
-6.70661
-6.68312
-6.65984
-6.63827
-6.6245
-6.61427
-6.61234
-6.61671
-6.62468
-6.635
-6.64791
-6.6605
-6.67177
-6.67823
-6.68154
-6.68388
-6.68083
-6.67966
-6.67852
-6.67809
-6.67702
-6.67392
-6.66987
-6.66535
-6.66344
-6.66702
-6.67014
-6.67045
-6.66732
-6.66076
-6.64959
-6.63925
-6.62792
-6.62181
-6.62207
-6.63071
-6.64656
-6.66502
-6.68156
-6.70127
-6.71915
-6.73098
-6.74571
-6.76021
-6.77386
-6.78612
-6.7922
-6.79075
-6.78012
-6.76495
-6.74108
-6.70792
-6.67188
-6.63058
-6.59063
-6.55364
-6.53055
-6.52044
-6.52175
-6.53448
-6.55796
-6.58822
-6.61912
-6.64989
-6.67509
-6.69412
-6.7121
-6.72317
-6.72709
-6.72738
-6.72057
-6.71193
-6.70522
-6.69612
-6.68999
-6.68694
-6.68096
-6.67773
-6.67224
-6.67145
-6.67005
-6.66919
-6.6638
-6.65603
-6.64742
-6.63969
-6.63207
-6.62523
-6.61966
-6.61232
-6.60862
-6.60646
-6.60653
-6.61047
-6.61708
-6.62388
-6.62657
-6.6293
-6.62785
-6.62325
-6.61665
-6.61063
-6.60628
-6.60764
-6.61146
-6.62305
-6.64072
-6.65735
-6.67551
-6.68926
-6.70472
-6.71091
-6.71487
-6.71212
-6.71063
-6.70843
-6.70749
-6.70914
-6.71224
-6.71466
-6.71927
-6.72215
-6.72369
-6.72657
-6.72759
-6.73034
-6.73405
-6.73567
-6.73423
-6.7261
-6.71322
-6.7024
-6.69016
-6.67856
-6.67186
-6.66783
-6.66761
-6.66848
-6.66909
-6.67093
-6.67045
-6.66949
-6.6724
-6.67317
-6.67499
-6.67705
-6.67667
-6.66997
-6.66562
-6.65558
-6.64258
-6.62772
-6.61371
-6.60014
-6.59576
-6.59844
-6.60951
-6.6289
-6.65362
-6.68147
-6.70974
-6.73177
-6.74666
-6.75197
-6.75433
-6.74683
-6.73526
-6.71828
-6.69719
-6.67681
-6.65752
-6.64411
-6.63689
-6.63162
-6.63063
-6.63225
-6.63833
-6.64149
-6.64543
-6.65154
-6.65607
-6.6635
-6.67268
-6.68418
-6.69231
-6.69993
-6.69889
-6.69352
-6.68498
-6.67157
-6.65982
-6.64785
-6.63615
-6.62912
-6.6288
-6.63613
-6.64917
-6.66356
-6.68288
-6.70013
-6.71318
-6.71799
-6.72113
-6.71868
-6.71608
-6.71268
-6.70907
-6.70454
-6.69911
-6.69954
-6.69929
-6.70256
-6.71067
-6.71909
-6.72762
-6.73072
-6.72906
-6.72517
-6.71591
-6.70423
-6.69177
-6.67847
-6.66548
-6.65452
-6.64247
-6.63375
-6.62706
-6.62649
-6.63397
-6.64365
-6.65842
-6.6756
-6.69341
-6.70641
-6.7164
-6.72599
-6.7342
-6.73859
-6.73787
-6.73202
-6.72363
-6.71135
-6.69912
-6.68605
-6.6751
-6.66449
-6.65503
-6.64488
-6.63673
-6.62629
-6.61743
-6.61293
-6.61314
-6.61965
-6.63171
-6.64802
-6.66698
-6.68386
-6.70236
-6.71888
-6.73465
-6.74976
-6.76319
-6.77024
-6.77361
-6.76504
-6.74698
-6.72529
-6.70211
-6.67322
-6.64315
-6.61714
-6.59796
-6.5855
-6.58092
-6.5806
-6.57908
-6.58488
-6.59244
-6.605
-6.61707
-6.62959
-6.6416
-6.65561
-6.66744
-6.67853
-6.68722
-6.69733
-6.70775
-6.71484
-6.71793
-6.71788
-6.71219
-6.70174
-6.69125
-6.68037
-6.67305
-6.66616
-6.66706
-6.67063
-6.6789
-6.68674
-6.69503
-6.70103
-6.70702
-6.7062
-6.70719
-6.70692
-6.70544
-6.70077
-6.69804
-6.69602
-6.70139
-6.70929
-6.71809
-6.72459
-6.73049
-6.73152
-6.73215
-6.72786
-6.71878
-6.70423
-6.68746
-6.67093
-6.65435
-6.64122
-6.62852
-6.62
-6.61365
-6.60454
-6.59795
-6.59234
-6.58613
-6.57812
-6.57232
-6.56844
-6.57016
-6.57615
-6.58938
-6.60985
-6.63522
-6.664
-6.68491
-6.70244
-6.71326
-6.71423
-6.70894
-6.69724
-6.68339
-6.67092
-6.66542
-6.66681
-6.67376
-6.68767
-6.70626
-6.72938
-6.75162
-6.77128
-6.78219
-6.78402
-6.77342
-6.75454
-6.73326
-6.70733
-6.68455
-6.66667
-6.65109
-6.64241
-6.63792
-6.63939
-6.64745
-6.66146
-6.6732
-6.6862
-6.69336
-6.6934
-6.68543
-6.67179
-6.65051
-6.63214
-6.61434
-6.60729
-6.60853
-6.62072
-6.64354
-6.66642
-6.69302
-6.71667
-6.73574
-6.74621
-6.75155
-6.74752
-6.73754
-6.72398
-6.70884
-6.6945
-6.68077
-6.67428
-6.66991
-6.66505
-6.66242
-6.65999
-6.6593
-6.65849
-6.65464
-6.65428
-6.65115
-6.65207
-6.65283
-6.65009
-6.64731
-6.64106
-6.63711
-6.62916
-6.62195
-6.61442
-6.61227
-6.6151
-6.62769
-6.64547
-6.67022
-6.6939
-6.71557
-6.73689
-6.75099
-6.76098
-6.76558
-6.76578
-6.75939
-6.74406
-6.72131
-6.6933
-6.66413
-6.63835
-6.62231
-6.61853
-6.62725
-6.64805
-6.67252
-6.69621
-6.71423
-6.72515
-6.72504
-6.71416
-6.69631
-6.67846
-6.65846
-6.63823
-6.62542
-6.62085
-6.62303
-6.63658
-6.66004
-6.68849
-6.71709
-6.74274
-6.75899
-6.76605
-6.76532
-6.7552
-6.74074
-6.72513
-6.71158
-6.70058
-6.69239
-6.68337
-6.67279
-6.66294
-6.64916
-6.63274
-6.6156
-6.59869
-6.57985
-6.56785
-6.55817
-6.55285
-6.55617
-6.56463
-6.58243
-6.60759
-6.63548
-6.66137
-6.68072
-6.69734
-6.70606
-6.71113
-6.70821
-6.70092
-6.68366
-6.65915
-6.63334
-6.60545
-6.58139
-6.56522
-6.55641
-6.55237
-6.55829
-6.57241
-6.59506
-6.62459
-6.65304
-6.6823
-6.70785
-6.72537
-6.73532
-6.73716
-6.73244
-6.7232
-6.71227
-6.70027
-6.69277
-6.69087
-6.69555
-6.70023
-6.70883
-6.71678
-6.72411
-6.73052
-6.73061
-6.72519
-6.71345
-6.70161
-6.68875
-6.67541
-6.66415
-6.65905
-6.66546
-6.67846
-6.69723
-6.71762
-6.73874
-6.7528
-6.76174
-6.76377
-6.7597
-6.74951
-6.73547
-6.72041
-6.70076
-6.67765
-6.65223
-6.62947
-6.61234
-6.60431
-6.60252
-6.61289
-6.63306
-6.65481
-6.67524
-6.69219
-6.70014
-6.70102
-6.69561
-6.68661
-6.6745
-6.66573
-6.65825
-6.65241
-6.64659
-6.64144
-6.63759
-6.63582
-6.63574
-6.63628
-6.63794
-6.64368
-6.649
-6.65734
-6.66779
-6.68197
-6.6924
-6.70623
-6.71544
-6.72076
-6.71508
-6.69681
-6.66466
-6.62357
-6.58038
-6.53763
-6.50282
-6.4851
-6.48633
-6.50669
-6.54118
-6.58574
-6.6315
-6.67427
-6.7116
-6.7392
-6.7558
-6.76546
-6.76712
-6.76604
-6.76064
-6.75486
-6.75424
-6.74994
-6.74828
-6.7461
-6.74153
-6.73599
-6.73618
-6.74115
-6.74745
-6.75712
-6.76232
-6.76301
-6.75721
-6.74447
-6.72538
-6.70283
-6.68256
-6.66127
-6.64203
-6.62255
-6.6005
-6.58071
-6.55961
-6.54121
-6.52923
-6.52364
-6.52469
-6.53542
-6.55257
-6.5721
-6.5964
-6.61826
-6.63736
-6.65404
-6.66922
-6.68241
-6.69611
-6.71332
-6.73265
-6.75077
-6.76856
-6.77931
-6.78574
-6.78589
-6.77827
-6.76496
-6.74866
-6.73398
-6.72198
-6.71071
-6.70525
-6.70472
-6.70644
-6.71161
-6.71848
-6.71846
-6.71262
-6.70061
-6.68549
-6.66454
-6.63754
-6.60819
-6.57833
-6.55119
-6.52608
-6.50566
-6.49253
-6.49278
-6.49805
-6.51613
-6.54375
-6.58429
-6.63446
-6.69096
-6.74209
-6.78411
-6.81674
-6.83663
-6.84266
-6.8371
-6.81944
-6.79157
-6.76058
-6.72815
-6.69678
-6.67201
-6.65292
-6.64156
-6.63896
-6.64378
-6.64762
-6.65799
-6.66794
-6.67725
-6.68142
-6.68686
-6.68966
-6.68895
-6.68393
-6.67561
-6.66494
-6.65403
-6.64323
-6.6351
-6.63366
-6.6397
-6.65153
-6.66481
-6.67594
-6.68514
-6.68995
-6.6909
-6.68663
-6.67566
-6.65934
-6.63733
-6.61526
-6.59071
-6.56719
-6.5476
-6.53157
-6.52804
-6.53375
-6.55419
-6.58569
-6.62677
-6.67443
-6.7178
-6.75681
-6.78711
-6.8121
-6.83206
-6.83891
-6.83805
-6.82386
-6.79903
-6.76578
-6.72583
-6.68466
-6.64215
-6.60254
-6.57239
-6.55686
-6.55077
-6.55786
-6.57689
-6.60629
-6.63906
-6.67061
-6.70058
-6.72297
-6.73779
-6.74463
-6.74135
-6.73319
-6.71678
-6.698
-6.67982
-6.66839
-6.66121
-6.65754
-6.65977
-6.66453
-6.6727
-6.68561
-6.69975
-6.71194
-6.72023
-6.72499
-6.72425
-6.71812
-6.70727
-6.69085
-6.66766
-6.64494
-6.62676
-6.62176
-6.62772
-6.63897
-6.65456
-6.67521
-6.68862
-6.69871
-6.70059
-6.69525
-6.68389
-6.66686
-6.65379
-6.64245
-6.64057
-6.64511
-6.6587
-6.67664
-6.6943
-6.71379
-6.73193
-6.7437
-6.74961
-6.75112
-6.74217
-6.73368
-6.71652
-6.6981
-6.67663
-6.65477
-6.63406
-6.62007
-6.612
-6.60964
-6.61214
-6.62113
-6.63511
-6.65079
-6.66756
-6.68433
-6.69921
-6.71165
-6.71704
-6.71868
-6.71487
-6.70527
-6.69264
-6.67566
-6.65866
-6.64668
-6.63689
-6.63
-6.62484
-6.62008
-6.61519
-6.60963
-6.60336
-6.59741
-6.59243
-6.59273
-6.59663
-6.60753
-6.61848
-6.63257
-6.64705
-6.65753
-6.66715
-6.67112
-6.67563
-6.6745
-6.67627
-6.67933
-6.68626
-6.69927
-6.71476
-6.73294
-6.75246
-6.76698
-6.77627
-6.78027
-6.77739
-6.76937
-6.75831
-6.74292
-6.72829
-6.71204
-6.69888
-6.68533
-6.66989
-6.65957
-6.65333
-6.6438
-6.63124
-6.61675
-6.60143
-6.58892
-6.5799
-6.57753
-6.5807
-6.58993
-6.59637
-6.60329
-6.60781
-6.61212
-6.61441
-6.61814
-6.62032
-6.62035
-6.61992
-6.61583
-6.60922
-6.60148
-6.59453
-6.59292
-6.59946
-6.61726
-6.63997
-6.66928
-6.70058
-6.73094
-6.75495
-6.77366
-6.78193
-6.77957
-6.77344
-6.75946
-6.74337
-6.72678
-6.70812
-6.68805
-6.66919
-6.64953
-6.62967
-6.61142
-6.60009
-6.59735
-6.59948
-6.6106
-6.62687
-6.64617
-6.66842
-6.68761
-6.70212
-6.71474
-6.72293
-6.73162
-6.74145
-6.74418
-6.74951
-6.75316
-6.75154
-6.74517
-6.73443
-6.71913
-6.70181
-6.68145
-6.65965
-6.63303
-6.6047
-6.57991
-6.5579
-6.54453
-6.54045
-6.54313
-6.5523
-6.56951
-6.59073
-6.61201
-6.63607
-6.6605
-6.68221
-6.7002
-6.71193
-6.71298
-6.70528
-6.69361
-6.67577
-6.66005
-6.65139
-6.6508
-6.65545
-6.66329
-6.67221
-6.68142
-6.69218
-6.70669
-6.71913
-6.73703
-6.75262
-6.7689
-6.78267
-6.79303
-6.79667
-6.78959
-6.77845
-6.76078
-6.74299
