0.793591
0.771664
0.735023
0.684817
0.62285
0.551887
0.47574
0.399174
0.3276
0.26639
0.21999
0.191083
0.180096
0.185261
0.203167
0.229574
0.260219
0.291388
0.320229
0.344826
0.364146
0.377894
0.386354
0.3902
0.390409
0.388079
0.384334
0.380247
0.376784
0.374673
0.374395
0.37617
0.379959
0.385542
0.392473
0.40027
0.408435
0.416505
0.42409
0.430852
0.436557
0.440984
0.443929
0.445242
0.444771
0.442432
0.438215
0.432313
0.425166
0.417447
0.41002
0.403799
0.399628
0.398176
0.399768
0.404319
0.411326
0.420039
0.429499
0.438713
0.446758
0.452924
0.456714
0.457878
0.456391
0.452503
0.44666
0.439486
0.431649
0.423769
0.416293
0.409431
0.40323
0.397621
0.392587
0.388269
0.384999
0.383229
0.383357
0.385461
0.389191
0.393785
0.398359
0.402279
0.405329
0.407655
0.409586
0.411398
0.413119
0.414556
0.415323
0.415056
0.413526
0.410694
0.406765
0.402046
0.396901
0.391643
0.386589
0.382022
0.378216
0.375436
0.373978
0.374064
0.375811
0.379186
0.384007
0.389921
0.396516
0.403358
0.410051
0.416317
0.422012
0.427055
0.431366
0.434853
0.437368
0.438758
0.438901
0.437706
0.435206
0.431618
0.427222
0.422432
0.417659
0.413298
0.409615
0.406725
0.404604
0.403133
0.402109
0.401315
0.40055
0.399732
0.398875
0.398156
0.397891
0.398441
0.400087
0.402955
0.406889
0.41143
0.415938
0.419683
0.42203
0.422556
0.421161
0.418099
0.413851
0.409046
0.404274
0.399883
0.396006
0.392504
0.389072
0.385449
0.381556
0.377586
0.373995
0.371449
0.370633
0.372066
0.375997
0.382355
0.390749
0.400578
0.41116
0.421803
0.431921
0.441057
0.44886
0.455139
0.459764
0.462656
0.463735
0.463023
0.460573
0.456522
0.451059
0.444413
0.436826
0.428468
0.419481
0.410018
0.400278
0.390579
0.381331
0.373018
0.366083
0.360877
0.357581
0.356193
0.356569
0.358462
0.36162
0.365811
0.370831
0.376501
0.382663
0.389159
0.395799
0.402411
0.408833
0.41493
0.420687
0.42613
0.431334
0.436356
0.441216
0.445842
0.450049
0.453556
0.45608
0.457319
0.457064
0.455115
0.451346
0.445741
0.438452
0.429876
0.420518
0.410973
0.401833
0.393581
0.386583
0.381095
0.37735
0.375618
0.376082
0.378717
0.383283
0.389289
0.39608
0.402994
0.409385
0.414711
0.41856
0.420638
0.420835
0.419219
0.416013
0.411564
0.406372
0.400972
0.39588
0.39149
0.388131
0.386039
0.385418
0.386411
0.389065
0.393325
0.39898
0.405593
0.41266
0.419675
0.426183
0.431853
0.436546
0.440282
0.443096
0.445039
0.446101
0.446187
0.445115
0.442704
0.438862
0.433678
0.427385
0.420401
0.413239
0.406366
0.400159
0.394856
0.39052
0.387034
0.384255
0.382022
0.380199
0.378803
0.377981
0.377969
0.379063
0.381505
0.385412
0.390674
0.396914
0.403607
0.410075
0.415609
0.419592
0.421653
0.421719
0.420081
0.4173
0.414023
0.410872
0.408269
0.40641
0.405284
0.404784
0.404758
0.405054
0.40555
0.406183
0.406965
0.407939
0.409154
0.41062
0.412296
0.414067
0.415667
0.416752
0.416943
0.415933
0.41352
0.409745
0.404961
0.399729
0.394768
0.3908
0.388385
0.387819
0.38912
0.391976
0.395861
0.400077
0.403937
0.406911
0.408713
0.409392
0.409278
0.408866
0.408659
0.409037
0.410172
0.4121
0.414706
0.417775
0.421009
0.424047
0.426493
0.427926
0.427939
0.426271
0.422896
0.418014
0.41213
0.405949
0.400339
0.396121
0.393945
0.394115
0.396556
0.400853
0.406295
0.412045
0.417261
0.421237
0.423436
0.423593
0.421701
0.418001
0.412871
0.406813
0.400285
0.393708
0.38748
0.381997
0.377732
0.375194
0.37484
0.376979
0.38169
0.388776
0.397759
0.407994
0.41869
0.428977
0.43802
0.445108
0.449707
0.451499
0.450441
0.446762
0.440963
0.433745
0.425908
0.418236
0.411372
0.405791
0.401762
0.399316
0.398322
0.398462
0.399307
0.400298
0.400856
0.400529
0.399081
0.396545
0.393172
0.389405
0.385749
0.382642
0.380444
0.379373
0.379537
0.381002
0.383768
0.38781
0.392995
0.39913
0.405953
0.413099
0.420156
0.426654
0.432124
0.436224
0.438692
0.439453
0.438588
0.436319
0.433009
0.429057
0.424917
0.421015
0.417712
0.415175
0.413442
0.412409
0.411812
0.411303
0.410469
0.408948
0.40648
0.403026
0.398731
0.393946
0.389248
0.385332
0.382878
0.382387
0.384059
0.387664
0.392618
0.39804
0.40304
0.406964
0.409533
0.41094
0.411785
0.412844
0.414781
0.417814
0.42171
0.425896
0.429712
0.43269
0.434593
0.435339
0.43501
0.433724
0.431553
0.428618
0.425099
0.421195
0.417215
0.413347
0.409732
0.406432
0.403506
0.401044
0.39919
0.398183
0.398331
0.399905
0.403043
0.407728
0.41367
0.420377
0.427159
0.433188
0.437731
0.440055
0.439618
0.436126
0.429608
0.420413
0.4092
0.39693
0.384783
0.373967
0.365609
0.360584
0.359432
0.362231
0.368521
0.377376
0.387521
0.397466
0.4058
0.411448
0.413863
0.413116
0.409853
0.405142
0.400216
0.396163
0.393767
0.393334
0.394737
0.397545
0.401091
0.404685
0.407737
0.409823
0.410782
0.410693
0.409856
0.408695
0.40767
0.40719
0.407533
0.408807
0.410956
0.413879
0.417411
0.42145
0.425885
0.430618
0.435504
0.440364
0.44493
0.448908
0.452043
0.454108
0.454852
0.45409
0.451696
0.447598
0.44186
0.434752
0.426719
0.418328
0.410061
0.402227
0.394889
0.387891
0.38104
0.374228
0.36753
0.361224
0.355708
0.351444
0.348865
0.348274
0.349802
0.353425
0.358996
0.366212
0.374745
0.384204
0.394159
0.404178
0.413844
0.422759
0.430555
0.436861
0.441384
0.443955
0.444509
0.443102
0.439846
0.434929
0.428617
0.421208
0.413103
0.404793
0.396828
0.389812
0.384374
0.380998
0.380079
0.381822
0.386139
0.392543
0.400224
0.408186
0.415499
0.421458
0.425686
0.428114
0.42889
0.428318
0.426725
0.424514
0.422078
0.419759
0.417874
0.416581
0.415855
0.415544
0.41547
0.415445
0.415344
0.415152
0.414874
0.414582
0.414391
0.414429
0.414765
0.415448
0.416411
0.417461
0.418265
0.418396
0.417458
0.415136
0.411282
0.405998
0.399633
0.392764
0.386114
0.380449
0.376441
0.374533
0.374885
0.377376
0.381647
0.387135
0.393167
0.39897
0.403733
0.406751
0.407561
0.406095
0.402747
0.398308
0.393832
0.390435
0.389044
0.390266
0.394256
0.400695
0.408911
0.417934
0.426747
0.434447
0.440402
0.444271
0.44604
0.445942
0.444352
0.44168
0.438236
0.434235
0.429748
0.424823
0.419545
0.414069
0.40865
0.403672
0.399592
0.396812
0.395605
0.396064
0.39804
0.401144
0.404808
0.408415
0.4114
0.413308
0.413901
0.413126
0.411092
0.408004
0.404141
0.399846
0.39548
0.391421
0.388002
0.385631
0.384666
0.385405
0.388072
0.392739
0.399291
0.407407
0.416516
0.425844
0.43455
0.441842
0.447136
0.450012
0.450196
0.447541
0.442057
0.433947
0.423725
0.412242
0.400685
0.390418
0.382791
0.378759
0.37876
0.382591
0.389507
0.398387
0.408035
0.417361
0.425496
0.431817
0.4359
0.437478
0.436422
0.43277
0.426783
0.41893
0.409905
0.400537
0.391682
0.38408
0.378258
0.374511
0.372927
0.373381
0.375592
0.379143
0.383554
0.38834
0.393118
0.397666
0.40194
0.406063
0.410164
0.414387
0.418768
0.423218
0.427506
0.431306
0.434258
0.436017
0.436257
0.434767
0.431466
0.426431
0.41991
0.412312
0.40421
0.396258
0.38916
0.383606
0.380167
0.379145
0.380454
0.383656
0.388004
0.392631
0.396767
0.399887
0.401817
0.402693
0.40289
0.402938
0.403404
0.404764
0.40729
0.410956
0.415491
0.420453
0.425351
0.429751
0.433325
0.435812
0.436999
0.43671
0.434757
0.4311
0.425812
0.419227
0.4119
0.404596
0.398233
0.393623
0.391375
0.391673
0.394222
0.398311
0.403061
0.407583
0.411183
0.413416
0.414131
0.413436
0.411597
0.408999
0.406045
0.403131
0.40056
0.398604
0.397495
0.397446
0.398571
0.40091
0.404316
0.40852
0.413065
0.417448
0.421106
0.42355
0.424475
0.423807
0.421717
0.418508
0.414555
0.410357
0.406467
0.403454
0.401794
0.401823
0.403583
0.406885
0.411281
0.416224
0.421138
0.42554
0.429047
0.431436
0.432662
0.43282
0.432106
0.43076
0.428895
0.42645
0.423325
0.419442
0.414828
0.409686
0.404401
0.399463
0.395279
0.392078
0.389882
0.388497
0.387621
0.387005
0.386503
0.386141
0.386046
0.386486
0.387732
0.389996
0.393369
0.397754
0.40287
0.408336
0.413717
0.418581
0.422526
0.425243
0.426512
0.426216
0.424389
0.421189
0.416881
0.411855
0.4066
0.401627
0.397405
0.394251
0.392359
0.391851
0.392759
0.395043
0.398626
0.403329
0.408876
0.414818
0.420608
0.425659
0.429413
0.431478
0.431654
0.430032
0.426888
0.422567
0.417492
0.412056
0.406622
0.401513
0.397039
0.393514
0.391183
0.390135
0.390287
0.39129
0.392623
0.393703
0.39396
0.392994
0.390702
0.387371
0.383668
0.380546
0.379054
0.380076
0.384166
0.391408
0.401359
0.413142
0.425568
0.437341
0.44725
0.454332
0.458061
0.458405
0.455771
0.450946
0.444869
0.438441
0.432385
0.427121
0.422824
0.419512
0.417141
0.415655
0.414968
0.414911
0.415174
0.415255
0.414613
0.412689
0.409091
0.403643
0.396471
0.387968
0.378833
0.369965
0.362273
0.356531
0.353277
0.352707
0.354807
0.359378
0.366116
0.37466
0.384642
0.395669
0.407342
0.419258
0.430935
0.441845
0.451353
0.458789
0.46356
0.465245
0.463638
0.458802
0.450999
0.440741
0.428694
0.415659
0.402591
0.390492
0.380369
0.373158
0.369567
0.369872
0.373861
0.380878
0.389954
0.400054
0.410199
0.419564
0.427455
0.43337
0.436979
0.438118
0.436863
0.43348
0.428391
0.422086
0.415071
0.407824
0.40085
0.394693
0.38983
0.386662
0.385401
0.386058
0.388461
0.392252
0.39705
0.402529
0.408467
0.414718
0.421172
0.427657
0.433883
0.43937
0.443541
0.445778
0.445577
0.442644
0.43698
0.428927
0.419158
0.408551
0.398083
0.388648
0.380929
0.375383
0.372251
0.371559
0.373197
0.376831
0.381987
0.388021
0.394267
0.40009
0.404955
0.408519
0.410506
0.410842
0.409586
0.406982
0.403471
0.399641
0.396135
0.393553
0.392417
0.393026
0.395364
0.399091
0.403666
0.40845
0.41289
0.416665
0.41969
0.422138
0.424221
0.426136
0.428002
0.429799
0.431504
0.433026
0.434312
0.435248
0.435666
0.43534
0.434002
0.431455
0.427626
0.422575
0.416537
0.409876
0.403041
0.396488
0.390614
0.385776
0.382283
0.380416
0.380346
0.382163
0.385815
0.391101
0.397598
0.404755
0.41186
0.418169
0.422999
0.425847
0.426459
0.424916
0.421602
0.417172
0.412349
0.407862
0.404284
0.401935
0.400851
0.400808
0.401386
0.402138
0.402656
0.402762
0.40248
0.402079
0.401982
0.402647
0.404438
0.407615
0.412275
0.418302
0.425312
0.432664
0.439489
0.44482
0.447779
0.447729
0.444289
0.437385
0.427297
0.414625
0.40023
0.385201
0.370769
0.358193
0.348623
0.342958
0.341743
0.34509
0.352628
0.363598
0.376974
0.391621
0.406416
0.420326
0.432485
0.442251
0.449195
0.453042
0.453751
0.451464
0.446573
0.439713
0.431639
0.423154
0.415089
0.40811
0.402719
0.399254
0.397818
0.398352
0.400603
0.404134
0.408366
0.412618
0.416217
0.418524
0.419056
0.417616
0.414277
0.409397
0.403597
0.397654
0.392404
0.388535
0.386501
0.386401
0.387937
0.39055
0.393601
0.396487
0.398807
0.400402
0.401326
0.401811
0.402103
0.402406
0.402925
0.403782
0.405099
0.407036
0.409752
0.413358
0.417823
0.422901
0.428167
0.433084
0.437177
0.440048
0.441471
0.441396
0.439895
0.437082
0.433093
0.428024
0.421978
0.415126
0.407672
0.39999
0.392597
0.386047
0.38095
0.377748
0.376767
0.378192
0.381954
0.387831
0.395379
0.403907
0.41255
0.420289
0.426156
0.429414
0.429628
0.426733
0.421147
0.413599
0.405114
0.396854
0.389923
0.385203
0.383207
0.383977
0.38716
0.392076
0.397938
0.403951
0.40949
0.414129
0.417679
0.420177
0.421768
0.422615
0.422972
0.423134
0.42343
0.424162
0.425562
0.427695
0.430392
0.43329
0.435902
0.437717
0.438313
0.43748
0.435248
0.43186
0.427731
0.423291
0.41895
0.41498
0.411524
0.408635
0.406269
0.404307
0.402564
0.400837
0.398882
0.396525
0.393664
0.390231
0.386329
0.382214
0.378324
0.375247
0.373623
0.374019
0.376778
0.381901
0.38898
0.397172
0.405349
0.412291
0.416999
0.418827
0.417665
0.413882
0.408208
0.401631
0.395155
0.389745
0.386198
0.385088
0.386658
0.390816
0.397139
0.404982
0.41354
0.42203
0.429735
0.436091
0.440728
0.443456
0.444327
0.443496
0.441277
0.438037
0.434141
0.429927
0.425696
0.421719
0.418192
0.415299
0.413218
0.412053
0.411874
0.412689
0.414391
0.416821
0.419708
0.422667
0.425208
0.426885
0.42734
0.42639
0.424069
0.42064
0.416552
0.412298
0.408389
0.405233
0.403031
0.401833
0.401552
0.402066
0.403214
0.404813
0.406593
0.408273
0.409571
0.410176
0.40981
0.40825
0.405385
0.4012
0.395837
0.389569
0.382855
0.376222
0.370272
0.365551
0.362476
0.361298
0.36209
0.364772
0.369141
0.37491
0.381715
0.389129
0.396702
0.403984
0.410601
0.416252
0.420757
0.424108
0.426478
0.428191
0.429635
0.431106
0.432758
0.434558
0.436244
0.43746
0.437883
0.437341
0.435842
0.433579
0.430884
0.428129
0.425564
0.423335
0.42145
0.419804
0.418213
0.416437
0.414261
0.411482
0.407982
0.403754
0.39899
0.394021
0.389315
0.385392
0.382669
0.381374
0.381529
0.382978
0.385478
0.388762
0.392563
0.396724
0.401107
0.405617
0.410211
0.414841
0.419457
0.423951
0.428137
0.431743
0.434441
0.435877
0.435732
0.433775
0.429891
0.424141
0.416785
0.408323
0.399434
0.390928
0.38354
0.377755
0.37377
0.371542
0.370957
0.371922
0.374442
0.378656
0.384718
0.392689
0.402422
0.413475
0.425082
0.43623
0.445842
0.452939
0.456749
0.45686
0.453272
0.446409
0.436982
0.425945
0.414357
0.403257
0.39367
0.386537
0.382598
0.382273
0.385543
0.39189
0.400381
0.409804
0.418882
0.426509
0.431879
0.434574
0.434483
0.431847
0.427109
0.420865
0.413795
0.40655
0.399715
0.393833
0.389366
0.386632
0.385809
0.386931
0.389848
0.394286
0.399821
0.405923
0.412042
0.417691
0.422493
0.426168
0.428528
0.429442
0.428822
0.426613
0.422819
0.417584
0.411151
0.40389
0.396286
0.388929
0.382522
0.377817
0.37546
0.375718
0.378299
0.382392
0.387058
0.391544
0.395524
0.399116
0.402702
0.406648
0.411144
0.416111
0.421277
0.426244
0.430656
0.434263
0.436979
0.438809
0.439821
0.440123
0.439789
0.438833
0.437237
0.43497
0.432109
0.42878
0.425171
0.42143
0.417656
0.413886
0.410128
0.406433
0.402954
0.399917
0.397593
0.396225
0.395902
0.396503
0.397727
0.399198
0.400601
0.401761
0.402629
0.403244
0.403704
0.404102
0.404525
0.405032
0.405652
0.406416
0.407315
0.408388
0.409678
0.411242
0.413124
0.415324
0.41769
0.419969
0.421757
0.422653
0.422338
0.420686
0.417794
0.413942
0.409563
0.405179
0.401336
0.398497
0.396952
0.396799
0.397978
0.400303
0.403506
0.407266
0.41114
0.414629
0.417168
0.418267
0.417554
0.414883
0.410388
0.404491
0.397897
0.391473
0.386105
0.382619
0.381576
0.383212
0.38737
0.393575
0.401203
0.409584
0.418036
0.426039
0.433246
0.439387
0.444246
0.447635
0.449344
0.449231
0.44733
0.44385
0.439132
0.433591
0.427657
0.421641
0.415764
0.410127
0.404762
0.399695
0.394995
0.390783
0.387211
0.384379
0.382318
0.380945
0.380088
0.379525
0.379097
0.378808
0.378807
0.379405
0.380954
0.38372
0.387836
0.393302
0.399918
0.407358
0.415149
0.422678
0.429288
0.434404
0.437695
0.439134
0.438972
0.437638
0.435593
0.433173
0.430456
0.427256
0.423258
0.418204
0.412022
0.40498
0.397628
0.390738
0.38513
0.381478
0.380205
0.381415
0.384906
0.390176
0.396501
0.403075
0.409176
0.414262
0.418024
0.420442
0.421714
0.422194
0.422218
0.422088
0.42199
0.42201
0.422228
0.422708
0.423546
0.424821
0.426557
0.42871
0.431155
0.433658
0.435898
0.437516
0.438114
0.437363
0.435056
0.431085
0.42547
0.418396
0.410243
0.401628
0.393289
0.385994
0.380392
0.376938
0.375779
0.376765
0.379538
0.383546
0.388202
0.392927
0.397254
0.400881
0.403666
0.405586
0.406602
0.40669
0.405963
0.404646
0.403123
0.40183
0.401072
0.400955
0.401359
0.402107
0.403042
0.404086
0.405286
0.406736
0.408496
0.410483
0.412463
0.414136
0.415172
0.415288
0.41435
0.412422
0.409749
0.406647
0.403504
0.40067
0.398443
0.397073
0.39677
0.397669
0.399889
0.403487
0.408407
0.414509
0.421535
0.429072
0.436556
0.443354
0.448821
0.452353
0.453494
0.452022
0.448013
0.441867
0.434193
0.425828
0.417629
0.410377
0.404628
0.400739
0.398779
0.398628
0.400009
0.402523
0.405672
0.408941
0.411878
0.414164
0.415581
0.416067
0.415601
0.414209
0.41193
0.408789
0.404855
0.400179
0.394881
0.389117
0.38314
0.377374
0.372361
0.368751
0.36719
0.368128
0.37169
0.377614
0.385272
0.393774
0.402117
0.409329
0.414675
0.417678
0.418251
0.416666
0.413533
0.409707
0.406119
0.403612
0.402696
0.403507
0.405855
0.409339
0.413498
0.417953
0.422413
0.426646
0.430465
0.43369
0.436163
0.437777
0.438503
0.438349
0.437347
0.435566
0.433053
0.429817
0.425926
0.421443
0.41659
0.411681
0.407102
0.403224
0.400332
0.398572
0.39794
0.398394
0.399874
0.402272
0.405442
0.409109
0.41289
0.416213
0.418435
0.418963
0.417402
0.413704
0.408216
0.401668
0.394949
0.388856
0.383961
0.3805
0.378452
0.37763
0.377752
0.378606
0.379982
0.381701
0.383668
0.385958
0.388763
0.392365
0.39701
0.402775
0.40957
0.417106
0.424967
0.43266
0.439642
0.445347
0.449304
0.451177
0.450702
0.447795
0.442551
0.43527
0.426424
0.416598
0.406498
0.396845
0.388325
0.381583
0.37711
0.375226
0.376038
0.379451
0.385164
0.392643
0.401231
0.410203
0.418877
0.426633
0.432945
0.437394
0.439627
0.439375
0.43654
0.43124
0.423845
0.415006
0.405632
0.396789
0.389605
0.385033
0.383668
0.385725
0.391005
0.398875
0.408402
0.418444
0.427775
0.435303
0.440143
0.441759
0.439979
0.435028
0.427461
0.418056
0.40773
0.397475
0.388292
0.38108
0.376528
0.375021
0.376569
0.380849
0.387294
0.395208
0.403876
0.412612
0.420813
0.427949
0.433603
0.437433
0.439231
0.438904
0.43646
0.432057
0.426019
0.418798
0.410957
0.403137
0.395988
0.390111
0.385955
0.383822
0.383813
0.385819
0.389547
0.394563
0.400268
0.406005
0.411172
0.415349
0.418262
0.419846
0.420197
0.419479
0.417905
0.415721
0.413182
0.410557
0.408091
0.405981
0.404353
0.403224
0.402494
0.40205
0.401833
0.401855
0.402195
0.402958
0.40414
0.40565
0.407371
0.409242
0.41124
0.413391
0.415661
0.417976
0.420149
0.421932
0.423026
0.423144
0.422109
0.419895
0.41661
0.412544
0.408204
0.404208
0.401203
0.399669
0.399736
0.401025
0.402756
0.403969
0.403838
0.401885
0.398117
0.392999
0.387331
0.38202
0.377928
0.375784
0.376075
0.37893
0.38417
0.3913
0.399571
0.408031
0.415728
0.421768
0.425521
0.426701
0.425405
0.422122
0.417726
0.413247
0.40963
0.407559
0.407248
0.408375
0.410333
0.412326
0.413691
0.414002
0.413145
0.411373
0.409214
0.407367
0.406513
0.40709
0.409122
0.41215
0.415324
0.417672
0.418301
0.416792
0.413184
0.408062
0.402359
0.397181
0.393516
0.392031
0.392939
0.396014
0.400764
0.406633
0.413088
0.419735
0.426268
0.432371
0.4377
0.441888
0.444666
0.445857
0.445423
0.443457
0.440155
0.435769
0.430606
0.424926
0.418946
0.412943
0.407233
0.402143
0.398075
0.395433
0.394469
0.395283
0.397717
0.401348
0.405532
0.409469
0.412406
0.413818
0.413461
0.411413
0.408008
0.403717
0.399077
0.394621
0.390869
0.38835
0.387433
0.388197
0.390329
0.393196
0.39605
0.398231
0.399401
0.399601
0.399171
0.398674
0.398667
0.3995
0.401241
0.403671
0.406388
0.408981
0.411107
0.412525
0.413125
0.41282
0.411625
0.409618
0.406995
0.40406
0.401134
0.398557
0.396658
0.395764
0.396108
0.397904
0.401216
0.405951
0.411846
0.418532
0.425506
0.432233
0.438195
0.442911
0.44605
0.447518
0.447409
0.446054
0.443942
0.441459
0.438795
0.435931
0.432727
0.429142
0.425305
0.42149
0.418009
0.415033
0.412515
0.41016
0.407572
0.404425
0.400542
0.396035
0.391252
0.386725
0.383031
0.380667
0.379901
0.380736
0.382856
0.385764
0.388852
0.391537
0.393359
0.39402
0.393408
0.391644
0.388954
0.385678
0.382214
0.379054
0.376725
0.3757
0.376331
0.378802
0.383085
0.388998
0.39623
0.404451
0.413327
0.422511
0.43161
0.440143
0.447639
0.453703
0.458123
0.460828
0.461876
0.461401
0.459501
0.456209
0.451583
0.44572
0.438757
0.430897
0.422409
0.41363
0.404947
0.396764
0.389587
0.383981
0.380497
0.379539
0.381238
0.385353
0.391256
0.398074
0.404875
0.410884
0.415581
0.418696
0.420176
0.420137
0.418787
0.4164
0.413259
0.409678
0.406076
0.40288
0.400454
0.399042
0.398704
0.399355
0.400729
0.402443
0.404041
0.405018
0.404961
0.403564
0.400705
0.396529
0.391358
0.385639
0.379941
0.374913
0.371199
0.369414
0.370094
0.373547
0.379788
0.388487
0.399007
0.41053
0.422173
0.433137
0.442712
0.450387
0.455808
0.458829
0.459446
0.457797
0.454079
0.448552
0.441537
0.433385
0.424525
0.415474
0.406791
0.399066
0.392808
0.388405
0.386042
0.38566
0.387033
0.389766
0.393432
0.397626
0.401956
0.406133
0.409918
0.413158
0.415781
0.417734
0.418996
0.419623
0.419662
0.419147
0.418099
0.416525
0.414407
0.411741
0.408602
0.405179
0.401804
0.398917
0.396978
0.396329
0.397167
0.399515
0.40315
0.407605
0.412296
0.416577
0.419869
0.421813
0.422327
0.421556
0.41974
0.417145
0.414009
0.410597
0.407169
0.404022
0.401492
0.399862
0.399316
0.399909
0.401605
0.404234
0.407623
0.411541
0.415781
0.420095
0.424125
0.427448
0.42954
0.429964
0.428481
0.425124
0.420189
0.414191
0.407741
0.401472
0.395976
0.391823
0.389556
0.389683
0.392503
0.397909
0.405352
0.413906
0.422464
0.429993
0.435727
0.439202
0.440267
0.439042
0.43581
0.430927
0.424737
0.41765
0.410107
0.402626
0.395708
0.389844
0.385455
0.382867
0.382277
0.383722
0.387075
0.39206
0.398202
0.404873
0.411404
0.417148
0.421593
0.424386
0.425449
0.424929
0.423141
0.420502
0.417472
0.414508
0.411986
0.41017
0.409215
0.40915
0.409879
0.411196
0.412794
0.414387
0.415754
0.41677
0.417394
0.417671
0.417619
0.417201
0.416374
0.415108
0.413426
0.411449
0.409401
0.407485
0.405807
0.404342
0.402935
0.401365
0.399478
0.397236
0.394788
0.392371
0.390303
0.388867
0.388199
0.388283
0.388992
0.390039
0.391155
0.392186
0.39309
0.393938
0.394913
0.396213
0.398014
0.40043
0.403469
0.407015
0.410842
0.414583
0.417822
0.420152
0.421262
0.420998
0.419399
0.416687
0.413245
0.409585
0.406319
0.404019
0.403168
0.404063
0.406746
0.411062
0.416647
0.423016
0.429544
0.435514
0.440262
0.443215
0.443987
0.442494
0.438868
0.433502
0.427042
0.420306
0.414214
0.409558
0.406829
0.406117
0.407086
0.409095
0.41143
0.413536
0.415087
0.415985
0.416312
0.416209
0.415815
0.415229
0.41451
0.413656
0.412656
0.411486
0.410103
0.408494
0.406616
0.404456
0.401961
0.399213
0.396345
0.393551
0.391073
0.389107
0.387764
0.38706
0.386874
0.38705
0.387469
0.388015
0.388603
0.389199
0.389768
0.390285
0.390747
0.39115
0.39148
0.391699
0.391737
0.391534
0.391088
0.390524
0.390081
0.38998
0.39045
0.391612
0.393487
0.395998
0.399091
0.402763
0.407152
0.412398
0.418574
0.425492
0.432728
0.439615
0.445388
0.449427
0.451411
0.451471
0.450037
0.447769
0.445317
0.443195
0.441636
0.440574
0.439644
0.438206
0.435584
0.431219
0.424854
0.416641
0.407059
0.396833
0.386798
0.377797
0.370521
0.365492
0.363009
0.363146
0.365906
0.371176
0.378731
0.38817
0.398875
0.409968
0.42035
0.428875
0.434557
0.436755
0.435272
0.43042
0.422984
0.414093
0.405044
0.397161
0.391493
0.388654
0.388716
0.39128
0.395636
0.400949
0.406434
0.411495
0.41573
0.418918
0.42101
0.422062
0.422282
0.421951
0.421308
0.420519
0.419661
0.41865
0.417258
0.415247
0.412411
0.408637
0.404007
0.398807
0.393445
0.388484
0.384519
0.382173
0.381918
0.384031
0.388524
0.39518
0.40352
0.41285
0.422406
0.431301
0.438822
0.444445
0.447875
0.449067
0.448225
0.445626
0.441646
0.436539
0.430451
0.423383
0.415264
0.406085
0.3959
0.38503
0.374069
0.36392
0.355745
0.350815
0.350238
0.354608
0.363796
0.376814
0.392074
0.407726
0.422037
0.433644
0.441675
0.445791
0.446078
0.442992
0.437326
0.430059
0.422294
0.415052
0.409247
0.405535
0.404258
0.405425
0.408753
0.413701
0.419559
0.425634
0.43136
0.436337
0.440326
0.443162
0.444756
0.445056
0.444091
0.441961
0.438811
0.434862
0.430272
0.425204
0.419791
0.414131
0.408376
0.402787
0.397701
0.393363
0.389849
0.387077
0.384793
0.382759
0.380819
0.37899
0.377488
0.376695
0.376981
0.378684
0.382039
0.387087
0.393624
0.401228
0.40928
0.417102
0.423994
0.429442
0.433145
0.435006
0.435127
0.433806
0.431433
0.428411
0.425052
0.421619
0.418224
0.414888
0.411573
0.408246
0.404943
0.401825
0.399064
0.396908
0.395601
0.395295
0.396084
0.397986
0.400918
0.404669
0.408934
0.413353
0.417534
0.421123
0.423863
0.425561
0.42622
0.425934
0.424846
0.423126
0.420919
0.418281
0.415292
0.412094
0.408899
0.405993
0.403716
0.402364
0.402087
0.402836
0.404334
0.406142
0.407741
0.408635
0.408498
0.407163
0.404681
0.401304
0.397391
0.393367
0.389509
0.385999
0.382908
0.380286
0.378183
0.376773
0.376317
0.377129
0.379449
0.383363
0.388785
0.395452
0.402975
0.410876
0.418674
0.425956
0.432352
0.43757
0.441409
0.443693
0.444324
0.443303
0.440755
0.436811
0.431728
0.425792
0.419261
0.412363
0.405366
0.398614
0.392559
0.387809
0.385033
0.38482
0.387488
0.392967
0.400749
0.409996
0.419798
0.429299
0.437796
0.44479
0.449906
0.452867
0.453491
0.451659
0.44737
0.440772
0.432198
0.422141
0.411182
0.399914
0.388968
0.378905
0.370172
0.363119
0.357923
0.354647
0.353263
0.353671
0.355683
0.35909
0.363678
0.369228
0.375515
0.382308
0.389339
0.396315
0.402932
0.408861
0.413754
0.41725
0.419053
0.418972
0.416939
0.413101
0.407768
0.401514
0.395101
0.389458
0.385575
0.384266
0.386083
0.391148
0.3991
0.40915
0.420172
0.430949
0.440382
0.447586
0.451993
0.453393
0.451929
0.448067
0.442521
0.436112
0.429597
0.423506
0.418109
0.413392
0.409161
0.405236
0.401567
0.398328
0.395822
0.394494
0.394805
0.39706
0.401252
0.407146
0.414261
0.421961
0.429509
0.436247
0.441575
0.445031
0.446283
0.445162
0.441586
0.435567
0.427217
0.416795
0.404801
0.391914
0.379069
0.3674
0.358071
0.352084
0.350066
0.352181
0.358186
0.367494
0.379225
0.392374
0.405826
0.418472
0.429281
0.437388
0.442155
0.443187
0.440346
0.433754
0.423813
0.411227
0.397047
0.382656
0.369668
0.359754
0.354335
0.354308
0.359836
0.370305
0.384454
0.400671
0.417204
0.432452
0.4451
0.454147
0.458953
0.459255
0.455167
0.447241
0.436446
0.424122
0.411799
0.401014
0.393031
0.388692
0.388305
0.391641
0.398022
0.40652
0.416076
0.425594
0.434074
0.440705
0.444905
0.446391
0.445171
0.441448
0.435691
0.428555
0.420775
0.413115
0.406289
0.400929
0.397486
0.396086
0.396527
0.398339
0.400794
0.403172
0.404918
0.405662
0.405265
0.403799
0.401519
0.398816
0.396122
0.393924
0.392617
0.39245
0.393537
0.39582
0.399106
0.403139
0.407559
0.41188
0.415557
0.418018
0.41884
0.417941
0.415616
0.412483
0.409343
0.406971
0.405928
0.406439
0.408385
0.411277
0.414432
0.417189
0.418953
0.419326
0.418241
0.415916
0.412796
0.40946
0.406492
0.40434
0.403226
0.403073
0.403614
0.404446
0.405177
0.405528
0.405323
0.404522
0.403172
0.401454
0.399729
0.398417
0.398026
0.398961
0.401368
0.405041
0.40953
0.414205
0.418475
0.421878
0.424142
0.425172
0.425003
0.423792
0.421795
0.419329
0.416779
0.414469
0.412686
0.41162
0.411395
0.411975
0.413162
0.41466
0.416133
0.417212
0.417621
0.417226
0.416036
0.414189
0.411935
0.409576
0.407382
0.405549
0.404179
0.403261
0.402711
0.402409
0.402238
0.402143
0.402158
0.402301
0.402519
0.402688
0.402694
0.402549
0.4024
0.402577
0.403442
0.405251
0.408099
0.411796
0.415949
0.420032
0.423462
0.425711
0.426366
0.425163
0.422099
0.417333
0.4113
0.404605
0.39799
0.3922
0.387913
0.385612
0.385495
0.387483
0.391253
0.396361
0.402332
0.408747
0.415228
0.421433
0.426977
0.431456
0.434494
0.43577
0.435178
0.432824
0.429012
0.424224
0.419
0.413911
0.409502
0.406161
0.404142
0.403569
0.404436
0.40658
0.40973
0.413473
0.417275
0.420485
0.422415
0.422473
0.420291
0.415852
0.409544
0.402117
0.394403
0.38716
0.380956
0.376015
0.372292
0.369655
0.367974
0.367236
0.367587
0.369257
0.372431
0.377154
0.383269
0.39044
0.39824
0.406282
0.414254
0.421986
0.429398
0.436417
0.442918
0.448679
0.453354
0.456559
0.45785
0.456824
0.453273
0.447112
0.438576
0.428183
0.416802
0.40544
0.395122
0.386648
0.380475
0.376662
0.375025
0.375256
0.377047
0.380181
0.384504
0.389847
0.395948
0.402467
0.408967
0.414959
0.420023
0.423821
0.426215
0.427261
0.427165
0.426247
0.424891
0.423523
0.422612
0.42258
0.423762
0.426275
0.429901
0.434067
0.43789
0.440366
0.440497
0.437556
0.431138
0.421363
0.408784
0.394374
0.379374
0.365158
0.353027
0.344048
0.338919
0.337896
0.340782
0.34699
0.355715
0.366044
0.377099
0.388064
0.39823
0.407022
0.414038
0.419057
0.422096
0.423345
0.423253
0.422378
0.42129
0.420523
0.420407
0.421046
0.422427
0.424405
0.426778
0.429371
0.432085
0.4349
0.437815
0.440783
0.443664
0.446173
0.447839
0.448147
0.446616
0.442974
0.437154
0.429422
0.420308
0.410545
0.400868
0.391941
0.384317
0.378391
0.374475
0.372771
0.373357
0.376175
0.380919
0.387015
0.393749
0.400276
0.40582
0.409787
0.411839
0.41194
0.410282
0.407234
0.403223
0.398753
0.394327
0.390444
0.387607
0.386234
0.386623
0.38897
0.393302
0.399423
0.406939
0.415232
0.423527
0.43102
0.437017
0.440973
0.442498
0.441374
0.437513
0.431062
0.422525
0.412757
0.402876
0.394017
0.387096
0.382645
0.38086
0.381682
0.384877
0.390073
0.396756
0.404245
0.411819
0.418768
0.424562
0.428817
0.431429
0.432583
0.432691
0.432234
0.431632
0.431178
0.430994
0.43102
0.43102
0.430674
0.429611
0.427548
0.424359
0.420126
0.415211
0.41023
0.405929
0.403013
0.401955
0.402841
0.405351
0.408879
0.412634
0.415839
0.417837
0.418218
0.416821
0.41384
0.40973
0.405142
0.400791
0.3973
0.39512
0.394502
0.395508
0.398049
0.401852
0.406498
0.411481
0.416264
0.420311
0.423199
0.424691
0.424667
0.423113
0.42018
0.416125
0.411347
0.406265
0.401313
0.396858
0.393161
0.390355
0.388472
0.387482
0.387322
0.387924
0.389168
0.390899
0.392881
0.394926
0.396864
0.398569
0.399976
0.401029
0.401705
0.401977
0.401834
0.401298
0.400483
0.399611
0.399012
0.399032
0.399972
0.402031
0.405215
0.409312
0.413955
0.418737
0.423248
0.427224
0.430506
0.433105
0.435056
0.436338
0.436898
0.436595
0.435282
0.43286
0.42929
0.424699
0.419271
0.413261
0.407008
0.400883
0.395276
0.390594
0.387165
0.385231
0.384875
0.386103
0.388751
0.392569
0.397222
0.402376
0.407658
0.412731
0.417335
0.421276
0.42441
0.426629
0.427767
0.427646
0.426178
0.423306
0.419145
0.413979
0.408162
0.402078
0.396023
0.390163
0.384609
0.379472
0.375053
0.371866
0.370517
0.371551
0.37522
0.381364
0.389452
0.398733
0.408379
0.417657
0.425968
0.432875
0.438082
0.441439
0.442943
0.442762
0.441223
0.438725
0.435763
0.432786
0.430121
0.427962
0.426324
0.424991
0.423692
0.422182
0.420279
0.417958
0.415328
0.412561
0.409847
0.40735
0.405139
0.40316
0.401273
0.399287
0.397039
0.39436
0.391166
0.387508
0.383539
0.379644
0.376388
0.374462
0.374501
0.376931
0.381839
0.388911
0.397414
0.406417
0.414994
0.422322
0.427863
0.431346
0.432797
0.432445
0.430595
0.427494
0.42329
0.418012
0.411589
0.40404
0.395565
0.386701
0.378404
0.371989
0.368871
0.370038
0.375657
0.384949
0.396501
0.408706
0.420131
0.429693
0.436716
0.440845
0.442106
0.440797
0.437473
0.432895
0.427864
0.423082
0.419055
0.416062
0.414215
0.413514
0.413809
0.414819
0.416186
0.417496
0.418365
0.418438
0.417479
0.415456
0.412526
0.408976
0.405194
0.401609
0.398552
0.396223
0.394661
0.393846
0.393715
0.394252
0.395514
0.397548
0.400354
0.403898
0.408067
0.412725
0.417673
0.422721
0.427662
0.432177
0.435892
0.438404
0.439307
0.438328
0.435355
0.430516
0.424124
0.416663
0.408733
0.400998
0.394141
0.388819
0.38555
0.38463
0.386009
0.389323
0.393922
0.398999
0.403728
0.407413
0.409571
0.409974
0.408584
0.405544
0.401146
0.395822
0.390172
0.384953
0.381057
0.379401
0.380656
0.385072
0.392345
0.401588
0.411578
0.421032
0.428878
0.434416
0.437383
0.43785
0.436147
0.432763
0.428257
0.423133
0.417851
0.412788
0.408279
0.404564
0.401804
0.400048
0.399247
0.399285
0.40007
0.401538
0.403719
0.406712
0.410638
0.415557
0.421342
0.427614
0.433747
0.438906
0.442166
0.442702
0.439982
0.433869
0.424726
0.413404
0.401171
0.389473
0.379739
0.373108
0.370168
0.370794
0.374275
0.379572
0.385581
0.391456
0.396644
0.400904
0.404239
0.406845
0.40896
0.410901
0.412965
0.415357
0.418162
0.421244
0.424287
0.426867
0.428555
0.429035
0.42816
0.42606
0.422994
0.419372
0.415676
0.412393
0.409891
0.408307
0.40747
0.406937
0.406168
0.404721
0.40238
0.399246
0.395707
0.39235
0.389835
0.38877
0.389553
0.392289
0.396736
0.402367
0.408446
0.414181
0.418836
0.421894
0.423106
0.422542
0.42051
0.417505
0.414133
0.410974
0.40852
0.407078
0.406693
0.40722
0.408381
0.409868
0.411429
0.412965
0.414523
0.416217
0.418123
0.420225
0.422389
0.424446
0.426266
0.427728
0.428724
0.429165
0.428978
0.42813
0.426616
0.424494
0.421837
0.418732
0.415265
0.411519
0.407547
0.403419
0.399217
0.395021
0.390903
0.386929
0.38309
0.379453
0.376117
0.373342
0.371537
0.371154
0.372678
0.376449
0.382443
0.390222
0.399006
0.407847
0.415887
0.422539
0.427555
0.430985
0.43304
0.434028
0.434256
0.433977
0.433286
0.432238
0.430806
0.428958
0.426634
0.423796
0.42047
0.41679
0.413019
0.409466
0.406456
0.40419
0.402653
0.401638
0.40087
0.40013
0.399331
0.398511
0.397821
0.39746
0.397547
0.398126
0.399162
0.400529
0.402087
0.403756
0.40549
0.407316
0.409319
0.411561
0.414032
0.416678
0.419322
0.421716
0.423628
0.424803
0.425071
0.424349
0.422641
0.420083
0.416949
0.413549
0.410284
0.407516
0.405512
0.404441
0.404236
0.404588
0.404983
0.404791
0.403441
0.400648
0.396577
0.391864
0.387528
0.384641
0.383951
0.385552
0.388939
0.3932
0.397334
0.400562
0.402371
0.402559
0.401237
0.398707
0.395457
0.392045
0.389053
0.387008
0.386303
0.387131
0.389475
0.393097
0.397588
0.402496
0.407386
0.41192
0.415936
0.41939
0.422318
0.424764
0.426745
0.428243
0.429262
0.429871
0.430214
0.430502
0.430865
0.431306
0.431674
0.431652
0.430865
0.428968
0.425807
0.421441
0.416136
0.410314
0.404524
0.399287
0.395022
0.392005
0.390329
0.38997
0.390903
0.393124
0.39658
0.401101
0.40635
0.411813
0.416901
0.421047
0.423787
0.424959
0.42464
0.423102
0.420736
0.417891
0.414859
0.411804
0.40884
0.406177
0.404057
0.402833
0.402847
0.404347
0.407357
0.411569
0.416392
0.421012
0.424504
0.426025
0.425021
0.42131
0.41507
0.406833
0.397455
0.387906
0.379231
0.372357
0.367986
0.366487
0.367883
0.37189
0.377944
0.385341
0.393371
0.401359
0.408733
0.415073
0.420144
0.423885
0.426458
0.428154
0.429292
0.43011
0.430728
0.431151
0.431299
0.43113
0.430682
0.430126
0.429709
0.429734
0.430424
0.431872
0.433966
0.436376
0.438633
0.440248
0.440779
0.439924
0.437579
0.433829
0.42896
0.423415
0.417705
0.412319
0.407618
0.403783
0.400777
0.398429
0.396493
0.394696
0.39283
0.390722
0.38831
0.38559
0.382691
0.379859
0.377389
0.375533
0.374388
0.373914
0.374001
0.374554
0.37556
0.37715
0.379545
0.383026
0.387812
0.393953
0.401284
0.409415
0.417847
0.426054
0.433586
0.440151
0.445578
0.4498
0.452873
0.454807
0.455576
0.455084
0.453188
0.44976
0.444763
0.438345
0.430871
0.422875
0.414933
0.407516
0.400914
0.395132
0.390069
0.385635
0.381939
0.379341
0.378363
0.379426
0.382612
0.38764
0.39397
0.40091
0.407675
0.413512
0.417757
0.419929
0.419868
0.417749
0.414023
0.409392
0.404637
0.400609
0.398131
0.397829
0.399933
0.40431
0.41039
0.417272
0.423837
0.429021
0.431983
0.432331
0.430147
0.42595
0.420616
0.415205
0.4107
0.407787
0.406661
0.406962
0.408038
0.409134
0.409677
0.409451
0.408568
0.407413
0.406467
0.406122
0.406607
0.407874
0.409667
0.41158
0.413178
0.414052
0.413857
0.412454
0.409885
0.40635
0.402208
0.397817
0.393497
0.389525
0.386136
0.3836
0.382263
0.382519
0.384653
0.388655
0.394115
0.400266
0.406236
0.411196
0.414582
0.416195
0.416225
0.4151
0.413352
0.411465
0.40975
0.408349
0.407263
0.40641
0.405795
0.405526
0.405799
0.406871
0.408907
0.411997
0.416096
0.421036
0.42648
0.432004
0.437195
0.441751
0.445494
0.448353
0.450305
0.451327
0.451225
0.449665
0.446277
0.440769
0.433098
0.423483
0.412412
0.400589
0.388809
0.377918
0.368759
0.362109
0.358545
0.358329
0.361359
0.367217
0.37528
0.384845
0.395243
0.405845
0.416057
0.425385
0.433348
0.439515
0.443513
0.445048
0.443971
0.440341
0.434502
0.427032
0.418595
0.409899
0.401541
0.394001
0.387629
0.382695
0.379365
0.377746
0.377831
0.37947
0.382336
0.386051
0.39019
0.394326
0.398127
0.401389
0.404058
0.406201
0.407996
0.409561
0.410862
0.411701
0.411715
0.410596
0.408243
0.404936
0.401337
0.398337
0.396876
0.397577
0.400729
0.406209
0.413524
0.421932
0.430499
0.438347
0.444799
0.449419
0.452046
0.452721
0.451651
0.449057
0.445183
0.440235
0.434429
0.428009
0.421275
0.41456
0.408227
0.402609
0.397957
0.39437
0.391797
0.390029
0.38873
0.38754
0.38614
0.384406
0.382443
0.380592
0.379343
0.379217
0.380581
0.383626
0.388333
0.394417
0.401431
0.408753
0.415767
0.421892
0.426643
0.429677
0.430824
0.430077
0.427612
0.423765
0.419011
0.413899
0.408947
0.404575
0.401088
0.398672
0.397329
0.396929
0.397239
0.397984
0.398959
0.399979
0.400958
0.401869
0.402744
0.40367
0.404753
0.406136
0.407906
0.410091
0.412695
0.415633
0.418757
0.421899
0.424946
0.42781
0.430427
0.432742
0.434668
0.436085
0.436901
0.437041
0.436571
0.435709
0.434779
0.434087
0.433785
0.433741
0.433552
0.432656
0.430459
0.42652
0.420684
0.413132
0.404308
0.394834
0.385433
0.376796
0.36951
0.36405
0.360634
0.359338
0.360102
0.362745
0.367057
0.372785
0.379626
0.387209
0.395107
0.402794
0.409746
0.415458
0.419545
0.421832
0.422352
0.421345
0.419203
0.416405
0.413456
0.41087
0.409062
0.408326
0.408769
0.410296
0.412705
0.415711
0.41893
0.422006
0.424557
0.426293
0.426968
0.426382
0.424378
0.420905
0.416046
0.410105
0.403659
0.397626
0.392995
0.390518
0.390514
0.392796
0.39687
0.402168
0.40811
0.414144
0.41975
0.424485
0.428055
0.43038
0.431613
0.43203
0.431923
0.431489
0.430769
0.429699
0.428182
0.426186
0.423832
0.421386
0.419166
0.417444
0.416325
0.415757
0.415501
0.415198
0.414441
0.412752
0.409785
0.405398
0.399657
0.392913
0.38578
0.379028
0.373467
0.369805
0.368512
0.36971
0.37323
0.378604
0.385185
0.392306
0.399353
0.405834
0.411411
0.415838
0.418991
0.420775
0.421154
0.420194
0.418015
0.414849
0.411003
0.406837
0.4027
0.398983
0.39604
0.394196
0.393732
0.39485
0.397602
0.401892
0.407476
0.413928
0.42074
0.427345
0.433206
0.437853
0.440976
0.442388
0.44203
0.43994
0.436135
0.430611
0.423374
0.414494
0.404206
0.393104
0.382356
0.373691
0.369195
0.370552
0.378223
0.391131
0.407098
0.423733
0.439056
0.451708
0.460798
0.465873
0.466786
0.463595
0.456639
0.446508
0.433976
0.419959
0.405491
0.391535
0.378993
0.368637
0.360965
0.356122
0.353887
0.353783
0.355158
0.357409
0.360078
0.362935
0.365894
0.368965
0.372269
0.375989
0.380364
0.385651
0.392082
0.399809
0.408808
0.418877
0.42961
0.440474
0.4508
0.459943
0.467334
0.472503
0.475145
0.475066
0.472176
0.466473
0.458066
0.447194
0.434248
0.419864
0.404862
0.390331
0.377458
0.367425
0.361253
0.359554
0.362479
0.36963
0.380077
0.392496
0.405386
0.417244
0.426762
0.43294
0.435214
0.433434
0.427898
0.419321
0.408664
0.397084
0.385725
0.375655
0.367716
0.362516
0.36043
0.361554
0.365721
0.372517
0.381298
0.391246
0.401494
0.411171
0.419539
0.426079
0.430499
0.432722
0.432907
0.431406
0.428729
0.42547
0.422227
0.419452
0.417416
0.416199
0.41575
0.415907
0.416442
0.41717
0.417918
0.418565
0.41898
0.419016
0.418486
0.417223
0.415104
0.412127
0.408443
0.404415
0.400541
0.397335
0.395145
0.394118
0.394139
0.39496
0.39633
0.398099
0.400203
0.402676
0.405594
0.409007
0.412941
0.417322
0.421987
0.426684
0.431111
0.434922
0.437792
0.43941
0.439532
0.437997
0.434738
0.429857
0.423621
0.416435
0.408794
0.401239
0.394251
0.388213
0.383358
0.379735
0.377271
0.37579
0.375115
0.375099
0.375616
0.376561
0.377833
0.379323
0.380913
0.382505
0.384087
0.385706
0.387494
0.389639
0.392309
0.395658
0.399741
0.404482
0.409642
0.414895
0.419867
0.424168
0.427485
0.429543
0.430118
0.429067
0.426356
0.42208
0.416518
0.410127
0.403519
0.397403
0.392522
0.389538
0.388962
0.391096
0.395935
0.403193
0.412352
0.422728
0.433487
0.443716
0.452477
0.458904
0.462253
0.462057
0.458199
0.450934
0.440864
0.428952
0.416434
0.404637
0.394761
0.387671
0.383713
0.382649
0.383783
0.386196
0.388993
0.391428
0.393086
0.393882
0.394039
0.393959
0.394091
0.39482
0.396374
0.39869
0.40144
0.404184
0.406486
0.407982
0.40855
0.408362
0.407748
0.407134
0.406893
0.407226
0.408113
0.409326
0.410506
0.411218
0.411061
0.409808
0.407436
0.404179
0.400469
0.396848
0.393926
0.392156
0.391776
0.39274
0.394757
0.397289
0.399805
0.401851
0.403206
0.403848
0.403961
0.403788
0.403546
0.403419
0.403477
0.403705
0.404071
0.404578
0.405249
0.406178
0.407517
0.409377
0.411872
0.415055
0.418933
0.423507
0.428724
0.434485
0.440565
0.446604
0.452091
0.456419
0.458976
0.459314
0.457179
0.452614
0.445985
0.437845
0.428785
0.419418
0.410236
0.401585
0.393739
0.386987
0.38169
0.378367
0.377565
0.379473
0.383805
0.389753
0.396233
0.402262
0.407148
0.410487
0.412082
0.411965
0.410221
0.407036
0.402673
0.397394
0.391549
0.385558
0.379953
0.375355
0.372362
0.371436
0.372746
0.376201
0.381517
0.388386
0.396489
0.405422
0.414698
0.423714
0.431724
0.437976
0.44184
0.44288
0.440923
0.436114
0.428943
0.420195
0.410829
0.40186
0.394276
0.388856
0.386133
0.386314
0.389276
0.394536
0.401333
0.408762
0.41594
0.42216
0.427001
0.430395
0.432547
0.433796
0.434486
0.434891
0.435101
0.435052
0.434511
0.433158
0.43067
0.426803
0.42148
0.414763
0.406874
0.398236
0.38941
0.381067
0.37399
0.368955
0.366543
0.366995
0.370169
0.375595
0.382582
0.390435
0.398494
0.406185
0.413006
0.418526
0.422504
0.42489
0.425839
0.425616
0.424544
0.422919
0.421002
0.418979
0.416945
0.414965
0.413054
0.411208
0.409431
0.40762
0.405684
0.403526
0.4011
0.398447
0.395789
0.393475
0.39193
0.391551
0.392554
0.394859
0.398153
0.402
0.40605
0.41013
0.414264
0.418583
0.423188
0.427976
0.432662
0.436816
0.439999
0.441902
0.442416
0.441656
0.43986
0.437343
0.434374
0.431102
0.427503
0.423527
0.41916
0.41446
0.409592
0.404846
0.40057
0.397107
0.39475
0.393607
0.393653
0.39467
0.396297
0.398082
0.399596
0.400507
0.400619
0.399922
0.398585
0.396911
0.395299
0.394142
0.393775
0.394422
0.396146
0.398838
0.402211
0.40587
0.409387
0.412381
0.414562
0.4158
0.416048
0.415345
0.413778
0.411427
0.408423
0.405018
0.401613
0.39873
0.396899
0.396505
0.39771
0.400324
0.403863
0.407745
0.411464
0.414662
0.417218
0.419135
0.420476
0.421217
0.421288
0.42062
0.419161
0.416969
0.414156
0.410921
0.40754
0.404307
0.401534
0.399493
0.398339
0.398109
0.39866
0.399755
0.401117
0.402507
0.403737
0.404753
0.405588
0.406403
0.40742
0.408821
0.41069
0.412904
0.415257
0.417461
0.419309
0.420719
0.421701
0.422295
0.42249
0.422214
0.421307
0.419582
0.416921
0.413301
0.408832
0.403698
0.398191
0.39259
0.387205
0.382302
0.378079
0.374688
0.372217
0.370722
0.37025
0.370865
0.372667
0.375858
0.380662
0.387295
0.395845
0.406101
0.417458
0.428999
0.439659
0.448395
0.454404
0.45721
0.456835
0.453698
0.448506
0.442164
0.435549
0.429452
0.424482
0.420984
0.419061
0.418543
0.419013
0.419907
0.420674
0.420821
0.420108
0.418483
0.416018
0.412903
0.409381
0.405751
0.402359
0.399535
0.397554
0.396498
0.396245
0.396413
0.396493
0.395997
0.394587
0.392282
0.389429
0.386676
0.384797
0.384413
0.385856
0.389119
0.393851
0.399466
0.405222
0.410305
0.414008
0.415764
0.415273
0.412551
0.407917
0.401929
0.395376
0.389201
0.384421
0.381999
0.38268
0.386832
0.394313
0.40447
0.416216
0.428258
0.439304
0.448238
0.454308
0.457235
0.457043
0.454095
0.448964
0.442344
0.434989
0.427632
0.42092
0.415306
0.410935
0.407659
0.405076
0.402696
0.400214
0.397589
0.395029
0.392918
0.391658
0.391472
0.392339
0.394041
0.396183
0.398337
0.400114
0.401209
0.40149
0.400987
0.399856
0.398362
0.39686
0.395679
0.395035
0.395032
0.395594
0.396472
0.397365
0.397982
0.398097
0.397643
0.396659
0.395386
0.394147
0.393289
0.393096
0.393787
0.395491
0.398317
0.402318
0.40757
0.414109
0.421752
0.429988
0.438021
0.444848
0.449441
0.451035
0.44923
0.444047
0.43584
0.425305
0.413359
0.401082
0.389636
0.380144
0.373539
0.370437
0.371074
0.37528
0.382462
0.391717
0.401989
0.412171
0.42126
0.428449
0.43324
0.435463
0.435255
0.432999
0.429217
0.424486
0.41932
0.414147
0.409269
0.404927
0.401363
0.398775
0.397284
0.396854
0.39728
0.398215
0.399242
0.399964
0.400099
0.399465
0.398032
0.395873
0.393183
0.390269
0.387551
0.38549
0.38453
0.385004
0.387098
0.390888
0.39627
0.40307
0.411035
0.419818
0.428964
0.43792
0.446074
0.452796
0.457552
0.460004
0.460076
0.458024
0.454339
0.449652
0.444549
0.439464
0.434511
0.429591
0.424493
0.418954
0.41277
0.405868
0.398329
0.390443
0.382639
0.375524
0.369792
0.366114
0.364995
0.366691
0.371039
0.377521
0.385331
0.393506
0.401126
0.407334
0.411477
0.413161
0.412276
0.40903
0.40389
0.397569
0.390962
0.385028
0.380693
0.37871
0.37941
0.382707
0.388084
0.394705
0.401677
0.408239
0.413846
0.418252
0.421446
0.423558
0.424783
0.425365
0.42556
0.425638
0.425921
0.426643
0.427904
0.429628
0.431436
0.432701
0.432719
0.430796
0.426504
0.419812
0.411086
0.401124
0.391055
0.382236
0.375981
0.373358
0.374914
0.380615
0.389842
0.401604
0.41476
0.428172
0.440859
0.452013
0.461005
0.467291
0.470508
0.470401
0.466893
0.460107
0.450364
0.438243
0.424503
0.410069
0.395998
0.383403
0.373407
0.366898
0.364367
0.365758
0.370519
0.377788
0.386589
0.395988
0.405198
0.41361
0.420747
0.426266
0.429926
0.431598
0.431227
0.428796
0.424311
0.41782
0.409441
0.399416
0.388275
0.376825
0.366147
0.357481
0.352017
0.350661
0.353896
0.361635
0.373235
0.387541
0.403048
0.418137
0.431375
0.441681
0.448494
0.451747
0.451742
0.449073
0.444493
0.438799
0.432673
0.426672
0.421134
0.4163
0.412313
0.409242
0.407151
0.406111
0.406172
0.407348
0.409607
0.412893
0.417074
0.421912
0.427034
0.431935
0.435983
0.438534
0.43905
0.437245
0.43319
0.427267
0.420115
0.41248
0.404953
0.39788
0.391398
0.385555
0.380375
0.375994
0.372554
0.370218
0.36908
0.36919
0.370572
0.373226
0.377159
0.382378
0.388809
0.396291
0.404535
0.41307
0.421353
0.428813
0.434895
0.439136
0.441223
0.441002
0.438544
0.434032
0.427825
0.420423
0.412447
0.404601
0.397582
0.391948
0.388109
0.386282
0.386452
0.388414
0.391834
0.396282
0.401339
0.406606
0.41177
0.4166
0.420989
0.424913
0.428335
0.431176
0.433236
0.434176
0.433627
0.43123
0.426851
0.420694
0.413386
0.405928
0.399503
0.395186
0.393737
0.395375
0.399772
0.406107
0.413279
0.42011
0.42558
0.428926
0.429761
0.428082
0.424239
0.418776
0.412383
0.405628
0.39888
0.392286
0.385928
0.379997
0.374897
0.371261
0.369791
0.370907
0.374575
0.380205
0.386857
0.393608
0.399758
0.404932
0.408982
0.412004
0.414198
0.41581
0.417073
0.418181
0.419317
0.420653
0.422457
0.424963
0.4283
0.432336
0.436564
0.440207
0.4423
0.441926
0.438431
0.431669
0.422142
0.411033
0.400079
0.391192
0.386098
0.385835
0.390654
0.400043
0.412804
0.427258
0.441472
0.453554
0.461877
0.465259
0.463135
0.455559
0.443229
0.427442
0.409916
0.392622
0.37751
0.366197
0.359719
0.358374
0.361728
0.368761
0.378077
0.388185
0.397695
0.405493
0.410892
0.413654
0.413944
0.412249
0.409206
0.405469
0.40161
0.398033
0.394964
0.392525
0.390769
0.389754
0.389618
0.390524
0.392592
0.395833
0.400041
0.404829
0.409749
0.414453
0.418787
0.422842
0.426819
0.430909
0.435133
0.439259
0.442925
0.44578
0.447598
0.448355
0.448195
0.447347
0.445937
0.444004
0.441433
0.437965
0.433368
0.427452
0.420181
0.411739
0.402521
0.393049
0.383956
0.375892
0.369414
0.364906
0.362545
0.362234
0.363647
0.366296
0.369595
0.372965
0.375925
0.378124
0.379438
0.379995
0.380114
0.380237
0.380737
0.3819
0.383875
0.386698
0.39032
0.394646
0.399452
0.404359
0.40883
0.412396
0.414779
0.416024
0.416486
0.416725
0.417312
0.418657
0.420867
0.423739
0.426814
0.429457
0.431127
0.431611
0.431121
0.430285
0.429968
0.430955
0.433587
0.437604
0.442202
0.446247
0.448616
0.448427
0.445233
0.439103
0.430516
0.420275
0.409398
0.398994
0.390178
0.383977
0.381152
0.382033
0.386449
0.393701
0.402632
0.411874
0.420062
0.426064
0.429154
0.429045
0.425957
0.42049
0.413572
0.406206
0.399304
0.393497
0.38906
0.385968
0.383975
0.382752
0.382011
0.381608
0.381575
0.382056
0.383326
0.385698
0.389393
0.394429
0.40054
0.407202
0.41371
0.419329
0.423449
0.425618
0.425613
0.423469
0.419492
0.414195
0.408241
0.402366
0.397275
0.393581
0.391701
0.391825
0.393928
0.397774
0.402918
0.408822
0.414914
0.420687
0.425709
0.429717
0.4326
0.434355
0.434995
0.434538
0.432936
0.430109
0.425942
0.420438
0.413735
0.406166
0.398281
0.390784
0.384459
0.379998
0.377913
0.378434
0.381526
0.386901
0.394082
0.402456
0.411321
0.419897
0.427501
0.433571
0.437729
0.439805
0.43983
0.437989
0.434577
0.429942
0.424467
0.418451
0.412112
0.405584
0.398877
0.392081
0.385487
0.379627
0.375185
0.372901
0.373367
0.376884
0.383375
0.392376
0.403089
0.414511
0.425578
0.435244
0.442653
0.447197
0.448561
0.446727
0.441898
0.434569
0.425431
0.41535
0.405271
0.396167
0.388911
0.384139
0.382164
0.382945
0.386093
0.390998
0.396947
0.403242
0.409205
0.414266
0.417941
0.419877
0.419843
0.417794
0.413792
0.408093
0.401158
0.393639
0.386386
0.380349
0.376466
0.375497
0.377828
0.38333
0.391337
0.400847
0.410694
0.419817
0.427417
0.433057
0.436667
0.43845
0.438792
0.438126
0.436836
0.435226
0.433488
0.431808
0.430291
0.428995
0.427889
0.426866
0.425763
0.424414
0.422693
0.420519
0.417844
0.414606
0.410764
0.406267
0.401109
0.395425
0.389494
0.383678
0.37843
0.374177
0.37118
0.369563
0.369298
0.370206
0.372044
0.374459
0.377096
0.37965
0.381906
0.383789
0.385333
0.38672
0.388264
0.390468
0.393981
0.399415
0.407074
0.416804
0.427901
0.439289
0.449712
0.458066
0.463646
0.466164
0.465718
0.46271
0.457725
0.451388
0.444343
0.437218
0.430511
0.424588
0.419663
0.415811
0.412985
0.41101
0.409604
0.408403
0.406989
0.404974
0.402102
0.398345
0.393964
0.389561
0.385976
0.384088
0.384526
0.387328
0.391882
0.397124
0.401913
0.405398
0.407197
0.407341
0.406232
0.404434
0.40254
0.400983
0.399927
0.399314
0.398879
0.398315
0.397341
0.395741
0.393399
0.390339
0.386734
0.38287
0.379309
0.376818
0.376276
0.378414
0.383608
0.391667
0.401939
0.413451
0.425132
0.435981
0.445287
0.452546
0.457493
0.460072
0.460362
0.458618
0.455186
0.450498
0.445009
0.439128
0.433198
0.427493
0.422138
0.417151
0.412545
0.408354
0.404616
0.401385
0.398703
0.396536
0.394866
0.39365
0.392855
0.392534
0.392802
0.393797
0.39563
0.398329
0.401791
0.405794
0.410028
0.414177
0.417939
0.421061
0.423412
0.424976
0.425728
0.425736
0.425037
0.423748
0.422071
0.420232
0.418529
0.417202
0.416374
0.415991
0.415778
0.415313
0.414095
0.411687
0.407813
0.402462
0.395882
0.388582
0.381197
0.374402
0.368778
0.364674
0.362183
0.3612
0.361471
0.362743
0.364965
0.368335
0.373227
0.380079
0.389166
0.400403
0.413349
0.427279
0.441295
0.454466
0.465873
0.474685
0.480214
0.4821
0.480315
0.475206
0.467538
0.458348
0.448768
0.439831
0.432261
0.42636
0.421996
0.418715
0.415876
0.412761
0.408779
0.403499
0.396795
0.388859
0.380142
0.371227
0.362765
0.355377
0.349585
0.345868
0.344708
0.34651
0.35145
0.359403
0.369911
0.382244
0.395535
0.408917
0.421597
0.432888
0.442215
0.449185
0.453526
0.455109
0.454002
0.450455
0.444882
0.437946
0.43042
0.423063
0.416544
0.411275
0.407446
0.40499
0.403679
0.40319
0.403186
0.403412
0.403698
0.404015
0.404448
0.405094
0.406071
0.407342
0.408752
0.409959
0.410614
0.41048
0.409537
0.40801
0.406283
0.404736
0.40364
0.40305
0.402803
0.402653
0.402328
0.401636
0.400528
0.399084
0.397499
0.39611
0.395264
0.395326
0.396607
0.399345
0.40366
0.409467
0.416432
0.423939
0.431219
0.43742
0.441832
0.443983
0.443681
0.441044
0.436435
0.43037
0.423463
0.416345
0.409602
0.403757
0.399177
0.39606
0.394386
0.393859
0.393989
0.394239
0.394147
0.39344
0.392069
0.390192
0.388185
0.38656
0.385886
0.386669
0.389201
0.393487
0.399294
0.406165
0.413489
0.420665
0.427094
0.432239
0.435662
0.437078
0.436384
0.433709
0.429422
0.424033
0.418169
0.412474
0.407535
0.403779
0.40144
0.400483
0.400629
0.40138
0.40219
0.40257
0.40216
0.400733
0.398232
0.39472
0.390403
0.385642
0.380969
0.377012
0.374463
0.373976
0.376059
0.381018
0.388849
0.39917
0.411201
0.423814
0.435684
0.445457
0.452003
0.454636
0.453125
0.447734
0.439195
0.428588
0.417184
0.406287
0.397045
0.390362
0.386723
0.386215
0.388546
0.393025
0.398789
0.404899
0.410508
0.414998
0.418046
0.419582
0.419817
0.419091
0.417772
0.416156
0.414461
0.412717
0.410937
0.409055
0.40704
0.404894
0.402692
0.400568
0.398691
0.397293
0.396552
0.396531
0.397197
0.398423
0.400092
0.402094
0.404341
0.406721
0.409087
0.411256
0.413027
0.414194
0.414643
0.414328
0.413284
0.411662
0.40967
0.407568
0.405598
0.403949
0.402725
0.401967
0.401619
0.401578
0.401724
0.401969
0.402221
0.402384
0.402443
0.402418
0.402414
0.402679
0.403505
0.405182
0.407891
0.411507
0.415598
0.419539
0.422603
0.424139
0.423812
0.421684
0.418274
0.414403
0.410981
0.408751
0.408083
0.408824
0.410459
0.412244
0.413558
0.414087
0.413816
0.41298
0.411909
0.41077
0.409596
0.408359
0.407098
0.405946
0.405113
0.40486
0.405275
0.406319
0.407798
0.409474
0.411089
0.412447
0.413403
0.413845
0.413726
0.413133
0.412301
0.411636
0.411587
0.412527
0.41474
0.418265
0.422947
0.428415
0.434191
0.439778
0.444712
0.448626
0.451243
0.452344
0.451737
0.449256
0.444842
0.43853
0.430453
0.420842
0.410101
0.398747
0.387359
0.376598
0.367114
0.359443
0.354002
0.35108
0.350813
0.353196
0.3581
0.36515
0.373761
0.383174
0.392549
0.401159
0.408422
0.41402
0.417895
0.420248
0.421427
0.421869
0.422056
0.422391
0.423247
0.424934
0.42757
0.431102
0.435253
0.439517
0.443254
0.445856
0.446781
0.445712
0.442659
0.437913
0.432016
0.425678
0.419634
0.414465
0.410517
0.407866
0.406368
0.405767
0.405786
0.406143
0.406625
0.407001
0.407022
0.406449
0.405082
0.402893
0.400032
0.396931
0.39415
0.392347
0.392039
0.393423
0.396291
0.400049
0.403862
0.406845
0.408237
0.407591
0.404801
0.400143
0.394273
0.388203
0.383149
0.380304
0.380614
0.384502
0.391795
0.401751
0.413239
0.424903
0.435371
0.443427
0.448192
0.44927
0.446766
0.441273
0.433741
0.425249
0.416829
0.409215
0.40279
0.397615
0.393603
0.390696
0.388963
0.388654
0.390065
0.393387
0.398507
0.404967
0.412002
0.418702
0.424236
0.427958
0.429577
0.429147
0.426971
0.423471
0.419135
0.414364
0.409422
0.40448
0.399649
0.395141
0.391263
0.388389
0.386801
0.386545
0.387418
0.388996
0.39088
0.392775
0.394498
0.39597
0.397124
0.397861
0.398078
0.397685
0.396722
0.395418
0.394155
0.39343
0.39372
0.395349
0.398502
0.403191
0.409342
0.416738
0.425038
0.433703
0.442042
0.449357
0.454971
0.458358
0.459162
0.457272
0.452779
0.445978
0.437318
0.427373
0.416856
0.406526
0.397134
0.389378
0.38386
0.381001
0.380935
0.383536
0.388396
0.394891
0.402262
0.409721
0.416586
0.422358
0.426749
0.429675
0.431155
0.431271
0.430139
0.427808
0.424355
0.419902
0.41462
0.408782
0.402701
0.396741
0.391244
0.386549
0.382932
0.380592
0.379649
0.380118
0.381913
0.384844
0.388658
0.393039
0.397611
0.402015
0.405935
0.409198
0.411871
0.414198
0.416575
0.419377
0.422788
0.426738
0.430908
0.434757
0.437696
0.439169
0.43871
0.4361
0.431364
0.424811
0.417039
0.408818
0.40099
0.39431
0.389374
0.386553
0.385952
0.387412
0.390644
0.395192
0.400533
0.406157
0.411472
0.415889
0.418819
0.419764
0.418423
0.414837
0.409355
0.402634
0.395554
0.389142
0.384403
0.38222
0.383272
0.387901
0.395961
0.406797
0.419218
0.431767
0.442952
0.451525
0.456671
0.45805
0.455738
0.450176
0.442035
0.43215
0.421434
0.410809
0.401075
0.392867
0.386656
0.382739
0.381287
0.382332
0.385731
0.39112
0.39791
0.405276
0.412302
0.418093
0.421947
0.423514
0.422854
0.420426
0.416972
0.41338
0.410475
0.408834
0.408684
0.409837
0.411846
0.414142
0.416157
0.417504
0.417947
0.417435
0.41603
0.413833
0.410988
0.407636
0.403938
0.400097
0.396406
0.393209
0.390929
0.390013
0.390855
0.393647
0.398237
0.40411
0.410417
0.416135
0.420332
0.422318
0.4218
0.418928
0.41418
0.408314
0.402243
0.396864
0.392926
0.390984
0.39137
0.394109
0.398904
0.405206
0.41229
0.419352
0.425657
0.430598
0.433786
0.435002
0.434256
0.431785
0.428079
0.42387
0.419958
0.417116
0.415878
0.416406
0.418419
0.42129
0.424293
0.426782
0.42835
0.428858
0.428354
0.426984
0.424873
0.422087
0.41858
0.414288
0.409218
0.403495
0.397382
0.391206
0.385355
0.380198
0.376061
0.373228
0.371935
0.372333
0.374452
0.378209
0.383367
0.38958
0.396413
0.403357
0.409924
0.415705
0.420315
0.423415
0.424745
0.424164
0.421687
0.417547
0.412221
0.406403
0.400865
0.39633
0.393383
0.392331
0.393231
0.395957
0.400213
0.405575
0.411496
0.417313
0.422363
0.426058
0.427946
0.427735
0.425437
0.421341
0.415997
0.410102
0.404342
0.399295
0.39537
0.392819
0.391787
0.392371
0.3946
0.398458
0.403801
0.410331
0.417567
0.424851
0.431422
0.43655
0.439646
0.44033
0.438489
0.434291
0.428134
0.420625
0.412476
0.404451
0.397283
0.391609
0.387809
0.385965
0.385884
0.387161
0.38931
0.391874
0.394513
0.396944
0.399055
0.400937
0.402843
0.405157
0.408315
0.412626
0.418145
0.424687
0.431798
0.438809
0.44508
0.450099
0.453468
0.454921
0.454289
0.45152
0.446655
0.439911
0.431645
0.422358
0.412576
0.402918
0.394014
0.386436
0.380625
0.376822
0.375047
0.375122
0.376691
0.379334
0.382602
0.386094
0.389447
0.39235
0.394619
0.396189
0.397197
0.39792
0.39866
0.399603
0.400717
0.401744
0.402343
0.402225
0.401284
0.399747
0.398114
0.397125
0.39745
0.399457
0.403069
0.407851
0.41314
0.418287
0.422838
0.426609
0.429674
0.43226
0.434597
0.436835
0.438952
0.440819
0.442204
0.442863
0.442577
0.441175
0.438534
0.434669
0.42966
0.423704
0.417129
0.410293
0.403548
0.397195
0.391461
0.386541
0.382649
0.379981
0.37874
0.379
0.380653
0.38339
0.386829
0.390584
0.394357
0.397929
0.401239
0.404327
0.407257
0.410088
0.412807
0.415404
0.417864
0.4202
0.422449
0.424593
0.426566
0.428232
0.429407
0.429899
0.429557
0.428321
0.426158
0.423132
0.419342
0.414907
0.40994
0.404563
0.398891
0.39304
0.387182
0.381486
0.376176
0.371525
0.36781
0.365292
0.364178
0.364621
0.366694
0.370388
0.375631
0.38232
0.390312
0.399444
0.409519
0.420236
0.431161
0.441692
0.45108
0.45854
0.463381
0.465129
0.463696
0.459378
0.45285
0.445022
0.436892
0.429331
0.422922
0.417955
0.414309
0.411649
0.409494
0.407364
0.404913
0.401938
0.398375
0.394246
0.389715
0.385106
0.380868
0.377586
0.375819
0.375991
0.378291
0.382535
0.388216
0.394666
0.401195
0.407228
0.412408
0.416617
0.419939
0.422596
0.424871
0.42699
0.429096
0.431192
0.433122
0.434617
0.435371
0.435112
0.433688
0.43107
0.427366
0.422767
0.417441
0.411549
0.405264
0.39884
0.392664
0.387208
0.382922
0.38017
0.379138
0.379838
0.38215
0.385868
0.390687
0.396234
0.402101
0.407834
0.412894
0.416722
0.418807
0.418721
0.416271
0.411557
0.404991
0.39728
0.389333
0.382157
0.376713
0.373858
0.37419
0.378011
0.385259
0.395457
0.407706
0.420821
0.43356
0.444805
0.453719
0.459771
0.462808
0.462924
0.460407
0.455621
0.449033
0.441174
0.432581
0.423739
0.415115
0.407078
0.399904
0.393729
0.388604
0.384565
0.38165
0.379888
0.379263
0.379725
0.381138
0.383259
0.385826
0.388568
0.391266
0.393782
0.396088
0.39814
0.399881
0.40123
0.402031
0.402165
0.401585
0.400448
0.399058
0.397882
0.39742
0.398143
0.400363
0.404156
0.409338
0.415452
0.421795
0.427579
0.432045
0.434674
0.435191
0.433674
0.430537
0.426403
0.422009
0.418096
0.4152
0.413492
0.412771
0.412553
0.412307
0.41155
0.410034
0.407744
0.404806
0.401481
0.398031
0.394726
0.391831
0.389628
0.388393
0.388323
0.389554
0.392152
0.396098
0.401311
0.407574
0.414435
0.421241
0.427164
0.431332
0.433054
0.431918
0.427956
0.421677
0.413967
0.405976
0.398885
0.393714
0.391099
0.391215
0.393786
0.398083
0.403165
0.408069
0.412016
0.414572
0.415688
0.41568
0.415144
0.414677
0.414702
0.415267
0.416021
0.416373
0.415753
0.413744
0.410226
0.40548
0.400038
0.39463
0.390044
0.386908
0.385706
0.386686
0.389834
0.394912
0.401489
0.40901
0.416885
0.424538
0.431507
0.437479
0.44233
0.446056
0.448742
0.450504
0.4514
0.451426
0.450621
0.44893
0.446345
0.442836
0.438444
0.433228
0.427291
0.420814
0.414021
0.407137
0.400367
0.393872
0.387815
0.382387
0.377806
0.374362
0.372286
0.371661
0.372423
0.374321
0.377019
0.380173
0.383521
0.386909
0.390337
0.393843
0.397492
0.401324
0.405335
0.409527
0.413861
0.418301
0.422761
0.427098
0.431129
0.434677
0.437557
0.439564
0.440459
0.440053
0.43815
0.434668
0.429668
0.423302
0.415857
0.407756
0.399477
0.391583
0.384683
0.379392
0.376285
0.375858
0.378395
0.383884
0.391941
0.401832
0.412656
0.423457
0.433311
0.441426
0.447208
0.450242
0.450291
0.447318
0.441499
0.433266
0.423326
0.412561
0.40191
0.392205
0.384113
0.378088
0.374432
0.373326
0.374839
0.378854
0.384948
0.392398
0.400269
0.407638
0.413762
0.418208
0.420864
0.421816
0.42128
0.419513
0.416705
0.413036
0.408711
0.404123
0.399841
0.39661
0.395202
0.396124
0.399421
0.404634
0.410947
0.417375
0.423003
0.427093
0.429197
0.429206
0.427288
0.423867
0.419588
0.415137
0.411221
0.408448
0.407204
0.407642
0.409649
0.412858
0.416733
0.420712
0.424333
0.427312
0.429542
0.431199
0.432624
0.434241
0.436437
0.43937
0.442836
0.446253
0.448765
0.449458
0.447604
0.442866
0.435434
0.425965
0.415416
0.404818
0.394998
0.386414
0.379216
0.373342
0.368676
0.365125
0.362656
0.361244
0.360841
0.361333
0.362617
0.364613
0.367327
0.370754
0.374871
0.379563
0.384624
0.389725
0.394544
0.39883
0.402518
0.405742
0.408764
0.411893
0.415332
0.41914
0.423224
0.42741
0.431472
0.435153
0.438124
0.440058
0.440665
0.439704
0.437065
0.432791
0.427122
0.42051
0.41354
0.406927
0.401416
0.397685
0.396233
0.397362
0.401036
0.406938
0.414424
0.422632
0.43051
0.437075
0.441511
0.443197
0.441804
0.437384
0.430293
0.421193
0.410924
0.400431
0.390605
0.382249
0.375928
0.371917
0.370245
0.37075
0.373139
0.37706
0.382162
0.388154
0.394843
0.402091
0.40973
0.41751
0.42501
0.431667
0.436852
0.44002
0.440898
0.439636
0.436794
0.433218
0.429705
0.426675
0.424116
0.42172
0.419156
0.416214
0.412917
0.409445
0.406051
0.402961
0.400321
0.398149
0.396407
0.394997
0.393864
0.392891
0.391998
0.391163
0.390392
0.389802
0.389583
0.390001
0.39133
0.393803
0.397525
0.402414
0.408257
0.414694
0.421278
0.427581
0.433163
0.437679
0.440909
0.442773
0.443355
0.442833
0.441469
0.439598
0.437489
0.435331
0.433152
0.430845
0.428187
0.424899
0.420742
0.415548
0.409271
0.402059
0.394186
0.38605
0.37806
0.370579
0.363857
0.358023
0.35314
0.349318
0.346792
0.345977
0.347376
0.351423
0.358333
0.36792
0.379578
0.392333
0.405009
0.416476
0.425775
0.432283
0.435837
0.436688
0.435401
0.432673
0.42919
0.425519
0.422014
0.418896
0.416294
0.414309
0.412994
0.412438
0.412781
0.414205
0.416798
0.420524
0.425134
0.430158
0.434999
0.439078
0.44197
0.443479
0.44359
0.442512
0.44055
0.438033
0.435267
0.432491
0.429807
0.427217
0.424644
0.421986
0.419178
0.416155
0.412894
0.40941
0.405781
0.402098
0.398501
0.395157
0.392231
0.389802
0.387916
0.386462
0.38529
0.384273
0.383332
0.382459
0.381744
0.381349
0.381383
0.381852
0.382672
0.383725
0.384857
0.386013
0.387304
0.388938
0.391187
0.394287
0.398317
0.403121
0.408356
0.413639
0.418577
0.422846
0.426157
0.428257
0.428918
0.427911
0.425056
0.420293
0.413779
0.405974
0.397627
0.389739
0.383368
0.379469
0.378739
0.381426
0.38722
0.395294
0.404504
0.413612
0.421523
0.427461
0.43098
0.432054
0.430939
0.428138
0.424344
0.420335
0.416875
0.414589
0.413816
0.414574
0.416573
0.419313
0.422203
0.424703
0.426379
0.426956
0.426417
0.424952
0.422918
0.420719
0.418758
0.417336
0.416629
0.41666
0.417326
0.418441
0.419777
0.421122
0.42222
0.422868
0.422831
0.421808
0.419549
0.415823
0.410563
0.403962
0.396479
0.388845
0.381934
0.376573
0.373305
0.372294
0.373337
0.375966
0.379646
0.383908
0.388435
0.392983
0.397377
0.401493
0.405136
0.408132
0.410306
0.411594
0.412045
0.411821
0.411148
0.410218
0.409192
0.408196
0.407291
0.406512
0.405869
0.405413
0.405204
0.405257
0.40557
0.406116
0.406936
0.40806
0.409563
0.411489
0.413809
0.416335
0.418808
0.420938
0.422475
0.423216
0.423035
0.421905
0.419982
0.417634
0.415441
0.413946
0.413603
0.414635
0.416952
0.420324
0.424423
0.428921
0.433445
0.437604
0.440949
0.443051
0.443585
0.442393
0.439507
0.435185
0.429761
0.42365
0.417224
0.410789
0.404588
0.398829
0.393692
0.389285
0.385682
0.38288
0.380854
0.379626
0.379326
0.380158
0.382278
0.385692
0.390204
0.395437
0.400983
0.406498
0.411772
0.416692
0.421264
0.425496
0.429315
0.432534
0.434805
0.435698
0.434722
0.431473
0.425788
0.417826
0.408066
0.397316
0.386607
0.377042
0.369603
0.365016
0.363611
0.365345
0.369798
0.376313
0.384112
0.392404
0.400495
0.407896
0.414332
0.419706
0.424102
0.427673
0.430588
0.433036
0.435108
0.436764
0.437895
0.438303
0.437808
0.436232
0.433493
0.429635
0.424852
0.419481
0.413964
0.408778
0.404446
0.401446
0.400087
0.400408
0.402107
0.404607
0.407213
0.409299
0.41041
0.410384
0.409291
0.407337
0.404738
0.401687
0.39837
0.394977
0.391728
0.388917
0.386936
0.386201
0.387061
0.389727
0.39418
0.400124
0.406928
0.413755
0.419827
0.424538
0.427591
0.428995
0.429023
0.428139
0.426799
0.425382
0.424006
0.422674
0.421319
0.419826
0.418151
0.416298
0.41434
0.412406
0.41063
0.409152
0.408029
0.407316
0.40694
0.406757
0.406552
0.406096
0.405182
0.403682
0.401587
0.398994
0.396108
0.393248
0.390805
0.389158
0.388641
0.389431
0.391515
0.394667
0.398474
0.402516
0.406381
0.409751
0.41249
0.414602
0.416208
0.417424
0.418415
0.419254
0.419938
0.420438
0.420648
0.420382
0.419407
0.417431
0.414213
0.409724
0.40417
0.398121
0.392487
0.388319
0.386528
0.387636
0.39159
0.397792
0.405277
0.412932
0.419646
0.424492
0.42685
0.426486
0.423548
0.418603
0.412437
0.405934
0.399918
0.395077
0.39185
0.390482
0.39108
0.393654
0.398101
0.404195
0.411597
0.419837
0.428192
0.435826
0.441852
0.445437
0.446007
0.443334
0.437603
0.429336
0.419337
0.40855
0.397857
0.387955
0.379348
0.372391
0.367324
0.364362
0.36368
0.36535
0.369314
0.37532
0.382932
0.391559
0.400561
0.40932
0.417359
0.424326
0.430029
0.434339
0.437195
0.43858
0.438535
0.437248
0.435014
0.432198
0.429248
0.426532
0.42428
0.422544
0.421221
0.420057
0.41882
0.417336
0.415562
0.413595
0.411633
0.409916
0.408687
0.408059
0.408039
0.408521
0.409278
0.410049
0.410554
0.410501
0.409571
0.40753
0.404213
0.399644
0.394038
0.387808
0.381528
0.375864
0.371501
0.368937
0.368413
0.369931
0.373234
0.377915
0.383551
0.389707
0.396021
0.402204
0.407985
0.413109
0.417326
0.420443
0.422266
0.422674
0.421648
0.419298
0.41589
0.411738
0.407272
0.402927
0.399084
0.396049
0.394024
0.393124
0.393442
0.394995
0.397714
0.401394
0.405719
0.410282
0.414716
0.418716
0.422076
0.42466
0.426389
0.42724
0.427282
0.426639
0.425556
0.424349
0.423334
0.422795
0.422874
0.423563
0.424688
0.425878
0.426712
0.426738
0.425605
0.423097
0.41914
0.413872
0.407639
0.401029
0.394854
0.390021
0.387321
0.387135
0.389257
0.39293
0.397141
0.400915
0.403589
0.404808
0.40455
0.403067
0.400638
0.3976
0.394305
0.391131
0.38855
0.387162
0.387628
0.390493
0.396058
0.404287
0.414662
0.426273
0.437964
0.448563
0.456941
0.462215
0.463814
0.461457
0.45522
0.445531
0.433155
0.419095
0.404547
0.390816
0.379188
0.370784
0.366373
0.36636
0.370747
0.379157
0.390763
0.404425
0.418705
0.43207
0.443131
0.450825
0.454578
0.454298
0.450353
0.443496
0.434747
0.425223
0.415984
0.407914
0.401597
0.397274
0.394888
0.394211
0.394912
0.396561
0.398676
0.400701
0.402016
0.402069
0.400637
0.397873
0.394363
0.390933
0.388438
0.38748
0.388238
0.390469
0.393643
0.397107
0.400275
0.402683
0.404143
0.404673
0.404424
0.403601
0.402344
0.40066
0.398496
0.395796
0.392642
0.389338
0.386387
0.384488
0.384316
0.386385
0.390879
0.39752
0.405642
0.414334
0.422625
0.429659
0.434816
0.437747
0.438364
0.436843
0.433566
0.429119
0.424219
0.419591
0.415814
0.413253
0.412111
0.412373
0.413901
0.41655
0.420143
0.424458
0.429266
0.434217
0.438831
0.442556
0.444804
0.445043
0.442965
0.438606
0.432418
0.425237
0.418111
0.412028
0.407572
0.404758
0.402987
0.401416
0.39926
0.396097
0.391898
0.386992
0.381899
0.377211
0.37353
0.37134
0.371032
0.372782
0.376524
0.381873
0.388198
0.394699
0.400587
0.405228
0.408202
0.409412
0.409081
0.407634
0.405629
0.403579
0.401891
0.400809
0.400412
0.40069
0.401608
0.403176
0.405504
0.408755
0.413087
0.418554
0.425011
0.432055
0.439079
0.445311
0.450019
0.452594
0.452646
0.450052
0.444974
0.437779
0.429022
0.419373
0.409503
0.400062
0.391604
0.384521
0.379036
0.375224
0.373076
0.37253
0.373484
0.375754
0.379123
0.383366
0.388304
0.39384
0.39995
0.406661
0.414001
0.421968
0.430426
0.439074
0.447489
0.455119
0.461363
0.46569
0.467696
0.467183
0.464171
0.458849
0.451557
0.442737
0.432868
0.422447
0.412021
0.402086
0.393091
0.385391
0.379125
0.374218
0.37044
0.367497
0.365166
0.363356
0.362103
0.361542
0.361855
0.363194
0.365597
0.368966
0.372975
0.377232
0.381343
0.385002
0.388073
0.390633
0.393029
0.395728
0.399252
0.404079
0.4105
0.418525
0.42783
0.437819
0.447711
0.456606
0.463699
0.468337
0.470144
0.469034
0.465151
0.458885
0.4507
0.441148
0.430783
0.420125
0.409605
0.399592
0.390348
0.382086
0.375004
0.369242
0.364974
0.362394
0.361719
0.363075
0.366503
0.371877
0.378802
0.386709
0.394856
0.402497
0.408947
0.413699
0.416541
0.417542
0.417061
0.415668
0.414038
0.412828
0.412511
0.413269
0.414963
0.41718
0.419446
0.421409
0.422873
0.423879
0.424602
0.425155
0.425572
0.42568
0.425171
0.423707
0.421066
0.417249
0.412468
0.407138
0.401786
0.396916
0.392963
0.390253
0.388966
0.389157
0.390769
0.393652
0.397567
0.402243
0.407453
0.413006
0.418755
0.424472
0.429756
0.434044
0.436728
0.437316
0.435554
0.431543
0.425685
0.418659
0.411307
0.40446
0.398896
0.395214
0.393736
0.394494
0.39718
0.401246
0.406013
0.410757
0.41492
0.418186
0.420474
0.421863
0.42253
0.422639
0.422285
0.421454
0.420074
0.418065
0.415402
0.412148
0.408496
0.404756
0.401264
0.398363
0.39632
0.395306
0.395326
0.396221
0.397728
0.399471
0.401006
0.401903
0.401808
0.400484
0.397844
0.394006
0.389248
0.384026
0.378937
0.374769
0.372403
0.372674
0.376148
0.382878
0.39233
0.403419
0.414835
0.425443
0.43449
0.441665
0.447052
0.45086
0.453331
0.45459
0.454703
0.453731
0.451789
0.448961
0.445323
0.440897
0.435684
0.429698
0.423042
0.415921
0.408645
0.401666
0.395416
0.390248
0.386344
0.383685
0.382078
0.381294
0.381062
0.381187
0.381587
0.382343
0.383664
0.385862
0.389246
0.394005
0.400168
0.407593
0.415899
0.424616
0.433218
0.441182
0.448025
0.453267
0.45647
0.457287
0.455532
0.451181
0.444425
0.435695
0.425606
0.414836
0.404114
0.394227
0.386035
0.380326
0.377625
0.37808
0.381352
0.386589
0.39261
0.39822
0.402408
0.4045
0.404189
0.4015
0.396781
0.390581
0.383652
0.376878
0.371191
0.367494
0.366475
0.368504
0.373547
0.381138
0.390456
0.400512
0.410318
0.41902
0.425995
0.430831
0.433383
0.43374
0.432149
0.42907
0.425056
0.42069
0.416517
0.412953
0.410326
0.408869
0.408747
0.410065
0.412787
0.416629
0.42119
0.425899
0.430099
0.433254
0.434987
0.435201
0.434009
0.431715
0.428711
0.425354
0.421881
0.418383
0.414852
0.411217
0.407413
0.403463
0.399404
0.395305
0.391298
0.387486
0.384012
0.381101
0.379031
0.378098
0.378631
0.38087
0.384899
0.390628
0.397734
0.405711
0.414001
0.422096
0.429522
0.43586
0.440629
0.443318
0.443388
0.440361
0.434089
0.424879
0.413489
0.401145
0.389316
0.379488
0.372809
0.370044
0.371436
0.376764
0.385441
0.396582
0.409127
0.421888
0.433677
0.443461
0.450479
0.454261
0.454686
0.451972
0.446583
0.439182
0.430594
0.4217
0.413347
0.40626
0.400952
0.397615
0.396163
0.396292
0.397541
0.399439
0.401507
0.403323
0.404568
0.404977
0.404382
0.402734
0.400077
0.396598
0.39257
0.388375
0.384383
0.380929
0.378305
0.376742
0.376501
0.377853
0.381042
0.386258
0.39347
0.402401
0.412521
0.423092
0.433235
0.442072
0.448821
0.45293
0.454068
0.452177
0.447501
0.440458
0.431601
0.421669
0.411445
0.401722
0.393254
0.386647
0.382247
0.380114
0.379987
0.381463
0.383995
0.387019
0.389966
0.392381
0.393982
0.39469
0.39465
0.394143
0.393541
0.393197
0.393408
0.394393
0.3963
0.399248
0.403301
0.408546
0.415064
0.422726
0.431163
0.439687
0.447331
0.453051
0.455909
0.4553
0.451074
0.443601
0.433671
0.422427
0.411192
0.40127
0.393692
0.389121
0.387739
0.38933
0.393361
0.399076
0.405596
0.41206
0.41766
0.421781
0.424005
0.424194
0.422515
0.419412
0.415455
0.411277
0.407422
0.404192
0.401711
0.399847
0.398357
0.39697
0.395436
0.393576
0.391259
0.388448
0.385247
0.381888
0.378743
0.37619
0.37463
0.374376
0.375643
0.378461
0.382689
0.388042
0.394081
0.400263
0.406093
0.411235
0.415685
0.419664
0.423517
0.42743
0.431275
0.434721
0.437402
0.439036
0.439512
0.438904
0.437447
0.435475
0.433287
0.431078
0.428855
0.426419
0.423524
0.420016
0.415948
0.411604
0.407512
0.404331
0.402679
0.402941
0.4052
0.409204
0.414429
0.420157
0.425595
0.430051
0.432988
0.434117
0.43339
0.430892
0.426791
0.421255
0.414501
0.406798
0.398548
0.390295
0.3827
0.37644
0.372138
0.370265
0.37101
0.374215
0.379369
0.385661
0.392139
0.397933
0.402414
0.405345
0.406872
0.407441
0.407698
0.408292
0.409641
0.411909
0.414887
0.41813
0.421052
0.423137
0.424043
0.423688
0.4222
0.419887
0.417121
0.41422
0.411451
0.409007
0.407078
0.405826
0.405357
0.405692
0.406764
0.408375
0.410269
0.412141
0.413669
0.414589
0.414784
0.414346
0.413514
0.412563
0.411681
0.410903
0.410104
0.40911
0.407878
0.406521
0.405271
0.404409
0.404192
0.404732
0.405939
0.407628
0.409587
0.41166
0.413759
0.415823
0.417806
0.419622
0.421112
0.422107
0.422364
0.421647
0.419804
0.416848
0.412919
0.408313
0.403473
0.39887
0.394956
0.392108
0.390605
0.390657
0.39234
0.395566
0.400086
0.405562
0.411529
0.417513
0.42307
0.427757
0.431189
0.433068
0.433234
0.431663
0.428519
0.424094
0.418789
0.41302
0.407281
0.402013
0.397566
0.394157
0.391835
0.3905
0.389944
0.389975
0.390465
0.391452
0.393049
0.395421
0.398626
0.402556
0.406867
0.411057
0.414616
0.41712
0.418339
0.418291
0.417168
0.415309
0.413046
0.410689
0.408445
0.406409
0.404636
0.40317
0.4021
0.401539
0.401636
0.402496
0.404188
0.40673
0.410134
0.414355
0.419292
0.424672
0.430006
0.434644
0.437955
0.439469
0.438995
0.436639
0.4327
0.427655
0.422083
0.416523
0.411474
0.40735
0.404386
0.402651
0.402064
0.402411
0.403432
0.404813
0.406248
0.407492
0.408376
0.408813
0.408811
0.408427
0.40774
0.406782
0.405598
0.404218
0.402684
0.40098
0.399071
0.39689
0.394408
0.391676
0.388939
0.386515
0.384824
0.384247
0.385021
0.387168
0.390515
0.394719
0.399384
0.404088
0.408417
0.412073
0.414849
0.416676
0.417584
0.417754
0.417444
0.416918
0.416414
0.41601
0.415694
0.415407
0.415127
0.414873
0.414788
0.414989
0.415524
0.41636
0.417356
0.418241
0.418699
0.418449
0.417272
0.415057
0.41184
0.407776
0.40312
0.398254
0.393647
0.389758
0.387006
0.385748
0.386199
0.388373
0.392031
0.396726
0.401894
0.407007
0.411653
0.415618
0.418854
0.421471
0.423667
0.425601
0.427375
0.428967
0.430218
0.430838
0.430472
0.428825
0.425786
0.421577
0.41671
0.411966
0.408155
0.405769
0.404742
0.404573
0.404517
0.403874
0.402281
0.399877
0.397145
0.394783
0.393438
0.393521
0.395124
0.3981
0.402127
0.406788
0.411597
0.416042
0.419601
0.421819
0.422384
0.421261
0.41873
0.415317
0.411762
0.408817
0.407052
0.406691
0.407578
0.409321
0.411378
0.413182
0.414271
0.414352
0.413313
0.411293
0.408615
0.405744
0.403216
0.401524
0.401003
0.401814
0.403985
0.407454
0.412071
0.417545
0.423439
0.429094
0.433791
0.436865
0.437787
0.436307
0.432502
0.42674
0.419682
0.412162
0.405093
0.399322
0.395453
0.393766
0.394119
0.396017
0.39875
0.401547
0.403778
0.404969
0.404899
0.403574
0.401169
0.397975
0.394392
0.390879
0.387938
0.386025
0.385487
0.386484
0.388906
0.392421
0.396503
0.400592
0.404209
0.407083
0.409161
0.410584
0.411587
0.412446
0.413345
0.414293
0.415145
0.415642
0.415398
0.414017
0.41119
0.406823
0.401123
0.3946
0.388035
0.382297
0.378162
0.376151
0.376434
0.378897
0.383211
0.388869
0.39535
0.402088
0.408645
0.41468
0.419981
0.424385
0.427753
0.429985
0.430968
0.430644
0.429044
0.426387
0.423009
0.419401
0.416147
0.413873
0.413117
0.414199
0.417246
0.422057
0.428133
0.434725
0.440968
0.446022
0.449212
0.450129
0.448664
0.445014
0.439572
0.432842
0.425368
0.417651
0.410096
0.402942
0.39634
0.390327
0.38488
0.380066
0.375978
0.372764
0.370644
0.369849
0.370583
0.372927
0.376733
0.381632
0.387114
0.392615
0.39763
0.401814
0.404966
0.407041
0.408097
0.408237
0.407639
0.406486
0.405004
0.403475
0.402191
0.401475
0.401657
0.403001
0.40562
0.409419
0.414092
0.419116
0.42386
0.427624
0.42989
0.430406
0.429193
0.426498
0.42275
0.418426
0.413946
0.409687
0.405979
0.403107
0.40127
0.400592
0.401037
0.402389
0.404315
0.406478
0.40862
0.410653
0.412614
0.414658
0.416958
0.419595
0.42253
0.425576
0.428446
0.430865
0.432646
0.433652
0.433833
0.433254
0.432028
0.430279
0.428186
0.425893
0.42355
0.421301
0.419193
0.417211
0.415217
0.412966
0.41015
0.406366
0.401238
0.394563
0.386386
0.37699
0.366953
0.35709
0.348301
0.341515
0.337599
0.337243
0.340884
0.348584
0.359976
0.374268
0.390345
0.406907
0.422676
0.43652
0.447605
0.455443
0.459837
0.460888
0.458855
0.454198
0.447453
0.439163
0.429911
0.420296
0.410909
0.402362
0.395306
0.390326
0.387905
0.388325
0.391554
0.397217
0.404605
0.412792
0.420812
0.427748
0.432906
0.435841
0.436395
0.434721
0.431164
0.426213
0.420397
0.414235
0.408184
0.402584
0.397681
0.393633
0.390535
0.388424
0.387283
0.38708
0.387745
0.38918
0.391338
0.394161
0.3976
0.401618
0.406048
0.410666
0.415187
0.419273
0.422554
0.424723
0.425551
0.424913
0.42277
0.419236
0.41458
0.409105
0.403081
0.396727
0.390187
0.383593
0.377157
0.371225
0.366265
0.362767
0.361215
0.361918
0.364997
0.370384
0.377845
0.386965
0.397187
0.407915
0.418561
0.428545
0.43734
0.444546
0.449885
0.453244
0.454634
0.454151
0.451909
0.448116
0.442967
0.436729
0.429739
0.422375
0.415074
0.40824
0.402195
0.397164
0.39328
0.390562
0.388986
0.388515
0.389096
0.390671
0.393138
0.396351
0.400047
0.403855
0.407347
0.410107
0.411827
0.412353
0.411736
0.410188
0.408048
0.405711
0.403573
0.402022
0.401332
0.401619
0.402831
0.40474
0.406989
0.40913
0.410686
0.411246
0.410526
0.408418
0.405014
0.400639
0.395801
0.391157
0.387363
0.385014
0.384541
0.386171
0.389872
0.395354
0.402056
0.409263
0.416223
0.422252
0.426859
0.429769
0.430877
0.430268
0.428179
0.424916
0.420805
0.416103
0.411042
0.405851
0.400767
0.396114
0.392318
0.38982
0.389024
0.390154
0.39317
0.397743
0.403252
0.408928
0.413955
0.417605
0.419352
0.418963
0.416572
0.412607
0.407738
0.402711
0.398224
0.394775
0.392638
0.391882
0.392401
0.394031
0.396573
0.399849
0.403776
0.408291
0.413305
0.418648
0.424091
0.429325
0.433982
0.437689
0.440076
0.440841
0.439741
0.436581
0.431273
0.423933
0.414973
0.405138
0.395463
0.38711
0.381141
0.378264
0.378656
0.381934
0.387342
0.394006
0.401126
0.408093
0.414497
0.420074
0.424647
0.4281
0.430366
0.431397
0.431212
0.429945
0.427769
0.4249
0.421563
0.417992
0.414429
0.411097
0.408192
0.40582
0.403969
0.402522
0.401288
0.400023
0.398501
0.396587
0.394322
0.391854
0.389402
0.387279
0.385868
0.385554
0.386684
0.389457
0.393926
0.399869
0.406853
0.414277
0.421446
0.42769
0.432446
0.435267
0.435911
0.434367
0.430776
0.425429
0.418798
0.411441
0.404
0.39718
0.391623
0.387879
0.386331
0.38712
0.390081
0.394758
0.400444
0.40633
0.411626
0.415709
0.418241
0.419186
0.418764
0.417387
0.415542
0.413692
0.412232
0.411446
0.41147
0.412214
0.413446
0.414827
0.415933
0.416367
0.415858
0.414281
0.411722
0.40845
0.404811
0.401229
0.398098
0.395754
0.39439
0.394093
0.394829
0.396433
0.398649
0.40115
0.40358
0.405566
0.406772
0.406955
0.406052
0.404216
0.401776
0.399203
0.39701
0.395677
0.395551
0.396759
0.399187
0.402502
0.406268
0.409979
0.413179
0.41552
0.416802
0.416987
0.416143
0.414396
0.411843
0.408596
0.404836
0.400811
0.396962
0.393857
0.392201
0.392624
0.395488
0.400777
0.408074
0.416635
0.425545
0.433849
0.440763
0.445709
0.448339
0.448545
0.446413
0.442261
0.436547
0.429837
0.422789
0.416029
0.410139
0.405666
0.403002
0.402271
0.403371
0.405975
0.409596
0.413602
0.417329
0.42016
0.421653
0.421559
0.419927
0.417084
0.413559
0.40997
0.40696
0.405022
0.404375
0.404939
0.406324
0.407943
0.409157
0.40946
0.408657
0.406855
0.404438
0.401909
0.399747
0.398277
0.397621
0.397659
0.398137
0.398754
0.399284
0.399609
0.399765
0.399904
0.400224
0.400887
0.402
0.403574
0.405497
0.407556
0.409527
0.411121
0.412074
0.412247
0.411608
0.41032
0.408741
0.407357
0.406689
0.407154
0.408894
0.411703
0.415111
0.418579
0.42156
0.423702
0.424875
0.425113
0.424584
0.423447
0.421811
0.419713
0.41713
0.41403
0.410367
0.406132
0.401463
0.396658
0.392158
0.388501
0.386184
0.385606
0.386924
0.390077
0.394755
0.400435
0.406469
0.412162
0.416897
0.420271
0.422148
0.422594
0.421777
0.419896
0.417129
0.413635
0.409627
0.405428
0.401494
0.398387
0.396637
0.396634
0.398457
0.40189
0.406501
0.411757
0.417112
0.422087
0.426215
0.429081
0.430318
0.429674
0.426996
0.422324
0.415958
0.408343
0.400065
0.391803
0.384269
0.378165
0.374137
0.372738
0.374269
0.378752
0.385906
0.395162
0.405657
0.416397
0.426378
0.434718
0.440712
0.443987
0.444481
0.442477
0.438424
0.432925
0.426571
0.41995
0.413515
0.407695
0.402793
0.398981
0.39629
0.394626
0.393837
0.393821
0.39455
0.39604
0.398295
0.401248
0.404653
0.408158
0.411349
0.413923
0.415719
0.416763
0.4172
0.417191
0.416753
0.415691
0.413719
0.410598
0.406277
0.400928
0.395006
0.389106
0.383915
0.380022
0.377874
0.377705
0.379565
0.383355
0.388889
0.395874
0.403933
0.412561
0.421142
0.428978
0.435432
0.440067
0.44269
0.443364
0.442411
0.440277
0.437465
0.434432
0.431554
0.429112
0.427244
0.426017
0.425374
0.42516
0.425154
0.425012
0.424364
0.422857
0.420242
0.416439
0.411658
0.406344
0.401131
0.396673
0.393414
0.391526
0.390838
0.390988
0.391574
0.392263
0.392884
0.393417
0.393844
0.394233
0.394705
0.395346
0.396286
0.397553
0.399089
0.400723
0.402212
0.403322
0.403936
0.4041
0.404023
0.403956
0.404085
0.404453
0.404954
0.405447
0.405804
0.405962
0.405863
0.405464
0.404719
0.403578
0.402072
0.400332
0.398554
0.396958
0.395808
0.395313
0.395626
0.396844
0.398885
0.401526
0.404473
0.407419
0.410134
0.412553
0.414801
0.41712
0.419789
0.422967
0.426619
0.430478
0.434101
0.436989
0.438676
0.438823
0.43734
0.434396
0.430453
0.42616
0.422249
0.419471
0.418494
0.41972
0.423224
0.428715
0.435506
0.442571
0.448676
0.452575
0.453172
0.449708
0.441924
0.430152
0.41531
0.398756
0.382129
0.367091
0.355003
0.346782
0.342749
0.342738
0.346227
0.352516
0.360831
0.370477
0.380814
0.391244
0.401241
0.410313
0.417952
0.423664
0.427085
0.428009
0.426507
0.422962
0.418002
0.4125
0.407435
0.403728
0.402034
0.402667
0.405454
0.409811
0.414947
0.420034
0.424423
0.427744
0.429927
0.431146
0.431543
0.431159
0.429936
0.427777
0.424654
0.420651
0.41595
0.410804
0.405488
0.400298
0.395598
0.391751
0.389145
0.388102
0.388811
0.391285
0.395309
0.400479
0.406276
0.412199
0.417866
0.42306
0.42777
0.43205
0.435904
0.439219
0.441785
0.443281
0.443344
0.441632
0.437937
0.432278
0.424928
0.416384
0.407318
0.398543
0.390823
0.384787
0.380858
0.37922
0.379791
0.382293
0.386265
0.391091
0.396178
0.401021
0.405239
0.408597
0.410975
0.412321
0.412609
0.411842
0.410095
0.407551
0.404495
0.401353
0.398598
0.396669
0.395871
0.396344
0.398018
0.400675
0.404024
0.407818
0.411822
0.415851
0.419774
0.42348
0.426877
0.429855
0.43231
0.434123
0.435239
0.435668
0.43533
0.434108
0.431885
0.428559
0.424167
0.418908
0.413173
0.407444
0.402224
0.397888
0.394695
0.392842
0.39247
0.393666
0.396409
0.400548
0.405785
0.411644
0.417529
0.422843
0.427037
0.429727
0.430683
0.429914
0.427594
0.42406
0.419723
0.415012
0.410315
0.405892
0.401869
0.398252
0.394958
0.391873
0.388914
0.386073
0.38346
0.381262
0.379688
0.378891
0.378879
0.379581
0.380803
0.382284
0.383704
0.384811
0.38541
0.385466
0.385079
0.3845
0.384082
0.384227
0.385285
0.387472
0.390851
0.395279
0.400472
0.406039
0.411581
0.416832
0.421672
0.426141
0.430354
0.434459
0.438556
0.442608
0.446518
0.450171
0.453431
0.456108
0.457912
0.458478
0.457369
0.454228
0.448848
0.441304
0.431864
0.421038
0.409511
0.398038
0.387361
0.378126
0.370887
0.366017
0.363704
0.363884
0.366277
0.370463
0.375865
0.381858
0.38788
0.393542
0.398695
0.403436
0.408028
0.412758
0.417795
0.423089
0.428248
0.432696
0.435788
0.436984
0.435949
0.432695
0.427508
0.420895
0.413517
0.406077
0.399271
0.393688
0.389807
0.387903
0.38806
0.390075
0.393473
0.397659
0.402012
0.406011
0.409263
0.411589
0.412987
0.413581
0.413483
0.412795
0.411588
0.409903
0.407834
0.405538
0.403288
0.401504
0.400592
0.400998
0.403048
0.406904
0.412501
0.419577
0.427654
0.436115
0.444232
0.45128
0.456608
0.459602
0.45981
0.456978
0.451075
0.442359
0.431356
0.418793
0.405588
0.392796
0.381517
0.372791
0.367449
0.365977
0.368374
0.37409
0.382148
0.39125
0.40006
0.407456
0.412672
0.415365
0.415678
0.414051
0.411174
0.407815
0.404645
0.402146
0.400585
0.399965
0.400156
0.401
0.402321
0.40396
0.405894
0.408094
0.410541
0.413178
0.415872
0.418411
0.420521
0.421919
0.422399
0.421926
0.420643
0.41879
0.416664
0.414523
0.41258
0.410926
0.409529
0.408293
0.407107
0.405854
0.404479
0.403065
0.401842
0.40111
0.401098
0.401923
0.403462
0.405348
0.407134
0.408471
0.409202
0.409435
0.409438
0.409517
0.409913
0.410774
0.41211
0.413894
0.416159
0.418978
0.422416
0.426396
0.430614
0.434484
0.437274
0.438195
0.436595
0.432123
0.424788
0.414996
0.403445
0.391019
0.378738
0.367687
0.358896
0.35322
0.351125
0.352669
0.357483
0.364808
0.373688
0.383157
0.39239
0.400721
0.407703
0.413074
0.416766
0.418885
0.419709
0.419664
0.419244
0.418912
0.419038
0.419835
0.421336
0.423434
0.42586
0.428292
0.430395
0.431897
0.432532
0.43208
0.430426
0.427578
0.423678
0.418957
0.413785
0.408615
0.403912
0.400078
0.397352
0.395837
0.395448
0.396
0.397199
0.398856
0.400884
0.403356
0.406483
0.410406
0.415141
0.420482
0.426082
0.431477
0.43623
0.439967
0.44241
0.443411
0.442876
0.440798
0.437194
0.43217
0.425895
0.418624
0.410772
0.402839
0.395417
0.389061
0.384278
0.381375
0.380452
0.381457
0.384131
0.388116
0.392987
0.39826
0.403482
0.408286
0.412309
0.415347
0.417253
0.418034
0.417836
0.41686
0.41536
0.413616
0.411854
0.410314
0.409192
0.408632
0.408667
0.409246
0.410271
0.411589
0.412974
0.414224
0.415209
0.415921
0.416381
0.416637
0.416697
0.416527
0.41606
0.415184
0.413904
0.412354
0.410714
0.409179
0.40788
0.406824
0.405949
0.405138
0.404314
0.403451
0.402499
0.401406
0.400132
0.398619
0.396902
0.395078
0.393396
0.392191
0.391818
0.392552
0.394481
0.397396
0.400836
0.404275
0.407187
0.409228
0.410312
0.410533
0.41016
0.409486
0.408801
0.408363
0.408332
0.408871
0.410082
0.412008
0.414611
0.417704
0.420995
0.424137
0.426774
0.428712
0.42992
0.430513
0.430661
0.430472
0.429878
0.428562
0.426106
0.422154
0.41664
0.409971
0.403022
0.396837
0.392388
0.390317
0.390822
0.393686
0.398435
0.404447
0.411095
0.417802
0.424094
0.4296
0.434022
0.437144
0.438768
0.438718
0.436948
0.433577
0.428922
0.423407
0.41753
0.411837
0.40681
0.402831
0.400091
0.398598
0.398163
0.398448
0.399039
0.399509
0.399537
0.398945
0.397655
0.395688
0.393174
0.390364
0.387649
0.385528
0.384633
0.385553
0.3887
0.394171
0.401632
0.410351
0.419305
0.427381
0.433539
0.437065
0.437643
0.435333
0.430526
0.423839
0.416006
0.407806
0.399978
0.393211
0.388036
0.384844
0.383864
0.385161
0.388628
0.393915
0.400485
0.407704
0.414895
0.42152
0.427292
0.432214
0.436441
0.440185
0.443486
0.446187
0.447944
0.448381
0.44727
0.444677
0.440943
0.436488
0.431737
0.426908
0.422057
0.417142
0.412205
0.407512
0.403486
0.400496
0.398745
0.39812
0.398236
0.398588
0.398736
0.398367
0.397358
0.395756
0.393701
0.391415
0.389134
0.387055
0.385341
0.384184
0.383759
0.384162
0.385386
0.387259
0.389413
0.391351
0.392639
0.393026
0.39265
0.392073
0.392198
0.393939
0.397813
0.403691
0.410846
0.418365
0.42553
0.43198
0.437588
0.442338
0.446058
0.448439
0.449075
0.447599
0.44369
0.437228
0.42843
0.417886
0.406617
0.395915
0.387218
0.381786
0.380425
0.383316
0.389904
0.399115
0.409639
0.420158
0.429516
0.436806
0.441484
0.443338
0.442496
0.439349
0.434527
0.428804
0.422979
0.417689
0.413361
0.410108
0.407814
0.406213
0.404943
0.403574
0.401677
0.39894
0.395213
0.390613
0.385524
0.380534
0.376268
0.373247
0.371756
0.371785
0.373068
0.37516
0.377595
0.379974
0.382082
0.383893
0.385611
0.38751
0.389868
0.392873
0.39652
0.400666
0.405055
0.40944
0.41355
0.417146
0.420117
0.422469
0.424374
0.426054
0.427774
0.429708
0.431926
0.434349
0.436819
0.4391
0.440938
0.442095
0.44237
0.441579
0.439585
0.436348
0.431916
0.426501
0.420444
0.414243
0.408465
0.403625
0.400146
0.398234
0.397917
0.399011
0.40124
0.404258
0.407729
0.411379
0.414992
0.418346
0.421189
0.423255
0.424224
0.423765
0.421617
0.417679
0.411979
0.404745
0.396476
0.387914
0.379949
0.373527
0.369521
0.368525
0.370666
0.375669
0.38287
0.39133
0.399959
0.407713
0.413742
0.417479
0.418705
0.417546
0.414487
0.410269
0.405763
0.401772
0.398928
0.397539
0.397584
0.398803
0.400837
0.403282
0.405874
0.408531
0.411296
0.414204
0.417257
0.420436
0.423667
0.426893
0.430016
0.432825
0.435037
0.436301
0.436279
0.434769
0.431794
0.42761
0.422712
0.417767
0.413487
0.410417
0.408726
0.408144
0.408092
0.407886
0.407015
0.405226
0.402528
0.399135
0.395422
0.391863
0.388946
0.387128
0.386728
0.387845
0.390358
0.393918
0.398037
0.402195
0.405955
0.409048
0.411395
0.413033
0.414114
0.414831
0.415401
0.415962
0.416677
0.417655
0.418979
0.420678
0.422698
0.424869
0.426921
0.428519
0.429321
0.429041
0.427555
0.424968
0.421521
0.417639
0.413798
0.410478
0.408071
0.406823
0.406776
0.407786
0.409417
0.411118
0.412294
0.412447
0.411272
0.408721
0.405033
0.400553
0.395713
0.390967
0.386725
0.383388
0.381353
0.380959
0.382394
0.385618
0.390272
0.395741
0.40136
0.40645
0.410551
0.41339
0.414867
0.415103
0.414371
0.41311
0.411854
0.411153
0.411446
0.413006
0.41587
0.419927
0.424888
0.430367
0.435858
0.440744
0.444363
0.446166
0.445844
0.443329
0.438825
0.432768
0.425656
0.417999
0.410203
0.402637
0.395636
0.389578
0.384891
0.382008
0.381256
0.382688
0.386041
0.390731
0.395995
0.40107
0.405302
0.408227
0.409622
0.409528
0.408108
0.405717
0.402797
0.399862
0.397461
0.39609
0.396117
0.397685
0.400756
0.405058
0.410189
0.415686
0.421144
0.42624
0.430783
0.43463
0.437662
0.439765
0.440761
0.440382
0.438408
0.434662
0.4291
0.421802
0.412991
0.403071
0.392606
0.382241
0.372703
0.364695
0.35886
0.355657
0.355354
0.357973
0.363321
0.370967
0.38034
0.39079
0.401657
0.412253
0.421992
0.430385
0.437112
0.441975
0.444993
0.446274
0.446043
0.444581
0.442141
0.43889
0.434953
0.430381
0.425175
0.419313
0.41281
0.405827
0.398623
0.391638
0.385479
0.380756
0.377958
0.377258
0.378481
0.381112
0.384432
0.387661
0.390095
0.391237
0.390842
0.389019
0.386143
0.38284
0.379878
0.377986
0.377699
0.379307
0.382769
0.387752
0.393682
0.399896
0.405781
0.410877
0.414919
0.417885
0.419952
0.421459
0.42276
0.424157
0.425888
0.427983
0.430393
0.432964
0.435488
0.437768
0.439683
0.441133
0.442142
0.442787
0.443164
0.443278
0.443
0.442045
0.440024
0.436561
0.431413
0.4246
0.416426
0.407508
0.398659
0.390651
0.384119
0.379403
0.376505
0.375164
0.374934
0.375371
0.376118
0.376964
0.377875
0.378976
