-6.96641
-6.9477
-6.92083
-6.8895
-6.85912
-6.83103
-6.80821
-6.78709
-6.77158
-6.76109
-6.75764
-6.7557
-6.75671
-6.76158
-6.7726
-6.78424
-6.79665
-6.81098
-6.82204
-6.82851
-6.83109
-6.83226
-6.8269
-6.81941
-6.8088
-6.80038
-6.79365
-6.78911
-6.79227
-6.80284
-6.81538
-6.83415
-6.85364
-6.8745
-6.89252
-6.90753
-6.91239
-6.91579
-6.9139
-6.90886
-6.8998
-6.89152
-6.88446
-6.87045
-6.85431
-6.8353
-6.81492
-6.79175
-6.76852
-6.74563
-6.72816
-6.71501
-6.70731
-6.70755
-6.71556
-6.72796
-6.74082
-6.75243
-6.76263
-6.77213
-6.77706
-6.78227
-6.78572
-6.78558
-6.78567
-6.78834
-6.79129
-6.79816
-6.80722
-6.81581
-6.82578
-6.83542
-6.84382
-6.85016
-6.85375
-6.85081
-6.84587
-6.83735
-6.82426
-6.81243
-6.79916
-6.78473
-6.77289
-6.76118
-6.74944
-6.73788
-6.73113
-6.72995
-6.73734
-6.74972
-6.76948
-6.79438
-6.82086
-6.84604
-6.86757
-6.87638
-6.87644
-6.87102
-6.85894
-6.84179
-6.82664
-6.81416
-6.8071
-6.80583
-6.8107
-6.81812
-6.82971
-6.84103
-6.84846
-6.85053
-6.84721
-6.84017
-6.82932
-6.81492
-6.79713
-6.77927
-6.75857
-6.74198
-6.73041
-6.72382
-6.72664
-6.74007
-6.76216
-6.78727
-6.8147
-6.83878
-6.86066
-6.87594
-6.88176
-6.88274
-6.87561
-6.86526
-6.85028
-6.83433
-6.81715
-6.80139
-6.7881
-6.77459
-6.76257
-6.75577
-6.75312
-6.75526
-6.76281
-6.77518
-6.79122
-6.80739
-6.82675
-6.84342
-6.86129
-6.87355
-6.88614
-6.89235
-6.89523
-6.89321
-6.88442
-6.8714
-6.85254
-6.83434
-6.81621
-6.80395
-6.79565
-6.78917
-6.78464
-6.77846
-6.77275
-6.76432
-6.7525
-6.74355
-6.73336
-6.73019
-6.73103
-6.73719
-6.74999
-6.76451
-6.78288
-6.80147
-6.8193
-6.83382
-6.84253
-6.84587
-6.84436
-6.83558
-6.82425
-6.80714
-6.79146
-6.77824
-6.76762
-6.75702
-6.75102
-6.75066
-6.75522
-6.76173
-6.77284
-6.78064
-6.7842
-6.78651
-6.78813
-6.78515
-6.78401
-6.78206
-6.77768
-6.77304
-6.76795
-6.75943
-6.75122
-6.74301
-6.73612
-6.73366
-6.73736
-6.74612
-6.75961
-6.77772
-6.80019
-6.82503
-6.85264
-6.88009
-6.90628
-6.92388
-6.93467
-6.93639
-6.92346
-6.90113
-6.87346
-6.84043
-6.80453
-6.77063
-6.74127
-6.71776
-6.709
-6.71414
-6.72865
-6.75336
-6.78296
-6.81331
-6.84381
-6.86884
-6.88766
-6.89814
-6.90371
-6.90193
-6.90075
-6.89464
-6.885
-6.87174
-6.85611
-6.83735
-6.81949
-6.80217
-6.78715
-6.77582
-6.77021
-6.77205
-6.77646
-6.78078
-6.78749
-6.793
-6.79574
-6.79707
-6.79812
-6.79722
-6.79732
-6.79418
-6.79393
-6.79032
-6.78736
-6.78152
-6.77639
-6.77249
-6.77217
-6.77551
-6.78197
-6.79216
-6.80208
-6.81101
-6.82035
-6.82542
-6.82847
-6.82655
-6.81803
-6.80661
-6.78963
-6.77099
-6.75219
-6.73259
-6.71249
-6.69442
-6.68035
-6.66974
-6.66479
-6.66309
-6.66904
-6.67871
-6.6938
-6.71398
-6.74262
-6.77265
-6.80364
-6.83707
-6.86524
-6.89019
-6.91038
-6.92985
-6.9449
-6.95302
-6.95942
-6.95935
-6.9533
-6.94799
-6.9385
-6.92971
-6.91833
-6.90397
-6.88592
-6.86655
-6.84979
-6.83513
-6.82204
-6.81295
-6.80473
-6.80164
-6.80081
-6.79574
-6.78636
-6.77573
-6.76212
-6.74988
-6.73834
-6.73136
-6.73068
-6.73185
-6.73893
-6.74502
-6.75294
-6.75847
-6.76392
-6.77108
-6.78118
-6.79366
-6.80773
-6.81871
-6.83069
-6.83657
-6.83852
-6.835
-6.82876
-6.81925
-6.80996
-6.80177
-6.80151
-6.80454
-6.81347
-6.82429
-6.83245
-6.83925
-6.84338
-6.84486
-6.84231
-6.83476
-6.82742
-6.8199
-6.80999
-6.80306
-6.79664
-6.79602
-6.79534
-6.79342
-6.79553
-6.79717
-6.80188
-6.80728
-6.81173
-6.82071
-6.82807
-6.83606
-6.84192
-6.84237
-6.84189
-6.83656
-6.83063
-6.82501
-6.81991
-6.81581
-6.80922
-6.80484
-6.79461
-6.78387
-6.77377
-6.7625
-6.75499
-6.75158
-6.75176
-6.75709
-6.76084
-6.76606
-6.77403
-6.78519
-6.79475
-6.81231
-6.83206
-6.8531
-6.86984
-6.8854
-6.89373
-6.8943
-6.88737
-6.873
-6.85152
-6.82869
-6.80628
-6.78729
-6.76953
-6.7565
-6.74574
-6.74298
-6.74491
-6.74832
-6.75751
-6.77097
-6.78475
-6.80073
-6.81943
-6.83519
-6.84836
-6.8552
-6.85728
-6.85796
-6.85261
-6.84369
-6.83621
-6.82896
-6.82198
-6.81867
-6.82062
-6.8229
-6.82897
-6.83738
-6.84331
-6.85275
-6.85402
-6.85528
-6.85029
-6.84005
-6.82552
-6.80979
-6.79421
-6.7812
-6.76989
-6.76102
-6.75654
-6.75928
-6.76275
-6.769
-6.77227
-6.77285
-6.77204
-6.76778
-6.76108
-6.75738
-6.75686
-6.75754
-6.75781
-6.75943
-6.75942
-6.76229
-6.76244
-6.76259
-6.7664
-6.77002
-6.77354
-6.77978
-6.78749
-6.79813
-6.81057
-6.82357
-6.83689
-6.84873
-6.85828
-6.86362
-6.86463
-6.86084
-6.85457
-6.84363
-6.83062
-6.81854
-6.80973
-6.80259
-6.79767
-6.79387
-6.78945
-6.78532
-6.77951
-6.77635
-6.77873
-6.78343
-6.79387
-6.806
-6.82119
-6.83185
-6.83996
-6.84354
-6.83914
-6.8282
-6.81049
-6.79569
-6.77832
-6.76366
-6.75725
-6.76155
-6.77508
-6.79542
-6.81995
-6.84867
-6.87369
-6.89414
-6.90853
-6.91008
-6.90218
-6.88576
-6.86379
-6.83544
-6.8123
-6.7887
-6.77426
-6.76782
-6.77124
-6.77631
-6.7809
-6.78435
-6.78215
-6.77689
-6.77121
-6.76605
-6.76784
-6.77946
-6.79798
-6.82505
-6.85057
-6.87045
-6.88606
-6.89817
-6.90344
-6.90525
-6.90705
-6.90325
-6.89646
-6.88815
-6.87548
-6.85986
-6.84406
-6.82686
-6.81182
-6.79917
-6.79251
-6.789
-6.79039
-6.79482
-6.79924
-6.80118
-6.80006
-6.79513
-6.78375
-6.77245
-6.76207
-6.75624
-6.76094
-6.77312
-6.78961
-6.8067
-6.82357
-6.8395
-6.84576
-6.84636
-6.8408
-6.82828
-6.81612
-6.80107
-6.78995
-6.77906
-6.77021
-6.76719
-6.7667
-6.76866
-6.77285
-6.7811
-6.78832
-6.79295
-6.79393
-6.79025
-6.78563
-6.77956
-6.77544
-6.77411
-6.78213
-6.79126
-6.80729
-6.82669
-6.84419
-6.85868
-6.86614
-6.86783
-6.86216
-6.85229
-6.83661
-6.82286
-6.80929
-6.79532
-6.78258
-6.77787
-6.77545
-6.77553
-6.77497
-6.77586
-6.7783
-6.78508
-6.78953
-6.79732
-6.80631
-6.81576
-6.82772
-6.84217
-6.86082
-6.87857
-6.89332
-6.90606
-6.90997
-6.90474
-6.89226
-6.87006
-6.84673
-6.81994
-6.79504
-6.77869
-6.76704
-6.76333
-6.76403
-6.76982
-6.77833
-6.78983
-6.79758
-6.80989
-6.82229
-6.83332
-6.84642
-6.85707
-6.86404
-6.86345
-6.85439
-6.8391
-6.8128
-6.78531
-6.75803
-6.73334
-6.71687
-6.70839
-6.70784
-6.70997
-6.71983
-6.73392
-6.74695
-6.76076
-6.7725
-6.78476
-6.79474
-6.80217
-6.8061
-6.80634
-6.80574
-6.79949
-6.7916
-6.78187
-6.77431
-6.76903
-6.77003
-6.7699
-6.7678
-6.76666
-6.76562
-6.76525
-6.76924
-6.77863
-6.79275
-6.81219
-6.83836
-6.86701
-6.89444
-6.92282
-6.94699
-6.96191
-6.96731
-6.96358
-6.94813
-6.92307
-6.88752
-6.85337
-6.81716
-6.78588
-6.7633
-6.74996
-6.74381
-6.74251
-6.74344
-6.7436
-6.74656
-6.75038
-6.75768
-6.76426
-6.77262
-6.78278
-6.79247
-6.79731
-6.80331
-6.80978
-6.81267
-6.81353
-6.81429
-6.81574
-6.81802
-6.82143
-6.82776
-6.83606
-6.84418
-6.85327
-6.86318
-6.87384
-6.88444
-6.8934
-6.89805
-6.89633
-6.8885
-6.8751
-6.85486
-6.83416
-6.81567
-6.80131
-6.79186
-6.79037
-6.7942
-6.8
-6.81047
-6.81825
-6.82044
-6.81753
-6.80926
-6.79705
-6.78411
-6.77595
-6.76902
-6.76843
-6.77109
-6.77617
-6.78542
-6.79699
-6.80709
-6.81608
-6.8267
-6.83825
-6.85045
-6.86011
-6.86861
-6.87281
-6.87538
-6.87206
-6.86384
-6.84954
-6.83143
-6.81117
-6.79499
-6.78215
-6.76957
-6.75908
-6.74698
-6.73928
-6.73358
-6.72899
-6.7253
-6.72413
-6.72692
-6.73571
-6.74988
-6.76506
-6.78352
-6.80107
-6.81315
-6.82226
-6.82702
-6.82936
-6.82561
-6.82443
-6.82254
-6.82181
-6.8252
-6.83382
-6.84483
-6.85401
-6.8595
-6.85979
-6.85638
-6.85295
-6.84824
-6.8376
-6.82765
-6.8127
-6.80121
-6.78697
-6.77272
-6.76038
-6.74804
-6.73724
-6.72956
-6.7307
-6.73279
-6.73745
-6.74762
-6.75883
-6.77095
-6.78715
-6.80232
-6.81554
-6.83126
-6.84187
-6.85254
-6.85905
-6.85894
-6.85762
-6.84935
-6.84218
-6.83052
-6.81657
-6.80366
-6.79166
-6.78155
-6.77665
-6.7772
-6.78368
-6.7963
-6.81219
-6.82713
-6.84542
-6.86063
-6.87399
-6.88546
-6.89294
-6.89795
-6.89704
-6.88808
-6.87168
-6.85242
-6.82209
-6.79425
-6.76847
-6.7504
-6.73973
-6.73763
-6.74371
-6.75169
-6.76023
-6.76735
-6.77414
-6.77898
-6.78116
-6.78517
-6.78799
-6.79019
-6.79128
-6.78911
-6.77941
-6.76425
-6.74361
-6.71959
-6.69898
-6.69004
-6.69416
-6.71707
-6.75068
-6.79203
-6.83569
-6.8763
-6.90974
-6.93048
-6.94297
-6.94458
-6.93581
-6.91575
-6.88948
-6.86212
-6.84123
-6.82102
-6.81168
-6.8109
-6.81631
-6.8237
-6.83194
-6.83595
-6.83568
-6.83237
-6.82563
-6.81553
-6.80745
-6.80336
-6.7998
-6.80138
-6.80634
-6.81693
-6.82707
-6.83982
-6.85277
-6.8655
-6.87667
-6.88861
-6.89821
-6.90217
-6.89504
-6.88611
-6.86687
-6.84238
-6.81062
-6.77832
-6.74665
-6.71513
-6.68847
-6.66949
-6.65728
-6.65588
-6.66858
-6.69429
-6.72786
-6.76713
-6.80875
-6.84603
-6.8763
-6.89745
-6.90456
-6.90407
-6.89149
-6.87066
-6.847
-6.8186
-6.79115
-6.76746
-6.74715
-6.73097
-6.71821
-6.71234
-6.70695
-6.70832
-6.7111
-6.71684
-6.72927
-6.74648
-6.77191
-6.79876
-6.82687
-6.85286
-6.87298
-6.88993
-6.90298
-6.91027
-6.91159
-6.90832
-6.89906
-6.88689
-6.87098
-6.8575
-6.84353
-6.83182
-6.82044
-6.81434
-6.8173
-6.82269
-6.83092
-6.84006
-6.84968
-6.8569
-6.85556
-6.85097
-6.83941
-6.82014
-6.79795
-6.77433
-6.74936
-6.72976
-6.7143
-6.70871
-6.71561
-6.73109
-6.75461
-6.78031
-6.80888
-6.83405
-6.85376
-6.86327
-6.86404
-6.85562
-6.84247
-6.82709
-6.81052
-6.79753
-6.788
-6.78086
-6.78087
-6.7819
-6.78365
-6.78475
-6.78465
-6.78006
-6.7756
-6.77324
-6.76758
-6.76017
-6.74821
-6.73676
-6.72989
-6.73171
-6.73699
-6.7493
-6.76475
-6.77979
-6.79486
-6.8064
-6.81821
-6.83055
-6.83853
-6.8433
-6.84861
-6.85234
-6.85708
-6.86321
-6.86798
-6.87547
-6.88243
-6.8913
-6.89888
-6.90422
-6.90525
-6.90442
-6.90257
-6.89652
-6.89239
-6.88505
-6.87913
-6.87062
-6.85647
-6.83895
-6.81644
-6.79344
-6.77413
-6.75937
-6.75183
-6.75746
-6.77412
-6.79931
-6.82768
-6.85742
-6.88082
-6.89915
-6.90947
-6.9138
-6.91224
-6.90493
-6.89632
-6.88423
-6.8688
-6.84858
-6.82601
-6.79859
-6.76854
-6.73876
-6.71177
-6.69441
-6.68679
-6.68187
-6.68628
-6.69426
-6.70607
-6.71875
-6.73179
-6.74231
-6.75246
-6.75969
-6.75795
-6.75431
-6.74792
-6.74155
-6.73552
-6.73115
-6.7327
-6.74193
-6.75261
-6.7651
-6.776
-6.79012
-6.80404
-6.8145
-6.82507
-6.83199
-6.83631
-6.84189
-6.84482
-6.84478
-6.84513
-6.84145
-6.8408
-6.84524
-6.85134
-6.8639
-6.87634
-6.89071
-6.9034
-6.91273
-6.9183
-6.91821
-6.91273
-6.9075
-6.90123
-6.89443
-6.89035
-6.88774
-6.88247
-6.87305
-6.86092
-6.84379
-6.8271
-6.81085
-6.79221
-6.7784
-6.76125
-6.74719
-6.7335
-6.71801
-6.70786
-6.69932
-6.69368
-6.69289
-6.69257
-6.69935
-6.70629
-6.71668
-6.7278
-6.73955
-6.75212
-6.76296
-6.77096
-6.77712
-6.78245
-6.78553
-6.78751
-6.78627
-6.78895
-6.79021
-6.79062
-6.79148
-6.79174
-6.79621
-6.8
-6.80317
-6.80834
-6.81052
-6.81933
-6.82576
-6.82991
-6.83279
-6.8358
-6.83744
-6.83771
-6.83895
-6.83887
-6.83929
-6.83871
-6.837
-6.83282
-6.82976
-6.82635
-6.82323
-6.82343
-6.82595
-6.83186
-6.83793
-6.84484
-6.85059
-6.85196
-6.85484
-6.85196
-6.84998
-6.84599
-6.8473
-6.84632
-6.84315
-6.8434
-6.8422
-6.83946
-6.83405
-6.82783
-6.82067
-6.80911
-6.79705
-6.78317
-6.77038
-6.75577
-6.74294
-6.73459
-6.73126
-6.73563
-6.74423
-6.75437
-6.76441
-6.77303
-6.77863
-6.78009
-6.78151
-6.78245
-6.78685
-6.79255
-6.79963
-6.80722
-6.81864
-6.82611
-6.83315
-6.84109
-6.85191
-6.86427
-6.87212
-6.8762
-6.88076
-6.87799
-6.87127
-6.86268
-6.84731
-6.82856
-6.80909
-6.79465
-6.78316
-6.7758
-6.77525
-6.78198
-6.79263
-6.80523
-6.81843
-6.83093
-6.83441
-6.83108
-6.82378
-6.80993
-6.79069
-6.76932
-6.74671
-6.72607
-6.70484
-6.68653
-6.67059
-6.65761
-6.65324
-6.66045
-6.6766
-6.69697
-6.72162
-6.74499
-6.76507
-6.78731
-6.81251
-6.83736
-6.86205
-6.887
-6.91129
-6.92751
-6.94057
-6.94462
-6.94129
-6.9301
-6.91276
-6.89472
-6.87132
-6.84935
-6.82701
-6.81008
-6.79914
-6.79794
-6.80102
-6.80788
-6.82124
-6.83782
-6.85012
-6.8587
-6.86289
-6.85907
-6.8489
-6.8303
-6.80786
-6.78195
-6.75942
-6.74472
-6.73531
-6.73173
-6.73883
-6.7495
-6.76194
-6.77773
-6.79312
-6.80965
-6.82254
-6.83019
-6.83512
-6.83753
-6.83661
-6.83314
-6.82978
-6.82925
-6.83093
-6.8287
-6.82723
-6.82551
-6.82311
-6.82079
-6.8174
-6.80861
-6.80369
-6.79286
-6.78164
-6.77215
-6.7632
-6.75443
-6.74682
-6.74222
-6.73858
-6.73778
-6.73903
-6.74319
-6.74778
-6.75406
-6.75708
-6.76111
-6.76178
-6.76018
-6.75829
-6.75983
-6.76423
-6.7713
-6.77877
-6.7902
-6.80675
-6.82236
-6.84159
-6.85977
-6.87587
-6.88908
-6.8992
-6.90409
-6.90478
-6.90321
-6.89966
-6.89286
-6.88563
-6.8786
-6.8722
-6.86647
-6.86222
-6.85733
-6.85255
-6.84589
-6.83829
-6.82789
-6.81153
-6.79128
-6.76843
-6.74499
-6.72274
-6.70429
-6.69389
-6.69443
-6.70318
-6.71941
-6.74096
-6.76281
-6.78736
-6.80581
-6.82065
-6.83057
-6.83871
-6.84383
-6.84866
-6.85124
-6.85318
-6.85278
-6.85374
-6.85199
-6.85027
-6.84631
-6.84422
-6.83973
-6.83214
-6.82597
-6.81764
-6.80833
-6.80011
-6.7926
-6.7862
-6.78429
-6.77758
-6.77505
-6.76916
-6.76463
-6.7622
-6.76382
-6.7743
-6.79105
-6.81162
-6.83132
-6.84345
-6.84841
-6.84437
-6.82872
-6.80633
-6.78212
-6.75936
-6.74481
-6.73926
-6.74378
-6.75499
-6.7697
-6.78868
-6.80639
-6.81941
-6.82634
-6.82906
-6.82771
-6.82638
-6.82388
-6.8198
-6.81805
-6.81625
-6.82047
-6.82722
-6.83844
-6.85492
-6.87338
-6.89118
-6.90371
-6.90913
-6.90274
-6.8901
-6.86762
-6.84046
-6.81058
-6.78493
-6.76648
-6.75811
-6.75948
-6.76749
-6.78038
-6.7898
-6.79815
-6.80234
-6.80495
-6.804
-6.80184
-6.79597
-6.78367
-6.77212
-6.7581
-6.74392
-6.73346
-6.73207
-6.74391
-6.76764
-6.80155
-6.8436
-6.88649
-6.92396
-6.95347
-6.9684
-6.97012
-6.96055
-6.93867
-6.90604
-6.86831
-6.8296
-6.79061
-6.7555
-6.72639
-6.70482
-6.69128
-6.68598
-6.68418
-6.69249
-6.70607
-6.72363
-6.74313
-6.76812
-6.78883
-6.8102
-6.828
-6.84281
-6.85092
-6.85957
-6.86482
-6.86703
-6.86646
-6.86777
-6.8736
-6.87897
-6.88039
-6.87815
-6.872
-6.85888
-6.83985
-6.81367
-6.78772
-6.76229
-6.74185
-6.72857
-6.72542
-6.73361
-6.74927
-6.76957
-6.79326
-6.81133
-6.83044
-6.84375
-6.85563
-6.85904
-6.86243
-6.86101
-6.85759
-6.85358
-6.84807
-6.84367
-6.83959
-6.83299
-6.82448
-6.81565
-6.80033
-6.7846
-6.76995
-6.7556
-6.74498
-6.74063
-6.7437
-6.75131
-6.76136
-6.77378
-6.78483
-6.7919
-6.79899
-6.80221
-6.80403
-6.8014
-6.80052
-6.79864
-6.79871
-6.79887
-6.7999
-6.80115
-6.80394
-6.81042
-6.81593
-6.82173
-6.82619
-6.82557
-6.8227
-6.82257
-6.82119
-6.82154
-6.8262
-6.8355
-6.84516
-6.85431
-6.8603
-6.85965
-6.85405
-6.84214
-6.82549
-6.80515
-6.78756
-6.77318
-6.76565
-6.76231
-6.76863
-6.78067
-6.79432
-6.80418
-6.81026
-6.81433
-6.81323
-6.81434
-6.81891
-6.82545
-6.84029
-6.85423
-6.8688
-6.88394
-6.89356
-6.90349
-6.90547
-6.90499
-6.89932
-6.89129
-6.87967
-6.8617
-6.84131
-6.81917
-6.79603
-6.77679
-6.76158
-6.75173
-6.74446
-6.74322
-6.74654
-6.75661
-6.76641
-6.77935
-6.79216
-6.79959
-6.80203
-6.79766
-6.78786
-6.7797
-6.76942
-6.7616
-6.7581
-6.75719
-6.76019
-6.76131
-6.76196
-6.76246
-6.76749
-6.77243
-6.77736
-6.78793
-6.80169
-6.81916
-6.83765
-6.85268
-6.86505
-6.87266
-6.87127
-6.86062
-6.84625
-6.82798
-6.80995
-6.79207
-6.77615
-6.76763
-6.76334
-6.75864
-6.76041
-6.7627
-6.76731
-6.77658
-6.78907
-6.80362
-6.82146
-6.84065
-6.86354
-6.8871
-6.91208
-6.93588
-6.95422
-6.96507
-6.96761
-6.95387
-6.93181
-6.90081
-6.86546
-6.82722
-6.78757
-6.7587
-6.73644
-6.72405
-6.71845
-6.71767
-6.72239
-6.72982
-6.74162
-6.75889
-6.77814
-6.79997
-6.8187
-6.83395
-6.84232
-6.84422
-6.83553
-6.82132
-6.80148
-6.78009
-6.75906
-6.74468
-6.73705
-6.74013
-6.75377
-6.77698
-6.80502
-6.83985
-6.87314
-6.90002
-6.91577
-6.91744
-6.91026
-6.8892
-6.86249
-6.83108
-6.80426
-6.78407
-6.77265
-6.7675
-6.76861
-6.77069
-6.77652
-6.77757
-6.77796
-6.77713
-6.77539
-6.77181
-6.7666
-6.76029
-6.75365
-6.74634
-6.73855
-6.73176
-6.72611
-6.72551
-6.73228
-6.74332
-6.76738
-6.79451
-6.83026
-6.86505
-6.89739
-6.92465
-6.94513
-6.95675
-6.95876
-6.94982
-6.93458
-6.91185
-6.88598
-6.85621
-6.8272
-6.79951
-6.77537
-6.75791
-6.74661
-6.74304
-6.7456
-6.7552
-6.76726
-6.7815
-6.80025
-6.81288
-6.82241
-6.82621
-6.82907
-6.83004
-6.8283
-6.82688
-6.82196
-6.81909
-6.81783
-6.81866
-6.82422
-6.83394
-6.8454
-6.85563
-6.86525
-6.86997
-6.86817
-6.86055
-6.84589
-6.8288
-6.81288
-6.79909
-6.78725
-6.78068
-6.77768
-6.77977
-6.78712
-6.79602
-6.80714
-6.81388
-6.81715
-6.82052
-6.82015
-6.81655
-6.81135
-6.80487
-6.79692
-6.78775
-6.77878
-6.77077
-6.76466
-6.75683
-6.75054
-6.74806
-6.74937
-6.75629
-6.76654
-6.78004
-6.79699
-6.81419
-6.8309
-6.84497
-6.85173
-6.85971
-6.86337
-6.86003
-6.85407
-6.84648
-6.83902
-6.83372
-6.82971
-6.83104
-6.83243
-6.83442
-6.83395
-6.82876
-6.8157
-6.79942
-6.77826
-6.75659
-6.73893
-6.72423
-6.71606
-6.717
-6.72541
-6.74089
-6.75931
-6.78
-6.80048
-6.82171
-6.83948
-6.8533
-6.86425
-6.86767
-6.86734
-6.85913
-6.84803
-6.8383
-6.82652
-6.81599
-6.80862
-6.80314
-6.79868
-6.79586
-6.79234
-6.78498
-6.78049
-6.77319
-6.76873
-6.76659
-6.76657
-6.76991
-6.77887
-6.79194
-6.80854
-6.82654
-6.84722
-6.86846
-6.88447
-6.89705
-6.90528
-6.91007
-6.9112
-6.90415
-6.89341
-6.87822
-6.85951
-6.8413
-6.82554
-6.81127
-6.80341
-6.79704
-6.79145
-6.78887
-6.7865
-6.77987
-6.77133
-6.75842
-6.74099
-6.72637
-6.71032
-6.6994
-6.69322
-6.694
-6.7015
-6.71306
-6.72972
-6.74714
-6.77286
-6.80105
-6.83152
-6.8611
-6.89003
-6.91575
-6.93452
-6.94739
-6.95253
-6.94708
-6.94122
-6.9302
-6.91235
-6.89063
-6.86626
-6.83912
-6.81198
-6.78897
-6.77273
-6.75905
-6.75043
-6.74547
-6.7462
-6.75044
-6.75387
-6.7599
-6.76381
-6.76778
-6.77288
-6.78029
-6.79102
-6.80258
-6.81523
-6.82802
-6.84016
-6.85155
-6.86211
-6.87077
-6.87662
-6.88346
-6.8857
-6.88406
-6.87474
-6.86173
-6.84098
-6.81742
-6.79671
-6.77519
-6.75894
-6.74809
-6.73987
-6.74017
-6.74473
-6.75112
-6.75792
-6.76316
-6.76662
-6.76675
-6.76988
-6.76778
-6.76415
-6.76044
-6.7591
-6.76102
-6.76653
-6.77407
-6.78584
-6.79986
-6.81549
-6.83142
-6.84342
-6.85269
-6.85521
-6.85378
-6.85028
-6.84723
-6.84603
-6.84986
-6.85825
-6.86952
-6.88292
-6.89625
-6.907
-6.91409
-6.91668
-6.91265
-6.90404
-6.89216
-6.87967
-6.86178
-6.84253
-6.82199
-6.80237
-6.78258
-6.76297
-6.74491
-6.73034
-6.71957
-6.71195
-6.70945
-6.71118
-6.7145
-6.71654
-6.71427
-6.71286
-6.71237
-6.71516
-6.7237
-6.73711
-6.7538
-6.77253
-6.79559
-6.81606
-6.83528
-6.85036
-6.86375
-6.87646
-6.88542
-6.89636
-6.90038
-6.90099
-6.89608
-6.88962
-6.87817
-6.86446
-6.85004
-6.83682
-6.82682
-6.81692
-6.80939
-6.80237
-6.80089
-6.80184
-6.80302
-6.80335
-6.80188
-6.80023
-6.79323
-6.78519
-6.77535
-6.76805
-6.76789
-6.77678
-6.79418
-6.82077
-6.85096
-6.87856
-6.90078
-6.91395
-6.91886
-6.91803
-6.91282
-6.90218
-6.89074
-6.8727
-6.852
-6.83261
-6.81599
-6.79944
-6.78411
-6.76905
-6.75838
-6.74821
-6.73753
-6.72714
-6.71481
-6.70517
-6.69885
-6.69686
-6.70132
-6.7086
-6.72442
-6.7412
-6.75974
-6.77983
-6.79898
-6.8124
-6.8224
-6.83156
-6.83617
-6.83672
-6.83453
-6.83406
-6.83456
-6.83311
-6.84
-6.84988
-6.86241
-6.88014
-6.89901
-6.91538
-6.92918
-6.93886
-6.94067
-6.93583
-6.91917
-6.89257
-6.85868
-6.82022
-6.78392
-6.75342
-6.73453
-6.7288
-6.73566
-6.75337
-6.78012
-6.80816
-6.83311
-6.8472
-6.85182
-6.84457
-6.829
-6.8054
-6.78068
-6.75584
-6.7344
-6.72012
-6.7139
-6.71522
-6.72205
-6.73503
-6.75085
-6.76919
-6.78742
-6.80934
-6.83398
-6.85976
-6.88271
-6.90222
-6.91619
-6.92385
-6.92087
-6.90351
-6.87926
-6.84662
-6.81044
-6.77253
-6.73722
-6.71025
-6.68814
-6.67438
-6.67064
-6.67088
-6.67694
-6.68733
-6.69924
-6.71577
-6.73397
-6.75408
-6.7757
-6.79841
-6.81982
-6.83705
-6.85118
-6.85819
-6.85941
-6.85742
-6.85027
-6.84265
-6.83661
-6.8326
-6.83135
-6.83374
-6.84303
-6.85592
-6.87127
-6.89108
-6.90713
-6.91981
-6.92848
-6.92897
-6.92255
-6.90961
-6.88889
-6.86306
-6.83528
-6.80958
-6.78644
-6.76966
-6.76217
-6.7614
-6.76968
-6.78422
-6.802
-6.82156
-6.84304
-6.86101
-6.87675
-6.89019
-6.89864
-6.90439
-6.90272
-6.89519
-6.88159
-6.86545
-6.84735
-6.82711
-6.80991
-6.79766
-6.78876
-6.78435
-6.78054
-6.77609
-6.7715
-6.7601
-6.74647
-6.73039
-6.7139
-6.70015
-6.68852
-6.68361
-6.67924
-6.68005
-6.68437
-6.69494
-6.7104
-6.73141
-6.75369
-6.77622
-6.79676
-6.81174
-6.82044
-6.82107
-6.80947
-6.79368
-6.77282
-6.75148
-6.73494
-6.72291
-6.71718
-6.71749
-6.72172
-6.72907
-6.74012
-6.75143
-6.76406
-6.77695
-6.78915
-6.80265
-6.8166
-6.83049
-6.84269
-6.85569
-6.86862
-6.87861
-6.88921
-6.89488
-6.89879
-6.90326
-6.90712
-6.90888
-6.90796
-6.90466
-6.90091
-6.8962
-6.89017
-6.88294
-6.87652
-6.86873
-6.86481
-6.86106
-6.86004
-6.86159
-6.86157
-6.86178
-6.85569
-6.84332
-6.82567
-6.80077
-6.77352
-6.74534
-6.72049
-6.69977
-6.68718
-6.68301
-6.68337
-6.6913
-6.69829
-6.70599
-6.7136
-6.72162
-6.73172
-6.74934
-6.77278
-6.80509
-6.83612
-6.86599
-6.89054
-6.90713
-6.9167
-6.9166
-6.91159
-6.90454
-6.89572
-6.88826
-6.88043
-6.873
-6.86402
-6.85335
-6.8375
-6.81714
-6.79827
-6.77754
-6.75892
-6.74664
-6.74264
-6.74538
-6.75541
-6.77205
-6.79139
-6.81185
-6.83081
-6.84426
-6.8547
-6.86427
-6.8679
-6.86829
-6.86344
-6.85272
-6.83601
-6.81609
-6.80122
-6.78731
-6.77763
-6.77288
-6.77329
-6.77436
-6.77671
-6.77993
-6.77992
-6.77944
-6.77932
-6.7772
-6.77593
-6.77961
-6.7826
-6.78758
-6.79468
-6.79891
-6.80604
-6.81502
-6.82406
-6.83721
-6.85393
-6.87107
-6.88626
-6.89832
-6.90207
-6.89594
-6.88128
-6.85826
-6.8282
-6.79831
-6.76666
-6.73555
-6.71081
-6.69294
-6.68569
-6.69122
-6.70774
-6.73343
-6.76362
-6.79631
-6.82924
-6.85723
-6.87666
-6.88902
-6.89615
-6.89847
-6.89458
-6.88612
-6.87453
-6.86008
-6.84115
-6.82149
-6.8023
-6.78298
-6.76514
-6.75347
-6.74522
-6.74347
-6.74336
-6.74534
-6.74804
-6.75323
-6.76085
-6.77402
-6.7915
-6.81276
-6.83907
-6.86637
-6.89097
-6.90874
-6.91932
-6.92314
-6.91731
-6.90055
-6.87938
-6.85098
-6.82027
-6.79183
-6.76477
-6.74596
-6.7339
-6.73002
-6.73346
-6.7446
-6.76395
-6.78508
-6.81041
-6.83287
-6.85007
-6.8649
-6.87317
-6.87456
-6.86932
-6.85883
-6.84192
-6.82332
-6.80746
-6.79395
-6.78403
-6.77587
-6.77069
-6.76625
-6.7626
-6.76146
-6.76592
-6.76896
-6.77498
-6.7788
-6.78159
-6.7812
-6.77426
-6.76456
-6.75496
-6.74779
-6.74317
-6.74708
-6.75647
-6.77195
-6.79065
-6.80925
-6.82954
-6.84404
-6.85738
-6.86293
-6.865
-6.86475
-6.85316
-6.83602
-6.81428
-6.79075
-6.7653
-6.74304
-6.73042
-6.72886
-6.73579
-6.75312
-6.7744
-6.79996
-6.82537
-6.84532
-6.85973
-6.86779
-6.86713
-6.85621
-6.84195
-6.82661
-6.81203
-6.80169
-6.79148
-6.78523
-6.78096
-6.77758
-6.77399
-6.77092
-6.77009
-6.77502
-6.78345
-6.79307
-6.80423
-6.81752
-6.83258
-6.84317
-6.84862
-6.85065
-6.84878
-6.84418
-6.83674
-6.82691
-6.82032
-6.81563
-6.8118
-6.80859
-6.80679
-6.80558
-6.80653
-6.81161
-6.81784
-6.82791
-6.83651
-6.84563
-6.85166
-6.85238
-6.84542
-6.83282
-6.81383
-6.79128
-6.76595
-6.73975
-6.71532
-6.6951
-6.679
-6.66508
-6.65652
-6.65527
-6.65984
-6.66881
-6.68098
-6.69511
-6.7108
-6.7264
-6.74579
-6.76717
-6.78783
-6.80899
-6.82936
-6.8512
-6.87238
-6.89176
-6.90848
-6.92123
-6.93197
-6.93972
-6.94337
-6.94595
-6.94583
-6.94365
-6.93916
-6.93147
-6.92163
-6.90949
-6.89757
-6.8857
-6.87129
-6.85624
-6.83637
-6.81877
-6.80205
-6.78441
-6.76792
-6.75167
-6.73768
-6.72744
-6.71834
-6.71359
-6.70928
-6.70777
-6.70978
-6.71402
-6.72249
-6.72996
-6.73896
-6.74643
-6.75092
-6.75455
-6.75198
-6.74796
-6.74115
-6.73456
-6.73078
-6.73535
-6.74682
-6.76477
-6.7878
-6.81496
-6.84114
-6.86608
-6.88803
-6.9023
-6.91004
-6.90979
-6.90226
-6.89009
-6.87061
-6.85028
-6.83035
-6.81045
-6.79727
-6.79036
-6.78356
-6.78382
-6.78234
-6.7826
-6.77704
-6.76919
-6.75456
-6.74443
-6.73591
-6.72491
-6.7159
-6.71763
-6.72632
-6.7442
-6.77432
-6.81125
-6.85268
-6.88994
-6.91996
-6.93917
-6.94954
-6.94523
-6.92806
-6.90458
-6.87681
-6.84876
-6.82443
-6.80578
-6.79777
-6.7967
-6.80226
-6.81463
-6.82603
-6.83925
-6.84685
-6.84691
-6.8392
-6.83147
-6.81642
-6.80139
-6.78562
-6.77337
-6.76207
-6.7556
-6.75184
-6.75316
-6.75772
-6.76656
-6.77489
-6.78491
-6.79169
-6.79185
-6.78887
-6.78336
-6.77591
-6.76891
-6.76403
-6.76571
-6.77789
-6.79662
-6.82294
-6.85186
-6.87958
-6.90108
-6.91279
-6.91423
-6.90602
-6.88875
-6.86619
-6.8488
-6.83784
-6.83296
-6.83897
-6.84767
-6.86273
-6.87525
-6.88177
-6.88055
-6.87122
-6.85664
-6.83754
-6.81598
-6.79348
-6.77475
-6.75865
-6.74786
-6.74252
-6.73995
-6.74152
-6.74789
-6.75998
-6.77619
-6.79603
-6.822
-6.84342
-6.86521
-6.8812
-6.8921
-6.89708
-6.89411
-6.88475
-6.86925
-6.84828
-6.83044
-6.81538
-6.80476
-6.798
-6.79943
-6.80107
-6.80573
-6.81307
-6.81648
-6.82139
-6.82524
-6.82766
-6.83054
-6.8296
-6.82374
-6.81761
-6.8098
-6.7979
-6.7811
-6.7651
-6.74989
-6.73517
-6.72222
-6.70965
-6.70061
-6.6947
-6.69788
-6.70598
-6.7211
-6.74076
-6.76389
-6.78556
-6.805
-6.82211
-6.83635
-6.84359
-6.8401
-6.83039
-6.81472
-6.79214
-6.76558
-6.73935
-6.71651
-6.704
-6.7003
-6.70801
-6.72728
-6.75581
-6.79269
-6.83082
-6.87138
-6.90861
-6.94157
-6.96402
-6.97879
-6.97988
-6.97152
-6.95426
-6.93248
-6.90592
-6.88369
-6.86918
-6.85543
-6.84003
-6.82851
-6.8157
-6.80242
-6.79196
-6.78408
-6.77961
-6.77593
-6.77132
-6.76925
-6.76748
-6.76651
-6.76691
-6.77171
-6.78137
-6.79363
-6.80922
-6.82382
-6.83805
-6.84812
-6.85313
-6.8542
-6.84846
-6.83462
-6.81714
-6.7942
-6.76979
-6.74783
-6.73044
-6.71856
-6.71305
-6.71863
-6.73166
-6.7512
-6.7766
-6.80381
-6.83374
-6.85584
-6.87464
-6.88648
-6.88818
-6.88327
-6.8717
-6.85752
-6.83887
-6.82385
-6.80531
-6.78697
-6.76726
-6.74504
-6.72588
-6.70701
-6.69297
-6.68602
-6.68818
-6.69637
-6.71649
-6.7444
-6.78062
-6.81889
-6.86052
-6.90087
-6.9371
-6.96155
-6.97661
-6.98054
-6.97194
-6.95021
-6.92384
-6.88966
-6.85468
-6.81901
-6.78728
-6.75942
-6.73885
-6.726
-6.71946
-6.72277
-6.73563
-6.75524
-6.78152
-6.80743
-6.8347
-6.85446
-6.86848
-6.87708
-6.87604
-6.86503
-6.84584
-6.82331
-6.79772
-6.77843
-6.7617
-6.75544
-6.75801
-6.76526
-6.77788
-6.79145
-6.80165
-6.80803
-6.81382
-6.81567
-6.81182
-6.80721
-6.79845
-6.79167
-6.78366
-6.7819
-6.78371
-6.79346
-6.80737
-6.82248
-6.83979
-6.85383
-6.8662
-6.8769
-6.87902
-6.87742
-6.86824
-6.85171
-6.82419
-6.79318
-6.76305
-6.73482
-6.71798
-6.70642
-6.70621
-6.71655
-6.73082
-6.75325
-6.77761
-6.79843
-6.82075
-6.83939
-6.85197
-6.86098
-6.86284
-6.85946
-6.84634
-6.82854
-6.80611
-6.7815
-6.75912
-6.74208
-6.73402
-6.73385
-6.74207
-6.75564
-6.77226
-6.79245
-6.80829
-6.82882
-6.84758
-6.8662
-6.88561
-6.90426
-6.92028
-6.93189
-6.94272
-6.94505
-6.94413
-6.93843
-6.92644
-6.91036
-6.88555
-6.85628
-6.82686
-6.79609
-6.76893
-6.74622
-6.72684
-6.71479
-6.70744
-6.70304
-6.70027
-6.69465
-6.69042
-6.68913
-6.69395
-6.70252
-6.71557
-6.73439
-6.75467
-6.77772
-6.79782
-6.8154
-6.8281
-6.83349
-6.83578
-6.83459
-6.829
-6.82455
-6.82542
-6.82623
-6.82965
-6.82891
-6.82975
-6.82793
-6.82631
-6.82492
-6.82403
-6.82637
-6.83084
-6.83809
-6.84898
-6.85391
-6.85219
-6.84181
-6.82576
-6.80299
-6.77977
-6.7596
-6.75056
-6.75598
-6.77208
-6.79226
-6.81342
-6.8343
-6.8491
-6.85592
-6.85723
-6.85437
-6.85032
-6.8456
-6.83911
-6.83217
-6.82286
-6.8094
-6.79592
-6.78775
-6.77674
-6.76986
-6.76825
-6.7711
-6.7779
-6.78772
-6.798
-6.80841
-6.81668
-6.82325
-6.82736
-6.82877
-6.83019
-6.82792
-6.82435
-6.8203
-6.81817
-6.81677
-6.81784
-6.81742
-6.81527
-6.81217
-6.80849
-6.80151
-6.79559
-6.78845
-6.78098
-6.77016
-6.76317
-6.75684
-6.75756
-6.76162
-6.77292
-6.786
-6.80036
-6.81495
-6.82759
-6.83985
-6.85141
-6.86541
-6.87934
-6.88818
-6.88972
-6.88592
-6.87448
-6.86015
-6.84356
-6.83019
-6.81819
-6.80637
-6.79491
-6.79128
-6.78955
-6.78912
-6.78764
-6.78904
-6.78756
-6.79035
-6.7941
-6.79483
-6.80154
-6.80954
-6.81855
-6.8234
-6.82829
-6.83095
-6.83109
-6.83014
-6.82574
-6.8223
-6.81779
-6.81382
-6.80703
-6.80061
-6.794
-6.78616
-6.78125
-6.77524
-6.76793
-6.7641
-6.76215
-6.75855
-6.75688
-6.75863
-6.76142
-6.7648
-6.77015
-6.77848
-6.78765
-6.79766
-6.80448
-6.81185
-6.81789
-6.8239
-6.82703
-6.82781
-6.83079
-6.83346
-6.83739
-6.84606
-6.85504
-6.86435
-6.87397
-6.88324
-6.88746
-6.89008
-6.88457
-6.8767
-6.86292
-6.84168
-6.81689
-6.79572
-6.77484
-6.76034
-6.75036
-6.74794
-6.75398
-6.76671
-6.78657
-6.80918
-6.82941
-6.84353
-6.85207
-6.85115
-6.84188
-6.82488
-6.79969
-6.77625
-6.75322
-6.73884
-6.73266
-6.7376
-6.75404
-6.77314
-6.79371
-6.81403
-6.83173
-6.84828
-6.86447
-6.87756
-6.89076
-6.90107
-6.90817
-6.90833
-6.90546
-6.89824
-6.88616
-6.86968
-6.84809
-6.8285
-6.80798
-6.78835
-6.76857
-6.75605
-6.74856
-6.74811
-6.75066
-6.76057
-6.77205
-6.78423
-6.79527
-6.8065
-6.81734
-6.82362
-6.82614
-6.82549
-6.81849
-6.80724
-6.79018
-6.77167
-6.75466
-6.73911
-6.72763
-6.72455
-6.7259
-6.73769
-6.75887
-6.78751
-6.82044
-6.85937
-6.897
-6.92725
-6.95261
-6.96334
-6.96338
-6.94799
-6.92257
-6.89079
-6.86002
-6.83097
-6.80424
-6.78315
-6.76228
-6.74392
-6.72675
-6.71342
-6.70051
-6.69423
-6.69632
-6.70329
-6.7203
-6.74328
-6.77047
-6.79958
-6.82582
-6.84633
-6.85869
-6.86322
-6.85611
-6.84196
-6.82298
-6.80189
-6.78181
-6.7678
-6.761
-6.76514
-6.77964
-6.79638
-6.81731
-6.83707
-6.85405
-6.86471
-6.87216
-6.87186
-6.86398
-6.84977
-6.83336
-6.81443
-6.79728
-6.78105
-6.76593
-6.75459
-6.75155
-6.75454
-6.76443
-6.77944
-6.79874
-6.82081
-6.83978
-6.85858
-6.87266
-6.88063
-6.88227
-6.87843
-6.86749
-6.85462
-6.84096
-6.82825
-6.81687
-6.80693
-6.80023
-6.79787
-6.79764
-6.79823
-6.79932
-6.7998
-6.80266
-6.80067
-6.80058
-6.80098
-6.80135
-6.80508
-6.81262
-6.8182
-6.82506
-6.82964
-6.83436
-6.83783
-6.83953
-6.83469
-6.83431
-6.83008
-6.82451
-6.81615
-6.80342
-6.79011
-6.77532
-6.75683
-6.74236
-6.72893
-6.72074
-6.71219
-6.70943
-6.70934
-6.71644
-6.73152
-6.75016
-6.76913
-6.78907
-6.8043
-6.81987
-6.82856
-6.83377
-6.83723
-6.8408
-6.83944
-6.83853
-6.84012
-6.84154
-6.8393
-6.8334
-6.82752
-6.82264
-6.81942
-6.82466
-6.83395
-6.84617
-6.86109
-6.87316
-6.87981
-6.87694
-6.86736
-6.85071
-6.82743
-6.80376
-6.78578
-6.76845
-6.75812
-6.75257
-6.74772
-6.74828
-6.74954
-6.74976
-6.75349
-6.76156
-6.77037
-6.78176
-6.79429
-6.80835
-6.82611
-6.84278
-6.86134
-6.87859
-6.89617
-6.91098
-6.92265
-6.92881
-6.93035
-6.921
-6.90493
-6.88365
-6.85784
-6.82907
-6.80255
-6.7788
-6.76
-6.74608
-6.7354
-6.73169
-6.73412
-6.7423
-6.75592
-6.76593
-6.7759
-6.7805
-6.78228
-6.77915
-6.77422
-6.76875
-6.76433
-6.76042
-6.7549
-6.75358
-6.75198
-6.75055
-6.74761
-6.74753
-6.75233
-6.76204
-6.7779
-6.80093
-6.82899
-6.85583
-6.88315
-6.90545
-6.92209
-6.93493
-6.93971
-6.9366
-6.92386
-6.90111
-6.87246
-6.83783
-6.80447
-6.7708
-6.74487
-6.72264
-6.70972
-6.70645
-6.71652
-6.73488
-6.76145
-6.79158
-6.82381
-6.84978
-6.87097
-6.88655
-6.89509
-6.89491
-6.88531
-6.86998
-6.85138
-6.82878
-6.80431
-6.77956
-6.75854
-6.7449
-6.73769
-6.73467
-6.74196
-6.75659
-6.77143
-6.78998
-6.80961
-6.82754
-6.84189
-6.85328
-6.86243
-6.87179
-6.88063
-6.88493
-6.88545
-6.88589
-6.87919
-6.86694
-6.84775
-6.82509
-6.79864
-6.77364
-6.74933
-6.73154
-6.71717
-6.71423
-6.7197
-6.73345
-6.74868
-6.7639
-6.77708
-6.78771
-6.7915
-6.79654
-6.80027
-6.80742
-6.81939
-6.83415
-6.84891
-6.86259
-6.87137
-6.87325
-6.87292
-6.8673
-6.86009
-6.8486
-6.83788
-6.8232
-6.80875
-6.79674
-6.78664
-6.77917
-6.77748
-6.77766
-6.78411
-6.79685
-6.80926
-6.82311
-6.83161
-6.8356
-6.83201
-6.8252
-6.81126
-6.79372
-6.77532
-6.75994
-6.74893
-6.74355
-6.74455
-6.74945
-6.75793
-6.76837
-6.77768
-6.78497
-6.789
-6.7983
-6.81088
-6.82719
-6.84465
-6.86422
-6.87837
-6.88549
-6.88833
-6.88759
-6.8832
-6.87501
-6.86847
-6.86306
-6.86376
-6.86384
-6.86584
-6.86817
-6.87224
-6.86893
-6.86066
-6.84854
-6.83267
-6.81638
-6.8006
-6.78449
-6.77009
-6.75787
-6.74839
-6.7392
-6.72934
-6.7214
-6.71603
-6.7144
-6.71584
-6.72282
-6.73365
-6.74782
-6.76687
-6.78725
-6.80677
-6.82228
-6.83574
-6.84676
-6.85309
-6.85399
-6.84982
-6.84586
-6.83765
-6.83314
-6.82906
-6.82448
-6.81988
-6.81705
-6.81747
-6.81329
-6.80881
-6.80157
-6.79402
-6.78225
-6.771
-6.76306
-6.75614
-6.75134
-6.74928
-6.75385
-6.7597
-6.77111
-6.7851
-6.79812
-6.81208
-6.82723
-6.83872
-6.85098
-6.85957
-6.86405
-6.86446
-6.85728
-6.84488
-6.82982
-6.81498
-6.80152
-6.79099
-6.78468
-6.78058
-6.77863
-6.77447
-6.76796
-6.76184
-6.75799
-6.75872
-6.76335
-6.77439
-6.79309
-6.81434
-6.83574
-6.8557
-6.87104
-6.88141
-6.88706
-6.88973
-6.88789
-6.88415
-6.87544
-6.86401
-6.85344
-6.83854
-6.82471
-6.81127
-6.79801
-6.78207
-6.76563
-6.75183
-6.73971
-6.73152
-6.72705
-6.72594
-6.72936
-6.73592
-6.74031
-6.74729
-6.75501
-6.76904
-6.78229
-6.79619
-6.80758
-6.81912
-6.82929
-6.83643
-6.84252
-6.84609
-6.85077
-6.86126
-6.87365
-6.88536
-6.89393
-6.90454
-6.9105
-6.91328
-6.90879
-6.90102
-6.8878
-6.87082
-6.85498
-6.84032
-6.82671
-6.81546
-6.80988
-6.80502
-6.80177
-6.799
-6.79377
-6.78907
-6.78158
-6.77504
-6.76677
-6.7653
-6.76537
-6.76843
-6.77232
-6.77948
-6.78631
-6.79245
-6.79616
-6.79811
-6.7973
-6.79603
-6.79039
-6.79175
-6.79514
-6.79912
-6.81086
-6.8236
-6.83681
-6.85019
-6.86143
-6.86827
-6.87
-6.86858
-6.8612
-6.85312
-6.8452
-6.835
-6.82577
-6.81861
-6.81102
-6.80912
-6.80854
-6.80686
-6.80787
-6.81142
-6.81166
-6.80882
-6.80504
-6.79797
-6.78816
-6.78125
-6.77435
-6.77035
-6.7719
-6.77603
-6.78178
-6.78657
-6.79209
-6.78879
-6.78203
-6.77379
-6.76544
-6.75567
-6.75331
-6.75125
-6.75325
-6.76085
-6.76974
-6.78041
-6.79463
-6.80671
-6.81799
-6.82568
-6.82862
-6.82794
-6.82085
-6.80963
-6.79877
-6.78599
-6.77632
-6.76825
-6.7634
-6.76754
-6.77908
-6.79639
-6.82161
-6.84784
-6.87107
-6.88771
-6.89875
-6.90308
-6.89965
-6.88969
-6.87806
-6.8637
-6.85393
-6.84231
-6.82866
-6.81772
-6.8085
-6.79838
-6.78665
-6.77934
-6.77316
-6.77079
-6.77426
-6.78228
-6.79059
-6.8016
-6.80961
-6.81253
-6.81136
-6.80264
-6.7896
-6.7748
-6.76225
-6.75572
-6.75311
-6.7562
-6.76294
-6.77419
-6.78347
-6.79324
-6.80242
-6.8108
-6.82
-6.83112
-6.84232
-6.85007
-6.85617
-6.86137
-6.86228
-6.86352
-6.86197
-6.85893
-6.85537
-6.84755
-6.83996
-6.83175
-6.82607
-6.81916
-6.81433
-6.81252
-6.81306
-6.81518
-6.81873
-6.8203
-6.82079
-6.81495
-6.80779
-6.79739
-6.78615
-6.78217
-6.78531
-6.79398
-6.80352
-6.80891
-6.81009
-6.8067
-6.80031
-6.79046
-6.7817
-6.77377
-6.76994
-6.76623
-6.7663
-6.76828
-6.77394
-6.78053
-6.78732
-6.79365
-6.80213
-6.80892
-6.81534
-6.81961
-6.82496
-6.82853
-6.82981
-6.82461
-6.81579
-6.80448
-6.79021
-6.7774
-6.76569
-6.75963
-6.75911
-6.76265
-6.76936
-6.78274
-6.79821
-6.81345
-6.82865
-6.84176
-6.85374
-6.86132
-6.86383
-6.86496
-6.8625
-6.85988
-6.85495
-6.84549
-6.8339
-6.81724
-6.79993
-6.7803
-6.76103
-6.74648
-6.73849
-6.73213
-6.72909
-6.73079
-6.73873
-6.74968
-6.7661
-6.78504
-6.80751
-6.82917
-6.84614
-6.85753
-6.86262
-6.85887
-6.8509
-6.84053
-6.8289
-6.81929
-6.81511
-6.81631
-6.8262
-6.84277
-6.8613
-6.87763
-6.8891
-6.89569
-6.8916
-6.88104
-6.86601
-6.84229
-6.8176
-6.79083
-6.76513
-6.74642
-6.73242
-6.72718
-6.72831
-6.735
-6.74203
-6.75321
-6.76265
-6.77104
-6.77859
-6.7855
-6.79081
-6.79522
-6.79861
-6.79902
-6.79784
-6.79101
-6.78141
-6.77533
-6.76718
-6.76253
-6.76017
-6.76038
-6.76638
-6.7779
-6.79363
-6.8116
-6.82943
-6.8485
-6.86723
-6.88108
-6.89064
-6.89418
-6.89064
-6.88471
-6.87491
-6.86169
-6.8439
-6.82606
-6.80504
-6.78884
-6.7737
-6.76363
-6.75975
-6.76315
-6.7712
-6.78087
-6.79187
-6.80652
-6.81996
-6.83076
-6.84223
-6.84751
-6.84602
-6.83859
-6.82675
-6.81432
-6.802
-6.79119
-6.78583
-6.78485
-6.79023
-6.79535
-6.80635
-6.81628
-6.83014
-6.8454
-6.85995
-6.87257
-6.88189
-6.88606
-6.88693
-6.88492
-6.87748
-6.87113
-6.86015
-6.84634
-6.82957
-6.80945
-6.78114
-6.75649
-6.72889
-6.70356
-6.68026
-6.66209
-6.64697
-6.63605
-6.6311
-6.63313
-6.64201
-6.65828
-6.68171
-6.71124
-6.74393
-6.78445
-6.82521
-6.86161
-6.89306
-6.91638
-6.93691
-6.95276
-6.961
-6.9675
-6.97008
-6.96871
-6.96188
-6.95292
-6.94017
-6.9233
-6.90746
-6.89314
-6.87309
-6.85235
-6.83371
-6.81404
-6.7926
-6.78095
-6.76291
-6.75122
-6.74643
-6.74673
-6.74911
-6.75776
-6.76326
-6.76924
-6.77602
-6.77821
-6.77927
-6.77504
-6.77133
-6.76818
-6.76493
-6.76356
-6.76096
-6.76215
-6.76165
-6.76118
-6.7603
-6.75715
-6.75521
-6.75308
-6.75289
-6.75226
-6.75404
-6.75582
-6.7538
-6.75188
-6.75387
-6.75907
-6.76948
-6.78535
-6.80241
-6.81745
-6.8269
-6.82863
-6.82648
-6.82268
-6.81795
-6.81354
-6.81368
-6.81503
-6.81703
-6.81535
-6.81174
-6.80536
-6.79867
-6.79259
-6.79063
-6.79156
-6.79686
-6.80788
-6.82133
-6.83961
-6.85925
-6.87605
-6.89234
-6.90621
-6.91981
-6.92861
-6.93508
-6.93762
-6.9427
-6.93988
-6.93534
-6.92649
-6.91606
-6.90585
-6.89494
-6.88075
-6.86448
-6.84814
-6.82987
-6.81366
-6.80016
-6.78925
-6.7762
-6.76035
-6.7412
-6.72044
-6.69808
-6.67747
-6.65802
-6.64427
-6.63459
-6.63323
-6.63927
-6.65381
-6.67587
-6.70151
-6.73087
-6.76188
-6.78921
-6.80857
-6.81708
-6.82086
-6.81762
-6.81015
-6.80318
-6.79724
-6.7984
-6.80431
-6.81928
-6.83807
-6.85792
-6.87934
-6.89501
-6.90443
-6.91023
-6.90563
-6.89504
-6.87977
-6.86454
-6.8484
-6.83498
-6.82378
-6.81597
-6.8124
-6.8163
-6.82049
-6.82848
-6.83608
-6.84272
-6.8482
-6.84761
-6.84455
-6.83999
-6.82888
-6.81759
-6.80235
-6.78725
-6.76826
-6.75068
-6.73605
-6.72461
-6.71643
-6.71394
-6.71185
-6.71286
-6.72258
-6.73703
-6.75587
-6.78275
-6.81106
-6.84195
-6.86847
-6.88854
-6.89917
-6.89962
-6.88833
-6.87016
-6.84553
-6.82023
-6.79964
-6.78135
-6.76689
-6.75704
-6.75408
-6.75633
-6.76043
-6.76782
-6.77719
-6.79027
-6.80638
-6.82347
-6.84523
-6.86255
-6.87837
-6.88826
-6.88693
-6.87759
-6.86589
-6.8468
-6.82142
-6.79566
-6.76629
-6.74186
-6.72535
-6.71624
-6.7171
-6.72833
-6.74911
-6.7712
-6.79695
-6.81994
-6.84081
-6.85987
-6.87464
-6.88466
-6.89525
-6.90341
-6.90606
-6.90777
-6.90551
-6.90014
-6.89594
-6.89208
-6.88479
-6.88066
-6.87554
-6.86962
-6.86864
-6.86802
-6.86372
-6.85776
-6.8491
-6.83428
-6.81282
-6.78967
-6.7653
-6.74555
-6.72958
-6.7184
-6.71485
-6.71506
-6.71867
-6.72126
-6.72676
-6.73381
-6.74554
-6.76065
-6.77506
-6.78953
-6.80047
-6.80607
-6.80547
-6.79833
-6.78443
-6.76403
-6.74384
-6.72362
-6.70617
-6.69616
-6.69379
-6.7008
-6.71426
-6.73516
-6.76008
-6.78516
-6.8101
-6.83418
-6.85388
-6.87067
-6.88437
-6.89387
-6.89873
-6.90227
-6.902
-6.89889
-6.89685
-6.89134
-6.88877
-6.88685
-6.88621
-6.88795
-6.88856
-6.89085
-6.88807
-6.88074
-6.8711
-6.85605
-6.83803
-6.81757
-6.79607
-6.77412
-6.75064
-6.72921
-6.7125
-6.70237
-6.69663
-6.69816
-6.70608
-6.71953
-6.73722
-6.75486
-6.77627
-6.79969
-6.81877
-6.83852
-6.85409
-6.8671
-6.87703
-6.88494
-6.88865
-6.89231
-6.89375
-6.8936
-6.88776
-6.88036
-6.86636
-6.84629
-6.82459
-6.79748
-6.77086
-6.74331
-6.72019
-6.69983
-6.68583
-6.67659
-6.67314
-6.67956
-6.69461
-6.71496
-6.74222
-6.77734
-6.81475
-6.84842
-6.87945
-6.90287
-6.91845
-6.92259
-6.91484
-6.9015
-6.88158
-6.85887
-6.83525
-6.81677
-6.80442
-6.8004
-6.8025
-6.80841
-6.81495
-6.82059
-6.82002
-6.81874
-6.81528
-6.81275
-6.81016
-6.80851
-6.80579
-6.80726
-6.81044
-6.81444
-6.81624
-6.80949
-6.79932
-6.78643
-6.77218
-6.75476
-6.7452
-6.74133
-6.74387
-6.7563
-6.77759
-6.80274
-6.82856
-6.85513
-6.87849
-6.89326
-6.90582
-6.91043
-6.9114
-6.9077
-6.89942
-6.88921
-6.8769
-6.86098
-6.83984
-6.81744
-6.79345
-6.77324
-6.75615
-6.74159
-6.73707
-6.73934
-6.75267
-6.76944
-6.7916
-6.81313
-6.8303
-6.83958
-6.83859
-6.83109
-6.8179
-6.79801
-6.77608
-6.75687
-6.73844
-6.73049
-6.72993
-6.736
-6.74522
-6.75468
-6.76289
-6.76976
-6.77782
-6.78509
-6.79577
-6.8076
-6.82048
-6.83385
-6.84926
-6.86203
-6.87155
-6.87606
-6.87625
-6.87479
-6.86947
-6.85847
-6.84313
-6.82445
-6.79998
-6.7763
-6.7594
-6.74391
-6.73952
-6.74063
-6.74689
-6.75985
-6.77322
-6.78757
-6.80603
-6.82712
-6.84526
-6.86315
-6.8763
-6.88446
-6.89002
-6.88781
-6.883
-6.87342
-6.86236
-6.84752
-6.82951
-6.81306
-6.79991
-6.7896
-6.78178
-6.77919
-6.78229
-6.78795
-6.79675
-6.80917
-6.82431
-6.83845
-6.85529
-6.87215
-6.88671
-6.89721
-6.8964
-6.88857
-6.86985
-6.84316
-6.81302
-6.77979
-6.74634
-6.71655
-6.69311
-6.68285
-6.68392
-6.69425
-6.71376
-6.7412
-6.7722
-6.79851
-6.82361
-6.8403
-6.8473
-6.84736
-6.84045
-6.82671
-6.81168
-6.79928
-6.79053
-6.79136
-6.79801
-6.80997
-6.82524
-6.84253
-6.85934
-6.87471
-6.88446
-6.88744
-6.8845
-6.87662
-6.86818
-6.8569
-6.8474
-6.84072
-6.83797
-6.83667
-6.83349
-6.83032
-6.82374
-6.81467
-6.80271
-6.78887
-6.77266
-6.75947
-6.74834
-6.73927
-6.73436
-6.73045
-6.73318
-6.7348
-6.738
-6.74242
-6.74753
-6.75201
-6.7542
-6.75555
-6.7554
-6.75782
-6.75731
-6.7572
-6.75961
-6.76317
-6.76594
-6.76894
-6.77439
-6.78336
-6.79116
-6.80415
-6.8199
-6.83798
-6.85616
-6.87795
-6.89643
-6.91267
-6.9238
-6.9338
-6.93585
-6.92933
-6.91626
-6.89807
-6.87624
-6.85496
-6.83636
-6.82207
-6.81247
-6.81162
-6.81121
-6.81668
-6.82664
-6.83922
-6.84816
-6.85333
-6.85473
-6.84956
-6.83714
-6.82459
-6.81044
-6.79561
-6.7808
-6.76801
-6.75612
-6.75097
-6.74344
-6.73853
-6.73588
-6.73723
-6.73802
-6.74413
-6.75227
-6.76325
-6.77709
-6.78967
-6.8033
-6.81347
-6.82435
-6.82614
-6.82392
-6.81562
-6.80423
-6.79096
-6.77812
-6.76589
-6.75981
-6.75407
-6.75594
-6.76109
-6.7694
-6.78215
-6.79413
-6.80702
-6.81873
-6.82968
-6.83841
-6.84861
-6.86091
-6.87474
-6.88809
-6.89717
-6.90497
-6.90116
-6.88611
-6.86332
-6.83332
-6.80068
-6.76995
-6.74399
-6.72358
-6.7069
-6.69405
-6.686
-6.68699
-6.69374
-6.71044
-6.73614
-6.76811
-6.80459
-6.84211
-6.87941
-6.91041
-6.93189
-6.94515
-6.94574
-6.93687
-6.91991
-6.89912
-6.87547
-6.85611
-6.83946
-6.83049
-6.82627
-6.82742
-6.83181
-6.83762
-6.84256
-6.84082
-6.83374
-6.82026
-6.80286
-6.78246
-6.76159
-6.74706
-6.73699
-6.72891
-6.72296
-6.71958
-6.71561
-6.71531
-6.72189
-6.72813
-6.74177
-6.75712
-6.77451
-6.79754
-6.81987
-6.84106
-6.86171
-6.87902
-6.89114
-6.89717
-6.8992
-6.89587
-6.8888
-6.88024
-6.86869
-6.85742
-6.84527
-6.83033
-6.81645
-6.8015
-6.78735
-6.77346
-6.76061
-6.75308
-6.74981
-6.75283
-6.76145
-6.77558
-6.79388
-6.81249
-6.82702
-6.83999
-6.84387
-6.84194
-6.83576
-6.82488
-6.80925
-6.79197
-6.77374
-6.75235
-6.73339
-6.71828
-6.7103
-6.70652
-6.70651
-6.70932
-6.7166
-6.72361
-6.73055
-6.7402
-6.75145
-6.76238
-6.77757
-6.7927
-6.80792
-6.82747
-6.84244
-6.85916
-6.87287
-6.88088
-6.8866
-6.8877
-6.88332
-6.87913
-6.87648
-6.87599
-6.87823
-6.88239
-6.88911
-6.89149
-6.88837
-6.87975
-6.86357
-6.84264
-6.81813
-6.79111
-6.76144
-6.73278
-6.71022
-6.69469
-6.68789
-6.69248
-6.70554
-6.7286
-6.75624
-6.78851
-6.8171
-6.84628
-6.87274
-6.89418
-6.909
-6.91446
-6.90994
-6.89715
-6.87861
-6.85317
-6.8217
-6.79416
-6.76986
-6.7519
-6.74022
-6.73769
-6.73999
-6.74911
-6.76339
-6.78526
-6.79943
-6.8137
-6.8223
-6.83043
-6.83523
-6.84071
-6.84316
-6.84505
-6.84408
-6.84153
-6.83449
-6.82278
-6.81067
-6.79676
-6.78373
-6.77199
-6.76288
-6.75991
-6.76162
-6.76645
-6.78036
-6.79763
-6.81662
-6.83357
-6.84577
-6.8551
-6.85868
-6.85726
-6.85486
-6.85176
-6.85016
-6.85022
-6.84985
-6.84886
-6.85135
-6.84848
-6.84274
-6.83579
-6.82787
-6.8198
-6.81145
-6.80413
-6.79949
-6.79955
-6.80354
-6.81065
-6.81923
-6.82488
-6.8296
-6.83045
-6.82521
-6.8123
-6.7963
-6.77505
-6.75536
-6.7375
-6.72297
-6.71709
-6.71552
-6.72031
-6.73255
-6.75
-6.76929
-6.79018
-6.80699
-6.82444
-6.83381
-6.83759
-6.8369
-6.83386
-6.82722
-6.81957
-6.8146
-6.81315
-6.81298
-6.81449
-6.81752
-6.82143
-6.82264
-6.82149
-6.82019
-6.81987
-6.82128
-6.82247
-6.82613
-6.82941
-6.83643
-6.84149
-6.8446
-6.84652
-6.84348
-6.83723
-6.82756
-6.81964
-6.80898
-6.7969
-6.78441
-6.76583
-6.74592
-6.72618
-6.70744
-6.6912
-6.68091
-6.67601
-6.67832
-6.68933
-6.70715
-6.72958
-6.75718
-6.78336
-6.80653
-6.82765
-6.84559
-6.85709
-6.86826
-6.87678
-6.88473
-6.89133
-6.89333
-6.88863
-6.87923
-6.8649
-6.84793
-6.83075
-6.81566
-6.80524
-6.80487
-6.81108
-6.82332
-6.83883
-6.85499
-6.87132
-6.88143
-6.88622
-6.88409
-6.87409
-6.85822
-6.83633
-6.80767
-6.77735
-6.74628
-6.71812
-6.69779
-6.68732
-6.68361
-6.69544
-6.71589
-6.74632
-6.78357
-6.82489
-6.86647
-6.90036
-6.92264
-6.93301
-6.93
-6.9199
-6.90296
-6.88627
-6.8706
-6.85297
-6.84157
-6.82728
-6.8168
-6.81118
-6.80853
-6.80611
-6.80761
-6.81092
-6.81511
-6.81602
-6.82146
-6.827
-6.83303
-6.83953
-6.84402
-6.8452
-6.84456
-6.84044
-6.8295
-6.81702
-6.80683
-6.79755
-6.78652
-6.77768
-6.76986
-6.75873
-6.75035
-6.74649
-6.74741
-6.75392
-6.76411
-6.77661
-6.78908
-6.80489
-6.8197
-6.83202
-6.84526
-6.85453
-6.85849
-6.85659
-6.84914
-6.83563
-6.8205
-6.80597
-6.79368
-6.78553
-6.78486
-6.78873
-6.79606
-6.80496
-6.81489
-6.82267
-6.82603
-6.82408
-6.8206
-6.81635
-6.80919
-6.80531
-6.80291
-6.80732
-6.81376
-6.82428
-6.83414
-6.84096
-6.84571
-6.8476
-6.84499
-6.83929
-6.83546
-6.83399
-6.83304
-6.83406
-6.83989
-6.84653
-6.85423
-6.8654
-6.87551
-6.8892
-6.89809
-6.90522
-6.90504
-6.89572
-6.88058
-6.85664
-6.82767
-6.79562
-6.76524
-6.73923
-6.72154
-6.71525
-6.71843
-6.73479
-6.75682
-6.78098
-6.80336
-6.82136
-6.83015
-6.83148
-6.82777
-6.81596
-6.80106
-6.7847
-6.76425
-6.74612
-6.73112
-6.72185
-6.71129
-6.70813
-6.7125
-6.7262
-6.74337
-6.76882
-6.79467
-6.82267
-6.84694
-6.86467
-6.87538
-6.87992
-6.87702
-6.86722
-6.85573
-6.84498
-6.83477
-6.82688
-6.81825
-6.8095
-6.80023
-6.78941
-6.78108
-6.76985
-6.76255
-6.75709
-6.75593
-6.76014
-6.76736
-6.78015
-6.79759
-6.81533
-6.83605
-6.85403
-6.87005
-6.88371
-6.89345
-6.90153
-6.90696
-6.91287
-6.91138
-6.90668
-6.89566
-6.87335
-6.8432
-6.81149
-6.78204
-6.76
-6.74293
-6.73566
-6.73551
-6.742
-6.75388
-6.77268
-6.79285
-6.8142
-6.83079
-6.84519
-6.85407
-6.85589
-6.8524
-6.84635
-6.84099
-6.83459
-6.82909
-6.82145
-6.81108
-6.79718
-6.78135
-6.76567
-6.75024
-6.73908
-6.72623
-6.72038
-6.71521
-6.71047
-6.70756
-6.70789
-6.71029
-6.71613
-6.72793
-6.74687
-6.76842
-6.79747
-6.82717
-6.8571
-6.88314
-6.90159
-6.9089
-6.90801
-6.89664
-6.87448
-6.84566
-6.81456
-6.79007
-6.76939
-6.75913
-6.75907
-6.76851
-6.78503
-6.80902
-6.83649
-6.86008
-6.88097
-6.89513
-6.89935
-6.89819
-6.88546
-6.86904
-6.84453
-6.81703
-6.78619
-6.76309
-6.74123
-6.72705
-6.72064
-6.72374
-6.73607
-6.75657
-6.78044
-6.80482
-6.83007
-6.851
-6.8638
-6.8754
-6.87896
-6.87624
-6.86933
-6.86139
-6.85164
-6.84196
-6.8305
-6.81933
-6.80918
-6.7959
-6.78133
-6.76393
-6.75052
-6.73782
-6.72854
-6.72868
-6.73352
-6.74312
-6.75702
-6.76908
-6.78364
-6.79964
-6.81303
-6.82421
-6.83431
-6.84059
-6.84379
-6.84243
-6.83774
-6.83119
-6.82158
-6.8071
-6.79479
-6.78219
-6.77132
-6.76137
-6.75831
-6.75809
-6.76579
-6.7807
-6.80325
-6.82946
-6.85764
-6.88442
-6.90617
-6.92291
-6.92886
-6.9265
-6.91529
-6.89845
-6.87872
-6.85756
-6.84296
-6.82976
-6.823
-6.82005
-6.82257
-6.82463
-6.82724
-6.82613
-6.82415
-6.81451
-6.80142
-6.78581
-6.76482
-6.74301
-6.72396
-6.70922
-6.6977
-6.69201
-6.68966
-6.69255
-6.69677
-6.70588
-6.71952
-6.73301
-6.75026
-6.76438
-6.77292
-6.77657
-6.77455
-6.77064
-6.76521
-6.76305
-6.76668
-6.7748
-6.78892
-6.80914
-6.83439
-6.86229
-6.88933
-6.91098
-6.92617
-6.93111
-6.92423
-6.91393
-6.9016
-6.89064
-6.87906
-6.86849
-6.85892
-6.84578
-6.83007
-6.81391
-6.80097
-6.78891
-6.78148
-6.7795
-6.78466
-6.79641
-6.80799
-6.82308
-6.83694
-6.84984
-6.85785
-6.86175
-6.86343
-6.85992
-6.85608
-6.84753
-6.83737
-6.82548
-6.81323
-6.79891
-6.78497
-6.77493
-6.76842
-6.76191
-6.75772
-6.75607
-6.75753
-6.7584
-6.75966
-6.75868
-6.75697
-6.75451
-6.75117
-6.74853
-6.74739
-6.74868
-6.75022
-6.75177
-6.75527
-6.76138
-6.77359
-6.79014
-6.80785
-6.82577
-6.84296
-6.85723
-6.86876
-6.87739
-6.88065
-6.87962
-6.87285
-6.86172
-6.84851
-6.83295
-6.81629
-6.80075
-6.78971
-6.7808
-6.77775
-6.78257
-6.79006
-6.80268
-6.81733
-6.83005
-6.84029
-6.84692
-6.84957
-6.85166
-6.8521
-6.85384
-6.85722
-6.8592
-6.86034
-6.86118
-6.85932
-6.85873
-6.85537
-6.85405
-6.85046
-6.84636
-6.84166
-6.83317
-6.82157
-6.80264
-6.78488
-6.76577
-6.74284
-6.72032
-6.70328
-6.68661
-6.67781
-6.67318
-6.67536
-6.6799
-6.6875
-6.69364
-6.70526
-6.71842
-6.73479
-6.75258
-6.77034
-6.78531
-6.79839
-6.80819
-6.80993
-6.80936
-6.80487
-6.79659
-6.79039
-6.78524
-6.77798
-6.77496
-6.7793
-6.79448
-6.81737
-6.84723
-6.88443
-6.92892
-6.97174
-7.00832
-7.03288
-7.04717
-7.04635
-7.02893
-6.99572
-6.94981
-6.89776
-6.83773
-6.7804
-6.72749
-6.68469
-6.65306
-6.63609
-6.63479
-6.64557
-6.66588
-6.69247
-6.71897
-6.74322
-6.75799
-6.77215
-6.78506
-6.79522
-6.80456
-6.81089
-6.81439
-6.81302
-6.80399
-6.792
-6.77601
-6.76039
-6.74655
-6.73743
-6.73585
-6.74408
-6.7605
-6.78371
-6.81081
-6.83451
-6.85606
-6.86989
-6.87574
-6.87211
-6.86164
-6.84638
-6.83147
-6.81901
-6.81318
-6.82016
-6.83333
-6.8528
-6.87153
-6.88827
-6.90172
-6.90497
-6.90025
-6.88694
-6.87306
-6.85749
-6.84175
-6.82834
-6.82077
-6.8186
-6.82134
-6.82482
-6.8285
-6.83193
-6.83265
-6.83221
-6.82936
-6.82346
-6.81607
-6.80249
-6.78705
-6.76821
-6.74518
-6.71931
-6.69605
-6.67833
-6.67285
-6.67989
-6.69357
-6.71373
-6.74092
-6.76937
-6.79748
-6.81933
-6.83738
-6.85132
-6.85995
-6.85988
-6.85691
-6.85294
-6.8434
-6.83056
-6.81845
-6.80449
-6.79399
-6.78415
-6.7784
-6.77916
-6.79095
-6.80897
-6.83419
-6.8575
-6.87452
-6.8789
-6.87193
-6.85135
-6.82307
-6.79196
-6.76482
-6.74433
-6.73615
-6.73666
-6.74773
-6.77013
-6.79446
-6.82196
-6.85019
-6.88029
-6.90279
-6.92251
-6.93868
-6.94632
-6.94381
-6.93566
-6.92264
-6.90688
-6.88808
-6.86351
-6.84377
-6.8229
-6.80219
-6.78375
-6.76891
-6.75242
-6.74124
-6.7315
-6.72823
-6.72406
-6.72507
-6.72665
-6.72851
-6.73294
-6.73704
-6.74128
-6.74682
-6.75415
-6.76425
-6.77365
-6.78508
-6.79921
-6.81258
-6.82307
-6.82917
-6.83364
-6.83151
-6.82778
-6.81948
-6.81531
-6.81295
-6.81635
-6.8224
-6.8298
-6.83736
-6.84356
-6.84434
-6.84355
-6.83836
-6.83173
-6.82298
-6.8152
-6.80817
-6.80491
-6.79673
-6.79331
-6.79106
-6.78704
-6.78482
-6.78257
-6.78472
-6.78702
-6.79056
-6.79275
-6.79901
-6.80906
-6.81651
-6.82751
-6.83813
-6.8496
-6.85822
-6.86266
-6.86769
-6.87127
-6.87129
-6.8631
-6.85004
-6.83529
-6.81861
-6.80509
-6.79857
-6.79917
-6.8025
-6.81211
-6.81712
-6.82505
-6.83247
-6.8357
-6.83864
-6.83968
-6.84087
-6.83953
-6.83514
-6.82846
-6.81818
-6.80126
-6.78017
-6.75735
-6.73239
-6.70886
-6.68233
-6.66427
-6.6526
-6.64898
-6.65545
-6.67326
-6.70193
-6.7394
-6.78028
-6.82037
-6.85769
-6.89009
-6.92019
-6.94209
-6.96142
-6.96703
-6.96367
-6.94757
-6.92149
-6.88814
-6.85203
-6.81688
-6.78887
-6.76799
-6.75631
-6.75098
-6.75187
-6.75906
-6.76741
-6.77594
-6.78432
-6.79395
-6.79992
-6.80809
-6.8093
-6.81045
-6.80946
-6.80488
-6.80073
-6.79458
-6.79057
-6.78864
-6.79098
-6.79536
-6.80351
-6.81362
-6.82706
-6.84133
-6.85884
-6.87595
-6.88929
-6.89713
-6.89907
-6.89579
-6.88443
-6.87185
-6.85833
-6.84368
-6.82988
-6.81258
-6.79586
-6.77535
-6.75312
-6.73354
-6.71986
-6.71478
-6.71991
-6.7278
-6.741
-6.76016
-6.77909
-6.7912
-6.80053
-6.80943
-6.81339
-6.81346
-6.80908
-6.8085
-6.80572
-6.80328
-6.7974
-6.78912
-6.78306
-6.77835
-6.77547
-6.77626
-6.7803
-6.78722
-6.79016
-6.79203
-6.79485
-6.79663
-6.8003
-6.80249
-6.80468
-6.80851
-6.81318
-6.81526
-6.81832
-6.82148
-6.82722
-6.82844
-6.82967
-6.82957
-6.82643
-6.82259
-6.81979
-6.81918
-6.8224
-6.82889
-6.83617
-6.83967
-6.84651
-6.84961
-6.84327
-6.83371
-6.818
-6.79684
-6.77565
-6.75623
-6.7401
-6.73012
-6.72118
-6.71359
-6.70319
-6.69591
-6.69115
-6.68918
-6.69707
-6.71338
-6.73929
-6.76792
-6.80074
-6.83424
-6.86624
-6.89206
-6.91243
-6.9288
-6.93981
-6.9452
-6.94597
-6.94257
-6.93802
-6.92852
-6.91597
-6.90317
-6.88843
-6.86959
-6.84358
-6.81527
-6.78801
-6.76592
-6.75548
-6.75628
-6.76652
-6.78029
-6.79595
-6.80929
-6.8191
-6.82559
-6.82561
-6.82089
-6.81183
-6.79964
-6.79051
-6.77826
-6.76672
-6.75692
-6.74995
-6.74781
-6.74909
-6.75667
-6.76719
-6.78215
-6.80071
-6.81972
-6.83902
-6.85913
-6.87595
-6.88705
-6.89663
-6.9008
-6.89839
-6.89455
-6.88719
-6.87988
-6.87367
-6.86866
-6.86383
-6.86076
-6.85905
-6.85254
-6.84433
-6.83064
-6.81309
-6.78974
-6.76872
-6.74575
-6.72997
-6.72004
-6.71621
-6.71736
-6.71939
-6.72098
-6.72466
-6.7314
-6.74042
-6.75393
-6.77271
-6.79374
-6.81872
-6.84156
-6.8678
-6.88796
-6.90348
-6.91455
-6.91959
-6.91576
-6.90612
-6.88931
-6.87004
-6.84872
-6.83013
-6.81719
-6.81356
-6.81505
-6.82031
-6.82999
-6.83848
-6.84298
-6.84244
-6.83714
-6.82857
-6.82025
-6.8123
-6.80315
-6.79696
-6.79177
-6.79011
-6.78565
-6.77934
-6.77127
-6.76114
-6.75658
-6.75563
-6.76043
-6.77243
-6.78854
-6.80298
-6.81152
-6.81696
-6.81815
-6.81747
-6.8142
-6.81037
-6.80987
-6.81168
-6.81324
-6.81717
-6.82351
-6.837
-6.85228
-6.86749
-6.88074
-6.89217
-6.89996
-6.90139
-6.90199
-6.89646
-6.88649
-6.87002
-6.85019
-6.82592
-6.79416
-6.76355
-6.73719
-6.71711
-6.70198
-6.69822
-6.70151
-6.7082
-6.7162
-6.72692
-6.73926
-6.75208
-6.76679
-6.78059
-6.79519
-6.81067
-6.82572
-6.84123
-6.85869
-6.87335
-6.89331
-6.91038
-6.91997
-6.9234
-6.92037
-6.91398
-6.90365
-6.88757
-6.87126
-6.85263
-6.83784
-6.82361
-6.81879
-6.81637
-6.81704
-6.8188
-6.8202
-6.81876
-6.81178
-6.79764
-6.7806
-6.76045
-6.74121
-6.72727
-6.72085
-6.72359
-6.74006
-6.76017
-6.78452
-6.81218
-6.83662
-6.85916
-6.87626
-6.8836
-6.8807
-6.86897
-6.84915
-6.82292
-6.79532
-6.76781
-6.74291
-6.72758
-6.71684
-6.71332
-6.71665
-6.72736
-6.74175
-6.7611
-6.78201
-6.79874
-6.81603
-6.82722
-6.83389
-6.83784
-6.84375
-6.84561
-6.84599
-6.84219
-6.83575
-6.82654
-6.81623
-6.80486
-6.79519
-6.78165
-6.77065
-6.76053
-6.74871
-6.73899
-6.73274
-6.72966
-6.73431
-6.74232
-6.75771
-6.77562
-6.79998
-6.82309
-6.8454
-6.86038
-6.86629
-6.86681
-6.85926
-6.84291
-6.82306
-6.80114
-6.7814
-6.76448
-6.75883
-6.76044
-6.77275
-6.79103
-6.81538
-6.84167
-6.86735
-6.88664
-6.8984
-6.90396
-6.90298
-6.90135
-6.89481
-6.88581
-6.87626
-6.86351
-6.85511
-6.84382
-6.83453
-6.82392
-6.81747
-6.80945
-6.80385
-6.79562
-6.78601
-6.77869
-6.77299
-6.76978
-6.77076
-6.77324
-6.77748
-6.78089
-6.78314
-6.78348
-6.7826
-6.78226
-6.78207
-6.78058
-6.78092
-6.78188
-6.78299
-6.78591
-6.78838
-6.79118
-6.78886
-6.79003
-6.78946
-6.78782
-6.78807
-6.78704
-6.78636
-6.787
-6.79285
-6.80093
-6.81167
-6.82353
-6.83283
-6.8389
-6.84395
-6.84404
-6.84394
-6.84789
-6.85695
-6.8695
-6.88575
-6.90514
-6.92468
-6.94417
-6.95966
-6.96529
-6.96202
-6.94921
-6.92709
-6.89489
-6.85441
-6.80725
-6.75687
-6.70921
-6.6687
-6.64261
-6.63018
-6.63202
-6.64699
-6.66996
-6.6986
-6.72737
-6.7556
-6.78222
-6.80317
-6.82081
-6.83342
-6.84093
-6.84392
-6.84396
-6.84329
-6.83829
-6.83351
-6.83114
-6.83165
-6.83398
-6.83891
-6.84572
-6.85081
-6.85445
-6.85463
-6.85152
-6.84032
-6.8267
-6.80729
-6.78648
-6.76458
-6.74481
-6.72959
-6.71924
-6.71285
-6.71148
-6.71528
-6.72683
-6.74194
-6.76369
-6.78552
-6.80853
-6.83353
-6.85582
-6.87733
-6.89701
-6.91263
-6.92306
-6.92347
-6.91413
-6.89801
-6.87783
-6.85262
-6.82367
-6.79384
-6.76426
-6.74138
-6.72664
-6.72296
-6.72663
-6.73919
-6.75292
-6.76825
-6.78373
-6.79763
-6.80615
-6.81149
-6.81509
-6.81994
-6.82155
-6.82071
-6.81743
-6.81034
-6.80075
-6.78746
-6.7732
-6.75843
-6.7483
-6.73705
-6.72999
-6.72574
-6.72667
-6.72816
-6.73171
-6.74284
-6.75597
-6.77352
-6.79269
-6.81287
-6.8339
-6.85158
-6.86828
-6.87869
-6.88652
-6.89358
-6.89777
-6.89844
-6.89334
-6.88685
-6.87309
-6.85777
-6.8433
-6.82691
-6.81344
-6.80553
-6.79922
-6.79589
-6.79378
-6.79061
-6.78777
-6.78207
-6.77473
-6.76231
-6.75305
-6.74381
-6.7357
-6.73388
-6.73419
-6.74166
-6.75602
-6.77273
-6.79264
-6.81068
-6.83354
-6.85163
-6.87029
-6.88606
-6.89902
-6.91269
-6.92609
-6.9379
-6.94184
-6.94256
-6.93713
-6.92418
-6.90647
-6.88188
-6.85587
-6.82671
-6.7987
-6.77251
-6.75187
-6.73737
-6.72355
-6.72112
-6.72247
-6.72484
-6.72765
-6.72979
-6.73325
-6.73605
-6.7391
-6.74415
-6.75256
-6.76117
-6.77119
-6.78247
-6.79313
-6.80339
-6.8105
-6.8135
-6.81222
-6.81145
-6.80762
-6.80045
-6.7973
-6.79515
-6.79451
-6.79398
-6.79316
-6.79201
-6.79211
-6.78976
-6.78556
-6.78141
-6.78028
-6.7789
-6.77888
-6.78402
-6.79289
-6.80241
-6.81559
-6.82675
-6.84075
-6.85352
-6.86664
-6.87822
-6.88854
-6.89676
-6.90092
-6.90386
-6.89912
-6.89288
-6.88195
-6.86901
-6.85096
-6.83031
-6.81164
-6.79136
-6.7698
-6.75253
-6.74261
-6.74252
-6.75174
-6.77186
-6.79935
-6.82659
-6.84661
-6.86146
-6.86633
-6.86265
-6.85652
-6.84579
-6.83265
-6.82526
-6.81704
-6.81159
-6.80812
-6.80574
-6.80377
-6.80253
-6.80228
-6.80283
-6.80683
-6.80941
-6.80856
-6.80027
-6.78982
-6.77809
-6.76888
-6.76519
-6.76497
-6.76967
-6.78034
-6.79615
-6.81468
-6.83604
-6.85567
-6.86905
-6.87639
-6.87958
-6.87436
-6.86397
-6.8467
-6.82538
-6.80446
-6.78654
-6.77182
-6.7638
-6.76427
-6.77432
-6.79283
-6.81253
-6.84054
-6.86637
-6.89116
-6.91509
-6.93219
-6.94131
-6.94495
-6.93599
-6.918
-6.89423
-6.86557
-6.83583
-6.80779
-6.78467
-6.76921
-6.76172
-6.75996
-6.7671
-6.77558
-6.78715
-6.79585
-6.80459
-6.80724
-6.8048
-6.80037
-6.79152
-6.78287
-6.77264
-6.76347
-6.75468
-6.74404
-6.73624
-6.72889
-6.7243
-6.72271
-6.727
-6.73269
-6.74727
-6.7666
-6.78832
-6.81457
-6.8365
-6.85484
-6.86648
-6.87204
-6.87088
-6.86462
-6.85621
-6.84795
-6.84049
-6.83112
-6.82487
-6.81811
-6.8105
-6.80333
-6.79605
-6.79055
-6.78237
-6.77927
-6.77851
-6.78312
-6.79035
-6.79757
-6.80475
-6.80816
-6.8095
-6.81233
-6.81082
-6.80687
-6.80285
-6.80335
-6.80463
-6.8052
-6.8077
-6.81166
-6.81473
-6.82035
-6.82731
-6.83125
-6.83503
-6.83785
-6.83944
-6.83677
-6.83197
-6.82714
-6.82356
-6.81995
-6.81534
-6.8111
-6.81225
-6.81223
-6.80932
-6.81123
-6.81488
-6.81786
-6.82091
-6.81806
-6.81384
-6.80819
-6.80197
-6.79203
-6.78221
-6.77572
-6.77262
-6.7752
-6.78201
-6.79234
-6.80475
-6.82435
-6.84413
-6.86475
-6.88111
-6.89248
-6.89402
-6.88512
-6.86817
-6.84986
-6.82779
-6.80589
-6.78486
-6.76604
-6.75517
-6.74925
-6.74768
-6.75136
-6.76358
-6.77844
-6.79626
-6.816
-6.83682
-6.85359
-6.86736
-6.87814
-6.88172
-6.87448
-6.86076
-6.84095
-6.81766
-6.79192
-6.76875
-6.75331
-6.74161
-6.74165
-6.75109
-6.76607
-6.78687
-6.8093
-6.82751
-6.84502
-6.85676
-6.86179
-6.85794
-6.84979
-6.83601
-6.81999
-6.80425
-6.79142
-6.7861
-6.78292
-6.78478
-6.78544
-6.78958
-6.79081
-6.7893
-6.78509
-6.77873
-6.77514
-6.7738
-6.77459
-6.77958
-6.78497
-6.79081
-6.79477
-6.79832
-6.80006
-6.80154
-6.80497
-6.81074
-6.81878
-6.82564
-6.83113
-6.83686
-6.84424
-6.85032
-6.85385
-6.85559
-6.8542
-6.84972
-6.84222
-6.83076
-6.81609
-6.79545
-6.77505
-6.75509
-6.73825
-6.72193
-6.71602
-6.71337
-6.71997
-6.7364
-6.757
-6.7819
-6.80469
-6.82398
-6.83695
-6.84543
-6.8451
-6.8397
-6.8299
-6.81804
-6.8069
-6.79323
-6.78596
-6.77767
-6.77298
-6.77213
-6.77305
-6.77562
-6.77946
-6.782
-6.78696
-6.79047
-6.79418
-6.80227
-6.81166
-6.82451
-6.83831
-6.85185
-6.86621
-6.87987
-6.88884
-6.89058
-6.88559
-6.87194
-6.84837
-6.81653
-6.78509
-6.75506
-6.72894
-6.71582
-6.71033
-6.7128
-6.72032
-6.72993
-6.74222
-6.75721
-6.77019
-6.78237
-6.79144
-6.79956
-6.80592
-6.81323
-6.82501
-6.83521
-6.84752
-6.86242
-6.87594
-6.89053
-6.90242
-6.91073
-6.91637
-6.91968
-6.91778
-6.91198
-6.90281
-6.88859
-6.87058
-6.84895
-6.82994
-6.80629
-6.78305
-6.76104
-6.74194
-6.72918
-6.72335
-6.72102
-6.72949
-6.74232
-6.76087
-6.78095
-6.79899
-6.81312
-6.8225
-6.82542
-6.81861
-6.8074
-6.78921
-6.77154
-6.75428
-6.74053
-6.73062
-6.72316
-6.7205
-6.71918
-6.71868
-6.72275
-6.73429
-6.75073
-6.77518
-6.80716
-6.84248
-6.87713
-6.9099
-6.93734
-6.95401
-6.95922
-6.95827
-6.94613
-6.92733
-6.90216
-6.87282
-6.84246
-6.81557
-6.79085
-6.77113
-6.75491
-6.74172
-6.73075
-6.72429
-6.71833
-6.71553
-6.71765
-6.72554
-6.7383
-6.76441
-6.79841
-6.83356
-6.87054
-6.89969
-6.91828
-6.92686
-6.92323
-6.90371
-6.87221
-6.83716
-6.80222
-6.77033
-6.74352
-6.7285
-6.72861
-6.74335
-6.76426
-6.78757
-6.80763
-6.82119
-6.82608
-6.82034
-6.81016
-6.80035
-6.79331
-6.7917
-6.79369
-6.80538
-6.81682
-6.82968
-6.83852
-6.84645
-6.85223
-6.8513
-6.84486
-6.83406
-6.82822
-6.8261
-6.82859
-6.8382
-6.85248
-6.87189
-6.88942
-6.90423
-6.91139
-6.91238
-6.90541
-6.89083
-6.86953
-6.84411
-6.82406
-6.80826
-6.79568
-6.78566
-6.77627
-6.76597
-6.75384
-6.74034
-6.72392
-6.71252
-6.70482
-6.70436
-6.70974
-6.7251
-6.74495
-6.76646
-6.78732
-6.8016
-6.81156
-6.8173
-6.81743
-6.81155
-6.80728
-6.79819
-6.78278
-6.77077
-6.7593
-6.75204
-6.75163
-6.75542
-6.76114
-6.76861
-6.77615
-6.78286
-6.79223
-6.79742
-6.80592
-6.81521
-6.8259
-6.83922
-6.85302
-6.86777
-6.88274
-6.89191
-6.89759
-6.89606
-6.88609
-6.87209
-6.85052
-6.8254
-6.79598
-6.77084
-6.75117
-6.74026
-6.74015
-6.7514
-6.77455
-6.80234
-6.83158
-6.85753
-6.87942
-6.88832
-6.88852
-6.88048
-6.86209
-6.83803
-6.81029
-6.77842
-6.74929
-6.73093
-6.71947
-6.71693
-6.7235
-6.73876
-6.75927
-6.77702
-6.79969
-6.81929
-6.83626
-6.84812
-6.85446
-6.85953
-6.85965
-6.85675
-6.85256
-6.84705
-6.84215
-6.8352
-6.83074
-6.83049
-6.8322
-6.83751
-6.84365
-6.84913
-6.85436
-6.85649
-6.85378
-6.8472
-6.84048
-6.83338
-6.82597
-6.81829
-6.81165
-6.80565
-6.80229
-6.79902
-6.79384
-6.78952
-6.78653
-6.7847
-6.78148
-6.78256
-6.78394
-6.78548
-6.78807
-6.7897
-6.7886
-6.78459
-6.78004
-6.77381
-6.77292
-6.77557
-6.77902
-6.78819
-6.79712
-6.81168
-6.82653
-6.84527
-6.86426
-6.87812
-6.88539
-6.88926
-6.88665
-6.88107
-6.87004
-6.85347
-6.83933
-6.82479
-6.80949
-6.79628
-6.78892
-6.78785
-6.794
-6.80266
-6.80571
-6.80572
-6.80442
-6.80221
-6.79622
-6.79227
-6.7898
-6.79
-6.79486
-6.80661
-6.82039
-6.83655
-6.85605
-6.87181
-6.8839
-6.88656
-6.88297
-6.86988
-6.85022
-6.82361
-6.79575
-6.76928
-6.74454
-6.72837
-6.71663
-6.71357
-6.71443
-6.72083
-6.72975
-6.74414
-6.76039
-6.77826
-6.79676
-6.81362
-6.82838
-6.83832
-6.84272
-6.84223
-6.83599
-6.82513
-6.81015
-6.79566
-6.78428
-6.77787
-6.77592
-6.78242
-6.79641
-6.81552
-6.8322
-6.84995
-6.86729
-6.8796
-6.88721
-6.88984
-6.88605
-6.88005
-6.86878
-6.85548
-6.84257
-6.82911
-6.82202
-6.82056
-6.82632
-6.83521
-6.84327
-6.84946
-6.85302
-6.84527
-6.83701
-6.82288
-6.80842
-6.79616
-6.78465
-6.77352
-6.76583
-6.75914
-6.75068
-6.74294
-6.7356
-6.73144
-6.72824
-6.72949
-6.736
-6.74914
-6.76286
-6.78028
-6.79852
-6.8124
-6.82137
-6.82445
-6.81519
-6.80003
-6.78471
-6.76854
-6.75562
-6.7489
-6.75051
-6.76078
-6.7722
-6.78699
-6.80069
-6.81474
-6.82039
-6.81864
-6.80786
-6.79119
-6.77028
-6.74692
-6.73066
-6.72257
-6.72436
-6.73621
-6.75661
-6.78297
-6.81104
-6.83565
-6.85462
-6.86778
-6.8734
-6.87177
-6.86142
-6.84745
-6.83166
-6.81426
-6.80043
-6.79059
-6.78532
-6.77993
-6.78134
-6.7852
-6.7922
-6.79976
-6.80802
-6.81677
-6.82512
-6.82694
-6.82886
-6.82679
-6.81831
-6.80561
-6.79517
-6.78437
-6.77489
-6.77233
-6.77586
-6.78457
-6.79783
-6.81609
-6.836
-6.85649
-6.87173
-6.8843
-6.88742
-6.88708
-6.87947
-6.86932
-6.85488
-6.84159
-6.82591
-6.8088
-6.79366
-6.7803
-6.7738
-6.77389
-6.78005
-6.79254
-6.80462
-6.81841
-6.83344
-6.83877
-6.83689
-6.83005
-6.81974
-6.8013
-6.7847
-6.76603
-6.74954
-6.73707
-6.72824
-6.72533
-6.72768
-6.73563
-6.74837
-6.76557
-6.7855
-6.8078
-6.83091
-6.85205
-6.87234
-6.89409
-6.91029
-6.92208
-6.9271
-6.92666
-6.9181
-6.90445
-6.88711
-6.87031
-6.85289
-6.83399
-6.81875
-6.80507
-6.78961
-6.77179
-6.75327
-6.73797
-6.72696
-6.72092
-6.71773
-6.72133
-6.72616
-6.73334
-6.74573
-6.76276
-6.77948
-6.79637
-6.81069
-6.82328
-6.82988
-6.8346
-6.83346
-6.83012
-6.82109
-6.80903
-6.79695
-6.78946
-6.7818
-6.7788
-6.78573
-6.79496
-6.81129
-6.83018
-6.84896
-6.86432
-6.87525
-6.87758
-6.87356
-6.8635
-6.85166
-6.83924
-6.82327
-6.80642
-6.79586
-6.78742
-6.78532
-6.78653
-6.79274
-6.80314
-6.81168
-6.82218
-6.83282
-6.84381
-6.85103
-6.85198
-6.85065
-6.84361
-6.83748
-6.82882
-6.81975
-6.80946
-6.80078
-6.79445
-6.7866
-6.78019
-6.77153
-6.76783
-6.7631
-6.76178
-6.76281
-6.76525
-6.76803
-6.77204
-6.77944
-6.78607
-6.7953
-6.80564
-6.81895
-6.82975
-6.84287
-6.85304
-6.8595
-6.86413
-6.86574
-6.86635
-6.86098
-6.8533
-6.84139
-6.82419
-6.80144
-6.77331
-6.74587
-6.7219
-6.70343
-6.69556
-6.69681
-6.7078
-6.72393
-6.74636
-6.76748
-6.78631
-6.79865
-6.80765
-6.8156
-6.81642
-6.81936
-6.82237
-6.82673
-6.83115
-6.83592
-6.83976
-6.84298
-6.8457
-6.84977
-6.85015
-6.84685
-6.83952
-6.82739
-6.81384
-6.79767
-6.78867
-6.78765
-6.79564
-6.81064
-6.8338
-6.85679
-6.87288
-6.88345
-6.8902
-6.89256
-6.8899
-6.88754
-6.88606
-6.88643
-6.88974
-6.89307
-6.89567
-6.89522
-6.89131
-6.88317
-6.87127
-6.85474
-6.83554
-6.81142
-6.78936
-6.76664
-6.7501
-6.73785
-6.73133
-6.73456
-6.74159
-6.75081
-6.76165
-6.76841
-6.76935
-6.769
-6.7638
-6.75489
-6.74292
-6.72838
-6.71148
-6.69755
-6.68514
-6.67891
-6.68049
-6.69205
-6.71341
-6.74502
-6.7797
-6.81681
-6.85032
-6.88374
-6.90841
-6.92351
-6.93086
-6.92625
-6.90745
-6.88513
-6.85665
-6.82703
-6.79792
-6.77858
-6.76543
-6.75875
-6.75631
-6.7575
-6.75804
-6.75906
-6.75653
-6.75217
-6.7468
-6.74602
-6.74721
-6.75637
-6.77111
-6.7897
-6.80953
-6.82844
-6.84902
-6.86972
-6.88667
-6.90222
-6.91283
-6.91927
-6.92213
-6.92214
-6.91796
-6.91016
-6.9033
-6.89297
-6.88368
-6.87234
-6.85962
-6.84406
-6.82932
-6.81376
-6.79549
-6.77759
-6.76367
-6.75303
-6.74862
-6.74483
-6.74603
-6.75541
-6.76657
-6.77728
-6.79183
-6.80798
-6.82485
-6.83929
-6.85073
-6.85987
-6.86576
-6.86749
-6.86387
-6.86062
-6.84901
-6.83481
-6.82066
-6.80344
-6.78351
-6.76848
-6.75939
-6.75201
-6.74842
-6.74843
-6.75398
-6.75685
-6.76225
-6.76887
-6.7753
-6.78152
-6.79127
-6.79891
-6.81024
-6.818
-6.82915
-6.83504
-6.83632
-6.8348
-6.82992
-6.8186
-6.80463
-6.78859
-6.77565
-6.76738
-6.76584
-6.7658
-6.77338
-6.78423
-6.79842
-6.8144
-6.83162
-6.84595
-6.86093
-6.87246
-6.87696
-6.87494
-6.86542
-6.8539
-6.83656
-6.82044
-6.80888
-6.8014
-6.79832
-6.80332
-6.81286
-6.82626
-6.83895
-6.84889
-6.85586
-6.85537
-6.84733
-6.83878
-6.827
-6.81639
-6.8083
-6.80016
-6.79094
-6.78734
-6.78096
-6.77558
-6.77258
-6.77345
-6.78166
-6.79513
-6.8134
-6.83551
-6.86027
-6.88083
-6.89899
-6.91104
-6.915
-6.91071
-6.90052
-6.88748
-6.87042
-6.85587
-6.83952
-6.82727
-6.81698
-6.80426
-6.7934
-6.78056
-6.76628
-6.75352
-6.73886
-6.72669
-6.71853
-6.71737
-6.72092
-6.72685
-6.73821
-6.75312
-6.77207
-6.79387
-6.81262
-6.82926
-6.84274
-6.85
-6.85155
-6.84757
-6.84121
-6.8344
-6.8295
-6.82336
-6.81746
-6.81244
-6.80774
-6.79925
-6.78849
-6.77694
-6.76252
-6.74951
-6.73817
-6.72781
-6.72412
-6.72926
-6.74216
-6.76331
-6.7855
-6.80918
-6.82568
-6.83676
-6.84227
-6.8473
-6.84505
-6.83658
-6.82654
-6.81614
-6.80717
-6.80339
-6.80458
-6.81024
-6.82162
-6.83284
-6.84427
-6.85026
-6.85568
-6.8548
-6.85141
-6.84777
-6.84418
-6.83619
-6.82852
-6.81757
-6.80751
-6.79739
-6.78693
-6.77609
-6.77054
-6.76338
-6.75841
-6.75181
-6.74564
-6.73885
-6.73202
-6.72596
-6.72225
-6.71854
-6.71882
-6.72525
-6.73516
-6.75004
-6.7684
-6.78761
-6.8119
-6.83491
-6.85248
-6.86974
-6.88367
-6.89272
-6.89935
-6.90355
-6.90461
-6.90714
-6.90758
-6.91101
-6.90874
-6.9062
-6.90274
-6.89294
-6.88326
-6.86587
-6.85003
-6.82876
-6.80848
-6.78839
-6.77203
-6.75996
-6.75386
-6.75498
-6.75893
-6.76627
-6.77898
-6.7914
-6.80962
-6.82506
-6.8403
-6.85045
-6.85995
-6.86262
-6.86062
-6.84982
-6.83728
-6.82085
-6.80235
-6.78543
-6.77143
-6.76294
-6.76127
-6.76724
-6.78035
-6.80002
-6.82067
-6.83747
-6.85046
-6.86192
-6.86641
-6.86249
-6.85503
-6.84517
-6.8368
-6.82622
-6.81876
-6.8107
-6.80569
-6.80173
-6.79832
-6.79452
-6.79275
-6.79134
-6.78799
-6.78324
-6.77674
-6.77114
-6.76352
-6.76113
-6.75818
-6.76076
-6.76948
-6.77709
-6.78292
-6.78833
-6.79338
-6.79594
-6.7957
-6.79662
-6.79723
-6.79769
-6.79927
-6.80378
-6.80627
-6.81364
-6.82129
-6.82739
-6.83252
-6.84012
-6.84919
-6.85904
-6.87089
-6.88051
-6.88717
-6.89357
-6.89677
-6.8946
-6.88781
-6.87702
-6.86138
-6.84695
-6.82995
-6.81791
-6.80909
-6.80208
-6.79972
-6.79855
-6.79703
-6.79552
-6.79429
-6.79298
-6.79457
-6.79601
-6.79988
-6.80123
-6.79623
-6.78863
-6.78026
-6.77125
-6.76313
-6.75693
-6.75568
-6.75941
-6.76816
-6.77538
-6.78632
-6.79858
-6.81199
-6.8178
-6.81724
-6.8164
-6.81125
-6.80295
-6.7889
-6.77277
-6.75395
-6.73269
-6.71223
-6.69385
-6.68126
-6.67948
-6.68842
-6.70623
-6.73054
-6.76104
-6.80125
-6.84185
-6.8851
-6.92085
-6.95316
-6.97463
-6.98933
-6.99252
-6.98582
-6.97539
-6.95756
-6.93536
-6.91058
-6.88449
-6.85622
-6.83137
-6.80831
-6.78618
-6.77523
-6.77042
-6.77218
-6.78058
-6.79525
-6.81034
-6.82827
-6.84254
-6.85411
-6.8569
-6.85566
-6.84401
-6.82454
-6.8
-6.77165
-6.74473
-6.7172
-6.6964
-6.67649
-6.66742
-6.666
-6.67578
-6.69397
-6.71711
-6.74562
-6.77209
-6.7951
-6.81138
-6.8239
-6.83223
-6.836
-6.83732
-6.83619
-6.82857
-6.82339
-6.81634
-6.80772
-6.80138
-6.79384
-6.7932
-6.79486
-6.80217
-6.81797
-6.83359
-6.85094
-6.87064
-6.89106
-6.90954
-6.92605
-6.93711
-6.93937
-6.93614
-6.92683
-6.90877
-6.88044
-6.84933
-6.81563
-6.78479
-6.75787
-6.73782
-6.72975
-6.72931
-6.73484
-6.74494
-6.76168
-6.77919
-6.7973
-6.81276
-6.82716
-6.83902
-6.85039
-6.85659
-6.86383
-6.86514
-6.8612
-6.85618
-6.84709
-6.83334
-6.81755
-6.79984
-6.78131
-6.76644
-6.75417
-6.7486
-6.75339
-6.76642
-6.78225
-6.80154
-6.8225
-6.84158
-6.85956
-6.87253
-6.88329
-6.8854
-6.88078
-6.872
-6.86069
-6.84625
-6.82742
-6.8086
-6.78876
-6.76629
-6.74411
-6.71932
-6.69833
-6.67796
-6.66463
-6.65922
-6.66777
-6.68538
-6.71402
-6.7487
-6.7863
-6.82194
-6.84911
-6.8702
-6.88059
-6.88348
-6.87648
-6.86545
-6.84928
-6.82853
-6.81029
-6.79151
-6.7756
-6.76456
-6.75956
-6.75864
-6.76513
-6.77804
-6.79583
-6.81784
-6.84492
-6.8717
-6.89702
-6.91787
-6.93367
-6.9389
-6.93971
-6.92968
-6.91444
-6.89541
-6.87476
-6.85181
-6.8311
-6.80877
-6.78918
-6.76998
-6.7546
-6.74203
-6.73216
-6.72482
-6.71899
-6.71291
-6.70371
-6.69582
-6.68777
-6.68467
-6.68774
-6.70015
-6.71931
-6.74311
-6.76861
-6.78915
-6.80214
-6.8169
-6.82657
-6.8377
-6.84922
-6.86189
-6.87832
-6.89402
-6.90572
-6.91373
-6.91553
-6.90919
-6.89907
-6.88553
-6.86393
-6.83609
-6.81159
-6.79077
-6.77664
-6.77208
-6.78033
-6.79456
-6.81304
-6.8337
-6.85101
-6.86541
-6.87541
-6.87969
-6.88153
-6.8808
-6.87209
-6.85855
-6.84085
-6.8195
-6.79698
-6.77066
-6.74384
-6.71815
-6.6975
-6.68165
-6.67482
-6.67902
-6.69435
-6.71847
-6.75055
-6.78807
-6.82442
-6.85922
-6.8852
-6.90583
-6.91574
-6.91571
-6.9069
-6.89133
-6.87269
-6.84733
-6.824
-6.80092
-6.78224
-6.77127
-6.76959
-6.77713
-6.79206
-6.81086
-6.82941
-6.84542
-6.85777
-6.86227
-6.86004
-6.84755
-6.82945
-6.80733
-6.77836
-6.74573
-6.71495
-6.68961
-6.67262
-6.66335
-6.66245
-6.67171
-6.69169
-6.72228
-6.75988
-6.79884
-6.8365
-6.87166
-6.90193
-6.9264
-6.94237
-6.94987
-6.94914
-6.94112
-6.92496
-6.90272
-6.87695
-6.85317
-6.82757
-6.80741
-6.79082
-6.777
-6.7665
-6.75867
-6.75853
-6.76049
-6.76641
-6.77732
-6.78989
-6.80171
-6.80959
-6.81513
-6.81676
-6.81228
-6.80477
-6.7997
-6.79598
-6.79652
-6.79827
-6.80441
-6.80926
-6.814
-6.81881
-6.8296
-6.83936
-6.84923
-6.85709
-6.86112
-6.86222
-6.86249
-6.85498
-6.84512
-6.83414
-6.82394
-6.8121
-6.80221
-6.79317
-6.78532
-6.77855
-6.77053
-6.75931
-6.74649
-6.7317
-6.71539
-6.70056
-6.69047
-6.68798
-6.69701
-6.71419
-6.74402
-6.7772
-6.81462
-6.85052
-6.88581
-6.91181
-6.92954
-6.93621
-6.93208
-6.91894
-6.89562
-6.86488
-6.83496
-6.80742
-6.78721
-6.77575
-6.77592
-6.78611
-6.80547
-6.82984
-6.8541
-6.87733
-6.89689
-6.91278
-6.92286
-6.92028
-6.91157
-6.89323
-6.86714
-6.84033
-6.80597
-6.77408
-6.74581
-6.72687
-6.71819
-6.7188
-6.73048
-6.74835
-6.77282
-6.79572
-6.82168
-6.84215
-6.85953
-6.86865
-6.86911
-6.86154
-6.84442
-6.81961
-6.78885
-6.75497
-6.72352
-6.6988
-6.69011
-6.69448
-6.71312
-6.74362
-6.7821
-6.82088
-6.85872
-6.88989
-6.91243
-6.92492
-6.93124
-6.93264
-6.92672
-6.91432
-6.89715
-6.87427
-6.8495
-6.82524
-6.8016
-6.7828
-6.76877
-6.76216
-6.76009
-6.76471
-6.77463
-6.78873
-6.80181
-6.81462
-6.8286
-6.83724
-6.83807
-6.83042
-6.81517
-6.7968
-6.77207
-6.74413
-6.71769
-6.69726
-6.68429
-6.68414
-6.69866
-6.72467
-6.75895
-6.79513
-6.82558
-6.85111
-6.86759
-6.87305
-6.87081
-6.85905
-6.84589
-6.8321
-6.82009
-6.8133
-6.80959
-6.81153
-6.81445
-6.81819
-6.82206
-6.82953
-6.83297
-6.83903
-6.84671
-6.85466
-6.86062
-6.86346
-6.86547
-6.8632
-6.85941
-6.85434
-6.84922
-6.84441
-6.83968
-6.83025
-6.82129
-6.81146
-6.80842
-6.80869
-6.81341
-6.81749
-6.8212
-6.82365
-6.82257
-6.8145
-6.79947
-6.7801
-6.76023
-6.73827
-6.72055
-6.71229
-6.71028
-6.71812
-6.73546
-6.757
-6.77949
-6.80093
-6.82119
-6.83798
-6.85089
-6.86164
-6.87175
-6.88215
-6.89103
-6.89815
-6.90228
-6.90062
-6.89732
-6.88683
-6.87212
-6.8533
-6.83553
-6.81681
-6.80062
-6.78522
-6.77346
-6.76341
-6.75594
-6.75372
-6.75191
-6.75526
-6.76126
-6.77126
-6.77904
-6.79121
-6.80031
-6.80362
-6.80574
-6.80183
-6.79302
-6.78336
-6.77223
-6.76114
-6.75534
-6.75332
-6.75716
-6.76889
-6.78017
-6.79436
-6.80784
-6.81751
-6.82759
-6.84
-6.85298
-6.86712
-6.88617
-6.8993
-6.90776
-6.9072
-6.90016
-6.8855
-6.8686
-6.85162
-6.83187
-6.81408
-6.80194
-6.79491
-6.78875
-6.78923
-6.79323
-6.80297
-6.8124
-6.81929
-6.82474
-6.82978
-6.83117
-6.82849
-6.82134
-6.81358
-6.80382
-6.79258
-6.78488
-6.77676
-6.77418
-6.77487
-6.77562
-6.77635
-6.77805
-6.78002
-6.78182
-6.78257
-6.78524
-6.79084
-6.79779
-6.80731
-6.81717
-6.82888
-6.84027
-6.84558
-6.85042
-6.85189
-6.84942
-6.84507
-6.84058
-6.83137
-6.82052
-6.80928
-6.79626
-6.78037
-6.76203
-6.74552
-6.73122
-6.71733
-6.71009
-6.70983
-6.72004
-6.73363
-6.75177
-6.77184
-6.78652
-6.79482
-6.80124
-6.80106
-6.79728
-6.79441
-6.78935
-6.78458
-6.78077
-6.77664
-6.77572
-6.77456
-6.77435
-6.77603
-6.7752
-6.77841
-6.78468
-6.79623
-6.81693
-6.84037
-6.8634
-6.88089
-6.89812
-6.91359
-6.92363
-6.93325
-6.93878
-6.94016
-6.9407
-6.93806
-6.93091
-6.92078
-6.90657
-6.88674
-6.86199
-6.83078
-6.80033
-6.77211
-6.7454
-6.72454
-6.70752
-6.70189
-6.70785
-6.71778
-6.734
-6.75157
-6.77098
-6.78831
-6.80186
-6.81267
-6.81975
-6.82126
-6.81803
-6.81206
-6.80457
-6.79506
-6.78814
-6.78056
-6.77707
-6.78082
-6.78626
-6.79723
-6.81405
-6.83343
-6.85287
-6.87432
-6.89303
-6.90442
-6.91146
-6.9136
-6.9117
-6.90204
-6.89351
-6.88028
-6.86543
-6.84932
-6.83679
-6.82621
-6.81786
-6.80787
-6.80155
-6.79143
-6.78433
-6.77588
-6.76455
-6.75103
-6.73869
-6.72631
-6.71636
-6.71029
-6.71089
-6.72209
-6.74172
-6.76427
-6.79335
-6.8216
-6.8421
-6.85527
-6.85683
-6.85412
-6.84516
-6.83481
-6.81888
-6.80901
-6.80132
-6.79963
-6.80343
-6.81309
-6.83031
-6.85416
-6.87585
-6.89167
-6.90511
-6.91287
-6.91086
-6.90002
-6.88711
-6.87184
-6.85559
-6.83726
-6.81912
-6.8021
-6.78612
-6.76886
-6.75163
-6.73465
-6.72012
-6.70832
-6.70076
-6.70034
-6.70442
-6.71845
-6.73457
-6.75676
-6.78225
-6.80732
-6.83462
-6.85829
-6.87678
-6.88855
-6.89328
-6.89492
-6.88883
-6.87549
-6.85808
-6.83788
-6.81928
-6.80202
-6.79196
-6.78711
-6.78988
-6.79394
-6.80261
-6.81471
-6.82576
-6.83218
-6.83171
-6.82367
-6.80922
-6.79079
-6.77317
-6.7574
-6.74992
-6.74949
-6.75591
-6.77274
-6.79043
-6.80952
-6.82327
-6.83419
-6.83951
-6.83461
-6.82506
-6.81301
-6.79858
-6.78488
-6.7815
-6.78415
-6.78586
-6.79422
-6.79907
-6.79921
-6.79505
-6.78471
-6.77184
-6.75987
-6.74907
-6.7479
-6.75119
-6.76099
-6.7747
-6.79387
-6.81403
-6.83139
-6.84516
-6.85181
-6.85384
-6.8496
-6.84708
-6.84095
-6.83558
-6.83428
-6.83311
-6.83657
-6.83876
-6.83974
-6.83629
-6.83491
-6.83229
-6.82407
-6.81282
-6.80199
-6.79082
-6.78181
-6.77234
-6.76729
-6.764
-6.75957
-6.75702
-6.7566
-6.76328
-6.7706
-6.78327
-6.80021
-6.81678
-6.83604
-6.85374
-6.86702
-6.8806
-6.88629
-6.88628
-6.88115
-6.87472
-6.86614
-6.85214
-6.83959
-6.82764
-6.81509
-6.80583
-6.80004
-6.79605
-6.7957
-6.79123
-6.79006
-6.78627
-6.78042
-6.77429
-6.76658
-6.76289
-6.75661
-6.75015
-6.74496
-6.74243
-6.73965
-6.74203
-6.74598
-6.75214
-6.75806
-6.7668
-6.77514
-6.78025
-6.78437
-6.78676
-6.78712
-6.78779
-6.79226
-6.79775
-6.81064
-6.8263
-6.84219
-6.86558
-6.89083
-6.91416
-6.9288
-6.9363
-6.9388
-6.93375
-6.92167
-6.90403
-6.88959
-6.87222
-6.85983
-6.84565
-6.83045
-6.81085
-6.78737
-6.76109
-6.73487
-6.7147
-6.70259
-6.70436
-6.71989
-6.74581
-6.77767
-6.80959
-6.83944
-6.86224
-6.87737
-6.88588
-6.88614
-6.87783
-6.86226
-6.84138
-6.8142
-6.7872
-6.75911
-6.73408
-6.71443
-6.70074
-6.69911
-6.70657
-6.72033
-6.74313
-6.77103
-6.80117
-6.82775
-6.84919
-6.8666
-6.87383
-6.8726
-6.86584
-6.85271
-6.84053
-6.82551
-6.81219
-6.8029
-6.79927
-6.79843
-6.80307
-6.8129
-6.83093
-6.84796
-6.8674
-6.88524
-6.90335
-6.91664
-6.92991
-6.93439
-6.93093
-6.91958
-6.89674
-6.86438
-6.82503
-6.78289
-6.74325
-6.71369
-6.69351
-6.68555
-6.69068
-6.70747
-6.72868
-6.75517
-6.78045
-6.79941
-6.81335
-6.82025
-6.819
-6.81397
-6.80695
-6.79858
-6.79371
-6.79182
-6.79421
-6.80049
-6.80958
-6.81985
-6.83144
-6.84505
-6.85885
-6.87217
-6.88853
-6.89945
-6.90631
-6.90961
-6.91081
-6.90218
-6.88763
-6.86842
-6.84525
-6.8191
-6.79305
-6.76914
-6.75015
-6.73547
-6.7289
-6.72437
-6.7272
-6.73216
-6.73619
-6.74466
-6.75202
-6.75774
-6.76432
-6.76949
-6.77124
-6.77356
-6.77393
-6.77736
-6.7849
-6.79621
-6.80679
-6.82051
-6.83485
-6.84775
-6.86125
-6.87489
-6.88934
-6.89893
-6.90606
-6.90843
-6.90691
-6.90375
-6.9013
-6.89254
-6.88388
-6.88112
-6.87807
-6.86698
-6.84955
-6.82662
-6.79564
-6.75793
-6.71856
-6.6858
-6.65997
-6.64763
-6.65004
-6.66803
-6.69616
-6.72976
-6.76485
-6.79985
-6.83099
-6.85953
-6.88296
-6.89956
-6.91212
-6.91876
-6.9216
-6.91807
-6.90989
-6.90067
-6.8904
-6.88084
-6.87685
-6.87718
-6.87789
-6.87746
-6.87726
-6.87057
-6.86284
-6.848
-6.83039
-6.81263
-6.79425
-6.78183
-6.77006
-6.76168
-6.75591
-6.75323
-6.75089
-6.75107
-6.75803
-6.76309
-6.77448
-6.7853
-6.79564
-6.80376
-6.81358
-6.82379
-6.82916
-6.83492
-6.84243
-6.84888
-6.85533
-6.85999
-6.86072
-6.85264
-6.84148
-6.82415
-6.80192
-6.77185
-6.74751
-6.72717
-6.7109
-6.70075
-6.70003
-6.70729
-6.72678
-6.75165
-6.77777
-6.80566
-6.82722
-6.84735
-6.86026
-6.86502
-6.86553
-6.85415
-6.83957
-6.82033
-6.80036
-6.77805
-6.76024
-6.7499
-6.74567
-6.75535
-6.77513
-6.80147
-6.83386
-6.8676
-6.89535
-6.91839
-6.93209
-6.93626
-6.92895
-6.9156
-6.89455
-6.86932
-6.8426
-6.81566
-6.79121
-6.77237
-6.75879
-6.75101
-6.75203
-6.75742
-6.76598
-6.77188
-6.77533
-6.77581
-6.77277
-6.76376
-6.75256
-6.74225
-6.73038
-6.72286
-6.7197
-6.72214
-6.72835
-6.73732
-6.74699
-6.76307
-6.77884
-6.79612
-6.81093
-6.82668
-6.84264
-6.85746
-6.87158
-6.8879
-6.90738
-6.92241
-6.93536
-6.94151
-6.94078
-6.929
-6.9134
-6.88677
-6.85539
-6.82292
-6.79012
-6.76132
-6.73672
-6.72277
-6.71876
-6.7262
-6.7387
-6.75629
-6.77886
-6.80293
-6.82223
-6.83833
-6.84806
-6.85195
-6.84971
-6.84197
-6.83308
-6.81967
-6.80418
-6.7867
-6.76914
-6.75189
-6.7365
-6.72649
-6.72262
-6.72623
-6.73744
-6.75558
-6.77899
-6.80487
-6.82908
-6.85858
-6.8851
-6.90784
-6.92292
-6.9272
-6.92691
-6.91656
-6.90158
-6.88185
-6.85953
-6.84085
-6.82142
-6.80273
-6.78778
-6.77648
-6.77017
-6.76712
-6.7647
-6.76356
-6.77035
-6.783
-6.79693
-6.81888
-6.83906
-6.85712
-6.86981
-6.87907
-6.87875
-6.87378
-6.86515
-6.85432
-6.84347
-6.83282
-6.82481
-6.81949
-6.81363
-6.81103
-6.80826
-6.80893
-6.81255
-6.81269
-6.81577
-6.81678
-6.81778
-6.81519
-6.81139
-6.80729
-6.80136
-6.79417
-6.78417
-6.77279
-6.76156
-6.75031
-6.74232
-6.74007
-6.74464
-6.7532
-6.7661
-6.78196
-6.80134
-6.81666
-6.82889
-6.83076
-6.83055
-6.82555
-6.82077
-6.81428
-6.81227
-6.81207
-6.81696
-6.81965
-6.82021
-6.82258
-6.82048
-6.82365
-6.83024
-6.84308
-6.85733
-6.87199
-6.88808
-6.90026
-6.90925
-6.91012
-6.9051
-6.89464
-6.88027
-6.8651
-6.84624
-6.82816
-6.8062
-6.78816
-6.77396
-6.7618
-6.74908
-6.73994
-6.73343
-6.72505
-6.72144
-6.72205
-6.72554
-6.72986
-6.74263
-6.75494
-6.77121
-6.78846
-6.80824
-6.82831
-6.84748
-6.86408
-6.87337
-6.87883
-6.87599
-6.86893
-6.85904
-6.84741
-6.83383
-6.8257
-6.81924
-6.81378
-6.81238
-6.81626
-6.82067
-6.82799
-6.83021
-6.83572
-6.83846
-6.8369
-6.83166
-6.82044
-6.80377
-6.7876
-6.77232
-6.76132
-6.75456
-6.75781
-6.76489
-6.77419
-6.78318
-6.79217
-6.79505
-6.79498
-6.79034
-6.78183
-6.77352
-6.76495
-6.7634
-6.76935
-6.78072
-6.8002
-6.82128
-6.84634
-6.86816
-6.88438
-6.89435
-6.89938
-6.89965
-6.88731
-6.87185
-6.8518
-6.83198
-6.80994
-6.79127
-6.77705
-6.76681
-6.7615
-6.76045
-6.76093
-6.76442
-6.77041
-6.77541
-6.78356
-6.79159
-6.80027
-6.80782
-6.8157
-6.82239
-6.82892
-6.83571
-6.83827
-6.83905
-6.839
-6.8403
-6.8428
-6.84733
-6.85488
-6.86539
-6.87804
-6.88643
-6.89167
-6.89283
-6.88671
-6.86914
-6.84283
-6.81241
-6.78106
-6.75259
-6.73283
-6.72275
-6.72364
-6.73314
-6.74901
-6.76652
-6.78036
-6.78951
-6.7921
-6.7896
-6.78183
-6.76581
-6.74995
-6.73228
-6.71966
-6.70969
-6.70914
-6.71558
-6.73063
-6.75147
-6.77992
-6.80818
-6.83774
-6.86588
-6.89066
-6.91079
-6.92505
-6.93022
-6.93488
-6.93488
-6.92903
-6.92123
-6.91021
-6.89789
-6.88375
-6.87435
-6.86626
-6.8625
-6.85473
-6.84902
-6.8398
-6.82956
-6.81652
-6.80322
-6.79369
-6.78382
-6.77625
-6.76717
-6.76112
-6.75732
-6.75302
-6.74735
-6.74328
-6.74239
-6.7404
-6.73888
-6.7385
-6.74068
-6.74678
-6.75568
-6.76739
-6.77788
-6.78625
-6.79402
-6.7999
-6.80601
-6.81317
-6.82103
-6.82608
-6.83183
-6.83804
-6.84208
-6.84298
-6.84147
-6.83655
-6.82649
-6.81537
-6.79914
-6.78762
-6.77847
-6.77382
-6.77253
-6.77637
-6.78288
-6.78962
-6.79815
-6.80436
-6.80868
-6.81226
-6.81499
-6.81731
-6.81838
-6.82075
-6.82118
-6.82326
-6.83048
-6.8392
-6.85255
-6.8684
-6.88222
-6.89043
-6.89074
-6.8831
-6.86986
-6.85671
-6.84432
-6.83857
-6.83842
-6.84485
-6.8539
-6.86579
-6.87822
-6.88789
-6.88856
-6.88153
-6.86876
-6.84693
-6.82245
-6.80129
-6.78298
-6.76945
-6.76001
-6.7532
-6.74714
-6.74014
-6.73316
-6.72571
-6.71946
-6.7163
-6.71586
-6.7209
-6.73102
-6.74373
-6.75811
-6.77119
-6.77972
-6.78489
-6.78415
-6.77857
-6.76881
-6.75985
-6.75508
-6.7563
-6.76314
-6.77504
-6.79039
-6.80386
-6.8194
-6.83097
-6.8424
-6.85089
-6.85969
-6.86809
-6.87533
-6.88159
-6.88284
-6.88543
-6.88529
-6.88026
-6.87052
-6.8576
-6.83758
-6.8191
-6.80287
-6.78887
-6.7794
-6.77224
-6.76789
-6.76978
-6.77509
-6.78039
-6.78583
-6.79119
-6.7998
-6.81033
-6.81909
-6.83207
-6.84658
-6.86265
-6.87381
-6.8855
-6.89555
-6.89548
-6.89051
-6.88147
-6.86693
-6.85039
-6.83106
-6.81292
-6.79567
-6.77612
-6.76167
-6.75075
-6.74282
-6.74349
-6.7503
-6.7602
-6.76912
-6.77424
-6.77574
-6.77455
-6.77334
-6.77052
-6.77058
-6.77517
-6.7864
-6.79739
-6.81091
-6.82077
-6.82553
-6.82656
-6.82672
-6.82259
-6.82079
-6.81645
-6.81696
-6.81806
-6.81993
-6.82576
-6.83436
-6.84351
-6.85037
-6.85813
-6.86087
-6.86118
-6.85714
-6.85062
-6.84239
-6.83604
-6.83282
-6.83168
-6.83231
-6.83402
-6.83304
-6.82988
-6.82446
-6.8178
-6.8085
-6.80268
-6.79467
-6.78409
-6.7747
-6.76734
-6.76314
-6.76037
-6.75778
-6.7573
-6.76142
-6.76972
-6.78061
-6.79329
-6.80733
-6.82467
-6.83833
-6.85195
-6.86056
-6.86118
-6.85943
-6.85286
-6.84173
-6.82565
-6.81235
-6.79834
-6.78837
-6.78031
-6.77425
-6.7706
-6.77058
-6.76963
-6.7702
-6.77072
-6.77092
-6.76929
-6.76941
-6.76844
-6.76826
-6.77117
-6.77442
-6.77822
-6.78152
-6.78525
-6.78406
-6.78018
-6.77637
-6.76806
-6.76231
-6.76064
-6.7663
-6.77197
-6.78363
-6.7988
-6.81663
-6.83068
-6.8465
-6.8592
-6.86834
-6.87195
-6.87465
-6.87192
-6.86917
-6.86389
-6.85628
-6.84754
-6.83516
-6.81966
-6.80321
-6.78701
-6.77624
-6.77552
-6.77938
-6.78761
-6.79596
-6.80385
-6.80647
-6.79953
-6.78492
-6.76943
-6.75357
-6.74185
-6.73515
-6.73245
-6.73599
-6.74342
-6.75425
-6.77046
-6.79076
-6.81661
-6.84739
-6.87536
-6.90247
-6.92207
-6.93031
-6.93139
-6.92384
-6.91205
-6.89236
-6.86622
-6.83989
-6.81577
-6.79275
-6.77496
-6.76286
-6.75947
-6.76449
-6.77613
-6.79041
-6.80546
-6.81928
-6.83112
-6.83881
-6.84431
-6.84754
-6.84788
-6.84914
-6.84926
-6.84666
-6.84397
-6.84118
-6.83507
-6.8295
-6.82257
-6.81324
-6.80268
-6.79534
-6.7889
-6.78218
-6.77488
-6.76874
-6.75906
-6.74835
-6.73843
-6.72719
-6.71493
-6.70721
-6.70363
-6.70593
-6.71246
-6.72658
-6.74325
-6.76269
-6.78363
-6.80608
-6.82859
-6.85055
-6.86693
-6.88357
-6.89459
-6.90167
-6.90402
-6.90396
-6.89785
-6.89192
-6.88752
-6.88091
-6.87767
-6.8751
-6.87336
-6.87294
-6.87428
-6.87357
-6.87269
-6.8751
-6.87515
-6.87531
-6.86875
-6.85788
-6.84265
-6.82139
-6.7992
-6.77655
-6.75801
-6.74306
-6.7299
-6.72159
-6.71785
-6.71731
-6.72038
-6.72471
-6.73055
-6.74058
-6.74876
-6.75698
-6.76944
-6.77961
-6.78953
-6.80228
-6.81312
-6.82166
-6.82516
-6.82533
-6.82179
-6.81331
-6.80287
-6.78949
-6.77377
-6.76092
-6.75296
-6.75142
-6.75478
-6.76645
-6.78469
-6.80415
-6.81979
-6.8351
-6.84275
-6.84517
-6.84285
-6.83133
-6.81534
-6.79521
-6.77754
-6.76523
-6.76032
-6.76503
-6.77446
-6.78909
-6.801
-6.81073
-6.81506
-6.81453
-6.80973
-6.80298
-6.79515
-6.79133
-6.79212
-6.7991
-6.81218
-6.83232
-6.85525
-6.88311
-6.9131
-6.9423
-6.96978
-6.98358
-6.99212
-6.9888
-6.9764
-6.94878
-6.91365
-6.874
-6.83164
-6.78981
-6.75209
-6.72009
-6.69665
-6.68212
-6.67452
-6.67455
-6.67872
-6.68863
-6.70449
-6.71843
-6.73482
-6.748
-6.75871
-6.76522
-6.77213
-6.77539
-6.77823
-6.77651
-6.77701
-6.77887
-6.7803
-6.7824
-6.78937
-6.79633
-6.80497
-6.81637
-6.8242
-6.82871
-6.83064
-6.82987
-6.82774
-6.82611
-6.82253
-6.81659
-6.812
-6.8069
-6.80278
-6.80159
-6.79974
-6.80077
-6.80246
-6.80271
-6.80267
-6.80011
-6.79716
-6.79057
-6.78637
-6.78791
-6.79461
-6.80533
-6.82623
-6.84952
-6.87444
-6.8954
-6.91368
-6.92342
-6.92449
-6.91758
-6.90429
-6.88326
-6.86237
-6.83962
-6.81618
-6.79967
-6.79064
-6.78604
-6.785
-6.7816
-6.78193
-6.78417
-6.78682
-6.79425
-6.80452
-6.81669
-6.82562
-6.82922
-6.823
-6.80783
-6.786
-6.75854
-6.72976
-6.70217
-6.68337
-6.67354
-6.67444
-6.68589
-6.70799
-6.73872
-6.76941
-6.80299
-6.83096
-6.85251
-6.86441
-6.86859
-6.86147
-6.85168
-6.83644
-6.82227
-6.80898
-6.80034
-6.79535
-6.79292
-6.79706
-6.80533
-6.82019
-6.83374
-6.84504
-6.85616
-6.86557
-6.87055
-6.87461
-6.87743
-6.88268
-6.88912
-6.89327
-6.89866
-6.9018
-6.89856
-6.89016
-6.8793
-6.86544
-6.85507
-6.84064
-6.8322
-6.82876
-6.82442
-6.8214
-6.82008
-6.81982
-6.81477
-6.81086
-6.80592
-6.80381
-6.80175
-6.80009
-6.80113
-6.79859
-6.79775
-6.7887
-6.77912
-6.76617
-6.74673
-6.72814
-6.7116
-6.69755
-6.6906
-6.69253
-6.69874
-6.70943
-6.72041
-6.72981
-6.7397
-6.7484
-6.75597
-6.76222
-6.76152
-6.76322
-6.76053
-6.7559
-6.75103
-6.74624
-6.74414
-6.75004
-6.75785
-6.76981
-6.78491
-6.80072
-6.81703
-6.83449
-6.8491
-6.86511
-6.87964
-6.88927
-6.89919
-6.90376
-6.9063
-6.90626
-6.90511
-6.90349
-6.90061
-6.89997
-6.89583
-6.89106
-6.88474
-6.87666
-6.86766
-6.8551
-6.84361
-6.83138
-6.81886
-6.80785
-6.79947
-6.79028
-6.78241
-6.7763
-6.77445
-6.77185
-6.77195
-6.7677
-6.7621
-6.74981
-6.73515
-6.71809
-6.70583
-6.69555
-6.69285
-6.69777
-6.70953
-6.73028
-6.76017
-6.7921
-6.824
-6.84951
-6.87122
-6.88421
-6.88781
-6.88761
-6.88212
-6.87357
-6.86156
-6.84711
-6.831
-6.81644
-6.80098
-6.79001
-6.77938
-6.77116
-6.76208
-6.75843
-6.75745
-6.75979
-6.76325
-6.77292
-6.78422
-6.80015
-6.81896
-6.84506
-6.87357
-6.89861
-6.9169
-6.92609
-6.92482
-6.91412
-6.89261
-6.8628
-6.82651
-6.78951
-6.75013
-6.71693
-6.69273
-6.6782
-6.67681
-6.68594
-6.70721
-6.73246
-6.76258
-6.79243
-6.82214
-6.84715
-6.86542
-6.8767
-6.87936
-6.87766
-6.87218
-6.86124
-6.8481
-6.83113
-6.8148
-6.80501
-6.79843
-6.79406
-6.79363
-6.79569
-6.80032
-6.80654
-6.8116
-6.81726
-6.82442
-6.82713
-6.82609
-6.81938
-6.80629
-6.79375
-6.78165
-6.77112
-6.76539
-6.76633
-6.7749
-6.78843
-6.7995
-6.80768
-6.80971
-6.80775
-6.79848
-6.78374
-6.7705
-6.75542
-6.74494
-6.73705
-6.73667
-6.74536
-6.76262
-6.79172
-6.82916
-6.8653
-6.90144
-6.92855
-6.94727
-6.95519
-6.95231
-6.94072
-6.92211
-6.89412
-6.86239
-6.83009
-6.79758
-6.76729
-6.74011
-6.72053
-6.71006
-6.71022
-6.71336
-6.72037
-6.72868
-6.73686
-6.74812
-6.76491
-6.78927
-6.81703
-6.84518
-6.8713
-6.88877
-6.8982
-6.89867
-6.8917
-6.8792
-6.86149
-6.84703
-6.83508
-6.82494
-6.82256
-6.82037
-6.81608
-6.81298
-6.81283
-6.81094
-6.81144
-6.81232
-6.81162
-6.80928
-6.806
-6.79806
-6.78673
-6.77099
-6.75575
-6.7424
-6.73426
-6.73013
-6.73652
-6.75046
-6.76971
-6.79102
-6.81129
-6.82484
-6.83193
-6.83101
-6.82484
-6.81721
-6.80827
-6.80464
-6.80659
-6.8105
-6.81662
-6.82271
-6.82874
-6.83295
-6.84001
-6.84713
-6.85372
-6.85872
-6.86119
-6.86324
-6.85743
-6.85449
-6.84981
-6.84165
-6.83437
-6.82842
-6.8229
-6.81683
-6.81614
-6.81267
-6.80998
-6.80978
-6.8093
-6.81063
-6.81636
-6.82346
-6.83423
-6.84742
-6.86003
-6.8693
-6.8753
-6.87611
-6.86634
-6.85418
-6.83998
-6.82875
-6.82135
-6.81917
-6.8186
-6.81806
-6.81702
-6.8158
-6.81328
-6.81036
-6.80895
-6.80837
-6.81162
-6.81416
-6.81922
-6.82228
-6.82496
-6.82204
-6.8182
-6.80851
-6.79562
-6.78168
-6.76745
-6.75611
-6.74473
-6.74054
-6.73926
-6.74661
-6.756
-6.77176
-6.78561
-6.80242
-6.81589
-6.82531
-6.83001
-6.83002
-6.82335
-6.81442
-6.7977
-6.77554
-6.74991
-6.72922
-6.71029
-6.69704
-6.68754
-6.68731
-6.69657
-6.71032
-6.73077
-6.75673
-6.78603
-6.81433
-6.83923
-6.86192
-6.87791
-6.8887
-6.89287
-6.89107
-6.88363
-6.87156
-6.85559
-6.83774
-6.81988
-6.80335
-6.78857
-6.77671
-6.76953
-6.76562
-6.76657
-6.76992
-6.77832
-6.78765
-6.79931
-6.80812
-6.81412
-6.81806
-6.81951
-6.81783
-6.81903
-6.82014
-6.82276
-6.82568
-6.8298
-6.8344
-6.84136
-6.84472
-6.84685
-6.84961
-6.84832
-6.84604
-6.84031
-6.83297
-6.82767
-6.82613
-6.82468
-6.82395
-6.82766
-6.83331
-6.83763
-6.84161
-6.84003
-6.83571
-6.82901
-6.81954
-6.81235
-6.8061
-6.80776
-6.81129
-6.81334
-6.81248
-6.80959
-6.80252
-6.78919
-6.77475
-6.76312
-6.75442
-6.75232
-6.75791
-6.76896
-6.77988
-6.79112
-6.79799
-6.80368
-6.80518
-6.80514
-6.80022
-6.79343
-6.78563
-6.77612
-6.76985
-6.76831
-6.76847
-6.7756
-6.78855
-6.80483
-6.8277
-6.85363
-6.87866
-6.90432
-6.92209
-6.93351
-6.93087
-6.91845
-6.89161
-6.85762
-6.82181
-6.78674
-6.75749
-6.73611
-6.72395
-6.72523
-6.73706
-6.75041
-6.769
-6.78821
-6.8124
-6.83474
-6.85683
-6.87451
-6.88542
-6.89609
-6.90088
-6.8976
-6.8878
-6.87582
-6.85853
-6.8401
-6.827
-6.8168
-6.81088
-6.81133
-6.809
-6.80955
-6.8131
-6.8179
-6.82388
-6.82801
-6.83272
-6.84002
-6.84492
-6.85013
-6.8556
-6.85789
-6.85458
-6.8455
-6.8316
-6.81417
-6.79262
-6.77133
-6.75064
-6.73601
-6.72778
-6.72386
-6.72431
-6.73089
-6.73618
-6.74305
-6.75329
-6.76437
-6.77337
-6.78334
-6.79493
-6.80809
-6.81879
-6.82576
-6.82795
-6.82476
-6.81675
-6.80707
-6.79467
-6.78146
-6.77177
-6.76597
-6.7641
-6.76205
-6.76283
-6.7656
-6.7703
