1.19039
1.1575
1.10253
1.02723
0.934275
0.827831
0.71361
0.598761
0.491401
0.399585
0.329985
0.286625
0.270145
0.277891
0.304751
0.344361
0.390328
0.437082
0.480344
0.51724
0.546219
0.566841
0.579531
0.5853
0.585613
0.582118
0.576501
0.570371
0.565175
0.562009
0.561593
0.564255
0.569938
0.578313
0.588709
0.600405
0.612652
0.624758
0.636136
0.646278
0.654835
0.661476
0.665893
0.667863
0.667157
0.663648
0.657322
0.648469
0.637748
0.626171
0.61503
0.605698
0.599443
0.597264
0.599652
0.606478
0.61699
0.630058
0.644248
0.658069
0.670137
0.679387
0.68507
0.686816
0.684587
0.678754
0.66999
0.659229
0.647473
0.635654
0.624439
0.614147
0.604845
0.596432
0.588881
0.582404
0.577498
0.574844
0.575035
0.578192
0.583787
0.590677
0.597538
0.603419
0.607993
0.611483
0.614379
0.617098
0.619679
0.621834
0.622985
0.622584
0.620288
0.616042
0.610147
0.60307
0.595352
0.587464
0.579884
0.573032
0.567324
0.563154
0.560966
0.561096
0.563716
0.56878
0.57601
0.584881
0.594773
0.605037
0.615076
0.624475
0.633018
0.640582
0.647049
0.652279
0.656052
0.658137
0.658351
0.656559
0.65281
0.647427
0.640833
0.633649
0.626488
0.619947
0.614423
0.610088
0.606906
0.604699
0.603164
0.601972
0.600825
0.599597
0.598312
0.597234
0.596836
0.597662
0.600131
0.604432
0.610334
0.617145
0.623908
0.629525
0.633046
0.633834
0.631741
0.627149
0.620777
0.613569
0.606411
0.599824
0.594009
0.588756
0.583608
0.578173
0.572335
0.566378
0.560992
0.557174
0.55595
0.558099
0.563996
0.573532
0.586123
0.600867
0.61674
0.632705
0.647881
0.661585
0.67329
0.682708
0.689646
0.693984
0.695602
0.694534
0.690859
0.684783
0.676589
0.66662
0.655239
0.642702
0.629222
0.615027
0.600417
0.585868
0.571997
0.559527
0.549125
0.541315
0.536371
0.534289
0.534853
0.537693
0.542429
0.548717
0.556247
0.564752
0.573994
0.583739
0.593698
0.603617
0.613249
0.622394
0.63103
0.639195
0.647
0.654533
0.661825
0.668764
0.675073
0.680334
0.684121
0.685978
0.685596
0.682673
0.67702
0.668611
0.657678
0.644813
0.630777
0.616459
0.60275
0.590372
0.579874
0.571643
0.566026
0.563428
0.564123
0.568075
0.574924
0.583934
0.594121
0.604491
0.614077
0.622066
0.62784
0.630956
0.631252
0.628828
0.624019
0.617345
0.609558
0.601458
0.59382
0.587235
0.582196
0.579059
0.578127
0.579617
0.583597
0.589988
0.59847
0.608389
0.61899
0.629512
0.639274
0.647779
0.654819
0.660423
0.664644
0.667559
0.669151
0.66928
0.667672
0.664056
0.658293
0.650517
0.641078
0.630602
0.619859
0.609549
0.600239
0.592284
0.58578
0.580551
0.576382
0.573034
0.570299
0.568205
0.566971
0.566953
0.568595
0.572258
0.578118
0.586011
0.595372
0.60541
0.615112
0.623413
0.629387
0.632479
0.632578
0.630122
0.625949
0.621035
0.616308
0.612404
0.609616
0.607926
0.607176
0.607137
0.607582
0.608325
0.609274
0.610448
0.611909
0.613731
0.61593
0.618444
0.6211
0.6235
0.625129
0.625415
0.623899
0.620279
0.614617
0.607441
0.599593
0.592153
0.586199
0.582577
0.581729
0.583681
0.587964
0.593792
0.600115
0.605905
0.610367
0.613069
0.614088
0.613917
0.613299
0.612988
0.613556
0.615259
0.61815
0.622058
0.626663
0.631513
0.636071
0.639739
0.641889
0.641909
0.639407
0.634344
0.627022
0.618194
0.608923
0.600508
0.594182
0.590918
0.591172
0.594834
0.60128
0.609443
0.618067
0.625891
0.631856
0.635155
0.635389
0.632551
0.627001
0.619306
0.61022
0.600427
0.590563
0.58122
0.572995
0.566598
0.562791
0.562259
0.565469
0.572536
0.583163
0.596638
0.611991
0.628034
0.643465
0.657029
0.667662
0.67456
0.677249
0.675661
0.670143
0.661445
0.650617
0.638862
0.627354
0.617059
0.608686
0.602643
0.598974
0.597483
0.597693
0.598961
0.600448
0.601283
0.600793
0.598621
0.594817
0.589758
0.584107
0.578623
0.573962
0.570666
0.569059
0.569306
0.571503
0.575652
0.581714
0.589493
0.598695
0.608929
0.619648
0.630234
0.639981
0.648186
0.654336
0.658038
0.65918
0.657882
0.654479
0.649514
0.643586
0.637375
0.631523
0.626567
0.622762
0.620163
0.618613
0.617718
0.616954
0.615703
0.613423
0.609719
0.604539
0.598097
0.590919
0.583872
0.577998
0.574317
0.573581
0.576088
0.581495
0.588927
0.59706
0.60456
0.610447
0.6143
0.61641
0.617677
0.619267
0.622171
0.626721
0.632565
0.638844
0.644568
0.649035
0.65189
0.653008
0.652515
0.650586
0.647329
0.642927
0.637649
0.631792
0.625822
0.620021
0.614599
0.609649
0.605259
0.601567
0.598786
0.597275
0.597497
0.599857
0.604565
0.611593
0.620506
0.630566
0.640739
0.649782
0.656597
0.660082
0.659427
0.654189
0.644411
0.63062
0.613799
0.595395
0.577175
0.56095
0.548414
0.540876
0.539148
0.543347
0.552782
0.566064
0.581282
0.596199
0.6087
0.617172
0.620795
0.619674
0.61478
0.607714
0.600324
0.594245
0.590651
0.590001
0.592105
0.596318
0.601636
0.607028
0.611606
0.614735
0.616173
0.61604
0.614784
0.613043
0.611506
0.610785
0.6113
0.613211
0.616434
0.620818
0.626117
0.632175
0.638827
0.645926
0.653256
0.660546
0.667395
0.673362
0.678065
0.681162
0.682279
0.681136
0.677545
0.671397
0.66279
0.652128
0.640079
0.627492
0.615092
0.603341
0.592333
0.581837
0.571561
0.561343
0.551294
0.541835
0.533563
0.527167
0.523298
0.522411
0.524703
0.530137
0.538494
0.549318
0.562118
0.576306
0.591238
0.606267
0.620766
0.634139
0.645833
0.655291
0.662076
0.665933
0.666764
0.664654
0.659769
0.652393
0.642926
0.631813
0.619654
0.607189
0.595242
0.584718
0.576561
0.571497
0.570119
0.572733
0.579209
0.588815
0.600336
0.61228
0.623249
0.632187
0.638528
0.642171
0.643335
0.642477
0.640087
0.636772
0.633117
0.629639
0.62681
0.624872
0.623783
0.623316
0.623205
0.623167
0.623016
0.622728
0.622311
0.621874
0.621587
0.621643
0.622148
0.623172
0.624616
0.626191
0.627397
0.627594
0.626187
0.622704
0.616923
0.608997
0.59945
0.589147
0.579171
0.570674
0.564661
0.5618
0.562328
0.566064
0.57247
0.580703
0.58975
0.598454
0.605599
0.610127
0.611342
0.609142
0.60412
0.597461
0.590748
0.585652
0.583567
0.5854
0.591384
0.601042
0.613366
0.626901
0.64012
0.651671
0.660603
0.666407
0.66906
0.668913
0.666529
0.66252
0.657354
0.651353
0.644623
0.637235
0.629317
0.621104
0.612976
0.605508
0.599387
0.595217
0.593407
0.594096
0.59706
0.601716
0.607212
0.612622
0.6171
0.619962
0.620852
0.619689
0.616637
0.612006
0.606211
0.599769
0.59322
0.587131
0.582004
0.578447
0.576999
0.578108
0.582107
0.589109
0.598937
0.611111
0.624773
0.638765
0.651825
0.662764
0.670704
0.675018
0.675294
0.671311
0.663086
0.65092
0.635587
0.618364
0.601028
0.585627
0.574187
0.568138
0.568141
0.573887
0.584261
0.59758
0.612053
0.626041
0.638244
0.647725
0.653849
0.656217
0.654634
0.649156
0.640175
0.628396
0.614858
0.600805
0.587523
0.576121
0.567386
0.561767
0.55939
0.560072
0.563387
0.568715
0.575332
0.58251
0.589678
0.596499
0.60291
0.609095
0.615246
0.621581
0.628152
0.634826
0.64126
0.646959
0.651387
0.654025
0.654385
0.65215
0.647199
0.639646
0.629866
0.618467
0.606316
0.594387
0.583741
0.575408
0.57025
0.568718
0.57068
0.575484
0.582006
0.588947
0.59515
0.59983
0.602725
0.60404
0.604335
0.604407
0.605105
0.607146
0.610935
0.616434
0.623236
0.63068
0.638027
0.644627
0.649987
0.653718
0.655499
0.655065
0.652136
0.64665
0.638718
0.628841
0.61785
0.606895
0.59735
0.590434
0.587062
0.58751
0.591332
0.597467
0.604591
0.611374
0.616775
0.620124
0.621197
0.620154
0.617396
0.613499
0.609067
0.604697
0.60084
0.597907
0.596243
0.59617
0.597856
0.601365
0.606475
0.612779
0.619597
0.626173
0.631659
0.635326
0.636713
0.635711
0.632575
0.627762
0.621833
0.615536
0.609701
0.605181
0.602691
0.602734
0.605375
0.610327
0.616922
0.624335
0.631707
0.63831
0.643571
0.647153
0.648993
0.64923
0.648158
0.64614
0.643342
0.639675
0.634988
0.629163
0.622242
0.614529
0.606601
0.599195
0.592918
0.588118
0.584823
0.582745
0.581432
0.580508
0.579755
0.579212
0.579069
0.579729
0.581597
0.584994
0.590054
0.59663
0.604304
0.612504
0.620576
0.627871
0.633789
0.637864
0.639769
0.639324
0.636583
0.631784
0.625321
0.617783
0.6099
0.602441
0.596107
0.591376
0.588539
0.587777
0.589139
0.592565
0.597939
0.604994
0.613314
0.622227
0.630912
0.638488
0.644119
0.647217
0.647481
0.645049
0.640332
0.63385
0.626238
0.618084
0.609933
0.602269
0.595558
0.590271
0.586775
0.585202
0.58543
0.586934
0.588934
0.590554
0.590939
0.589491
0.586053
0.581057
0.575502
0.570819
0.568581
0.570115
0.576249
0.587111
0.602039
0.619712
0.638352
0.656012
0.670875
0.681498
0.687092
0.687608
0.683656
0.676419
0.667303
0.657661
0.648577
0.640681
0.634235
0.629268
0.625711
0.623483
0.622452
0.622366
0.622761
0.622883
0.62192
0.619034
0.613637
0.605464
0.594707
0.581953
0.568249
0.554947
0.543409
0.534797
0.529915
0.52906
0.53221
0.539068
0.549174
0.561989
0.576963
0.593503
0.611013
0.628887
0.646402
0.662768
0.67703
0.688184
0.695341
0.697868
0.695457
0.688203
0.676498
0.661112
0.643041
0.623489
0.603887
0.585737
0.570554
0.559736
0.55435
0.554807
0.560791
0.571316
0.584931
0.600082
0.615299
0.629346
0.641182
0.650055
0.655468
0.657177
0.655294
0.65022
0.642587
0.633129
0.622606
0.611736
0.601275
0.592039
0.584744
0.579992
0.578101
0.579087
0.582692
0.588378
0.595575
0.603793
0.6127
0.622078
0.631758
0.641486
0.650825
0.659054
0.665312
0.668667
0.668365
0.663966
0.65547
0.64339
0.628737
0.612827
0.597125
0.582972
0.571393
0.563074
0.558376
0.557338
0.559795
0.565246
0.572981
0.582032
0.591401
0.600135
0.607432
0.612778
0.61576
0.616264
0.614379
0.610474
0.605206
0.599461
0.594203
0.59033
0.588625
0.589539
0.593046
0.598637
0.605498
0.612674
0.619335
0.624998
0.629535
0.633206
0.636331
0.639204
0.642004
0.644698
0.647256
0.649538
0.651468
0.652871
0.653499
0.65301
0.651003
0.647183
0.641439
0.633862
0.624806
0.614815
0.604562
0.594731
0.585921
0.578664
0.573425
0.570624
0.570519
0.573245
0.578723
0.586651
0.596397
0.607132
0.61779
0.627253
0.634499
0.638771
0.639689
0.637374
0.632402
0.625758
0.618523
0.611793
0.606426
0.602903
0.601276
0.601212
0.602079
0.603207
0.603983
0.604144
0.603719
0.603118
0.602973
0.60397
0.606657
0.611423
0.618412
0.627453
0.637968
0.648995
0.659234
0.66723
0.671668
0.671593
0.666434
0.656077
0.640946
0.621937
0.600345
0.577802
0.556153
0.53729
0.522935
0.514437
0.512614
0.517636
0.528943
0.545397
0.565461
0.587431
0.609623
0.630489
0.648728
0.663377
0.673792
0.679564
0.680626
0.677196
0.669859
0.659569
0.647458
0.634731
0.622634
0.612165
0.604078
0.598882
0.596726
0.597528
0.600904
0.6062
0.612548
0.618927
0.624325
0.627786
0.628584
0.626424
0.621415
0.614096
0.605396
0.596482
0.588606
0.582802
0.579751
0.579602
0.581906
0.585826
0.590401
0.594731
0.598211
0.600603
0.601989
0.602717
0.603154
0.603609
0.604388
0.605673
0.607649
0.610555
0.614629
0.620037
0.626735
0.634352
0.64225
0.649626
0.655766
0.660073
0.662206
0.662095
0.659843
0.655623
0.649639
0.642036
0.632967
0.622689
0.611508
0.599985
0.588895
0.579071
0.571426
0.566622
0.565151
0.567287
0.572932
0.581746
0.593069
0.605861
0.618825
0.630433
0.639235
0.644121
0.644442
0.6401
0.631721
0.620398
0.607671
0.595282
0.584884
0.577805
0.57481
0.575966
0.58074
0.588114
0.596907
0.605926
0.614235
0.621193
0.626519
0.630266
0.632652
0.633922
0.634458
0.634701
0.635146
0.636244
0.638343
0.641543
0.645588
0.649934
0.653854
0.656575
0.65747
0.656221
0.652872
0.64779
0.641597
0.634937
0.628424
0.62247
0.617287
0.612952
0.609404
0.606461
0.603846
0.601255
0.598322
0.594788
0.590495
0.585346
0.579494
0.573321
0.567487
0.562871
0.560434
0.561029
0.565166
0.572851
0.58347
0.595758
0.608024
0.618437
0.625499
0.628241
0.626498
0.620824
0.612311
0.602446
0.592732
0.584618
0.579297
0.577633
0.579987
0.586224
0.595709
0.607472
0.62031
0.633045
0.644602
0.654136
0.661091
0.665184
0.66649
0.665244
0.661915
0.657056
0.651211
0.64489
0.638544
0.632579
0.627289
0.622949
0.619827
0.61808
0.617811
0.619033
0.621586
0.625231
0.629562
0.634001
0.637811
0.640327
0.64101
0.639585
0.636103
0.630961
0.624828
0.618446
0.612584
0.60785
0.604546
0.602749
0.602328
0.603099
0.604821
0.60722
0.609889
0.61241
0.614356
0.615263
0.614715
0.612375
0.608078
0.6018
0.593755
0.584354
0.574283
0.564332
0.555408
0.548326
0.543715
0.541947
0.543135
0.547158
0.553712
0.562366
0.572572
0.583693
0.595053
0.605976
0.615902
0.624378
0.631135
0.636162
0.639717
0.642287
0.644452
0.646659
0.649138
0.651838
0.654366
0.65619
0.656825
0.656012
0.653763
0.650368
0.646326
0.642194
0.638346
0.635002
0.632174
0.629707
0.627319
0.624655
0.621392
0.617223
0.611974
0.605631
0.598485
0.591032
0.583972
0.578088
0.574003
0.572061
0.572293
0.574468
0.578217
0.583142
0.588845
0.595086
0.60166
0.608425
0.615317
0.622261
0.629185
0.635927
0.642206
0.647615
0.651662
0.653815
0.653597
0.650663
0.644836
0.636212
0.625177
0.612485
0.599151
0.586392
0.57531
0.566632
0.560655
0.557314
0.556436
0.557883
0.561663
0.567984
0.577077
0.589033
0.603633
0.620213
0.637622
0.654346
0.668763
0.679408
0.685124
0.68529
0.679908
0.669614
0.655473
0.638917
0.621536
0.604886
0.590506
0.579806
0.573897
0.57341
0.578314
0.587834
0.600571
0.614706
0.628323
0.639763
0.647818
0.651861
0.651724
0.64777
0.640663
0.631298
0.620693
0.609825
0.599573
0.59075
0.584049
0.579949
0.578713
0.580397
0.584772
0.591429
0.599731
0.608884
0.618063
0.626537
0.633739
0.639252
0.642792
0.644162
0.643233
0.639919
0.634228
0.626376
0.616727
0.605835
0.594429
0.583394
0.573783
0.566725
0.56319
0.563577
0.567449
0.573588
0.580587
0.587316
0.593286
0.598674
0.604053
0.609972
0.616716
0.624166
0.631915
0.639365
0.645983
0.651394
0.655468
0.658213
0.659731
0.660184
0.659684
0.65825
0.655855
0.652455
0.648163
0.643169
0.637757
0.632144
0.626484
0.620829
0.615192
0.60965
0.604431
0.599876
0.59639
0.594337
0.593853
0.594754
0.59659
0.598797
0.600902
0.602641
0.603944
0.604865
0.605556
0.606153
0.606787
0.607548
0.608478
0.609624
0.610972
0.612582
0.614517
0.616862
0.619686
0.622985
0.626535
0.629954
0.632635
0.63398
0.633507
0.631029
0.62669
0.620912
0.614344
0.607769
0.602004
0.597746
0.595428
0.595198
0.596967
0.600454
0.605259
0.610899
0.61671
0.621944
0.625752
0.627401
0.626331
0.622325
0.615582
0.606736
0.596846
0.587209
0.579158
0.573928
0.572365
0.574818
0.581056
0.590363
0.601805
0.614377
0.627054
0.639058
0.649869
0.65908
0.66637
0.671453
0.674016
0.673847
0.670995
0.665776
0.658698
0.650386
0.641486
0.632462
0.623646
0.61519
0.607143
0.599543
0.592493
0.586175
0.580816
0.576568
0.573477
0.571417
0.570133
0.569288
0.568645
0.568213
0.568211
0.569107
0.571431
0.575579
0.581754
0.589953
0.599877
0.611036
0.622724
0.634017
0.643932
0.651606
0.656543
0.658701
0.658458
0.656458
0.653389
0.649759
0.645684
0.640884
0.634887
0.627305
0.618033
0.607471
0.596441
0.586106
0.577695
0.572217
0.570307
0.572122
0.57736
0.585264
0.594752
0.604613
0.613764
0.621393
0.627036
0.630663
0.632571
0.633291
0.633328
0.633131
0.632985
0.633015
0.633342
0.634062
0.635319
0.637231
0.639835
0.643064
0.646733
0.650487
0.653847
0.656274
0.65717
0.656045
0.652584
0.646628
0.638205
0.627594
0.615364
0.602442
0.589934
0.578991
0.570588
0.565407
0.563668
0.565147
0.569307
0.575319
0.582303
0.589391
0.59588
0.601322
0.605499
0.608379
0.609903
0.610035
0.608945
0.606969
0.604685
0.602745
0.601609
0.601433
0.602038
0.60316
0.604563
0.606128
0.607929
0.610104
0.612743
0.615724
0.618695
0.621204
0.622759
0.622931
0.621525
0.618633
0.614623
0.609971
0.605255
0.601004
0.597665
0.595609
0.595155
0.596504
0.599834
0.60523
0.61261
0.621764
0.632302
0.643608
0.654834
0.665031
0.673232
0.678529
0.680241
0.678033
0.672019
0.662801
0.651289
0.638743
0.626444
0.615565
0.606942
0.601108
0.598168
0.597942
0.600013
0.603784
0.608508
0.613412
0.617817
0.621246
0.623371
0.624101
0.623402
0.621313
0.617894
0.613184
0.607282
0.600268
0.592322
0.583675
0.574709
0.56606
0.558542
0.553126
0.550786
0.552192
0.557535
0.566421
0.577908
0.590662
0.603175
0.613994
0.622012
0.626518
0.627376
0.624999
0.620299
0.61456
0.609178
0.605418
0.604043
0.605261
0.608782
0.614008
0.620247
0.62693
0.633619
0.639969
0.645697
0.650536
0.654244
0.656666
0.657755
0.657524
0.656021
0.65335
0.649579
0.644726
0.638889
0.632165
0.624885
0.617522
0.610653
0.604836
0.600499
0.597858
0.596911
0.59759
0.599811
0.603409
0.608163
0.613664
0.619335
0.62432
0.627652
0.628444
0.626103
0.620556
0.612323
0.602502
0.592424
0.583283
0.575941
0.57075
0.567677
0.566445
0.566629
0.567909
0.569973
0.572552
0.575501
0.578936
0.583144
0.588547
0.595515
0.604162
0.614355
0.625659
0.63745
0.64899
0.659463
0.668021
0.673957
0.676766
0.676053
0.671693
0.663826
0.652906
0.639637
0.624897
0.609747
0.595268
0.582487
0.572374
0.565666
0.562838
0.564057
0.569177
0.577746
0.588964
0.601846
0.615304
0.628315
0.639949
0.649418
0.656092
0.659441
0.659063
0.65481
0.646861
0.635768
0.62251
0.608448
0.595183
0.584407
0.577549
0.575501
0.578587
0.586507
0.598313
0.612603
0.627666
0.641662
0.652954
0.660214
0.662638
0.659968
0.652542
0.641192
0.627084
0.611594
0.596212
0.582437
0.57162
0.564792
0.562532
0.564853
0.571273
0.580941
0.592812
0.605814
0.618918
0.631219
0.641924
0.650405
0.656149
0.658846
0.658356
0.65469
0.648086
0.639029
0.628198
0.616436
0.604705
0.593982
0.585166
0.578933
0.575733
0.575719
0.578729
0.584321
0.591844
0.600402
0.609008
0.616759
0.623023
0.627393
0.629769
0.630295
0.629218
0.626857
0.623581
0.619774
0.615835
0.612136
0.608972
0.606529
0.604836
0.603741
0.603075
0.60275
0.602782
0.603293
0.604437
0.606209
0.608475
0.611056
0.613863
0.61686
0.620086
0.623492
0.626963
0.630223
0.632898
0.634539
0.634716
0.633163
0.629842
0.624914
0.618816
0.612307
0.606312
0.601804
0.599503
0.599604
0.601537
0.604134
0.605954
0.605757
0.602828
0.597176
0.589499
0.580997
0.573031
0.566891
0.563676
0.564112
0.568394
0.576255
0.58695
0.599357
0.612047
0.623591
0.632652
0.638281
0.640051
0.638107
0.633183
0.626588
0.61987
0.614445
0.611339
0.610873
0.612562
0.615499
0.61849
0.620536
0.621003
0.619718
0.617059
0.61382
0.61105
0.609769
0.610635
0.613683
0.618226
0.622986
0.626508
0.627452
0.625188
0.619776
0.612093
0.603538
0.595771
0.590274
0.588047
0.589408
0.594021
0.601146
0.609949
0.619632
0.629602
0.639402
0.648556
0.65655
0.662833
0.666999
0.668785
0.668134
0.665186
0.660233
0.653654
0.645908
0.637389
0.628418
0.619414
0.61085
0.603215
0.597113
0.593149
0.591703
0.592924
0.596576
0.602022
0.608297
0.614203
0.61861
0.620727
0.620192
0.61712
0.612012
0.605576
0.598615
0.591931
0.586303
0.582524
0.581149
0.582296
0.585494
0.589795
0.594074
0.597347
0.599101
0.599402
0.598757
0.59801
0.598
0.599249
0.601861
0.605506
0.609582
0.613472
0.616661
0.618788
0.619688
0.61923
0.617438
0.614428
0.610493
0.606091
0.601702
0.597836
0.594987
0.593645
0.594162
0.596856
0.601824
0.608927
0.617768
0.627799
0.63826
0.64835
0.657292
0.664366
0.669074
0.671276
0.671113
0.669082
0.665913
0.662188
0.658193
0.653897
0.649091
0.643714
0.637958
0.632235
0.627013
0.622549
0.618773
0.61524
0.611358
0.606637
0.600813
0.594053
0.586878
0.580088
0.574547
0.571001
0.569852
0.571104
0.574285
0.578647
0.583278
0.587306
0.590039
0.591031
0.590112
0.587466
0.58343
0.578517
0.57332
0.56858
0.565088
0.563551
0.564497
0.568204
0.574628
0.583497
0.594346
0.606677
0.61999
0.633766
0.647415
0.660214
0.671459
0.680554
0.687185
0.691241
0.692814
0.692101
0.689251
0.684314
0.677375
0.66858
0.658136
0.646346
0.633613
0.620446
0.60742
0.595147
0.584381
0.575972
0.570746
0.569309
0.571857
0.578029
0.586884
0.597111
0.607313
0.616325
0.623372
0.628044
0.630264
0.630205
0.628181
0.6246
0.619888
0.614516
0.609114
0.60432
0.600681
0.598562
0.598056
0.599033
0.601093
0.603665
0.606061
0.607527
0.607442
0.605346
0.601058
0.594793
0.587038
0.578458
0.569912
0.56237
0.556799
0.55412
0.555141
0.560321
0.569682
0.582731
0.59851
0.615795
0.633259
0.649705
0.664067
0.675581
0.683712
0.688243
0.689169
0.686696
0.681119
0.672828
0.662305
0.650077
0.636788
0.623211
0.610187
0.598599
0.589212
0.582607
0.579062
0.578489
0.580549
0.584649
0.590148
0.59644
0.602935
0.6092
0.614877
0.619737
0.623672
0.6266
0.628494
0.629435
0.629493
0.62872
0.627148
0.624787
0.621611
0.617612
0.612903
0.607769
0.602706
0.598376
0.595467
0.594493
0.59575
0.599272
0.604724
0.611408
0.618445
0.624865
0.629804
0.63272
0.63349
0.632334
0.62961
0.625717
0.621014
0.615896
0.610754
0.606033
0.602237
0.599793
0.598974
0.599864
0.602407
0.606352
0.611435
0.617311
0.623671
0.630143
0.636188
0.641173
0.64431
0.644947
0.642721
0.637686
0.630284
0.621287
0.611612
0.602208
0.593964
0.587734
0.584334
0.584524
0.588755
0.596863
0.608028
0.620858
0.633696
0.64499
0.653591
0.658803
0.6604
0.658563
0.653716
0.64639
0.637105
0.626475
0.61516
0.603938
0.593561
0.584765
0.578182
0.5743
0.573416
0.575582
0.580613
0.58809
0.597303
0.60731
0.617105
0.625722
0.63239
0.636579
0.638174
0.637394
0.634712
0.630753
0.626208
0.621762
0.617979
0.615255
0.613823
0.613725
0.614818
0.616793
0.619191
0.62158
0.623631
0.625155
0.62609
0.626506
0.626429
0.625801
0.624561
0.622662
0.620139
0.617174
0.614102
0.611228
0.608711
0.606512
0.604403
0.602047
0.599217
0.595855
0.592182
0.588557
0.585455
0.583301
0.582299
0.582424
0.583487
0.585058
0.586732
0.588279
0.589635
0.590907
0.59237
0.59432
0.597021
0.600645
0.605204
0.610522
0.616262
0.621875
0.626733
0.630228
0.631893
0.631497
0.629099
0.625031
0.619868
0.614377
0.609479
0.606029
0.604752
0.606094
0.610119
0.616592
0.624971
0.634524
0.644315
0.653272
0.660393
0.664823
0.665981
0.66374
0.658302
0.650253
0.640563
0.630459
0.62132
0.614336
0.610243
0.609176
0.610628
0.613642
0.617145
0.620304
0.62263
0.623978
0.624469
0.624313
0.623722
0.622843
0.621765
0.620484
0.618983
0.617229
0.615155
0.61274
0.609924
0.606684
0.602942
0.598819
0.594518
0.590326
0.586609
0.58366
0.581647
0.58059
0.580311
0.580574
0.581204
0.582023
0.582904
0.583798
0.584653
0.585427
0.586121
0.586725
0.58722
0.587549
0.587605
0.587301
0.586632
0.585786
0.585122
0.584971
0.585674
0.587418
0.59023
0.593997
0.598636
0.604144
0.610728
0.618598
0.627861
0.638238
0.649092
0.659423
0.668082
0.67414
0.677117
0.677206
0.675055
0.671654
0.667975
0.664793
0.662454
0.66086
0.659466
0.657309
0.653375
0.646828
0.637282
0.624962
0.610588
0.595249
0.580197
0.566696
0.555782
0.548238
0.544513
0.544719
0.548859
0.556763
0.568096
0.582254
0.598313
0.614952
0.630525
0.643312
0.651835
0.655132
0.652908
0.64563
0.634476
0.62114
0.607566
0.595741
0.58724
0.582981
0.583074
0.586919
0.593454
0.601424
0.609651
0.617242
0.623595
0.628377
0.631515
0.633093
0.633423
0.632927
0.631961
0.630779
0.629492
0.627975
0.625887
0.62287
0.618616
0.612955
0.606011
0.598211
0.590168
0.582725
0.576778
0.57326
0.572877
0.576046
0.582786
0.59277
0.60528
0.619276
0.633609
0.646952
0.658233
0.666667
0.671812
0.6736
0.672338
0.668439
0.662469
0.654808
0.645677
0.635074
0.622896
0.609128
0.59385
0.577544
0.561104
0.545881
0.533617
0.526223
0.525356
0.531913
0.545694
0.565221
0.588111
0.61159
0.633056
0.650467
0.662512
0.668686
0.669117
0.664488
0.65599
0.645088
0.63344
0.622578
0.61387
0.608303
0.606387
0.608138
0.61313
0.620552
0.629338
0.638451
0.647041
0.654505
0.660489
0.664743
0.667134
0.667584
0.666136
0.662942
0.658216
0.652293
0.645408
0.637806
0.629687
0.621196
0.612564
0.60418
0.596551
0.590044
0.584774
0.580616
0.577189
0.574139
0.571229
0.568485
0.566232
0.565042
0.565471
0.568026
0.573058
0.58063
0.590436
0.601842
0.61392
0.625654
0.635991
0.644163
0.649717
0.652509
0.652691
0.650709
0.64715
0.642616
0.637578
0.632429
0.627336
0.622332
0.61736
0.612369
0.607414
0.602737
0.598595
0.595362
0.593401
0.592943
0.594126
0.596979
0.601377
0.607003
0.613401
0.620029
0.626301
0.631684
0.635795
0.638341
0.63933
0.638901
0.637269
0.634689
0.631379
0.627421
0.622938
0.618141
0.613348
0.60899
0.605574
0.603546
0.60313
0.604254
0.606501
0.609212
0.611612
0.612952
0.612747
0.610745
0.607022
0.601957
0.596087
0.59005
0.584263
0.578999
0.574361
0.570429
0.567275
0.56516
0.564476
0.565693
0.569174
0.575044
0.583177
0.593178
0.604463
0.616313
0.628011
0.638934
0.648529
0.656355
0.662113
0.665539
0.666486
0.664954
0.661132
0.655217
0.647592
0.638688
0.628891
0.618545
0.608049
0.597921
0.588839
0.581713
0.57755
0.577229
0.581232
0.58945
0.601124
0.614993
0.629696
0.643948
0.656694
0.667185
0.67486
0.679301
0.680237
0.677488
0.671056
0.661158
0.648297
0.633212
0.616772
0.599871
0.583452
0.568357
0.555258
0.544678
0.536885
0.531971
0.529895
0.530507
0.533524
0.538635
0.545517
0.553842
0.563272
0.573462
0.584008
0.594473
0.604398
0.613292
0.62063
0.625875
0.62858
0.628458
0.625409
0.619651
0.611652
0.60227
0.592651
0.584187
0.578362
0.5764
0.579125
0.586722
0.598651
0.613725
0.630258
0.646423
0.660573
0.67138
0.677989
0.68009
0.677893
0.6721
0.663782
0.654169
0.644395
0.635259
0.627164
0.620088
0.613742
0.607853
0.602351
0.597492
0.593733
0.591741
0.592208
0.59559
0.601877
0.61072
0.621392
0.632941
0.644264
0.65437
0.662363
0.667546
0.669425
0.667743
0.66238
0.65335
0.640825
0.625192
0.607201
0.587871
0.568604
0.5511
0.537106
0.528126
0.525099
0.528271
0.537279
0.55124
0.568837
0.58856
0.608739
0.627708
0.643921
0.656081
0.663233
0.664781
0.660519
0.650631
0.635719
0.616841
0.59557
0.573984
0.554501
0.53963
0.531503
0.531462
0.539754
0.555458
0.576681
0.601007
0.625806
0.648678
0.66765
0.681221
0.68843
0.688883
0.68275
0.670862
0.654669
0.636184
0.617699
0.601521
0.589546
0.583037
0.582458
0.587462
0.597032
0.609781
0.624115
0.638391
0.651111
0.661058
0.667357
0.669587
0.667756
0.662172
0.653537
0.642832
0.631162
0.619673
0.609434
0.601393
0.596229
0.594129
0.59479
0.597508
0.601191
0.604758
0.607377
0.608493
0.607898
0.605698
0.602279
0.598224
0.594183
0.590886
0.588926
0.588675
0.590306
0.59373
0.59866
0.604709
0.611339
0.617819
0.623335
0.627027
0.62826
0.626911
0.623424
0.618724
0.614014
0.610456
0.608892
0.609658
0.612577
0.616916
0.621648
0.625783
0.628429
0.628989
0.627362
0.623874
0.619195
0.614191
0.609739
0.60651
0.604838
0.604609
0.60542
0.60667
0.607766
0.608292
0.607985
0.606782
0.604757
0.602182
0.599594
0.597625
0.597038
0.598442
0.602052
0.607562
0.614295
0.621308
0.627712
0.632817
0.636213
0.637758
0.637505
0.635688
0.632693
0.628993
0.625168
0.621704
0.619028
0.617429
0.617093
0.617962
0.619743
0.621989
0.6242
0.625819
0.626432
0.625839
0.624053
0.621283
0.617902
0.614364
0.611072
0.608324
0.606268
0.604891
0.604066
0.603614
0.603357
0.603215
0.603237
0.603452
0.603778
0.604032
0.604041
0.603823
0.6036
0.603865
0.605163
0.607877
0.612148
0.617694
0.623923
0.630048
0.635193
0.638567
0.639549
0.637745
0.633149
0.625999
0.61695
0.606907
0.596985
0.5883
0.58187
0.578418
0.578243
0.581225
0.58688
0.594542
0.603499
0.613121
0.622841
0.632149
0.640465
0.647184
0.651741
0.653655
0.652767
0.649236
0.643519
0.636336
0.6285
0.620867
0.614253
0.609242
0.606213
0.605353
0.606655
0.60987
0.614595
0.62021
0.625913
0.630727
0.633622
0.63371
0.630437
0.623778
0.614316
0.603176
0.591605
0.58074
0.571433
0.564022
0.558438
0.554483
0.551961
0.550853
0.551381
0.553886
0.558647
0.565731
0.574903
0.58566
0.597361
0.609423
0.621381
0.632978
0.644097
0.654625
0.664377
0.673019
0.680032
0.684839
0.686774
0.685236
0.679909
0.670668
0.657863
0.642274
0.625203
0.60816
0.592682
0.579972
0.570713
0.564992
0.562538
0.562884
0.565571
0.570272
0.576756
0.584771
0.593922
0.6037
0.61345
0.622439
0.630035
0.635732
0.639322
0.640891
0.640748
0.639371
0.637337
0.635285
0.633919
0.63387
0.635643
0.639412
0.644851
0.651101
0.656835
0.660549
0.660745
0.656334
0.646707
0.632045
0.613176
0.59156
0.569062
0.547737
0.52954
0.516071
0.508378
0.506843
0.511172
0.520485
0.533573
0.549067
0.565649
0.582096
0.597345
0.610533
0.621057
0.628586
0.633144
0.635018
0.63488
0.633567
0.631935
0.630784
0.63061
0.631569
0.63364
0.636607
0.640167
0.644056
0.648127
0.65235
0.656723
0.661174
0.665495
0.66926
0.671758
0.67222
0.669925
0.66446
0.655732
0.644132
0.630463
0.615818
0.601301
0.587912
0.576475
0.567586
0.561713
0.559157
0.560035
0.564263
0.571378
0.580523
0.590623
0.600414
0.608731
0.614681
0.617759
0.617909
0.615423
0.610851
0.604834
0.59813
0.591491
0.585666
0.58141
0.57935
0.579934
0.583455
0.589953
0.599134
0.610409
0.622849
0.63529
0.64653
0.655525
0.66146
0.663746
0.662062
0.65627
0.646592
0.633788
0.619136
0.604314
0.591026
0.580644
0.573968
0.57129
0.572523
0.577315
0.58511
0.595134
0.606367
0.617728
0.628152
0.636843
0.643225
0.647143
0.648874
0.649036
0.648351
0.647448
0.646767
0.64649
0.64653
0.64653
0.64601
0.644417
0.641322
0.636538
0.630189
0.622816
0.615344
0.608893
0.604519
0.602932
0.604262
0.608027
0.613318
0.618952
0.623758
0.626755
0.627327
0.625232
0.620759
0.614595
0.607713
0.601187
0.59595
0.592679
0.591752
0.593262
0.597073
0.602778
0.609747
0.617222
0.624396
0.630466
0.634798
0.637037
0.637001
0.63467
0.630269
0.624188
0.617021
0.609397
0.601969
0.595288
0.589742
0.585533
0.582708
0.581222
0.580983
0.581886
0.583752
0.586348
0.589322
0.592389
0.595295
0.597853
0.599965
0.601543
0.602558
0.602966
0.602751
0.601948
0.600725
0.599416
0.598518
0.598548
0.599958
0.603046
0.607823
0.613969
0.620932
0.628106
0.634871
0.640836
0.645759
0.649657
0.652584
0.654507
0.655348
0.654892
0.652923
0.64929
0.643934
0.637049
0.628907
0.619891
0.610512
0.601324
0.592914
0.58589
0.580748
0.577846
0.577312
0.579154
0.583126
0.588854
0.595833
0.603564
0.611487
0.619097
0.626002
0.631915
0.636615
0.639944
0.64165
0.641469
0.639267
0.634959
0.628718
0.620968
0.612243
0.603117
0.594034
0.585245
0.576914
0.569208
0.562579
0.557799
0.555775
0.557326
0.56283
0.572046
0.584178
0.5981
0.612569
0.626485
0.638952
0.649312
0.657123
0.662159
0.664414
0.664143
0.661834
0.658087
0.653645
0.649179
0.645182
0.641943
0.639487
0.637487
0.635537
0.633273
0.630418
0.626937
0.622991
0.618842
0.614771
0.611025
0.607708
0.604741
0.60191
0.59893
0.595559
0.591539
0.586749
0.581261
0.575309
0.569467
0.564583
0.561694
0.561751
0.565397
0.572759
0.583367
0.596121
0.609626
0.622491
0.633483
0.641795
0.647019
0.649195
0.648667
0.645892
0.641241
0.634935
0.627018
0.617384
0.60606
0.593347
0.580052
0.567606
0.557984
0.553307
0.555057
0.563485
0.577424
0.594752
0.613059
0.630197
0.64454
0.655074
0.661267
0.663159
0.661196
0.65621
0.649343
0.641797
0.634624
0.628582
0.624093
0.621323
0.620271
0.620714
0.622229
0.624279
0.626245
0.627548
0.627658
0.626218
0.623184
0.618789
0.613464
0.607792
0.602413
0.597828
0.594334
0.591992
0.590769
0.590573
0.591378
0.593271
0.596322
0.600532
0.605847
0.612101
0.619088
0.626509
0.634081
0.641492
0.648265
0.653838
0.657606
0.65896
0.657492
0.653032
0.645773
0.636187
0.624994
0.6131
0.601497
0.591212
0.583229
0.578324
0.576945
0.579014
0.583984
0.590883
0.598498
0.605591
0.611119
0.614356
0.614961
0.612876
0.608317
0.60172
0.593733
0.585257
0.577429
0.571586
0.569102
0.570983
0.577608
0.588518
0.602383
0.617367
0.631548
0.643317
0.651624
0.656075
0.656775
0.654221
0.649145
0.642386
0.634699
0.626777
0.619182
0.612419
0.606845
0.602706
0.600072
0.59887
0.598927
0.600106
0.602307
0.605579
0.610067
0.615956
0.623336
0.632013
0.64142
0.65062
0.658359
0.663249
0.664053
0.659973
0.650803
0.637089
0.620106
0.601757
0.584209
0.569608
0.559662
0.555252
0.55619
0.561413
0.569358
0.578371
0.587185
0.594966
0.601356
0.606358
0.610268
0.61344
0.616351
0.619448
0.623035
0.627243
0.631866
0.63643
0.6403
0.642832
0.643552
0.642241
0.639091
0.63449
0.629057
0.623515
0.61859
0.614837
0.61246
0.611205
0.610405
0.609252
0.607081
0.60357
0.598868
0.59356
0.588525
0.584752
0.583156
0.58433
0.588433
0.595104
0.603551
0.612669
0.621272
0.628254
0.632841
0.634659
0.633813
0.630765
0.626258
0.621199
0.616461
0.61278
0.610617
0.610039
0.61083
0.612571
0.614802
0.617143
0.619448
0.621785
0.624325
0.627185
0.630338
0.633584
0.636668
0.639398
0.641591
0.643086
0.643747
0.643468
0.642196
0.639925
0.636741
0.632756
0.628099
0.622898
0.617279
0.61132
0.605128
0.598826
0.592531
0.586354
0.580394
0.574634
0.569179
0.564175
0.560014
0.557306
0.556731
0.559016
0.564673
0.573665
0.585333
0.598509
0.611771
0.623831
0.633809
0.641333
0.646478
0.64956
0.651042
0.651383
0.650966
0.649929
0.648357
0.646208
0.643437
0.639951
0.635695
0.630705
0.625184
0.619528
0.614199
0.609684
0.606285
0.60398
0.602457
0.601305
0.600195
0.598996
0.597766
0.596731
0.596191
0.596321
0.59719
0.598743
0.600794
0.603131
0.605635
0.608235
0.610974
0.613978
0.617341
0.621049
0.625017
0.628983
0.632574
0.635442
0.637205
0.637607
0.636523
0.633962
0.630124
0.625424
0.620323
0.615426
0.611274
0.608268
0.606661
0.606353
0.606883
0.607474
0.607186
0.605162
0.600972
0.594866
0.587796
0.581292
0.576961
0.575927
0.578328
0.583408
0.5898
0.596001
0.600843
0.603557
0.603838
0.601856
0.598061
0.593185
0.588067
0.58358
0.580512
0.579455
0.580697
0.584213
0.589645
0.596382
0.603744
0.611079
0.61788
0.623904
0.629085
0.633477
0.637146
0.640118
0.642365
0.643893
0.644807
0.64532
0.645753
0.646298
0.64696
0.647511
0.647478
0.646297
0.643452
0.63871
0.632162
0.624203
0.615471
0.606785
0.598931
0.592534
0.588007
0.585493
0.584954
0.586355
0.589686
0.594871
0.601652
0.609525
0.617719
0.625352
0.63157
0.635681
0.637439
0.63696
0.634653
0.631104
0.626837
0.622289
0.617705
0.613261
0.609265
0.606085
0.604249
0.60427
0.606521
0.611035
0.617353
0.624588
0.631518
0.636756
0.639038
0.637531
0.631964
0.622605
0.61025
0.596182
0.581859
0.568846
0.558535
0.551978
0.54973
0.551824
0.557834
0.566916
0.578011
0.590056
0.602039
0.6131
0.622609
0.630216
0.635828
0.639686
0.642231
0.643938
0.645165
0.646092
0.646726
0.646948
0.646695
0.646023
0.645189
0.644564
0.644601
0.645635
0.647808
0.650949
0.654565
0.657949
0.660372
0.661169
0.659887
0.656369
0.650744
0.64344
0.635122
0.626558
0.618479
0.611427
0.605675
0.601166
0.597643
0.594739
0.592044
0.589245
0.586083
0.582465
0.578384
0.574037
0.569788
0.566083
0.563299
0.561582
0.560872
0.561001
0.561831
0.56334
0.565725
0.569317
0.574538
0.581719
0.590929
0.601925
0.614123
0.626771
0.639082
0.650379
0.660226
0.668367
0.6747
0.679309
0.68221
0.683364
0.682625
0.679782
0.67464
0.667145
0.657518
0.646306
0.634313
0.622399
0.611273
0.60137
0.592698
0.585104
0.578453
0.572908
0.569011
0.567544
0.569138
0.573917
0.58146
0.590955
0.601366
0.611513
0.620267
0.626636
0.629894
0.629802
0.626623
0.621035
0.614087
0.606956
0.600913
0.597197
0.596744
0.5999
0.606465
0.615585
0.625908
0.635755
0.643532
0.647975
0.648497
0.645221
0.638925
0.630923
0.622807
0.616051
0.61168
0.609991
0.610443
0.612057
0.613701
0.614515
0.614176
0.612853
0.611119
0.6097
0.609182
0.60991
0.611811
0.6145
0.61737
0.619767
0.621078
0.620785
0.618682
0.614827
0.609526
0.603312
0.596726
0.590246
0.584288
0.579204
0.575399
0.573394
0.573778
0.57698
0.582983
0.591172
0.600399
0.609353
0.616794
0.621874
0.624292
0.624338
0.62265
0.620028
0.617197
0.614625
0.612524
0.610894
0.609615
0.608693
0.60829
0.608699
0.610306
0.613361
0.617995
0.624144
0.631553
0.63972
0.648005
0.655792
0.662626
0.66824
0.672529
0.675458
0.67699
0.676837
0.674497
0.669416
0.661154
0.649646
0.635224
0.618617
0.600884
0.583214
0.566876
0.553138
0.543164
0.537818
0.537494
0.542039
0.550825
0.562919
0.577268
0.592864
0.608767
0.624085
0.638077
0.650022
0.659272
0.665269
0.667573
0.665956
0.660512
0.651754
0.640548
0.627892
0.614848
0.602311
0.591002
0.581443
0.574042
0.569047
0.566618
0.566747
0.569204
0.573504
0.579076
0.585286
0.59149
0.59719
0.602083
0.606087
0.609301
0.611994
0.614341
0.616294
0.617551
0.617572
0.615893
0.612364
0.607405
0.602005
0.597505
0.595314
0.596365
0.601094
0.609314
0.620286
0.632897
0.645749
0.657521
0.667198
0.674128
0.67807
0.679082
0.677477
0.673586
0.667775
0.660352
0.651644
0.642014
0.631913
0.62184
0.61234
0.603914
0.596936
0.591555
0.587696
0.585043
0.583094
0.581311
0.579209
0.576608
0.573665
0.570888
0.569015
0.568826
0.570872
0.575439
0.5825
0.591625
0.602146
0.61313
0.62365
0.632838
0.639965
0.644515
0.646235
0.645115
0.641418
0.635648
0.628517
0.620848
0.61342
0.606863
0.601633
0.598008
0.595994
0.595394
0.595858
0.596976
0.598439
0.599968
0.601437
0.602803
0.604117
0.605506
0.60713
0.609204
0.611859
0.615137
0.619043
0.62345
0.628135
0.632848
0.637419
0.641715
0.64564
0.649113
0.652002
0.654128
0.655352
0.655562
0.654856
0.653564
0.652168
0.65113
0.650678
0.650612
0.650328
0.648983
0.645689
0.63978
0.631026
0.619698
0.606461
0.59225
0.57815
0.565193
0.554265
0.546074
0.54095
0.539007
0.540153
0.544117
0.550586
0.559178
0.56944
0.580813
0.59266
0.604191
0.614619
0.623187
0.629318
0.632748
0.633527
0.632017
0.628805
0.624607
0.620184
0.616305
0.613593
0.612488
0.613153
0.615443
0.619058
0.623566
0.628395
0.633009
0.636836
0.63944
0.640453
0.639573
0.636567
0.631358
0.62407
0.615157
0.605489
0.596439
0.589492
0.585778
0.585771
0.589195
0.595306
0.603252
0.612165
0.621216
0.629625
0.636727
0.642083
0.645571
0.647419
0.648045
0.647885
0.647234
0.646153
0.644548
0.642274
0.639279
0.635748
0.632079
0.62875
0.626166
0.624487
0.623635
0.623252
0.622797
0.621662
0.619128
0.614677
0.608097
0.599486
0.589369
0.57867
0.568541
0.560201
0.554707
0.552768
0.554566
0.559845
0.567906
0.577777
0.588459
0.59903
0.608751
0.617117
0.623757
0.628486
0.631163
0.631731
0.630291
0.627023
0.622273
0.616505
0.610255
0.60405
0.598475
0.59406
0.591295
0.590598
0.592275
0.596404
0.602838
0.611214
0.620893
0.63111
0.641017
0.649809
0.65678
0.661463
0.663582
0.663046
0.659911
0.654202
0.645917
0.635061
0.62174
0.606309
0.589656
0.573534
0.560536
0.553793
0.555828
0.567335
0.586697
0.610647
0.635599
0.658583
0.677562
0.691197
0.698809
0.700178
0.695393
0.684959
0.669762
0.650964
0.629938
0.608236
0.587303
0.56849
0.552955
0.541448
0.534183
0.530831
0.530675
0.532738
0.536113
0.540116
0.544403
0.54884
0.553448
0.558403
0.563983
0.570546
0.578477
0.588123
0.599714
0.613213
0.628316
0.644415
0.660711
0.676201
0.689915
0.701001
0.708755
0.712718
0.712599
0.708265
0.699709
0.687098
0.67079
0.651372
0.629797
0.607293
0.585497
0.566187
0.551138
0.541879
0.539331
0.543718
0.554445
0.570115
0.588745
0.608079
0.625866
0.640142
0.64941
0.652821
0.650151
0.641847
0.628981
0.612997
0.595626
0.578587
0.563483
0.551574
0.543774
0.540645
0.542331
0.548581
0.558775
0.571948
0.586869
0.602241
0.616757
0.629308
0.639119
0.645749
0.649082
0.64936
0.647109
0.643094
0.638204
0.63334
0.629178
0.626124
0.624298
0.623624
0.623861
0.624663
0.625756
0.626877
0.627847
0.628471
0.628524
0.627729
0.625834
0.622657
0.61819
0.612664
0.606622
0.600811
0.596003
0.592717
0.591178
0.591208
0.592439
0.594495
0.597148
0.600304
0.604014
0.608391
0.613511
0.619412
0.625983
0.63298
0.640027
0.646667
0.652383
0.656688
0.659115
0.659297
0.656996
0.652108
0.644785
0.635432
0.624653
0.613192
0.601858
0.591376
0.58232
0.575037
0.569602
0.565907
0.563686
0.562672
0.562649
0.563423
0.564842
0.56675
0.568985
0.571369
0.573758
0.57613
0.578559
0.581241
0.584459
0.588463
0.593487
0.599612
0.606723
0.614463
0.622342
0.629801
0.636252
0.641228
0.644314
0.645177
0.643601
0.639534
0.63312
0.624776
0.61519
0.605278
0.596105
0.588783
0.584307
0.583443
0.586645
0.593902
0.60479
0.618527
0.634092
0.650231
0.665574
0.678716
0.688355
0.69338
0.693086
0.687299
0.6764
0.661296
0.643429
0.624651
0.606956
0.592142
0.581506
0.57557
0.573973
0.575675
0.579295
0.583489
0.587141
0.58963
0.590823
0.591058
0.590938
0.591136
0.592229
0.594561
0.598036
0.60216
0.606277
0.609729
0.611973
0.612825
0.612543
0.611622
0.610701
0.61034
0.610839
0.612169
0.613988
0.61576
0.616826
0.616591
0.614712
0.611155
0.606269
0.600704
0.595272
0.590888
0.588235
0.587664
0.58911
0.592136
0.595934
0.599707
0.602776
0.604809
0.605773
0.605941
0.605682
0.605319
0.605128
0.605215
0.605558
0.606106
0.606866
0.607873
0.609267
0.611276
0.614066
0.617809
0.622582
0.628399
0.635261
0.643085
0.651728
0.660848
0.669907
0.678136
0.684629
0.688464
0.688971
0.685768
0.678922
0.668977
0.656768
0.643178
0.629128
0.615354
0.602378
0.590608
0.580481
0.572535
0.567551
0.566348
0.56921
0.575707
0.58463
0.594349
0.603393
0.610722
0.615731
0.618122
0.617947
0.615332
0.610555
0.604009
0.59609
0.587323
0.578337
0.56993
0.563033
0.558543
0.557154
0.559119
0.564302
0.572275
0.58258
0.594734
0.608134
0.622048
0.635571
0.647586
0.656964
0.662759
0.664321
0.661385
0.654172
0.643415
0.630292
0.616243
0.60279
0.591414
0.583284
0.579199
0.579472
0.583915
0.591804
0.602
0.613144
0.62391
0.63324
0.640502
0.645592
0.64882
0.650695
0.651729
0.652336
0.652652
0.652579
0.651766
0.649737
0.646005
0.640205
0.63222
0.622144
0.610311
0.597354
0.584114
0.571601
0.560985
0.553432
0.549815
0.550493
0.555254
0.563392
0.573874
0.585652
0.59774
0.609277
0.619509
0.627789
0.633757
0.637336
0.638758
0.638424
0.636816
0.634379
0.631503
0.628469
0.625417
0.622447
0.619581
0.616812
0.614146
0.61143
0.608525
0.605289
0.60165
0.597671
0.593683
0.590213
0.587895
0.587327
0.58883
0.592289
0.59723
0.603
0.609076
0.615195
0.621396
0.627874
0.634782
0.641964
0.648993
0.655224
0.659998
0.662854
0.663625
0.662484
0.65979
0.656015
0.65156
0.646653
0.641255
0.63529
0.62874
0.62169
0.614389
0.607268
0.600855
0.595661
0.592125
0.59041
0.590479
0.592005
0.594445
0.597123
0.599395
0.60076
0.600928
0.599883
0.597877
0.595367
0.592949
0.591213
0.590663
0.591633
0.594219
0.598257
0.603317
0.608805
0.614081
0.618572
0.621843
0.6237
0.624072
0.623017
0.620667
0.617141
0.612634
0.607527
0.602419
0.598094
0.595348
0.594758
0.596565
0.600486
0.605794
0.611618
0.617196
0.621994
0.625826
0.628703
0.630714
0.631825
0.631932
0.63093
0.628742
0.625453
0.621233
0.616382
0.611309
0.60646
0.602301
0.599239
0.597509
0.597164
0.59799
0.599632
0.601676
0.603761
0.605606
0.607129
0.608382
0.609605
0.611129
0.613231
0.616035
0.619356
0.622886
0.626192
0.628963
0.631078
0.632551
0.633442
0.633735
0.633321
0.631961
0.629373
0.625381
0.619951
0.613248
0.605547
0.597286
0.588885
0.580807
0.573453
0.567119
0.562031
0.558325
0.556083
0.555375
0.556297
0.559001
0.563787
0.570993
0.580943
0.593768
0.609151
0.626188
0.643499
0.659488
0.672592
0.681605
0.685815
0.685253
0.680546
0.67276
0.663246
0.653323
0.644178
0.636722
0.631476
0.628592
0.627814
0.62852
0.629861
0.63101
0.631231
0.630163
0.627724
0.624026
0.619354
0.614072
0.608627
0.603538
0.599303
0.596331
0.594747
0.594367
0.59462
0.594739
0.593996
0.59188
0.588423
0.584144
0.580014
0.577195
0.57662
0.578784
0.583679
0.590777
0.599199
0.607833
0.615457
0.621011
0.623646
0.62291
0.618827
0.611876
0.602894
0.593064
0.583801
0.576632
0.572998
0.574019
0.580249
0.59147
0.606705
0.624323
0.642386
0.658956
0.672357
0.681463
0.685853
0.685564
0.681142
0.673446
0.663515
0.652483
0.641449
0.63138
0.622959
0.616403
0.611489
0.607614
0.604044
0.600322
0.596384
0.592543
0.589376
0.587487
0.587208
0.588508
0.591062
0.594274
0.597506
0.600172
0.601814
0.602235
0.60148
0.599783
0.597543
0.59529
0.593518
0.592553
0.592548
0.593392
0.594708
0.596048
0.596973
0.597146
0.596464
0.594988
0.593078
0.591221
0.589934
0.589644
0.59068
0.593237
0.597476
0.603478
0.611355
0.621164
0.632629
0.644982
0.657031
0.667272
0.674162
0.676552
0.673846
0.666071
0.65376
0.637957
0.620039
0.601623
0.584455
0.570217
0.560309
0.555656
0.556611
0.562919
0.573692
0.587576
0.602983
0.618257
0.63189
0.642673
0.649861
0.653194
0.652882
0.649498
0.643826
0.636729
0.62898
0.621221
0.613904
0.60739
0.602045
0.598162
0.595926
0.595282
0.59592
0.597322
0.598863
0.599946
0.600148
0.599197
0.597049
0.593809
0.589774
0.585403
0.581326
0.578235
0.576796
0.577507
0.580647
0.586331
0.594406
0.604605
0.616553
0.629726
0.643445
0.65688
0.669111
0.679193
0.686328
0.690006
0.690114
0.687036
0.681509
0.674477
0.666823
0.659196
0.651766
0.644386
0.636739
0.628431
0.619155
0.608802
0.597493
0.585665
0.573958
0.563286
0.554689
0.549171
0.547493
0.550037
0.556559
0.566281
0.577997
0.590259
0.601688
0.611002
0.617216
0.619741
0.618414
0.613545
0.605835
0.596354
0.586443
0.577542
0.57104
0.568066
0.569115
0.57406
0.582126
0.592057
0.602516
0.612358
0.62077
0.627378
0.632169
0.635338
0.637175
0.638048
0.63834
0.638457
0.638882
0.639964
0.641856
0.644443
0.647154
0.649051
0.649078
0.646194
0.639757
0.629718
0.61663
0.601686
0.586582
0.573354
0.563972
0.560037
0.562371
0.570922
0.584763
0.602407
0.622139
0.642258
0.661289
0.67802
0.691507
0.700937
0.705762
0.705602
0.700339
0.69016
0.675546
0.657365
0.636754
0.615104
0.593996
0.575105
0.56011
0.550347
0.546551
0.548637
0.555778
0.566683
0.579884
0.593981
0.607797
0.620415
0.631121
0.639399
0.64489
0.647397
0.64684
0.643195
0.636466
0.62673
0.614162
0.599124
0.582413
0.565238
0.549221
0.536221
0.528026
0.525992
0.530844
0.542452
0.559853
0.581311
0.604572
0.627205
0.647063
0.662521
0.672741
0.67762
0.677613
0.673609
0.66674
0.658198
0.64901
0.640007
0.6317
0.62445
0.618469
0.613863
0.610727
0.609167
0.609259
0.611022
0.614411
0.61934
0.625611
0.632868
0.640552
0.647902
0.653975
0.657801
0.658575
0.655867
0.649785
0.6409
0.630173
0.61872
0.60743
0.596821
0.587098
0.578332
0.570562
0.563991
0.558832
0.555326
0.55362
0.553785
0.555858
0.559839
0.565738
0.573567
0.583214
0.594436
0.606803
0.619605
0.63203
0.643219
0.652342
0.658704
0.661834
0.661504
0.657816
0.651048
0.641737
0.630635
0.618671
0.606901
0.596372
0.587922
0.582163
0.579422
0.579679
0.582621
0.587752
0.594424
0.602008
0.60991
0.617655
0.6249
0.631484
0.63737
0.642502
0.646764
0.649853
0.651264
0.65044
0.646845
0.640277
0.63104
0.620079
0.608892
0.599255
0.592779
0.590606
0.593063
0.599659
0.609161
0.619919
0.630165
0.63837
0.643389
0.644642
0.642123
0.636358
0.628164
0.618575
0.608442
0.598321
0.588429
0.578892
0.569995
0.562346
0.556892
0.554686
0.556361
0.561862
0.570307
0.580285
0.590412
0.599637
0.607398
0.613474
0.618005
0.621297
0.623715
0.62561
0.627272
0.628976
0.63098
0.633685
0.637444
0.64245
0.648505
0.654846
0.66031
0.66345
0.662889
0.657647
0.647504
0.633213
0.61655
0.600119
0.586788
0.579147
0.578753
0.585981
0.600064
0.619207
0.640888
0.662209
0.680331
0.692815
0.697889
0.694703
0.683339
0.664843
0.641163
0.614874
0.588933
0.566264
0.549296
0.539578
0.537561
0.542592
0.553141
0.567116
0.582278
0.596542
0.608239
0.616337
0.620481
0.620916
0.618373
0.613809
0.608204
0.602415
0.59705
0.592446
0.588787
0.586154
0.58463
0.584426
0.585786
0.588888
0.593749
0.600062
0.607244
0.614623
0.621679
0.62818
0.634262
0.640228
0.646364
0.652699
0.658889
0.664387
0.66867
0.671397
0.672532
0.672293
0.671021
0.668906
0.666006
0.662149
0.656948
0.650052
0.641178
0.630272
0.617608
0.603781
0.589574
0.575934
0.563838
0.554121
0.547359
0.543818
0.543352
0.54547
0.549444
0.554392
0.559448
0.563888
0.567186
0.569157
0.569993
0.570172
0.570355
0.571106
0.57285
0.575812
0.580046
0.585481
0.591968
0.599177
0.606538
0.613245
0.618594
0.622169
0.624036
0.624728
0.625088
0.625967
0.627985
0.6313
0.635608
0.640221
0.644186
0.646691
0.647417
0.646682
0.645427
0.644953
0.646433
0.650381
0.656406
0.663302
0.66937
0.672924
0.672641
0.667849
0.658654
0.645774
0.630412
0.614097
0.598491
0.585267
0.575966
0.571728
0.573049
0.579674
0.590551
0.603948
0.617811
0.630093
0.639096
0.643731
0.643567
0.638936
0.630734
0.620358
0.609309
0.598957
0.590246
0.58359
0.578952
0.575963
0.574128
0.573016
0.572412
0.572363
0.573084
0.574989
0.578547
0.584089
0.591644
0.60081
0.610803
0.620565
0.628993
0.635173
0.638427
0.638419
0.635203
0.629238
0.621293
0.612362
0.60355
0.595913
0.590371
0.587552
0.587738
0.590893
0.596661
0.604377
0.613232
0.62237
0.631031
0.638563
0.644575
0.6489
0.651532
0.652493
0.651807
0.649404
0.645164
0.638913
0.630656
0.620603
0.609249
0.597422
0.586177
0.576689
0.569997
0.566869
0.567651
0.572289
0.580351
0.591123
0.603685
0.616982
0.629846
0.641252
0.650357
0.656594
0.659707
0.659746
0.656984
0.651866
0.644913
0.636701
0.627676
0.618167
0.608376
0.598316
0.588122
0.578231
0.56944
0.562778
0.559352
0.560051
0.565326
0.575063
0.588564
0.604634
0.621767
0.638367
0.652866
0.66398
0.670795
0.672842
0.67009
0.662848
0.651853
0.638146
0.623025
0.607906
0.594251
0.583366
0.576208
0.573247
0.574417
0.579139
0.586497
0.595421
0.604862
0.613808
0.621399
0.626911
0.629816
0.629764
0.62669
0.620689
0.61214
0.601737
0.590458
0.579579
0.570523
0.5647
0.563246
0.566742
0.574995
0.587006
0.601271
0.616041
0.629726
0.641126
0.649586
0.655001
0.657675
0.658188
0.657189
0.655254
0.65284
0.650232
0.647712
0.645436
0.643493
0.641833
0.640299
0.638644
0.636621
0.63404
0.630778
0.626766
0.621909
0.616145
0.609401
0.601663
0.593138
0.584241
0.575517
0.567645
0.561266
0.556769
0.554345
0.553946
0.555309
0.558067
0.561689
0.565644
0.569475
0.572859
0.575683
0.577999
0.58008
0.582396
0.585702
0.590972
0.599122
0.610612
0.625207
0.641851
0.658934
0.674568
0.687099
0.69547
0.699246
0.698577
0.694065
0.686588
0.677082
0.666515
0.655827
0.645766
0.636882
0.629495
0.623716
0.619478
0.616515
0.614406
0.612605
0.610484
0.607461
0.603153
0.597518
0.590945
0.584341
0.578964
0.576133
0.576789
0.580992
0.587823
0.595686
0.60287
0.608098
0.610796
0.611012
0.609348
0.606651
0.603811
0.601474
0.599891
0.598972
0.598318
0.597472
0.596011
0.593612
0.590098
0.585509
0.580101
0.574305
0.568964
0.565228
0.564414
0.567621
0.575412
0.587501
0.602909
0.620177
0.637698
0.653972
0.66793
0.678819
0.686239
0.690108
0.690542
0.687927
0.68278
0.675747
0.667513
0.658692
0.649797
0.64124
0.633207
0.625726
0.618818
0.61253
0.606924
0.602078
0.598054
0.594804
0.592298
0.590475
0.589283
0.588801
0.589203
0.590696
0.593445
0.597494
0.602686
0.608692
0.615043
0.621265
0.626909
0.631592
0.635119
0.637464
0.638591
0.638603
0.637556
0.635622
0.633106
0.630347
0.627794
0.625804
0.624561
0.623987
0.623667
0.622969
0.621143
0.61753
0.611719
0.603693
0.593823
0.582873
0.571795
0.561603
0.553168
0.547011
0.543275
0.5418
0.542206
0.544115
0.547448
0.552502
0.55984
0.570118
0.583749
0.600604
0.620023
0.640919
0.661943
0.681699
0.698809
0.712028
0.720321
0.723149
0.720473
0.712809
0.701307
0.687522
0.673152
0.659746
0.648392
0.63954
0.632993
0.628072
0.623813
0.619142
0.613169
0.605248
0.595192
0.583289
0.570213
0.556841
0.544148
0.533066
0.524377
0.518801
0.517063
0.519765
0.527175
0.539104
0.554866
0.573366
0.593303
0.613376
0.632396
0.649332
0.663322
0.673777
0.680289
0.682663
0.681002
0.675683
0.667322
0.656919
0.64563
0.634594
0.624816
0.616913
0.611169
0.607485
0.605518
0.604785
0.604779
0.605118
0.605547
0.606022
0.606672
0.607641
0.609107
0.611012
0.613128
0.614939
0.615921
0.615719
0.614306
0.612015
0.609424
0.607103
0.60546
0.604575
0.604205
0.603979
0.603491
0.602454
0.600792
0.598626
0.596248
0.594165
0.592896
0.592989
0.594911
0.599017
0.60549
0.614201
0.624648
0.635909
0.646828
0.656129
0.662748
0.665974
0.665522
0.661566
0.654653
0.645556
0.635195
0.624517
0.614403
0.605635
0.598766
0.594089
0.59158
0.590788
0.590983
0.591358
0.591221
0.59016
0.588103
0.585288
0.582277
0.57984
0.578829
0.580004
0.583801
0.59023
0.598941
0.609247
0.620233
0.630998
0.640642
0.648359
0.653493
0.655617
0.654576
0.650563
0.644133
0.63605
0.627254
0.61871
0.611303
0.605668
0.60216
0.600724
0.600943
0.602069
0.603285
0.603855
0.60324
0.6011
0.597348
0.59208
0.585604
0.578463
0.571454
0.565518
0.561695
0.560963
0.564089
0.571527
0.583274
0.598754
0.616801
0.635721
0.653526
0.668185
0.678004
0.681954
0.679688
0.6716
0.658792
0.642883
0.625776
0.60943
0.595568
0.585543
0.580085
0.579322
0.58282
0.589537
0.598184
0.607349
0.615762
0.622497
0.627069
0.629373
0.629726
0.628636
0.626658
0.624234
0.621691
0.619076
0.616406
0.613582
0.61056
0.607341
0.604038
0.600852
0.598036
0.59594
0.594828
0.594797
0.595795
0.597635
0.600138
0.60314
0.606512
0.610081
0.613631
0.616884
0.61954
0.621291
0.621964
0.621493
0.619927
0.617493
0.614505
0.611352
0.608397
0.605923
0.604087
0.60295
0.602429
0.602368
0.602586
0.602954
0.603331
0.603577
0.603664
0.603627
0.603621
0.604019
0.605258
0.607773
0.611836
0.617261
0.623396
0.629308
0.633905
0.636208
0.635719
0.632527
0.627412
0.621605
0.616472
0.613127
0.612125
0.613235
0.615688
0.618366
0.620337
0.62113
0.620725
0.61947
0.617863
0.616155
0.614394
0.612538
0.610647
0.608919
0.607669
0.607289
0.607913
0.609478
0.611696
0.614211
0.616633
0.618671
0.620104
0.620767
0.620589
0.619699
0.618452
0.617454
0.61738
0.618791
0.62211
0.627398
0.634421
0.642623
0.651286
0.659667
0.667069
0.67294
0.676864
0.678516
0.677606
0.673884
0.667263
0.657794
0.64568
0.631263
0.615151
0.59812
0.581038
0.564896
0.550671
0.539164
0.531003
0.52662
0.52622
0.529795
0.53715
0.547724
0.560642
0.574761
0.588824
0.601739
0.612633
0.62103
0.626843
0.630372
0.632141
0.632804
0.633083
0.633587
0.634871
0.637401
0.641355
0.646653
0.652879
0.659275
0.664881
0.668784
0.670171
0.668568
0.663988
0.656869
0.648024
0.638518
0.629451
0.621698
0.615776
0.611798
0.609552
0.608651
0.608679
0.609215
0.609937
0.610501
0.610534
0.609674
0.607623
0.604339
0.600047
0.595397
0.591225
0.58852
0.588058
0.590135
0.594437
0.600074
0.605794
0.610267
0.612355
0.611387
0.607202
0.600214
0.59141
0.582304
0.574723
0.570456
0.570921
0.576753
0.587693
0.602626
0.619858
0.637355
0.653056
0.66514
0.672287
0.673905
0.670149
0.661909
0.650612
0.637874
0.625243
0.613822
0.604185
0.596422
0.590404
0.586044
0.583445
0.58298
0.585097
0.59008
0.597761
0.60745
0.618003
0.628053
0.636355
0.641937
0.644366
0.643721
0.640457
0.635207
0.628702
0.621546
0.614132
0.60672
0.599473
0.592711
0.586895
0.582584
0.580201
0.579818
0.581127
0.583494
0.58632
0.589162
0.591747
0.593956
0.595687
0.596791
0.597117
0.596527
0.595083
0.593127
0.591233
0.590145
0.59058
0.593023
0.597754
0.604786
0.614012
0.625106
0.637557
0.650555
0.663063
0.674036
0.682456
0.687537
0.688743
0.685907
0.679168
0.668967
0.655977
0.641059
0.625284
0.609789
0.595701
0.584068
0.57579
0.571501
0.571403
0.575304
0.582594
0.592336
0.603393
0.614582
0.624879
0.633537
0.640123
0.644512
0.646733
0.646907
0.645208
0.641712
0.636533
0.629854
0.62193
0.613172
0.604052
0.595111
0.586867
0.579823
0.574398
0.570888
0.569473
0.570178
0.572869
0.577267
0.582987
0.589558
0.596417
0.603022
0.608902
0.613797
0.617806
0.621298
0.624862
0.629065
0.634182
0.640107
0.646362
0.652136
0.656544
0.658753
0.658065
0.65415
0.647046
0.637216
0.625559
0.613227
0.601485
0.591466
0.584061
0.57983
0.578929
0.581118
0.585966
0.592787
0.6008
0.609236
0.617208
0.623834
0.628229
0.629646
0.627635
0.622256
0.614033
0.60395
0.593331
0.583714
0.576605
0.57333
0.574909
0.581851
0.593942
0.610195
0.628827
0.647651
0.664429
0.677288
0.685007
0.687075
0.683606
0.675264
0.663053
0.648226
0.632151
0.616213
0.601613
0.5893
0.579985
0.574109
0.57193
0.573497
0.578596
0.58668
0.596866
0.607915
0.618453
0.627139
0.63292
0.63527
0.634281
0.630639
0.625458
0.62007
0.615713
0.613251
0.613026
0.614755
0.617769
0.621213
0.624236
0.626256
0.62692
0.626152
0.624045
0.620749
0.616482
0.611455
0.605907
0.600146
0.59461
0.589813
0.586394
0.585019
0.586283
0.59047
0.597355
0.606165
0.615625
0.624203
0.630498
0.633477
0.6327
0.628392
0.62127
0.612471
0.603365
0.595296
0.589388
0.586477
0.587055
0.591163
0.598356
0.607809
0.618435
0.629028
0.638485
0.645897
0.650679
0.652503
0.651384
0.647678
0.642118
0.635805
0.629937
0.625675
0.623818
0.624609
0.627629
0.631935
0.636439
0.640173
0.642526
0.643287
0.642531
0.640476
0.637309
0.633131
0.62787
0.621432
0.613827
0.605243
0.596072
0.586809
0.578032
0.570297
0.564091
0.559841
0.557903
0.558499
0.561678
0.567314
0.57505
0.584369
0.59462
0.605035
0.614886
0.623557
0.630473
0.635123
0.637117
0.636246
0.632531
0.626321
0.618332
0.609605
0.601297
0.594495
0.590075
0.588496
0.589847
0.593936
0.60032
0.608363
0.617244
0.625969
0.633544
0.639087
0.641919
0.641603
0.638156
0.632012
0.623995
0.615153
0.606513
0.598942
0.593055
0.589228
0.587681
0.588557
0.5919
0.597687
0.605701
0.615497
0.62635
0.637277
0.647133
0.654825
0.65947
0.660495
0.657734
0.651437
0.642202
0.630938
0.618714
0.606677
0.595925
0.587413
0.581714
0.578948
0.578826
0.580741
0.583966
0.587811
0.59177
0.595416
0.598583
0.601406
0.604264
0.607735
0.612472
0.618938
0.627218
0.637031
0.647697
0.658213
0.66762
0.675148
0.680202
0.682382
0.681434
0.67728
0.669983
0.659866
0.647468
0.633537
0.618864
0.604378
0.591022
0.579654
0.570938
0.565233
0.562571
0.562683
0.565037
0.569001
0.573903
0.579141
0.584171
0.588525
0.591928
0.594283
0.595796
0.596881
0.59799
0.599404
0.601076
0.602617
0.603514
0.603338
0.601926
0.599621
0.59717
0.595688
0.596175
0.599186
0.604604
0.611776
0.61971
0.62743
0.634257
0.639914
0.644511
0.648389
0.651896
0.655252
0.658428
0.661228
0.663307
0.664294
0.663865
0.661762
0.657801
0.652004
0.64449
0.635556
0.625693
0.615439
0.605322
0.595792
0.587191
0.579812
0.573974
0.569971
0.56811
0.5685
0.570979
0.575085
0.580243
0.585876
0.591536
0.596893
0.601858
0.60649
0.610885
0.615132
0.61921
0.623107
0.626796
0.6303
0.633673
0.636889
0.639849
0.642348
0.64411
0.644849
0.644335
0.642482
0.639236
0.634698
0.629013
0.622361
0.61491
0.606844
0.598336
0.589559
0.580773
0.572229
0.564264
0.557287
0.551715
0.547938
0.546268
0.546931
0.55004
0.555582
0.563446
0.57348
0.585468
0.599165
0.614278
0.630354
0.646742
0.662538
0.676619
0.68781
0.695072
0.697694
0.695543
0.689067
0.679276
0.667533
0.655338
0.643996
0.634383
0.626933
0.621463
0.617473
0.61424
0.611046
0.60737
0.602907
0.597562
0.591369
0.584572
0.57766
0.571302
0.566379
0.563729
0.563986
0.567437
0.573802
0.582324
0.591998
0.601792
0.610842
0.618612
0.624926
0.629909
0.633894
0.637306
0.640486
0.643644
0.646788
0.649683
0.651926
0.653057
0.652669
0.650532
0.646604
0.641048
0.634151
0.626161
0.617323
0.607896
0.598261
0.588996
0.580812
0.574383
0.570255
0.568707
0.569757
0.573225
0.578802
0.586031
0.594351
0.603151
0.611751
0.619341
0.625083
0.62821
0.628081
0.624407
0.617336
0.607486
0.59592
0.584
0.573235
0.56507
0.560787
0.561285
0.567016
0.577888
0.593185
0.61156
0.631232
0.65034
0.667208
0.680579
0.689657
0.694212
0.694386
0.69061
0.683431
0.67355
0.661761
0.648872
0.635609
0.622673
0.610618
0.599856
0.590593
0.582907
0.576847
0.572474
0.569831
0.568895
0.569587
0.571706
0.574889
0.578739
0.582852
0.5869
0.590673
0.594132
0.59721
0.599822
0.601845
0.603047
0.603248
0.602378
0.600672
0.598586
0.596823
0.596129
0.597214
0.600545
0.606234
0.614006
0.623178
0.632693
0.641369
0.648068
0.652011
0.652787
0.650512
0.645805
0.639604
0.633013
0.627145
0.6228
0.620238
0.619157
0.61883
0.618461
0.617325
0.615052
0.611616
0.607209
0.602221
0.597047
0.592089
0.587747
0.584442
0.58259
0.582485
0.58433
0.588228
0.594147
0.601966
0.611361
0.621653
0.631862
0.640745
0.646998
0.64958
0.647876
0.641934
0.632515
0.62095
0.608964
0.598327
0.590571
0.586649
0.586822
0.590679
0.597125
0.604747
0.612104
0.618024
0.621858
0.623533
0.623519
0.622715
0.622016
0.622053
0.622901
0.624031
0.624559
0.623629
0.620616
0.615339
0.60822
0.600057
0.591945
0.585066
0.580362
0.578558
0.580029
0.584751
0.592368
0.602234
0.613516
0.625327
0.636807
0.647261
0.656219
0.663494
0.669084
0.673114
0.675756
0.6771
0.67714
0.675931
0.673395
0.669517
0.664253
0.657667
0.649843
0.640936
0.631221
0.621032
0.610705
0.600551
0.590808
0.581722
0.57358
0.566709
0.561542
0.558429
0.557491
0.558634
0.561482
0.565528
0.57026
0.575282
0.580364
0.585506
0.590765
0.596238
0.601986
0.608003
0.61429
0.620791
0.627451
0.634141
0.640646
0.646694
0.652016
0.656336
0.659346
0.660689
0.660079
0.657224
0.652002
0.644502
0.634954
0.623785
0.611634
0.599216
0.587375
0.577024
0.569088
0.564427
0.563786
0.567593
0.575825
0.587912
0.602748
0.618984
0.635186
0.649967
0.662139
0.670812
0.675362
0.675437
0.670976
0.662248
0.6499
0.634989
0.618842
0.602866
0.588308
0.57617
0.567131
0.561647
0.55999
0.562259
0.568281
0.577422
0.588597
0.600404
0.611457
0.620642
0.627312
0.631296
0.632724
0.63192
0.62927
0.625058
0.619553
0.613067
0.606185
0.599762
0.594914
0.592804
0.594186
0.599131
0.60695
0.616421
0.626063
0.634505
0.640639
0.643795
0.64381
0.640932
0.6358
0.629382
0.622705
0.616831
0.612672
0.610806
0.611463
0.614473
0.619288
0.6251
0.631068
0.6365
0.640968
0.644314
0.646798
0.648936
0.651362
0.654656
0.659054
0.664254
0.669379
0.673147
0.674188
0.671406
0.664299
0.653152
0.638947
0.623124
0.607227
0.592497
0.579621
0.568824
0.560013
0.553014
0.547687
0.543985
0.541867
0.541261
0.542
0.543926
0.54692
0.55099
0.55613
0.562307
0.569345
0.576936
0.584588
0.591816
0.598245
0.603777
0.608613
0.613146
0.61784
0.622998
0.62871
0.634837
0.641114
0.647208
0.65273
0.657186
0.660087
0.660997
0.659556
0.655598
0.649186
0.640683
0.630764
0.62031
0.61039
0.602125
0.596527
0.59435
0.596043
0.601555
0.610407
0.621636
0.633948
0.645765
0.655613
0.662267
0.664795
0.662706
0.656076
0.645439
0.63179
0.616386
0.600646
0.585908
0.573374
0.563892
0.557876
0.555368
0.556125
0.559708
0.565589
0.573243
0.582231
0.592264
0.603136
0.614596
0.626265
0.637514
0.6475
0.655279
0.660029
0.661347
0.659454
0.655191
0.649827
0.644558
0.640013
0.636174
0.63258
0.628734
0.624321
0.619376
0.614167
0.609076
0.604442
0.600482
0.597223
0.59461
0.592495
0.590795
0.589336
0.587997
0.586744
0.585588
0.584703
0.584374
0.585001
0.586995
0.590705
0.596288
0.603622
0.612386
0.622041
0.631917
0.641372
0.649744
0.656519
0.661363
0.664159
0.665032
0.664249
0.662203
0.659397
0.656234
0.652997
0.649728
0.646268
0.64228
0.637348
0.631113
0.623321
0.613906
0.603088
0.59128
0.579075
0.56709
0.555869
0.545785
0.537034
0.52971
0.523977
0.520188
0.518966
0.521064
0.527135
0.5375
0.55188
0.569367
0.5885
0.607514
0.624714
0.638663
0.648425
0.653756
0.655032
0.653102
0.64901
0.643785
0.638279
0.633022
0.628345
0.624441
0.621464
0.619491
0.618657
0.619171
0.621308
0.625197
0.630786
0.637701
0.645237
0.652499
0.658617
0.662955
0.665218
0.665385
0.663768
0.660824
0.657049
0.652901
0.648737
0.644711
0.640825
0.636966
0.632978
0.628767
0.624233
0.61934
0.614116
0.608672
0.603147
0.597752
0.592736
0.588346
0.584703
0.581874
0.579693
0.577934
0.57641
0.574998
0.573688
0.572616
0.572023
0.572074
0.572778
0.574008
0.575588
0.577285
0.57902
0.580956
0.583407
0.58678
0.59143
0.597476
0.604681
0.612534
0.620459
0.627866
0.634268
0.639236
0.642385
0.643376
0.641866
0.637585
0.63044
0.620668
0.608962
0.596441
0.584608
0.575051
0.569203
0.568109
0.572139
0.580831
0.592942
0.606756
0.620419
0.632284
0.641191
0.64647
0.648081
0.646408
0.642208
0.636516
0.630503
0.625312
0.621884
0.620725
0.621861
0.62486
0.628969
0.633305
0.637054
0.639568
0.640434
0.639626
0.637428
0.634377
0.631078
0.628137
0.626004
0.624943
0.62499
0.62599
0.627661
0.629666
0.631683
0.63333
0.634302
0.634246
0.632712
0.629324
0.623734
0.615844
0.605942
0.594718
0.583268
0.572901
0.564859
0.559958
0.558442
0.560005
0.563949
0.569469
0.575863
0.582652
0.589474
0.596065
0.602239
0.607704
0.612197
0.615458
0.617391
0.618068
0.617732
0.616722
0.615326
0.613788
0.612294
0.610937
0.609768
0.608803
0.608119
0.607806
0.607886
0.608355
0.609175
0.610404
0.61209
0.614344
0.617233
0.620714
0.624503
0.628213
0.631407
0.633713
0.634824
0.634553
0.632858
0.629973
0.626451
0.623161
0.620919
0.620404
0.621953
0.625428
0.630486
0.636635
0.643382
0.650167
0.656406
0.661423
0.664576
0.665377
0.663589
0.659261
0.652778
0.644641
0.635475
0.625836
0.616183
0.606881
0.598243
0.590538
0.583928
0.578523
0.574319
0.571281
0.56944
0.568988
0.570237
0.573417
0.578538
0.585306
0.593155
0.601474
0.609747
0.617658
0.625039
0.631896
0.638244
0.643972
0.648801
0.652208
0.653547
0.652083
0.647209
0.638682
0.626738
0.6121
0.595973
0.57991
0.565562
0.554404
0.547525
0.545416
0.548017
0.554696
0.564469
0.576169
0.588606
0.600743
0.611843
0.621498
0.629559
0.636153
0.641509
0.645882
0.649554
0.652662
0.655146
0.656842
0.657455
0.656712
0.654348
0.65024
0.644453
0.637278
0.629221
0.620945
0.613167
0.606668
0.602169
0.600131
0.600612
0.603161
0.60691
0.61082
0.613949
0.615614
0.615575
0.613936
0.611005
0.607107
0.602531
0.597555
0.592465
0.587591
0.583376
0.580404
0.579302
0.580591
0.58459
0.59127
0.600185
0.610392
0.620632
0.62974
0.636806
0.641387
0.643492
0.643534
0.642208
0.640198
0.638073
0.636009
0.634011
0.631978
0.629738
0.627227
0.624447
0.62151
0.618609
0.615944
0.613728
0.612043
0.610974
0.61041
0.610135
0.609828
0.609145
0.607772
0.605524
0.60238
0.598491
0.594162
0.589873
0.586208
0.583737
0.582961
0.584146
0.587272
0.592001
0.597712
0.603775
0.609571
0.614626
0.618735
0.621903
0.624312
0.626136
0.627623
0.628882
0.629906
0.630657
0.630972
0.630572
0.62911
0.626146
0.62132
0.614586
0.606255
0.597181
0.588731
0.582478
0.579791
0.581454
0.587386
0.596688
0.607916
0.619398
0.629468
0.636737
0.640275
0.639729
0.635322
0.627905
0.618656
0.608902
0.599877
0.592616
0.587775
0.585723
0.586619
0.590481
0.597151
0.606292
0.617396
0.629756
0.642289
0.653739
0.662778
0.668155
0.66901
0.665001
0.656404
0.644004
0.629006
0.612826
0.596785
0.581933
0.569022
0.558587
0.550986
0.546542
0.545519
0.548025
0.553971
0.562981
0.574398
0.587339
0.600841
0.61398
0.626039
0.63649
0.645044
0.651508
0.655792
0.65787
0.657802
0.655872
0.652521
0.648297
0.643871
0.639798
0.636421
0.633816
0.631832
0.630085
0.62823
0.626004
0.623343
0.620392
0.61745
0.614873
0.613031
0.612089
0.612059
0.612781
0.613917
0.615074
0.615831
0.615752
0.614357
0.611295
0.606319
0.599467
0.591057
0.581711
0.572292
0.563797
0.557252
0.553405
0.552619
0.554897
0.559851
0.566873
0.575326
0.58456
0.594032
0.603305
0.611977
0.619664
0.625989
0.630664
0.633399
0.634011
0.632472
0.628946
0.623835
0.617607
0.610909
0.60439
0.598627
0.594073
0.591035
0.589686
0.590163
0.592493
0.596572
0.602091
0.608579
0.615424
0.622074
0.628074
0.633114
0.63699
0.639584
0.64086
0.640924
0.639959
0.638334
0.636523
0.635001
0.634193
0.634311
0.635344
0.637032
0.638817
0.640068
0.640107
0.638407
0.634645
0.628709
0.620808
0.611459
0.601544
0.592281
0.585031
0.580981
0.580703
0.583886
0.589395
0.595711
0.601372
0.605383
0.607212
0.606825
0.604601
0.600958
0.5964
0.591458
0.586696
0.582825
0.580742
0.581442
0.585739
0.594086
0.606431
0.621993
0.639409
0.656947
0.672844
0.685411
0.693323
0.695721
0.692186
0.68283
0.668297
0.649732
0.628642
0.60682
0.586224
0.568782
0.556176
0.549559
0.54954
0.55612
0.568735
0.586144
0.606637
0.628057
0.648105
0.664696
0.676237
0.681868
0.681447
0.67553
0.665243
0.65212
0.637835
0.623976
0.611871
0.602396
0.595911
0.592331
0.591317
0.592367
0.594842
0.598014
0.601051
0.603024
0.603103
0.600955
0.59681
0.591545
0.5864
0.582658
0.58122
0.582357
0.585704
0.590464
0.595661
0.600412
0.604025
0.606215
0.607009
0.606637
0.605402
0.603516
0.600991
0.597744
0.593694
0.588963
0.584007
0.57958
0.576732
0.576474
0.579577
0.586318
0.59628
0.608463
0.621502
0.633937
0.644488
0.652224
0.65662
0.657546
0.655265
0.650349
0.643679
0.636328
0.629386
0.623721
0.61988
0.618166
0.61856
0.620851
0.624825
0.630215
0.636687
0.6439
0.651325
0.658246
0.663834
0.667206
0.667564
0.664447
0.657909
0.648626
0.637856
0.627167
0.618043
0.611359
0.607137
0.604481
0.602124
0.59889
0.594146
0.587848
0.580487
0.572849
0.565817
0.560295
0.55701
0.556547
0.559173
0.564786
0.57281
0.582297
0.592048
0.60088
0.607843
0.612304
0.614118
0.613621
0.61145
0.608444
0.605369
0.602836
0.601213
0.600617
0.601035
0.602412
0.604764
0.608256
0.613132
0.61963
0.627831
0.637516
0.648082
0.658618
0.667966
0.675029
0.678891
0.678969
0.675078
0.667462
0.656668
0.643533
0.629059
0.614255
0.600093
0.587406
0.576782
0.568553
0.562836
0.559615
0.558795
0.560226
0.563631
0.568684
0.575049
0.582457
0.59076
0.599925
0.609992
0.621001
0.632952
0.64564
0.658611
0.671234
0.682678
0.692044
0.698534
0.701544
0.700775
0.696257
0.688274
0.677335
0.664106
0.649303
0.63367
0.618031
0.603129
0.589636
0.578086
0.568688
0.561327
0.55566
0.551246
0.547749
0.545034
0.543155
0.542313
0.542783
0.544791
0.548395
0.553449
0.559462
0.565848
0.572014
0.577503
0.582109
0.58595
0.589543
0.593592
0.598878
0.606119
0.61575
0.627788
0.641745
0.656729
0.671567
0.68491
0.695549
0.702505
0.705217
0.703551
0.697726
0.688327
0.676049
0.661723
0.646174
0.630188
0.614407
0.599388
0.585522
0.57313
0.562507
0.553863
0.547461
0.543592
0.542578
0.544613
0.549754
0.557815
0.568203
0.580063
0.592284
0.603745
0.613421
0.620548
0.624811
0.626312
0.625592
0.623502
0.621057
0.619241
0.618766
0.619904
0.622445
0.62577
0.62917
0.632114
0.634309
0.635819
0.636903
0.637733
0.638358
0.63852
0.637756
0.635561
0.631599
0.625873
0.618702
0.610707
0.60268
0.595374
0.589445
0.58538
0.583449
0.583735
0.586154
0.590479
0.59635
0.603365
0.611179
0.619508
0.628132
0.636708
0.644634
0.651066
0.655092
0.655974
0.653331
0.647314
0.638527
0.627988
0.61696
0.60669
0.598344
0.592821
0.590604
0.591741
0.59577
0.60187
0.609019
0.616136
0.62238
0.627279
0.630712
0.632794
0.633795
0.633958
0.633427
0.632182
0.630112
0.627097
0.623103
0.618221
0.612744
0.607134
0.601896
0.597544
0.594481
0.592958
0.592989
0.594332
0.596592
0.599207
0.601509
0.602855
0.602712
0.600726
0.596766
0.591009
0.583872
0.576039
0.568406
0.562153
0.558604
0.559012
0.564222
0.574318
0.588494
0.605128
0.622252
0.638165
0.651734
0.662497
0.670579
0.67629
0.679997
0.681886
0.682054
0.680597
0.677683
0.673441
0.667984
0.661345
0.653526
0.644546
0.634562
0.623881
0.612968
0.602498
0.593124
0.585373
0.579517
0.575527
0.573117
0.571941
0.571593
0.57178
0.57238
0.573515
0.575496
0.578793
0.583869
0.591008
0.600252
0.61139
0.623848
0.636924
0.649826
0.661772
0.672038
0.679901
0.684706
0.68593
0.683298
0.676772
0.666638
0.653542
0.63841
0.622254
0.606171
0.591341
0.579053
0.570489
0.566437
0.567121
0.572028
0.579883
0.588916
0.59733
0.603612
0.60675
0.606283
0.60225
0.595172
0.585871
0.575478
0.565317
0.556786
0.551242
0.549712
0.552755
0.560321
0.571708
0.585684
0.600769
0.615477
0.62853
0.638992
0.646247
0.650075
0.650611
0.648224
0.643605
0.637584
0.631034
0.624776
0.61943
0.615489
0.613303
0.61312
0.615098
0.61918
0.624944
0.631784
0.638849
0.645148
0.64988
0.652481
0.652801
0.651013
0.647572
0.643067
0.638031
0.632822
0.627574
0.622278
0.616825
0.61112
0.605195
0.599106
0.592958
0.586947
0.581229
0.576018
0.571652
0.568546
0.567146
0.567946
0.571305
0.577349
0.585942
0.596601
0.608566
0.621001
0.633144
0.644282
0.65379
0.660943
0.664976
0.665082
0.660541
0.651133
0.637319
0.620234
0.601718
0.583974
0.569231
0.559213
0.555066
0.557154
0.565147
0.578162
0.594874
0.613691
0.632832
0.650516
0.665192
0.675719
0.681391
0.682029
0.677958
0.669874
0.658772
0.645891
0.632551
0.62002
0.60939
0.601428
0.596422
0.594245
0.594438
0.596312
0.599158
0.602261
0.604984
0.606852
0.607466
0.606573
0.604101
0.600116
0.594897
0.588855
0.582562
0.576575
0.571394
0.567458
0.565112
0.564751
0.566779
0.571563
0.579388
0.590205
0.603601
0.618782
0.634638
0.649853
0.663108
0.673231
0.679395
0.681101
0.678266
0.671252
0.660687
0.647402
0.632503
0.617168
0.602584
0.589881
0.57997
0.573371
0.570171
0.569981
0.572195
0.575993
0.580529
0.584948
0.588572
0.590973
0.592034
0.591975
0.591215
0.590312
0.589796
0.590112
0.59159
0.59445
0.598871
0.604952
0.61282
0.622596
0.634089
0.646744
0.659531
0.670997
0.679576
0.683863
0.68295
0.67661
0.665401
0.650507
0.63364
0.616788
0.601905
0.590538
0.583681
0.581608
0.583995
0.590042
0.598614
0.608395
0.61809
0.62649
0.632671
0.636008
0.636291
0.633773
0.629119
0.623183
0.616916
0.611133
0.606288
0.602566
0.59977
0.597535
0.595456
0.593154
0.590363
0.586889
0.582671
0.577871
0.572832
0.568114
0.564285
0.561945
0.561564
0.563464
0.567691
0.574033
0.582063
0.591122
0.600394
0.609139
0.616852
0.623528
0.629496
0.635275
0.641145
0.646912
0.652082
0.656102
0.658555
0.659268
0.658356
0.65617
0.653213
0.64993
0.646617
0.643282
0.639628
0.635286
0.630025
0.623921
0.617406
0.611267
0.606496
0.604018
0.604412
0.6078
0.613807
0.621644
0.630235
0.638392
0.645076
0.649482
0.651175
0.650085
0.646338
0.640186
0.631883
0.621752
0.610196
0.597822
0.585442
0.57405
0.564659
0.558208
0.555397
0.556514
0.561322
0.569053
0.578492
0.588209
0.5969
0.603621
0.608017
0.610307
0.611161
0.611547
0.612437
0.614462
0.617863
0.62233
0.627195
0.631578
0.634706
0.636064
0.635532
0.6333
0.629831
0.625681
0.62133
0.617177
0.61351
0.610617
0.608739
0.608036
0.608538
0.610147
0.612562
0.615403
0.618212
0.620504
0.621884
0.622177
0.621519
0.620271
0.618845
0.617521
0.616354
0.615156
0.613665
0.611817
0.609781
0.607907
0.606613
0.606288
0.607098
0.608909
0.611442
0.61438
0.61749
0.620639
0.623735
0.62671
0.629432
0.631668
0.633161
0.633546
0.632471
0.629706
0.625272
0.619379
0.612469
0.60521
0.598305
0.592435
0.588161
0.585907
0.585985
0.588511
0.593349
0.600128
0.608343
0.617294
0.626269
0.634605
0.641636
0.646784
0.649602
0.64985
0.647494
0.642778
0.636141
0.628183
0.61953
0.610921
0.60302
0.596349
0.591236
0.587752
0.58575
0.584915
0.584962
0.585697
0.587178
0.589574
0.593131
0.59794
0.603833
0.6103
0.616585
0.621923
0.62568
0.627508
0.627436
0.625752
0.622963
0.619569
0.616034
0.612667
0.609613
0.606954
0.604756
0.60315
0.602308
0.602454
0.603743
0.606282
0.610095
0.615202
0.621533
0.628938
0.637008
0.645009
0.651965
0.656933
0.659204
0.658493
0.654958
0.64905
0.641483
0.633124
0.624784
0.617211
0.611025
0.606579
0.603976
0.603096
0.603617
0.605148
0.60722
0.609372
0.611237
0.612564
0.613219
0.613216
0.61264
0.61161
0.610174
0.608397
0.606326
0.604027
0.60147
0.598606
0.595336
0.591612
0.587514
0.583408
0.579772
0.577236
0.576371
0.577532
0.580753
0.585773
0.592078
0.599077
0.606132
0.612625
0.618109
0.622273
0.625014
0.626376
0.626631
0.626166
0.625376
0.62462
0.624014
0.623541
0.623111
0.622691
0.622309
0.622182
0.622483
0.623286
0.62454
0.626035
0.627361
0.628048
0.627673
0.625908
0.622586
0.61776
0.611664
0.60468
0.59738
0.590471
0.584638
0.580509
0.578622
0.579298
0.58256
0.588047
0.595089
0.602841
0.61051
0.61748
0.623427
0.628281
0.632206
0.6355
0.638401
0.641063
0.64345
0.645327
0.646257
0.645708
0.643238
0.63868
0.632365
0.625065
0.617949
0.612233
0.608654
0.607114
0.606859
0.606775
0.605811
0.603421
0.599815
0.595717
0.592174
0.590157
0.590281
0.592687
0.59715
0.60319
0.610181
0.617395
0.624063
0.629401
0.632728
0.633576
0.631891
0.628095
0.622976
0.617643
0.613226
0.610578
0.610037
0.611367
0.613982
0.617067
0.619773
0.621407
0.621529
0.619969
0.61694
0.612922
0.608616
0.604824
0.602286
0.601505
0.602721
0.605978
0.611181
0.618106
0.626317
0.635159
0.643641
0.650687
0.655298
0.656681
0.65446
0.648754
0.64011
0.629523
0.618244
0.60764
0.598983
0.593179
0.590649
0.591179
0.594026
0.598125
0.60232
0.605667
0.607453
0.607348
0.605361
0.601754
0.596962
0.591588
0.586318
0.581907
0.579037
0.57823
0.579726
0.58336
0.588632
0.594754
0.600888
0.606313
0.610625
0.613741
0.615875
0.617381
0.618668
0.620018
0.621439
0.622717
0.623463
0.623098
0.621026
0.616785
0.610234
0.601684
0.5919
0.582052
0.573445
0.567244
0.564226
0.564652
0.568346
0.574817
0.583304
0.593025
0.603132
0.612967
0.622019
0.629972
0.636578
0.64163
0.644978
0.646452
0.645966
0.643567
0.639581
0.634514
0.629101
0.624221
0.620809
0.619676
0.621299
0.625869
0.633085
0.6422
0.652087
0.661452
0.669033
0.673818
0.675193
0.672996
0.667521
0.659358
0.649263
0.638053
0.626476
0.615145
0.604413
0.59451
0.58549
0.577321
0.570099
0.563967
0.559145
0.555965
0.554774
0.555875
0.559391
0.5651
0.572448
0.580671
0.588922
0.596445
0.602721
0.607449
0.610562
0.612146
0.612355
0.611458
0.609728
0.607506
0.605213
0.603287
0.602213
0.602486
0.604502
0.608431
0.614128
0.621139
0.628674
0.63579
0.641435
0.644835
0.645609
0.64379
0.639748
0.634125
0.627639
0.620919
0.614531
0.608969
0.60466
0.601905
0.600888
0.601556
0.603583
0.606473
0.609717
0.61293
0.615979
0.618921
0.621987
0.625436
0.629392
0.633796
0.638364
0.64267
0.646298
0.648968
0.650478
0.65075
0.649881
0.648042
0.645418
0.642279
0.63884
0.635325
0.631952
0.628789
0.625816
0.622825
0.619448
0.615225
0.609549
0.601857
0.591845
0.579579
0.565486
0.55043
0.535635
0.522452
0.512273
0.506399
0.505865
0.511325
0.522875
0.539963
0.561402
0.585517
0.61036
0.634013
0.65478
0.671407
0.683165
0.689756
0.691332
0.688283
0.681297
0.671179
0.658744
0.644867
0.630445
0.616364
0.603544
0.592959
0.585489
0.581857
0.582487
0.587331
0.595825
0.606908
0.619188
0.631218
0.641622
0.649359
0.653761
0.654593
0.652081
0.646746
0.639319
0.630595
0.621353
0.612276
0.603876
0.596521
0.590449
0.585802
0.582636
0.580924
0.580621
0.581617
0.58377
0.587007
0.591242
0.596399
0.602427
0.609073
0.616
0.62278
0.62891
0.633831
0.637085
0.638326
0.63737
0.634155
0.628854
0.621871
0.613657
0.604622
0.595091
0.58528
0.575389
0.565735
0.556837
0.549397
0.54415
0.541822
0.542877
0.547496
0.555575
0.566767
0.580447
0.595781
0.611872
0.627841
0.642818
0.65601
0.666819
0.674828
0.679866
0.681951
0.681227
0.677864
0.672174
0.66445
0.655093
0.644608
0.633563
0.622611
0.612361
0.603292
0.595747
0.58992
0.585843
0.583479
0.582772
0.583644
0.586006
0.589707
0.594526
0.600071
0.605783
0.611021
0.615161
0.617741
0.61853
0.617604
0.615282
0.612072
0.608567
0.605359
0.603033
0.601997
0.602428
0.604246
0.60711
0.610484
0.613695
0.616028
0.616869
0.615789
0.612628
0.607521
0.600959
0.593701
0.586735
0.581044
0.577522
0.576811
0.579256
0.584809
0.593031
0.603083
0.613894
0.624334
0.633378
0.640288
0.644654
0.646316
0.645402
0.642268
0.637374
0.631208
0.624155
0.616564
0.608777
0.601151
0.594172
0.588477
0.58473
0.583536
0.585231
0.589755
0.596614
0.604878
0.613393
0.620933
0.626407
0.629029
0.628444
0.624858
0.618911
0.611607
0.604066
0.597335
0.592163
0.588958
0.587823
0.588602
0.591047
0.594859
0.599774
0.605664
0.612437
0.619958
0.627971
0.636136
0.643987
0.650973
0.656534
0.660114
0.661261
0.659612
0.654871
0.64691
0.635899
0.62246
0.607706
0.593195
0.580665
0.571712
0.567397
0.567984
0.5729
0.581013
0.591009
0.601689
0.612139
0.621746
0.630111
0.636971
0.642151
0.645549
0.647095
0.646818
0.644918
0.641654
0.637349
0.632345
0.626988
0.621644
0.616646
0.612288
0.60873
0.605954
0.603783
0.601932
0.600035
0.597751
0.594881
0.591483
0.587781
0.584103
0.580919
0.578802
0.578332
0.580026
0.584185
0.590889
0.599804
0.61028
0.621415
0.632169
0.641535
0.648669
0.6529
0.653866
0.65155
0.646164
0.638143
0.628196
0.617162
0.605999
0.595769
0.587435
0.581818
0.579497
0.58068
0.585122
0.592137
0.600666
0.609495
0.617439
0.623563
0.627361
0.628779
0.628146
0.626081
0.623313
0.620538
0.618348
0.61717
0.617205
0.618322
0.620169
0.62224
0.6239
0.62455
0.623788
0.621421
0.617584
0.612675
0.607217
0.601844
0.597148
0.593631
0.591585
0.591139
0.592244
0.59465
0.597973
0.601725
0.60537
0.608349
0.610158
0.610433
0.609078
0.606325
0.602665
0.598805
0.595516
0.593516
0.593326
0.595139
0.598781
0.603753
0.609402
0.614968
0.619769
0.62328
0.625204
0.62548
0.624215
0.621594
0.617765
0.612895
0.607253
0.601216
0.595442
0.590786
0.588302
0.588936
0.593233
0.601166
0.612112
0.624953
0.638317
0.650773
0.661144
0.668564
0.672508
0.672817
0.66962
0.663391
0.65482
0.644755
0.634184
0.624043
0.615209
0.608499
0.604502
0.603406
0.605056
0.608963
0.614395
0.620403
0.625993
0.63024
0.63248
0.632339
0.629891
0.625626
0.620339
0.614954
0.61044
0.607533
0.606562
0.607408
0.609486
0.611914
0.613736
0.614191
0.612986
0.610282
0.606657
0.602864
0.599621
0.597415
0.596431
0.596488
0.597206
0.598132
0.598926
0.599413
0.599647
0.599856
0.600336
0.60133
0.602999
0.605362
0.608246
0.611334
0.61429
0.616682
0.618112
0.618371
0.617412
0.615481
0.613111
0.611035
0.610033
0.61073
0.613341
0.617555
0.622667
0.627868
0.632339
0.635552
0.637312
0.63767
0.636876
0.635171
0.632717
0.62957
0.625695
0.621045
0.615551
0.609198
0.602194
0.594987
0.588237
0.582752
0.579276
0.57841
0.580385
0.585115
0.592132
0.600652
0.609703
0.618242
0.625345
0.630406
0.633221
0.633892
0.632665
0.629843
0.625694
0.620453
0.614441
0.608142
0.602242
0.59758
0.594956
0.594952
0.597685
0.602835
0.609752
0.617635
0.625668
0.633131
0.639323
0.643622
0.645477
0.644511
0.640494
0.633486
0.623936
0.612515
0.600097
0.587704
0.576404
0.567248
0.561205
0.559108
0.561404
0.568128
0.578859
0.592742
0.608486
0.624596
0.639568
0.652077
0.661068
0.665981
0.666721
0.663715
0.657635
0.649387
0.639857
0.629926
0.620272
0.611542
0.604189
0.598471
0.594435
0.591938
0.590756
0.590731
0.591826
0.59406
0.597442
0.601872
0.606979
0.612237
0.617024
0.620884
0.623578
0.625144
0.6258
0.625786
0.625129
0.623537
0.620579
0.615897
0.609416
0.601392
0.592509
0.58366
0.575873
0.570033
0.56681
0.566557
0.569347
0.575032
0.583334
0.593812
0.6059
0.618841
0.631713
0.643467
0.653148
0.6601
0.664036
0.665045
0.663616
0.660416
0.656198
0.651648
0.647332
0.643668
0.640866
0.639026
0.638061
0.63774
0.637731
0.637517
0.636546
0.634286
0.630363
0.624659
0.617487
0.609517
0.601696
0.59501
0.590122
0.587289
0.586256
0.586481
0.587362
0.588394
0.589327
0.590126
0.590766
0.59135
0.592057
0.593019
0.594428
0.596329
0.598633
0.601084
0.603318
0.604984
0.605903
0.60615
0.606035
0.605933
0.606127
0.60668
0.60743
0.60817
0.608706
0.608944
0.608795
0.608195
0.607079
0.605367
0.603108
0.600497
0.597832
0.595437
0.593712
0.592969
0.593439
0.595265
0.598327
0.60229
0.60671
0.611129
0.615202
0.618829
0.622202
0.62568
0.629684
0.63445
0.639928
0.645716
0.651151
0.655483
0.658014
0.658235
0.656011
0.651594
0.64568
0.63924
0.633374
0.629206
0.627741
0.62958
0.634836
0.643072
0.653259
0.663856
0.673014
0.678863
0.679758
0.674563
0.662886
0.645228
0.622965
0.598133
0.573194
0.550637
0.532504
0.520173
0.514123
0.514107
0.51934
0.528775
0.541246
0.555715
0.571221
0.586866
0.601861
0.615469
0.626928
0.635497
0.640628
0.642014
0.639761
0.634443
0.627003
0.61875
0.611153
0.605592
0.603051
0.604001
0.608181
0.614717
0.62242
0.630052
0.636635
0.641615
0.64489
0.646719
0.647314
0.646738
0.644904
0.641665
0.636981
0.630976
0.623925
0.616206
0.608232
0.600447
0.593397
0.587627
0.583718
0.582153
0.583216
0.586927
0.592964
0.600719
0.609414
0.618298
0.626798
0.63459
0.641654
0.648075
0.653856
0.658828
0.662677
0.664921
0.665016
0.662448
0.656906
0.648417
0.637392
0.624576
0.610977
0.597814
0.586235
0.57718
0.571287
0.568831
0.569686
0.57344
0.579398
0.586637
0.594267
0.601531
0.607859
0.612895
0.616462
0.618481
0.618914
0.617763
0.615142
0.611327
0.606743
0.602029
0.597897
0.595004
0.593806
0.594515
0.597027
0.601013
0.606035
0.611727
0.617733
0.623777
0.629661
0.63522
0.640316
0.644783
0.648465
0.651185
0.652859
0.653501
0.652995
0.651162
0.647828
0.642839
0.636251
0.628362
0.61976
0.611167
0.603336
0.596832
0.592043
0.589263
0.588705
0.590499
0.594613
0.600822
0.608678
0.617465
0.626294
0.634264
0.640555
0.64459
0.646025
0.644871
0.641391
0.636091
0.629584
0.622518
0.615472
0.608839
0.602803
0.597378
0.592437
0.587809
0.58337
0.579109
0.57519
0.571892
0.569531
0.568337
0.568319
0.569371
0.571204
0.573425
0.575556
0.577217
0.578115
0.578199
0.577618
0.576749
0.576123
0.576341
0.577927
0.581208
0.586277
0.592919
0.600708
0.609059
0.617371
0.625247
0.632508
0.639212
0.645531
0.651689
0.657834
0.663912
0.669777
0.675257
0.680147
0.684162
0.686868
0.687717
0.686054
0.681342
0.673271
0.661956
0.647796
0.631557
0.614266
0.597058
0.581042
0.567189
0.55633
0.549026
0.545556
0.545826
0.549416
0.555695
0.563797
0.572787
0.58182
0.590314
0.598042
0.605154
0.612043
0.619137
0.626693
0.634633
0.642372
0.649044
0.653683
0.655476
0.653924
0.649043
0.641263
0.631343
0.620276
0.609115
0.598907
0.590532
0.584711
0.581855
0.58209
0.585113
0.590209
0.596489
0.603018
0.609016
0.613895
0.617384
0.619481
0.620371
0.620224
0.619193
0.617381
0.614854
0.611751
0.608307
0.604932
0.602256
0.600889
0.601498
0.604572
0.610356
0.618752
0.629366
0.641482
0.654172
0.666348
0.676921
0.684912
0.689402
0.689716
0.685467
0.676613
0.663539
0.647035
0.62819
0.608383
0.589194
0.572276
0.559187
0.551173
0.548965
0.552561
0.561136
0.573222
0.586874
0.600091
0.611184
0.619008
0.623047
0.623517
0.621077
0.616761
0.611723
0.606968
0.603219
0.600878
0.599948
0.600234
0.601501
0.603482
0.605941
0.608841
0.612141
0.615811
0.619767
0.623807
0.627617
0.630781
0.632878
0.633599
0.632889
0.630964
0.628184
0.624997
0.621784
0.61887
0.616388
0.614294
0.61244
0.610661
0.608781
0.606719
0.604597
0.602763
0.601665
0.601646
0.602885
0.605193
0.608022
0.610701
0.612707
0.613802
0.614152
0.614157
0.614276
0.61487
0.616161
0.618165
0.620841
0.624238
0.628468
0.633624
0.639594
0.64592
0.651726
0.655911
0.657293
0.654892
0.648185
0.637182
0.622494
0.605168
0.586528
0.568106
0.55153
0.538344
0.52983
0.526688
0.529003
0.536224
0.547211
0.560532
0.574735
0.588585
0.601082
0.611555
0.619611
0.625148
0.628328
0.629563
0.629496
0.628867
0.628368
0.628557
0.629752
0.632004
0.635151
0.63879
0.642438
0.645593
0.647846
0.648798
0.64812
0.64564
0.641367
0.635517
0.628435
0.620677
0.612922
0.605868
0.600118
0.596027
0.593756
0.593172
0.594
0.595799
0.598285
0.601325
0.605035
0.609725
0.61561
0.622712
0.630723
0.639123
0.647216
0.654345
0.659951
0.663615
0.665116
0.664314
0.661197
0.65579
0.648255
0.638843
0.627936
0.616159
0.604259
0.593126
0.583592
0.576417
0.572062
0.570678
0.572185
0.576196
0.582175
0.589481
0.59739
0.605224
0.612429
0.618464
0.623021
0.625879
0.627051
0.626755
0.62529
0.62304
0.620424
0.617781
0.615472
0.613788
0.612948
0.613
0.613869
0.615406
0.617384
0.619461
0.621336
0.622814
0.623881
0.624572
0.624955
0.625046
0.624791
0.624091
0.622776
0.620856
0.618531
0.61607
0.613768
0.611819
0.610236
0.608924
0.607707
0.60647
0.605176
0.603748
0.602109
0.600198
0.597928
0.595353
0.592617
0.590094
0.588286
0.587727
0.588827
0.591722
0.596093
0.601254
0.606412
0.610781
0.613842
0.615467
0.6158
0.615239
0.614228
0.613201
0.612545
0.612498
0.613307
0.615123
0.618012
0.621917
0.626556
0.631492
0.636206
0.640161
0.643068
0.64488
0.64577
0.645992
0.645708
0.644816
0.642842
0.639159
0.63323
0.624961
0.614956
0.604534
0.595256
0.588582
0.585475
0.586233
0.590529
0.597652
0.60667
0.616642
0.626703
0.636141
0.6444
0.651033
0.655716
0.658152
0.658077
0.655423
0.650366
0.643382
0.63511
0.626295
0.617756
0.610215
0.604246
0.600136
0.597898
0.597245
0.597672
0.598559
0.599263
0.599306
0.598418
0.596482
0.593532
0.589761
0.585546
0.581474
0.578292
0.57695
0.57833
0.58305
0.591257
0.602448
0.615527
0.628957
0.641072
0.650309
0.655598
0.656465
0.652999
0.645789
0.635759
0.624008
0.611709
0.599967
0.589817
0.582055
0.577265
0.575795
0.577742
0.582942
0.590872
0.600727
0.611556
0.622342
0.632281
0.640938
0.648322
0.654662
0.660277
0.665229
0.669281
0.671916
0.672572
0.670905
0.667016
0.661415
0.654733
0.647605
0.640362
0.633085
0.625713
0.618308
0.611268
0.605229
0.600745
0.598117
0.59718
0.597355
0.597881
0.598105
0.597551
0.596037
0.593634
0.590551
0.587123
0.583701
0.580583
0.578012
0.576276
0.575638
0.576242
0.578079
0.580888
0.584119
0.587027
0.588959
0.589539
0.588974
0.588109
0.588298
0.590908
0.59672
0.605537
0.616269
0.627547
0.638296
0.64797
0.656381
0.663507
0.669087
0.672658
0.673612
0.671399
0.665534
0.655842
0.642645
0.626829
0.609925
0.593873
0.580827
0.572679
0.570638
0.574974
0.584855
0.598673
0.614459
0.630238
0.644274
0.655208
0.662227
0.665007
0.663744
0.659024
0.651791
0.643207
0.634469
0.626534
0.620041
0.615162
0.611722
0.60932
0.607414
0.605361
0.602515
0.59841
0.592819
0.585919
0.578286
0.570801
0.564402
0.55987
0.557634
0.557677
0.559602
0.56274
0.566392
0.569962
0.573122
0.57584
0.578417
0.581265
0.584802
0.589309
0.59478
0.601
0.607583
0.61416
0.620324
0.625719
0.630176
0.633704
0.63656
0.639081
0.641661
0.644562
0.647889
0.651523
0.655228
0.65865
0.661407
0.663143
0.663556
0.662369
0.659378
0.654522
0.647874
0.639751
0.630666
0.621364
0.612697
0.605437
0.600219
0.597352
0.596876
0.598517
0.601861
0.606387
0.611594
0.617068
0.622489
0.627518
0.631784
0.634882
0.636336
0.635648
0.632425
0.626518
0.617968
0.607117
0.594715
0.581872
0.569923
0.560291
0.554282
0.552788
0.555999
0.563504
0.574305
0.586995
0.599938
0.61157
0.620613
0.626219
0.628058
0.626319
0.621731
0.615403
0.608644
0.602658
0.598392
0.596308
0.596375
0.598204
0.601255
0.604923
0.60881
0.612797
0.616943
0.621306
0.625886
0.630654
0.635501
0.640339
0.645024
0.649238
0.652556
0.654451
0.654419
0.652153
0.647691
0.641416
0.634067
0.626651
0.620231
0.615625
0.613089
0.612217
0.612139
0.611829
0.610523
0.607839
0.603792
0.598703
0.593133
0.587794
0.58342
0.580693
0.580093
0.581767
0.585537
0.590877
0.597055
0.603292
0.608932
0.613572
0.617092
0.61955
0.621171
0.622246
0.623101
0.623943
0.625016
0.626482
0.628469
0.631017
0.634047
0.637304
0.640382
0.642778
0.643981
0.643562
0.641333
0.637451
0.632282
0.626459
0.620697
0.615716
0.612107
0.610235
0.610164
0.611679
0.614126
0.616677
0.61844
0.61867
0.616908
0.613081
0.60755
0.600829
0.593569
0.586451
0.580088
0.575082
0.57203
0.571439
0.573591
0.578426
0.585408
0.593611
0.60204
0.609676
0.615826
0.620085
0.6223
0.622654
0.621557
0.619665
0.617781
0.61673
0.61717
0.619509
0.623805
0.62989
0.637331
0.645551
0.653788
0.661116
0.666545
0.669248
0.668767
0.664994
0.658238
0.649152
0.638484
0.626999
0.615304
0.603956
0.593455
0.584367
0.577337
0.573012
0.571884
0.574032
0.579061
0.586096
0.593992
0.601605
0.607952
0.61234
0.614433
0.614292
0.612162
0.608575
0.604195
0.599793
0.596192
0.594135
0.594175
0.596527
0.601134
0.607587
0.615284
0.623528
0.631717
0.63936
0.646175
0.651946
0.656493
0.659647
0.661141
0.660573
0.657611
0.651993
0.64365
0.632703
0.619486
0.604606
0.588909
0.573361
0.559055
0.547043
0.538291
0.533485
0.53303
0.536959
0.544982
0.55645
0.57051
0.586185
0.602486
0.618379
0.632987
0.645577
0.655669
0.662963
0.66749
0.66941
0.669064
0.666871
0.663211
0.658335
0.652429
0.645571
0.637763
0.62897
0.619215
0.60874
0.597935
0.587457
0.578218
0.571134
0.566937
0.565887
0.567722
0.571669
0.576649
0.581491
0.585142
0.586856
0.586263
0.583529
0.579214
0.57426
0.569816
0.566979
0.566548
0.568961
0.574154
0.581629
0.590523
0.599843
0.608671
0.616316
0.622378
0.626827
0.629928
0.632189
0.634139
0.636235
0.638831
0.641975
0.64559
0.649446
0.653231
0.656652
0.659525
0.6617
0.663213
0.664181
0.664746
0.664916
0.6645
0.663068
0.660037
0.654841
0.647119
0.6369
0.624639
0.611262
0.597988
0.585976
0.576178
0.569105
0.564758
0.562746
0.562402
0.563056
0.564177
0.565447
0.566813
0.568464
