0.797552
0.785727
0.765484
0.738256
0.705807
0.670281
0.634232
0.600651
0.572535
0.55235
0.541403
0.539447
0.54484
0.555094
0.567601
0.580168
0.591251
0.600027
0.606295
0.610461
0.613402
0.616295
0.620241
0.62588
0.633166
0.641364
0.649423
0.656288
0.661179
0.663545
0.663186
0.660202
0.65502
0.648329
0.64101
0.634093
0.628594
0.625279
0.624317
0.625209
0.626953
0.628426
0.628745
0.627466
0.624654
0.620781
0.616619
0.612987
0.610582
0.60971
0.610226
0.61159
0.613261
0.615041
0.61723
0.620557
0.625707
0.632838
0.641312
0.649969
0.657558
0.66318
0.666404
0.667203
0.66578
0.662464
0.657669
0.651918
0.645809
0.640046
0.635295
0.632136
0.630779
0.630961
0.631958
0.632795
0.632562
0.630637
0.626906
0.621818
0.616404
0.612037
0.610142
0.611665
0.616688
0.624369
0.633102
0.640953
0.646103
0.647267
0.644007
0.636764
0.626754
0.615615
0.604915
0.595779
0.588793
0.584311
0.582727
0.584582
0.590415
0.600324
0.613635
0.628854
0.64403
0.657276
0.667163
0.672901
0.674346
0.671826
0.666113
0.658251
0.649319
0.640293
0.631901
0.624563
0.61839
0.613191
0.608623
0.604319
0.600137
0.59632
0.593415
0.592108
0.592912
0.595897
0.600652
0.606444
0.612616
0.618843
0.625323
0.632614
0.641355
0.651846
0.663695
0.675829
0.686753
0.695032
0.699636
0.700157
0.6968
0.690196
0.681179
0.670578
0.659042
0.647042
0.634972
0.623197
0.612257
0.602702
0.595077
0.589815
0.587119
0.586858
0.588591
0.591703
0.595571
0.599828
0.604395
0.609265
0.614279
0.619047
0.623049
0.625958
0.627931
0.629628
0.631942
0.635644
0.640987
0.647654
0.65497
0.662069
0.668148
0.672562
0.674966
0.675274
0.673679
0.670548
0.666305
0.661302
0.655787
0.649899
0.643799
0.637755
0.63206
0.627011
0.62276
0.619144
0.615664
0.611644
0.606419
0.599624
0.591396
0.58242
0.57385
0.567162
0.563841
0.565044
0.571246
0.581943
0.595608
0.610185
0.623742
0.635013
0.643574
0.649667
0.653877
0.656755
0.658656
0.659661
0.659667
0.658534
0.656285
0.653144
0.649524
0.645887
0.642543
0.639606
0.636977
0.634533
0.632319
0.630607
0.629866
0.630572
0.632962
0.63706
0.642668
0.649445
0.656931
0.664616
0.671884
0.678057
0.68239
0.68413
0.682716
0.677868
0.669812
0.659346
0.647783
0.636744
0.627587
0.621032
0.616978
0.614657
0.613064
0.611297
0.608736
0.605256
0.601164
0.59716
0.594047
0.592582
0.593264
0.596258
0.601289
0.607723
0.614572
0.620785
0.625465
0.628125
0.628744
0.627861
0.626226
0.624583
0.623436
0.62293
0.623019
0.623626
0.624713
0.626254
0.628183
0.630356
0.632521
0.634353
0.635528
0.635772
0.634947
0.633082
0.6304
0.627282
0.624145
0.621296
0.618879
0.616777
0.614724
0.612443
0.609869
0.607158
0.604714
0.603149
0.603165
0.605368
0.610138
0.617514
0.627179
0.638643
0.651163
0.663893
0.675824
0.685881
0.693062
0.696675
0.696503
0.692811
0.68627
0.677696
0.667892
0.657541
0.64714
0.637046
0.627423
0.618408
0.610331
0.603762
0.599398
0.597887
0.599513
0.604016
0.610671
0.618411
0.62622
0.633282
0.638905
0.642501
0.643696
0.642456
0.639212
0.634714
0.62952
0.62373
0.616779
0.607813
0.596316
0.582608
0.567956
0.554298
0.54378
0.53824
0.538747
0.545511
0.557912
0.574736
0.594463
0.615479
0.636145
0.654996
0.670873
0.683038
0.691204
0.695432
0.696099
0.693812
0.689373
0.683663
0.677327
0.670615
0.663329
0.655115
0.645695
0.635342
0.625033
0.616498
0.611935
0.613313
0.621433
0.635424
0.65292
0.670835
0.686293
0.697143
0.70213
0.700826
0.69341
0.680643
0.663783
0.644541
0.624889
0.606914
0.59255
0.583228
0.579745
0.582121
0.589539
0.600524
0.613214
0.625736
0.63643
0.644102
0.648129
0.648454
0.64549
0.639889
0.632327
0.623215
0.612749
0.601168
0.589163
0.578054
0.569616
0.565561
0.566909
0.573573
0.584315
0.597135
0.609938
0.621079
0.629751
0.636073
0.640821
0.645093
0.649818
0.655419
0.661621
0.667676
0.672657
0.675893
0.677114
0.676437
0.674253
0.670972
0.666982
0.662561
0.657863
0.653136
0.648843
0.64561
0.644036
0.644489
0.646824
0.650276
0.653555
0.655127
0.65363
0.648216
0.63872
0.625701
0.610315
0.594102
0.578731
0.565769
0.55641
0.551354
0.550766
0.554238
0.560965
0.570021
0.580551
0.591958
0.603677
0.615014
0.625155
0.633271
0.638826
0.64182
0.642741
0.642377
0.641626
0.641266
0.641721
0.643053
0.644968
0.646947
0.648442
0.648991
0.648349
0.646488
0.643615
0.64005
0.636231
0.632614
0.629704
0.627903
0.627399
0.628123
0.629737
0.631831
0.634178
0.636754
0.639628
0.642763
0.64599
0.648959
0.651192
0.652137
0.651296
0.6483
0.64303
0.635677
0.62672
0.616895
0.6071
0.598284
0.591229
0.586461
0.584246
0.584621
0.587574
0.59313
0.601338
0.612106
0.62495
0.638959
0.652844
0.665249
0.674959
0.681106
0.683112
0.680795
0.674258
0.663904
0.650377
0.634665
0.618109
0.602296
0.588831
0.578975
0.57341
0.572136
0.574655
0.580104
0.587257
0.594821
0.601674
0.607159
0.611264
0.614664
0.618486
0.623832
0.631307
0.640799
0.651552
0.662609
0.673205
0.683035
0.692111
0.700447
0.707734
0.713364
0.716412
0.715957
0.711218
0.701816
0.687796
0.669733
0.64868
0.626143
0.603915
0.583884
0.567744
0.556652
0.551053
0.550514
0.553991
0.560088
0.567401
0.574779
0.58151
0.587213
0.591862
0.595677
0.59913
0.602878
0.6077
0.614207
0.62254
0.632293
0.642765
0.653322
0.663376
0.672291
0.679297
0.683407
0.683711
0.679709
0.671602
0.660457
0.647991
0.636127
0.626398
0.61958
0.615738
0.614434
0.615121
0.617446
0.621423
0.627283
0.635312
0.645441
0.657013
0.6687
0.678757
0.685296
0.686641
0.681723
0.670312
0.653074
0.631613
0.608196
0.585432
0.565801
0.551236
0.542902
0.541064
0.545197
0.55419
0.566581
0.580855
0.595683
0.610212
0.624059
0.637184
0.649692
0.661495
0.672061
0.680466
0.685609
0.686576
0.682921
0.6749
0.663548
0.650519
0.637797
0.627319
0.620742
0.619155
0.622882
0.631131
0.641862
0.652223
0.659536
0.662092
0.659547
0.652792
0.643539
0.633699
0.624904
0.618134
0.61378
0.611962
0.612708
0.616089
0.622113
0.630443
0.640212
0.650072
0.658466
0.664072
0.666165
0.664641
0.659818
0.652284
0.642652
0.631535
0.619652
0.608059
0.598138
0.591428
0.589097
0.591455
0.597735
0.606409
0.615729
0.624282
0.631152
0.635985
0.638849
0.640125
0.64035
0.640132
0.63992
0.63994
0.640116
0.640192
0.640018
0.639742
0.639943
0.641367
0.644481
0.649049
0.653931
0.657526
0.658365
0.655562
0.649094
0.639707
0.628631
0.617387
0.607547
0.6007
0.598093
0.600251
0.606708
0.616106
0.626684
0.636772
0.645144
0.651065
0.654139
0.654346
0.651796
0.646597
0.638703
0.627978
0.614532
0.599078
0.58336
0.569889
0.561255
0.559022
0.563147
0.572168
0.583845
0.595921
0.606716
0.61527
0.621404
0.62547
0.628104
0.629992
0.631721
0.633666
0.635927
0.638299
0.640347
0.641644
0.642035
0.64177
0.641326
0.641299
0.642203
0.64427
0.647367
0.650948
0.654154
0.656022
0.655773
0.653086
0.648203
0.641835
0.635064
0.629072
0.624934
0.623314
0.624361
0.627619
0.632114
0.636728
0.64061
0.643441
0.645363
0.646606
0.647164
0.646521
0.643774
0.638168
0.629461
0.618142
0.605299
0.592272
0.580444
0.571024
0.565061
0.563496
0.567153
0.576553
0.591363
0.610014
0.629851
0.64797
0.662087
0.671021
0.674719
0.674077
0.670639
0.666174
0.662182
0.659415
0.657708
0.656243
0.654039
0.650401
0.645196
0.638781
0.631885
0.625527
0.620771
0.618555
0.61946
0.623428
0.629731
0.637162
0.644347
0.650037
0.65326
0.653338
0.64984
0.642932
0.633732
0.624513
0.617866
0.615125
0.61579
0.618537
0.622435
0.62748
0.634068
0.642421
0.652131
0.662044
0.670699
0.67679
0.679455
0.678446
0.674034
0.66682
0.657518
0.646894
0.635685
0.624552
0.61402
0.604653
0.596989
0.591536
0.588618
0.588274
0.590355
0.594595
0.600703
0.60831
0.616931
0.626028
0.635059
0.643514
0.650886
0.656558
0.659944
0.6606
0.658412
0.65361
0.646869
0.639224
0.631871
0.625969
0.622361
0.621453
0.623115
0.62673
0.631254
0.635559
0.638598
0.63969
0.638693
0.636017
0.632545
0.629438
0.627953
0.62907
0.633212
0.640041
0.648445
0.656791
0.663339
0.666723
0.666295
0.662229
0.655408
0.647046
0.638401
0.630429
0.62362
0.618058
0.613533
0.609782
0.60663
0.603953
0.601749
0.600148
0.599422
0.599959
0.602171
0.606371
0.612543
0.620206
0.628452
0.636078
0.641873
0.644912
0.644686
0.641319
0.635477
0.628179
0.620435
0.61307
0.606586
0.60119
0.597019
0.594232
0.592999
0.593461
0.595711
0.599745
0.605634
0.613438
0.62326
0.634991
0.648126
0.661641
0.67417
0.684221
0.690471
0.692107
0.688926
0.681315
0.670336
0.657511
0.644571
0.633169
0.624605
0.61951
0.617665
0.618127
0.61968
0.621231
0.622116
0.622236
0.621871
0.621498
0.621428
0.621661
0.621816
0.62145
0.620324
0.618709
0.617219
0.616555
0.617161
0.618984
0.621473
0.62368
0.624634
0.623578
0.620241
0.614903
0.608403
0.602037
0.59751
0.596602
0.600729
0.610407
0.625004
0.642857
0.661608
0.678762
0.692096
0.700057
0.701759
0.697098
0.686639
0.671425
0.652715
0.631943
0.610561
0.590054
0.571953
0.557844
0.549213
0.547111
0.551893
0.562956
0.578828
0.59756
0.617226
0.636327
0.653926
0.669518
0.682776
0.693346
0.700769
0.704575
0.704393
0.700159
0.692275
0.681603
0.669208
0.656054
0.6428
0.62982
0.617587
0.607063
0.599618
0.596492
0.598084
0.603658
0.611553
0.619847
0.626844
0.63148
0.633504
0.633415
0.632096
0.630408
0.628857
0.627452
0.625864
0.623687
0.620799
0.617439
0.614161
0.611674
0.610696
0.611769
0.615133
0.620544
0.627184
0.633719
0.638526
0.640148
0.63772
0.631211
0.621496
0.610098
0.59883
0.589549
0.583811
0.582656
0.586564
0.595394
0.608301
0.623809
0.640061
0.65518
0.66764
0.676588
0.681671
0.682885
0.680373
0.67431
0.665366
0.655126
0.645952
0.640224
0.639287
0.642961
0.649967
0.658673
0.667644
0.675669
0.681665
0.684526
0.683267
0.677256
0.666533
0.651953
0.635233
0.618617
0.60435
0.59418
0.588858
0.587991
0.590493
0.594988
0.600176
0.605083
0.609106
0.612025
0.613871
0.614803
0.615016
0.614653
0.613784
0.612225
0.609757
0.606145
0.60138
0.595797
0.589955
0.584582
0.580368
0.577825
0.57719
0.578569
0.581912
0.587071
0.593801
0.601836
0.610998
0.62115
0.632226
0.644156
0.656717
0.669479
0.681638
0.692153
0.699849
0.703553
0.702342
0.695702
0.683811
0.667574
0.648704
0.629471
0.612378
0.599661
0.592854
0.592465
0.597932
0.607798
0.620094
0.632793
0.644158
0.653005
0.658686
0.661016
0.659993
0.655789
0.648705
0.639232
0.628183
0.616761
0.606402
0.598528
0.594168
0.593695
0.596764
0.60259
0.61036
0.619408
0.629139
0.638923
0.648028
0.655691
0.661235
0.664189
0.664363
0.661871
0.657137
0.650752
0.643468
0.636114
0.629499
0.624306
0.620916
0.619317
0.619071
0.619381
0.619412
0.618515
0.616477
0.613498
0.610116
0.606959
0.604543
0.603108
0.602558
0.602605
0.602891
0.603169
0.603415
0.603739
0.604377
0.605592
0.607654
0.610828
0.615347
0.62134
0.628699
0.63716
0.646234
0.655305
0.663717
0.670838
0.676096
0.678939
0.678936
0.675775
0.669279
0.659464
0.646639
0.631477
0.615166
0.599298
0.585695
0.575998
0.571328
0.571914
0.577033
0.585313
0.59507
0.604765
0.613247
0.619825
0.624244
0.626643
0.627437
0.627219
0.626676
0.626599
0.627743
0.630749
0.635937
0.643215
0.652038
0.661458
0.670351
0.677652
0.682567
0.684734
0.68418
0.681291
0.676584
0.670597
0.663655
0.655839
0.647093
0.637288
0.626471
0.615101
0.604117
0.594927
0.58893
0.586923
0.588719
0.593123
0.598527
0.603508
0.607261
0.609669
0.611082
0.612067
0.613105
0.614545
0.616546
0.619039
0.621839
0.624777
0.627783
0.630823
0.633791
0.636491
0.638601
0.63985
0.640235
0.64011
0.64008
0.640838
0.642787
0.646003
0.650072
0.654191
0.657454
0.659047
0.658594
0.656145
0.652033
0.646691
0.64049
0.633779
0.627009
0.621057
0.617124
0.616369
0.619269
0.625098
0.632368
0.639582
0.645695
0.65011
0.652553
0.652994
0.651691
0.64904
0.645489
0.641379
0.636896
0.6322
0.627575
0.623504
0.620576
0.619263
0.619808
0.622226
0.626352
0.631916
0.638582
0.645839
0.652924
0.658728
0.661881
0.661063
0.655296
0.644255
0.628447
0.609191
0.588376
0.568265
0.551175
0.539091
0.533314
0.534227
0.541268
0.553103
0.56791
0.583735
0.59874
0.61146
0.620939
0.626836
0.629454
0.629665
0.6286
0.627485
0.627356
0.628755
0.631723
0.635862
0.640558
0.645219
0.649293
0.652347
0.653993
0.653805
0.651261
0.645912
0.637652
0.626819
0.614409
0.602013
0.591486
0.584578
0.582546
0.585968
0.594587
0.607395
0.622783
0.638588
0.652371
0.661746
0.664775
0.660483
0.649202
0.632784
0.61447
0.598267
0.587906
0.585791
0.592235
0.605633
0.623152
0.641704
0.658527
0.671502
0.679253
0.681092
0.677074
0.66787
0.654789
0.639521
0.624104
0.610606
0.600788
0.595862
0.596163
0.601186
0.609783
0.620566
0.632143
0.643192
0.652491
0.658996
0.661949
0.661135
0.656939
0.650261
0.64233
0.634337
0.627203
0.621421
0.617138
0.614201
0.612416
0.611612
0.611795
0.613075
0.615633
0.619698
0.625436
0.632743
0.641295
0.650477
0.659455
0.667368
0.673416
0.676897
0.677266
0.674161
0.667468
0.657382
0.64448
0.629736
0.614637
0.600944
0.59047
0.584675
0.584258
0.588987
0.597811
0.609077
0.620848
0.631283
0.638727
0.642041
0.640993
0.636439
0.630131
0.624043
0.619723
0.618088
0.61964
0.624539
0.63233
0.64195
0.65196
0.660893
0.667551
0.671112
0.671366
0.66875
0.66424
0.659109
0.654624
0.651803
0.65119
0.652794
0.6561
0.660111
0.663655
0.665628
0.665246
0.662223
0.656774
0.649485
0.641128
0.632351
0.623551
0.61494
0.606632
0.598795
0.591901
0.586658
0.583932
0.584482
0.588652
0.596231
0.606526
0.618542
0.631205
0.643556
0.654772
0.664135
0.670917
0.674393
0.673852
0.668812
0.659133
0.645287
0.628455
0.610468
0.593426
0.579129
0.568567
0.561776
0.557931
0.555702
0.553669
0.550746
0.54648
0.541177
0.535776
0.531675
0.530429
0.533312
0.541063
0.553712
0.570536
0.590198
0.610926
0.6308
0.648068
0.661425
0.670183
0.674386
0.674833
0.672888
0.670201
0.668323
0.668358
0.6708
0.675498
0.681721
0.688405
0.694329
0.698372
0.699668
0.697818
0.692893
0.685436
0.676258
0.666268
0.656176
0.646476
0.637598
0.630023
0.62439
0.621227
0.62075
0.622756
0.626576
0.631202
0.635456
0.638262
0.6388
0.636769
0.632347
0.626095
0.618787
0.611199
0.604017
0.597746
0.592752
0.589132
0.586762
0.585459
0.585023
0.585315
0.586447
0.588714
0.59247
0.59793
0.605011
0.613234
0.62176
0.629531
0.635677
0.639732
0.641687
0.641952
0.641138
0.63982
0.638375
0.636955
0.635608
0.634263
0.632836
0.631307
0.629735
0.628217
0.626862
0.625792
0.625187
0.62524
0.626176
0.628169
0.631342
0.635618
0.640617
0.645633
0.649826
0.652452
0.653027
0.651334
0.647467
0.641756
0.634683
0.626831
0.618951
0.611895
0.606524
0.603536
0.603356
0.606005
0.610885
0.61688
0.622614
0.626838
0.628774
0.628282
0.625856
0.622359
0.618812
0.616188
0.615246
0.616468
0.619995
0.625611
0.632793
0.640706
0.648204
0.654133
0.657644
0.658407
0.656644
0.653025
0.648387
0.643537
0.639106
0.635503
0.63289
0.631165
0.630026
0.628912
0.62713
0.623934
0.618777
0.611472
0.602406
0.592587
0.583557
0.577052
0.57458
0.577048
0.584573
0.596725
0.612729
0.631596
0.651955
0.672043
0.689927
0.703921
0.712806
0.715848
0.712826
0.703891
0.68955
0.670656
0.648434
0.624511
0.600924
0.57986
0.563426
0.55338
0.550812
0.556035
0.568365
0.5861
0.606748
0.627493
0.645751
0.659624
0.668148
0.671186
0.669299
0.663542
0.655309
0.646209
0.637805
0.631442
0.628028
0.627733
0.630139
0.634295
0.639088
0.643555
0.647068
0.649336
0.650439
0.650613
0.650106
0.649035
0.647305
0.644813
0.641563
0.637825
0.634095
0.630928
0.628725
0.627667
0.627546
0.627845
0.627887
0.627024
0.624699
0.620534
0.614489
0.60705
0.599236
0.592526
0.588527
0.588471
0.59284
0.601156
0.612082
0.623847
0.634612
0.642911
0.647875
0.649273
0.647428
0.643036
0.637095
0.630732
0.625109
0.621233
0.619817
0.621167
0.625215
0.631608
0.639634
0.648203
0.655898
0.661165
0.66274
0.659984
0.653048
0.642909
0.631273
0.620247
0.611802
0.607344
0.607466
0.61162
0.618194
0.624897
0.62956
0.630789
0.628338
0.623045
0.616352
0.609827
0.604784
0.602129
0.602535
0.606371
0.613727
0.624184
0.636722
0.649987
0.662586
0.673407
0.681647
0.686783
0.688497
0.686715
0.682006
0.675435
0.668395
0.662064
0.657084
0.653638
0.651701
0.651069
0.651305
0.651634
0.651174
0.649122
0.644987
0.638671
0.630553
0.621348
0.611891
0.602987
0.595284
0.589314
0.585633
0.584842
0.587466
0.593666
0.603028
0.614509
0.626718
0.638208
0.647713
0.6543
0.657389
0.656674
0.652066
0.643774
0.6324
0.61897
0.604995
0.592238
0.582458
0.576952
0.576109
0.579229
0.584844
0.591418
0.597881
0.603824
0.609158
0.613938
0.618171
0.621903
0.625202
0.628089
0.630558
0.632549
0.634066
0.635309
0.636572
0.638215
0.640542
0.643624
0.647185
0.650623
0.653192
0.65424
0.653471
0.651016
0.647444
0.643462
0.639727
0.636547
0.633812
0.630996
0.627448
0.622604
0.616278
0.608794
0.600817
0.593218
0.586875
0.582588
0.581024
0.582564
0.58728
0.594878
0.60476
0.616174
0.628303
0.640283
0.651327
0.660754
0.668153
0.673482
0.676917
0.678822
0.679562
0.679406
0.678418
0.676255
0.672334
0.666053
0.657194
0.64612
0.633793
0.621487
0.610488
0.601728
0.59567
0.592428
0.591879
0.593705
0.59738
0.602221
0.607407
0.612126
0.615715
0.617839
0.618534
0.618218
0.617544
0.617193
0.61762
0.619042
0.621398
0.624492
0.62803
0.631591
0.634631
0.63652
0.636577
0.634144
0.62878
0.62044
0.609454
0.596737
0.58377
0.572502
0.56516
0.563772
0.569499
0.582296
0.600922
0.623387
0.647447
0.670896
0.691614
0.707722
0.717698
0.720517
0.715819
0.703899
0.685807
0.663313
0.638682
0.614514
0.59342
0.577629
0.568559
0.566662
0.571434
0.581643
0.595667
0.611799
0.628611
0.644995
0.660173
0.673634
0.685018
0.694124
0.700752
0.704766
0.706034
0.704513
0.700176
0.69314
0.683638
0.671954
0.658476
0.643684
0.628144
0.612601
0.597861
0.584708
0.573852
0.565822
0.560976
0.559602
0.561869
0.567743
0.576787
0.588169
0.600647
0.612836
0.623475
0.631546
0.636462
0.638067
0.636669
0.633139
0.628761
0.624985
0.622861
0.622877
0.624934
0.628542
0.633142
0.638226
0.643398
0.648311
0.652544
0.655606
0.656868
0.655634
0.651259
0.643316
0.631803
0.617274
0.600877
0.584315
0.569683
0.559181
0.554591
0.556909
0.566071
0.580908
0.599466
0.619626
0.639469
0.65747
0.672642
0.684313
0.692041
0.695594
0.694931
0.690272
0.682074
0.671033
0.658007
0.643948
0.629709
0.61612
0.604093
0.594658
0.588842
0.587505
0.591034
0.599072
0.610445
0.623361
0.635742
0.645603
0.651538
0.653009
0.650557
0.645569
0.639815
0.634739
0.630937
0.628152
0.62561
0.622534
0.618533
0.613853
0.609189
0.605542
0.603818
0.604624
0.608173
0.614273
0.622434
0.632054
0.642529
0.653291
0.663847
0.673754
0.68261
0.690127
0.696222
0.700926
0.704369
0.706602
0.707587
0.707081
0.704608
0.699466
0.691051
0.679024
0.663396
0.644612
0.623468
0.601039
0.578663
0.557865
0.540184
0.526891
0.519013
0.517359
0.522386
0.533961
0.551063
0.571673
0.593233
0.61329
0.629957
0.642113
0.649341
0.651864
0.65044
0.6464
0.64173
0.638781
0.63942
0.643847
0.65033
0.656266
0.659444
0.658613
0.65352
0.644565
0.632735
0.619539
0.606833
0.596546
0.590321
0.589123
0.593114
0.601607
0.613203
0.625996
0.637859
0.646897
0.651722
0.6518
0.647458
0.63986
0.630672
0.621703
0.614685
0.610835
0.610712
0.614263
0.620912
0.629802
0.639927
0.650364
0.660458
0.669651
0.677408
0.683108
0.686169
0.686267
0.683464
0.677978
0.670057
0.659788
0.647054
0.631766
0.614167
0.595025
0.575731
0.558131
0.544271
0.535887
0.533933
0.538352
0.548138
0.561795
0.577904
0.595453
0.613833
0.63255
0.650859
0.667792
0.682286
0.693341
0.700162
0.702174
0.699077
0.691081
0.679095
0.664794
0.650405
0.638269
0.630289
0.627493
0.629867
0.63632
0.645052
0.653919
0.660817
0.664033
0.662571
0.656239
0.645682
0.632243
0.617744
0.604182
0.593283
0.586205
0.583319
0.584183
0.587795
0.592835
0.598005
0.602302
0.605256
0.606925
0.607702
0.608271
0.609357
0.61156
0.615368
0.621049
0.628657
0.637931
0.64831
0.658949
0.668854
0.677058
0.6827
0.685198
0.684328
0.680129
0.672817
0.66281
0.650613
0.63682
0.622128
0.607408
0.593856
0.582879
0.576019
0.57448
0.57862
0.587794
0.600377
0.614218
0.627055
0.636976
0.642518
0.642819
0.63765
0.627438
0.613278
0.596862
0.580361
0.566158
0.556546
0.55331
0.557318
0.568325
0.585131
0.605874
0.628508
0.651112
0.672008
0.68989
0.703873
0.71362
0.719321
0.721602
0.721313
0.719331
0.716368
0.712771
0.708531
0.703382
0.696959
0.688985
0.679288
0.667857
0.654804
0.640315
0.62468
0.608311
0.591734
0.575726
0.561513
0.550858
0.54583
0.547903
0.55705
0.571349
0.587675
0.602876
0.614581
0.621487
0.62331
0.620568
0.614261
0.605591
0.595564
0.584902
0.574124
0.563745
0.554495
0.547307
0.543193
0.54322
0.548438
0.5596
0.576615
0.598018
0.621169
0.64312
0.661535
0.675123
0.683526
0.687031
0.686152
0.681633
0.674532
0.66614
0.658021
0.65186
0.64927
0.650973
0.656096
0.66215
0.666295
0.666781
0.663497
0.65774
0.651516
0.646911
0.645541
0.648176
0.654542
0.66341
0.672919
0.681097
0.686188
0.686959
0.682924
0.674576
0.663353
0.65148
0.6412
0.633887
0.629623
0.627534
0.626466
0.62552
0.624159
0.622065
0.618898
0.614365
0.608337
0.600862
0.592225
0.582954
0.573755
0.565517
0.559196
0.555648
0.555493
0.558924
0.565556
0.574627
0.585147
0.596084
0.606547
0.615858
0.623623
0.629614
0.633733
0.635818
0.635724
0.633441
0.629293
0.62408
0.619044
0.615557
0.61473
0.617095
0.622396
0.629782
0.638104
0.64623
0.653191
0.658409
0.661623
0.662715
0.661572
0.658169
0.652638
0.645375
0.637175
0.629239
0.623009
0.619907
0.621084
0.62698
0.637067
0.650013
0.664154
0.678011
0.690697
0.701737
0.710786
0.717356
0.720789
0.720501
0.716302
0.708455
0.697598
0.68451
0.669835
0.65403
0.637335
0.619915
0.602108
0.584467
0.567882
0.553521
0.542624
0.536245
0.534913
0.538564
0.54647
0.557486
0.570421
0.584173
0.597851
0.610676
0.621889
0.630769
0.63683
0.639922
0.640215
0.638198
0.634411
0.629373
0.623526
0.617264
0.611057
0.605431
0.600908
0.597932
0.596794
0.597571
0.600239
0.60466
0.610488
0.617079
0.623449
0.628453
0.631211
0.63146
0.629707
0.62726
0.625732
0.626385
0.62951
0.634327
0.639328
0.64315
0.645328
0.646367
0.647114
0.648108
0.649376
0.650625
0.651697
0.652729
0.654087
0.656152
0.659087
0.662756
0.666717
0.67033
0.672883
0.673663
0.672067
0.667639
0.660046
0.64938
0.636297
0.621927
0.607907
0.596082
0.58814
0.585231
0.58768
0.594919
0.605745
0.618554
0.631642
0.643373
0.652235
0.657029
0.657106
0.652578
0.644355
0.634086
0.623966
0.616108
0.61214
0.612736
0.617503
0.625237
0.634238
0.642743
0.649302
0.652979
0.653423
0.650892
0.646041
0.639774
0.632927
0.626168
0.619969
0.614766
0.611035
0.609304
0.610051
0.613424
0.618993
0.625633
0.631795
0.635892
0.6368
0.634192
0.628449
0.620486
0.611366
0.60212
0.593722
0.587042
0.582773
0.581405
0.5831
0.587628
0.594501
0.603159
0.613141
0.624178
0.636201
0.649327
0.66352
0.678435
0.693375
0.707226
0.718631
0.726282
0.729137
0.726622
0.718708
0.705929
0.689344
0.670352
0.650583
0.631734
0.615298
0.602389
0.593604
0.588918
0.587805
0.589453
0.592955
0.597461
0.602235
0.606778
0.610833
0.614462
0.617959
0.621602
0.625336
0.628685
0.63102
0.63185
0.631133
0.629335
0.627234
0.625649
0.625142
0.625914
0.627795
0.630377
0.633146
0.635689
0.637739
0.639062
0.639436
0.638509
0.635884
0.631223
0.624384
0.615517
0.605213
0.594342
0.583948
0.575022
0.568398
0.564644
0.564121
0.566978
0.573196
0.582566
0.594681
0.608807
0.623813
0.638286
0.650643
0.659562
0.664341
0.66499
0.662271
0.657424
0.651891
0.647011
0.643913
0.64338
0.645691
0.65049
0.656854
0.663475
0.668988
0.6722
0.672411
0.669478
0.663699
0.655758
0.646505
0.636753
0.627334
0.619014
0.612565
0.608726
0.607973
0.610301
0.615053
0.621087
0.627118
0.632078
0.635196
0.636013
0.634386
0.630487
0.624702
0.617592
0.609858
0.602316
0.59586
0.591355
0.589575
0.590937
0.595439
0.602544
0.611321
0.620614
0.629312
0.63645
0.641321
0.643476
0.642703
0.639043
0.632773
0.624432
0.614865
0.605149
0.596502
0.59016
0.587103
0.587944
0.59274
0.601041
0.611945
0.624281
0.636795
0.648429
0.658455
0.666502
0.672459
0.676246
0.677676
0.676581
0.672929
0.66705
0.659749
0.652233
0.645786
0.641454
0.63972
0.640332
0.64241
0.644727
0.646157
0.645898
0.643621
0.639475
0.634005
0.627955
0.622101
0.617018
0.612886
0.609559
0.606817
0.604673
0.60349
0.603805
0.606123
0.61058
0.616796
0.624064
0.631551
0.638649
0.645082
0.650824
0.655814
0.659681
0.661733
0.661131
0.657319
0.650375
0.641236
0.631363
0.622323
0.615394
0.611228
0.609975
0.611174
0.614015
0.617363
0.619883
0.620296
0.617737
0.612201
0.604602
0.596411
0.589195
0.584055
0.581342
0.580637
0.581023
0.581451
0.581063
0.579502
0.577106
0.574992
0.574866
0.578456
0.587105
0.601214
0.620032
0.64174
0.663854
0.683771
0.699231
0.708595
0.710963
0.706328
0.695615
0.680602
0.663711
0.647431
0.633801
0.624043
0.618522
0.617051
0.619207
0.624347
0.631775
0.640848
0.650963
0.661383
0.671081
0.678851
0.683523
0.68434
0.681132
0.6745
0.665723
0.656272
0.647464
0.640237
0.635001
0.631628
0.629546
0.627843
0.625598
0.622263
0.617784
0.612559
0.607166
0.602204
0.598193
0.595584
0.594853
0.596261
0.599762
0.604916
0.610992
0.617158
0.622654
0.626845
0.629272
0.629642
0.627883
0.624018
0.618273
0.611152
0.603271
0.595349
0.587991
0.58157
0.576223
0.571985
0.569035
0.567818
0.569114
0.573915
0.583145
0.597253
0.61584
0.637493
0.66001
0.681019
0.698597
0.711604
0.719698
0.723131
0.722442
0.718136
0.710687
0.700553
0.688247
0.674392
0.659758
0.645285
0.632052
0.621272
0.614022
0.610972
0.612283
0.617445
0.625479
0.635109
0.644959
0.653682
0.66007
0.663275
0.662873
0.658902
0.651775
0.642134
0.630721
0.618402
0.60609
0.594745
0.585195
0.578013
0.573501
0.571802
0.573
0.577225
0.584633
0.595256
0.60878
0.624408
0.640841
0.656406
0.669373
0.678232
0.681838
0.679622
0.671727
0.659026
0.643108
0.626202
0.610769
0.599101
0.59287
0.592691
0.598002
0.607207
0.618165
0.628652
0.636854
0.641649
0.642736
0.640559
0.636137
0.63061
0.624946
0.619674
0.614798
0.61
0.605068
0.600235
0.596202
0.593997
0.594623
0.598669
0.606175
0.616612
0.629063
0.642388
0.655463
0.667225
0.676774
0.683489
0.686985
0.68721
0.684469
0.679343
0.672611
0.665159
0.657879
0.651509
0.646508
0.642948
0.640412
0.638136
0.635299
0.631322
0.62612
0.620108
0.614077
0.608906
0.605249
0.603374
0.60307
0.603699
0.604453
0.604665
0.604084
0.602957
0.601934
0.601643
0.60253
0.604816
0.608541
0.61371
0.620219
0.627759
0.635859
0.644024
0.651934
0.659497
0.666701
0.673408
0.679277
0.683632
0.685602
0.684394
0.679507
0.670814
0.658614
0.643541
0.626521
0.608675
0.591208
0.575383
0.562251
0.552689
0.547238
0.546027
0.5488
0.554949
0.563681
0.574258
0.586118
0.598958
0.6126
0.626837
0.64116
0.654661
0.666097
0.674044
0.677415
0.675806
0.669733
0.660557
0.650104
0.640064
0.631485
0.624719
0.619684
0.616121
0.613867
0.612997
0.613663
0.615982
0.61997
0.62544
0.632021
0.639218
0.646542
0.653556
0.659878
0.665067
0.668594
0.669873
0.668338
0.663572
0.655389
0.643939
0.629762
0.613856
0.597721
0.58324
0.572441
0.567138
0.568377
0.576091
0.588955
0.604821
0.621254
0.636166
0.648108
0.65635
0.660701
0.66131
0.658496
0.652744
0.644946
0.636481
0.629018
0.624166
0.622869
0.625124
0.629928
0.63578
0.641117
0.644534
0.645101
0.642568
0.637291
0.630229
0.622719
0.616245
0.612115
0.611158
0.613427
0.618139
0.623805
0.628633
0.631143
0.630562
0.627061
0.621752
0.616321
0.612537
0.611661
0.614154
0.619686
0.627266
0.635836
0.644522
0.652878
0.660759
0.668098
0.674748
0.680317
0.68418
0.685623
0.684216
0.679823
0.672761
0.663602
0.65298
0.641438
0.62947
0.617588
0.606578
0.59746
0.591373
0.589174
0.591157
0.596779
0.604722
0.613102
0.620005
0.623927
0.624166
0.620888
0.615015
0.607883
0.600909
0.595356
0.592153
0.591898
0.594857
0.600966
0.60969
0.620092
0.630983
0.641159
0.649795
0.656624
0.661747
0.665337
0.667364
0.66758
0.665683
0.661457
0.654952
0.646481
0.636654
0.626339
0.61654
0.608275
0.602392
0.599426
0.599538
0.602558
0.607958
0.614992
0.622813
0.630618
0.637778
0.643809
0.648391
0.65121
0.651937
0.65024
0.645893
0.639004
0.630125
0.620133
0.610254
0.601835
0.59615
0.594115
0.596137
0.602061
0.611119
0.622094
0.633566
0.644119
0.65257
0.658107
0.660387
0.659554
0.656235
0.651577
0.646919
0.64358
0.642455
0.643773
0.647026
0.651255
0.655424
0.658537
0.65989
0.659001
0.655696
0.650143
0.642729
0.633918
0.624027
0.613191
0.601422
0.588865
0.57602
0.563888
0.553855
0.547404
0.54581
0.549821
0.559534
0.574291
0.592668
0.612585
0.631786
0.64836
0.661118
0.669711
0.674582
0.676616
0.67674
0.675667
0.673621
0.670361
0.665398
0.658411
0.649575
0.639703
0.63002
0.621901
0.616414
0.614059
0.614799
0.618055
0.622978
0.628697
0.634551
0.640158
0.645383
0.650146
0.654203
0.657164
0.658542
0.657923
0.655158
0.650448
0.64427
0.63723
0.62993
0.622815
0.616265
0.610558
0.605847
0.602286
0.599922
0.598894
0.599456
0.601845
0.606021
0.611558
0.617583
0.623004
0.62696
0.629174
0.630138
0.630824
0.632204
0.634773
0.638449
0.642632
0.646476
0.6492
0.650306
0.649784
0.647977
0.645398
0.642577
0.639821
0.637162
0.634401
0.631358
0.627956
0.624367
0.620957
0.618072
0.615805
0.613859
0.611698
0.608844
0.605252
0.6017
0.599699
0.601121
0.607538
0.619468
0.635891
0.654429
0.671916
0.685312
0.692458
0.692672
0.686818
0.677163
0.666553
0.657397
0.65096
0.647417
0.646291
0.646939
0.648712
0.650946
0.652806
0.653411
0.651902
0.647704
0.640735
0.631532
0.621097
0.610683
0.601494
0.594554
0.590551
0.589748
0.591933
0.596526
0.602799
0.609999
0.617453
0.624578
0.630896
0.636065
0.639874
0.642294
0.643366
0.643095
0.64137
0.638075
0.633237
0.627165
0.620511
0.614188
0.60902
0.605457
0.603504
0.602803
0.603095
0.60438
0.606896
0.610726
0.615414
0.620076
0.623785
0.626197
0.627855
0.629983
0.633884
0.640301
0.64892
0.65856
0.667519
0.674308
0.678077
0.67862
0.676222
0.671302
0.664124
0.654795
0.643651
0.631549
0.620029
0.611058
0.606432
0.607222
0.613405
0.623837
0.636535
0.649096
0.659234
0.665031
0.665265
0.659579
0.648583
0.633854
0.617663
0.602683
0.591349
0.585316
0.585204
0.590662
0.600623
0.613689
0.628353
0.643161
0.656743
0.668038
0.676281
0.68105
0.682221
0.67977
0.67372
0.664228
0.651698
0.63711
0.622445
0.610483
0.603562
0.602013
0.603765
0.60565
0.605249
0.601764
0.595846
0.589041
0.583195
0.57989
0.580108
0.584026
0.591092
0.600246
0.610338
0.620473
0.630269
0.639869
0.649784
0.660505
0.671988
0.683477
0.693525
0.700347
0.702484
0.699187
0.690695
0.678147
0.663339
0.64832
0.634987
0.624743
0.618258
0.615562
0.616299
0.61993
0.62588
0.633325
0.641091
0.647719
0.651812
0.652383
0.649202
0.642903
0.634817
0.626694
0.620347
0.616994
0.616875
0.619176
0.622262
0.62455
0.625137
0.624261
0.623406
0.6248
0.630351
0.640269
0.652668
0.664311
0.671963
0.673391
0.66774
0.655406
0.637777
0.616827
0.594965
0.574878
0.559294
0.550472
0.549592
0.556315
0.569002
0.58537
0.603159
0.620501
0.636023
0.648817
0.658328
0.664296
0.666606
0.66531
0.660688
0.653152
0.643292
0.631921
0.619996
0.608445
0.597988
0.588936
0.58128
0.574854
0.56966
0.566035
0.564751
0.566744
0.572831
0.58336
0.598069
0.61596
0.635401
0.654363
0.670749
0.682811
0.689474
0.690633
0.687015
0.679939
0.67103
0.661812
0.653361
0.646125
0.640009
0.634557
0.629201
0.6236
0.617857
0.61248
0.608343
0.606304
0.607044
0.610841
0.617509
0.626624
0.637733
0.65045
0.664397
0.679005
0.69321
0.705497
0.714129
0.717599
0.714947
0.706028
0.69149
0.672507
0.650708
0.628202
0.607511
0.591408
0.582252
0.580856
0.586078
0.595427
0.606082
0.615629
0.622379
0.625372
0.624436
0.62029
0.614836
0.610755
0.610379
0.614524
0.622438
0.632565
0.643229
0.652804
0.659844
0.663241
0.662439
0.657515
0.649178
0.63857
0.627093
0.616305
0.607746
0.60277
0.602227
0.606154
0.613635
0.623102
0.632686
0.640685
0.645871
0.64758
0.645694
0.640536
0.632726
0.622999
0.612054
0.600516
0.589024
0.578433
0.569868
0.564591
0.563765
0.567952
0.576821
0.589079
0.602825
0.616033
0.62711
0.635295
0.6407
0.644097
0.646656
0.649532
0.653508
0.658999
0.666145
0.674841
0.684802
0.695481
0.70607
0.715531
0.722661
0.72603
0.724002
0.715189
0.699042
0.676533
0.65041
0.624539
0.602339
0.585544
0.574023
0.566737
0.562677
0.561329
0.562518
0.56601
0.571352
0.577882
0.584939
0.59212
0.599224
0.606057
0.612301
0.617632
0.6219
0.625279
0.628314
0.631653
0.635862
0.641067
0.646926
0.652771
0.657732
0.66105
0.662246
0.661196
0.658067
0.653081
0.64646
0.638511
0.629756
0.620979
0.613185
0.607611
0.605685
0.608648
0.616704
0.628558
0.641746
0.65375
0.662844
0.66841
0.670718
0.670309
0.66792
0.664333
0.660087
0.655482
0.650457
0.644699
0.637832
0.629587
0.619996
0.609464
0.598735
0.588826
0.580882
0.575923
0.574652
0.577271
0.583296
0.591742
0.60131
0.610681
0.618829
0.625222
0.62976
0.632708
0.634582
0.635897
0.637058
0.638232
0.639346
0.640241
0.640834
0.641207
0.641538
0.642168
0.643484
0.645735
0.648802
0.651939
0.653881
0.653163
0.648597
0.63967
0.626884
0.61172
0.596495
0.583876
0.576193
0.574795
0.579872
0.590592
0.605443
0.622635
0.640332
0.656933
0.671162
0.682139
0.689359
0.69268
0.692351
0.688979
0.683647
0.677694
0.672508
0.668966
0.667005
0.665773
0.664242
0.661652
0.6577
0.652458
0.646148
0.639005
0.631218
0.622904
0.61426
0.60552
0.597011
0.589086
0.581972
0.575651
0.569958
0.564741
0.560152
0.556897
0.556375
0.560305
0.569956
0.58521
0.604464
0.625399
0.645914
0.664552
0.680329
0.692394
0.699958
0.702311
0.699091
0.690519
0.677466
0.661395
0.644171
0.627739
0.613752
0.603476
0.597532
0.595749
0.597188
0.600339
0.603552
0.605586
0.605946
0.604998
0.603794
0.603802
0.606411
0.612503
0.622152
0.634407
0.64764
0.659887
0.669355
0.674678
0.675062
0.670423
0.661431
0.649411
0.636187
0.623745
0.613719
0.606944
0.603362
0.602362
0.603202
0.605316
0.608412
0.612493
0.617745
0.624319
0.632161
0.640918
0.649962
0.658495
0.665689
0.670822
0.673388
0.673161
0.670032
0.664093
0.655556
0.644754
0.632226
0.618778
0.60544
0.593296
0.58334
0.576373
0.572875
0.572947
0.576238
0.582149
0.589913
0.598827
0.608261
0.617779
0.626943
0.635247
0.64215
0.647123
0.649802
0.650044
0.647968
0.643892
0.638257
0.631485
0.623948
0.615965
0.607894
0.600176
0.593403
0.588398
0.58613
0.587518
0.593112
0.602857
0.615947
0.630993
0.646249
0.659991
0.670813
0.677785
0.680535
0.67923
0.674418
0.666914
0.657656
0.647578
0.637444
0.627981
0.619893
0.61379
0.61007
0.608921
0.610265
0.613721
0.618688
0.624461
0.630304
0.635506
0.639532
0.642062
0.642985
0.642364
0.640386
0.637284
0.633226
0.628233
0.622319
0.615611
0.608583
0.602113
0.597312
0.595346
0.597151
0.603088
0.612769
0.624975
0.637966
0.649748
0.658533
0.663069
0.662904
0.658391
0.650564
0.640954
0.631229
0.622908
0.617065
0.614154
0.614083
0.616385
0.620519
0.625982
0.632411
0.639554
0.647029
0.654262
0.660543
0.665121
0.66741
0.667139
0.664325
0.65927
0.652501
0.644675
0.636585
0.628988
0.622503
0.617543
0.614134
0.612021
0.610859
0.610335
0.61039
0.611225
0.613179
0.616391
0.620725
0.625642
0.630351
0.634118
0.63645
0.637212
0.636558
0.634753
0.631965
0.628337
0.624149
0.620104
0.617388
0.617343
0.620887
0.627976
0.637427
0.647325
0.655789
0.661509
0.664026
0.663622
0.66105
0.657307
0.653304
0.649571
0.646234
0.643129
0.639918
0.636331
0.632359
0.6281
0.623803
0.619631
0.615651
0.611828
0.608066
0.604362
0.600925
0.598254
0.597024
0.597829
0.600985
0.606387
0.613487
0.621538
0.629727
0.637339
0.643823
0.648689
0.651417
0.651466
0.648436
0.642198
0.633258
0.622761
0.612374
0.603871
0.598723
0.597646
0.600617
0.607031
0.615899
0.626026
0.636299
0.645734
0.65369
0.659838
0.66398
0.66591
0.665295
0.661693
0.654832
0.644901
0.632658
0.61946
0.606945
0.596827
0.590396
0.588307
0.590468
0.59607
0.60387
0.612519
0.620942
0.628544
0.635417
0.642126
0.649347
0.657492
0.66645
0.675478
0.683462
0.689239
0.691985
0.691465
0.687986
0.682282
0.675226
0.667542
0.659561
0.651335
0.642839
0.634126
0.625401
0.616993
0.609272
0.602594
0.597388
0.594156
0.593401
0.595509
0.600503
0.60785
0.616348
0.624322
0.629949
0.631689
0.62867
0.620971
0.609675
0.596732
0.584633
0.575815
0.571929
0.57351
0.579976
0.590006
0.602063
0.614694
0.626602
0.636775
0.644469
0.649256
0.651016
0.649952
0.646721
0.642449
0.638598
0.636816
0.63852
0.644327
0.653849
0.665777
0.678202
0.689094
0.696624
0.699506
0.697201
0.689885
0.678611
0.665011
0.651099
0.638784
0.629434
0.62359
0.620954
0.620655
0.621629
0.622794
0.623164
0.621962
0.618716
0.613342
0.606207
0.597984
0.589414
0.581095
0.57352
0.567198
0.562734
0.560775
0.561824
0.565972
0.572892
0.58188
0.591959
0.602091
0.611526
0.620025
0.627971
0.636051
0.644725
0.653842
0.662685
0.670311
0.675898
0.678775
0.678386
0.674412
0.666845
0.656142
0.643186
0.629146
0.615196
0.602403
0.591686
0.583914
0.57989
0.58031
0.585428
0.594866
0.607558
0.621887
0.636023
0.648099
0.656615
0.660568
0.65957
0.653912
0.644537
0.632866
0.620693
0.609931
0.602297
0.599113
0.600983
0.607625
0.617997
0.630545
0.643648
0.655903
0.66623
0.673851
0.678174
0.678915
0.676259
0.67093
0.664128
0.657187
0.651111
0.646405
0.643164
0.641232
0.640467
0.640859
0.642325
0.644606
0.647202
0.649331
0.650124
0.648786
0.64484
0.638182
0.629128
0.618325
0.606588
0.594787
0.583722
0.574007
0.566084
0.560166
0.556253
0.554178
0.55357
0.554014
0.555153
0.556866
0.559356
0.563081
0.568478
0.575847
0.5852
0.596237
0.608453
0.621235
0.634065
0.646496
0.658045
0.668187
0.676318
0.681793
0.684029
0.682781
0.678149
0.670641
0.661122
0.650707
0.640745
0.632609
0.627433
0.625619
0.626883
0.630338
0.634982
0.639925
0.644628
0.648902
0.652772
0.65635
0.659698
0.662769
0.665403
0.667274
0.667845
0.666501
0.662666
0.655995
0.646577
0.634874
0.62159
0.607595
0.59382
0.58126
0.570948
0.56383
0.560719
0.562146
0.56814
0.578099
0.590935
0.60531
0.619869
0.633395
0.644942
0.653728
0.659286
0.661345
0.659845
0.655058
0.647674
0.638837
0.630056
0.622929
0.618583
0.617329
0.618696
0.621718
0.62539
0.629082
0.632568
0.63585
0.639001
0.641942
0.644449
0.646154
0.646659
0.645601
0.642883
0.638693
0.633515
0.628059
0.623102
0.61924
0.616912
0.616321
0.617516
0.620513
0.62529
0.631675
0.639274
0.647363
0.654987
0.661149
0.665074
0.666285
0.66471
0.66059
0.654386
0.646699
0.638127
0.629338
0.620928
0.613397
0.607134
0.602344
0.599033
0.597018
0.59605
0.595765
0.595854
0.596126
0.596566
0.597427
0.599102
0.60203
0.606415
0.612149
0.618819
0.625751
0.632247
0.637597
0.641228
0.642783
0.642098
0.63927
0.634668
0.628759
0.622017
0.614873
0.607811
0.601457
0.596685
0.594439
0.59542
0.599767
0.606996
0.616198
0.626389
0.636823
0.647109
0.656962
0.666033
0.673849
0.679928
0.68397
0.68597
0.686171
0.684983
0.682865
0.680196
0.677313
0.67444
0.6717
0.669114
0.666594
0.663913
0.660725
0.65653
0.650813
0.6432
0.633556
0.622141
0.609703
0.597394
0.586547
0.578269
0.573098
0.57082
0.57053
0.570891
0.57066
0.569183
0.566772
0.564772
0.565105
0.569401
0.578286
0.591222
0.606786
0.623037
0.637826
0.649153
0.655589
0.656587
0.652658
0.64517
0.636002
0.62704
0.619729
0.614771
0.612231
0.611819
0.613254
0.616511
0.621772
0.629089
0.638103
0.647896
0.657203
0.664751
0.669643
0.671607
0.670968
0.66851
0.665081
0.661268
0.657256
0.652799
0.647438
0.640793
0.632786
0.623789
0.614648
0.606468
0.600429
0.597388
0.597628
0.600872
0.606433
0.613515
0.621438
0.629696
0.637938
0.645757
0.652572
0.657689
0.660579
0.660983
0.659161
0.655713
0.651402
0.64677
0.642094
0.63763
0.633817
0.631364
0.630963
0.632927
0.636994
0.642373
0.648131
0.653354
0.657277
0.659199
0.65849
0.654633
0.647327
0.636646
0.623068
0.607436
0.59083
0.574529
0.560017
0.548865
0.542585
0.542303
0.548489
0.560788
0.57805
0.598683
0.620974
0.643322
0.664314
0.68263
0.697113
0.706827
0.711298
0.710549
0.705091
0.695831
0.683873
0.670552
0.657222
0.645149
0.635235
0.627707
0.622174
0.617948
0.614533
0.611992
0.610872
0.611906
0.615496
0.621232
0.627812
0.633564
0.636967
0.637253
0.634639
0.630195
0.625494
0.62205
0.62102
0.622814
0.627253
0.63375
0.6414
0.649174
0.65609
0.661191
0.663659
0.662884
0.658653
0.65118
0.641297
0.63025
0.6195
0.610325
0.60348
0.599292
0.597728
0.598561
0.601523
0.606304
0.612423
0.61925
0.62602
0.631912
0.636077
0.637785
0.636575
0.632374
0.625633
0.617305
0.608666
0.601042
0.595531
0.592806
0.593201
0.596719
0.60297
0.611232
0.620507
0.629718
0.637926
0.64445
0.648961
0.651491
0.652227
0.651497
0.649644
0.647149
0.644606
0.642682
0.641966
0.642745
0.64482
0.647557
0.650066
0.65171
0.652251
0.651826
0.650726
0.64912
0.646866
0.643692
0.639432
0.634232
0.62872
0.623795
0.620294
0.618724
0.619143
0.621117
0.623802
0.626209
0.627346
0.626484
0.623189
0.617472
0.609771
0.600972
0.592353
0.585421
0.581554
0.581752
0.586383
0.595076
0.606907
0.620576
0.63477
0.648371
0.660561
0.670761
0.678487
0.683356
0.68518
0.684018
0.680139
0.674007
0.666078
0.656704
0.646111
0.63447
0.622123
0.609759
0.598477
0.58967
0.584589
0.58392
0.587554
0.594656
0.604064
0.614619
0.625184
0.634638
0.641804
0.645582
0.645265
0.640787
0.632853
0.622813
0.612447
0.603531
0.597436
0.594943
0.596164
0.600622
0.607307
0.614968
0.622438
0.628886
0.633909
0.637466
0.639607
0.640383
0.639765
0.637719
0.634388
0.630225
0.626092
0.623137
0.622541
0.625053
0.630761
0.639023
0.648594
0.658209
0.666833
0.673845
0.679007
0.682319
0.683794
0.6834
0.681029
0.676538
0.669848
0.661138
0.650773
0.639273
0.627198
0.615095
0.603613
0.59351
0.585619
0.580736
0.579291
0.581103
0.58535
0.590744
0.595856
0.599567
0.601374
0.601505
0.600661
0.599558
0.598628
0.597889
0.597076
0.595929
0.594594
0.59371
0.594227
0.597172
0.603241
0.612524
0.624452
0.637858
0.651297
0.663414
0.67319
0.680044
0.683824
0.684721
0.683204
0.67975
0.674842
0.668893
0.662336
0.655654
0.649438
0.644222
0.640426
0.638201
0.637352
0.637318
0.637245
0.63615
0.633179
0.627876
0.620324
0.611114
0.601235
0.591805
0.583911
0.578353
0.575561
0.575609
0.578329
0.583663
0.591912
0.603528
0.618566
0.636186
0.654503
0.671037
0.683374
0.689727
0.689444
0.683161
0.672563
0.659756
0.646504
0.633834
0.622087
0.611397
0.602158
0.595113
0.591223
0.591284
0.595582
0.603824
0.615149
0.628344
0.641928
0.654262
0.663664
0.66871
0.668599
0.66332
0.653623
0.64091
0.627015
0.613828
0.603041
0.595959
0.59319
0.594633
0.599576
0.607014
0.615836
0.624989
0.633464
0.64027
0.644554
0.64576
0.643825
0.63922
0.632795
0.625587
0.61857
0.612551
0.608176
0.605915
0.606093
0.608832
0.613976
0.62099
0.62902
0.637028
0.643948
0.648875
0.651202
0.65062
0.647385
0.642678
0.638699
0.63816
0.643182
0.654013
0.668789
0.684371
0.697717
0.706744
0.71049
0.708861
0.702246
0.691125
0.67598
0.657248
0.63548
0.611522
0.586706
0.562897
0.542299
0.52707
0.518742
0.517809
0.523631
0.534707
0.549223
0.565599
0.582748
0.60014
0.617716
0.63548
0.653322
0.670695
0.686675
0.700067
0.709642
0.714422
0.713854
0.707899
0.69706
0.6824
0.66536
0.647694
0.631151
0.617196
0.606821
0.6005
0.598247
0.59974
0.604259
0.610658
0.617475
0.623243
0.626703
0.627149
0.624562
0.619647
0.61357
0.607613
0.602728
0.599279
0.597207
0.596272
0.596429
0.59789
0.60102
0.606086
0.613094
0.621719
0.631276
0.640827
0.64931
0.655632
0.658901
0.658484
0.654202
0.646359
0.635811
0.623697
0.611387
0.600409
0.5922
0.588016
0.58874
0.594787
0.60595
0.621322
0.639384
0.658144
0.675543
0.689768
0.699449
0.703779
0.702545
0.696102
0.68528
0.671118
0.654762
0.637324
0.619827
0.603457
0.58958
0.579563
0.57452
0.574989
0.580784
0.59099
0.604293
0.619263
0.634605
0.649208
0.66216
0.672749
0.680351
0.684513
0.684975
0.68181
0.675406
0.666445
0.655985
0.6454
0.636206
0.629874
0.627567
0.629741
0.635986
0.64499
0.654793
0.663285
0.668617
0.66956
0.665514
0.656578
0.643384
0.626996
0.608804
0.590414
0.573549
0.559928
0.551135
0.548316
0.551853
0.561241
0.575073
0.591303
0.607686
0.622087
0.632818
0.638744
0.639419
0.635209
0.627588
0.619286
0.613763
0.613654
0.619202
0.628443
0.638886
0.648742
0.657195
0.664015
0.669068
0.672206
0.673167
0.67179
0.668207
0.662856
0.656407
0.649604
0.643036
0.636776
0.630287
0.622741
0.613462
0.602367
0.590018
0.577475
0.566028
0.556887
0.551066
0.5492
0.551493
0.557645
0.56701
0.578789
0.592264
0.607038
0.62292
0.639731
0.657106
0.674377
0.690497
0.704065
0.713562
0.717672
0.715552
0.707051
0.692856
0.674301
0.653224
0.63171
0.611821
0.595332
0.583562
0.577244
0.576431
0.580396
0.587695
0.596535
0.605132
0.612049
0.616507
0.618411
0.618332
0.617227
0.616221
0.616381
0.618603
0.623459
0.631173
0.641496
0.653643
0.666395
0.67828
0.687811
0.693722
0.695211
0.691996
0.684409
0.673171
0.659358
0.644209
0.629135
0.615558
0.604851
0.598182
0.596307
0.599318
0.606569
0.616753
0.628231
0.639306
0.64857
0.655067
0.658427
0.658792
0.656757
0.653152
0.648876
0.644749
0.641257
0.638438
0.635945
0.633212
0.629674
0.624985
0.619083
0.612147
0.60463
0.59712
0.590251
0.584713
0.581282
0.580859
0.5845
0.593022
0.606476
0.623732
0.642743
0.661209
0.67707
0.688697
0.695044
0.695604
0.690569
0.680756
0.66743
0.652019
0.635843
0.619981
0.6052
0.592165
0.581542
0.574028
0.570245
0.570496
0.574544
0.581607
0.590431
0.599539
0.60761
0.613835
0.618089
0.620754
0.622308
0.623138
0.623365
0.622893
0.621599
0.619604
0.617465
0.616185
0.616943
0.62061
0.627381
0.636696
0.647404
0.658173
0.66762
0.674399
0.677184
0.675008
0.667459
0.654914
0.638445
0.619827
0.601217
0.584818
0.572669
0.566537
0.567592
0.576171
0.591557
0.612082
0.635336
0.658622
0.679437
0.695865
0.706679
0.711303
0.70974
0.702483
0.69042
0.674886
0.657474
0.640095
0.624711
0.612999
0.60592
0.603615
0.605385
0.610055
0.616293
0.622948
0.629234
0.634849
0.639911
0.644749
0.649546
0.654171
0.658169
0.660805
0.661157
0.658331
0.651701
0.641099
0.626902
0.61001
0.591769
0.57397
0.558746
0.548243
0.544142
0.54716
0.556828
0.571725
0.590021
0.609884
0.629661
0.64792
0.663526
0.675582
0.683457
0.686771
0.685464
0.679937
0.671098
0.660229
0.648806
0.638133
0.629066
0.621879
0.616342
0.611932
0.608282
0.605292
0.603098
0.601727
0.601117
0.601153
0.601946
0.603982
0.607942
0.614299
0.622964
0.633198
0.643755
0.653191
0.660209
0.663888
0.663827
0.660152
0.653474
0.644882
0.635788
0.627703
0.62201
0.619626
0.620702
0.624494
0.629711
0.634891
0.638991
0.641639
0.643027
0.643614
0.643808
0.643734
0.64312
0.641519
0.638544
0.634126
0.628648
0.622802
0.617365
0.61287
0.609461
0.60689
0.604769
0.6029
0.601322
0.600199
0.599686
0.599795
0.600441
0.601528
0.603006
0.604819
0.606912
0.60935
0.61235
0.616287
0.621472
0.627877
0.635027
0.642136
0.64828
0.652574
0.654274
0.652862
0.648263
0.640832
0.631396
0.621212
0.611878
0.605057
0.602186
0.604047
0.610577
0.620844
0.633296
0.646206
0.657996
0.667504
0.673998
0.677202
0.677149
0.674204
0.668857
0.661654
0.653062
0.643372
0.632996
0.622664
0.613615
0.607537
0.606061
0.610176
0.619574
0.632677
0.647078
0.660256
0.670306
0.676237
0.678066
0.676558
0.672907
0.668196
0.663069
0.657599
0.651456
0.644163
0.635311
0.624715
0.612542
0.599379
0.586189
0.57419
0.564603
0.558471
0.556497
0.559008
0.565773
0.575969
0.588197
0.600675
0.611659
0.619826
0.624507
0.625679
0.623978
0.62054
0.616811
0.614212
0.613801
0.616117
0.621153
0.62844
0.637138
0.646267
0.654832
0.662107
0.667804
0.672094
0.675433
0.678282
0.680877
0.683226
0.685122
0.686205
0.685993
0.683858
0.679175
0.671589
0.661241
0.64872
0.635108
0.621694
0.609654
0.599965
0.593206
0.589504
0.588532
0.589522
0.591497
0.593529
0.595045
0.596019
0.596904
0.598326
0.600839
0.604703
0.609847
0.615879
0.622181
0.628012
0.632561
0.635162
0.635403
0.633471
0.630215
0.626921
0.624943
0.625067
0.627178
0.630318
0.633227
0.634877
0.634858
0.633426
0.631332
0.629523
0.628936
0.630233
0.633638
0.638956
0.645588
0.65279
0.65978
0.66585
0.670413
0.672992
0.673219
0.670882
0.665906
0.658296
0.648273
0.636254
0.6229
0.609161
0.596145
0.585037
0.576962
0.572708
0.572586
0.576313
0.58314
0.592069
0.602001
0.611988
0.621376
0.629782
0.636962
0.642681
0.646663
0.648542
0.648156
0.645813
0.642405
0.639207
0.637507
0.63797
0.640294
0.643374
0.645862
0.646752
0.645684
0.642934
0.639245
0.635513
0.63252
0.630701
0.630058
0.630145
0.63032
0.630066
0.629231
0.628102
0.627266
0.627358
0.628854
0.632127
0.637425
0.644881
0.654362
0.665216
0.676146
0.685468
0.691443
0.692869
0.689388
0.681572
0.670715
0.658254
0.645255
0.63216
0.618941
0.605475
0.591823
0.57836
0.565689
0.554456
0.545144
0.538076
0.533444
0.53153
0.532783
0.537974
0.54786
0.56297
0.583173
0.607439
0.633947
0.660376
0.684321
0.703702
0.716923
0.72299
0.721464
0.712412
0.696302
0.674167
0.647685
0.619423
0.592751
0.571419
0.558737
0.556506
0.564447
0.580431
0.601241
0.623563
0.644775
0.663212
0.678088
0.689172
0.696391
0.699641
0.698835
0.694055
0.685772
0.674891
0.662591
0.650072
0.638272
0.627979
0.620042
0.615264
0.613815
0.614854
0.616937
0.618963
0.620763
0.622889
0.626027
0.63038
0.635377
0.639801
0.642187
0.641426
0.637131
0.629763
0.620611
0.611486
0.604317
0.600648
0.60122
0.605739
0.613169
0.622095
0.631074
0.638803
0.644176
0.646418
0.645144
0.640451
0.63302
0.624006
0.614857
0.607014
0.601733
0.599785
0.6014
0.606269
0.613773
0.62317
0.633596
0.644167
0.653935
0.661878
0.667072
0.668798
0.666729
0.661027
0.652204
0.641115
0.628729
0.615904
0.603335
0.59156
0.581177
0.573159
0.56886
0.569782
0.576848
0.589849
0.607241
0.626649
0.645529
0.661732
0.673777
0.680838
0.682872
0.68046
0.674776
0.667308
0.659412
0.651937
0.645133
0.638675
0.631986
0.624605
0.616455
0.607977
0.599997
0.593589
0.589851
0.589663
0.593537
0.601488
0.612899
0.626577
0.640879
0.654038
0.664485
0.671261
0.674107
0.673504
0.670325
0.665404
0.659377
0.652554
0.645152
0.637489
0.63007
0.623574
0.618737
0.61617
0.616204
0.618916
0.624115
0.631365
0.639865
0.648592
0.656374
0.662063
0.664768
0.664069
0.660076
0.653378
0.644846
0.635506
0.626286
0.618073
0.611549
0.607088
0.604652
0.603857
0.604158
0.605039
0.606156
0.607288
0.60839
0.609463
0.610559
0.611581
0.612337
0.612499
0.611775
0.609987
0.607251
0.604048
0.601044
0.599084
0.598979
0.601279
0.606163
0.613426
0.622493
0.632601
0.643004
0.653155
0.662755
0.671507
0.67903
0.684884
0.688657
0.690113
0.689172
0.685854
0.680191
0.672251
0.662198
0.650389
0.637376
0.624062
0.611575
0.601072
0.593448
0.588981
0.58729
0.587442
0.588353
0.589186
0.589617
0.5898
0.59023
0.591504
0.594035
0.597882
0.602801
0.608288
0.61383
0.618994
0.623426
0.626886
0.629227
0.630438
0.630772
0.630703
0.630851
0.631837
0.634128
0.637817
0.642661
0.648006
0.652903
0.656242
0.657187
0.655368
0.65103
0.644954
0.638123
0.631413
0.625439
0.6206
0.617183
0.615414
0.615449
0.61717
0.620095
0.623524
0.626709
0.628989
0.629766
0.628534
0.624978
0.619096
0.611404
0.602943
0.595274
0.590181
0.589205
0.593317
0.602692
0.616737
0.634255
0.653581
0.672706
0.689579
0.702326
0.709643
0.710915
0.706406
0.697232
0.68513
0.671993
0.659354
0.648051
0.638273
0.629959
0.623018
0.617552
0.613753
0.611731
0.611364
0.612162
0.613235
0.613547
0.612336
0.609508
0.605905
0.603041
0.602561
0.605382
0.611352
0.619432
0.628011
0.635278
0.639486
0.63926
0.634088
0.624844
0.613907
0.604517
0.599232
0.598838
0.602306
0.607981
0.614451
0.620868
0.62695
0.632922
0.639348
0.646783
0.655069
0.66292
0.668397
0.669816
0.666474
0.658713
0.64779
0.635685
0.624914
0.617926
0.616584
0.62161
0.632317
0.646877
0.662889
0.677959
0.690209
0.698365
0.701709
0.699909
0.692975
0.681231
0.665277
0.646046
0.624774
0.602837
0.581723
0.563057
0.548487
0.53958
0.537639
0.543328
0.556328
0.575214
0.597629
0.620794
0.642161
0.65981
0.672632
0.680346
0.683309
0.682362
0.678646
0.673303
0.667272
0.661233
0.655417
0.649581
0.643224
0.635846
0.62733
0.618147
0.609261
0.601771
0.596534
0.594026
0.594357
0.597361
0.60253
0.609234
0.616723
0.624209
0.631008
0.636517
0.640328
0.642402
0.643168
0.643545
0.644662
0.647378
0.652035
0.658393
0.665778
0.673305
0.680102
0.685434
0.688675
0.689288
0.686883
0.68136
0.673044
0.662755
0.651566
0.640562
0.630627
0.622368
0.616197
0.61231
0.610671
0.611012
0.612877
0.615669
0.618675
0.62123
0.622774
0.623062
0.622041
0.61984
0.616759
0.613132
0.609286
0.605464
0.601791
0.598135
0.594138
0.589315
0.583323
0.576083
0.568127
0.560633
0.555257
0.5536
0.556665
0.564527
0.576319
0.59064
0.605905
0.620601
0.633467
0.64372
0.65128
0.656778
0.661399
0.666478
0.673025
0.681302
0.690697
0.699981
0.70769
0.712556
0.713684
0.710505
0.702733
0.690463
0.674277
0.655367
0.635531
0.616889
0.601458
0.590687
0.585221
0.584729
0.588095
0.593814
0.600374
0.606503
0.6113
0.614123
0.614584
0.6126
0.608403
0.60262
0.59631
0.590657
0.586741
0.585279
0.586572
0.590456
0.596421
0.603686
0.611363
0.618537
0.624391
0.628184
0.629412
0.627921
0.624079
0.61887
0.613866
0.610864
0.611313
0.615662
0.623119
0.631764
0.639342
0.643944
0.644543
0.641098
0.634559
0.62653
0.61891
0.613387
0.611175
0.612739
0.617873
0.625792
0.63535
0.645259
0.654282
0.661427
0.666128
0.668371
0.668539
0.667077
0.664136
0.65929
0.651824
0.641383
0.628363
0.614051
0.600412
0.589674
0.583712
0.583566
0.589191
0.599598
0.613208
0.62843
0.643996
0.658995
0.672627
0.684041
0.69229
0.696621
0.69676
0.693087
0.686528
0.678143
0.668747
0.65885
0.648928
0.639763
0.632433
0.627664
0.625239
0.623982
0.622514
0.619958
0.616195
0.611763
0.607493
0.604294
0.602786
0.603063
0.604601
0.606437
0.60752
0.607317
0.606155
0.605236
0.606142
0.609998
0.616756
0.625014
0.632508
0.637072
0.637291
0.632796
0.624209
0.612896
0.600581
0.588964
0.57956
0.573756
0.572768
0.577513
0.588311
0.604628
0.624962
0.647148
0.668776
0.687458
0.70113
0.708232
0.707963
0.700405
0.686578
0.668313
0.647882
0.627631
0.609569
0.595159
0.585215
0.58003
0.579502
0.583067
0.589674
0.59808
0.607301
0.616907
0.627003
0.6379
0.649585
0.661348
0.671832
0.679478
0.683008
0.681824
0.676151
0.666954
0.655664
0.64385
0.632873
0.623727
0.617019
0.613003
0.611679
0.612866
0.616227
0.621276
0.627341
0.633522
0.638806
0.642169
0.642827
0.640473
0.635266
0.627749
0.61862
0.60858
0.598307
0.588528
0.580019
0.573636
0.57015
0.570164
0.574113
0.582134
0.593972
0.608733
0.624915
0.640611
0.653987
0.663738
0.669459
0.67163
0.671295
0.669591
0.667308
0.664669
0.661421
0.657209
0.651923
0.645803
0.639303
0.632978
0.627367
0.622941
0.620112
0.619342
0.620961
0.624963
0.630704
0.636856
0.641785
0.644148
0.643344
0.639767
0.634634
0.629631
0.626506
0.626536
0.630194
0.637138
0.646298
0.65613
0.665022
0.671538
0.674631
0.673734
0.668937
0.660982
0.651254
0.641427
0.63298
0.626864
0.623289
0.6219
0.622107
0.623354
0.625175
0.627062
0.628322
0.628313
0.626467
0.622679
0.617369
0.61126
0.60509
0.599452
0.594632
0.590799
0.588118
0.586684
0.586664
0.588325
0.591891
0.59734
0.604249
0.611823
0.619277
0.626085
0.632063
0.637187
0.641386
0.644372
0.645734
0.645234
0.64311
0.640136
0.637613
0.63702
0.639584
0.645835
0.655378
0.666967
0.678918
0.689528
0.697345
0.701422
0.701225
0.696751
0.688593
0.677682
0.665139
0.652061
0.639275
0.62733
0.61658
0.607314
0.599822
0.594334
0.591084
0.590314
0.592407
0.597917
0.607334
0.620662
0.637088
0.654937
0.671966
0.685893
0.694775
0.69724
0.692538
0.680616
0.66208
0.638196
0.611019
0.583303
0.558361
0.539381
0.528703
0.527174
0.533973
0.546974
0.563382
0.580483
0.596119
0.609017
0.618958
0.626627
0.633221
0.639916
0.64738
0.655584
0.66384
0.671168
0.676556
0.679256
0.679144
0.676779
0.673287
0.670155
0.668664
0.669479
0.67232
0.676008
0.678839
0.679164
0.675799
0.668297
0.657068
0.643235
0.628353
0.614171
0.602237
0.593702
0.589152
0.588578
0.591526
0.597265
0.605022
0.613952
0.62317
0.631679
0.638415
0.642421
0.64299
0.63992
0.63347
0.624388
0.61369
0.602458
0.591746
0.58255
0.575774
0.572137
0.572092
0.575868
0.583553
0.595043
0.609867
0.627025
0.644986
0.661894
0.675864
0.685478
0.6901
0.690039
0.686437
0.680861
0.674876
0.669607
0.665522
0.662551
0.660282
0.658193
0.655768
0.652609
0.648526
0.643547
0.637903
0.631975
0.626274
0.621399
0.617904
0.616242
0.616574
0.618543
0.621391
0.624087
0.625683
0.625544
0.623549
0.620083
0.615754
0.611135
0.606531
0.602078
0.597939
0.594358
0.591681
0.590104
0.589538
0.589764
0.590571
0.591908
0.59411
0.597678
0.603103
0.610515
0.61957
0.62947
0.639237
0.64794
0.654768
0.659083
0.66047
0.658736
0.653972
0.64657
0.637275
0.627077
0.617039
0.608055
0.600736
0.59566
0.593514
0.595136
0.601242
0.612131
0.627477
0.646312
0.667153
0.688253
0.707878
0.724413
0.736587
0.743446
0.744427
0.739394
0.7287
0.713134
0.693866
0.672189
0.649521
0.627275
0.6068
0.589319
0.575783
0.566743
0.562294
0.562186
0.565849
0.572462
0.581068
0.590728
0.600594
0.61002
0.618583
0.625964
0.631757
0.635396
0.636362
0.634263
0.62906
0.621103
0.611135
0.600175
0.589534
0.580617
0.574826
0.573279
0.576471
0.584073
0.594888
0.607127
0.618904
0.628581
0.635118
0.63811
0.637684
0.634371
0.628803
0.621634
0.613466
0.604966
0.59695
0.590347
0.586083
0.584878
0.587078
0.59258
0.600817
0.61088
0.621597
0.631724
0.64013
0.645963
0.648808
0.648867
0.646986
0.644461
0.642557
0.641785
0.641715
0.641409
0.640216
0.638219
0.636274
0.635622
0.637331
0.641745
0.648193
0.655135
0.660765
0.663541
0.662518
0.657498
0.649055
0.638534
0.627947
0.619612
0.615434
0.61622
0.621465
0.629773
0.639632
0.649866
0.65976
0.668829
0.676586
0.682387
0.685382
0.684731
0.679849
0.670613
0.657511
0.641667
0.624756
0.608721
0.595476
0.58674
0.583749
0.587033
0.596164
0.609708
0.625438
0.640813
0.653554
0.662066
0.66565
0.6645
0.659516
0.652065
0.643757
0.636059
0.630086
0.626473
0.62518
0.625608
0.626701
0.62716
0.625778
0.6217
0.614628
0.604886
0.593409
0.581487
0.570476
0.561462
0.555028
0.551252
0.549791
0.55022
0.552191
0.555453
0.559801
0.565102
0.571369
0.578858
0.58799
0.599222
0.612682
0.628001
0.644353
0.660753
0.676202
0.689927
0.701374
0.710259
0.716467
0.719999
0.720915
0.719233
0.714934
0.708054
0.698652
0.687047
0.673848
0.65995
0.646475
0.634681
0.62574
0.620329
0.618408
0.619117
0.621194
0.623505
0.62532
0.626481
0.627154
0.627589
0.627994
0.628493
0.62914
0.629919
0.630665
0.631076
0.630823
0.629746
0.627937
0.625804
0.623889
0.622716
0.622705
0.624021
0.626615
0.630241
0.634488
0.638846
0.642793
0.645836
0.6475
0.647391
0.645242
0.640985
0.634713
0.626738
0.617608
0.608023
0.598702
0.590264
0.583164
0.577713
0.574199
0.572997
0.574498
0.578872
0.58594
0.595313
0.606413
0.618652
0.631413
0.643894
0.655013
0.663518
0.668112
0.667806
0.662231
0.651767
0.637746
0.622407
0.608516
0.598755
0.595017
0.597875
0.606503
0.619084
0.633241
0.646646
0.657381
0.664272
0.667143
0.666772
0.664625
0.662252
0.660472
0.659025
0.656814
0.652507
0.645165
0.634497
0.620896
0.605318
0.589095
0.573664
0.56039
0.550371
0.544383
0.54295
0.546245
0.553987
0.565442
0.579538
0.595055
0.61079
0.625674
0.638799
0.649439
0.657128
0.66166
0.663054
0.661651
0.658035
0.653069
0.64773
0.642931
0.639282
0.637068
0.636331
0.637076
0.639228
0.642512
0.646262
0.64946
0.650899
0.649597
0.645145
0.637963
0.629243
0.62072
0.614332
0.611677
0.61347
0.619324
0.627889
0.637291
0.645674
0.651623
0.654396
0.653827
0.650258
0.644226
0.636304
0.627109
0.61732
0.607648
0.598916
0.591944
0.587511
0.586137
0.588013
0.592842
0.599838
0.60787
0.615787
0.622616
0.627657
0.630537
0.631202
0.629983
0.627454
0.624413
0.62172
0.620233
0.620564
0.622902
0.626938
0.632033
0.63732
0.641959
0.645335
0.647099
0.647233
0.64602
0.643876
0.641235
0.638516
0.636122
0.634334
0.633245
0.632672
0.632245
0.631476
0.630024
0.627878
0.625448
0.623419
0.622542
0.623204
0.625234
0.627979
0.630513
0.632093
0.632467
0.631956
0.631247
0.631058
0.631748
0.633068
0.634326
0.634642
0.633325
0.630171
0.62556
0.620358
0.615605
0.612241
0.610836
0.611498
0.613922
0.617565
0.621868
0.626368
0.630901
0.635583
0.640651
0.646319
0.652472
0.658504
0.663306
0.665537
0.664064
0.658389
0.648891
0.636768
0.623798
0.611895
0.60268
0.597116
0.595539
0.597687
0.602879
0.610178
0.618556
0.626912
0.634357
0.64026
0.644361
0.646686
0.647472
0.647043
0.645721
0.64385
0.64183
0.640049
0.638818
0.63833
0.638608
0.639435
0.640429
0.641193
0.641535
0.641608
0.641956
0.643233
0.645885
0.649935
0.654878
0.659932
0.664374
0.667648
0.669331
0.66895
0.665958
0.659878
0.650601
0.638646
0.625289
0.612269
0.601301
0.593575
0.589426
0.588323
0.589122
0.590549
0.591623
0.59194
0.591613
0.591012
0.590391
0.589748
0.588921
0.587893
0.586949
0.586693
0.58783
0.590885
0.596169
0.603728
0.613328
0.624388
0.635993
0.646967
0.656065
0.662231
0.664927
0.66418
0.660546
0.654924
0.648395
0.641931
0.636222
0.631594
0.628107
0.625693
0.624344
0.624118
0.625125
0.627486
0.631018
0.635243
0.639409
0.642618
0.644133
0.643625
0.641468
0.638681
0.636588
0.636385
0.638703
0.643409
0.649606
0.655717
0.659911
0.660656
0.657308
0.650385
0.641378
0.632347
0.625336
0.621791
0.622205
0.626018
0.63189
0.6382
0.643373
0.64619
0.645956
0.642514
0.636257
0.627997
0.618877
0.610219
0.603339
0.599187
0.598148
0.599915
0.603569
0.607815
0.611382
0.613284
0.613104
0.611016
0.607645
0.603986
0.601053
0.599797
0.600839
0.604418
0.610259
0.617822
0.626572
0.636217
0.646678
0.657707
0.668603
0.678275
0.685545
0.689507
0.689821
0.686679
0.680797
0.673233
0.665108
0.657397
0.650692
0.645103
0.640424
0.636458
0.633216
0.630884
0.62966
0.62952
0.630075
0.630694
0.630713
0.629607
0.62721
0.623735
0.619629
0.615407
0.611421
0.607781
0.604478
0.601534
0.599214
0.59802
0.598602
0.601416
0.606641
0.614027
0.622929
0.632425
0.641543
0.649294
0.654826
0.657467
0.656899
0.653139
0.646595
0.638044
0.628537
0.619193
0.610907
0.60419
0.599118
0.59534
0.592356
0.589769
0.587471
0.585818
0.585538
0.587494
0.592284
0.599977
0.609951
0.620946
0.631423
0.639892
0.645357
0.647682
0.647743
0.647077
0.64704
0.648129
0.649815
0.650975
0.650517
0.647907
0.643329
0.637483
0.631366
0.625914
0.621745
0.618826
0.616497
0.613939
0.610721
0.607126
0.604176
0.603181
0.605172
0.610571
0.618986
0.629304
0.639904
0.648972
0.654834
0.656285
0.652917
0.645288
0.634872
0.623806
0.614436
0.60878
0.608063
0.612533
0.621525
0.633572
0.64679
0.659236
0.669303
0.675882
0.678533
0.677438
0.673299
0.667171
0.660185
0.653475
0.647977
0.644409
0.643159
0.644297
0.647443
0.651868
0.656642
0.6608
0.663462
0.663948
0.661905
0.657378
0.650775
0.642825
0.634379
0.626191
0.618775
0.612441
0.607249
0.603162
0.6001
0.597993
0.596804
0.596518
0.597128
0.598458
0.600172
0.601765
0.602713
0.602677
0.601666
0.600165
0.598926
0.598722
0.599951
0.602565
0.606227
0.610552
0.615366
0.620708
0.626802
0.633758
0.641354
0.648946
0.655547
0.660102
0.661843
0.660452
0.656278
0.65015
0.643064
0.635851
0.629006
0.622597
0.616506
0.610757
0.605535
0.601214
0.598221
0.596878
0.597286
0.599283
0.602561
0.606848
0.612031
0.618154
0.625492
0.634273
0.644486
0.655645
0.666777
0.676602
0.683869
0.687721
0.687881
0.684711
0.679087
0.672093
0.664813
0.658011
0.651916
0.646251
0.640377
0.633565
0.625376
0.615913
0.605937
0.59655
0.588972
0.584203
0.582773
0.584664
0.589258
0.595457
0.6019
0.607347
0.610948
0.612457
0.612131
0.610549
0.608449
0.60652
0.60522
0.604643
0.604594
0.604751
0.604951
0.605372
0.606465
0.608516
0.611069
0.612837
0.61221
0.608085
0.60037
0.590056
0.578967
0.56924
0.56281
0.560957
0.564169
0.572126
0.584012
0.598751
0.615354
0.632987
0.650878
0.668155
0.683839
0.696829
0.706152
0.711097
0.711237
0.706561
0.697501
0.685059
0.670782
0.656565
0.644277
0.635277
0.630223
0.629017
0.631047
0.635353
0.640836
0.646523
0.651734
0.656142
0.659647
0.662304
0.664148
0.665192
0.665416
0.664741
0.663058
0.660257
0.656416
0.651877
0.64725
0.643165
0.640122
0.6381
0.636503
0.634259
0.630201
0.623573
0.614379
0.603539
0.592581
0.583054
0.575908
0.571298
0.568772
0.567818
0.568138
0.569724
0.572693
0.577078
0.582742
0.589446
0.596905
0.604798
0.612739
0.620304
0.627058
0.632684
0.637027
0.640044
0.641779
0.642277
0.641562
0.639635
0.636702
0.633234
0.629994
0.62799
0.628156
0.631109
0.636829
0.644758
0.654005
0.663455
0.672002
0.678674
0.682653
0.683365
0.68059
0.674341
0.66487
0.652701
0.638564
0.623461
0.608642
0.595575
0.58582
0.580669
0.580895
0.586479
0.596577
0.609745
0.624159
0.63791
0.649305
0.657047
0.660306
0.65893
0.653326
0.644425
0.633539
0.622132
0.61162
0.603221
0.597895
0.596392
0.599161
0.606336
0.617675
0.632465
0.649516
0.667216
0.68372
0.697143
0.70585
0.708629
0.704859
0.694543
0.678229
0.657109
0.632965
0.608082
0.584843
0.565365
0.551221
0.543467
0.542468
0.547878
0.558654
0.573249
0.58992
0.606993
0.622929
0.636533
0.647061
0.654378
0.65884
0.661249
0.662618
0.663929
0.665854
0.668606
0.671898
0.675022
0.677055
0.67713
0.674713
0.669733
0.662507
0.653615
0.643708
0.633397
0.623202
0.613725
0.605611
0.599428
0.595439
0.593459
0.592868
0.592773
0.592411
0.5913
0.589402
0.58702
0.584634
0.582726
0.581669
0.581661
0.582651
0.584417
0.586716
0.589476
0.592881
0.597332
0.603218
0.610623
0.619195
0.628163
0.636569
0.643615
0.648772
0.651916
0.653264
0.653291
0.652535
0.651439
0.650279
0.649114
0.647913
0.646682
0.645483
0.644405
0.643522
0.642909
0.642616
0.642605
0.642804
0.643204
0.644023
0.64559
0.648278
0.652338
0.657714
0.663976
0.67032
0.675833
0.679538
0.680558
0.678277
0.672485
0.6633
0.651031
0.636218
0.619641
0.602371
0.585839
0.571716
0.561644
0.556815
0.55738
0.562488
0.570642
0.580351
0.590682
0.601251
0.611929
0.622555
0.63273
0.641827
0.649072
0.653773
0.655482
0.654045
0.649734
0.643275
0.63577
0.628571
0.62288
0.619434
0.618382
0.619293
0.621447
0.624026
0.626296
0.627711
0.627954
0.626993
0.625071
0.622688
0.620548
0.619489
0.620287
0.623376
0.628702
0.635624
0.642979
0.649277
0.653005
0.652887
0.64817
0.638859
0.625764
0.610423
0.594931
0.581536
0.572203
0.568364
0.570547
0.578395
0.590807
0.606281
0.623172
0.639811
0.65474
0.666694
0.67465
0.677863
0.676084
0.669692
0.65981
0.648189
0.636835
0.627518
0.621314
0.618433
0.618462
0.620816
0.624988
0.630597
0.637268
0.644401
0.651072
0.656143
0.65842
0.656924
0.651184
0.641462
0.628814
0.614996
0.602184
0.59249
0.587503
0.587859
0.593091
0.601859
0.612364
0.622894
0.632224
0.639727
0.645301
0.649101
0.651388
0.652379
0.6523
0.651462
0.650299
0.649218
0.648469
0.647979
0.647435
0.646426
0.644641
0.641953
0.638349
0.633816
0.628327
0.621777
0.614199
0.60583
0.597196
0.588882
0.581494
0.575555
0.571475
0.569528
0.569904
0.572642
0.577735
0.585019
0.594218
0.60487
0.616312
0.627717
0.638254
0.647229
0.65411
0.658583
0.660567
0.660316
0.65843
0.655811
0.653407
0.651937
0.651831
0.653059
0.655244
0.657754
0.659944
0.661382
0.661977
0.662005
0.661953
0.662312
0.663338
0.664924
0.666577
0.667521
0.666923
0.664137
0.658959
0.651801
0.6436
0.635514
0.628494
0.622945
0.618631
0.614905
0.611076
0.606688
0.601736
0.596603
0.591795
0.58768
0.584259
0.581311
0.578639
0.576333
0.574882
0.57509
0.577688
0.583003
0.590802
0.600387
0.610798
0.621022
0.630168
0.6375
0.642566
0.645249
0.645715
0.644438
0.642071
0.639371
0.636965
0.635212
0.63418
0.633703
0.633508
0.633408
0.633374
0.633566
0.634272
0.635876
0.638646
0.642647
0.647598
0.652852
0.657428
0.660144
0.660028
0.656634
0.650433
0.642874
0.636117
0.63223
0.632146
0.635195
0.63945
0.642825
0.64389
0.642285
0.638477
0.633433
0.628139
0.623375
0.619531
0.616601
0.614267
0.612009
0.609398
0.606254
0.602653
0.598884
0.595299
0.592214
0.59004
0.58925
0.590368
0.593854
0.599876
0.608212
0.618176
0.628674
0.638443
0.646268
0.651301
0.653229
0.652206
0.648814
0.643841
0.638105
0.632161
0.626362
0.620817
0.615571
0.610748
0.606727
0.604124
0.603693
0.606056
0.611438
0.619529
0.629429
0.639935
0.649904
0.658502
0.665213
0.669787
0.672081
0.671931
0.669202
0.663861
0.656162
0.646798
0.636916
0.627973
0.621412
0.618232
0.618777
0.62257
0.628488
0.635031
0.640728
0.644505
0.645723
0.644192
0.639978
0.633268
0.624275
0.613319
0.60094
0.588041
0.575865
0.565858
0.559387
0.557254
0.559418
0.565015
0.572745
0.581389
0.590079
0.598454
0.606477
0.61431
0.622185
0.630311
0.6388
0.64773
0.657045
0.666517
0.67566
0.683701
0.689599
0.692256
0.690679
0.684261
0.673046
0.65792
0.640515
0.622831
0.606892
0.594367
0.586392
0.583599
0.586077
0.593333
0.604305
0.617398
0.630748
0.642563
0.651406
0.656379
0.65711
0.653815
0.64723
0.638535
0.629141
0.620459
0.613669
0.609406
0.607731
0.608282
0.610478
0.613816
0.61794
0.622779
0.62847
0.635077
0.642446
0.650051
0.65706
0.662523
0.665631
0.665962
0.663604
0.65915
0.653498
0.647548
0.641989
0.637164
0.632984
0.629285
0.626065
0.623656
0.622552
0.623102
0.625216
0.628296
0.63167
0.634915
0.637987
0.640957
0.64346
0.644571
0.643279
0.639096
0.632396
0.624257
0.61607
0.60906
0.603957
0.600905
0.599632
0.599675
0.600628
0.602337
0.604957
0.608941
0.614847
0.622823
0.632333
0.642136
0.650873
0.65769
0.662504
0.665773
0.668049
0.669611
0.670337
0.669775
0.667427
0.663037
0.656891
0.649875
0.643315
0.638602
0.636839
0.638466
0.643147
0.649879
0.65723
0.663553
0.667373
0.667655
0.663927
0.656492
0.646346
0.63504
0.624349
0.615849
0.610466
0.608194
0.608056
0.608569
0.608259
0.606282
0.602718
0.598554
0.595103
0.593551
0.594491
0.597715
0.602301
0.606984
0.610608
0.612477
0.612609
0.611766
0.611136
0.611991
0.615132
0.620603
0.627679
0.635184
0.64184
0.646648
0.649156
0.649452
0.648026
0.645537
0.642568
0.639582
0.637176
0.636137
0.63726
0.640921
0.646681
0.653327
0.659391
0.663745
0.666016
0.666572
0.666299
0.666066
0.666377
0.666992
0.667211
0.666127
0.663169
0.658289
0.651902
0.64465
0.637147
0.629879
0.623223
0.617516
0.613164
0.610537
0.609946
0.611571
0.615247
0.620364
0.626012
0.631168
0.634952
0.636738
0.63635
0.634081
0.630669
0.62707
0.624163
0.622411
0.621706
0.621463
0.620979
0.619779
0.617767
0.615291
0.612954
0.611486
0.611567
0.613717
0.618155
0.62474
0.632906
0.641716
0.650039
0.656707
0.660812
0.661801
0.659534
0.654234
0.646419
0.636804
0.626352
0.616144
0.607227
0.600379
0.595983
0.593993
0.594025
0.595632
0.598513
0.602562
0.607799
0.614166
0.621389
0.628913
0.636119
0.642423
0.647452
0.651048
0.653293
0.654436
0.654933
0.655443
0.656565
0.658473
0.660749
0.662525
0.662717
0.660405
0.655008
0.646407
0.635024
0.62187
0.608447
0.596501
0.587658
0.583041
0.583134
0.587813
0.59641
0.607875
0.620934
0.634217
0.646348
0.656093
0.662391
0.664609
0.662555
0.656516
0.647249
0.635967
0.624147
0.613333
0.604894
0.599731
0.598168
0.600041
0.604772
0.611605
0.619701
0.62817
0.636094
0.642515
0.646557
0.647465
0.644782
0.638407
0.628715
0.616624
0.603527
0.591241
0.581809
0.577173
0.578681
0.586643
0.600159
0.617239
0.635339
0.652026
0.665442
0.674567
0.679138
0.679455
0.676197
0.670418
0.663376
0.656343
0.650482
0.646585
0.644833
0.644858
0.645797
0.646607
0.646336
0.644358
0.640325
0.634216
0.626178
0.616567
0.605979
0.595279
0.585514
0.577764
0.572902
0.571507
0.573833
0.579897
0.589482
0.602169
0.617267
0.633696
0.650045
0.664777
0.676541
0.684368
0.687964
0.687623
0.684004
0.677858
0.669751
0.659997
0.64868
0.635767
0.621436
0.606446
0.592314
0.581187
0.575257
0.575987
0.583433
0.596089
0.611414
0.62673
0.639768
0.648885
0.653204
0.65257
0.647503
0.639184
0.629344
0.619913
0.612585
0.608443
0.60768
0.609676
0.613352
0.617591
0.621518
0.624444
0.62585
0.625416
0.622976
0.618684
0.613088
0.607174
0.602198
0.59932
0.599342
0.602655
0.609177
0.618405
0.629445
0.641071
0.651857
0.660409
0.66565
0.667078
0.664738
0.659081
0.650594
0.639821
0.627541
0.614955
0.603808
0.595915
0.592442
0.593475
0.598195
0.605409
0.614048
0.623374
0.632852
0.64185
0.649576
0.655106
0.657643
0.656769
0.652661
0.646022
0.637937
0.629574
0.6219
0.615486
0.610596
0.607126
0.604714
0.603027
0.602049
0.602276
0.604636
0.61006
0.618779
0.629865
0.641322
0.650739
0.656231
0.657101
0.653984
0.648418
0.642353
0.637453
0.634606
0.633829
0.634362
0.635118
0.635016
0.633352
0.629906
0.624931
0.618974
0.612787
0.607154
0.602857
0.600624
0.601112
0.604756
0.611662
0.621581
0.633767
0.646987
0.659735
0.670501
0.677924
0.681067
0.679459
0.673222
0.66303
0.649984
0.635481
0.620968
0.607775
0.59702
0.589568
0.586002
0.586392
0.5903
0.596897
0.605153
0.613968
0.622354
0.629495
0.634858
0.638195
0.639582
0.639382
0.638104
0.636402
0.634994
0.634719
0.636349
0.640186
0.645889
0.652446
0.658483
0.662828
0.664728
0.664046
0.661162
0.656778
0.651687
0.646489
0.641477
0.636568
0.631481
0.625953
0.619868
0.613319
0.60654
0.599794
0.593376
0.587746
0.583632
0.582033
0.583803
0.589305
0.598246
0.609735
0.622612
0.635784
0.648255
0.659116
0.667595
0.673043
0.674927
0.672842
0.666687
0.656766
0.643855
0.629185
0.614333
0.601035
0.590744
0.584407
0.582223
0.583668
0.587716
0.593228
0.599137
0.604687
0.609355
0.612719
0.614451
0.614536
0.613385
0.611895
0.611387
0.613329
0.61893
0.628634
0.641778
0.656757
0.671422
0.68369
0.692043
0.695651
0.694465
0.68903
0.680323
0.669554
0.657982
0.646758
0.63672
0.628344
0.621696
0.616487
0.612187
0.608263
0.604378
0.600583
0.597349
0.595384
0.595422
0.597864
0.602648
0.609283
0.61699
0.624794
0.631688
0.636779
0.639553
0.640024
0.638762
0.636745
0.634984
0.634159
0.634508
0.635807
0.63757
0.639251
0.640481
0.641246
0.641811
0.64249
0.643593
0.645232
0.647337
0.649667
0.651856
0.653325
0.653411
0.651706
0.648329
0.643775
0.638694
0.633513
0.628167
0.622143
0.614819
0.605823
0.595483
0.585037
0.576409
0.571615
0.571966
0.577441
0.586738
0.597912
0.609192
0.619576
0.62894
0.637634
0.646098
0.654556
0.662828
0.670377
0.676433
0.680278
0.68145
0.679891
0.676071
0.670819
0.6652
0.660117
0.656024
0.652941
0.65045
0.647878
0.644465
0.639434
0.63222
0.622672
0.611226
0.59896
0.587315
0.577723
0.57126
0.568337
0.568855
0.572282
0.577841
0.58464
0.591688
0.598163
0.60367
0.608404
0.613054
0.618474
0.625258
0.633397
0.642189
0.650365
0.65658
0.659767
0.659407
0.6556
0.649021
0.640723
0.632039
0.624467
0.619466
0.618118
0.620791
0.627142
0.636185
0.646614
0.656896
0.665595
0.671555
0.674133
0.673304
0.669683
0.664291
0.658156
0.652149
0.64677
0.642159
0.638161
0.634401
0.630469
0.626078
0.621253
0.616399
0.612168
0.609454
0.609142
0.611919
0.618014
0.626877
0.637202
0.647258
0.655221
0.659371
0.658461
0.651836
0.639671
0.623056
0.603912
0.584702
0.568087
0.556567
0.552052
0.555572
0.567152
0.585693
0.609105
0.634506
0.658646
0.678598
0.692195
0.698341
0.697059
0.689314
0.676833
0.661754
0.646211
0.632014
0.620444
0.612227
0.607702
0.606938
0.609842
0.616131
0.625282
0.636371
0.64803
0.658635
0.666546
0.670469
0.669916
0.665283
0.657655
0.648307
0.638126
0.627402
0.615919
0.60351
0.590492
0.577926
0.567363
0.560573
0.559046
0.563614
0.574139
0.589446
0.607534
0.626031
0.642686
0.655588
0.663486
0.665779
0.662591
0.654711
0.643688
0.631577
0.620562
0.612557
0.608827
0.609762
0.614919
0.623119
0.632837
0.642506
0.650773
0.656558
0.659142
0.658156
0.65363
0.646001
0.635926
0.624208
0.611658
0.599015
0.587042
0.576584
0.568608
0.564128
0.564039
0.568851
0.578531
0.592514
0.609681
0.628439
0.646849
0.662887
0.674751
0.681211
0.682015
0.67784
0.670173
0.660947
0.652131
0.645245
0.64104
0.639368
0.639336
0.639803
0.639713
0.638507
0.636234
0.633525
0.631246
0.630264
0.631128
0.633962
0.638458
0.643871
0.649179
0.653273
0.655342
0.655054
0.652649
0.648538
0.642909
0.635511
0.62608
0.614871
0.603061
0.592453
0.584938
0.581754
0.583168
0.588577
0.596772
0.606321
0.615839
0.624356
0.631529
0.63759
0.643053
0.648263
0.653054
0.656901
0.659124
0.659308
0.657504
0.654365
0.650944
0.648318
0.646944
0.646406
0.645678
0.643591
0.639314
0.632548
0.623507
0.612798
0.601255
0.589898
0.579961
0.572789
0.569596
0.571106
0.577191
0.586778
0.598246
0.609871
0.620281
0.628599
0.634463
0.637921
0.639308
0.639193
0.638264
0.637169
0.636578
0.637239
0.639826
0.644575
0.650996
0.657968
0.664159
0.668339
0.669691
0.667969
0.66348
0.656993
0.649586
0.642374
0.636306
0.632004
0.629804
0.629866
0.632137
0.636363
0.642013
0.648204
0.653821
0.65776
0.659151
0.657576
0.653147
0.646323
0.637706
0.627956
0.617677
0.607469
0.598089
0.590376
0.585186
0.583062
0.584114
0.587915
0.59354
0.599885
0.605884
0.610796
0.614288
0.616417
0.617538
0.618233
0.619216
0.621085
0.624252
0.628789
0.634497
0.640935
0.647593
0.654086
0.660131
0.665535
0.670174
0.673972
0.67672
0.677994
0.677305
0.674301
0.669121
0.662484
0.655558
0.649679
0.645735
0.643878
0.643505
0.643463
0.642451
0.639457
0.633827
0.625362
0.614245
0.601103
0.587062
0.57362
0.562473
0.555257
0.553204
0.556911
0.566175
0.580031
0.596943
0.615144
0.632986
0.649151
0.662794
0.673426
0.68072
0.684481
0.684641
0.681432
0.675399
0.667626
0.659639
0.653178
0.649628
0.649594
0.652606
0.657329
0.661929
0.664742
0.664554
0.660885
0.653891
0.644211
0.632857
0.621045
0.610134
0.601527
0.5965
0.595994
0.600335
0.608946
0.620401
0.632627
0.643466
0.65111
0.6546
0.653892
0.649688
0.643197
0.635722
0.628346
0.621714
0.615924
0.610641
0.605319
0.599349
0.592351
0.584311
0.575711
0.567555
0.561191
0.558018
0.559102
0.564819
0.574716
0.587616
0.601911
0.615951
0.62845
0.638671
0.646557
0.652683
0.65796
0.663194
0.668801
0.67454
0.679654
0.683026
0.683501
0.680149
0.672585
0.661133
0.646857
0.631402
0.616681
0.604537
0.596315
0.592607
0.593271
0.597609
0.604477
0.612596
0.620762
0.628019
0.633826
0.63804
0.640736
0.642178
0.642747
0.643052
0.643834
0.645742
0.649172
0.654129
0.660284
0.667121
0.674094
0.680635
0.686101
0.689777
0.691096
0.689918
0.686532
0.681409
0.674999
0.667512
0.659022
0.64948
0.638691
0.626461
0.612686
0.597493
0.581382
0.565131
0.549824
0.536591
0.526382
0.5197
0.516506
0.516239
0.51809
0.52135
0.525764
0.531569
0.539371
0.549689
0.562549
0.577351
0.593062
0.608634
0.623295
0.636701
0.648826
0.659684
0.669106
0.676805
0.682387
0.685622
0.686499
0.685413
0.683104
0.68044
0.678124
0.67643
0.675
0.673017
0.669531
0.663833
0.655751
0.645588
0.633982
0.621696
0.609435
0.597975
0.58823
0.58123
0.577905
0.57891
0.584342
0.593645
0.6058
0.619489
0.633397
0.646346
0.657397
0.665849
0.671266
0.673461
0.672602
0.669203
0.664168
0.658586
0.653483
0.649662
0.647452
0.646848
0.647625
0.649474
0.652089
0.655084
0.65789
0.659946
0.660604
0.659197
0.655336
0.649168
0.641523
0.633762
0.627359
0.623296
0.62153
0.620843
0.619312
0.61514
0.607214
0.595553
0.5812
0.565924
0.55176
0.540636
0.534078
0.533046
0.53787
0.548186
0.562891
0.580307
0.598464
0.615433
0.629659
0.640146
0.646617
0.649418
0.649461
0.648049
0.646537
0.646041
0.647128
0.649706
0.653183
0.656638
0.659089
0.659607
0.657438
0.652159
0.643808
0.633001
0.620933
0.60912
0.59906
0.591936
0.588393
0.588514
0.591866
0.597699
0.605075
0.613039
0.620741
0.627409
0.632366
0.635084
0.635249
0.632835
0.628279
0.622409
0.616385
0.611471
0.608838
0.609341
0.613363
0.620785
0.630959
0.642865
0.655258
0.666721
0.675902
0.681627
0.6831
0.680008
0.672619
0.66178
0.648911
0.635794
0.624342
0.616191
0.612291
0.612684
0.616464
0.622048
0.627724
0.632125
0.634622
0.635436
0.635481
0.63595
0.637746
0.641036
0.645043
0.648449
0.649965
0.648873
0.645185
0.63949
0.632653
0.625486
0.618625
0.612563
0.607626
0.604014
0.601827
0.601051
0.601681
0.60358
0.606523
0.610086
0.613785
0.617245
0.620413
0.62347
0.626621
0.629992
0.633531
0.63713
0.640691
0.644204
0.647627
0.650806
0.653449
0.655086
0.655144
0.653042
0.648503
0.642087
0.635662
0.632279
0.634973
0.644937
0.660497
0.677682
0.692033
0.700179
0.700518
0.693075
0.67917
0.660881
0.640565
0.620474
0.602409
0.587555
0.57639
0.568781
0.564371
0.562863
0.564161
0.568248
0.574974
0.583893
0.594435
0.606106
0.618578
0.631609
0.644924
0.658083
0.670488
0.681474
0.690354
0.696417
0.699059
0.69781
0.692456
0.683138
0.670326
0.654769
0.637428
0.619543
0.602547
0.587996
0.577322
0.571625
0.571557
0.577228
0.588123
0.60319
0.620831
0.639109
0.655974
0.669573
0.678389
0.68144
0.678337
0.669321
0.655324
0.637963
0.619531
0.602748
0.59015
0.583648
0.584037
0.590882
0.602755
0.61765
0.633356
0.64779
0.659218
0.666405
0.668669
0.666023
0.659175
0.649486
0.638756
0.628936
0.621696
0.618043
0.618188
0.621367
0.625959
0.6298
0.630868
0.627911
0.620849
0.610639
0.599022
0.587937
0.578971
0.573191
0.571066
0.572688
0.577868
0.586185
0.59695
0.609305
0.622292
0.635038
0.646932
0.657809
0.667858
0.677548
0.687356
0.697197
0.706128
0.712646
0.715239
0.713073
0.706216
0.695406
0.681728
0.666314
0.65018
0.634088
0.618671
0.604644
0.592885
0.584389
0.58023
0.581184
0.587247
0.597366
0.609449
0.620805
0.628835
0.631699
0.628713
0.620517
0.608879
0.596368
0.585783
0.579547
0.579156
0.58492
0.596081
0.611096
0.628114
0.64522
0.660857
0.673861
0.683538
0.689599
0.69197
0.690583
0.685514
0.676907
0.665286
0.651625
0.63736
0.624278
0.613959
0.607519
0.605416
0.607615
0.613855
0.62372
0.636526
0.651165
0.66602
0.679071
0.688204
0.691595
0.688036
0.677123
0.659612
0.637366
0.613176
0.590198
0.571187
0.557945
0.551199
0.550766
0.555797
0.564997
0.576918
0.590049
0.603083
0.615026
0.625312
0.63379
0.640511
0.645611
0.649117
0.650919
0.650859
0.648826
0.644972
0.639699
0.633654
0.627567
0.622007
0.617214
0.613132
0.609555
0.606303
0.60342
0.601216
0.600237
0.601026
0.603912
0.608807
0.615023
0.621433
0.626987
0.631049
0.63364
0.635411
0.637207
0.639816
0.643594
0.648355
0.65348
0.658114
0.661548
0.663325
0.663523
0.66256
0.660989
0.659346
0.657963
0.656894
0.656067
0.65531
0.654347
0.65292
0.650911
0.648364
0.645563
0.642809
0.640196
0.63758
0.634616
0.630979
0.626566
0.6215
0.616045
0.610586
0.605669
0.601864
0.599727
0.599606
0.601438
0.604721
0.608485
0.611552
0.612841
0.611768
0.608407
0.603512
0.598337
0.594318
0.592825
0.594753
0.600297
0.608812
0.61889
0.628809
0.636924
0.642003
0.643477
0.641496
0.636893
0.630994
0.625314
0.621212
0.61959
0.620736
0.624203
0.628932
0.633554
0.6367
0.637269
0.634775
0.629584
0.622857
0.616427
0.612337
0.612243
0.616926
0.626088
0.63837
0.651679
0.663658
0.672111
0.675435
0.672853
0.664475
0.651322
0.635101
0.617901
0.602001
0.589436
0.581628
0.579208
0.582001
0.589037
0.59883
0.609723
0.620141
0.62887
0.635105
0.638448
0.638937
0.637128
0.633968
0.630664
0.628576
0.628809
0.631834
0.637348
0.644407
0.651781
0.658159
0.662452
0.664082
0.663097
0.660292
0.657029
0.654789
0.654584
0.656503
0.659683
0.662664
0.663862
0.662108
0.65684
0.648135
0.636587
0.623144
0.608964
0.595325
0.58349
0.574598
0.569435
0.568325
0.571078
0.577148
0.585779
0.596162
0.607485
0.618876
0.629449
0.638517
0.645751
0.651276
0.655552
0.659085
0.66192
0.663799
0.664273
0.663038
0.660202
0.656312
0.6521
0.648422
0.645951
0.644974
0.645291
0.646355
0.647409
0.647704
0.646633
0.643935
0.639602
0.633917
0.627392
0.620605
0.614105
0.608477
0.60443
0.602717
0.603868
0.607904
0.614182
0.621436
0.628219
0.633303
0.636138
0.636888
0.636291
0.635315
0.634826
0.635345
0.637063
0.639809
0.643204
0.646675
0.649583
0.651181
0.650694
0.647445
0.641009
0.631387
0.619103
0.60527
0.591421
0.579276
0.570262
0.565127
0.563789
0.565464
0.568968
0.573116
0.576921
0.57995
0.582588
0.585858
0.591192
0.599822
0.612088
0.627203
0.643312
0.658059
0.669297
0.675668
0.676949
0.67396
0.668196
0.661335
0.654836
0.649775
0.646798
0.646167
0.647631
0.650468
0.653733
0.656607
0.658681
0.660026
0.660984
0.66199
0.663323
0.665065
0.667102
0.6692
0.67123
0.673228
0.675329
0.677512
0.679278
0.679599
0.677084
0.670383
0.658488
0.641267
0.61965
0.595483
0.571198
0.549254
0.531701
0.520034
0.51527
0.518006
0.528163
0.544762
0.565893
0.589163
0.612336
0.633724
0.65233
0.667603
0.679217
0.686876
0.690237
0.689273
0.68466
0.678006
0.671653
0.667667
0.666414
0.666299
0.664793
0.659716
0.649994
0.635785
0.618342
0.599633
0.582026
0.567778
0.558579
0.555209
0.557289
0.563401
0.571404
0.57912
0.58497
0.588402
0.589916
0.590825
0.592793
0.597148
0.604427
0.614184
0.625259
0.636292
0.646199
0.654501
0.661307
0.667204
0.672901
0.678997
0.685577
0.692237
0.698103
0.702141
0.703486
0.701583
0.696361
0.688123
0.677331
0.664629
0.650764
0.63665
0.62343
0.612406
0.604625
0.600413
0.599073
0.599052
0.598643
0.596738
0.593332
0.58945
0.586719
0.586698
0.590407
0.598035
0.608961
0.62191
0.635269
0.647311
0.656441
0.661457
0.661691
0.657097
0.648194
0.635979
0.621753
0.606952
0.59297
0.581141
0.572678
0.568556
0.569344
0.575099
0.585238
0.598676
0.614009
0.629708
0.644359
0.656674
0.665765
0.671235
0.673208
0.672285
0.669347
0.665304
0.660838
0.656099
0.650732
0.644017
0.635121
0.623437
0.608925
0.592319
0.575191
0.559856
0.54902
0.545103
0.549694
0.56309
0.584143
0.610486
0.638809
0.665473
0.68732
0.702235
0.709326
0.708822
0.701851
0.690124
0.675589
0.660168
0.645587
0.633201
0.623956
0.618323
0.616253
0.617348
0.620904
0.626105
0.632193
0.638548
0.644512
0.64929
0.652001
0.65197
0.649054
0.643731
0.636789
0.62891
0.620239
0.610451
0.59934
0.587455
0.576375
0.568388
0.56575
0.569776
0.580357
0.59612
0.615039
0.634941
0.653877
0.670231
0.682692
0.690342
0.692922
0.690881
0.685217
0.677077
0.667389
0.656719
0.645404
0.633806
0.622296
0.611256
0.601134
0.592453
0.585866
0.582089
0.581627
0.584567
0.59049
0.598528
0.607679
0.616951
0.625569
0.632961
0.638718
0.642588
0.644564
0.644873
0.643957
0.642262
0.640177
0.637948
0.635626
0.633157
0.630483
0.627519
0.624209
0.620564
0.616743
0.613012
0.609689
0.607188
0.6061
0.607136
0.610917
0.617808
0.627693
0.639959
0.653676
0.667809
0.681281
0.693038
0.702071
0.70747
0.70853
0.704914
0.69681
0.684884
0.670219
0.654139
0.638044
0.623153
0.610347
0.600063
0.592304
0.586705
0.582673
0.57955
0.576661
0.57353
0.569915
0.566027
0.562586
0.560857
0.562252
0.567691
0.577175
0.58971
0.603736
0.617689
0.630354
0.64101
0.649375
0.655446
0.659342
0.661126
0.660813
0.658415
0.653979
0.647739
0.640251
0.632314
0.624962
0.619224
0.61601
0.615927
0.619159
0.625422
0.633967
0.643753
0.65357
0.662342
0.669322
0.674208
0.677093
0.678302
0.678252
0.677227
0.675291
0.672312
0.668036
0.662102
0.654307
0.644728
0.633766
0.622056
0.610351
0.599224
0.589013
0.57985
0.571882
0.565332
0.560416
0.557243
0.555754
0.555863
0.557611
0.561202
0.56684
0.574573
0.58422
0.595434
0.607761
0.620664
0.633527
0.645653
0.656301
0.664806
0.670702
0.673938
0.674991
0.674946
0.675211
0.677166
0.681665
0.688662
0.69716
0.705522
0.712005
0.715284
0.714521
0.709429
0.70004
0.686779
0.670408
0.652037
0.633071
0.615083
0.599492
0.587308
0.578958
0.574238
0.572376
0.572242
0.572719
0.573012
0.572866
0.572493
0.572429
0.573284
0.575589
0.579688
0.585674
0.593392
0.60236
0.61188
0.621089
0.629068
0.634859
0.63765
0.636816
0.632096
0.623793
0.612755
0.60044
0.588655
0.579389
0.574408
0.574859
0.580883
0.591638
0.605548
0.620853
0.636067
0.650119
0.662301
0.672083
0.678992
0.682514
0.682129
0.677529
0.66875
0.65621
0.640757
0.623601
0.606292
0.590596
0.578182
0.570366
0.567779
0.570227
0.576909
0.586785
0.598969
0.612907
0.628243
0.644563
0.661238
0.677402
0.692108
0.704408
0.713592
0.719177
0.72097
0.718896
0.712968
0.7033
0.690297
0.674789
0.657996
0.641447
0.626653
0.614876
0.606741
0.602326
0.601108
0.602125
0.604085
0.605616
0.605633
0.603641
0.599942
0.595616
0.592151
0.591029
0.593229
0.599034
0.608089
0.619447
0.631782
0.643594
0.653313
0.659481
0.661064
0.657792
0.650517
0.641333
0.632934
0.627493
0.625765
0.627126
0.63057
0.635438
0.641424
0.648318
0.655734
0.66297
0.669137
0.673303
0.674575
0.67237
0.666534
0.657311
0.645408
0.63195
0.618319
0.605911
0.595752
0.588463
0.584253
0.58331
0.585927
0.592314
0.602182
0.614484
0.62757
0.639616
0.649078
0.654953
0.656731
0.654371
0.648234
0.639078
0.628073
0.616751
0.606811
0.599776
0.59663
0.597655
0.602407
0.609955
0.6191
0.628648
0.637516
0.644827
0.649968
0.65257
0.65253
0.650014
0.645514
0.639826
0.633982
0.629106
0.626192
0.625785
0.627871
0.631907
0.636992
0.642187
0.646709
0.650045
0.651995
0.652542
0.651696
0.649398
0.645356
0.639142
0.630368
0.619138
0.606191
0.593036
0.581726
0.574404
0.572763
0.577531
0.588293
0.603534
0.621016
0.638437
0.65396
0.6665
0.675838
0.682392
0.686663
0.688886
0.688956
0.68661
0.681721
0.674449
0.665287
0.654964
0.644302
0.634022
0.624825
0.61728
0.611936
0.609233
0.609573
0.613152
0.619841
0.629094
0.63988
0.650862
0.660715
0.668311
0.672835
0.673876
0.671282
0.66518
0.656129
0.64514
0.63359
0.622912
0.614336
0.608587
0.605729
0.605417
0.607065
0.610213
0.614476
0.619507
0.624638
0.628833
0.630862
0.629638
0.624469
0.615256
0.602681
0.588215
0.573921
0.562147
0.554954
0.553761
0.559014
0.570296
0.586585
0.60653
0.628558
0.650967
0.671929
0.689553
0.70205
0.707977
0.706471
0.697468
0.681947
0.661813
0.639629
0.618304
0.600521
0.588269
0.582523
0.583056
0.588556
0.596987
0.606175
0.614464
0.621093
0.62616
0.630351
0.634494
0.639228
0.644758
0.650828
0.656812
0.66192
0.665364
0.666531
0.665114
0.661148
0.655018
0.647417
0.639093
0.630854
0.623459
0.617569
0.613683
0.611981
0.612352
0.614333
0.617281
0.620543
0.623609
0.626287
0.628582
0.630707
0.633084
0.636328
0.641101
0.647871
0.656486
0.666066
0.675178
0.682213
0.685867
0.685324
0.680305
0.670971
0.657914
0.642053
0.624503
0.606482
0.589182
0.573623
0.560686
0.55104
0.545093
0.542895
0.544069
0.547838
0.553219
0.559279
0.565374
0.571282
0.577076
0.583024
0.589427
0.596445
0.604118
0.612392
0.621111
0.630116
0.639267
0.648423
0.657316
0.665603
0.672846
0.678645
0.682761
0.685167
0.685903
0.685265
0.683555
0.681127
0.67839
0.675711
0.673336
0.671306
0.66943
0.667359
0.664692
0.661142
0.656614
0.651087
0.644551
0.636976
0.628355
0.618798
0.608592
0.59832
0.588716
0.580574
0.574475
0.570716
0.5693
0.570085
0.572956
0.577933
0.585107
0.594456
0.605583
0.617629
0.629324
0.63921
0.645949
0.648617
0.646956
0.641534
0.633942
0.62663
0.622178
0.622023
0.625904
0.632228
0.639347
0.646222
0.652583
0.658622
0.6646
0.67064
0.676622
0.682232
0.687035
0.690542
0.692178
0.691355
0.687532
0.680381
0.669861
0.656373
0.640703
0.623926
0.607441
0.592751
0.581238
0.573947
0.571374
0.573476
0.579742
0.589272
0.600953
0.613584
0.626079
0.637669
0.647963
0.65697
0.664982
0.672223
0.678774
0.684538
0.689243
0.692522
0.694014
0.69331
0.6899
0.683264
0.673024
0.659225
0.642522
0.624253
0.606169
0.590029
0.577082
0.567848
0.562277
0.559934
0.560226
0.562468
0.565947
0.569965
0.573957
0.57744
0.58009
0.581783
0.582689
0.583407
0.584969
0.588659
0.595573
0.606147
0.619901
0.635586
0.651666
0.666815
0.680108
0.691073
0.699508
0.70533
0.708505
0.709053
0.707072
0.702662
0.695904
0.686726
0.674976
0.660513
0.643412
0.624253
0.604199
0.585103
0.569084
0.558148
0.553754
0.556536
0.566176
0.581339
0.59981
0.61894
0.636226
0.649794
0.658581
0.662152
0.660623
0.654398
0.644122
0.630517
0.614506
0.597244
0.58006
0.564351
0.551553
0.542869
0.53916
0.540908
0.548132
0.560348
0.576642
0.595793
0.616382
0.636924
0.655882
0.671764
0.683179
0.689123
0.689286
