0.028364   -0.168692   0.400461
-0.380766   0.166987   -0.0575329
0.301814   -0.177053   0.318394
-0.20746   0.0572594   -0.0831276
-0.343565   -0.227077   -0.321059
0.224161   -0.407287   0.121919
0.0462395   -0.277258   -0.0968314
-0.162529   -0.23541   -0.0707439
0.185692   -0.486057   -0.290948
0.0436194   0.259339   -0.144934
0.366942   0.496994   0.291784
-0.140867   -0.128765   -0.376781
-0.440888   -0.0840692   -0.0517411
0.383832   -0.328968   -0.448445
0.24775   0.352406   -0.239749
-0.127319   -0.497793   0.357916
-0.426602   -0.194833   -0.130788
-0.434143   -0.0472119   -0.490823
0.172541   0.133839   -0.345808
0.183371   -0.264559   0.324053
-0.00319333   0.0550614   0.0105337
0.40829   -0.0992262   -0.159343
0.382196   -0.36969   0.326744
0.298686   0.443194   0.49185
0.019496   0.461682   -0.30926
-0.447907   0.0928297   -0.338872
0.287422   0.308852   0.025905
-0.00954451   0.177958   0.465658
-0.340301   -0.175507   0.481984
-0.475326   -0.0840694   -0.167957
0.35683   0.37051   0.179683
-0.229916   -0.325272   -0.180153
0.242192   -0.176092   0.375321
-0.226088   -0.237913   -0.197875
0.472417   0.406406   0.261631
0.0282886   -0.422306   -0.455984
-0.408749   0.427002   0.16889
-0.442171   -0.00141363   -0.0218931
-0.0885932   0.0433994   0.493184
0.187667   0.141403   0.33808
-0.107924   0.419144   0.32861
0.294062   -0.109583   0.399062
0.168369   -0.116288   -0.0110157
0.0196791   -0.442152   0.370915
-0.309966   0.111607   -0.187942
-0.445137   0.416099   0.380923
0.197868   0.18606   -0.147182
0.000301656   -0.383711   0.153743
0.46652   0.412161   0.0611067
0.17615   0.221423   0.326579
0.470895   0.343383   -0.189673
0.351786   -0.425228   0.391278
-0.342163   -0.330038   -0.473104
0.202406   0.464077   -0.468333
-0.231203   -0.407707   -0.198419
0.0693078   0.356244   0.4698
0.154349   0.413728   0.279342
0.0290487   0.218633   0.264024
-0.159453   -0.224049   0.123221
-0.086758   0.24577   -0.47325
0.0908383   0.446184   0.15324
0.207155   -0.129135   -0.118566
-0.253693   -0.355448   0.313799
-0.473415   0.352528   0.234404
-0.488007   0.42779   0.468864
0.220238   0.388521   0.320585
-0.397593   0.0591823   0.38844
-0.0551522   0.15975   -0.0956121
0.0927513   -0.217033   -0.185643
-0.497373   0.473442   0.335986
0.0664407   -0.100067   -0.492086
-0.00583063   0.329079   -0.0945864
0.47721   0.0983334   0.307137
0.253557   -0.0732793   0.338016
-0.248537   0.0932633   -0.36607
-0.479215   0.256615   -0.0124811
0.457881   0.385273   0.396513
0.365448   -0.282093   0.372348
0.418307   -0.223924   -0.389392
0.209157   -0.197283   0.192893
0.120003   -0.306303   -0.285482
0.382976   0.340135   0.466275
-0.470152   -0.275559   -0.318307
-0.496534   -0.00450616   -0.316617
-0.187735   0.319183   -0.267336
-0.360324   0.30991   -0.0286229
-0.423354   -0.181581   -0.462937
0.460139   -0.427013   0.377863
-0.184114   0.371092   0.257453
0.337008   -0.459287   -0.08031
-0.0514717   -0.243638   0.188119
-0.076391   -0.0705481   0.00868224
-0.193186   0.26435   -0.372343
-0.177346   0.144682   0.124999
0.379477   -0.497589   0.435138
0.197035   -0.480969   0.370491
0.495577   0.347943   0.338992
0.275329   -0.0174329   0.432149
-0.49686   -0.193429   -0.413232
-0.325229   -0.121877   -0.259351
-0.108532   -0.419055   0.351113
0.379843   0.450842   -0.0693073
0.211199   0.0673376   -0.301595
0.282994   -0.251254   0.379782
0.2437   0.454209   -0.289566
0.0144323   0.430923   0.499446
-0.283764   -0.235973   0.438572
0.195108   0.311272   -0.0578159
