-0.431852
-0.430565
-0.429168
-0.42796
-0.427082
-0.42659
-0.426431
-0.426472
-0.426543
-0.426484
-0.426187
-0.425584
-0.424674
-0.423493
-0.422108
-0.420556
-0.418895
-0.417159
-0.415416
-0.413788
-0.412462
-0.411681
-0.411688
-0.41268
-0.414698
-0.417612
-0.421179
-0.425045
-0.428903
-0.432459
-0.435547
-0.438053
-0.439952
-0.441245
-0.441977
-0.442207
-0.442035
-0.441605
-0.441081
-0.440676
-0.440596
-0.440965
-0.441844
-0.443101
-0.444447
-0.445432
-0.445484
-0.44398
-0.440296
-0.433956
-0.424918
-0.413956
-0.40294
-0.394618
-0.391415
-0.393992
-0.400795
-0.409031
-0.416224
-0.420928
-0.422695
-0.421822
-0.419038
-0.415351
-0.411826
-0.409228
-0.407859
-0.407388
-0.407191
-0.406758
-0.406019
-0.405407
-0.405622
-0.407232
-0.410349
-0.414607
-0.41932
-0.423854
-0.427821
-0.431143
-0.433962
-0.43661
-0.439446
-0.44277
-0.446733
-0.451327
-0.456369
-0.461578
-0.466585
-0.471033
-0.474581
-0.476926
-0.477834
-0.477107
-0.474604
-0.470234
-0.463995
-0.455991
-0.446438
-0.435673
-0.42419
-0.412514
-0.401224
-0.390838
-0.381848
-0.374733
-0.370002
-0.368184
-0.369722
-0.374788
-0.383164
-0.394217
-0.406996
-0.420452
-0.433629
-0.44584
-0.456584
-0.465661
-0.472986
-0.478616
-0.482655
-0.485259
-0.486591
-0.486788
-0.486027
-0.484426
-0.48213
-0.479256
-0.475973
-0.472387
-0.468664
-0.464941
-0.461392
-0.458138
-0.455256
-0.45279
-0.450709
-0.448927
-0.447321
-0.44574
-0.444054
-0.442145
-0.439965
-0.437494
-0.434817
-0.432028
-0.429307
-0.426806
-0.424701
-0.423147
-0.422247
-0.422021
-0.422459
-0.423468
-0.424899
-0.426601
-0.428426
-0.430219
-0.431862
-0.433272
-0.434391
-0.435183
-0.435613
-0.435669
-0.435322
-0.434598
-0.433475
-0.431966
-0.4301
-0.427917
-0.425459
-0.42279
-0.419991
-0.41713
-0.414284
-0.411531
-0.408913
-0.40649
-0.404268
-0.40224
-0.4004
-0.398765
-0.397366
-0.396257
-0.395498
-0.39516
-0.395292
-0.395823
-0.396673
-0.397662
-0.398607
-0.399322
-0.39966
-0.399563
-0.399027
-0.398102
-0.39687
-0.395437
-0.393881
-0.392226
-0.390489
-0.388709
-0.386914
-0.38521
-0.383737
-0.382665
-0.38217
-0.382317
-0.383117
-0.384494
-0.386303
-0.388342
-0.39045
-0.392462
-0.39426
-0.395745
-0.396846
-0.397517
-0.397722
-0.39743
-0.396628
-0.395292
-0.393405
-0.390941
-0.387898
-0.384309
-0.380228
-0.375776
-0.371151
-0.366612
-0.362437
-0.358906
-0.356201
-0.354359
-0.35329
-0.352855
-0.352824
-0.35301
-0.353285
-0.353581
-0.353892
-0.354241
-0.35465
-0.35517
-0.355806
-0.356551
-0.357416
-0.358372
-0.359406
-0.360497
-0.361634
-0.362804
-0.364008
-0.365254
-0.366517
-0.367789
-0.369021
-0.370165
-0.371154
-0.371916
-0.372387
-0.372488
-0.372145
-0.371276
-0.369808
-0.367631
-0.36466
-0.360781
-0.355923
-0.350124
-0.343653
-0.337163
-0.331715
-0.328581
-0.328706
-0.332243
-0.338432
-0.345913
-0.353318
-0.359706
-0.364605
-0.367928
-0.369806
-0.37043
-0.370019
-0.368782
-0.366944
-0.364713
-0.362355
-0.360172
-0.358466
-0.357458
-0.35725
-0.357747
-0.358657
-0.359593
-0.360137
-0.359931
-0.358831
-0.356926
-0.354592
-0.35247
-0.351254
-0.351495
-0.353349
-0.356547
-0.360512
-0.364592
-0.368263
-0.371142
-0.373181
-0.374482
-0.375273
-0.375796
-0.376298
-0.376977
-0.377902
-0.37904
-0.380312
-0.381613
-0.382839
-0.383914
-0.384791
-0.385452
-0.3859
-0.386126
-0.386148
-0.385973
-0.385614
-0.385079
-0.384398
-0.383613
-0.382771
-0.381917
-0.381142
-0.380503
-0.380043
-0.379795
-0.379762
-0.379901
-0.380144
-0.380413
-0.380622
-0.380704
-0.380626
-0.380403
-0.380065
-0.379713
-0.379428
-0.379333
-0.379507
-0.379973
-0.380749
-0.381769
-0.382941
-0.384167
-0.385317
-0.38631
-0.387091
-0.387624
-0.38789
-0.387908
-0.387716
-0.387373
-0.386951
-0.386543
-0.386236
-0.386142
-0.386336
-0.386881
-0.387758
-0.388951
-0.390376
-0.391897
-0.393398
-0.394736
-0.395816
-0.396543
-0.396902
-0.396872
-0.396505
-0.39588
-0.395135
-0.394435
-0.393924
-0.393729
-0.393917
-0.394497
-0.395352
-0.396342
-0.397302
-0.398053
-0.398493
-0.398591
-0.398353
-0.397865
-0.397289
-0.396805
-0.396585
-0.396766
-0.397452
-0.398644
-0.400265
-0.402148
-0.404064
-0.405746
-0.40691
-0.407363
-0.406915
-0.405473
-0.403054
-0.399816
-0.396045
-0.39214
-0.388542
-0.385685
-0.383927
-0.383532
-0.384618
-0.387173
-0.39102
-0.395815
-0.401144
-0.406544
-0.411635
-0.416126
-0.419858
-0.422727
-0.424664
-0.425645
-0.425622
-0.424577
-0.422516
-0.419521
-0.415773
-0.411587
-0.407373
-0.403581
-0.400606
-0.398643
-0.397679
-0.3974
-0.397441
-0.39743
-0.397096
-0.396353
-0.395198
-0.393751
-0.392163
-0.390609
-0.38925
-0.388221
-0.38766
-0.387706
-0.388467
-0.389979
-0.392207
-0.395023
-0.3982
-0.401462
-0.404519
-0.407115
-0.409066
-0.410253
-0.410619
-0.410198
-0.409058
-0.407331
-0.405184
-0.402803
-0.400414
-0.39824
-0.396451
-0.395195
-0.394541
-0.394417
-0.394733
-0.395317
-0.395976
-0.396543
-0.396905
-0.396997
-0.396811
-0.396408
-0.395878
-0.395336
-0.394899
-0.394658
-0.394735
-0.395189
-0.396014
-0.397224
-0.398752
-0.400508
-0.402355
-0.404151
-0.405752
-0.407011
-0.407765
-0.4079
-0.407306
-0.405908
-0.403636
-0.400453
-0.39634
-0.39137
-0.385706
-0.379719
-0.374024
-0.369377
-0.366548
-0.365996
-0.367663
-0.370993
-0.37512
-0.379183
-0.382514
-0.384704
-0.385567
-0.385132
-0.383546
-0.381063
-0.377985
-0.374684
-0.371529
-0.368858
-0.366951
-0.365991
-0.366002
-0.366893
-0.368472
-0.370471
-0.372622
-0.374728
-0.37665
-0.378314
-0.379755
-0.381067
-0.382346
-0.383727
-0.385275
-0.387002
-0.38882
-0.390615
-0.392199
-0.393459
-0.394292
-0.394661
-0.394594
-0.39416
-0.39347
-0.392637
-0.391786
-0.391005
-0.390366
-0.389895
-0.389565
-0.389314
-0.389088
-0.388744
-0.38814
-0.387123
-0.385548
-0.383316
-0.380443
-0.377089
-0.373617
-0.370543
-0.368376
-0.367435
-0.367684
-0.368702
-0.369914
-0.37081
-0.371165
-0.37111
-0.370985
-0.371271
-0.37228
-0.374081
-0.376474
-0.37913
-0.381685
-0.383871
-0.385556
-0.386721
-0.387439
-0.387817
-0.387986
-0.388052
-0.388091
-0.388085
-0.388011
-0.387761
-0.387227
-0.386329
-0.385037
-0.383423
-0.381615
-0.379833
-0.378331
-0.377343
-0.37705
-0.377541
-0.378794
-0.380689
-0.383057
-0.385671
-0.388341
-0.390913
-0.393284
-0.395404
-0.397287
-0.398927
-0.400352
-0.401586
-0.402644
-0.403492
-0.40409
-0.404399
-0.404285
-0.403602
-0.402181
-0.399803
-0.39625
-0.391412
-0.385353
-0.378536
-0.371779
-0.366299
-0.363222
-0.363064
-0.365455
-0.369306
-0.373294
-0.376366
-0.377961
-0.377948
-0.376574
-0.374248
-0.371476
-0.36877
-0.366526
-0.365036
-0.364432
-0.364746
-0.365905
-0.367838
-0.370465
-0.373691
-0.377368
-0.381307
-0.385263
-0.388967
-0.392193
-0.394769
-0.396605
-0.397724
-0.39819
-0.398102
-0.397601
-0.396831
-0.395906
-0.394924
-0.393983
-0.393119
-0.39234
-0.391673
-0.391106
-0.390668
-0.390378
-0.390256
-0.390372
-0.390749
-0.391375
-0.392218
-0.393207
-0.394205
-0.395075
-0.395695
-0.395958
-0.395834
-0.39535
-0.394552
-0.39354
-0.392431
-0.391264
-0.390012
-0.388582
-0.386847
-0.384673
-0.381998
-0.378889
-0.375579
-0.372469
-0.369999
-0.368618
-0.368588
-0.369898
-0.37225
-0.375221
-0.37832
-0.381216
-0.383793
-0.386097
-0.388291
-0.39046
-0.392676
-0.394865
-0.39694
-0.398792
-0.400361
-0.40161
-0.402536
-0.403132
-0.403405
-0.403323
-0.402914
-0.402181
-0.401174
-0.399973
-0.398669
-0.397369
-0.396146
-0.395084
-0.394218
-0.393597
-0.393221
-0.393114
-0.393256
-0.393626
-0.394227
-0.395074
-0.396155
-0.397436
-0.398881
-0.400448
-0.402067
-0.40367
-0.405202
-0.40661
-0.407849
-0.408903
-0.409773
-0.41048
-0.411029
-0.411461
-0.411789
-0.412022
-0.412181
-0.4123
-0.412396
-0.412474
-0.412538
-0.412569
-0.412504
-0.41227
-0.411737
-0.41074
-0.409105
-0.406635
-0.403184
-0.398631
-0.392959
-0.386269
-0.378829
-0.371099
-0.363621
-0.356974
-0.351608
-0.3478
-0.345627
-0.345036
-0.34591
-0.348063
-0.351268
-0.355209
-0.359513
-0.363766
-0.367598
-0.370746
-0.37309
-0.374623
-0.375517
-0.376025
-0.376432
-0.376975
-0.377786
-0.378886
-0.380141
-0.381332
-0.382216
-0.382556
-0.382182
-0.380987
-0.379016
-0.376421
-0.373544
-0.370837
-0.368831
-0.367969
-0.36851
-0.370388
-0.373262
-0.376627
-0.379997
-0.382945
-0.385223
-0.386662
-0.387196
-0.386778
-0.385379
-0.38297
-0.379519
-0.375063
-0.369697
-0.363704
-0.357567
-0.351926
-0.347479
-0.344708
-0.343708
-0.344138
-0.345391
-0.346815
-0.347902
-0.348417
-0.348374
-0.347929
-0.347328
-0.346882
-0.346857
-0.347479
-0.348883
-0.351099
-0.354006
-0.357368
-0.360906
-0.364374
-0.367565
-0.370379
-0.372751
-0.374712
-0.376294
-0.377545
-0.37853
-0.3793
-0.379871
-0.380272
-0.380538
-0.380682
-0.380741
-0.380718
-0.380654
-0.380554
-0.380428
-0.380299
-0.380169
-0.380004
-0.379816
-0.379551
-0.379199
-0.378702
-0.378016
-0.377103
-0.375918
-0.374437
-0.37265
-0.370564
-0.368235
-0.36576
-0.363281
-0.360977
-0.359056
-0.357761
-0.357267
-0.357709
-0.359125
-0.361463
-0.364601
-0.368354
-0.372506
-0.376844
-0.381186
-0.385357
-0.389242
-0.392735
-0.395794
-0.398397
-0.400544
-0.402288
-0.403704
-0.404871
-0.405904
-0.406896
-0.407944
-0.409141
-0.410516
-0.412086
-0.413825
-0.415694
-0.417632
-0.419556
-0.421405
-0.42308
-0.42451
-0.425623
-0.426329
-0.426567
-0.426276
-0.425446
-0.424125
-0.422435
-0.420593
-0.418822
-0.417357
-0.416348
-0.41573
-0.415285
-0.414637
-0.413335
-0.410988
-0.407287
-0.402118
-0.395483
-0.387541
-0.378512
-0.368728
-0.358715
-0.349378
-0.342098
-0.338486
-0.33972
-0.34582
-0.355548
-0.367002
-0.378476
-0.388937
-0.398047
-0.405877
-0.412695
-0.418764
-0.424301
-0.429412
-0.434135
-0.438472
-0.442388
-0.445824
-0.448748
-0.451122
-0.452922
-0.45416
-0.454847
-0.455031
-0.454756
-0.454077
-0.453065
-0.451799
-0.450357
-0.448832
-0.447273
-0.445731
-0.444242
-0.442771
-0.441276
-0.439657
-0.437776
-0.435492
-0.432665
-0.429189
-0.424996
-0.420123
-0.414728
-0.409097
-0.403652
-0.398908
-0.395386
-0.39354
-0.393657
-0.395785
-0.399733
-0.405061
-0.411235
-0.417706
-0.423955
-0.429577
-0.434236
-0.43766
-0.43965
-0.439961
-0.438343
-0.434502
-0.428165
-0.419255
-0.408101
-0.395689
-0.383821
-0.37466
-0.369852
-0.369745
-0.373307
-0.378909
-0.385173
-0.391293
-0.396981
-0.402213
-0.407027
-0.411469
-0.415534
-0.419204
-0.422426
-0.425137
-0.427231
-0.428616
-0.429181
-0.428837
-0.427513
-0.425158
-0.421774
-0.417398
-0.412134
-0.406133
-0.399605
-0.392787
-0.385923
-0.37923
-0.372887
-0.367044
-0.361883
-0.357661
-0.354676
-0.353214
-0.353382
-0.355097
-0.35802
-0.361651
-0.365501
-0.369229
-0.372638
-0.375676
-0.378357
-0.380715
-0.38279
-0.384584
-0.386082
-0.387283
-0.388148
-0.388669
-0.388848
-0.388674
-0.388152
-0.387311
-0.386198
-0.384822
-0.383235
-0.381496
-0.379681
-0.377881
-0.376208
-0.374777
-0.373728
-0.373163
-0.373145
-0.37367
-0.374665
-0.375989
-0.377457
-0.378856
-0.379964
-0.380616
-0.380673
-0.380071
-0.378777
-0.376824
-0.374239
-0.370998
-0.367053
-0.362233
-0.356324
-0.349172
-0.34088
-0.33196
-0.32342
-0.316548
-0.312499
-0.312073
-0.315565
-0.322834
-0.333229
-0.345616
-0.358582
-0.370778
-0.381315
-0.389813
-0.39627
-0.400962
-0.404208
-0.406352
-0.407654
-0.40833
-0.408551
-0.408416
-0.408008
-0.407355
-0.406467
-0.405368
-0.404034
-0.402455
-0.40062
-0.39853
-0.396173
-0.393558
-0.390716
-0.387687
-0.384534
-0.381367
-0.378328
-0.375624
-0.373461
-0.372062
-0.371579
-0.372057
-0.37337
-0.375245
-0.377328
-0.379185
-0.380469
-0.380942
-0.3806
-0.379635
-0.37849
-0.377735
-0.377975
-0.379602
-0.382728
-0.387105
-0.392273
-0.397678
-0.402765
-0.407073
-0.410205
-0.411868
-0.41186
-0.410062
-0.406493
-0.401416
-0.39534
-0.389062
-0.383623
-0.380061
-0.379156
-0.381112
-0.385502
-0.39145
-0.397952
-0.40416
-0.409531
-0.413828
-0.41707
-0.419405
-0.42103
-0.422174
-0.423011
-0.423664
-0.424233
-0.424753
-0.425221
-0.425567
-0.425674
-0.425358
-0.424367
-0.422486
-0.419606
-0.415806
-0.411482
-0.407275
-0.403928
-0.402007
-0.401609
-0.402308
-0.403373
-0.40406
-0.403862
-0.402587
-0.400371
-0.397516
-0.394379
-0.39133
-0.388661
-0.386556
-0.385092
-0.384284
-0.384046
-0.384274
-0.384866
-0.385817
-0.387254
-0.389392
-0.39242
-0.396314
-0.400769
-0.405195
-0.408899
-0.411273
-0.411925
-0.410679
-0.407586
-0.402845
-0.396744
-0.389622
-0.381955
-0.374272
-0.367275
-0.361742
-0.358353
-0.357507
-0.359102
-0.362642
-0.367434
-0.372815
-0.378372
-0.383912
-0.38935
-0.394684
-0.399888
-0.404889
-0.409618
-0.413985
-0.417928
-0.421374
-0.424288
-0.42662
-0.428303
-0.429273
-0.429479
-0.428871
-0.427421
-0.425145
-0.422123
-0.418474
-0.414382
-0.410026
-0.405573
-0.401112
-0.396672
-0.392184
-0.387627
-0.383069
-0.378713
-0.374853
-0.371711
-0.369291
-0.3673
-0.365337
-0.36307
-0.360483
-0.357863
-0.35573
-0.354592
-0.354784
-0.356435
-0.359401
-0.363366
-0.367886
-0.372475
-0.376733
-0.380378
-0.383286
-0.385478
-0.387078
-0.388235
-0.389119
-0.389813
-0.390404
-0.390897
-0.391276
-0.391531
-0.391612
-0.391502
-0.39119
-0.390661
-0.389941
-0.38905
-0.388017
-0.386871
-0.385625
-0.384282
-0.382819
-0.38119
-0.379337
-0.377167
-0.374574
-0.37142
-0.367647
-0.363216
-0.358167
-0.352658
-0.34698
-0.341477
-0.336563
-0.332685
-0.330309
-0.329904
-0.331834
-0.336212
-0.342752
-0.350811
-0.359532
-0.368136
-0.376061
-0.383029
-0.388949
-0.393884
-0.397952
-0.401298
-0.404006
-0.406164
-0.407801
-0.408914
-0.409444
-0.409311
-0.408403
-0.406593
-0.403778
-0.399886
-0.394945
-0.389106
-0.382673
-0.376088
-0.369872
-0.36454
-0.360504
-0.358042
-0.357187
-0.357731
-0.359281
-0.361341
-0.36341
-0.365071
-0.366092
-0.36647
-0.366489
-0.36665
-0.367553
-0.369583
-0.372764
-0.376767
-0.381029
-0.385031
-0.388402
-0.390975
-0.392764
-0.39392
-0.39468
-0.395355
-0.396294
-0.39782
-0.400218
-0.403617
-0.408011
-0.413197
-0.418861
-0.424592
-0.429967
-0.43463
-0.438302
-0.440816
-0.442146
-0.442441
-0.441946
-0.441054
-0.440167
-0.439628
-0.43958
-0.439894
-0.440238
-0.440172
-0.439259
-0.437221
-0.433988
-0.429735
-0.424851
-0.419902
-0.415552
-0.412433
-0.410989
-0.411368
-0.413359
-0.416491
-0.420152
-0.423713
-0.426694
-0.428762
-0.429751
-0.429617
-0.428478
-0.426511
-0.423948
-0.421084
-0.418207
-0.415565
-0.413381
-0.411829
-0.411069
-0.411243
-0.412424
-0.414666
-0.417927
-0.422147
-0.42717
-0.432804
-0.438819
-0.44495
-0.450858
-0.456248
-0.460837
-0.464364
-0.466659
-0.467596
-0.467096
-0.465138
-0.46173
-0.456943
-0.450913
-0.443872
-0.436197
-0.428413
-0.421182
-0.415226
-0.411173
-0.40943
-0.410035
-0.41266
-0.416717
-0.421519
-0.426434
-0.430969
-0.434864
-0.437991
-0.440368
-0.442068
-0.443209
-0.443902
-0.444249
-0.444298
-0.444099
-0.443663
-0.443005
-0.442143
-0.441073
-0.43982
-0.438427
-0.436917
-0.435336
-0.433707
-0.43204
-0.430347
-0.428623
-0.426878
-0.425086
-0.423223
-0.421241
-0.419031
-0.416477
-0.413411
-0.409711
-0.405331
-0.400481
-0.395742
-0.39194
-0.39001
-0.390541
-0.393492
-0.398182
-0.403576
-0.408662
-0.412737
-0.415454
-0.416731
-0.41667
-0.415445
-0.41327
-0.410364
-0.406944
-0.403198
-0.3993
-0.395439
-0.391764
-0.38841
-0.385479
-0.383057
-0.38118
-0.379858
-0.37907
-0.378767
-0.378897
-0.379375
-0.380093
-0.380972
-0.381888
-0.382747
-0.383427
-0.383814
-0.38382
-0.383408
-0.382608
-0.381558
-0.380481
-0.379709
-0.379634
-0.380568
-0.382673
-0.385919
-0.390065
-0.394738
-0.399544
-0.404135
-0.408272
-0.411834
-0.414755
-0.417034
-0.418707
-0.419805
-0.420363
-0.420373
-0.419847
-0.418758
-0.417085
-0.4148
-0.411899
-0.40844
-0.404559
-0.400488
-0.396574
-0.393258
-0.391007
-0.390183
-0.390999
-0.393375
-0.397091
-0.401759
-0.406961
-0.412299
-0.417473
-0.422225
-0.426396
-0.42987
-0.432612
-0.434621
-0.435951
-0.436726
-0.437072
-0.437135
-0.437093
-0.437041
-0.437073
-0.437156
-0.437202
-0.437058
-0.436553
-0.435465
-0.433689
-0.431172
-0.42798
-0.424252
-0.420207
-0.416101
-0.412169
-0.408664
-0.405964
-0.404545
-0.404941
-0.407517
-0.412235
-0.418575
-0.425647
-0.432417
-0.438069
-0.442081
-0.444281
-0.444731
-0.443752
-0.441757
-0.439236
-0.436688
-0.43459
-0.433328
-0.433155
-0.434162
-0.436268
-0.43921
-0.442632
-0.446121
-0.449227
-0.45157
-0.452822
-0.45273
-0.451177
-0.448205
-0.444085
-0.439414
-0.435027
-0.431898
-0.43076
-0.431846
-0.43473
-0.438529
-0.442228
-0.44495
-0.44611
-0.445367
-0.442539
-0.437576
-0.430431
-0.421095
-0.409747
-0.396824
-0.383274
-0.370541
-0.360412
-0.35438
-0.353053
-0.355885
-0.361524
-0.368443
-0.37543
-0.381758
-0.387116
-0.391511
-0.395081
-0.397992
-0.400409
-0.402418
-0.404072
-0.40536
-0.40628
-0.406813
-0.406945
-0.406694
-0.406086
-0.405157
-0.403912
-0.402409
-0.400682
-0.398765
-0.396682
-0.394454
-0.392119
-0.38968
-0.387166
-0.384602
-0.382007
-0.3794
-0.376812
-0.374276
-0.37184
-0.36955
-0.367451
-0.365596
-0.364041
-0.362813
-0.361929
-0.36138
-0.36113
-0.361151
-0.361361
-0.36171
-0.362114
-0.362522
-0.362869
-0.363101
-0.363211
-0.363177
-0.362982
-0.362624
-0.362121
-0.361451
-0.360676
-0.359778
-0.358779
-0.357705
-0.356582
-0.35544
-0.354305
-0.353203
-0.352148
-0.351166
-0.350256
-0.349435
-0.348668
-0.347958
-0.347277
-0.346602
-0.345943
-0.34532
-0.3448
-0.344461
-0.344403
-0.344733
-0.345524
-0.346833
-0.34862
-0.35082
-0.3533
-0.355938
-0.358614
-0.361207
-0.363618
-0.365816
-0.367773
-0.369437
-0.370808
-0.37188
-0.372644
-0.373089
-0.373216
-0.373019
-0.372506
-0.371678
-0.370576
-0.369264
-0.367828
-0.366399
-0.365094
-0.364045
-0.36337
-0.363107
-0.363238
-0.363706
-0.364345
-0.365014
-0.365581
-0.365942
-0.366062
-0.366008
-0.365841
-0.365681
-0.365642
-0.365811
-0.366202
-0.366765
-0.367385
-0.367927
-0.368199
-0.368043
-0.36729
-0.365821
-0.363565
-0.360449
-0.356498
-0.351776
-0.346438
-0.340716
-0.334951
-0.32956
-0.325022
-0.321768
-0.320109
-0.320141
-0.321745
-0.324614
-0.328332
-0.332498
-0.336773
-0.340931
-0.344832
-0.348449
-0.351766
-0.354811
-0.357634
-0.360268
-0.362762
-0.365119
-0.367358
-0.369503
-0.371558
-0.373526
-0.375406
-0.377217
-0.37895
-0.38062
-0.382233
-0.383805
-0.385301
-0.386746
-0.388136
-0.38945
-0.390682
-0.391786
-0.392712
-0.393411
-0.393788
-0.393745
-0.393186
-0.392001
-0.39011
-0.387531
-0.384381
-0.380989
-0.377838
-0.375493
-0.374461
-0.374918
-0.37663
-0.379019
-0.3813
-0.382738
-0.382863
-0.381504
-0.378769
-0.374919
-0.37029
-0.365161
-0.359855
-0.354855
-0.350862
-0.348685
-0.348832
-0.351265
-0.355354
-0.360135
-0.364731
-0.368549
-0.371302
-0.372945
-0.373563
-0.373286
-0.372267
-0.370714
-0.368858
-0.366966
-0.365317
-0.364157
-0.363651
-0.363934
-0.365042
-0.366951
-0.369566
-0.372735
-0.376246
-0.379844
-0.383297
-0.386351
-0.388829
-0.3906
-0.391593
-0.391766
-0.391129
-0.38977
-0.387794
-0.385334
-0.382579
-0.379726
-0.377031
-0.374711
-0.372961
-0.371898
-0.371563
-0.371884
-0.372737
-0.373969
-0.375393
-0.376865
-0.378242
-0.37942
-0.380351
-0.380981
-0.381287
-0.381254
-0.380866
-0.380131
-0.379023
-0.377549
-0.37571
-0.373516
-0.371006
-0.368204
-0.36519
-0.362068
-0.35895
-0.355979
-0.353324
-0.351114
-0.349443
-0.348364
-0.347856
-0.347845
-0.348236
-0.34889
-0.34968
-0.350481
-0.351213
-0.351798
-0.352207
-0.352427
-0.352443
-0.352284
-0.351966
-0.351515
-0.350969
-0.350337
-0.349632
-0.348881
-0.348068
-0.347167
-0.346143
-0.344953
-0.343552
-0.341883
-0.339929
-0.337677
-0.335185
-0.332559
-0.329983
-0.327642
-0.325769
-0.324559
-0.324072
-0.324244
-0.324945
-0.325927
-0.326998
-0.327974
-0.328774
-0.329368
-0.329783
-0.330062
-0.330247
-0.330386
-0.330446
-0.33042
-0.330247
-0.32984
-0.329105
-0.327886
-0.325995
-0.32319
-0.319205
-0.313792
-0.306849
-0.29861
-0.28983
-0.281847
-0.276308
-0.274469
-0.276561
-0.281618
-0.288053
-0.294389
-0.299643
-0.30344
-0.305811
-0.306987
-0.307282
-0.306971
-0.306267
-0.305322
-0.30423
-0.303097
-0.302075
-0.301343
-0.301137
-0.30167
-0.303069
-0.305332
-0.308331
-0.311799
-0.315448
-0.319009
-0.322322
-0.325274
-0.327854
-0.330062
-0.331962
-0.333641
-0.335165
-0.336581
-0.337934
-0.339241
-0.34052
-0.341762
-0.342949
-0.344059
-0.34506
-0.345919
-0.346589
-0.347038
-0.347223
-0.347098
-0.346635
-0.345826
-0.344677
-0.343213
-0.341498
-0.339625
-0.337691
-0.335816
-0.334102
-0.332617
-0.331365
-0.330293
-0.329292
-0.32817
-0.326692
-0.32458
-0.321524
-0.317116
-0.31086
-0.302285
-0.291185
-0.278048
-0.264401
-0.252619
-0.245089
-0.243296
-0.247392
-0.256476
-0.269028
-0.283293
-0.297638
-0.310866
-0.322332
-0.331804
-0.33941
-0.345348
-0.349911
-0.353405
-0.356025
-0.357958
-0.359346
-0.360268
-0.360793
-0.360953
-0.360764
-0.360246
-0.359407
-0.358289
-0.356917
-0.355343
-0.353631
-0.351885
-0.350213
-0.348755
-0.347636
-0.346976
-0.346868
-0.347353
-0.348414
-0.350001
-0.352008
-0.354308
-0.356794
-0.359346
-0.361873
-0.364308
-0.366603
-0.368727
-0.370666
-0.372414
-0.37398
-0.37536
-0.376587
-0.377638
-0.378518
-0.379226
-0.379755
-0.380097
-0.38021
-0.380059
-0.379595
-0.378746
-0.377449
-0.375621
-0.373184
-0.370087
-0.366351
-0.362045
-0.357338
-0.352478
-0.347752
-0.343446
-0.339736
-0.336697
-0.334288
-0.332378
-0.33086
-0.329631
-0.328608
-0.327735
-0.326965
-0.326291
-0.325783
-0.325579
-0.325897
-0.326969
-0.329001
-0.332054
-0.336055
-0.340738
-0.345721
-0.350593
-0.35501
-0.358759
-0.361812
-0.364235
-0.366238
-0.368042
-0.369863
-0.371813
-0.373935
-0.376157
-0.378368
-0.380438
-0.382259
-0.383746
-0.38486
-0.385591
-0.38594
-0.385961
-0.38569
-0.385137
-0.384347
-0.383339
-0.382122
-0.380686
-0.379045
-0.377187
-0.375143
-0.372966
-0.370771
-0.368666
-0.366806
-0.365284
-0.364132
-0.363266
-0.362549
-0.361861
-0.361051
-0.360125
-0.359165
-0.358327
-0.357828
-0.357846
-0.35849
-0.359764
-0.361571
-0.363729
-0.366019
-0.368233
-0.370183
-0.37174
-0.372823
-0.373384
-0.373416
-0.372919
-0.371957
-0.370603
-0.368947
-0.36714
-0.365331
-0.363713
-0.362446
-0.361624
-0.361212
-0.36107
-0.360907
-0.360432
-0.359405
-0.357799
-0.355924
-0.354433
-0.354178
-0.355838
-0.359616
-0.365162
-0.371707
-0.378398
-0.384504
-0.38949
-0.393013
-0.394787
-0.394546
-0.392049
-0.387091
-0.379634
-0.369968
-0.35896
-0.348081
-0.339215
-0.334063
-0.333537
-0.337404
-0.344582
-0.353641
-0.363276
-0.37249
-0.380629
-0.387318
-0.392353
-0.395661
-0.397248
-0.397215
-0.395783
-0.393285
-0.390209
-0.387168
-0.384726
-0.383284
-0.382925
-0.383433
-0.384361
-0.385212
-0.385575
-0.385215
-0.38408
-0.382276
-0.380059
-0.377892
-0.37636
-0.376082
-0.377528
-0.380848
-0.385771
-0.391699
-0.397917
-0.403781
-0.408817
-0.412793
-0.415631
-0.417326
-0.417972
-0.417671
-0.416579
-0.414894
-0.412898
-0.410924
-0.409369
-0.408589
-0.408872
-0.410307
-0.412779
-0.416001
-0.419606
-0.423221
-0.426571
-0.429454
-0.431774
-0.433509
-0.434656
-0.435248
-0.435308
-0.434837
-0.433809
-0.432211
-0.430008
-0.427243
-0.424035
-0.420645
-0.417491
-0.415096
-0.41396
-0.41444
-0.416562
-0.420085
-0.424527
-0.429339
-0.434035
-0.438244
-0.441708
-0.444295
-0.44594
-0.446622
-0.446373
-0.445297
-0.443539
-0.441336
-0.438919
-0.436608
-0.434733
-0.433573
-0.433346
-0.43411
-0.43579
-0.438129
-0.440771
-0.443296
-0.445291
-0.446384
-0.446289
-0.444798
-0.441856
-0.437564
-0.432238
-0.42642
-0.420814
-0.416239
-0.41335
-0.412556
-0.413888
-0.417022
-0.42144
-0.426507
-0.431631
-0.436276
-0.439976
-0.442355
-0.44306
-0.441817
-0.438379
-0.432653
-0.424761
-0.415224
-0.405046
-0.395655
-0.388528
-0.384622
-0.383949
-0.385676
-0.388612
-0.391736
-0.394433
-0.396509
-0.397981
-0.398996
-0.399692
-0.40014
-0.400422
-0.400584
-0.4007
-0.400846
-0.401115
-0.401554
-0.402198
-0.403012
-0.403929
-0.404819
-0.405594
-0.406125
-0.406344
-0.406179
-0.405613
-0.404647
-0.40329
-0.401588
-0.399591
-0.39735
-0.394941
-0.39246
-0.389972
-0.387573
-0.385384
-0.383488
-0.381965
-0.380875
-0.380233
-0.380035
-0.38021
-0.380663
-0.381279
-0.381965
-0.382583
-0.383019
-0.383212
-0.383083
-0.382565
-0.381618
-0.380212
-0.378325
-0.37593
-0.373041
-0.369676
-0.365908
-0.361877
-0.357804
-0.354044
-0.351044
-0.349308
-0.349248
-0.351036
-0.354559
-0.359371
-0.364858
-0.37037
-0.375399
-0.37959
-0.382835
-0.385197
-0.386841
-0.387965
-0.388711
-0.389101
-0.389018
-0.388281
-0.386798
-0.384722
-0.382547
-0.381018
-0.380915
-0.382609
-0.385838
-0.389798
-0.393451
-0.395919
-0.396754
-0.39597
-0.394091
-0.392016
-0.390745
-0.391068
-0.393205
-0.396771
-0.400944
-0.404795
-0.407566
-0.408817
-0.408343
-0.406138
-0.402346
-0.397164
-0.390846
-0.383743
-0.376319
-0.369203
-0.363148
-0.358959
-0.357209
-0.358025
-0.360988
-0.365222
-0.369756
-0.373756
-0.37669
-0.378422
-0.37906
-0.378921
-0.378347
-0.377654
-0.377077
-0.376737
-0.37669
-0.376923
-0.377399
-0.378066
-0.378914
-0.379915
-0.381029
-0.38225
-0.383506
-0.384762
-0.385949
-0.38699
-0.387838
-0.388432
-0.388725
-0.388709
-0.388381
-0.387746
-0.386851
-0.385737
-0.384455
-0.383055
-0.38157
-0.379984
-0.37827
-0.376382
-0.374256
-0.371823
-0.369055
-0.365984
-0.362712
-0.359445
-0.356494
-0.354207
-0.352889
-0.352712
-0.353663
-0.355537
-0.357988
-0.360679
-0.363277
-0.36559
-0.367524
-0.369052
-0.370246
-0.371187
-0.371951
-0.372626
-0.373273
-0.373907
-0.374532
-0.375137
-0.375679
-0.376128
-0.376457
-0.376673
-0.376795
-0.376861
-0.376952
-0.377139
-0.377513
-0.378144
-0.379077
-0.380308
-0.381806
-0.383498
-0.385282
-0.387043
-0.388661
-0.390012
-0.391015
-0.391563
-0.391588
-0.39103
-0.389814
-0.387934
-0.385329
-0.38203
-0.378101
-0.373711
-0.369102
-0.364675
-0.360924
-0.358334
-0.35725
-0.3578
-0.359844
-0.363046
-0.366995
-0.371325
-0.375761
-0.380105
-0.384211
-0.387929
-0.391144
-0.393705
-0.395522
-0.39651
-0.396662
-0.396032
-0.394744
-0.392972
-0.390934
-0.388853
-0.386971
-0.385507
-0.38464
-0.384514
-0.385177
-0.386613
-0.388693
-0.391215
-0.393924
-0.396563
-0.398912
-0.400787
-0.402082
-0.40273
-0.402706
-0.402037
-0.400768
-0.398955
-0.39669
-0.394066
-0.391205
-0.388256
-0.385403
-0.382794
-0.380581
-0.378889
-0.377756
-0.377211
-0.377229
-0.377776
-0.378789
-0.380201
-0.38193
-0.383894
-0.385998
-0.38815
-0.390294
-0.392377
-0.394353
-0.396184
-0.397832
-0.399246
-0.400365
-0.401129
-0.401488
-0.40139
-0.400806
-0.399749
-0.398233
-0.396332
-0.394137
-0.391777
-0.389358
-0.387017
-0.384822
-0.382819
-0.381028
-0.379424
-0.377994
-0.376731
-0.375647
-0.374779
-0.37422
-0.374027
-0.374282
-0.375005
-0.37616
-0.37771
-0.379551
-0.381563
-0.383605
-0.385549
-0.387265
-0.388682
-0.38972
-0.390332
-0.390504
-0.39025
-0.38959
-0.388575
-0.387253
-0.385718
-0.384072
-0.382441
-0.380954
-0.379738
-0.378901
-0.378511
-0.378577
-0.3791
-0.379979
-0.38113
-0.382432
-0.383773
-0.385034
-0.386062
-0.386671
-0.386625
-0.385607
-0.383228
-0.378945
-0.372146
-0.362195
-0.348628
-0.331565
-0.312228
-0.293388
-0.279092
-0.273272
-0.27773
-0.291136
-0.3098
-0.329716
-0.347986
-0.363217
-0.375142
-0.384098
-0.390554
-0.39498
-0.397758
-0.399136
-0.399269
-0.398255
-0.396164
-0.393027
-0.388962
-0.384141
-0.378852
-0.373507
-0.368579
-0.364517
-0.361566
-0.359667
-0.358387
-0.357013
-0.354757
-0.350962
-0.345275
-0.337859
-0.329421
-0.321268
-0.315004
-0.312041
-0.313115
-0.318
-0.325735
-0.335064
-0.344787
-0.354063
-0.362285
-0.36914
-0.37448
-0.378275
-0.380566
-0.381463
-0.381116
-0.379746
-0.377567
-0.374868
-0.371908
-0.368969
-0.366276
-0.363958
-0.362059
-0.36058
-0.359428
-0.358485
-0.357661
-0.35687
-0.356054
-0.35519
-0.354293
-0.353379
-0.352523
-0.351791
-0.35126
-0.351028
-0.351134
-0.351611
-0.352461
-0.353627
-0.355032
-0.356581
-0.358194
-0.359774
-0.361261
-0.362615
-0.363808
-0.364823
-0.365636
-0.366262
-0.36669
-0.366887
-0.366847
-0.36655
-0.365936
-0.364979
-0.363638
-0.361857
-0.359602
-0.356888
-0.353729
-0.35025
-0.346619
-0.343107
-0.340044
-0.337785
-0.336613
-0.336672
-0.337926
-0.340178
-0.343119
-0.346427
-0.349774
-0.352878
-0.355464
-0.35726
-0.357934
-0.357075
-0.354201
-0.348914
-0.341186
-0.331718
-0.322364
-0.315883
-0.314756
-0.31968
-0.329092
-0.340196
-0.350556
-0.358821
-0.364653
-0.368327
-0.370346
-0.371222
-0.371385
-0.37115
-0.370687
-0.370008
-0.369016
-0.367478
-0.365086
-0.361579
-0.356797
-0.35083
-0.344071
-0.337258
-0.33137
-0.327392
-0.326015
-0.327481
-0.33145
-0.337097
-0.343275
-0.348747
-0.352377
-0.353275
-0.350937
-0.345299
-0.336899
-0.326993
-0.317513
-0.310705
-0.308308
-0.310751
-0.31705
-0.325416
-0.334146
-0.342112
-0.348831
-0.354248
-0.358513
-0.361789
-0.364273
-0.36611
-0.367455
-0.368458
-0.369245
-0.369913
-0.37051
-0.371033
-0.371462
-0.371791
-0.371981
-0.372054
-0.37203
-0.37194
-0.371788
-0.371581
-0.37128
-0.37084
-0.3702
-0.369304
-0.368095
-0.366541
-0.364655
-0.36249
-0.360106
-0.357633
-0.355179
-0.352882
-0.350893
-0.349307
-0.348224
-0.347683
-0.347699
-0.348247
-0.349258
-0.350651
-0.352341
-0.354246
-0.356282
-0.358326
-0.36028
-0.362063
-0.363567
-0.364699
-0.36538
-0.365565
-0.365226
-0.364388
-0.363104
-0.361501
-0.359733
-0.357974
-0.356419
-0.355196
-0.354407
-0.354076
-0.354168
-0.354604
-0.355306
-0.356172
-0.357121
-0.358051
-0.358883
-0.359486
-0.359716
-0.359353
-0.358226
-0.356153
-0.353075
-0.349127
-0.344694
-0.340419
-0.337055
-0.335223
-0.335154
-0.336541
-0.338661
-0.340692
-0.341882
-0.341772
-0.340238
-0.337416
-0.333746
-0.329921
-0.326792
-0.325149
-0.325424
-0.32753
-0.330863
-0.334566
-0.337829
-0.340081
-0.341052
-0.340704
-0.339171
-0.336729
-0.333714
-0.330582
-0.327804
-0.325869
-0.325209
-0.326055
-0.328441
-0.332124
-0.33671
-0.341683
-0.346609
-0.351131
-0.355046
-0.358282
-0.360816
-0.362718
-0.364085
-0.365011
-0.365591
-0.365929
-0.366108
-0.366189
-0.366214
-0.366214
-0.36619
-0.366108
-0.3659
-0.36544
-0.364584
-0.363146
-0.360891
-0.357576
-0.353008
-0.347097
-0.339951
-0.331992
-0.323985
-0.316959
-0.311934
-0.30962
-0.310114
-0.312906
-0.31708
-0.321611
-0.325628
-0.328553
-0.330158
-0.330527
-0.330025
-0.329175
-0.328553
-0.328656
-0.329762
-0.33193
-0.334963
-0.338591
-0.342469
-0.346329
-0.35001
-0.353425
-0.356564
-0.359413
-0.361965
-0.364188
-0.365984
-0.367255
-0.367844
-0.367604
-0.36639
-0.36407
-0.360659
-0.356344
-0.351563
-0.347029
-0.343586
-0.341993
-0.342561
-0.345063
-0.348813
-0.352963
-0.356754
-0.359673
-0.361444
-0.361989
-0.361289
-0.359439
-0.356512
-0.352648
-0.348036
-0.34294
-0.337738
-0.332858
-0.328751
-0.325779
-0.324158
-0.323903
-0.32477
-0.326405
-0.328386
-0.330335
-0.331952
-0.333074
-0.33363
-0.333667
-0.333376
-0.33304
-0.333049
-0.333849
-0.33587
-0.339341
-0.344293
-0.350438
-0.357279
-0.364222
-0.370698
-0.37625
-0.380546
-0.383406
-0.384754
-0.384568
-0.382868
-0.379693
-0.375051
-0.368964
-0.361427
-0.352486
-0.342242
-0.330915
-0.318847
-0.30647
-0.294282
-0.282842
-0.272787
-0.264976
-0.260451
-0.260259
-0.264966
-0.274296
-0.287105
-0.301762
-0.31664
-0.330477
-0.342459
-0.352208
-0.359609
-0.364712
-0.367632
-0.368473
-0.367272
-0.364031
-0.358688
-0.35127
-0.34201
-0.331572
-0.321261
-0.312929
-0.30835
-0.308283
-0.312128
-0.318133
-0.324353
-0.329361
-0.332455
-0.333566
-0.333026
-0.331337
-0.329117
-0.326947
-0.325306
-0.324491
-0.324584
-0.325442
-0.326833
-0.328444
-0.329957
-0.331147
-0.331838
-0.331937
-0.33137
-0.330113
-0.328163
-0.325505
-0.32215
-0.318121
-0.313493
-0.308369
-0.302927
-0.297416
-0.292207
-0.28771
-0.284334
-0.282448
-0.282321
-0.284023
-0.287414
-0.292213
-0.298003
-0.304333
-0.310803
-0.317071
-0.322888
-0.328134
-0.332722
-0.336656
-0.339953
-0.342655
-0.344788
-0.346377
-0.347442
-0.347949
-0.347876
-0.347224
-0.345963
-0.344126
-0.341814
-0.339193
-0.33651
-0.334004
-0.331854
-0.330044
-0.328346
-0.326376
-0.323797
-0.320474
-0.316777
-0.313524
-0.311765
-0.312285
-0.315176
-0.319786
-0.325048
-0.32991
-0.333655
-0.335913
-0.336608
-0.335803
-0.333627
-0.330224
-0.325679
-0.320116
-0.313727
-0.306991
-0.300699
-0.296084
-0.294571
-0.297311
-0.304601
-0.315659
-0.328885
-0.342536
-0.355191
-0.366004
-0.374656
-0.381162
-0.385726
-0.388584
-0.389988
-0.390093
-0.389035
-0.386878
-0.38366
-0.379366
-0.373906
-0.36708
-0.358619
-0.348397
-0.336758
-0.32494
-0.314967
-0.30897
-0.308242
-0.312789
-0.321638
-0.333447
-0.346847
-0.360581
-0.373571
-0.385047
-0.394547
-0.401934
-0.407306
-0.410879
-0.412981
-0.413919
-0.41398
-0.413416
-0.412415
-0.411101
-0.409553
-0.4078
-0.405819
-0.40359
-0.401009
-0.397979
-0.394368
-0.390064
-0.384994
-0.379201
-0.372946
-0.366737
-0.361338
-0.357633
-0.356362
-0.357883
-0.362005
-0.368084
-0.375309
-0.382876
-0.3902
-0.396893
-0.402752
-0.407682
-0.411626
-0.414549
-0.416398
-0.417118
-0.416659
-0.414982
-0.412092
-0.408071
-0.403159
-0.397768
-0.392426
-0.387733
-0.384209
-0.382171
-0.381721
-0.382767
-0.385205
-0.388907
-0.393713
-0.399359
-0.405437
-0.411464
-0.416919
-0.421419
-0.424711
-0.426716
-0.427448
-0.426993
-0.425444
-0.422928
-0.419539
-0.415393
-0.410569
-0.405154
-0.399213
-0.39275
-0.385782
-0.378392
-0.370877
-0.363808
-0.357939
-0.354029
-0.352449
-0.353025
-0.355148
-0.358203
-0.36195
-0.366637
-0.37278
-0.38075
-0.390501
-0.401488
-0.412875
-0.423806
-0.433578
-0.441688
-0.447886
-0.452052
-0.454176
-0.454274
-0.452358
-0.448467
-0.442696
-0.435233
-0.426419
-0.416764
-0.406904
-0.397462
-0.388954
-0.381658
-0.375638
-0.37087
-0.367338
-0.365176
-0.364686
-0.366274
-0.370267
-0.376691
-0.385087
-0.394552
-0.403975
-0.412383
-0.419048
-0.423558
-0.425721
-0.425481
-0.422824
-0.417804
-0.410551
-0.401345
-0.390719
-0.379489
-0.368774
-0.359852
-0.353935
-0.351845
-0.353683
-0.358665
-0.365304
-0.371799
-0.376521
-0.37836
-0.376937
-0.372643
-0.366765
-0.361147
-0.357698
-0.357746
-0.361561
-0.368456
-0.377198
-0.386485
-0.395228
-0.402711
-0.408589
-0.412828
-0.415541
-0.416965
-0.41734
-0.416903
-0.415832
-0.414257
-0.412246
-0.409842
-0.407018
-0.403752
-0.40006
-0.395957
-0.39158
-0.38719
-0.383147
-0.379907
-0.377892
-0.377338
-0.378241
-0.380298
-0.383041
-0.385935
-0.388532
-0.390473
-0.391558
-0.391658
-0.390717
-0.388713
-0.385676
-0.381657
-0.37676
-0.371161
-0.365101
-0.358959
-0.353185
-0.348311
-0.344823
-0.343068
-0.343164
-0.344985
-0.348224
-0.352485
-0.357416
-0.362733
-0.368265
-0.373882
-0.379495
-0.38493
-0.389992
-0.394392
-0.397778
-0.399743
-0.399816
-0.397452
-0.39214
-0.383579
-0.372071
-0.359
-0.346985
-0.339116
-0.337293
-0.341022
-0.347874
-0.35517
-0.361206
-0.365398
-0.36791
-0.369154
-0.369529
-0.369304
-0.368662
-0.367763
-0.366742
-0.365751
-0.364982
-0.364633
-0.364827
-0.365597
-0.366901
-0.368603
-0.370535
-0.372504
-0.374356
-0.375952
-0.377168
-0.377958
-0.378289
-0.378239
-0.377917
-0.377492
-0.377205
-0.377269
-0.377837
-0.378964
-0.38055
-0.382428
-0.384341
-0.386033
-0.387318
-0.388068
-0.388254
-0.387916
-0.387176
-0.386153
-0.38498
-0.383756
-0.38252
-0.381268
-0.38
-0.378765
-0.377666
-0.376904
-0.376688
-0.377137
-0.378205
-0.379633
-0.380971
-0.381723
-0.381434
-0.379748
-0.376492
-0.371692
-0.365586
-0.358665
-0.351649
-0.345389
-0.340701
-0.338169
-0.337987
-0.339929
-0.343475
-0.347996
-0.352862
-0.357619
-0.361927
-0.365602
-0.368582
-0.370887
-0.37258
-0.373798
-0.37467
-0.375374
-0.37604
-0.376809
-0.377763
-0.378972
-0.38045
-0.382164
-0.384061
-0.386077
-0.388132
-0.390132
-0.392016
-0.393719
-0.395157
-0.396292
-0.397077
-0.397479
-0.397448
-0.396977
-0.396039
-0.394653
-0.392827
-0.390627
-0.388133
-0.385444
-0.382667
-0.379893
-0.377197
-0.374532
-0.371841
-0.368934
-0.365626
-0.361702
-0.356965
-0.351298
-0.344751
-0.337669
-0.330908
-0.325899
-0.324383
-0.327558
-0.335262
-0.345937
-0.357407
-0.367826
-0.376124
-0.38201
-0.385657
-0.387462
-0.387916
-0.387474
-0.386541
-0.385439
-0.384372
-0.383449
-0.382646
-0.381843
-0.380913
-0.379756
-0.378265
-0.376453
-0.374411
-0.372289
-0.370314
-0.368745
-0.367787
-0.367612
-0.368318
-0.36989
-0.372194
-0.375085
-0.378341
-0.381739
-0.385087
-0.388237
-0.391077
-0.39353
-0.395553
-0.397139
-0.398277
-0.399016
-0.399393
-0.399452
-0.399275
-0.398932
-0.398506
-0.398092
-0.397738
-0.397529
-0.397484
-0.3976
-0.397845
-0.398168
-0.398478
-0.398682
-0.398662
-0.398331
-0.397617
-0.396462
-0.394874
-0.392886
-0.390595
-0.388159
-0.385775
-0.383661
-0.381988
-0.380829
-0.38014
-0.379687
-0.379134
-0.378129
-0.376385
-0.373875
-0.370939
-0.368275
-0.366863
-0.367617
-0.371049
-0.376966
-0.38452
-0.392585
-0.400053
-0.406151
-0.410505
-0.413017
-0.41384
-0.413241
-0.41155
-0.409173
-0.406491
-0.403907
-0.401795
-0.400419
-0.399956
-0.400403
-0.401624
-0.40341
-0.405507
-0.407681
-0.409772
-0.411734
-0.413541
-0.415242
-0.416865
-0.418451
-0.420009
-0.421476
-0.422784
-0.423836
-0.424484
-0.424594
-0.424022
-0.422672
-0.420489
-0.417512
-0.41392
-0.410035
-0.406296
-0.403154
-0.401012
-0.400011
-0.400091
-0.401013
-0.402461
-0.404139
-0.405834
-0.40743
-0.408841
-0.410004
-0.410871
-0.411364
-0.411452
-0.411172
-0.410595
-0.409932
-0.409442
-0.409462
-0.410317
-0.41221
-0.415198
-0.419113
-0.4236
-0.428244
-0.432618
-0.436364
-0.439201
-0.440943
-0.441435
-0.440572
-0.438276
-0.434505
-0.429318
-0.422913
-0.415718
-0.408433
-0.401972
-0.397256
-0.394966
-0.395266
-0.3977
-0.401339
-0.40509
-0.40794
-0.409151
-0.408333
-0.405544
-0.401206
-0.396142
-0.3914
-0.38802
-0.386688
-0.38761
-0.390472
-0.394655
-0.399431
-0.40416
-0.408329
-0.411649
-0.413907
-0.415041
-0.415071
-0.41408
-0.412215
-0.409641
-0.406515
-0.402967
-0.399077
-0.394868
-0.390406
-0.385833
-0.381434
-0.37766
-0.374995
-0.373887
-0.374532
-0.376788
-0.380213
-0.38419
-0.388132
-0.391563
-0.394237
-0.396092
-0.397244
-0.397904
-0.398325
-0.398788
-0.399477
-0.400468
-0.401721
-0.4031
-0.404361
-0.405255
-0.405566
-0.405102
-0.403805
-0.401713
-0.398998
-0.395948
-0.392937
-0.390344
-0.388431
-0.387322
-0.386879
-0.38679
-0.386655
-0.386131
-0.385021
-0.383398
-0.381602
-0.380174
-0.379783
-0.380947
-0.383893
-0.388446
-0.394094
-0.400199
-0.406131
-0.411416
-0.415707
-0.418783
-0.420482
-0.42075
-0.419585
-0.417198
-0.414066
-0.410973
-0.408866
-0.408592
-0.410446
-0.414027
-0.418378
-0.422346
-0.425036
-0.425967
-0.425179
-0.423135
-0.420596
-0.418408
-0.417215
-0.417201
-0.418135
-0.419504
-0.420762
-0.421596
-0.421904
-0.421806
-0.42155
-0.421393
-0.421494
-0.421976
-0.422869
-0.424073
-0.425427
-0.42673
-0.427774
-0.428378
-0.428413
-0.427825
-0.426651
-0.425025
-0.423152
-0.421335
-0.419874
-0.419046
-0.419072
-0.419984
-0.421698
-0.424008
-0.426667
-0.429444
-0.432188
-0.434856
-0.437464
-0.440079
-0.442781
-0.44558
-0.448458
-0.451305
-0.45406
-0.456633
-0.459002
-0.461145
-0.463097
-0.46488
-0.466494
-0.467977
-0.4693
-0.470445
-0.471402
-0.472162
-0.472727
-0.473116
-0.473338
-0.473436
-0.473437
-0.473378
-0.473277
-0.47317
-0.473062
-0.47292
-0.472748
-0.472529
-0.47223
-0.471832
-0.471302
-0.470636
-0.469843
-0.468951
-0.46797
-0.466923
-0.46585
-0.464802
-0.463795
-0.462869
-0.462038
-0.461333
-0.460745
-0.460261
-0.459833
-0.459379
-0.458766
-0.45782
-0.456304
-0.453994
-0.450629
-0.445925
-0.4396
-0.431421
-0.421412
-0.410223
-0.39951
-0.391982
-0.390426
-0.396089
-0.407754
-0.422561
-0.437734
-0.451519
-0.463204
-0.472695
-0.480124
-0.485678
-0.489542
-0.491895
-0.492916
-0.492765
-0.491602
-0.489569
-0.486789
-0.483377
-0.479461
-0.475188
-0.470758
-0.466399
-0.462394
-0.459013
-0.456519
-0.455094
-0.454817
-0.455664
-0.457487
-0.460079
-0.463188
-0.466567
-0.470016
-0.473387
-0.47658
-0.479538
-0.482237
-0.484675
-0.486874
-0.488822
-0.490523
-0.491933
-0.493038
-0.493768
-0.494067
-0.493854
-0.492987
-0.491331
-0.488703
-0.484882
-0.47967
-0.472899
-0.464504
-0.454667
-0.443839
-0.432771
-0.422402
-0.413754
-0.407747
-0.405136
-0.406347
-0.411232
-0.418972
-0.428252
-0.437744
-0.446419
-0.453678
-0.459319
-0.463376
-0.465985
-0.467354
-0.467672
-0.467086
-0.465698
-0.463545
-0.46061
-0.456831
-0.452194
-0.446748
-0.440702
-0.434395
-0.428213
-0.422568
-0.417961
-0.415191
-0.415482
-0.42007
-0.429336
-0.442203
-0.456495
-0.469968
-0.48112
-0.489355
-0.494742
-0.497674
-0.498628
-0.498042
-0.496287
-0.493654
-0.4904
-0.486808
-0.483228
-0.480098
-0.477893
-0.477022
-0.477585
-0.479353
-0.481745
-0.483971
-0.48524
-0.484802
-0.482028
-0.476413
-0.46747
-0.454877
-0.438576
-0.419236
-0.398675
-0.380123
-0.367451
-0.363401
-0.367953
-0.378506
-0.39155
-0.404352
-0.415511
-0.424729
-0.432381
-0.439034
-0.44516
-0.450944
-0.45632
-0.461066
-0.464972
-0.467933
-0.469962
-0.471178
-0.471744
-0.471811
-0.471532
-0.471015
-0.470318
-0.469494
-0.468569
-0.467578
-0.466569
-0.465587
-0.464672
-0.463867
-0.463187
-0.46266
-0.462287
-0.462028
-0.461886
-0.461812
-0.461753
-0.46167
-0.461478
-0.461115
-0.460479
-0.459465
-0.457956
-0.455811
-0.452932
-0.449255
-0.444847
-0.439969
-0.435041
-0.43069
-0.427541
-0.42601
-0.426177
-0.427717
-0.43011
-0.432801
-0.435424
-0.437855
-0.440146
-0.442495
-0.44508
-0.448013
-0.45125
-0.454669
-0.458092
-0.461318
-0.464217
-0.466688
-0.46872
-0.470363
-0.471672
-0.472686
-0.47343
-0.473898
-0.474046
-0.473773
-0.472985
-0.471563
-0.469418
-0.466485
-0.462807
-0.458563
-0.45407
-0.449812
-0.446375
-0.444259
-0.443759
-0.444825
-0.447091
-0.450058
-0.453202
-0.456088
-0.458445
-0.460105
-0.461062
-0.461305
-0.460839
-0.459704
-0.457934
-0.455573
-0.452732
-0.449575
-0.446322
-0.443302
-0.440848
-0.439267
-0.438735
-0.439259
-0.440682
-0.442696
-0.444979
-0.447239
-0.449296
-0.451061
-0.452508
-0.453691
-0.454694
-0.455592
-0.456451
-0.457326
-0.458237
-0.459171
-0.4601
-0.460948
-0.461616
-0.462008
-0.462029
-0.461617
-0.460757
-0.459493
-0.457926
-0.456207
-0.454517
-0.453012
-0.451768
-0.45079
-0.449939
-0.449006
-0.44776
-0.446054
-0.44386
-0.441378
-0.439047
-0.437528
-0.437479
-0.439355
-0.443248
-0.448826
-0.45544
-0.462351
-0.468898
-0.474534
-0.478835
-0.48143
-0.481973
-0.480089
-0.475444
-0.467761
-0.457064
-0.443958
-0.429832
-0.417018
-0.408227
-0.405402
-0.408567
-0.415623
-0.42362
-0.430208
-0.434489
-0.436845
-0.438346
-0.43994
-0.442013
-0.444438
-0.446865
-0.449031
-0.450957
-0.452828
-0.454817
-0.456956
-0.459139
-0.461152
-0.462758
-0.463796
-0.464177
-0.463899
-0.463041
-0.461701
-0.460016
-0.458145
-0.456226
-0.454403
-0.452809
-0.451542
-0.450668
-0.450232
-0.450243
-0.45067
-0.451456
-0.452536
-0.45381
-0.455156
-0.456434
-0.457465
-0.45808
-0.458114
-0.457413
-0.455917
-0.453649
-0.450792
-0.447724
-0.444913
-0.442827
-0.441803
-0.441848
-0.442711
-0.443919
-0.444944
-0.445323
-0.444727
-0.442966
-0.440069
-0.436256
-0.43206
-0.428244
-0.425635
-0.424898
-0.426252
-0.429418
-0.433755
-0.43853
-0.443169
-0.447353
-0.450971
-0.45407
-0.45674
-0.459108
-0.461241
-0.463208
-0.465007
-0.46664
-0.46805
-0.469186
-0.469965
-0.47033
-0.470191
-0.469464
-0.468046
-0.465861
-0.462813
-0.458852
-0.453971
-0.448245
-0.441873
-0.43521
-0.428798
-0.423293
-0.4194
-0.417606
-0.418052
-0.420464
-0.424182
-0.428322
-0.432004
-0.434488
-0.435303
-0.434296
-0.431668
-0.427978
-0.424068
-0.420821
-0.418955
-0.418762
-0.42013
-0.422635
-0.425751
-0.429036
-0.432138
-0.434873
-0.437129
-0.438864
-0.440052
-0.440726
-0.440921
-0.440703
-0.440158
-0.439384
-0.438479
-0.437564
-0.436725
-0.436043
-0.43558
-0.435363
-0.435387
-0.435596
-0.435902
-0.436206
-0.436381
-0.436287
-0.435777
-0.434724
-0.433053
-0.430748
-0.427883
-0.424729
-0.421674
-0.419225
-0.41791
-0.418062
-0.419761
-0.422743
-0.426523
-0.43055
-0.434333
-0.437513
-0.43985
-0.441222
-0.441561
-0.440854
-0.439125
-0.436441
-0.432966
-0.428944
-0.424725
-0.420689
-0.417205
-0.414508
-0.412658
-0.411489
-0.410776
-0.410257
-0.409727
-0.409084
-0.408346
-0.407557
-0.406783
-0.406118
-0.405591
-0.405278
-0.405247
-0.405529
-0.406167
-0.40715
-0.408427
-0.409892
-0.411424
-0.412865
-0.414066
-0.414902
-0.415266
-0.415111
-0.414398
-0.413149
-0.411436
-0.409391
-0.407201
-0.405107
-0.403404
-0.402372
-0.402207
-0.403004
-0.404673
-0.407001
-0.409637
-0.412202
-0.414359
-0.415846
-0.416547
-0.416504
-0.415913
-0.415056
-0.414232
-0.413647
-0.41335
-0.413226
-0.413019
-0.412466
-0.411391
-0.409762
-0.407714
-0.405475
-0.403276
-0.401207
-0.39921
-0.397097
-0.394677
-0.391881
-0.388833
-0.385885
-0.38349
-0.382108
-0.382011
-0.383161
-0.385342
-0.388165
-0.391276
-0.394388
-0.397347
-0.400075
-0.402571
-0.404808
-0.406808
-0.408525
-0.409943
-0.411053
-0.411813
-0.412217
-0.412255
-0.411925
-0.411239
-0.410203
-0.408831
-0.407147
-0.405184
-0.402955
-0.400514
-0.3979
-0.395192
-0.392489
-0.389915
-0.387609
-0.385759
-0.384478
-0.383846
-0.383912
-0.384643
-0.385949
-0.387732
-0.389902
-0.392402
-0.395249
-0.398461
-0.40207
-0.40608
-0.410436
-0.415039
-0.419781
-0.424514
-0.42912
-0.433477
-0.437543
-0.441264
-0.444627
-0.447652
-0.450357
-0.452762
-0.454878
-0.4567
-0.458224
-0.459417
-0.46023
-0.460599
-0.460471
-0.45981
-0.458616
-0.456923
-0.45483
-0.452486
-0.450079
-0.447808
-0.445834
-0.444235
-0.44298
-0.441974
-0.441066
-0.440152
-0.439204
-0.438284
-0.437498
-0.43696
-0.436633
-0.436403
-0.436118
-0.435681
-0.435191
-0.435001
-0.435573
-0.437312
-0.440416
-0.444759
-0.44999
-0.455631
-0.461202
-0.466349
-0.4708
-0.474432
-0.477187
-0.479101
-0.480189
-0.480507
-0.480123
-0.479072
-0.477417
-0.475224
-0.472587
-0.469596
-0.466393
-0.463151
-0.460049
-0.457279
-0.45497
-0.453199
-0.451968
-0.451193
-0.450716
-0.450374
-0.449994
-0.449454
-0.448692
-0.447713
-0.4466
-0.445491
-0.444537
-0.443853
-0.443539
-0.443583
-0.443918
-0.444455
-0.445048
-0.44559
-0.445993
-0.446207
-0.44625
-0.446154
-0.445954
-0.445741
-0.445557
-0.445442
-0.445408
-0.445423
-0.445429
-0.445386
-0.445167
-0.444715
-0.44394
-0.442796
-0.441292
-0.439526
-0.437676
-0.435993
-0.434762
-0.434249
-0.434633
-0.435896
-0.437888
-0.440291
-0.44276
-0.444948
-0.446548
-0.447336
-0.447144
-0.445861
-0.443396
-0.439672
-0.434632
-0.428276
-0.420723
-0.412322
-0.403767
-0.39605
-0.390481
-0.388236
-0.390038
-0.395801
-0.404675
-0.415347
-0.426502
-0.437055
-0.44637
-0.454117
-0.460296
-0.464979
-0.468335
-0.470586
-0.471898
-0.472425
-0.472268
-0.471478
-0.470083
-0.467998
-0.465148
-0.461368
-0.456474
-0.450267
-0.442614
-0.433598
-0.423671
-0.41393
-0.406101
-0.402176
-0.403542
-0.410163
-0.420579
-0.432651
-0.444528
-0.455074
-0.463916
-0.471154
-0.477094
-0.482089
-0.486402
-0.490249
-0.493728
-0.49686
-0.499655
-0.502089
-0.504139
-0.50579
-0.507025
-0.507866
-0.508335
-0.508471
-0.508342
-0.508013
-0.507626
-0.507289
-0.507109
-0.507195
-0.507588
-0.508303
-0.509274
-0.510393
-0.511484
-0.512385
-0.512904
-0.512823
-0.511982
-0.51022
-0.507435
-0.503572
-0.498711
-0.49308
-0.487087
-0.481302
-0.476417
-0.473106
-0.471841
-0.47281
-0.47584
-0.48045
-0.485931
-0.491579
-0.49676
-0.501053
-0.504253
-0.506394
-0.507714
-0.508596
-0.509475
-0.510798
-0.512886
-0.515921
-0.51991
-0.524733
-0.530157
-0.535894
-0.541675
-0.547172
-0.552124
-0.556285
-0.559441
-0.561451
-0.56217
-0.561528
-0.559496
-0.556089
-0.55139
-0.545537
-0.538754
-0.531354
-0.523668
-0.516099
-0.509021
-0.502813
-0.497769
-0.494113
-0.491975
-0.491389
-0.492286
-0.494506
-0.497773
-0.501645
-0.505536
-0.508766
-0.510595
-0.510469
-0.508178
-0.504204
-0.49993
-0.49742
-0.498582
-0.504125
-0.513157
-0.523756
-0.533968
-0.542509
-0.548838
-0.552934
-0.555047
-0.555509
-0.554637
-0.552731
-0.55002
-0.546729
-0.543063
-0.539168
-0.535242
-0.531478
-0.52807
-0.525224
-0.523105
-0.521828
-0.521425
-0.521837
-0.522941
-0.524566
-0.526541
-0.528688
-0.530865
-0.532982
-0.534936
-0.536675
-0.538152
-0.539301
-0.54009
-0.540462
-0.540386
-0.539775
-0.538575
-0.536683
-0.534006
-0.530451
-0.525917
-0.520353
-0.513806
-0.506446
-0.498667
-0.491087
-0.484507
-0.479753
-0.477369
-0.477463
-0.479661
-0.483249
-0.487469
-0.49171
-0.495551
-0.49878
-0.501236
-0.502848
-0.503509
-0.50315
-0.501748
-0.499353
-0.496092
-0.492213
-0.488053
-0.484063
-0.480668
-0.478226
-0.476968
-0.476856
-0.477643
-0.478929
-0.480161
-0.480813
-0.480384
-0.47852
-0.475058
-0.470077
-0.463944
-0.457316
-0.450999
-0.44588
-0.442735
-0.442069
-0.443908
-0.447782
-0.452838
-0.458116
-0.462796
-0.466383
-0.468693
-0.46978
-0.469811
-0.469011
-0.467574
-0.465662
-0.463398
-0.460864
-0.458119
-0.455186
-0.452106
-0.448898
-0.445588
-0.442207
-0.438795
-0.435373
-0.431985
-0.428709
-0.42562
-0.422812
-0.420396
-0.418462
-0.417087
-0.416282
-0.416074
-0.416358
-0.417034
-0.417947
-0.418977
-0.419981
-0.420859
-0.421532
-0.421982
-0.422218
-0.42229
-0.422253
-0.422198
-0.422206
-0.422361
-0.422709
-0.423294
-0.424104
-0.425114
-0.426281
-0.427539
-0.428825
-0.430071
-0.431221
-0.432212
-0.433009
-0.433577
-0.433896
-0.433924
-0.433654
-0.433059
-0.432127
-0.430858
-0.42924
-0.427291
-0.425024
-0.422457
-0.419604
-0.416508
-0.413202
-0.409719
-0.406146
-0.402554
-0.399055
-0.395805
-0.392968
-0.390708
-0.38916
-0.388412
-0.388502
-0.389421
-0.391091
-0.39341
-0.396236
-0.399449
-0.402934
-0.406601
-0.410351
-0.414133
-0.417883
-0.421525
-0.424979
-0.42817
-0.431015
-0.433444
-0.435405
-0.436849
-0.437765
-0.438154
-0.438029
-0.437446
-0.436455
-0.435153
-0.433604
-0.431913
-0.430145
-0.428389
-0.426726
-0.425271
-0.424136
-0.423426
-0.423328
-0.423964
-0.425464
-0.427849
-0.431041
-0.434931
-0.43931
-0.443949
-0.448645
-0.45319
-0.457499
-0.461449
-0.465015
-0.468151
-0.470874
-0.473214
-0.475223
-0.476977
-0.478581
-0.480136
-0.481759
-0.48351
-0.485438
-0.487496
-0.489547
-0.491409
-0.492793
-0.493406
-0.492945
-0.491126
-0.487735
-0.482674
-0.476024
-0.468166
-0.459838
-0.452151
-0.44638
-0.443672
-0.444531
-0.448613
-0.454704
-0.461105
-0.466104
-0.468534
-0.468073
-0.465437
-0.462188
-0.460214
-0.460865
-0.464369
-0.469974
-0.476565
-0.483293
-0.489726
-0.495784
-0.501476
-0.506733
-0.511435
-0.515399
-0.518502
-0.520702
-0.522069
-0.522704
-0.522761
-0.522373
-0.52167
-0.520699
-0.519456
-0.517867
-0.515789
-0.513058
-0.509476
-0.504919
-0.499371
-0.49314
-0.486913
-0.481747
-0.478759
-0.478667
-0.481373
-0.485965
-0.491189
-0.495881
-0.499304
-0.501181
-0.50162
-0.500923
-0.499457
-0.497563
-0.495492
-0.493359
-0.491144
-0.488756
-0.486069
-0.48296
-0.479368
-0.475366
-0.471079
-0.466764
-0.462745
-0.459397
-0.457038
-0.455931
-0.456124
-0.457464
-0.45962
-0.462094
-0.464406
-0.466115
-0.466969
-0.466904
-0.466103
-0.464931
-0.463902
-0.463524
-0.464126
-0.465761
-0.468203
-0.471045
-0.473852
-0.476277
-0.478123
-0.479292
-0.479805
-0.479756
-0.479235
-0.47835
-0.477192
-0.475847
-0.474362
-0.472783
-0.471128
-0.469393
-0.467551
-0.465549
-0.46334
-0.460847
-0.458005
-0.454734
-0.450943
-0.446552
-0.441491
-0.435695
-0.429154
-0.422001
-0.414542
-0.407391
-0.401466
-0.397768
-0.397046
-0.399412
-0.404225
-0.410324
-0.416428
-0.421509
-0.424802
-0.425884
-0.424554
-0.420819
-0.414975
-0.407736
-0.400325
-0.39431
-0.391143
-0.391536
-0.39508
-0.400529
-0.406352
-0.411306
-0.414627
-0.41599
-0.415332
-0.412791
-0.408617
-0.403162
-0.396851
-0.390193
-0.383731
-0.377976
-0.373388
-0.370287
-0.368811
-0.368942
-0.370472
-0.373089
-0.376395
-0.379995
-0.383505
-0.386627
-0.389141
-0.39094
-0.391992
-0.392308
-0.391954
-0.391031
-0.389609
-0.387775
-0.385568
-0.383027
-0.380142
-0.376924
-0.373337
-0.369364
-0.364985
-0.360226
-0.355169
-0.34996
-0.344848
-0.340128
-0.336102
-0.333018
-0.331001
-0.329996
-0.329805
-0.330151
-0.33072
-0.331269
-0.331633
-0.331714
-0.331463
-0.330902
-0.33008
-0.329035
-0.327818
-0.326485
-0.325073
-0.323601
-0.322102
-0.320589
-0.319078
-0.317538
-0.315969
-0.314345
-0.312657
-0.310859
-0.30892
-0.306785
-0.304417
-0.301779
-0.298864
-0.295705
-0.292398
-0.289104
-0.286079
-0.283607
-0.28196
-0.281358
-0.281862
-0.283424
-0.285828
-0.288792
-0.292034
-0.295337
-0.298545
-0.301563
-0.304366
-0.306962
-0.309405
-0.311718
-0.313946
-0.316109
-0.318228
-0.320344
-0.322423
-0.324454
-0.326338
-0.328007
-0.329241
-0.329752
-0.329069
-0.326528
-0.321277
-0.312439
-0.299623
-0.283872
-0.268701
-0.259594
-0.260923
-0.272381
-0.289293
-0.306383
-0.320562
-0.331122
-0.338635
-0.344024
-0.348096
-0.35138
-0.354139
-0.356425
-0.358146
-0.359088
-0.358987
-0.357556
-0.354509
-0.349568
-0.342621
-0.333809
-0.323747
-0.313608
-0.304942
-0.299159
-0.296808
-0.297277
-0.299078
-0.300631
-0.301002
-0.300294
-0.29965
-0.300737
-0.304902
-0.312427
-0.322472
-0.333706
-0.344936
-0.355364
-0.364614
-0.372506
-0.378989
-0.384139
-0.388066
-0.390939
-0.39294
-0.394262
-0.395043
-0.395408
-0.39545
-0.395246
-0.39486
-0.394365
-0.393815
-0.393291
-0.392848
-0.39252
-0.39231
-0.392226
-0.39222
-0.39223
-0.392205
-0.392099
-0.391881
-0.391523
-0.391011
-0.390335
-0.389486
-0.388435
-0.387185
-0.385716
-0.384084
-0.382359
-0.380749
-0.379518
-0.379005
-0.379598
-0.381529
-0.384845
-0.389343
-0.39457
-0.399976
-0.405017
-0.409229
-0.412272
-0.413945
-0.414112
-0.412725
-0.409787
-0.405352
-0.399553
-0.392632
-0.384922
-0.376915
-0.369208
-0.362421
-0.357169
-0.353933
-0.352929
-0.354158
-0.357397
-0.362242
-0.368249
-0.374937
-0.381903
-0.388774
-0.395239
-0.401073
-0.406099
-0.410176
-0.413245
-0.415261
-0.416247
-0.416235
-0.415258
-0.413405
-0.410749
-0.407428
-0.403593
-0.399457
-0.395251
-0.391283
-0.387781
-0.384971
-0.382989
-0.381853
-0.38154
-0.381964
-0.383012
-0.384573
-0.386543
-0.388786
-0.391177
-0.393564
-0.395761
-0.39759
-0.398851
-0.399338
-0.398848
-0.397209
-0.394327
-0.390223
-0.38507
-0.379314
-0.373587
-0.368626
-0.365046
-0.363171
-0.362961
-0.364086
-0.36615
-0.368847
-0.371969
-0.375433
-0.379099
-0.38278
-0.386274
-0.389325
-0.391772
-0.393572
-0.394752
-0.39549
-0.396014
-0.396583
-0.397377
-0.398495
-0.399957
-0.401601
-0.403265
-0.404739
-0.405836
-0.406418
-0.4064
-0.405734
-0.404419
-0.402454
-0.399845
-0.396531
-0.392444
-0.38741
-0.381118
-0.373102
-0.362804
-0.349874
-0.334722
-0.319395
-0.307899
-0.304753
-0.311951
-0.327217
-0.345802
-0.363479
-0.378128
-0.389328
-0.397507
-0.403362
-0.40747
-0.410311
-0.412197
-0.413351
-0.413903
-0.413939
-0.413505
-0.412624
-0.411324
-0.409636
-0.40761
-0.405329
-0.402906
-0.400466
-0.398118
-0.39594
-0.393929
-0.391955
-0.389779
-0.387063
-0.38349
-0.378862
-0.373235
-0.36712
-0.361463
-0.357532
-0.356455
-0.358721
-0.363989
-0.371265
-0.379395
-0.387449
-0.394899
-0.401525
-0.407316
-0.412331
-0.41666
-0.420341
-0.423417
-0.425893
-0.427724
-0.428908
-0.429442
-0.42933
-0.428634
-0.427467
-0.425953
-0.424265
-0.422594
-0.421076
-0.419812
-0.418845
-0.4181
-0.417438
-0.416672
-0.415559
-0.413883
-0.411553
-0.408592
-0.405256
-0.401976
-0.399239
-0.397458
-0.396792
-0.39712
-0.398122
-0.399459
-0.400903
-0.402438
-0.404212
-0.406438
-0.409281
-0.412738
-0.416614
-0.420589
-0.42431
-0.427519
-0.430051
-0.431912
-0.433265
-0.434334
-0.435387
-0.436646
-0.438237
-0.440105
-0.442103
-0.443976
-0.445464
-0.44634
-0.446439
-0.445671
-0.444
-0.441469
-0.438164
-0.434223
-0.429821
-0.425158
-0.420443
-0.415892
-0.41172
-0.408075
-0.405102
-0.402904
-0.401593
-0.401277
-0.402033
-0.403867
-0.406684
-0.410255
-0.414255
-0.418312
-0.422061
-0.425237
-0.427638
-0.4292
-0.429914
-0.42986
-0.429128
-0.427851
-0.426202
-0.424342
-0.422428
-0.420626
-0.419095
-0.417936
-0.417219
-0.416982
-0.41721
-0.417836
-0.418754
-0.419878
-0.421074
-0.42225
-0.423329
-0.424232
-0.42489
-0.425277
-0.425349
-0.425127
-0.424608
-0.423861
-0.422967
-0.422048
-0.421256
-0.420767
-0.420718
-0.42124
-0.422351
-0.423972
-0.425937
-0.427996
-0.429852
-0.431188
-0.431736
-0.431288
-0.429717
-0.427097
-0.423698
-0.420027
-0.41682
-0.41492
-0.415069
-0.417688
-0.422723
-0.429669
-0.437719
-0.446035
-0.453861
-0.460688
-0.466225
-0.470345
-0.473057
-0.474388
-0.474454
-0.473322
-0.471138
-0.468068
-0.464272
-0.46
-0.455532
-0.451144
-0.447101
-0.443619
-0.440855
-0.438888
-0.437736
-0.437417
-0.437864
-0.439016
-0.440753
-0.4429
-0.44523
-0.447403
-0.449079
-0.449909
-0.449663
-0.44829
-0.446008
-0.443383
-0.441267
-0.44062
-0.442163
-0.446049
-0.451807
-0.458502
-0.465177
-0.471114
-0.476017
-0.479868
-0.482842
-0.485123
-0.486843
-0.488012
-0.4886
-0.488575
-0.487951
-0.486828
-0.485327
-0.483544
-0.481442
-0.478896
-0.475785
-0.472148
-0.468425
-0.465473
-0.464296
-0.465645
-0.469548
-0.475274
-0.481617
-0.48745
-0.492037
-0.495052
-0.496527
-0.496711
-0.495966
-0.494663
-0.493138
-0.491654
-0.490376
-0.48938
-0.48863
-0.487991
-0.487277
-0.486307
-0.484954
-0.483226
-0.481273
-0.479495
-0.478332
-0.478286
-0.479657
-0.482452
-0.486383
-0.490917
-0.495511
-0.499694
-0.503126
-0.505647
-0.507178
-0.507704
-0.50725
-0.505868
-0.503585
-0.500452
-0.496545
-0.491977
-0.486935
-0.481624
-0.47632
-0.47129
-0.466796
-0.463007
-0.460055
-0.45795
-0.456663
-0.456165
-0.456419
-0.457447
-0.45921
-0.461572
-0.464231
-0.466674
-0.468258
-0.468334
-0.466384
-0.462134
-0.455634
-0.44733
-0.43811
-0.429196
-0.421996
-0.417711
-0.417066
-0.420054
-0.42603
-0.433973
-0.442815
-0.45171
-0.460058
-0.467515
-0.473919
-0.479209
-0.483437
-0.486683
-0.489037
-0.490627
-0.491555
-0.491917
-0.491782
-0.491186
-0.49014
-0.488618
-0.486536
-0.483806
-0.4803
-0.475861
-0.470365
-0.463715
-0.455995
-0.447536
-0.439071
-0.431659
-0.426506
-0.424518
-0.425877
-0.42995
-0.435581
-0.441573
-0.446987
-0.451299
-0.454297
-0.456016
-0.456594
-0.45624
-0.455214
-0.453775
-0.452243
-0.450948
-0.450174
-0.450188
-0.451135
-0.452995
-0.455599
-0.458676
-0.461826
-0.464652
-0.466769
-0.467841
-0.467608
-0.465873
-0.462461
-0.457294
-0.450325
-0.44171
-0.431758
-0.421037
-0.410391
-0.400888
-0.393621
-0.389383
-0.388448
-0.390443
-0.394496
-0.399503
-0.404483
-0.408781
-0.412116
-0.414558
-0.416379
-0.417937
-0.419545
-0.421405
-0.423586
-0.426008
-0.428573
-0.431126
-0.43353
-0.435695
-0.437538
-0.439042
-0.440193
-0.440987
-0.441426
-0.441494
-0.441194
-0.440505
-0.439414
-0.437893
-0.435897
-0.433397
-0.430362
-0.426782
-0.422667
-0.418108
-0.413248
-0.408308
-0.403592
-0.399482
-0.396313
-0.394341
-0.393665
-0.394203
-0.395722
-0.397914
-0.400458
-0.403028
-0.405411
-0.407421
-0.408912
-0.409773
-0.409877
-0.409083
-0.407257
-0.404281
-0.400099
-0.394793
-0.388633
-0.382141
-0.376048
-0.371186
-0.3682
-0.367371
-0.368516
-0.371094
-0.374476
-0.378098
-0.38162
-0.384866
-0.387809
-0.390461
-0.392863
-0.395019
-0.396909
-0.398543
-0.399864
-0.400853
-0.401492
-0.401755
-0.40165
-0.401165
-0.400314
-0.399087
-0.397487
-0.395531
-0.393239
-0.390637
-0.387791
-0.384765
-0.38168
-0.378691
-0.375963
-0.373682
-0.372027
-0.371136
-0.371101
-0.371941
-0.373583
-0.3759
-0.378695
-0.38173
-0.384802
-0.387716
-0.390309
-0.39249
-0.394236
-0.395534
-0.396425
-0.396966
-0.397226
-0.397276
-0.397188
-0.397034
-0.39689
-0.396802
-0.396842
-0.397048
-0.397447
-0.398065
-0.398916
-0.400001
-0.401302
-0.402788
-0.404426
-0.406151
-0.407912
-0.409627
-0.411219
-0.412614
-0.413719
-0.414413
-0.414582
-0.414083
-0.412785
-0.410531
-0.407201
-0.40269
-0.397016
-0.390315
-0.382973
-0.375521
-0.368677
-0.363182
-0.35963
-0.358216
-0.358728
-0.360559
-0.36302
-0.365578
-0.368142
-0.370979
-0.374481
-0.378915
-0.384152
-0.389731
-0.395072
-0.399695
-0.403369
-0.406085
-0.407929
-0.409025
-0.409465
-0.409238
-0.408312
-0.406615
-0.404174
-0.401019
-0.3973
-0.393265
-0.389222
-0.385547
-0.382626
-0.3808
-0.380309
-0.381225
-0.383491
-0.386816
-0.390877
-0.395249
-0.399564
-0.403492
-0.40683
-0.409452
-0.411319
-0.41247
-0.41297
-0.41292
-0.412407
-0.411548
-0.410446
-0.409146
-0.407745
-0.406278
-0.404786
-0.403287
-0.401797
-0.400316
-0.39885
-0.397401
-0.395971
-0.394548
-0.393099
-0.39158
-0.389941
-0.388114
-0.386072
-0.383777
-0.381269
-0.378667
-0.376086
-0.373706
-0.371663
-0.370013
-0.368723
-0.3677
-0.366849
-0.366108
-0.365576
-0.36541
-0.365853
-0.367086
-0.369158
-0.371966
-0.37521
-0.378585
-0.381772
-0.384494
-0.38662
-0.388025
-0.388713
-0.388714
-0.388058
-0.386813
-0.385049
-0.382854
-0.380322
-0.377528
-0.374609
-0.371703
-0.368948
-0.366495
-0.364504
-0.363094
-0.362369
-0.362354
-0.363063
-0.364413
-0.36629
-0.368561
-0.371071
-0.373679
-0.376242
-0.378643
-0.380791
-0.38261
-0.384078
-0.385187
-0.385905
-0.386248
-0.386238
-0.385929
-0.385349
-0.38455
-0.383592
-0.382494
-0.381301
-0.380056
-0.378762
-0.377447
-0.376134
-0.374825
-0.373533
-0.372267
-0.37104
-0.369865
-0.36874
-0.367704
-0.366766
-0.365929
-0.365196
-0.364605
-0.364169
-0.363883
-0.363753
-0.363815
-0.364054
-0.364479
-0.365099
-0.365912
-0.366906
-0.368058
-0.369355
-0.370756
-0.372217
-0.373693
-0.375136
-0.376459
-0.377597
-0.378509
-0.37911
-0.379355
-0.379202
-0.378646
-0.37773
-0.376498
-0.375059
-0.373536
-0.372084
-0.370823
-0.369883
-0.369345
-0.369319
-0.369879
-0.371036
-0.372713
-0.374702
-0.376654
-0.37817
-0.37884
-0.378309
-0.376343
-0.372887
-0.368182
-0.362817
-0.357728
-0.353991
-0.352458
-0.35341
-0.356419
-0.360575
-0.364898
-0.368719
-0.37171
-0.373924
-0.375662
-0.377266
-0.379064
-0.381264
-0.383923
-0.386918
-0.390051
-0.39308
-0.395788
-0.398042
-0.399753
-0.400927
-0.401659
-0.402049
-0.402227
-0.402378
-0.402628
-0.403094
-0.403836
-0.404892
-0.40621
-0.407752
-0.409447
-0.411212
-0.412992
-0.414716
-0.416351
-0.417858
-0.419228
-0.420458
-0.421541
-0.422514
-0.423402
-0.424241
-0.425057
-0.425879
-0.426736
-0.427637
-0.428591
-0.429584
-0.430623
-0.431663
-0.432678
-0.433645
-0.434529
-0.435312
-0.435959
-0.436434
-0.436699
-0.436691
-0.436315
-0.435477
-0.434076
-0.43204
-0.429332
-0.426001
-0.422177
-0.418112
-0.41416
-0.410731
-0.40825
-0.407037
-0.407249
-0.40884
-0.411524
-0.414829
-0.418151
-0.420827
-0.422149
-0.421442
-0.418118
-0.411796
-0.402505
-0.390898
-0.378481
-0.367522
-0.360574
-0.359649
-0.365424
-0.376982
-0.392125
-0.408226
-0.423006
-0.434965
-0.443468
-0.448568
-0.450786
-0.45082
-0.449456
-0.447453
-0.445467
-0.44396
-0.443225
-0.443326
-0.444177
-0.445573
-0.447256
-0.448938
-0.450431
-0.451548
-0.452144
-0.452117
-0.451377
-0.449833
-0.44737
-0.443863
-0.439225
-0.433392
-0.426385
-0.418409
-0.409874
-0.401465
-0.394023
-0.388428
-0.385321
-0.384858
-0.386671
-0.390043
-0.39416
-0.398395
-0.402388
-0.406023
-0.409353
-0.412483
-0.415522
-0.418502
-0.4214
-0.424184
-0.426807
-0.429218
-0.431374
-0.433235
-0.434755
-0.435837
-0.436325
-0.435933
-0.43426
-0.430694
-0.424428
-0.414555
-0.400319
-0.381629
-0.359906
-0.33875
-0.32353
-0.319303
-0.327899
-0.346504
-0.369432
-0.391257
-0.40885
-0.421281
-0.428974
-0.432852
-0.433801
-0.432534
-0.429579
-0.425313
-0.420029
-0.413981
-0.407436
-0.400694
-0.394091
-0.387961
-0.382619
-0.378341
-0.375278
-0.373434
-0.372607
-0.37234
-0.372005
-0.370909
-0.368532
-0.364844
-0.360509
-0.356846
-0.355373
-0.357115
-0.361997
-0.368989
-0.376648
-0.383758
-0.389591
-0.393911
-0.396776
-0.39843
-0.399129
-0.399135
-0.398676
-0.397941
-0.397068
-0.396177
-0.395348
-0.394634
-0.394086
-0.393734
-0.39359
-0.393652
-0.393902
-0.394277
-0.3947
-0.395045
-0.39518
-0.394959
-0.394196
-0.392775
-0.3906
-0.387683
-0.384171
-0.380376
-0.376757
-0.373788
-0.371858
-0.371133
-0.371489
-0.372667
-0.37439
-0.376433
-0.378631
-0.380901
-0.383125
-0.385143
-0.386736
-0.387696
-0.387804
-0.386897
-0.384876
-0.38175
-0.377722
-0.373272
-0.369114
-0.366124
-0.365073
-0.366261
-0.369402
-0.373733
-0.378293
-0.382308
-0.385265
-0.386986
-0.387536
-0.387166
-0.386206
-0.385032
-0.384023
-0.383468
-0.383578
-0.384397
-0.385897
-0.387942
-0.39037
-0.393037
-0.395795
-0.398556
-0.40125
-0.40384
-0.406299
-0.408593
-0.410697
-0.412569
-0.41416
-0.415408
-0.416245
-0.416578
-0.416331
-0.415414
-0.413743
-0.411293
-0.408064
-0.404141
-0.399735
-0.395108
-0.390598
-0.38647
-0.382962
-0.380223
-0.378309
-0.377254
-0.377104
-0.377873
-0.379561
-0.382066
-0.385209
-0.388673
-0.392099
-0.395133
-0.397492
-0.398988
-0.399574
-0.399347
-0.398465
-0.397142
-0.395586
-0.393957
-0.392342
-0.390822
-0.389447
-0.388243
-0.387267
-0.386576
-0.38619
-0.386128
-0.386342
-0.386752
-0.387274
-0.387758
-0.388058
-0.388025
-0.387543
-0.386574
-0.385162
-0.383502
-0.381921
-0.380823
-0.380595
-0.381455
-0.38336
-0.386044
-0.389072
-0.391985
-0.394412
-0.396128
-0.397034
-0.397182
-0.396684
-0.395696
-0.39438
-0.392871
-0.391266
-0.389553
-0.387678
-0.385493
-0.382808
-0.379409
-0.375114
-0.369789
-0.363412
-0.356112
-0.348215
-0.340193
-0.332604
-0.326052
-0.320969
-0.317587
-0.315895
-0.315706
-0.316708
-0.318533
-0.320885
-0.323528
-0.326355
-0.32933
-0.332443
-0.335692
-0.339051
-0.342417
-0.345651
-0.348583
-0.351062
-0.35294
-0.354131
-0.354571
-0.354275
-0.353254
-0.351573
-0.34931
-0.346554
-0.343416
-0.340014
-0.336512
-0.333088
-0.329899
-0.327117
-0.324823
-0.323005
-0.321558
-0.320298
-0.318995
-0.317432
-0.315468
-0.313054
-0.310214
-0.307057
-0.303725
-0.300481
-0.297675
-0.295729
-0.295133
-0.296199
-0.299004
-0.303331
-0.308734
-0.314695
-0.320729
-0.326469
-0.331662
-0.336209
-0.340068
-0.343268
-0.345846
-0.347867
-0.349395
-0.350491
-0.351208
-0.351577
-0.35164
-0.351404
-0.350894
-0.350116
-0.349074
-0.347768
-0.346225
-0.344482
-0.342571
-0.340544
-0.338492
-0.336483
-0.334585
-0.332879
-0.331383
-0.3301
-0.328977
-0.327929
-0.326853
-0.325627
-0.324151
-0.322392
-0.320415
-0.318449
-0.316871
-0.316173
-0.316833
-0.319174
-0.323168
-0.32849
-0.334565
-0.340809
-0.346718
-0.351965
-0.356425
-0.360075
-0.362993
-0.365242
-0.366923
-0.368084
-0.368706
-0.368697
-0.367918
-0.366164
-0.363169
-0.358746
-0.352825
-0.345647
-0.337832
-0.330417
-0.324617
-0.321422
-0.321237
-0.323782
-0.328251
-0.333625
-0.338911
-0.343348
-0.346474
-0.348185
-0.348638
-0.348258
-0.347583
-0.347149
-0.347391
-0.348539
-0.350584
-0.353383
-0.356676
-0.360214
-0.363789
-0.36725
-0.3705
-0.373509
-0.376244
-0.3787
-0.380858
-0.382708
-0.384231
-0.385453
-0.386374
-0.387031
-0.387477
-0.387767
-0.387974
-0.388164
-0.388415
-0.388775
-0.389286
-0.38995
-0.390761
-0.391636
-0.392481
-0.393184
-0.393589
-0.393564
-0.392972
-0.391714
-0.389768
-0.387218
-0.38422
-0.38107
-0.378113
-0.375677
-0.374001
-0.373183
-0.373141
-0.373677
-0.374557
-0.375585
-0.37662
-0.37759
-0.378491
-0.379318
-0.380107
-0.380885
-0.3817
-0.382558
-0.383483
-0.384446
-0.385401
-0.386261
-0.386913
-0.387212
-0.386969
-0.386026
-0.384247
-0.381524
-0.377852
-0.373367
-0.368375
-0.363355
-0.358859
-0.355515
-0.353797
-0.353908
-0.355763
-0.358978
-0.362984
-0.367171
-0.370993
-0.374042
-0.376075
-0.377026
-0.376944
-0.376002
-0.374391
-0.372323
-0.369943
-0.367381
-0.364696
-0.361945
-0.359243
-0.356812
-0.354994
-0.354137
-0.354544
-0.356314
-0.359302
-0.36315
-0.367394
-0.371618
-0.375496
-0.378843
-0.381589
-0.383732
-0.385296
-0.386291
-0.386726
-0.386547
-0.385648
-0.383857
-0.380936
-0.376613
-0.370669
-0.363062
-0.354126
-0.344773
-0.336524
-0.331112
-0.329753
-0.332574
-0.338589
-0.346321
-0.354439
-0.362125
-0.36902
-0.375021
-0.380183
-0.384563
-0.388256
-0.391321
-0.39385
-0.395918
-0.397615
-0.39902
-0.400203
-0.401224
-0.402129
-0.402959
-0.403735
-0.404444
-0.405067
-0.405589
-0.405971
-0.406183
-0.406187
-0.405964
-0.405471
-0.404689
-0.403602
-0.402192
-0.400413
-0.398245
-0.395675
-0.392757
-0.389645
-0.386607
-0.384063
-0.382501
-0.382419
-0.38414
-0.387677
-0.392736
-0.398709
-0.404855
-0.410492
-0.415109
-0.418478
-0.420664
-0.422052
-0.423223
-0.424828
-0.427385
-0.431166
-0.436054
-0.441695
-0.447582
-0.453233
-0.458238
-0.462348
-0.465458
-0.467562
-0.468772
-0.469265
-0.469314
-0.46922
-0.469342
-0.469934
-0.47116
-0.47299
-0.475226
-0.477583
-0.479751
-0.481435
-0.482448
-0.482658
-0.482073
-0.480735
-0.478713
-0.476132
-0.473083
-0.469726
-0.466176
-0.462563
-0.458926
-0.455176
-0.451123
-0.446585
-0.441671
-0.43705
-0.433919
-0.433482
-0.436203
-0.441338
-0.447256
-0.452269
-0.455217
-0.45568
-0.453847
-0.450292
-0.445772
-0.441014
-0.43661
-0.432822
-0.429704
-0.427159
-0.425266
-0.424256
-0.424566
-0.426556
-0.430285
-0.435401
-0.44124
-0.447174
-0.452908
-0.45856
-0.464434
-0.47072
-0.477161
-0.48314
-0.487873
-0.490749
-0.491437
-0.489895
-0.486334
-0.481147
-0.474834
-0.467953
-0.46108
-0.45468
-0.449066
-0.444436
-0.440799
-0.438104
-0.436284
-0.435303
-0.435117
-0.435729
-0.437064
-0.439008
-0.441362
-0.443875
-0.446311
-0.448474
-0.450202
-0.451427
-0.452071
-0.452101
-0.451439
-0.450006
-0.447699
-0.444412
-0.440123
-0.434901
-0.429017
-0.423
-0.417621
-0.413728
-0.412033
-0.412807
-0.415741
-0.420077
-0.424828
-0.429083
-0.432146
-0.433613
-0.433343
-0.431382
-0.427926
-0.423283
-0.417845
-0.412065
-0.406463
-0.401538
-0.397728
-0.39531
-0.394434
-0.395094
-0.397153
-0.40042
-0.404648
-0.409504
-0.414609
-0.419565
-0.424008
-0.427676
-0.430367
-0.43202
-0.432617
-0.432276
-0.431115
-0.429315
-0.427075
-0.424629
-0.422177
-0.419892
-0.417914
-0.416328
-0.415155
-0.414357
-0.413815
-0.413399
-0.41289
-0.412068
-0.410701
-0.408639
-0.405815
-0.402295
-0.398321
-0.394223
-0.390406
-0.387149
-0.384565
-0.382485
-0.380535
-0.378225
-0.375085
-0.370778
-0.365278
-0.359021
-0.353034
-0.348786
-0.347737
-0.350562
-0.356824
-0.365143
-0.373963
-0.382069
-0.388824
-0.394082
-0.397997
-0.400821
-0.402817
-0.404246
-0.405286
-0.406063
-0.406661
-0.407147
-0.407566
-0.407922
-0.408215
-0.408479
-0.408704
-0.408879
-0.409033
-0.409142
-0.409207
-0.409219
-0.409153
-0.40898
-0.408684
-0.40823
-0.407576
-0.406684
-0.405505
-0.403986
-0.402078
-0.399735
-0.396884
-0.393537
-0.389663
-0.385293
-0.380486
-0.375417
-0.370311
-0.365475
-0.361258
-0.35796
-0.355756
-0.354647
-0.354376
-0.354408
-0.354015
-0.352391
-0.348856
-0.343204
-0.33615
-0.329649
-0.326475
-0.328839
-0.336929
-0.348703
-0.361221
-0.372155
-0.380375
-0.385701
-0.388517
-0.389329
-0.388687
-0.387033
-0.384731
-0.38203
-0.379073
-0.375931
-0.372563
-0.368859
-0.364648
-0.359772
-0.354143
-0.347788
-0.340926
-0.333995
-0.327651
-0.322648
-0.319807
-0.319703
-0.322509
-0.327874
-0.334957
-0.342756
-0.350329
-0.357031
-0.362567
-0.366863
-0.370037
-0.372299
-0.373839
-0.374876
-0.375572
-0.376038
-0.376368
-0.376625
-0.376831
-0.377013
-0.377166
-0.377272
-0.377336
-0.377321
-0.377227
-0.377052
-0.37677
-0.376374
-0.375835
-0.375142
-0.374268
-0.373196
-0.371874
-0.370278
-0.368354
-0.36608
-0.36346
-0.360595
-0.357606
-0.354723
-0.352259
-0.35057
-0.349904
-0.350411
-0.351999
-0.354392
-0.357213
-0.360071
-0.362631
-0.364639
-0.365969
-0.366602
-0.366559
-0.365922
-0.364823
-0.363426
-0.361897
-0.360413
-0.359159
-0.358278
-0.357915
-0.358155
-0.359052
-0.360607
-0.362788
-0.36551
-0.36868
-0.372183
-0.375873
-0.37965
-0.383412
-0.387053
-0.390503
-0.393719
-0.396659
-0.399303
-0.40162
-0.403592
-0.405176
-0.406341
-0.407031
-0.407154
-0.406609
-0.405302
-0.403094
-0.399871
-0.395528
-0.390009
-0.383399
-0.375953
-0.368149
-0.360632
-0.354118
-0.349151
-0.345946
-0.344325
-0.343897
-0.344275
-0.345274
-0.347
-0.349674
-0.353447
-0.358285
-0.363838
-0.369515
-0.374719
-0.37896
-0.381916
-0.383501
-0.383811
-0.383009
-0.381379
-0.379204
-0.37675
-0.37428
-0.371984
-0.369998
-0.368407
-0.367269
-0.366604
-0.366395
-0.366588
-0.367111
-0.367873
-0.368754
-0.369649
-0.370489
-0.371244
-0.371978
-0.372795
-0.373832
-0.375232
-0.377087
-0.379383
-0.382053
-0.384965
-0.387933
-0.390824
-0.393464
-0.395774
-0.397705
-0.399204
-0.400291
-0.40095
-0.401202
-0.401044
-0.400483
-0.399529
-0.398158
-0.396402
-0.394275
-0.391817
-0.389091
-0.386208
-0.383301
-0.380508
-0.377993
-0.375843
-0.374139
-0.372897
-0.37211
-0.371763
-0.371815
-0.372232
-0.372892
-0.373647
-0.374245
-0.374459
-0.374083
-0.373018
-0.371295
-0.369133
-0.366822
-0.364661
-0.362912
-0.36169
-0.361015
-0.360796
-0.360936
-0.361405
-0.362258
-0.363608
-0.365617
-0.368389
-0.37192
-0.376073
-0.380619
-0.38525
-0.389671
-0.393622
-0.396922
-0.399442
-0.401136
-0.402009
-0.402116
-0.401542
-0.400467
-0.399092
-0.397661
-0.396397
-0.395498
-0.395051
-0.395075
-0.395461
-0.396098
-0.396861
-0.397608
-0.398262
-0.398755
-0.399088
-0.399245
-0.399239
-0.399153
-0.399025
-0.398943
-0.398968
-0.399204
-0.399689
-0.400411
-0.401272
-0.402076
-0.402612
-0.4027
-0.40226
-0.401362
-0.400186
-0.398993
-0.398021
-0.397383
-0.397076
-0.396945
-0.396823
-0.396516
-0.395959
-0.39514
-0.394056
-0.392651
-0.390824
-0.388397
-0.385343
-0.38187
-0.378416
-0.375656
-0.374267
-0.37479
-0.377443
-0.382159
-0.388585
-0.396212
-0.404422
-0.412664
-0.42043
-0.427383
-0.43335
-0.438273
-0.442195
-0.445217
-0.447438
-0.448968
-0.449899
-0.45031
-0.450227
-0.449707
-0.448742
-0.447353
-0.445534
-0.443316
-0.44074
-0.437867
-0.434775
-0.431568
-0.428336
-0.425199
-0.422223
-0.419487
-0.417067
-0.415013
-0.413328
-0.412001
-0.410982
-0.410228
-0.409747
-0.409631
-0.410076
-0.411371
-0.413772
-0.417425
-0.422215
-0.427832
-0.433806
-0.439645
-0.444933
-0.449385
-0.452851
-0.455256
-0.456649
-0.457075
-0.456648
-0.455453
-0.453613
-0.451219
-0.448365
-0.445108
-0.441517
-0.437602
-0.433408
-0.428955
-0.424272
-0.419408
-0.414404
-0.409317
-0.404191
-0.399051
-0.394
-0.389191
-0.38491
-0.381465
-0.379143
-0.378063
-0.378139
-0.379065
-0.380383
-0.381526
-0.381843
-0.380662
-0.377511
-0.37245
-0.366389
-0.361196
-0.35924
-0.362352
-0.370802
-0.383166
-0.397042
-0.410164
-0.421018
-0.428939
-0.433903
-0.436261
-0.436519
-0.435214
-0.432841
-0.429896
-0.426806
-0.423926
-0.421495
-0.419656
-0.418395
-0.417567
-0.416963
-0.416317
-0.415348
-0.413798
-0.411447
-0.408123
-0.403733
-0.398327
-0.392103
-0.385479
-0.379044
-0.373487
-0.369361
-0.366932
-0.366083
-0.366407
-0.367336
-0.36837
-0.369131
-0.369374
-0.368978
-0.367877
-0.36602
-0.363386
-0.359974
-0.355841
-0.351192
-0.346321
-0.341717
-0.337977
-0.335705
-0.335385
-0.337258
-0.341191
-0.346761
-0.353337
-0.360282
-0.367058
-0.373288
-0.37878
-0.383455
-0.387342
-0.390526
-0.393089
-0.395143
-0.396782
-0.398082
-0.399109
-0.399922
-0.400552
-0.401018
-0.401322
-0.401452
-0.401373
-0.401025
-0.400336
-0.399179
-0.397444
-0.395011
-0.391757
-0.387638
-0.382687
-0.377084
-0.371205
-0.365598
-0.360934
-0.357879
-0.356886
-0.358079
-0.361241
-0.365852
-0.371298
-0.376939
-0.382289
-0.386987
-0.39078
-0.393486
-0.394983
-0.395205
-0.394146
-0.391899
-0.388713
-0.385001
-0.381311
-0.37827
-0.376449
-0.376168
-0.377502
-0.380264
-0.384067
-0.388505
-0.393187
-0.397782
-0.402071
-0.405803
-0.408813
-0.410944
-0.412081
-0.412168
-0.411205
-0.409266
-0.406561
-0.403399
-0.400174
-0.397344
-0.395326
-0.394397
-0.394638
-0.395954
-0.39808
-0.40069
-0.403498
-0.406258
-0.408784
-0.410996
-0.412842
-0.414315
-0.415422
-0.416197
-0.416643
-0.416781
-0.416649
-0.416238
-0.41557
-0.414659
-0.413492
-0.412095
-0.410494
-0.408768
-0.407015
-0.40539
-0.404045
-0.403134
-0.402771
-0.402958
-0.403598
-0.404482
-0.405342
-0.405915
-0.405948
-0.405271
-0.403752
-0.401345
-0.397984
-0.393608
-0.388173
-0.381653
-0.374143
-0.366038
-0.358107
-0.351502
-0.347467
-0.346871
-0.349826
-0.355628
-0.363123
-0.371141
-0.378752
-0.385337
-0.390557
-0.394226
-0.396263
-0.39666
-0.395446
-0.392706
-0.388589
-0.383346
-0.377379
-0.37126
-0.365734
-0.361614
-0.3596
-0.36006
-0.362898
-0.367623
-0.37349
-0.379774
-0.385876
-0.391376
-0.396041
-0.399782
-0.402572
-0.404463
-0.40558
-0.406088
-0.406215
-0.406175
-0.406218
-0.406532
-0.407253
-0.408369
-0.409826
-0.411444
-0.413006
-0.41427
-0.415032
-0.415078
-0.414316
-0.412744
-0.410484
-0.407825
-0.40514
-0.402866
-0.401312
-0.400574
-0.400433
-0.400398
-0.399902
-0.398382
-0.395488
-0.391214
-0.385904
-0.380352
-0.375661
-0.372981
-0.373062
-0.375934
-0.380963
-0.387167
-0.393624
-0.399773
-0.405376
-0.410449
-0.415103
-0.419422
-0.423393
-0.426908
-0.429801
-0.431821
-0.432716
-0.432212
-0.430097
-0.426207
-0.420522
-0.413269
-0.405074
-0.396981
-0.390296
-0.386178
-0.385178
-0.386967
-0.390568
-0.394815
-0.398768
-0.401924
-0.404152
-0.405532
-0.406311
-0.406777
-0.407164
-0.407695
-0.408523
-0.409743
-0.411338
-0.413257
-0.415401
-0.417663
-0.419889
-0.421963
-0.423781
-0.42527
-0.426367
-0.427053
-0.427326
-0.42719
-0.426649
-0.425758
-0.424589
-0.423227
-0.421793
-0.420419
-0.419245
-0.41838
-0.417858
-0.417668
-0.417704
-0.417829
-0.417938
-0.417987
-0.418016
-0.418081
-0.418292
-0.418704
-0.419285
-0.419895
-0.420379
-0.420581
-0.420413
-0.41987
-0.419022
-0.417966
-0.416776
-0.41549
-0.414053
-0.412417
-0.410516
-0.408382
-0.406125
-0.403875
-0.401819
-0.400145
-0.398964
-0.398319
-0.398182
-0.398486
-0.39914
-0.400019
-0.401045
-0.402126
-0.403167
-0.404102
-0.404874
-0.405419
-0.405691
-0.405641
-0.405243
-0.404444
-0.403239
-0.401589
-0.399497
-0.397022
-0.394192
-0.391115
-0.38794
-0.384824
-0.381977
-0.37958
-0.377805
-0.376784
-0.37654
-0.376995
-0.37799
-0.379277
-0.380606
-0.381696
-0.382361
-0.382487
-0.382033
-0.381053
-0.379649
-0.377933
-0.375997
-0.373908
-0.371658
-0.369214
-0.366541
-0.363604
-0.360436
-0.357117
-0.353794
-0.350659
-0.347924
-0.345809
-0.344479
-0.344034
-0.344481
-0.345755
-0.347723
-0.350183
-0.352922
-0.355764
-0.358518
-0.36107
-0.363325
-0.365236
-0.36678
-0.367971
-0.36882
-0.369359
-0.369637
-0.369664
-0.369497
-0.369174
-0.368712
-0.368134
-0.367477
-0.366744
-0.366011
-0.365254
-0.364526
-0.363831
-0.363222
-0.362734
-0.362399
-0.362215
-0.362217
-0.362409
-0.362781
-0.363324
-0.36399
-0.364744
-0.365536
-0.366307
-0.366989
-0.367513
-0.367828
-0.367856
-0.36754
-0.366813
-0.365619
-0.363919
-0.361716
-0.359009
-0.35583
-0.35229
-0.348576
-0.344954
-0.341776
-0.339444
-0.338354
-0.338771
-0.340756
-0.344128
-0.348509
-0.353405
-0.358323
-0.362824
-0.366557
-0.369268
-0.37074
-0.370795
-0.369292
-0.366136
-0.361336
-0.355082
-0.34783
-0.34026
-0.333268
-0.327846
-0.324831
-0.324672
-0.327399
-0.33258
-0.339511
-0.347332
-0.355209
-0.362445
-0.368626
-0.373652
-0.377742
-0.381324
-0.384858
-0.388651
-0.392694
-0.396727
-0.400345
-0.40319
-0.405032
-0.405802
-0.405568
-0.404471
-0.402714
-0.400485
-0.397946
-0.395226
-0.392434
-0.389637
-0.386909
-0.384311
-0.38191
-0.379737
-0.3778
-0.376047
-0.374424
-0.372843
-0.371272
-0.369711
-0.368219
-0.366903
-0.365887
-0.365301
-0.365239
-0.36575
-0.366832
-0.368404
-0.370359
-0.372521
-0.374719
-0.376785
-0.378563
-0.379939
-0.380823
-0.38116
-0.380908
-0.380056
-0.378595
-0.37655
-0.373938
-0.370823
-0.367296
-0.363496
-0.359572
-0.355696
-0.351984
-0.348455
-0.344991
-0.341299
-0.337016
-0.331764
-0.325373
-0.318005
-0.310346
-0.303554
-0.29886
-0.297159
-0.298523
-0.302309
-0.30755
-0.313407
-0.319366
-0.325185
-0.33072
-0.335881
-0.340567
-0.344683
-0.34817
-0.351018
-0.353277
-0.355
-0.356288
-0.357224
-0.357894
-0.358383
-0.358757
-0.359045
-0.359305
-0.359545
-0.359776
-0.359999
-0.360188
-0.360328
-0.360383
-0.360294
-0.360023
-0.359521
-0.358718
-0.357567
-0.356039
-0.354097
-0.351715
-0.348889
-0.34562
-0.341923
-0.337832
-0.333426
-0.328832
-0.324274
-0.320046
-0.316452
-0.313813
-0.312341
-0.312168
-0.313366
-0.315865
-0.3195
-0.324035
-0.32913
-0.334454
-0.339764
-0.344939
-0.34995
-0.354802
-0.359512
-0.364036
-0.368325
-0.372284
-0.375819
-0.378877
-0.381434
-0.383479
-0.38503
-0.386172
-0.386945
-0.387403
-0.387578
-0.387463
-0.387018
-0.386136
-0.384624
-0.382302
-0.378973
-0.374579
-0.369277
-0.363551
-0.358237
-0.354351
-0.35272
-0.35364
-0.356753
-0.361264
-0.366263
-0.371103
-0.37543
-0.379172
-0.382393
-0.385215
-0.38777
-0.390134
-0.392313
-0.394327
-0.396133
-0.397697
-0.398942
-0.399803
-0.400216
-0.400087
-0.399319
-0.397818
-0.39547
-0.392182
-0.387886
-0.382604
-0.376458
-0.369707
-0.362776
-0.356231
-0.350704
-0.346815
-0.344987
-0.345328
-0.347619
-0.351315
-0.355755
-0.360289
-0.364362
-0.367621
-0.369876
-0.37105
-0.371171
-0.370349
-0.368681
-0.366292
-0.363333
-0.359967
-0.356419
-0.353001
-0.350079
-0.348095
-0.347428
-0.348308
-0.350702
-0.354372
-0.358867
-0.363769
-0.368659
-0.373285
-0.377481
-0.381161
-0.384316
-0.386952
-0.389105
-0.390803
-0.392077
-0.392955
-0.39344
-0.393549
-0.39328
-0.39266
-0.391672
-0.390307
-0.38855
-0.3864
-0.383813
-0.380761
-0.377218
-0.373143
-0.368565
-0.363562
-0.358369
-0.353355
-0.349034
-0.345923
-0.344352
-0.344271
-0.345238
-0.346531
-0.347434
-0.347449
-0.346459
-0.344746
-0.342878
-0.341439
-0.340816
-0.340995
-0.34167
-0.342372
-0.342755
-0.34273
-0.342551
-0.342599
-0.343285
-0.344834
-0.347201
-0.350087
-0.353097
-0.35585
-0.358093
-0.359673
-0.360575
-0.360845
-0.360587
-0.359898
-0.358885
-0.357657
-0.356297
-0.354892
-0.353479
-0.352101
-0.350731
-0.349338
-0.347875
-0.346245
-0.344358
-0.34212
-0.339445
-0.336283
-0.33261
-0.32848
-0.324009
-0.319375
-0.314848
-0.310715
-0.307256
-0.304694
-0.30313
-0.302559
-0.302844
-0.303771
-0.305116
-0.30666
-0.308242
-0.309775
-0.311213
-0.312542
-0.313792
-0.314999
-0.316192
-0.317406
-0.318663
-0.319951
-0.321262
-0.322589
-0.323918
-0.325235
-0.32651
-0.327735
-0.328876
-0.329925
-0.33082
-0.33152
-0.331918
-0.331926
-0.331379
-0.330091
-0.327827
-0.324315
-0.319288
-0.312579
-0.304221
-0.294643
-0.284687
-0.275461
-0.267889
-0.262127
-0.257459
-0.252762
-0.247475
-0.242372
-0.239544
-0.241273
-0.248427
-0.259859
-0.273184
-0.286166
-0.297473
-0.306653
-0.31379
-0.31921
-0.323217
-0.326126
-0.328148
-0.329469
-0.330233
-0.330545
-0.330517
-0.330225
-0.329768
-0.329209
-0.328621
-0.328058
-0.327576
-0.327182
-0.326872
-0.32664
-0.326448
-0.326233
-0.325969
-0.325652
-0.325278
-0.324926
-0.324704
-0.324747
-0.325219
-0.326226
-0.327826
-0.329951
-0.332467
-0.335201
-0.337897
-0.340347
-0.34232
-0.343642
-0.344131
-0.34365
-0.342066
-0.339263
-0.335172
-0.329769
-0.323113
-0.315395
-0.306989
-0.29852
-0.290855
-0.285079
-0.282259
-0.28303
-0.287378
-0.294602
-0.303618
-0.313316
-0.322881
-0.331773
-0.339778
-0.346844
-0.353023
-0.358369
-0.362942
-0.366768
-0.369829
-0.372109
-0.373586
-0.374232
-0.37407
-0.373122
-0.371477
-0.36929
-0.366764
-0.364191
-0.361818
-0.359892
-0.358563
-0.357802
-0.357487
-0.357369
-0.357116
-0.356446
-0.355103
-0.352915
-0.349886
-0.346121
-0.341857
-0.337487
-0.333437
-0.33016
-0.328009
-0.327165
-0.327552
-0.328891
-0.330714
-0.332527
-0.333978
-0.334968
-0.335673
-0.336553
-0.338135
-0.340791
-0.344561
-0.349149
-0.354041
-0.358653
-0.362563
-0.365517
-0.367392
-0.368191
-0.367971
-0.366825
-0.364853
-0.362222
-0.359127
-0.355829
-0.352635
-0.349908
-0.347994
-0.347151
-0.347502
-0.348996
-0.351429
-0.354488
-0.35783
-0.361126
-0.3641
-0.366573
-0.368441
-0.369652
-0.370201
-0.370073
-0.369256
-0.367709
-0.365369
-0.362185
-0.358139
-0.35334
-0.348174
-0.343331
-0.339756
-0.33845
-0.340001
-0.344332
-0.3507
-0.35801
-0.365223
-0.371598
-0.376817
-0.380782
-0.383603
-0.385468
-0.3866
-0.387212
-0.387507
-0.387647
-0.387796
-0.388041
-0.388475
-0.389078
-0.389873
-0.390748
-0.391582
-0.392167
-0.392227
-0.391466
-0.389523
-0.386071
-0.380865
-0.373851
-0.365311
-0.355946
-0.346905
-0.339601
-0.335302
-0.334713
-0.337759
-0.343627
-0.351119
-0.359054
-0.366511
-0.372921
-0.378013
-0.381742
-0.38423
-0.38568
-0.386363
-0.386567
-0.386541
-0.38655
-0.386758
-0.387286
-0.388193
-0.389482
-0.391134
-0.393087
-0.395282
-0.397628
-0.400058
-0.402484
-0.404827
-0.406993
-0.408905
-0.410499
-0.411709
-0.412481
-0.412771
-0.412527
-0.411705
-0.410236
-0.408098
-0.405239
-0.401644
-0.397354
-0.39247
-0.387161
-0.38171
-0.376395
-0.371468
-0.367012
-0.362993
-0.359293
-0.35593
-0.353172
-0.351447
-0.35125
-0.352808
-0.356035
-0.360562
-0.36592
-0.371699
-0.377585
-0.383327
-0.388746
-0.393696
-0.398043
-0.401733
-0.404707
-0.406973
-0.408557
-0.409487
-0.40979
-0.40951
-0.408652
-0.407226
-0.405254
-0.402727
-0.399654
-0.396014
-0.391798
-0.387044
-0.381808
-0.376299
-0.370793
-0.36577
-0.361828
-0.359536
-0.359347
-0.36143
-0.365593
-0.371311
-0.377949
-0.38484
-0.391466
-0.397453
-0.402606
-0.40685
-0.410175
-0.412569
-0.414034
-0.414542
-0.414005
-0.412323
-0.40937
-0.405094
-0.399513
-0.392855
-0.385617
-0.378578
-0.372668
-0.368659
-0.366942
-0.36737
-0.369455
-0.372627
-0.376448
-0.380675
-0.38516
-0.389751
-0.394281
-0.398533
-0.40233
-0.40552
-0.408041
-0.409863
-0.410991
-0.411459
-0.41128
-0.410459
-0.408945
-0.406709
-0.403691
-0.39986
-0.395243
-0.390023
-0.384556
-0.379448
-0.375417
-0.373213
-0.373323
-0.375837
-0.380376
-0.386257
-0.392717
-0.39907
-0.404832
-0.409731
-0.413617
-0.416469
-0.418338
-0.419307
-0.419443
-0.418847
-0.417619
-0.415824
-0.413557
-0.410914
-0.40796
-0.404756
-0.401352
-0.397784
-0.394122
-0.390412
-0.386806
-0.383503
-0.380745
-0.378809
-0.377877
-0.378022
-0.379158
-0.381059
-0.383462
-0.386101
-0.388763
-0.391294
-0.393632
-0.39572
-0.397542
-0.399095
-0.40037
-0.401341
-0.402013
-0.402388
-0.402478
-0.402329
-0.402027
-0.401667
-0.401344
-0.401145
-0.401169
-0.401428
-0.401928
-0.402639
-0.403504
-0.404475
-0.4055
-0.406548
-0.407597
-0.408615
-0.4096
-0.410522
-0.411383
-0.412131
-0.412749
-0.41319
-0.413396
-0.413339
-0.412941
-0.412144
-0.410865
-0.409075
-0.406701
-0.403745
-0.400209
-0.396146
-0.391669
-0.386969
-0.382281
-0.377874
-0.37402
-0.370915
-0.36867
-0.367288
-0.366715
-0.366864
-0.367668
-0.369175
-0.371507
-0.374805
-0.379153
-0.384469
-0.390467
-0.396785
-0.402991
-0.4087
-0.413675
-0.417809
-0.421076
-0.423491
-0.425117
-0.425951
-0.425986
-0.425174
-0.423471
-0.420914
-0.417653
-0.414049
-0.410543
-0.407609
-0.405471
-0.403974
-0.40252
-0.400215
-0.396159
-0.389642
-0.380334
-0.368434
-0.354739
-0.340639
-0.327998
-0.318924
-0.315269
-0.318083
-0.327179
-0.341092
-0.35755
-0.374167
-0.38912
-0.401339
-0.410447
-0.416566
-0.420082
-0.421507
-0.4214
-0.420314
-0.418754
-0.417182
-0.415925
-0.415174
-0.414918
-0.415013
-0.415208
-0.415258
-0.414966
-0.414231
-0.41306
-0.411556
-0.409896
-0.408287
-0.406903
-0.405861
-0.40523
-0.405003
-0.405113
-0.405523
-0.406118
-0.406834
-0.407574
-0.40827
-0.408827
-0.409166
-0.409187
-0.408814
-0.407962
-0.406578
-0.404645
-0.402205
-0.399413
-0.396463
-0.393629
-0.391198
-0.389416
-0.388403
-0.388157
-0.388554
-0.389379
-0.390428
-0.391539
-0.392625
-0.393649
-0.394645
-0.395659
-0.396741
-0.397906
-0.399148
-0.400429
-0.401624
-0.402636
-0.403324
-0.403564
-0.403314
-0.402597
-0.401557
-0.400485
-0.399708
-0.399562
-0.400161
-0.401412
-0.402904
-0.404043
-0.404234
-0.403
-0.400171
-0.395907
-0.390756
-0.385665
-0.381699
-0.379916
-0.380922
-0.384671
-0.390457
-0.397062
-0.403218
-0.407855
-0.410307
-0.41036
-0.408165
-0.404196
-0.399061
-0.393457
-0.388009
-0.383189
-0.379242
-0.376229
-0.374165
-0.373054
-0.372989
-0.37413
-0.376577
-0.380211
-0.384689
-0.389474
-0.394061
-0.398055
-0.401284
-0.403761
-0.405607
-0.407013
-0.408137
-0.409106
-0.410024
-0.410925
-0.411822
-0.412724
-0.413597
-0.4144
-0.415074
-0.415557
-0.415717
-0.415426
-0.414502
-0.412773
-0.41008
-0.406334
-0.401595
-0.396187
-0.390739
-0.386131
-0.383238
-0.382602
-0.384153
-0.387196
-0.390736
-0.393783
-0.395623
-0.395867
-0.394467
-0.391586
-0.387637
-0.383194
-0.378982
-0.375699
-0.373874
-0.37372
-0.375066
-0.377482
-0.380444
-0.383441
-0.386101
-0.388148
-0.389406
-0.389796
-0.389297
-0.387971
-0.385981
-0.383574
-0.381084
-0.378862
-0.377258
-0.376511
-0.37673
-0.37784
-0.379675
-0.381989
-0.384492
-0.386887
-0.388915
-0.390274
-0.390618
-0.389592
-0.386884
-0.382327
-0.376087
-0.368894
-0.36213
-0.357577
-0.35664
-0.359602
-0.365499
-0.372611
-0.379346
-0.384699
-0.38831
-0.390281
-0.390964
-0.390804
-0.390242
-0.389619
-0.389197
-0.389111
-0.389342
-0.389801
-0.390368
-0.390895
-0.39127
-0.391424
-0.391381
-0.391185
-0.390957
-0.390823
-0.390949
-0.391422
-0.392325
-0.393658
-0.395379
-0.397378
-0.399531
-0.401665
-0.403661
-0.405393
-0.406753
-0.407694
-0.408182
-0.408223
-0.407871
-0.407173
-0.406238
-0.40517
-0.404097
-0.403104
-0.402304
-0.401736
-0.401419
-0.401341
-0.401476
-0.401757
-0.402157
-0.402642
-0.40317
-0.403726
-0.40424
-0.404669
-0.404937
-0.404992
-0.4048
-0.404346
-0.403643
-0.402757
-0.401822
-0.400984
-0.400417
-0.400308
-0.400788
-0.401954
-0.403764
-0.406116
-0.408836
-0.411749
-0.41464
-0.417357
-0.419759
-0.421719
-0.423134
-0.423859
-0.423803
-0.422821
-0.420874
-0.417994
-0.414346
-0.410249
-0.406148
-0.402543
-0.399819
-0.398193
-0.397632
-0.397958
-0.398925
-0.400398
-0.402378
-0.405014
-0.408507
-0.412969
-0.418327
-0.424285
-0.430366
-0.436064
-0.44091
-0.444557
-0.446769
-0.447422
-0.44644
-0.443814
-0.439571
-0.43384
-0.426868
-0.419051
-0.410937
-0.403228
-0.396624
-0.391735
-0.389001
-0.388617
-0.390532
-0.394503
-0.400103
-0.406769
-0.4139
-0.420945
-0.427475
-0.4332
-0.43797
-0.441754
-0.444551
-0.446435
-0.447465
-0.447694
-0.447156
-0.445865
-0.443784
-0.440896
-0.43718
-0.432693
-0.42758
-0.422157
-0.416877
-0.412307
-0.408929
-0.407025
-0.406556
-0.407224
-0.408623
-0.410345
-0.412096
-0.413722
-0.415181
-0.416473
-0.417643
-0.418763
-0.419946
-0.421302
-0.422959
-0.424958
-0.427309
-0.429914
-0.432588
-0.435084
-0.437149
-0.438588
-0.439242
-0.439015
-0.437893
-0.435883
-0.433041
-0.429427
-0.425099
-0.420151
-0.414616
-0.408537
-0.401938
-0.395008
-0.388286
-0.382843
-0.38006
-0.381023
-0.385866
-0.393586
-0.402546
-0.411202
-0.418545
-0.424186
-0.428206
-0.431022
-0.433177
-0.435261
-0.437772
-0.440991
-0.444935
-0.449402
-0.45405
-0.458496
-0.462448
-0.465664
-0.468045
-0.469515
-0.470031
-0.469596
-0.468196
-0.465862
-0.462619
-0.458504
-0.453563
-0.447873
-0.441501
-0.434509
-0.426957
-0.418974
-0.411004
-0.403964
-0.399288
-0.398486
-0.402186
-0.409548
-0.418622
-0.427323
-0.43432
-0.439189
-0.442208
-0.443956
-0.444985
-0.445693
-0.446199
-0.446426
-0.446157
-0.445145
-0.443232
-0.44045
-0.436976
-0.433165
-0.42945
-0.426294
-0.424065
-0.423028
-0.42325
-0.424648
-0.42702
-0.430071
-0.433487
-0.436975
-0.440284
-0.443296
-0.445922
-0.448127
-0.449917
-0.451319
-0.452351
-0.453044
-0.453424
-0.453482
-0.453211
-0.45263
-0.451794
-0.45083
-0.449928
-0.449295
-0.449117
-0.449452
-0.450222
-0.451245
-0.452289
-0.453128
-0.453593
-0.453601
-0.453136
-0.452238
-0.45096
-0.449342
-0.447405
-0.445114
-0.442364
-0.438947
-0.434595
-0.428981
-0.4219
-0.413448
-0.404296
-0.395869
-0.390042
-0.388322
-0.391001
-0.396916
-0.404146
-0.410892
-0.416041
-0.419182
-0.420396
-0.419992
-0.41841
-0.416075
-0.413446
-0.410933
-0.408867
-0.407469
-0.406837
-0.406922
-0.407571
-0.408546
-0.409655
-0.410714
-0.411614
-0.412313
-0.4128
-0.413101
-0.413271
-0.413381
-0.413463
-0.413581
-0.413745
-0.413984
-0.41429
-0.414639
-0.41503
-0.415408
-0.415738
-0.41597
-0.416062
-0.415972
-0.415655
-0.415081
-0.414234
-0.41311
-0.411708
-0.410072
-0.408238
-0.406255
-0.404207
-0.402168
-0.400201
-0.398382
-0.396763
-0.395397
-0.394336
-0.393632
-0.393345
-0.393553
-0.394324
-0.395707
-0.397711
-0.400239
-0.403116
-0.40611
-0.40893
-0.411313
-0.413022
-0.413922
-0.413978
-0.41327
-0.41195
-0.410253
-0.408444
-0.406777
-0.405487
-0.404741
-0.404607
-0.405101
-0.406145
-0.407609
-0.409339
-0.411161
-0.41291
-0.414425
-0.415567
-0.416218
-0.416263
-0.415614
-0.414208
-0.412019
-0.409132
-0.405739
-0.402222
-0.399066
-0.396796
-0.395763
-0.395971
-0.39706
-0.398384
-0.399247
-0.399029
-0.397307
-0.393899
-0.388794
-0.382214
-0.374559
-0.366478
-0.358859
-0.352663
-0.348656
-0.347162
-0.347949
-0.3504
-0.353813
-0.357662
-0.361661
-0.36571
-0.369778
-0.373834
-0.377768
-0.381446
-0.384696
-0.387379
-0.389406
-0.390744
-0.391398
-0.391419
-0.390877
-0.389848
-0.388401
-0.386625
-0.384574
-0.382312
-0.379892
-0.377365
-0.37478
-0.372174
-0.369604
-0.367109
-0.364714
-0.362481
-0.36043
-0.358573
-0.356918
-0.355461
-0.354207
-0.353124
-0.352194
-0.351403
-0.350734
-0.350173
-0.349735
-0.349413
-0.349224
-0.349157
-0.349211
-0.349402
-0.349714
-0.350135
-0.350618
-0.351157
-0.351695
-0.352186
-0.352596
-0.352909
-0.353148
-0.353343
-0.35354
-0.353791
-0.354134
-0.354541
-0.354949
-0.355227
-0.355204
-0.35468
-0.35346
-0.351432
-0.348537
-0.344863
-0.340556
-0.335924
-0.331339
-0.327213
-0.323919
-0.321714
-0.32072
-0.320869
-0.321992
-0.323847
-0.326239
-0.329003
-0.33208
-0.335501
-0.339348
-0.34363
-0.34826
-0.353087
-0.357802
-0.362132
-0.365813
-0.368657
-0.370597
-0.371647
-0.371915
-0.371559
-0.370747
-0.369635
-0.368383
-0.367127
-0.365922
-0.364834
-0.363867
-0.363003
-0.362211
-0.36144
-0.36066
-0.359852
-0.359001
-0.358128
-0.35729
-0.356557
-0.355992
-0.355621
-0.355419
-0.35522
-0.354774
-0.3537
-0.351555
-0.348028
-0.343018
-0.336959
-0.330946
-0.326568
-0.325278
-0.327691
-0.333185
-0.340289
-0.347409
-0.353438
-0.357883
-0.360715
-0.362152
-0.362489
-0.362017
-0.360985
-0.359552
-0.357864
-0.356025
-0.354109
-0.352224
-0.350474
-0.348959
-0.347791
-0.347043
-0.346773
-0.346992
-0.347645
-0.348632
-0.349806
-0.351027
-0.352147
-0.353036
-0.353596
-0.35378
-0.353552
-0.352928
-0.351937
-0.350626
-0.349055
-0.34729
-0.345413
-0.343496
-0.341605
-0.339791
-0.338128
-0.336641
-0.335367
-0.334313
-0.333487
-0.332872
-0.332451
-0.332198
-0.332065
-0.332004
-0.33197
-0.331902
-0.331758
-0.331495
-0.331089
-0.330539
-0.329892
-0.329228
-0.328634
-0.32823
-0.328129
-0.328403
-0.329049
-0.329988
-0.331052
-0.33203
-0.332698
-0.332835
-0.332317
-0.331069
-0.329126
-0.326671
-0.323976
-0.321424
-0.319426
-0.318337
-0.318362
-0.319483
-0.321491
-0.324001
-0.326575
-0.32884
-0.330521
-0.331461
-0.331645
-0.331134
-0.330085
-0.328694
-0.327196
-0.325812
-0.324803
-0.324406
-0.324784
-0.326079
-0.328323
-0.331445
-0.33529
-0.339649
-0.344262
-0.348839
-0.353141
-0.356983
-0.360226
-0.362768
-0.364575
-0.365668
-0.366089
-0.365923
-0.365269
-0.364255
-0.36301
-0.361652
-0.360315
-0.359123
-0.358177
-0.357589
-0.357463
-0.357852
-0.358808
-0.360308
-0.362285
-0.364626
-0.367176
-0.369778
-0.372326
-0.374674
-0.37675
-0.37851
-0.379941
-0.381034
-0.381815
-0.382329
-0.382607
-0.382701
-0.382664
-0.382525
-0.38228
-0.381917
-0.381291
-0.380238
-0.378559
-0.376059
-0.372667
-0.36848
-0.363819
-0.359196
-0.355245
-0.352477
-0.351207
-0.351446
-0.352974
-0.355451
-0.358528
-0.361953
-0.365511
-0.369083
-0.372636
-0.37612
-0.379523
-0.382832
-0.386002
-0.388967
-0.391645
-0.393977
-0.395868
-0.397251
-0.39811
-0.398432
-0.398245
-0.397568
-0.396465
-0.394965
-0.393066
-0.390736
-0.387896
-0.384472
-0.380396
-0.375671
-0.37043
-0.364918
-0.359481
-0.354476
-0.350245
-0.347016
-0.344929
-0.344006
-0.344251
-0.345645
-0.348162
-0.351773
-0.356372
-0.361682
-0.367323
-0.37276
-0.377456
-0.380894
-0.38264
-0.382359
-0.379843
-0.375072
-0.368263
-0.360022
-0.351296
-0.343334
-0.337353
-0.334217
-0.334045
-0.336286
-0.339998
-0.344182
-0.348043
-0.351054
-0.352916
-0.353537
-0.352998
-0.351574
-0.349712
-0.348002
-0.347015
-0.347144
-0.348507
-0.350929
-0.354054
-0.357503
-0.360955
-0.364193
-0.367062
-0.369479
-0.37138
-0.37273
-0.373495
-0.373663
-0.373247
-0.372281
-0.370785
-0.3688
-0.366368
-0.363535
-0.36037
-0.356957
-0.353429
-0.349892
-0.346481
-0.343359
-0.340657
-0.33848
-0.336909
-0.335977
-0.33566
-0.335913
-0.336649
-0.337825
-0.339377
-0.341194
-0.343156
-0.345111
-0.346875
-0.348287
-0.349232
-0.34973
-0.349846
-0.349778
-0.349736
-0.349921
-0.350514
-0.351595
-0.35321
-0.355317
-0.357893
-0.360871
-0.364165
-0.367618
-0.371005
-0.374046
-0.376429
-0.377887
-0.378202
-0.377251
-0.374997
-0.371468
-0.36676
-0.360952
-0.354148
-0.346539
-0.338465
-0.330513
-0.323483
-0.318237
-0.315452
-0.315421
-0.317968
-0.322498
-0.328324
-0.33471
-0.341096
-0.34707
-0.352424
-0.357133
-0.361215
-0.364804
-0.368001
-0.370909
-0.373568
-0.375987
-0.37813
-0.379945
-0.381396
-0.382419
-0.382985
-0.383096
-0.382732
-0.381942
-0.380734
-0.379172
-0.377278
-0.375111
-0.372718
-0.370135
-0.367412
-0.364582
-0.361677
-0.358747
-0.355792
-0.352854
-0.349932
-0.347059
-0.344236
-0.341465
-0.338754
-0.33613
-0.333657
-0.331452
-0.329685
-0.328607
-0.328453
-0.329397
-0.331446
-0.334466
-0.338127
-0.342065
-0.345887
-0.349333
-0.352247
-0.354537
-0.35625
-0.357437
-0.358209
-0.358668
-0.358936
-0.359075
-0.359173
-0.359271
-0.359416
-0.359626
-0.359902
-0.360247
-0.360655
-0.36112
-0.361626
-0.362164
-0.362719
-0.363278
-0.3638
-0.364287
-0.364691
-0.364991
-0.365143
-0.365115
-0.364876
-0.364376
-0.363584
-0.362494
-0.361086
-0.35939
-0.357455
-0.355385
-0.353279
-0.35131
-0.349683
-0.348603
-0.348283
-0.348894
-0.35055
-0.353257
-0.356922
-0.361328
-0.366195
-0.371229
-0.376159
-0.380752
-0.384847
-0.388348
-0.3912
-0.393374
-0.394832
-0.395538
-0.395448
-0.3945
-0.392649
-0.389888
-0.386302
-0.382119
-0.377737
-0.373673
-0.370551
-0.368886
-0.369002
-0.370883
-0.374256
-0.378639
-0.383492
-0.388311
-0.392676
-0.39628
-0.39897
-0.40075
-0.401741
-0.402158
-0.40228
-0.402382
-0.402675
-0.403331
-0.404424
-0.405989
-0.407985
-0.410332
-0.412911
-0.415551
-0.418049
-0.420158
-0.421623
-0.422207
-0.421715
-0.419987
-0.416978
-0.412706
-0.407269
-0.400881
-0.393867
-0.386664
-0.379851
-0.374025
-0.369625
-0.366803
-0.365335
-0.364763
-0.364632
-0.364681
-0.364941
-0.365656
-0.36714
-0.369688
-0.373441
-0.378326
-0.384111
-0.390387
-0.396721
-0.402706
-0.408078
-0.412719
-0.416643
-0.419952
-0.422731
-0.42505
-0.426917
-0.428267
-0.428999
-0.429022
-0.428253
-0.426659
-0.424278
-0.421217
-0.41763
-0.413764
-0.409873
-0.406154
-0.402807
-0.399844
-0.397216
-0.394772
-0.3923
-0.389602
-0.386482
-0.38283
-0.37858
-0.373755
-0.368522
-0.363129
-0.357911
-0.353331
-0.349872
-0.347965
-0.34794
-0.3499
-0.353714
-0.359054
-0.365407
-0.372255
-0.379127
-0.385623
-0.39151
-0.396667
-0.401036
-0.40462
-0.407422
-0.409495
-0.410808
-0.411366
-0.411066
-0.409776
-0.407327
-0.403486
-0.398041
-0.390848
-0.382003
-0.371972
-0.361705
-0.352499
-0.345566
-0.341441
-0.339762
-0.339492
-0.339538
-0.339241
-0.338604
-0.338113
-0.338451
-0.340123
-0.343221
-0.347385
-0.351988
-0.356336
-0.359891
-0.362362
-0.363657
-0.363844
-0.363094
-0.36161
-0.359612
-0.357294
-0.35481
-0.352259
-0.349715
-0.347204
-0.344749
-0.342386
-0.340227
-0.338358
-0.336931
-0.336064
-0.335866
-0.336355
-0.337473
-0.33913
-0.341204
-0.343535
-0.345996
-0.348448
-0.350803
-0.352956
-0.354852
-0.356446
-0.357695
-0.35859
-0.359111
-0.359251
-0.359008
-0.35837
-0.357333
-0.355893
-0.354029
-0.351749
-0.349082
-0.346118
-0.342917
-0.339611
-0.336309
-0.333046
-0.329749
-0.326281
-0.322555
-0.318702
-0.31521
-0.312963
-0.31287
-0.315413
-0.320324
-0.326641
-0.333158
-0.338832
-0.343038
-0.345548
-0.346382
-0.345715
-0.343777
-0.340796
-0.336967
-0.332489
-0.327546
-0.322329
-0.31705
-0.311975
-0.307379
-0.303583
-0.300849
-0.299342
-0.299065
-0.29985
-0.301369
-0.303256
-0.305126
-0.306678
-0.307725
-0.308224
-0.308254
-0.30803
-0.307883
-0.308135
-0.309086
-0.310879
-0.313472
-0.316677
-0.320206
-0.323742
-0.326987
-0.329736
-0.331837
-0.333219
-0.333831
-0.333681
-0.332775
-0.331147
-0.328884
-0.326098
-0.322976
-0.319769
-0.316718
-0.314133
-0.31218
-0.310988
-0.31051
-0.310601
-0.31103
-0.311555
-0.311993
-0.312172
-0.312022
-0.311521
-0.310694
-0.309609
-0.308333
-0.306951
-0.305561
-0.304268
-0.303176
-0.302373
-0.301971
-0.302037
-0.302642
-0.303817
-0.305529
-0.307728
-0.310284
-0.313045
-0.315823
-0.318424
-0.320656
-0.322316
-0.323213
-0.323151
-0.321953
-0.319471
-0.315621
-0.310481
-0.304376
-0.297921
-0.291979
-0.287542
-0.285337
-0.285664
-0.288256
-0.292548
-0.297835
-0.303548
-0.309294
-0.314851
-0.320035
-0.324694
-0.328662
-0.33178
-0.333959
-0.335197
-0.335637
-0.335536
-0.335243
-0.335135
-0.335485
-0.336454
-0.338023
-0.340046
-0.342349
-0.34483
-0.347504
-0.350476
-0.353892
-0.357799
-0.362116
-0.366603
-0.370956
-0.374863
-0.378059
-0.380395
-0.381817
-0.382334
-0.382018
-0.38102
-0.379559
-0.377908
-0.37633
-0.375045
-0.37411
-0.373406
-0.37263
-0.371417
-0.369487
-0.366778
-0.363526
-0.360227
-0.357527
-0.35603
-0.356156
-0.358085
-0.361658
-0.366418
-0.371726
-0.376855
-0.3812
-0.384428
-0.386536
-0.387742
-0.388463
-0.389167
-0.390258
-0.392031
-0.394588
-0.397914
-0.401891
-0.406373
-0.411181
-0.416153
-0.421168
-0.426076
-0.430757
-0.435086
-0.438961
-0.442281
-0.444972
-0.44698
-0.448299
-0.448939
-0.448921
-0.448309
-0.447144
-0.44549
-0.443392
-0.440867
-0.437922
-0.434543
-0.430717
-0.42641
-0.421574
-0.416195
-0.410276
-0.404001
-0.397734
-0.392145
-0.387964
-0.385743
-0.385616
-0.387195
-0.38987
-0.392976
-0.396025
-0.398614
-0.400446
-0.401388
-0.401618
-0.401487
-0.401456
-0.401802
-0.40246
-0.402964
-0.402637
-0.400934
-0.397807
-0.394039
-0.391116
-0.390735
-0.393795
-0.399874
-0.407471
-0.414894
-0.421059
-0.42565
-0.428946
-0.431531
-0.433895
-0.436357
-0.438933
-0.441489
-0.443763
-0.445479
