1.19812
1.19618
1.19401
1.19143
1.18844
1.1851
1.18138
1.17711
1.17209
1.16644
1.16082
1.15649
1.15483
1.15654
1.16121
1.16755
1.17414
1.18002
1.18484
1.18863
1.1917
1.19444
1.19733
1.20082
1.20517
1.21039
1.21619
1.2221
1.22762
1.23238
1.2362
1.239
1.24084
1.24177
1.2419
1.24129
1.23998
1.23799
1.23534
1.23207
1.22826
1.22409
1.21985
1.2159
1.21269
1.21054
1.20966
1.21
1.21137
1.21349
1.2161
1.21901
1.22209
1.22521
1.2283
1.23125
1.23399
1.23643
1.23856
1.24034
1.24179
1.24295
1.24386
1.24457
1.24513
1.24558
1.24597
1.24632
1.24665
1.24698
1.24731
1.24762
1.2479
1.24813
1.24825
1.24825
1.24808
1.2477
1.24709
1.24622
1.24507
1.2436
1.24175
1.23944
1.23659
1.23319
1.22939
1.22555
1.22223
1.22005
1.21943
1.2204
1.22262
1.2256
1.22891
1.23235
1.23592
1.23976
1.24396
1.24848
1.25314
1.25766
1.26175
1.2652
1.26785
1.26968
1.27068
1.27091
1.27042
1.26929
1.26759
1.2654
1.2628
1.2599
1.25679
1.25357
1.25031
1.24705
1.24376
1.24044
1.23715
1.23407
1.23154
1.23
1.2299
1.23143
1.23448
1.23869
1.24357
1.24867
1.25363
1.25815
1.26196
1.26481
1.26649
1.26679
1.26554
1.26264
1.25803
1.25178
1.24414
1.23569
1.22738
1.22045
1.21612
1.21512
1.21736
1.22197
1.22768
1.23324
1.23775
1.24073
1.24211
1.24212
1.24126
1.24013
1.2393
1.23911
1.23957
1.24039
1.2411
1.24115
1.24007
1.23752
1.23343
1.22806
1.22203
1.21633
1.21194
1.20951
1.20906
1.21009
1.21196
1.21418
1.21658
1.21916
1.22195
1.22486
1.22768
1.23019
1.23221
1.23363
1.23444
1.23469
1.23448
1.2339
1.23306
1.23203
1.23088
1.22966
1.2284
1.22712
1.22583
1.2245
1.22313
1.22166
1.22006
1.21827
1.21625
1.21395
1.21136
1.20854
1.20557
1.20265
1.19999
1.19788
1.19657
1.19623
1.19691
1.1985
1.20078
1.20346
1.20623
1.20882
1.21103
1.21272
1.21385
1.21438
1.21436
1.21384
1.2129
1.21162
1.21012
1.20852
1.20695
1.20556
1.20451
1.20396
1.20405
1.20487
1.2064
1.20858
1.21123
1.21413
1.21703
1.21972
1.22197
1.22362
1.22453
1.22459
1.22373
1.22195
1.21935
1.21615
1.21269
1.20939
1.20663
1.20464
1.20338
1.20265
1.2021
1.20144
1.20049
1.19919
1.19766
1.1961
1.19482
1.19412
1.19425
1.19531
1.19724
1.19982
1.20272
1.20568
1.20845
1.21091
1.21301
1.21474
1.21613
1.21723
1.21805
1.21862
1.21891
1.2189
1.21852
1.21767
1.21624
1.21412
1.21121
1.2075
1.20309
1.19825
1.19335
1.18878
1.18474
1.18123
1.17817
1.17566
1.1742
1.17448
1.17693
1.18132
1.18684
1.19251
1.19758
1.20172
1.20488
1.20724
1.20898
1.21025
1.21115
1.21169
1.21184
1.21152
1.21064
1.20911
1.20686
1.20383
1.20004
1.19556
1.19055
1.18523
1.17992
1.1751
1.17141
1.16952
1.16987
1.17231
1.1761
1.18015
1.18359
1.18595
1.1873
1.18808
1.18886
1.19012
1.19209
1.19472
1.19778
1.20099
1.20409
1.20694
1.20947
1.21166
1.21352
1.21507
1.21632
1.21729
1.218
1.21845
1.21867
1.21868
1.21849
1.21813
1.21764
1.21706
1.21643
1.21581
1.21524
1.21479
1.21451
1.21441
1.21452
1.21482
1.21529
1.21585
1.21645
1.21699
1.21735
1.21742
1.21706
1.21611
1.21441
1.21182
1.20818
1.20346
1.19774
1.1913
1.18474
1.17886
1.17457
1.17249
1.17277
1.175
1.17849
1.18266
1.18721
1.1921
1.19738
1.20291
1.2083
1.213
1.21644
1.21815
1.21779
1.21529
1.2109
1.20539
1.20009
1.19661
1.19617
1.19897
1.20411
1.21018
1.216
1.2209
1.22469
1.22746
1.22942
1.23075
1.23162
1.23213
1.23235
1.23229
1.23198
1.23141
1.23059
1.22952
1.22822
1.22669
1.22491
1.22282
1.22034
1.21735
1.21381
1.20975
1.20543
1.2013
1.19798
1.19608
1.19593
1.19747
1.20021
1.20346
1.20646
1.2086
1.20946
1.2089
1.20703
1.20428
1.20131
1.19894
1.19791
1.19858
1.20091
1.20446
1.20865
1.21291
1.21687
1.22025
1.22296
1.22492
1.22617
1.22674
1.22671
1.22618
1.22526
1.22408
1.22273
1.22131
1.21987
1.21847
1.21714
1.21592
1.21483
1.21388
1.21304
1.21225
1.21137
1.21022
1.20857
1.20619
1.20298
1.19915
1.19534
1.19268
1.19238
1.19511
1.20045
1.20715
1.21369
1.21899
1.22253
1.2243
1.22463
1.22404
1.22308
1.22227
1.22197
1.22232
1.22324
1.2245
1.2258
1.2269
1.22762
1.22786
1.22761
1.2269
1.2258
1.22436
1.22265
1.22075
1.2187
1.21654
1.21433
1.21209
1.20986
1.20768
1.20559
1.2036
1.20174
1.20005
1.19857
1.19735
1.19645
1.19592
1.19576
1.1959
1.19622
1.19655
1.19673
1.19661
1.19606
1.19504
1.19357
1.19189
1.19042
1.1897
1.1902
1.19211
1.19527
1.19924
1.20348
1.20754
1.21115
1.21418
1.21662
1.21853
1.21998
1.22105
1.22179
1.22226
1.2225
1.22258
1.22254
1.22245
1.22239
1.22243
1.22264
1.22306
1.22372
1.2246
1.22568
1.22691
1.22822
1.22954
1.23084
1.23205
1.23313
1.23405
1.23478
1.2353
1.23559
1.23566
1.23549
1.23511
1.23452
1.23377
1.2329
1.23199
1.23111
1.23037
1.22987
1.22969
1.22992
1.2306
1.23172
1.23326
1.23513
1.23724
1.23947
1.24172
1.24388
1.24587
1.24761
1.24906
1.25019
1.25097
1.25139
1.25146
1.25118
1.25057
1.24966
1.24848
1.24707
1.24547
1.24374
1.24192
1.24008
1.23827
1.23656
1.23502
1.23372
1.23272
1.23207
1.23179
1.23187
1.23226
1.23287
1.23358
1.23421
1.23458
1.23449
1.23376
1.23227
1.23002
1.2272
1.22418
1.22136
1.21901
1.2171
1.21533
1.21339
1.21114
1.20882
1.20685
1.20565
1.20544
1.20623
1.20793
1.21052
1.21401
1.21836
1.22336
1.22855
1.23333
1.23706
1.23921
1.23937
1.23727
1.23277
1.226
1.21747
1.20826
1.19996
1.19437
1.19283
1.1956
1.20177
1.20975
1.21796
1.22525
1.23106
1.23526
1.23795
1.23935
1.2397
1.23919
1.23799
1.23622
1.23396
1.2313
1.22831
1.22508
1.2217
1.21831
1.21504
1.21207
1.20954
1.20755
1.2062
1.20546
1.2053
1.2056
1.20623
1.20705
1.20794
1.20879
1.20954
1.21014
1.21058
1.21087
1.21104
1.21113
1.21118
1.2112
1.21122
1.21123
1.2112
1.21109
1.21089
1.21057
1.21013
1.20959
1.20898
1.20836
1.20776
1.20726
1.20687
1.20664
1.20655
1.20661
1.20679
1.20706
1.20741
1.20784
1.20834
1.20893
1.20962
1.2104
1.21126
1.21217
1.21307
1.21387
1.21449
1.21477
1.21457
1.2137
1.212
1.20935
1.20581
1.20169
1.19764
1.19459
1.19343
1.1946
1.19787
1.20244
1.20733
1.21175
1.21523
1.21756
1.21866
1.2185
1.21704
1.2142
1.2099
1.2041
1.19689
1.18866
1.1802
1.17276
1.1679
1.16685
1.16976
1.17545
1.18214
1.18839
1.19361
1.19801
1.20212
1.20639
1.21093
1.21556
1.21992
1.22367
1.22657
1.2285
1.22941
1.22932
1.22826
1.22632
1.22358
1.22017
1.21625
1.21199
1.20757
1.20321
1.1992
1.19592
1.19382
1.19334
1.19478
1.19814
1.2031
1.2091
1.21544
1.22143
1.2265
1.23026
1.2325
1.23322
1.23255
1.23082
1.22841
1.22573
1.22306
1.22048
1.21785
1.21482
1.21098
1.20606
1.19996
1.1929
1.18531
1.17778
1.17089
1.16516
1.16112
1.15939
1.16065
1.16526
1.17296
1.18277
1.19335
1.20353
1.21256
1.2201
1.22615
1.23084
1.23441
1.23707
1.23899
1.24034
1.24123
1.24173
1.24192
1.24181
1.24142
1.2407
1.23959
1.23796
1.23567
1.23256
1.2285
1.22344
1.21748
1.21095
1.20434
1.1983
1.19341
1.19013
1.1887
1.1892
1.19153
1.19543
1.20041
1.2059
1.21138
1.21649
1.22102
1.22487
1.22798
1.2303
1.23176
1.23227
1.23175
1.23016
1.22751
1.22393
1.2197
1.21524
1.21111
1.20783
1.20572
1.20479
1.20473
1.20507
1.20535
1.20522
1.20451
1.20318
1.20128
1.19892
1.19625
1.19342
1.19061
1.18802
1.18587
1.18438
1.18373
1.18407
1.18543
1.18777
1.19088
1.19447
1.1982
1.2017
1.20468
1.20692
1.20831
1.20885
1.20861
1.20771
1.20631
1.2046
1.20278
1.20107
1.19963
1.19863
1.19815
1.19818
1.19867
1.1995
1.20054
1.20168
1.2028
1.20384
1.20476
1.20554
1.20617
1.20664
1.20697
1.20714
1.20717
1.20705
1.20678
1.20635
1.20574
1.20496
1.20398
1.20281
1.20146
1.19994
1.19828
1.19656
1.19484
1.19322
1.19182
1.19073
1.19007
1.18989
1.19021
1.191
1.19217
1.19357
1.19505
1.19644
1.19761
1.19844
1.19887
1.19887
1.19845
1.19765
1.19654
1.19519
1.19368
1.19207
1.19042
1.18878
1.18718
1.18565
1.18425
1.18304
1.18208
1.18141
1.18107
1.18101
1.18117
1.18146
1.18179
1.18208
1.18228
1.18236
1.18233
1.18218
1.18191
1.18151
1.18097
1.18031
1.17958
1.17888
1.17837
1.17822
1.17858
1.17953
1.181
1.18281
1.18473
1.18649
1.18789
1.18878
1.18909
1.1888
1.18793
1.18655
1.18473
1.18257
1.18018
1.17769
1.17524
1.17296
1.17098
1.16944
1.16838
1.16784
1.16776
1.16805
1.16855
1.16915
1.16969
1.17008
1.17027
1.17023
1.16996
1.16948
1.16886
1.16814
1.16738
1.16665
1.16601
1.16551
1.1652
1.16508
1.16519
1.1655
1.16599
1.16664
1.1674
1.16824
1.16913
1.17003
1.17091
1.17176
1.17256
1.17328
1.17391
1.17444
1.17485
1.17511
1.17522
1.17514
1.17487
1.1744
1.17375
1.17294
1.17203
1.17112
1.17029
1.16965
1.16928
1.16919
1.16937
1.16971
1.17008
1.1703
1.17021
1.16965
1.16854
1.16682
1.16456
1.1619
1.15912
1.15657
1.15467
1.15379
1.15417
1.15585
1.15864
1.16222
1.16616
1.17005
1.17351
1.17626
1.17812
1.17897
1.17881
1.17775
1.17604
1.17412
1.17255
1.17188
1.17249
1.17441
1.17739
1.18095
1.1846
1.188
1.19094
1.19339
1.19536
1.19696
1.19827
1.19937
1.20031
1.20113
1.20184
1.20244
1.20291
1.20322
1.20336
1.20329
1.20299
1.20245
1.20166
1.20063
1.19934
1.1978
1.19598
1.19386
1.19141
1.18858
1.18533
1.18164
1.1775
1.17296
1.16831
1.16414
1.16137
1.16095
1.16335
1.16825
1.17462
1.18122
1.18706
1.19157
1.19455
1.19608
1.19642
1.19594
1.19511
1.1944
1.19421
1.19475
1.19602
1.19782
1.19986
1.20182
1.20345
1.20457
1.20508
1.20495
1.20415
1.20267
1.20048
1.19754
1.19379
1.18921
1.18386
1.17804
1.17238
1.16781
1.16531
1.1655
1.16826
1.17281
1.17809
1.18322
1.18763
1.19115
1.1938
1.19572
1.19708
1.19804
1.19875
1.19931
1.1998
1.20028
1.20078
1.20131
1.20187
1.20245
1.20303
1.20361
1.20415
1.20466
1.20511
1.20551
1.20583
1.20608
1.20625
1.20634
1.20635
1.20627
1.20612
1.20591
1.20567
1.20543
1.20521
1.20501
1.20481
1.2045
1.20391
1.20272
1.20048
1.19662
1.19058
1.18212
1.17176
1.16125
1.15317
1.14956
1.1504
1.15369
1.15722
1.15999
1.16254
1.16615
1.17197
1.18018
1.18999
1.20013
1.20946
1.21733
1.22348
1.22794
1.23081
1.2322
1.23212
1.23054
1.22736
1.22248
1.21586
1.20762
1.19815
1.18822
1.17892
1.17155
1.16725
1.16661
1.16946
1.17497
1.18199
1.1894
1.19644
1.20265
1.20783
1.21191
1.21488
1.21677
1.21766
1.2177
1.21713
1.21623
1.21532
1.21467
1.21447
1.21477
1.21554
1.21666
1.21798
1.21938
1.22077
1.22211
1.22338
1.2246
1.22577
1.2269
1.22798
1.22898
1.22989
1.23068
1.23133
1.23185
1.23223
1.2325
1.23269
1.23284
1.23296
1.2331
1.23326
1.23347
1.23373
1.23404
1.23441
1.23484
1.23535
1.23596
1.23667
1.23748
1.23839
1.23936
1.24035
1.24129
1.24209
1.24264
1.24279
1.24237
1.24112
1.23877
1.23497
1.22948
1.22228
1.21394
1.20582
1.19989
1.19782
1.19988
1.20476
1.21037
1.21496
1.2176
1.21805
1.21653
1.21357
1.20991
1.20651
1.2043
1.20394
1.20551
1.20858
1.21239
1.21622
1.2196
1.22229
1.22425
1.22557
1.22639
1.22684
1.22703
1.22706
1.22695
1.22673
1.22639
1.22592
1.22531
1.22459
1.22379
1.22299
1.22222
1.22158
1.22109
1.2208
1.22069
1.22074
1.22088
1.22103
1.22109
1.22095
1.2205
1.21964
1.21825
1.21624
1.21357
1.21025
1.20644
1.20246
1.19883
1.19618
1.19512
1.19596
1.19859
1.20252
1.20704
1.21144
1.21516
1.21786
1.21935
1.21959
1.21862
1.21655
1.21356
1.20985
1.20567
1.20125
1.19681
1.19254
1.18862
1.18527
1.18283
1.18175
1.18243
1.18503
1.18926
1.19448
1.1999
1.20488
1.20902
1.21217
1.21438
1.21579
1.21656
1.21685
1.2168
1.21654
1.21615
1.21571
1.21527
1.21486
1.21453
1.21428
1.21413
1.21408
1.21412
1.21424
1.21441
1.21459
1.21475
1.21483
1.21479
1.21457
1.21411
1.21337
1.21232
1.21097
1.20934
1.20751
1.20559
1.20371
1.20202
1.20064
1.19965
1.1991
1.19894
1.1991
1.19945
1.19985
1.20011
1.19999
1.19916
1.19714
1.19332
1.18707
1.17818
1.1676
1.15801
1.15321
1.15561
1.16407
1.17482
1.18423
1.19041
1.19315
1.19334
1.19249
1.1923
1.19411
1.19844
1.20478
1.21207
1.2192
1.22546
1.2305
1.23429
1.23693
1.23856
1.23934
1.23937
1.23875
1.23754
1.23579
1.23353
1.23079
1.22762
1.22406
1.2202
1.21612
1.21196
1.20787
1.20404
1.20067
1.19796
1.19607
1.19512
1.1951
1.19595
1.19754
1.19973
1.2024
1.20543
1.20872
1.21214
1.21552
1.21871
1.22151
1.2238
1.22547
1.22646
1.22675
1.22634
1.22525
1.22352
1.22118
1.21832
1.21502
1.21142
1.20767
1.20397
1.20054
1.19761
1.19542
1.19427
1.19442
1.19608
1.19925
1.20368
1.2089
1.21434
1.21949
1.22397
1.22755
1.23016
1.23181
1.23254
1.23245
1.23162
1.23018
1.22827
1.22606
1.22378
1.22165
1.21989
1.21869
1.21812
1.21818
1.21873
1.2196
1.22056
1.22142
1.22198
1.2221
1.22167
1.22063
1.21895
1.21666
1.21387
1.21075
1.20756
1.2046
1.20215
1.20043
1.19953
1.19942
1.2
1.20112
1.20263
1.20445
1.20657
1.20907
1.21204
1.21553
1.21948
1.22372
1.22796
1.2319
1.23526
1.23784
1.23949
1.24015
1.23977
1.23837
1.23599
1.23276
1.22889
1.2247
1.22058
1.21694
1.21408
1.21214
1.21104
1.21056
1.21036
1.21011
1.20956
1.20853
1.20698
1.20505
1.20305
1.20146
1.20082
1.20146
1.20344
1.20644
1.20993
1.21335
1.21631
1.21863
1.22029
1.22142
1.22215
1.2226
1.22285
1.22289
1.22267
1.22212
1.22116
1.21975
1.21789
1.21562
1.21304
1.21028
1.20753
1.20497
1.20277
1.20108
1.19994
1.19938
1.19931
1.19966
1.20029
1.2011
1.20201
1.20295
1.20388
1.2048
1.20571
1.20663
1.20758
1.20858
1.20965
1.2108
1.21201
1.21327
1.21453
1.21578
1.21694
1.21799
1.21887
1.21952
1.21991
1.22
1.21976
1.21918
1.21828
1.21709
1.21566
1.21408
1.21241
1.21072
1.20906
1.20744
1.20583
1.20422
1.20258
1.20091
1.19924
1.19763
1.19618
1.19502
1.19426
1.194
1.19431
1.19519
1.19656
1.19831
1.2003
1.20237
1.20438
1.2062
1.20774
1.20895
1.20978
1.21024
1.21033
1.21009
1.20959
1.2089
1.20813
1.20737
1.20671
1.20622
1.2059
1.2057
1.2055
1.20515
1.2045
1.20343
1.2019
1.19994
1.19767
1.19523
1.19277
1.19038
1.18802
1.18557
1.18283
1.17966
1.17607
1.17236
1.16916
1.16732
1.16755
1.17007
1.17442
1.17968
1.18482
1.18911
1.19213
1.19381
1.19422
1.19357
1.19206
1.18989
1.18725
1.18431
1.18122
1.17813
1.17517
1.17247
1.17016
1.16835
1.16713
1.16654
1.16658
1.1672
1.16828
1.1697
1.1713
1.17293
1.1745
1.1759
1.1771
1.17807
1.1788
1.17929
1.17954
1.17956
1.17934
1.17886
1.1781
1.17703
1.17561
1.17383
1.17172
1.16936
1.16692
1.16467
1.16291
1.16197
1.16203
1.1631
1.16502
1.16747
1.17011
1.17264
1.17485
1.17663
1.17794
1.17877
1.17919
1.17923
1.17896
1.17844
1.17775
1.17696
1.17614
1.17537
1.17472
1.17426
1.17403
1.17405
1.17431
1.17477
1.17536
1.17599
1.17653
1.17689
1.17693
1.17657
1.17573
1.1744
1.17261
1.1705
1.16832
1.16639
1.16508
1.16472
1.16548
1.16735
1.17015
1.17356
1.17725
1.18093
1.1844
1.18754
1.19028
1.19263
1.19458
1.19618
1.19745
1.19842
1.19915
1.19965
1.19995
1.20009
1.20007
1.19988
1.1995
1.19889
1.19798
1.19669
1.19495
1.19269
1.18993
1.18673
1.18326
1.17982
1.17681
1.17467
1.1738
1.17447
1.17673
1.18038
1.18507
1.19035
1.1958
1.20105
1.20587
1.21013
1.21377
1.2168
1.21923
1.2211
1.22246
1.22335
1.22378
1.22382
1.2235
1.22288
1.22205
1.22107
1.22005
1.21906
1.21816
1.21736
1.21667
1.21601
1.21534
1.2146
1.21377
1.21293
1.21218
1.21167
1.21151
1.21173
1.21225
1.2129
1.21344
1.21366
1.21339
1.21259
1.21133
1.20981
1.20832
1.20719
1.20666
1.20687
1.20773
1.20904
1.2105
1.21191
1.21318
1.21442
1.21581
1.2176
1.21988
1.22262
1.22564
1.22873
1.23167
1.23434
1.23669
1.2387
1.24039
1.24177
1.24286
1.24368
1.24427
1.24471
1.24505
1.24536
1.24566
1.24593
1.2461
1.24604
1.24563
1.24478
1.24343
1.2416
1.2394
1.23697
1.2345
1.23215
1.23004
1.22826
1.22682
1.22572
1.22496
1.22459
1.22466
1.22529
1.22656
1.2285
1.23101
1.23395
1.23708
1.24016
1.24299
1.2454
1.24729
1.24861
1.24932
1.24943
1.24894
1.2479
1.24635
1.24437
1.24207
1.23958
1.23708
1.23473
1.23267
1.23101
1.22979
1.22896
1.22843
1.22806
1.22771
1.22723
1.22648
1.22535
1.22375
1.22164
1.21902
1.21596
1.2126
1.2092
1.20605
1.20354
1.20198
1.20163
1.20255
1.20465
1.20766
1.21122
1.21498
1.21863
1.22197
1.22487
1.22729
1.22925
1.23079
1.23196
1.23284
1.23349
1.23396
1.2343
1.23453
1.23467
1.23471
1.2346
1.23428
1.23366
1.23262
1.23102
1.22877
1.22584
1.22241
1.21891
1.21603
1.21455
1.21505
1.21757
1.2216
1.22631
1.23084
1.23461
1.23727
1.23875
1.23907
1.23837
1.23682
1.23464
1.23213
1.2296
1.2274
1.22587
1.2252
1.22547
1.22658
1.2283
1.23032
1.23227
1.23383
1.23472
1.2347
1.23358
1.23126
1.2277
1.22306
1.21769
1.21219
1.20736
1.20401
1.20273
1.20376
1.20687
1.21145
1.21672
1.22185
1.22616
1.2292
1.23084
1.2312
1.23063
1.22961
1.22859
1.22797
1.22796
1.22863
1.22992
1.23173
1.23393
1.23639
1.23899
1.24159
1.24406
1.24626
1.24806
1.24936
1.2501
1.25027
1.24992
1.2492
1.2483
1.24745
1.24688
1.24677
1.2472
1.24813
1.24945
1.251
1.25263
1.25423
1.25572
1.25706
1.25825
1.25928
1.26016
1.26091
1.26155
1.26207
1.2625
1.26282
1.26303
1.26312
1.26307
1.26287
1.26249
1.2619
1.26109
1.26004
1.25875
1.25723
1.25551
1.25366
1.25174
1.24986
1.24812
1.24664
1.24551
1.24485
1.24471
1.24514
1.2461
1.24749
1.24913
1.25083
1.25236
1.25355
1.25428
1.25453
1.2543
1.25366
1.25272
1.2516
1.2504
1.24921
1.24805
1.24689
1.24564
1.24419
1.24245
1.24045
1.23836
1.23648
1.23522
1.23492
1.23576
1.23766
1.24037
1.2435
1.24669
1.24965
1.25217
1.25414
1.25552
1.25629
1.25651
1.25623
1.25555
1.25459
1.25348
1.25237
1.2514
1.2507
1.25036
1.25042
1.25087
1.25165
1.25266
1.25377
1.25484
1.25573
1.25632
1.25653
1.25628
1.25553
1.25427
1.25253
1.25037
1.24788
1.24519
1.24247
1.23991
1.2377
1.23603
1.23505
1.23482
1.23534
1.23654
1.23825
1.24032
1.24258
1.2449
1.24716
1.24928
1.25118
1.25283
1.25417
1.25518
1.25585
1.25618
1.2562
1.25594
1.25548
1.25486
1.25415
1.25339
1.25262
1.25184
1.25103
1.25016
1.24918
1.24805
1.2467
1.2451
1.24324
1.24113
1.23883
1.23645
1.23416
1.23216
1.23066
1.22981
1.22972
1.23035
1.23159
1.23324
1.23506
1.23681
1.23831
1.23944
1.24012
1.24033
1.2401
1.23947
1.23851
1.23728
1.23586
1.23431
1.23271
1.23111
1.22958
1.22817
1.22695
1.22598
1.22531
1.22498
1.22497
1.22525
1.2257
1.22619
1.22659
1.22675
1.22658
1.22601
1.22504
1.2237
1.22207
1.22028
1.21844
1.21667
1.21507
1.2137
1.21258
1.21167
1.21093
1.21031
1.20973
1.20917
1.2086
1.20802
1.20747
1.20696
1.20655
1.20625
1.20609
1.20608
1.20619
1.20642
1.20672
1.20709
1.2075
1.20798
1.20853
1.20921
1.21005
1.21106
1.21225
1.21357
1.21495
1.21628
1.21743
1.21828
1.2187
1.2186
1.21792
1.21665
1.21486
1.21265
1.21015
1.20753
1.20492
1.20238
1.19995
1.1976
1.19534
1.19324
1.19145
1.1902
1.18974
1.19019
1.1915
1.19346
1.19574
1.19807
1.20025
1.20223
1.20403
1.20573
1.20739
1.20903
1.21066
1.21221
1.21363
1.21485
1.21583
1.21654
1.21699
1.21719
1.21718
1.21701
1.21674
1.21642
1.21612
1.21588
1.21574
1.21571
1.21577
1.21592
1.2161
1.21627
1.21639
1.21643
1.21634
1.21613
1.21579
1.21534
1.21481
1.21422
1.21361
1.21299
1.21236
1.21169
1.21094
1.21002
1.20888
1.20747
1.20583
1.20409
1.20251
1.20141
1.20116
1.20195
1.2038
1.20645
1.20951
1.21258
1.2153
1.21745
1.21895
1.21979
1.22007
1.21988
1.21938
1.21872
1.21803
1.21746
1.21713
1.21709
1.21741
1.21805
1.21898
1.22009
1.22125
1.22233
1.22318
1.22369
1.22379
1.22349
1.22287
1.22213
1.22152
1.22128
1.2216
1.22254
1.22399
1.22576
1.22761
1.22935
1.23083
1.23202
1.23292
1.23357
1.23406
1.23444
1.23476
1.23506
1.23534
1.2356
1.23581
1.23597
1.23607
1.23614
1.2362
1.23629
1.23645
1.23666
1.23693
1.23719
1.23741
1.2375
1.23742
1.23713
1.23662
1.2359
1.235
1.23399
1.23293
1.23193
1.23105
1.23036
1.2299
1.22967
1.22966
1.22982
1.23011
1.23047
1.23086
1.23121
1.23151
1.23174
1.23188
1.23193
1.23191
1.23183
1.23172
1.23158
1.23143
1.23126
1.23109
1.23089
1.23065
1.23035
1.22996
1.22945
1.22881
1.22802
1.22708
1.22596
1.22466
1.22317
1.22148
1.21959
1.21749
1.2152
1.21274
1.21017
1.20758
1.20514
1.20305
1.20163
1.20122
1.20215
1.20459
1.2085
1.21356
1.21927
1.22509
1.23052
1.2352
1.23888
1.24143
1.24281
1.24304
1.2422
1.24048
1.23818
1.23573
1.23359
1.23222
1.2319
1.23267
1.23432
1.23649
1.23879
1.24085
1.24242
1.24333
1.24351
1.24297
1.24175
1.23998
1.23779
1.23535
1.23281
1.23027
1.2278
1.22551
1.22357
1.22234
1.22225
1.22368
1.22667
1.23093
1.23586
1.24084
1.24536
1.2491
1.25192
1.25377
1.25468
1.2547
1.25394
1.25252
1.25062
1.24843
1.24616
1.24401
1.24213
1.24066
1.23967
1.23917
1.23911
1.23937
1.23977
1.24013
1.24025
1.24
1.23932
1.23822
1.23678
1.23517
1.23357
1.23216
1.23108
1.2304
1.23015
1.23029
1.23075
1.23144
1.23232
1.23334
1.23449
1.23575
1.23713
1.23861
1.24018
1.24177
1.24333
1.24479
1.24607
1.2471
1.24778
1.24806
1.24784
1.24702
1.24552
1.24321
1.23998
1.23576
1.23055
1.22447
1.21781
1.21096
1.20433
1.19817
1.19252
1.18735
1.18287
1.17968
1.17866
1.18045
1.18518
1.19239
1.20124
1.21075
1.21999
1.22825
1.23511
1.24039
1.24412
1.24639
1.2473
1.2469
1.24521
1.24217
1.23774
1.23198
1.22522
1.2182
1.21211
1.20825
1.20748
1.2097
1.21392
1.21889
1.22358
1.22746
1.2304
1.23253
1.23403
1.23507
1.23579
1.23624
1.23648
1.2365
1.23634
1.23602
1.23559
1.2351
1.23461
1.23419
1.23387
1.23369
1.23365
1.23373
1.23388
1.23406
1.23421
1.23429
1.23428
1.23416
1.23393
1.23364
1.23331
1.23299
1.23275
1.23265
1.23273
1.23305
1.23363
1.23446
1.23552
1.23676
1.23812
1.23955
1.241
1.24243
1.24381
1.24512
1.24635
1.24747
1.24847
1.24933
1.25003
1.25054
1.25083
1.25088
1.25068
1.2502
1.24943
1.24837
1.24701
1.24538
1.24354
1.24155
1.23951
1.2375
1.23559
1.23378
1.232
1.23011
1.22791
1.2253
1.22227
1.21903
1.21601
1.21373
1.2127
1.21315
1.21501
1.21794
1.22148
1.22522
1.22883
1.23211
1.23492
1.23718
1.23881
1.23978
1.24009
1.23978
1.23894
1.23771
1.23628
1.23488
1.23371
1.23294
1.23263
1.23276
1.23323
1.23388
1.23455
1.23509
1.23541
1.23548
1.23528
1.23485
1.23425
1.23357
1.23286
1.23219
1.23161
1.23114
1.23076
1.23045
1.23015
1.22981
1.22937
1.22876
1.22793
1.22684
1.22545
1.22372
1.22165
1.21929
1.21673
1.21412
1.21166
1.2096
1.2081
1.20727
1.20707
1.20737
1.20797
1.20869
1.20941
1.21006
1.21066
1.21124
1.21184
1.2125
1.21323
1.21403
1.21485
1.21567
1.21645
1.21715
1.21776
1.21828
1.21868
1.219
1.21921
1.21934
1.21938
1.21933
1.2192
1.21897
1.21864
1.21823
1.21774
1.21717
1.21655
1.2159
1.21521
1.21453
1.21385
1.21318
1.21254
1.21191
1.21128
1.21065
1.21
1.20931
1.20859
1.20784
1.20706
1.20629
1.20558
1.20497
1.20454
1.20435
1.20449
1.20499
1.20587
1.20708
1.20855
1.21013
1.21169
1.21312
1.21436
1.2154
1.21627
1.21704
1.21777
1.21848
1.21915
1.21971
1.22005
1.22007
1.21966
1.21875
1.2173
1.21529
1.21274
1.20972
1.20632
1.20268
1.19899
1.19547
1.19238
1.18999
1.1885
1.18808
1.18874
1.19042
1.19293
1.19605
1.19957
1.20326
1.20694
1.21049
1.21376
1.21668
1.21914
1.22104
1.22227
1.22268
1.22209
1.22026
1.21691
1.2118
1.20472
1.19571
1.18518
1.17406
1.16375
1.15592
1.15198
1.15264
1.15769
1.16607
1.17621
1.18655
1.19587
1.20348
1.20915
1.21298
1.21519
1.21608
1.21589
1.21485
1.21313
1.21086
1.20815
1.20512
1.20187
1.19856
1.19535
1.19242
1.18999
1.18825
1.18733
1.18733
1.18823
1.18994
1.1923
1.19509
1.19809
1.20109
1.20392
1.20643
1.20853
1.21016
1.21127
1.21184
1.21184
1.21128
1.21016
1.2085
1.20636
1.20387
1.2012
1.1986
1.19641
1.19494
1.19446
1.1951
1.19678
1.19925
1.20211
1.20496
1.20745
1.20935
1.21055
1.21107
1.21102
1.21054
1.20985
1.20914
1.20856
1.20823
1.20818
1.20839
1.20881
1.20933
1.20987
1.21032
1.21058
1.21058
1.21029
1.20969
1.20885
1.20788
1.20694
1.20624
1.20595
1.20624
1.20719
1.2088
1.21099
1.2136
1.21647
1.21942
1.22229
1.22498
1.22742
1.22957
1.23142
1.23299
1.23429
1.23535
1.23618
1.23678
1.23714
1.23725
1.23703
1.23645
1.23541
1.23385
1.23172
1.22901
1.22583
1.22237
1.219
1.21615
1.21427
1.21365
1.21437
1.21622
1.21882
1.22172
1.22449
1.22682
1.22854
1.22956
1.22993
1.22974
1.2291
1.22817
1.22709
1.22605
1.2252
1.22475
1.22487
1.22571
1.22732
1.22966
1.2325
1.23552
1.23827
1.24029
1.24106
1.24012
1.2371
1.23183
1.22456
1.2162
1.2084
1.20314
1.20182
1.20448
1.20992
1.21658
1.22326
1.22935
1.23467
1.23932
1.24353
1.24751
1.25142
1.25524
1.2588
1.26179
1.26386
1.26467
1.264
1.2618
1.25823
1.25369
1.24873
1.24388
1.23957
1.23596
1.23302
1.23062
1.22864
1.22701
1.22579
1.22506
1.22499
1.22572
1.22733
1.22984
1.23311
1.23696
1.24111
1.24529
1.24926
1.25283
1.25585
1.25825
1.26
1.26111
1.26162
1.26158
1.26106
1.26014
1.25889
1.25744
1.25594
1.25457
1.25353
1.25298
1.253
1.25356
1.25446
1.25544
1.25616
1.25632
1.25566
1.25407
1.25155
1.24832
1.24478
1.24147
1.23898
1.23775
1.23794
1.23936
1.24154
1.24391
1.24597
1.2474
1.24813
1.24825
1.24797
1.24745
1.24678
1.24589
1.2446
1.24264
1.23973
1.23562
1.2302
1.22358
1.21623
1.20899
1.20296
1.19913
1.19798
1.19929
1.20241
1.20668
1.21166
1.21714
1.22294
1.22881
1.23446
1.23958
1.24399
1.24759
1.2504
1.25249
1.25398
1.25499
1.25563
1.25598
1.25612
1.2561
1.25595
1.25568
1.25529
1.25477
1.25409
1.25321
1.25211
1.25074
1.24905
1.24702
1.24466
1.24198
1.23908
1.23608
1.23318
1.23059
1.2285
1.22706
1.22628
1.2261
1.22635
1.22685
1.22738
1.22777
1.22787
1.22753
1.22662
1.225
1.22253
1.21908
1.21473
1.20989
1.2055
1.20283
1.20284
1.20554
1.20985
1.21431
1.21776
1.21979
1.22052
1.22039
1.21979
1.21894
1.21792
1.21669
1.21525
1.21366
1.21203
1.2105
1.20915
1.20801
1.20702
1.20613
1.20529
1.20455
1.20401
1.20387
1.20432
1.20548
1.20735
1.20986
1.21284
1.2161
1.21947
1.22279
1.22589
1.22864
1.23091
1.23261
1.23368
1.23411
1.23391
1.23311
1.23176
1.22992
1.22766
1.22506
1.22219
1.21917
1.2161
1.21309
1.21025
1.20768
1.20548
1.20371
1.20244
1.20171
1.20153
1.20187
1.20265
1.20376
1.20502
1.20627
1.20731
1.20801
1.20825
1.20795
1.20708
1.20566
1.20378
1.20156
1.19923
1.19705
1.19528
1.19416
1.1938
1.19418
1.19517
1.19654
1.19806
1.19954
1.20085
1.20192
1.20271
1.20325
1.20356
1.20367
1.20362
1.20344
1.20315
1.20277
1.20234
1.20186
1.20135
1.20085
1.20038
1.19997
1.19966
1.19949
1.19949
1.19969
1.20012
1.20078
1.20167
1.20278
1.20409
1.20557
1.20718
1.20888
1.21063
1.2124
1.21415
1.21582
1.21737
1.21875
1.21989
1.22071
1.22112
1.22101
1.22026
1.21878
1.21646
1.21326
1.20925
1.20458
1.1996
1.19474
1.19055
1.18751
1.18599
1.18614
1.18791
1.19104
1.1951
1.19953
1.2037
1.20704
1.20908
1.20956
1.20842
1.20588
1.20241
1.19872
1.19561
1.19376
1.19345
1.19455
1.19662
1.19917
1.20183
1.20442
1.2069
1.20922
1.21133
1.21313
1.21452
1.21545
1.21594
1.21609
1.21603
1.21592
1.21584
1.21582
1.21578
1.21558
1.21507
1.21415
1.21281
1.21115
1.20941
1.20787
1.20681
1.20646
1.20689
1.20809
1.2099
1.21209
1.21437
1.21648
1.21819
1.21936
1.21993
1.21996
1.21959
1.21901
1.21843
1.21804
1.21794
1.21817
1.21865
1.21925
1.21978
1.22007
1.21996
1.2193
1.21803
1.21609
1.21355
1.21053
1.20729
1.20419
1.20167
1.20016
1.19994
1.20106
1.2033
1.20629
1.20961
1.21292
1.21595
1.21858
1.22073
1.22241
1.22363
1.22443
1.22483
1.22485
1.22454
1.2239
1.22296
1.22177
1.22036
1.21879
1.21712
1.21543
1.2138
1.2123
1.21101
1.20996
1.20915
1.20856
1.2081
1.2077
1.20725
1.20673
1.20613
1.20558
1.20529
1.20554
1.20654
1.20841
1.21108
1.2143
1.21775
1.22111
1.22416
1.22674
1.22877
1.23023
1.23108
1.23128
1.23076
1.22942
1.22716
1.22388
1.2195
1.21401
1.20755
1.20043
1.19322
1.18671
1.18186
1.17947
1.1799
1.18286
1.18755
1.19292
1.19809
1.2025
1.20594
1.2085
1.21039
1.21186
1.21314
1.21438
1.21574
1.21736
1.21937
1.22188
1.22488
1.22826
1.23179
1.23521
1.23825
1.24074
1.24254
1.24359
1.24386
1.24337
1.24218
1.24044
1.23836
1.23626
1.23444
1.23315
1.23244
1.23213
1.23189
1.23134
1.23021
1.22852
1.22652
1.22474
1.22373
1.22391
1.22533
1.22772
1.23058
1.23341
1.23581
1.23759
1.23876
1.23939
1.23966
1.23976
1.23984
1.23999
1.24021
1.24037
1.24029
1.23973
1.23849
1.23649
1.23382
1.23067
1.22728
1.22385
1.22044
1.21702
1.21362
1.21038
1.20772
1.2062
1.20642
1.20875
1.21318
1.21933
1.22655
1.23412
1.2414
1.24794
1.25346
1.25785
1.26114
1.26342
1.26484
1.26553
1.26563
1.26528
1.26458
1.26362
1.26245
1.26114
1.25973
1.25824
1.25672
1.2552
1.25369
1.25222
1.25081
1.24946
1.24816
1.2469
1.24561
1.24424
1.24273
1.24099
1.23898
1.23663
1.23395
1.23097
1.22776
1.22447
1.22125
1.21831
1.21583
1.21399
1.21289
1.21255
1.21292
1.21391
1.21536
1.21715
1.21911
1.22112
1.22308
1.22486
1.22638
1.22752
1.2282
1.22837
1.22803
1.22724
1.22612
1.22485
1.22364
1.22266
1.22204
1.22184
1.22202
1.22252
1.22321
1.22399
1.22473
1.22535
1.22578
1.22598
1.22594
1.22568
1.22524
1.2247
1.22411
1.22355
1.22308
1.22275
1.22257
1.22251
1.22251
1.2225
1.22237
1.22199
1.22124
1.22001
1.21817
1.21565
1.21244
1.20859
1.20431
1.19991
1.19582
1.19249
1.19022
1.18907
1.18883
1.18909
1.18945
1.18964
1.18956
1.1893
1.18906
1.18903
1.18935
1.19002
1.19094
1.19193
1.19286
1.1936
1.19411
1.19443
1.19463
1.19479
1.19503
1.19542
1.196
1.19677
1.19769
1.1987
1.19972
1.20066
1.20146
1.20207
1.20243
1.20251
1.20228
1.20172
1.20079
1.19945
1.19768
1.19546
1.19277
1.18965
1.1862
1.18263
1.17924
1.17644
1.17467
1.1743
1.17551
1.17817
1.18195
1.18634
1.19086
1.19511
1.19884
1.20193
1.20435
1.20611
1.20725
1.20781
1.20781
1.2073
1.20628
1.20479
1.20292
1.20078
1.1986
1.19663
1.19519
1.19454
1.19483
1.19604
1.19802
1.20048
1.20316
1.20579
1.20823
1.21038
1.2122
1.21371
1.21493
1.21594
1.21681
1.21766
1.21859
1.21974
1.22116
1.22284
1.22466
1.2264
1.22774
1.22831
1.22776
1.22572
1.22193
1.21627
1.20893
1.20052
1.19218
1.18549
1.18203
1.18274
1.18747
1.19511
1.20411
1.21308
1.22115
1.22789
1.23327
1.23738
1.24041
1.24255
1.24399
1.24489
1.2454
1.24566
1.24576
1.24576
1.24567
1.24549
1.24519
1.24476
1.24426
1.24382
1.24364
1.24392
1.24482
1.24638
1.24849
1.25093
1.25345
1.25578
1.25774
1.25922
1.26014
1.26051
1.26033
1.25966
1.25855
1.25707
1.2553
1.25333
1.25125
1.24918
1.24725
1.24561
1.24438
1.24366
1.24344
1.24358
1.24384
1.24394
1.2436
1.24265
1.24106
1.23896
1.23667
1.23458
1.23313
1.23264
1.2333
1.23503
1.23759
1.2406
1.24368
1.2465
1.24885
1.25059
1.2517
1.25222
1.25221
1.25177
1.25099
1.24997
1.24878
1.2475
1.24617
1.24486
1.24361
1.24245
1.2414
1.24047
1.23966
1.23893
1.23826
1.23763
1.23705
1.23655
1.23617
1.23598
1.23601
1.23626
1.23672
1.23733
1.23801
1.23866
1.2392
1.23958
1.23973
1.23965
1.23931
1.23874
1.23794
1.23695
1.23581
1.23453
1.23317
1.23176
1.23033
1.22893
1.22758
1.22632
1.22517
1.22415
1.22323
1.22238
1.22154
1.22059
1.21938
1.21774
1.21545
1.21228
1.20809
1.20292
1.19717
1.19167
1.18761
1.186
1.18721
1.19066
1.19516
1.1995
1.20287
1.20492
1.20569
1.20546
1.20462
1.20358
1.20274
1.20239
1.20269
1.20362
1.20506
1.20681
1.20867
1.21046
1.21206
1.21342
1.21451
1.21532
1.21588
1.21621
1.21633
1.21625
1.21598
1.21552
1.21488
1.21403
1.21298
1.21173
1.21029
1.2087
1.20701
1.20533
1.20378
1.20248
1.20154
1.20104
1.20096
1.20121
1.20163
1.202
1.20207
1.20159
1.2003
1.19802
1.19466
1.1904
1.18576
1.18171
1.1794
1.17974
1.18284
1.18796
1.19389
1.1995
1.20406
1.20728
1.20915
1.20982
1.20951
1.20845
1.20685
1.20495
1.20298
1.20114
1.1996
1.19851
1.19793
1.19785
1.19822
1.19893
1.19987
1.20093
1.20202
1.20307
1.20406
1.20494
1.20573
1.20643
1.20705
1.20759
1.20809
1.20854
1.20896
1.20936
1.20973
1.21006
1.21035
1.21059
1.21074
1.21079
1.21071
1.21047
1.21006
1.20947
1.20868
1.20772
1.2066
1.20534
1.20398
1.20255
1.20109
1.19965
1.19832
1.19721
1.19645
1.19611
1.19615
1.19637
1.19645
1.19597
1.1945
1.19175
1.18765
1.18253
1.17715
1.1727
1.17042
1.17107
1.17451
1.17988
1.18601
1.19194
1.19712
1.20137
1.20474
1.20735
1.20938
1.21096
1.21219
1.21315
1.21388
1.21441
1.21477
1.21497
1.21504
1.21498
1.21483
1.2146
1.21431
1.21399
1.21365
1.21332
1.21301
1.21273
1.21248
1.21227
1.21209
1.21193
1.21176
1.21155
1.21129
1.21094
1.21048
1.20993
1.20927
1.20853
1.20778
1.20706
1.20645
1.20603
1.20585
1.20597
1.20638
1.20709
1.20806
1.20923
1.21054
1.21195
1.2134
1.21484
1.21624
1.21756
1.2188
1.21992
1.22091
1.22176
1.22245
1.22297
1.2233
1.22344
1.22337
1.22311
1.22268
1.22211
1.22145
1.22076
1.22011
1.21952
1.21901
1.21856
1.21815
1.21774
1.21733
1.21695
1.2167
1.21668
1.217
1.21774
1.2189
1.22039
1.22204
1.22357
1.22459
1.22463
1.22314
1.21956
1.21357
1.20553
1.19698
1.19057
1.18886
1.19248
1.19967
1.20766
1.21442
1.21921
1.22219
1.22386
1.22465
1.22482
1.22447
1.22362
1.22231
1.22066
1.21881
1.21697
1.21535
1.21414
1.21352
1.21363
1.21455
1.21629
1.21878
1.22185
1.22529
1.22887
1.23239
1.2357
1.23867
1.24125
1.24342
1.24517
1.2465
1.24746
1.24804
1.24829
1.24821
1.24783
1.24716
1.24621
1.24497
1.24347
1.24168
1.23963
1.23733
1.2348
1.23209
1.22926
1.22639
1.22353
1.22076
1.2181
1.2156
1.21329
1.21121
1.20944
1.20809
1.20728
1.20716
1.20779
1.20923
1.21144
1.21429
1.21762
1.2212
1.22482
1.22828
1.23144
1.23418
1.23645
1.23825
1.23959
1.24051
1.24104
1.24125
1.24117
1.24085
1.24033
1.23965
1.23882
1.23788
1.23685
1.23575
1.23459
1.2334
1.23219
1.23099
1.22981
1.22869
1.22763
1.22666
1.22578
1.225
1.2243
1.22365
1.22303
1.22238
1.22166
1.22081
1.21978
1.21854
1.21708
1.21539
1.21352
1.21152
1.20946
1.20745
1.20558
1.20393
1.20254
1.20143
1.20056
1.19991
1.19943
1.19911
1.19899
1.19914
1.19965
1.20062
1.2021
1.20408
1.20644
1.20901
1.21155
1.2138
1.21551
1.21648
1.21652
1.21555
1.21356
1.21068
1.20717
1.20346
1.20012
1.19778
1.19698
1.19799
1.2007
1.20464
1.20917
1.21364
1.21753
1.22058
1.22267
1.22379
1.22399
1.22331
1.2218
1.21942
1.21618
1.21207
1.20716
1.20168
1.19601
1.1907
1.18632
1.18328
1.18168
1.18134
1.18194
1.18316
1.18478
1.18673
1.18897
1.19148
1.19418
1.197
1.19984
1.20261
1.20526
1.20778
1.21014
1.21236
1.21445
1.21642
1.21826
1.21997
1.22155
1.22298
1.22425
1.22535
1.22629
1.22706
1.22766
1.22811
1.22839
1.22853
1.22853
1.22839
1.22814
1.22779
1.22737
1.22689
1.2264
1.22594
1.22553
1.22519
1.22495
1.22477
1.22463
1.22445
1.22414
1.22363
1.22281
1.22163
1.22007
1.21817
1.21603
1.2138
1.21166
1.2098
1.20831
1.2072
1.20637
1.20561
1.20472
1.20355
1.20217
1.20086
1.20013
1.20051
1.20232
1.2055
1.20966
1.21426
1.2188
1.22296
1.2266
1.22973
1.23239
1.23468
1.23668
1.23843
1.23996
1.24129
1.24242
1.24333
1.244
1.2444
1.2445
1.24426
1.24366
1.24268
1.24135
1.23968
1.23776
1.23567
1.23351
1.2314
1.22947
1.22784
1.22659
1.22578
1.22538
1.2253
1.2254
1.22548
1.22536
1.2249
1.22406
1.22292
1.2217
1.22076
1.22046
1.2211
1.22275
1.22526
1.2282
1.23109
1.23342
1.23475
1.23477
1.23334
1.23054
1.22672
1.22251
1.21868
1.21588
1.21438
1.21401
1.21435
1.21508
1.21607
1.21745
1.21938
1.22196
1.22512
1.22866
1.23227
1.23567
1.23867
1.24116
1.24311
1.24457
1.24564
1.2464
1.24693
1.24727
1.24743
1.24743
1.24723
1.24684
1.24623
1.24544
1.24449
1.24346
1.24242
1.24148
1.24073
1.24025
1.2401
1.24031
1.24087
1.24176
1.24291
1.24424
1.24567
1.2471
1.24845
1.24965
1.25061
1.25129
1.25168
1.25177
1.25162
1.2513
1.25094
1.25067
1.25062
1.25089
1.25153
1.25252
1.25376
1.25509
1.25635
1.25732
1.25784
1.25776
1.25703
1.25563
1.25366
1.25129
1.24877
1.2464
1.24444
1.2431
1.24249
1.24259
1.24329
1.24443
1.24585
1.24742
1.24901
1.25053
1.25194
1.25319
1.25424
1.25509
1.25573
1.25619
1.2565
1.25672
1.2569
1.25711
1.25739
1.25778
1.2583
1.25895
1.2597
1.2605
1.26133
1.26213
1.26288
1.26354
1.26408
1.26451
1.26479
1.26492
1.26489
1.26467
1.26425
1.2636
1.26271
1.26156
1.26015
1.25851
1.2567
1.25482
1.253
1.25136
1.24998
1.24887
1.24794
1.24698
1.24578
1.24412
1.24185
1.23895
1.23552
1.23178
1.22805
1.22465
1.22192
1.22015
1.21955
1.2202
1.22204
1.22484
1.22824
1.23186
1.23536
1.23847
1.24103
1.24286
1.24384
1.24382
1.24263
1.24006
1.23587
1.22986
1.22211
1.21337
1.20536
1.20056
1.20096
1.20665
1.21572
1.22555
1.23421
1.24085
1.24544
1.24833
1.24997
1.25076
1.25102
1.25094
1.25062
1.25004
1.24917
1.24795
1.24635
1.24441
1.24219
1.23984
1.23746
1.23505
1.23251
1.22959
1.22595
1.22124
1.21523
1.20794
1.19972
1.1913
1.18371
1.17809
1.17543
1.17626
1.18047
1.18727
1.19543
1.20373
1.21124
1.21748
1.22237
1.22604
1.22874
1.23071
1.23216
1.2332
1.23393
1.23438
1.23459
1.23462
1.23452
1.2344
1.23435
1.23445
1.23476
1.23528
1.23598
1.23679
1.23762
1.2384
1.23905
1.23952
1.23979
1.23982
1.23963
1.23921
1.2386
1.23782
1.2369
1.23591
1.23491
1.23398
1.2332
1.23268
1.23249
1.2327
1.23337
1.23451
1.2361
1.23808
1.24035
1.2428
1.2453
1.2477
1.24984
1.25155
1.25266
1.25297
1.25235
1.2507
1.24805
1.24459
1.24063
1.23654
1.23259
1.22884
1.22523
1.22171
1.21857
1.21647
1.21624
1.21832
1.22244
1.22764
1.23283
1.23718
1.24037
1.24248
1.24387
1.24496
1.24618
1.24784
1.25007
1.25288
1.25607
1.25938
1.26252
1.2652
1.26724
1.26853
1.26911
1.26909
1.26865
1.26804
1.26749
1.26716
1.26715
1.26747
1.26803
1.26869
1.26931
1.26978
1.26999
1.26992
1.26957
1.26897
1.26821
1.26738
1.26656
1.26585
1.26531
1.26498
1.26486
1.26492
1.26513
1.26543
1.26575
1.26603
1.26619
1.26617
1.26589
1.26529
1.26433
1.26301
1.26139
1.25957
1.25775
1.25614
1.25499
1.25452
1.25485
1.25598
1.25776
1.25995
1.26226
1.2644
1.26612
1.26727
1.26777
1.26761
1.26684
1.26559
1.264
1.26226
1.26052
1.25895
1.25764
1.25665
1.25598
1.25558
1.25538
1.25532
1.25536
1.25548
1.25567
1.25595
1.25632
1.25672
1.25706
1.25721
1.257
1.25624
1.2548
1.25261
1.24971
1.24629
1.24265
1.23922
1.23647
1.23478
1.23435
1.23511
1.23675
1.23885
1.24094
1.24264
1.24372
1.24407
1.24369
1.24266
1.24116
1.23939
1.23758
1.23593
1.2346
1.2337
1.23324
1.23316
1.23336
1.23375
1.23422
1.23468
1.23506
1.23531
1.23538
1.23524
1.23486
1.23422
1.23331
1.23215
1.23074
1.22912
1.22734
1.22545
1.2235
1.22153
1.21958
1.21768
1.21586
1.21415
1.21257
1.21117
1.21001
1.20915
1.20865
1.20851
1.20872
1.20922
1.20994
1.2108
1.21175
1.21274
1.21376
1.2148
1.21585
1.21687
1.21782
1.21864
1.21927
1.21964
1.2197
1.21938
1.21865
1.21748
1.21584
1.21372
1.21112
1.20806
1.20459
1.20077
1.19673
1.19265
1.18872
1.18519
1.1823
1.18025
1.17921
1.17926
1.18036
1.18241
1.18521
1.18853
1.19211
1.19569
1.19906
1.20206
1.2046
1.20662
1.20812
1.20912
1.20965
1.20976
1.20947
1.20881
1.20778
1.20638
1.20461
1.20248
1.20003
1.19739
1.19472
1.1923
1.19042
1.18935
1.18929
1.19025
1.1921
1.19455
1.19727
1.19993
1.20228
1.20414
1.20547
1.20628
1.20667
1.20678
1.20675
1.20675
1.20686
1.20717
1.20768
1.20836
1.20914
1.20994
1.2107
1.21135
1.21184
1.21211
1.21214
1.21185
1.21123
1.21025
1.20895
1.20742
1.2058
1.20429
1.2031
1.20241
1.20234
1.2029
1.20403
1.20561
1.2075
1.20957
1.21174
1.21394
1.21614
1.21832
1.22044
1.22249
1.22442
1.2262
1.22777
1.22909
1.23012
1.23081
1.23112
1.23102
1.23046
1.22943
1.22791
1.22588
1.22339
1.22047
1.21719
1.21364
1.2099
1.20607
1.20228
1.19869
1.19554
1.19308
1.19147
1.19067
1.19046
1.1905
1.1906
1.19081
1.19152
1.19319
1.1961
1.20008
1.20458
1.20889
1.21241
1.21482
1.21609
1.2164
1.21604
1.21536
1.21464
1.2141
1.21384
1.21379
1.2138
1.21365
1.21312
1.21205
1.21042
1.20836
1.20618
1.20434
1.20333
1.20347
1.20484
1.2072
1.21007
1.21295
1.21542
1.21721
1.21822
1.21846
1.21801
1.21696
1.21544
1.21356
1.21144
1.20918
1.20688
1.20464
1.20255
1.20071
1.19917
1.19797
1.19713
1.19664
1.19646
1.1966
1.19704
1.19779
1.19887
1.20028
1.202
1.20399
1.20616
1.20837
1.21052
1.2125
1.21424
1.21569
1.21686
1.21776
1.21843
1.21892
1.21924
1.21944
1.21952
1.21951
1.21941
1.21921
1.21894
1.21857
1.21813
1.21762
1.21705
1.21642
1.21576
1.21507
1.21437
1.21368
1.21298
1.21229
1.21157
1.21079
1.2099
1.20884
1.20754
1.20595
1.20405
1.20184
1.19938
1.19675
1.1941
1.19159
1.18938
1.18763
1.18642
1.18581
1.1858
1.18633
1.18735
1.18877
1.19052
1.19252
1.19468
1.19695
1.19925
1.20151
1.20367
1.20568
1.20747
1.209
1.21024
1.21117
1.21176
1.21202
1.21195
1.21156
1.21089
1.20996
1.20884
1.20761
1.20636
1.20519
1.20418
1.20341
1.2029
1.20266
1.20263
1.20276
1.20298
1.20324
1.20349
1.20373
1.20397
1.20422
1.2045
1.20483
1.20525
1.20576
1.20638
1.20712
1.20802
1.20907
1.21029
1.21166
1.21318
1.21479
1.21645
1.21813
1.21976
1.22132
1.22278
1.22412
1.22534
1.22644
1.22744
1.22834
1.22914
1.22986
1.23049
1.23102
1.23145
1.23175
1.23192
1.23194
1.2318
1.23149
1.23101
1.23037
1.22955
1.22852
1.22725
1.22568
1.2238
1.2216
1.21922
1.21692
1.21508
1.21413
1.21438
1.21589
1.21841
1.22152
1.22476
1.22779
1.23043
1.23266
1.23456
1.23623
1.2378
1.23932
1.24083
1.24233
1.24377
1.2451
1.24628
1.24727
1.24807
1.24868
1.24913
1.24945
1.24967
1.24982
1.24991
1.24995
1.24993
1.24985
1.24969
1.24945
1.24914
1.24876
1.24835
1.24794
1.24757
1.24729
1.24712
1.24711
1.24725
1.24756
1.248
1.24855
1.24918
1.24984
1.25053
1.2512
1.25185
1.25247
1.25306
1.2536
1.2541
1.25455
1.25495
1.25529
1.25554
1.2557
1.25573
1.25561
1.25531
1.25479
1.25401
1.25294
1.25152
1.24974
1.24758
1.24506
1.24222
1.23917
1.23607
1.23311
1.23048
1.22835
1.22683
1.22595
1.22572
1.22615
1.2273
1.22922
1.23196
1.23546
1.23953
1.24388
1.24819
1.25212
1.25544
1.25799
1.25969
1.26049
1.2604
1.25938
1.25743
1.25457
1.25085
1.24638
1.2414
1.23624
1.23133
1.22713
1.22407
1.22249
1.22259
1.22439
1.22775
1.23236
1.23783
1.24368
1.24948
1.25486
1.25955
1.26339
1.2663
1.26826
1.26928
1.26942
1.26872
1.26725
1.26509
1.26237
1.25922
1.25583
1.2524
1.24914
1.24625
1.24386
1.24209
1.24098
1.24053
1.24071
1.24142
1.24249
1.24376
1.24505
1.2462
1.24713
1.24783
1.24831
1.24865
1.24893
1.2492
1.24951
1.24982
1.25011
1.25027
1.25021
1.24981
1.24899
1.24769
1.24589
1.24365
1.24106
1.2383
1.23557
1.23309
1.23105
1.2296
1.22877
1.22851
1.22867
1.22904
1.22939
1.22951
1.2293
1.22873
1.22792
1.22707
1.22641
1.22611
1.22626
1.22676
1.22745
1.22811
1.22858
1.22876
1.22866
1.22833
1.22789
1.22745
1.2271
1.22692
1.2269
1.22702
1.22721
1.2274
1.22752
1.2275
1.2273
1.22689
1.22628
1.22546
1.22448
1.22339
1.22227
1.22122
1.22034
1.21973
1.21946
1.21955
1.21995
1.22051
1.221
1.22112
1.22052
1.21881
1.21572
1.21116
1.20548
1.19966
1.19515
1.19339
1.19497
1.19933
1.20508
1.21084
1.21571
1.21936
1.22183
1.22335
1.22415
1.22447
1.22448
1.2243
1.22404
1.22373
1.22343
1.22312
1.22278
1.22235
1.22173
1.22079
1.2194
1.21746
1.21493
1.21196
1.20891
1.20636
1.20502
1.20542
1.20771
1.2115
1.21611
1.22079
1.22496
1.22829
1.23067
1.23209
1.23263
1.23241
1.23154
1.23015
1.22839
1.22641
1.22439
1.22245
1.22067
1.21906
1.21757
1.21612
1.21467
1.21319
1.21177
1.2105
1.2095
1.20886
1.20862
1.20877
1.20927
1.21009
1.21122
1.21266
1.21439
1.21634
1.21841
1.22044
1.22229
1.22385
1.22502
1.2258
1.22619
1.22627
1.22612
1.22582
1.22541
1.22486
1.22408
1.22287
1.22099
1.21824
1.21458
1.21025
1.2059
1.20244
1.20087
1.2018
1.20527
1.21068
1.21706
1.2234
1.22885
1.2329
1.23535
1.23623
1.23575
1.23417
1.23183
1.22907
1.22625
1.22374
1.22186
1.22092
1.22111
1.2225
1.22499
1.22835
1.23225
1.23633
1.24029
1.24387
1.24691
1.24933
1.25108
1.25215
1.25249
1.2521
1.25091
1.24883
1.24581
1.24177
1.2368
1.23112
1.22523
1.21973
1.21518
1.21174
1.20911
1.20675
1.2043
1.20188
1.20014
1.19985
1.2015
1.20506
1.21005
1.21579
1.22165
1.22711
1.23181
1.23552
1.23815
1.23972
1.24031
1.24007
1.23915
1.2377
1.23584
1.23369
1.23133
1.22887
1.22638
1.22397
1.22174
1.21979
1.2182
1.21699
1.21616
1.21563
1.21529
1.21501
1.2147
1.21428
1.21379
1.21329
1.21294
1.21288
1.21324
1.21407
1.21528
1.21672
1.2181
1.21918
1.21971
1.21959
1.21886
1.21775
1.21665
1.216
1.2162
1.21743
1.21962
1.22247
1.22558
1.22856
1.2311
1.23303
1.23428
1.23486
1.23483
1.2343
1.23338
1.23219
1.23087
1.22953
1.22828
1.22723
1.22643
1.22594
1.22576
1.22586
1.2262
1.22672
1.22735
1.22802
1.22867
1.22927
1.22977
1.23017
1.23042
1.23054
1.23049
1.23026
1.22984
1.22919
1.22827
1.22706
1.2255
1.22357
1.22126
1.21862
1.21572
1.21273
1.20982
1.2072
1.205
1.20328
1.202
1.20104
1.20029
1.19967
1.19917
1.19884
1.19876
1.19905
1.19982
1.20113
1.20297
1.20525
1.2078
1.21038
1.2128
1.21488
1.21651
1.21765
1.21828
1.21842
1.21809
1.21731
1.21609
1.21442
1.21229
1.20969
1.20663
1.20315
1.19936
1.19545
1.19171
1.18843
1.18591
1.18433
1.18372
1.18395
1.1848
1.186
1.18733
1.1886
1.18968
1.19049
1.19099
1.19115
1.19096
1.19045
1.18966
1.18863
1.18745
1.18619
1.18497
1.18389
1.18303
1.18248
1.18226
1.1824
1.18286
1.18357
1.18445
1.18542
1.18637
1.18723
1.18792
1.1884
1.18863
1.18858
1.18826
1.18769
1.18689
1.18594
1.18489
1.18383
1.18284
1.18195
1.18118
1.18047
1.17973
1.17885
1.1777
1.1762
1.17437
1.17229
1.17016
1.16823
1.16677
1.166
1.16606
1.16699
1.16873
1.17116
1.17412
1.17737
1.18067
1.18378
1.1865
1.18867
1.19022
1.1911
1.19135
1.19104
1.19031
1.18936
1.18844
1.18779
1.18764
1.1881
1.18919
1.1908
1.19274
1.1948
1.1968
1.19861
1.20013
1.20135
1.20226
1.20287
1.20322
1.20333
1.20322
1.20292
1.20243
1.20176
1.20094
1.19998
1.19889
1.1977
1.19645
1.19519
1.194
1.19296
1.19218
1.1918
1.19191
1.19261
1.19394
1.19584
1.19825
1.201
1.20395
1.20693
1.20981
1.2125
1.21492
1.21703
1.21881
1.22026
1.2214
1.22227
1.22291
1.22341
1.22381
1.22417
1.22454
1.22493
1.22534
1.22577
1.22619
1.22659
1.22693
1.2272
1.22735
1.22734
1.22712
1.22665
1.22592
1.22491
1.22366
1.22218
1.22052
1.21869
1.21669
1.21446
1.2118
1.20835
1.20349
1.19641
1.18656
1.17456
1.16329
1.15759
1.16109
1.1728
1.18801
1.20227
1.2135
1.22157
1.22722
1.23129
1.23443
1.23705
1.23937
1.24149
1.24342
1.2451
1.24649
1.24754
1.24819
1.2484
1.24815
1.24744
1.24626
1.24466
1.24267
1.24037
1.23783
1.23509
1.23217
1.22905
1.22563
1.22181
1.21754
1.21282
1.2078
1.20277
1.19813
1.19432
1.1917
1.19045
1.1905
1.19155
1.19317
1.19498
1.1968
1.19873
1.20117
1.20457
1.2092
1.21493
1.22127
1.2276
1.23338
1.23826
1.24214
1.24507
1.24719
1.24865
1.24963
1.25023
1.25054
1.2506
1.25038
1.24984
1.24888
1.2474
1.24531
1.24256
1.23925
1.23571
1.23245
1.23011
1.22924
1.23
1.23204
1.23467
1.23709
1.23865
1.23894
1.2378
1.23531
1.23175
1.22758
1.2235
1.22029
1.21867
1.21906
1.22141
1.22522
1.22978
1.23443
1.23863
1.24208
1.24466
1.24632
1.24711
1.24705
1.24621
1.24464
1.24242
1.23965
1.23644
1.23291
1.22919
1.22543
1.2219
1.21897
1.21712
1.21671
1.2178
1.22004
1.22281
1.22548
1.22759
1.22895
1.22958
1.22965
1.2294
1.22905
1.22881
1.22881
1.2291
1.22963
1.23032
1.23105
1.2317
1.23218
1.23244
1.23244
1.23219
1.2317
1.23103
1.23021
1.2293
1.22839
1.22757
1.22694
1.2266
1.22662
1.22703
1.22779
1.22882
1.22999
1.23114
1.23213
1.23287
1.23331
1.23346
1.23342
1.23336
1.23347
1.23393
1.23483
1.23617
1.23778
1.23938
1.24063
1.24121
1.24082
1.23925
1.2364
1.23235
1.22736
1.22193
1.21676
1.21257
1.2099
1.209
1.20972
1.21165
1.21427
1.21704
1.21955
1.22151
1.22276
1.22329
1.22318
1.22256
1.22159
1.22041
1.21911
1.21777
1.21645
1.21521
1.21408
1.21314
1.21243
1.21204
1.21202
1.21243
1.21328
1.21455
1.21614
1.21796
1.21986
1.22171
1.2234
1.22486
1.22605
1.22695
1.22757
1.22793
1.22805
1.22797
1.22771
1.22731
1.22678
1.22615
1.22545
1.22471
1.22394
1.22317
1.22241
1.22169
1.221
1.22035
1.21971
1.2191
1.21849
1.21791
1.21734
1.21681
1.21633
1.21592
1.21564
1.2155
1.21558
1.21588
1.21642
1.21714
1.21798
1.21882
1.21952
1.21994
1.21996
1.21945
1.21832
1.21649
1.21397
1.21085
1.20738
1.20398
1.20122
1.19961
1.19948
1.20084
1.20339
1.20667
1.21025
1.21381
1.21715
1.22017
1.22281
1.22506
1.22687
1.22824
1.22914
1.22954
1.22943
1.22882
1.2277
1.2261
1.22405
1.22159
1.21879
1.21574
1.21256
1.20937
1.20629
1.20343
1.20087
1.1987
1.19698
1.19583
1.1954
1.19584
1.19725
1.1996
1.20266
1.20604
1.20925
1.21183
1.2134
1.21374
1.21281
1.21075
1.20795
1.20495
1.20234
1.20061
1.19993
1.20017
1.20093
1.20184
1.20262
1.2032
1.20367
1.20416
1.20477
1.20553
1.20639
1.20723
1.20794
1.20843
1.20864
1.20858
1.20826
1.20773
1.20705
1.20629
1.2055
1.20474
1.20403
1.20341
1.20289
1.20246
1.20212
1.20187
1.20167
1.20152
1.20142
1.20135
1.20133
1.20135
1.20143
1.20159
1.20184
1.2022
1.20267
1.20327
1.20399
1.20484
1.20581
1.20688
1.20805
1.20929
1.21058
1.21189
1.2132
1.21447
1.21569
1.21684
1.2179
1.21885
1.2197
1.22043
1.22106
1.22159
1.22203
1.22241
1.22274
1.22305
1.22337
1.22372
1.22411
1.22456
1.22504
1.22553
1.22599
1.22635
1.22658
1.22663
1.22649
1.22618
1.22576
1.22534
1.22506
1.22508
1.22557
1.22664
1.22836
1.2307
1.23357
1.23682
1.24026
1.24373
1.24706
1.25014
1.25289
1.25526
1.25722
1.25876
1.25988
1.26057
1.26082
1.2606
1.25984
1.25844
1.25624
1.25302
1.24855
1.2426
1.23505
1.22607
1.21623
1.20663
1.19881
1.19428
1.19393
1.19766
1.2045
1.21309
1.22219
1.23092
1.23877
1.24549
1.25101
1.2554
1.25879
1.26136
1.26329
1.26474
1.26583
1.26663
1.26715
1.26738
1.26728
1.26682
1.26598
1.26477
1.26321
1.26134
1.25922
1.25695
1.25464
1.25244
1.25051
1.24899
1.24799
1.2475
1.24746
1.24772
1.24811
1.24851
1.24886
1.24916
1.24947
1.24989
1.25048
1.2513
1.25235
1.25359
1.25499
1.2565
1.25807
1.25966
1.26124
1.26278
1.26424
1.26559
1.26677
1.26773
1.26841
1.26875
1.26867
1.26812
1.26706
1.26548
1.26341
1.26092
1.25814
1.25521
1.25229
1.24954
1.24708
1.24502
1.24341
1.24222
1.24136
1.24066
1.23986
1.23872
1.23703
1.23469
1.23176
1.22848
1.22525
1.2226
1.22096
1.22054
1.22123
1.22259
1.22409
1.22525
1.22579
1.22573
1.22531
1.22492
1.22497
1.22565
1.22688
1.22835
1.22963
1.2304
1.23052
1.23007
1.22929
1.22849
1.22796
1.22787
1.22821
1.22885
1.22958
1.23021
1.23057
1.23059
1.23024
1.22954
1.22852
1.22721
1.22567
1.22398
1.22226
1.22069
1.21943
1.21865
1.2184
1.21863
1.21919
1.21988
1.22049
1.22084
1.22082
1.22035
1.21941
1.21802
1.21621
1.21401
1.21143
1.2085
1.20523
1.20159
1.19758
1.19319
1.1884
1.18327
1.17791
1.17252
1.16743
1.16306
1.15991
1.15842
1.15878
1.16081
1.16398
1.16751
1.17065
1.17286
1.1739
1.17385
1.17312
1.17235
1.17223
1.17328
1.17565
1.17913
1.18323
1.18742
1.19127
1.19456
1.1972
1.1992
1.20065
1.20162
1.20221
1.20248
1.20248
1.20222
1.20174
1.20104
1.20012
1.19897
1.19762
1.19608
1.19437
1.19252
1.19056
1.1885
1.18631
1.18392
1.18122
1.17805
1.17424
1.16972
1.16453
1.1589
1.15333
1.14847
1.14498
1.14331
1.14351
1.14519
1.14775
1.15054
1.1531
1.15525
1.15699
1.15847
1.15988
1.16136
1.16295
1.16465
1.16639
1.16806
1.16958
1.17088
1.17192
1.1727
1.17322
1.17351
1.1736
1.17353
1.17332
1.17302
1.17265
1.17225
1.17183
1.17143
1.17106
1.17073
1.17046
1.17025
1.1701
1.16998
1.1699
1.16984
1.16977
1.16967
1.16954
1.16934
1.16908
1.16873
1.16829
1.16775
1.1671
1.16634
1.16548
1.16452
1.16347
1.16237
1.16124
1.16013
1.15907
1.15811
1.15726
1.15652
1.15586
1.15521
1.15448
1.15361
1.15253
1.15129
1.15002
1.14894
1.14835
1.14851
1.14957
1.1515
1.1541
1.15708
1.16012
1.163
1.16556
1.16774
1.16953
1.17096
1.17208
1.17292
1.1735
1.17383
1.17391
1.17373
1.17325
1.17246
1.17133
1.1699
1.16821
1.1664
1.16462
1.1631
1.16205
1.1616
1.16181
1.16262
1.16385
1.1653
1.16678
1.16814
1.16929
1.17019
1.17088
1.17142
1.17188
1.17237
1.17297
1.17376
1.17478
1.17602
1.17746
1.17904
1.18066
1.18226
1.18375
1.18509
1.18622
1.18712
1.18776
1.18813
1.18822
1.18799
1.18741
1.18645
1.18507
1.18324
1.18098
1.17838
1.17566
1.17315
1.17129
1.17046
1.17091
1.17258
1.17516
1.17817
1.18113
1.18368
1.18562
1.1869
1.18761
1.1879
1.18798
1.18804
1.18827
1.1888
1.18973
1.19105
1.19271
1.19457
1.19649
1.1983
1.1998
1.20085
1.20132
1.20116
1.20037
1.19908
1.19749
1.19586
1.19448
1.19359
1.19327
1.19351
1.19419
1.19516
1.19631
1.19758
1.19898
1.20056
1.20233
1.2043
1.2064
1.20851
1.21048
1.21216
1.21338
1.21403
1.21401
1.21325
1.21176
1.20953
1.20664
1.2032
1.19938
1.19543
1.19164
1.18832
1.18577
1.18421
1.18375
1.18436
1.18591
1.18817
1.19089
1.19382
1.19678
1.19962
1.20223
1.20455
1.20649
1.20802
1.2091
1.20972
1.20995
1.20987
1.20959
1.20928
1.20908
1.20908
1.20935
1.20986
1.21056
1.21133
1.21206
1.21266
1.21308
1.2133
1.21338
1.21339
1.21345
1.21367
1.21415
1.21491
1.21593
1.21714
1.21839
1.21956
1.22051
1.22112
1.22134
1.22113
1.22052
1.21957
1.21838
1.21707
1.21573
1.21447
1.21332
1.2123
1.21137
1.21047
1.2095
1.20838
1.207
1.20531
1.20328
1.20101
1.19871
1.19669
1.19534
1.19499
1.1958
1.1977
1.20037
1.20338
1.20629
1.2088
1.21075
1.21215
1.21311
1.21374
1.21414
1.2143
1.21419
1.21375
1.21298
1.21191
1.21068
1.20945
1.20842
1.20777
1.20762
1.20803
1.20897
1.21035
1.21202
1.21383
1.21563
1.21727
1.21865
1.2197
1.22035
1.22059
1.22039
1.21973
1.21862
1.21704
1.21497
1.21238
1.20923
1.20549
1.2011
1.19607
1.19042
1.1843
1.17798
1.17193
1.16677
1.16319
1.16178
1.16282
1.16614
1.17115
1.17703
1.18299
1.1884
1.19293
1.19643
1.19893
1.20054
1.2014
1.20168
1.20151
1.20101
1.2003
1.19945
1.19854
1.19763
1.19678
1.19603
1.1954
1.19491
1.19458
1.1944
1.19435
1.1944
1.19451
1.19464
1.19474
1.19476
1.19465
1.19439
1.19396
1.19337
1.19265
1.19182
1.19094
1.19003
1.18909
1.18806
1.18685
1.18533
1.18336
1.18085
1.17782
1.17442
1.171
1.16807
1.16616
1.16565
1.16662
1.1688
1.17172
1.17486
1.1778
1.18034
1.1824
1.18405
1.1854
1.18658
1.18772
1.1889
1.19017
1.19155
1.19302
1.19454
1.19608
1.19757
1.19897
1.20023
1.20131
1.20215
1.20271
1.20293
1.20277
1.20216
1.20109
1.19953
1.19753
1.19517
1.19262
1.19012
1.18795
1.18639
1.18568
1.18592
1.18714
1.18921
1.19193
1.19504
1.19825
1.20128
1.2039
1.20597
1.20739
1.20813
1.20822
1.2077
1.20667
1.20523
1.2035
1.20162
1.19971
1.19791
1.19634
1.19509
1.19421
1.19371
1.19356
1.19371
1.19407
1.19458
1.19514
1.19569
1.19618
1.19657
1.19683
1.19695
1.19693
1.19677
1.19649
1.19611
1.19567
1.19519
1.19473
1.19434
1.19404
1.1939
1.19395
1.19422
1.19473
1.19549
1.19649
1.19769
1.19903
1.20043
1.20182
1.2031
1.20417
1.20495
1.20535
1.20532
1.20484
1.20392
1.20268
1.20131
1.20008
1.19929
1.19918
1.19983
1.20106
1.20246
1.20343
1.20325
1.20115
1.19645
1.18892
1.17934
1.17003
1.16442
1.16511
1.17183
1.18166
1.19132
1.19883
1.20363
1.20601
1.2065
1.20565
1.20393
1.20172
1.19933
1.19707
1.19517
1.19382
1.19309
1.19294
1.19315
1.1934
1.19328
1.19242
1.19055
1.18762
1.18386
1.17974
1.17595
1.17333
1.17272
1.1747
1.17933
1.18596
1.19345
1.20064
1.20669
1.21121
1.21418
1.21579
1.2163
1.21597
1.21506
1.21375
1.21224
1.21068
1.2092
1.2079
1.20688
1.20617
1.20577
1.20566
1.20577
1.20604
1.2064
1.2068
1.20721
1.2076
1.20796
1.20828
1.20856
1.20879
1.20897
1.2091
1.20918
1.20921
1.2092
1.20913
1.20902
1.20884
1.20857
1.20814
1.20747
1.20642
1.20487
1.20264
1.19961
1.19576
1.1912
1.18623
1.18134
1.17712
1.17413
1.17282
1.17346
1.17605
1.18025
1.18548
1.19103
1.19628
1.20087
1.20466
1.20769
1.21006
1.21186
1.21317
1.21403
1.21449
1.21456
1.21428
1.21369
1.21283
1.21176
1.21056
1.20929
1.20807
1.20699
1.20616
1.20563
1.20545
1.20558
1.20596
1.20647
1.20703
1.20752
1.20786
1.208
1.2079
1.20753
1.20688
1.20598
1.20485
1.20359
1.20229
1.20112
1.20023
1.19976
1.19978
1.20028
1.20116
1.20229
1.20349
1.2046
1.20552
1.20619
1.20662
1.20687
1.20704
1.20722
1.20755
1.20812
1.20902
1.21029
1.21192
1.21389
1.21613
1.21855
1.22106
1.22357
1.22601
1.2283
1.23038
1.23221
1.23374
1.23494
1.23573
1.23608
1.23591
1.23515
1.23374
1.23166
1.22895
1.22578
1.2225
1.21959
1.21754
1.21675
1.21725
1.21872
1.22059
1.22223
1.22314
1.22316
1.22244
1.2214
1.22062
1.22057
1.22139
1.22284
1.22436
1.22534
1.22528
1.22397
1.22157
1.21849
1.21534
1.21263
1.21062
1.20935
1.20883
1.20922
1.21084
1.21396
1.21848
1.22388
1.22941
1.23434
1.23821
1.24089
1.24251
1.24338
1.2439
1.24446
1.24534
1.24663
1.24826
1.24997
1.25148
1.2525
1.25285
1.2524
1.25113
1.24907
1.24632
1.24302
1.23935
1.23558
1.23198
1.22883
1.22634
1.22465
1.22378
1.22365
1.22411
1.225
1.22614
1.22739
1.22861
1.22971
1.23061
1.23126
1.23165
1.23183
1.23186
1.23187
1.23197
1.23232
1.23302
1.23417
1.23576
1.23776
1.24004
1.24243
1.24477
1.24684
1.24847
1.24951
1.24982
1.24932
1.24797
1.24582
1.24296
1.2396
1.23603
1.2326
1.22966
1.22751
1.22632
1.2261
1.22669
1.22781
1.22911
1.23027
1.23104
1.23128
1.23098
1.23022
1.22913
1.22787
1.22653
1.22517
1.22375
1.22225
1.22064
1.21901
1.21757
1.21665
1.21663
1.21777
1.22009
1.22337
1.22719
1.2311
1.23476
1.23793
1.24051
1.24247
1.24376
1.24433
1.24406
1.2429
1.24078
1.23778
1.23407
1.22995
1.2258
1.22201
1.2189
1.21663
1.21518
1.21442
1.21415
1.21427
1.21478
1.2158
1.21745
1.21979
1.22267
1.22585
1.22897
1.23173
1.23393
1.23547
1.23635
1.23662
1.23637
1.23573
1.23477
1.2336
1.23228
1.23086
1.22934
1.22773
1.22599
1.2241
1.22205
1.21988
1.21771
1.21572
1.21417
1.21328
1.21324
1.21406
1.21563
1.21772
1.22004
1.22229
1.22424
1.2257
1.22652
1.22666
1.22611
1.22497
1.22343
1.22181
1.22047
1.21974
1.21981
1.22069
1.22216
1.2239
1.22557
1.2269
1.22774
1.22803
1.22782
1.22719
1.22625
1.22512
1.22393
1.22276
1.22168
1.22074
1.21993
1.21922
1.21856
1.21789
1.21714
1.21624
1.21516
1.21388
1.21244
1.21092
1.20947
1.20828
1.20758
1.20753
1.2082
1.20955
1.21139
1.21346
1.21547
1.21714
1.2183
1.21883
1.2187
1.21793
1.21661
1.21484
1.21277
1.21054
1.20828
1.2061
1.20411
1.20235
1.20086
1.1996
1.19856
1.19768
1.19692
1.19628
1.19577
1.19546
1.19547
1.1959
1.19683
1.19828
1.20016
1.20233
1.20462
1.20684
1.20888
1.21062
1.21205
1.21315
1.21395
1.21448
1.21479
1.2149
1.21483
1.21458
1.21415
1.21348
1.21252
1.21119
1.2094
1.20707
1.20417
1.20079
1.19719
1.19381
1.19126
1.19009
1.19063
1.19281
1.19617
1.20011
1.20405
1.20762
1.21063
1.21303
1.21488
1.21629
1.21735
1.21818
1.21884
1.21942
1.21996
1.22051
1.22108
1.22169
1.22236
1.22307
1.22383
1.22462
1.22543
1.22623
1.22702
1.22778
1.22848
1.22911
1.22968
1.23017
1.23061
1.23101
1.23139
1.23181
1.23232
1.23296
1.2338
1.23489
1.23626
1.23793
1.23984
1.24194
1.24411
1.24621
1.2481
1.24963
1.2507
1.25121
1.25112
1.25046
1.24931
1.24784
1.24628
1.24485
1.24374
1.24303
1.24265
1.24234
1.24169
1.24021
1.23744
1.23309
1.2272
1.22029
1.21338
1.20784
1.20499
1.20556
1.2094
1.21557
1.22279
1.22989
1.23613
1.24117
1.24496
1.24763
1.24938
1.2504
1.25085
1.25086
1.25057
1.25006
1.24941
1.2487
1.24798
1.2473
1.24667
1.24611
1.24562
1.2452
1.24483
1.24447
1.24413
1.24376
1.24334
1.24288
1.24233
1.2417
1.24096
1.2401
1.23911
1.23798
1.23676
1.23547
1.23422
1.23309
1.2322
1.23158
1.23124
1.23108
1.231
1.23092
1.23086
1.23092
1.2313
1.23218
1.23361
1.23546
1.23749
1.23942
1.24102
1.24222
1.24306
1.24365
1.2441
1.24445
1.24458
1.24428
1.24322
1.24105
1.23749
1.23244
1.22605
1.21883
1.21159
1.20526
1.20059
1.19789
1.19705
1.19767
1.19935
1.20167
1.20432
1.20697
1.20934
1.2112
1.21241
1.21296
1.21298
1.21274
1.21258
1.21283
1.21371
1.21524
1.21718
1.21914
1.22058
1.22102
1.22011
1.21773
1.21414
1.21005
1.20657
1.20489
1.20572
1.20886
1.21333
1.21788
1.2215
1.22367
1.22425
1.22341
1.22148
1.21891
1.2162
1.21386
1.21229
1.21175
1.21222
1.21347
1.21514
1.21682
1.2182
1.21908
1.21939
1.21919
1.21863
1.21794
1.2174
1.21723
1.2176
1.21854
1.21997
1.22171
1.22354
1.22524
1.22664
1.22761
1.2281
1.22808
1.22757
1.22666
1.22544
1.22406
1.22267
1.2214
1.22035
1.21959
1.21911
1.21889
1.21892
1.21916
1.21963
1.22034
1.22128
1.22242
1.22367
1.22495
1.22619
1.2274
1.22865
1.23008
1.23179
1.23384
1.23614
1.23852
1.2407
1.24242
1.24348
1.24373
1.24313
1.24171
1.2396
1.23695
1.23395
1.23078
1.22759
1.22454
1.22184
1.21986
1.21904
1.21978
1.22216
1.22578
1.2299
1.23371
1.23657
1.23819
1.23859
1.23802
1.23687
1.23561
1.23467
1.23443
1.23514
1.23687
1.23957
1.24303
1.24701
1.25123
1.25545
1.25948
1.26318
1.26647
1.26926
1.27153
1.27323
1.27429
1.27467
1.27427
1.27304
1.27091
1.26787
1.26397
1.2594
1.25445
1.24952
1.245
1.24118
1.23816
1.23588
1.23416
1.23279
1.23158
1.2304
1.22916
1.22785
1.22661
1.22565
1.2253
1.22583
1.2274
1.22994
1.2332
1.23682
1.24042
1.2437
1.24648
1.24869
1.25032
1.25143
1.25209
1.25239
1.25241
1.2522
1.25184
1.25137
1.25083
1.25024
1.24964
1.24904
1.24844
1.24787
1.24732
1.24679
1.2463
1.24583
1.24537
1.24492
1.24447
1.24399
1.24347
1.24287
1.24216
1.24129
1.24021
1.23885
1.23717
1.23511
1.23267
1.22988
1.22689
1.22393
1.22138
1.21968
1.21922
1.22027
1.22282
1.22661
1.23118
1.23601
1.24067
1.24487
1.24847
1.25147
1.25398
1.25617
1.25822
1.26031
1.26254
1.26496
1.26751
1.27004
1.27237
1.2743
1.27563
1.27618
1.27578
1.2743
1.27164
1.26774
1.26259
1.25629
1.2491
1.24143
1.23394
1.22737
1.22243
1.21947
1.21845
1.21895
1.2205
1.22289
1.22623
1.23071
1.23628
1.24249
1.2487
1.25424
1.25872
1.26195
1.26396
1.26489
1.26492
1.2643
1.26328
1.26218
1.26132
1.26105
1.26164
1.26321
1.26568
1.2688
1.27225
1.27571
1.27895
1.28183
1.28428
1.2863
1.2879
1.2891
1.28994
1.29043
1.29059
1.29043
1.28996
1.28916
1.28803
1.28653
1.28461
1.28221
1.27926
1.2757
1.27156
1.26696
1.26225
1.25794
1.25467
1.25302
1.25322
1.25504
1.25787
1.26096
1.26373
1.26596
1.26779
1.2696
1.27183
1.27474
1.27833
1.28233
1.28641
1.29025
1.29363
1.29646
1.29869
1.30033
1.30137
1.3018
1.30163
1.30089
1.29966
1.29806
1.29626
1.29447
1.29285
1.29149
1.29038
1.28943
1.28846
1.28727
1.28573
1.28373
1.28126
1.27838
1.27517
1.27178
1.26841
1.26528
1.26261
1.2606
1.25937
1.2589
1.259
1.25936
1.25963
1.2595
1.25883
1.25769
1.25642
1.25554
1.2556
1.25707
1.26009
1.26448
1.26973
1.27516
1.28004
1.28372
1.28568
1.2856
1.2834
1.27939
1.27442
1.26986
1.26721
1.2674
1.27021
1.2745
1.27884
1.28216
1.28395
1.28415
1.28293
1.28058
1.27741
1.2737
1.26974
1.26582
1.2622
1.25909
1.25659
1.25469
1.25325
1.25206
1.25092
1.24967
1.24825
1.24667
1.24505
1.24358
1.24249
1.24205
1.24246
1.24376
1.24577
1.24804
1.25001
1.25108
1.25081
1.24899
1.24574
1.24159
1.23742
1.23426
1.23289
1.23348
1.23558
1.23835
1.24094
1.24272
1.24337
1.24278
1.24109
1.23862
1.23592
1.23371
1.23267
1.23328
1.23556
1.23912
1.24335
1.24763
1.25153
1.2548
1.25737
1.25925
1.26053
1.26127
1.26154
1.2614
1.26087
1.25997
1.25869
1.25701
1.25494
1.25243
1.24951
1.24619
1.24255
1.23869
1.2348
1.23106
1.22767
1.22479
1.22242
1.22037
1.21826
1.21554
1.21165
1.20626
1.19953
1.19228
1.18594
1.1821
1.18176
1.18471
1.18958
1.19446
1.19776
1.19892
1.19868
1.19878
1.20092
1.20564
1.2121
1.21882
1.22462
1.22897
1.23192
1.23378
1.23489
1.23551
1.23579
1.23581
1.23558
1.2351
1.23439
1.23344
1.23227
1.23089
1.22934
1.22761
1.22572
1.22364
1.22139
1.21893
1.21628
1.21345
1.21052
1.20757
1.20473
1.20214
1.19991
1.19809
1.19672
1.19579
1.19532
1.19534
1.19591
1.19709
1.19887
1.20116
1.20378
1.20653
1.20918
1.21159
1.21366
1.21535
1.21668
1.2177
1.21846
1.21904
1.21947
1.21982
1.22012
1.22037
1.22059
1.22076
1.22088
1.22092
1.22084
1.22063
1.22023
1.21963
1.21877
1.21765
1.21625
1.21458
1.21267
1.21059
1.20843
1.20629
1.20429
1.20254
1.20119
1.20039
1.2003
1.20107
1.20276
1.20529
1.20839
1.2117
1.21483
1.21747
1.2194
1.2205
1.22077
1.22021
1.21892
1.21697
1.21448
1.2116
1.20851
1.2054
1.20251
1.20004
1.19813
1.19688
1.19626
1.19621
1.19659
1.19729
1.19821
1.19928
1.20045
1.20164
1.20271
1.20343
1.20348
1.20243
1.19981
1.19521
1.18863
1.1809
1.17396
1.1704
1.17199
1.17838
1.18736
1.19642
1.20395
1.20943
1.21301
1.21512
1.2162
1.21662
1.21666
1.2165
1.21628
1.21608
1.21595
1.21591
1.21598
1.21615
1.21641
1.21675
1.21713
1.21753
1.21792
1.21827
1.21852
1.21865
1.21859
1.21831
1.21775
1.21684
1.21553
1.21375
1.21143
1.20852
1.20496
1.20074
1.19594
1.19076
1.18561
1.18111
1.17795
1.17671
1.17755
1.18017
1.18393
1.18812
1.19217
1.19578
1.19885
1.20141
1.20359
1.2055
1.20725
1.20892
1.21057
1.21226
1.21399
1.21578
1.21763
1.21951
1.22139
1.22321
1.22494
1.2265
1.22786
1.22898
1.22982
1.23035
1.23056
1.23042
1.22993
1.22906
1.22781
1.2262
1.22426
1.22205
1.21968
1.21731
1.21508
1.21317
1.21169
1.21074
1.21031
1.21037
1.21082
1.21152
1.21231
1.21298
1.21331
1.21306
1.21198
1.20985
1.20653
1.20196
1.19627
1.18983
1.18347
1.17848
1.17642
1.17845
1.18463
1.1937
1.20379
1.21323
1.22103
1.22683
1.23067
1.2328
1.23354
1.23322
1.23213
1.23057
1.22879
1.22699
1.22532
1.22387
1.22263
1.22155
1.2205
1.21936
1.21798
1.21626
1.21412
1.21154
1.20861
1.20548
1.20244
1.19983
1.19798
1.19712
1.19724
1.19812
1.19935
1.20051
1.20118
1.20112
1.20024
1.19862
1.19656
1.19447
1.19282
1.19203
1.19229
1.19356
1.1956
1.19808
1.20068
1.20317
1.2054
1.20731
1.20885
1.21002
1.21082
1.21127
1.21136
1.21113
1.21058
1.20976
1.2087
1.20746
1.20613
1.20479
1.20356
1.20254
1.20181
1.20141
1.20129
1.20136
1.20146
1.20137
1.20092
1.19994
1.1984
1.19636
1.19408
1.19187
1.19003
1.18872
1.18781
1.18697
1.1858
1.18401
1.18153
1.17858
1.1756
1.17313
1.17166
1.17149
1.17268
1.17509
1.17843
1.18237
1.18663
1.19099
1.19531
1.19944
1.2032
1.20635
1.20857
1.20942
1.20837
1.20489
1.19863
1.18995
1.18046
1.1731
1.17084
1.17459
1.18242
1.19117
1.19837
1.20303
1.20518
1.20536
1.2042
1.20228
1.20008
1.19797
1.1962
1.19493
1.19417
1.19387
1.19392
1.1942
1.19463
1.19521
1.19593
1.19682
1.19782
1.19882
1.19969
1.20028
1.20054
1.20046
1.20014
1.19975
1.19943
1.19929
1.19941
1.19975
1.20026
1.20081
1.2013
1.20161
1.20163
1.20124
1.20034
1.19882
1.19661
1.19369
1.19016
1.18629
1.18259
1.17974
1.17842
1.17904
1.18154
1.18542
1.18992
1.1943
1.19804
1.20085
1.20266
1.20353
1.20356
1.20291
1.20174
1.2002
1.19846
1.19666
1.19494
1.19339
1.1921
1.19108
1.19031
1.18975
1.18931
1.18893
1.18853
1.18808
1.18755
1.18694
1.18626
1.18554
1.18478
1.184
1.18321
1.1824
1.18158
1.18072
1.17984
1.17894
1.17803
1.17713
1.17628
1.17549
1.17477
1.17414
1.17357
1.17304
1.17253
1.172
1.17143
1.1708
1.17009
1.16933
1.1685
1.16763
1.16672
1.16579
1.16484
1.16389
1.16296
1.16209
1.16133
1.16071
1.16029
1.16008
1.16011
1.16038
1.16087
1.16157
1.16243
1.16345
1.16459
1.16584
1.16717
1.16857
1.16999
1.17143
1.17284
1.17419
1.17545
1.17658
1.17753
1.17826
1.1787
1.17878
1.17842
1.17752
1.17597
1.17371
1.17068
1.16693
1.16266
1.1582
1.15406
1.15081
1.14892
1.14867
1.15001
1.15263
1.15603
1.15968
1.16307
1.16583
1.1677
1.16855
1.16832
1.16702
1.1647
1.16144
1.15738
1.15271
1.1477
1.1427
1.13809
1.13426
1.13149
1.12995
1.12963
1.13037
1.13192
1.13393
1.13606
1.13803
1.13968
1.14105
1.14234
1.14385
1.14583
1.14836
1.1513
1.15435
1.15723
1.1597
1.16169
1.16325
1.16446
1.16543
1.16623
1.16687
1.16732
1.16748
1.16726
1.16655
1.16525
1.16331
1.1607
1.15751
1.1539
1.15017
1.14672
1.14399
1.14237
1.14206
1.14306
1.14516
1.14804
1.15132
1.15467
1.15781
1.1605
1.16254
1.16375
1.164
1.16313
1.16102
1.15759
1.15282
1.14679
1.13978
1.13231
1.1252
1.11946
1.11605
1.11548
1.11765
1.12189
1.12732
1.13312
1.13875
1.14394
1.14862
1.1529
1.15689
1.16067
1.16421
1.16736
1.16992
1.17164
1.17233
1.17189
1.17029
1.16762
1.16404
1.15984
1.15534
1.15089
1.14683
1.14339
1.14068
1.13866
1.13718
1.13606
1.13512
1.13426
1.13347
1.13286
1.13264
1.13305
1.13432
1.13654
1.13965
1.14343
1.1476
1.15185
1.15594
1.15968
1.16297
1.16579
1.16814
1.17004
1.17154
1.17269
1.17353
1.17413
1.1745
1.17469
1.17472
1.17462
1.17438
1.17403
1.17358
1.17301
1.17232
1.17153
1.17061
1.16959
1.16845
1.16721
1.1659
1.16453
1.16316
1.16181
1.16053
1.15935
1.15827
1.15729
1.15639
1.15551
1.15461
1.15365
1.15261
1.15151
1.15038
1.14932
1.14841
1.14779
1.14754
1.14773
1.14838
1.14943
1.15078
1.1523
1.1538
1.15515
1.15622
1.15695
1.15736
1.15753
1.1576
1.15774
1.15811
1.15883
1.15993
1.16137
1.16303
1.16477
1.16647
1.16803
1.16937
1.17048
1.17135
1.17198
1.17241
1.17265
1.17272
1.17264
1.17243
1.17211
1.17168
1.17116
1.17054
1.16985
1.16908
1.16826
1.1674
1.16654
1.16571
1.16497
1.16436
1.16392
1.16365
1.16356
1.1636
1.16375
1.16399
1.16432
1.16478
1.16544
1.16633
1.16749
1.1689
1.17051
1.17222
1.17394
1.17556
1.17702
1.17824
1.1792
1.17989
1.18033
1.18053
1.18057
1.1805
1.18042
1.18044
1.18065
1.18112
1.18185
1.1828
1.18385
1.18485
1.18562
1.18599
1.18582
1.18503
1.18356
1.18145
1.17879
1.17572
1.17249
1.16939
1.16674
1.16483
1.16389
1.164
1.16508
1.16695
1.16937
1.1721
1.17494
1.17776
1.18046
1.18298
1.1853
1.18737
1.18917
1.19066
1.19184
1.19271
1.19329
1.1936
1.1937
1.19362
1.19342
1.19315
1.19284
1.19255
1.1923
1.19213
1.19205
1.19207
1.19222
1.1925
1.19291
1.19345
1.1941
1.19482
1.19558
1.19633
1.197
1.19751
1.19781
1.1978
1.19744
1.1967
1.19556
1.19406
1.19229
1.19038
1.18848
1.18677
1.18538
1.18441
1.1839
1.18386
1.18427
1.18511
1.18633
1.18789
1.1897
1.19167
1.19371
1.19575
1.19773
1.19963
1.20147
1.20324
1.20496
1.20662
1.20821
1.20971
1.21112
1.2124
1.21357
1.21461
1.21553
1.21633
1.21703
1.21762
1.21812
1.21852
1.21884
1.21905
1.21918
1.21919
1.21911
1.21893
1.21867
1.21834
1.21798
1.21764
1.21736
1.21722
1.21723
1.21743
1.2178
1.21829
1.2188
1.21923
1.21948
1.2195
1.21932
1.21902
1.21879
1.21881
1.2192
1.21996
1.22099
1.22212
1.22319
1.22415
1.22503
1.22598
1.22718
1.22876
1.23076
1.23313
1.23574
1.23844
1.24106
1.24349
1.24563
1.24743
1.24886
1.24989
1.25055
1.25086
1.25087
1.25068
1.25041
1.2502
1.25021
1.25053
1.25121
1.25221
1.2534
1.25463
1.25569
1.25641
1.25665
1.25633
1.25541
1.2539
1.25184
1.24936
1.24657
1.24366
1.24082
1.23827
1.23617
1.23462
1.23362
1.23302
1.23261
1.23211
1.23131
1.23009
1.22851
1.22674
1.22499
1.22345
1.22219
1.22113
1.22018
1.21923
1.21829
1.21746
1.21693
1.21693
1.2177
1.21942
1.22217
1.22585
1.23019
1.2348
1.23928
1.24329
1.24661
1.24915
1.25091
1.25195
1.25234
1.25216
1.25147
1.25034
1.24879
1.24687
1.24461
1.24204
1.23922
1.23624
1.2332
1.23021
1.2274
1.22485
1.22263
1.22077
1.21922
1.21792
1.21678
1.21569
1.21458
1.21343
1.21224
1.21101
1.20979
1.20861
1.2075
1.20654
1.20585
1.20559
1.20597
1.20715
1.20918
1.21194
1.2152
1.21864
1.22194
1.22486
1.22727
1.22911
1.23037
1.23108
1.2313
1.23106
1.23042
1.22941
1.22805
1.22637
1.22441
1.22219
1.21977
1.21718
1.21449
1.21172
1.20892
1.2061
1.20326
1.2004
1.19753
1.19467
1.19189
1.18939
1.18748
1.18669
1.18756
1.19047
1.19533
1.20153
1.2082
1.21444
1.21964
1.22348
1.2259
1.227
1.22694
1.22597
1.22431
1.22223
1.21997
1.21776
1.21576
1.21407
1.21273
1.21171
1.21097
1.21046
1.21016
1.21003
1.21002
1.21007
1.21009
1.21
1.20972
1.20921
1.20849
1.20758
1.20655
1.20545
1.20434
1.20324
1.20217
1.20114
1.20015
1.19924
1.19847
1.19796
1.19783
1.19823
1.19927
1.20099
1.20331
1.20604
1.20893
1.2117
1.21415
1.21616
1.21771
1.21884
1.21962
1.22009
1.22023
1.21994
1.21904
1.21738
1.21487
1.21152
1.20755
1.20327
1.19905
1.19518
1.19176
1.18879
1.18623
1.18415
1.18267
1.18189
1.18174
1.18206
1.18279
1.1841
1.1863
1.18954
1.19352
1.19753
1.20064
1.20199
1.20109
1.19793
1.19327
1.18872
1.1864
1.18792
1.19328
1.20085
1.2084
1.21428
1.21777
1.2189
1.21811
1.21595
1.21294
1.20956
1.20618
1.20307
1.20039
1.19823
1.19661
1.1955
1.19483
1.19451
1.19446
1.19457
1.19475
1.19491
1.19498
1.19495
1.19491
1.19497
1.19531
1.19608
1.19732
1.19895
1.20072
1.20235
1.20352
1.20401
1.20366
1.20242
1.20033
1.1975
1.19411
1.19039
1.18662
1.1831
1.18016
1.17806
1.17699
1.177
1.17797
1.17966
1.18174
1.18389
1.18585
1.18747
1.18873
1.1897
1.19049
1.19124
1.19204
1.19292
1.19385
1.19472
1.1954
1.19575
1.19562
1.19488
1.19345
1.1913
1.18855
1.18547
1.18251
1.18026
1.17927
1.17985
1.18192
1.18508
1.18874
1.19238
1.19565
1.19838
1.20054
1.2022
1.20343
1.20433
1.20494
1.20531
1.20547
1.20546
1.20529
1.20499
1.20459
1.20411
1.20357
1.20298
1.20232
1.20157
1.20069
1.19966
1.19844
1.19704
1.19548
1.19382
1.19214
1.19054
1.18915
1.18809
1.1875
1.18752
1.18824
1.18971
1.19188
1.19464
1.1978
1.20115
1.20449
1.20766
1.21053
1.21302
1.21507
1.21665
1.21776
1.2184
1.2186
1.2184
1.21786
1.21706
1.21612
1.21517
1.21433
1.21374
1.21348
1.21358
1.21403
1.21477
1.21569
1.2167
1.2177
1.21863
1.21943
1.22009
1.22058
1.22092
1.2211
1.22114
1.22103
1.22078
1.22038
1.21981
1.21906
1.21814
1.21704
1.2158
1.21451
1.21326
1.21219
1.21142
1.21102
1.211
1.21125
1.21164
1.21202
1.21229
1.21248
1.21269
1.21313
1.21396
1.21531
1.21719
1.21947
1.22197
1.2245
1.22687
1.22894
1.2306
1.23179
1.23244
1.2325
1.23197
1.23083
1.22912
1.22694
1.22446
1.2219
1.21956
1.21773
1.2167
1.21663
1.21757
1.21941
1.22193
1.22487
1.22795
1.23093
1.23367
1.23607
1.23809
1.23973
1.24101
1.24199
1.2427
1.24317
1.24342
1.24345
1.24327
1.24285
1.24218
1.24125
1.24007
1.2387
1.23726
1.23591
1.23486
1.23431
1.23439
1.23511
1.23635
1.23786
1.23933
1.24046
1.241
1.24075
1.23965
1.23769
1.23495
1.23157
1.22773
1.22362
1.21947
1.21555
1.21224
1.21
1.20918
1.20984
1.21159
1.21366
1.21527
1.21601
1.21611
1.2164
1.21791
1.22136
1.22672
1.23327
1.23998
1.24602
1.25082
1.25415
1.25594
1.25615
1.25477
1.25174
1.24705
1.24082
1.23349
1.22591
1.21934
1.21502
1.21368
1.21522
1.21892
1.22386
1.22934
1.23493
1.24035
1.24544
1.25004
1.25402
1.25727
1.25972
1.26133
1.26208
1.26199
1.26107
1.25937
1.25701
1.25413
1.25096
1.24776
1.24483
1.24245
1.24077
1.23979
1.23935
1.23911
1.2386
1.23731
1.23475
1.23053
1.22446
1.21676
1.20814
1.19986
1.19347
1.19019
1.19045
1.1937
1.19884
1.20468
1.2103
1.21516
1.21903
1.22189
1.22386
1.22514
1.22592
1.22641
1.22676
1.2271
1.22748
1.22791
1.22838
1.22883
1.22923
1.22952
1.22968
1.22969
1.22954
1.22926
1.22885
1.22832
1.2277
1.227
1.22622
1.22538
1.22446
1.22345
1.22235
1.22112
1.21975
1.2182
1.21646
1.21449
1.21229
1.20987
1.20726
1.20453
1.20175
1.19905
1.1965
1.19418
1.19208
1.19014
1.18825
1.1863
1.18427
1.18224
1.18049
1.17939
1.17926
1.18027
1.1823
1.185
1.18795
1.19076
1.19315
1.19498
1.19624
1.19697
1.19726
1.19722
1.19697
1.19662
1.19627
1.19598
1.19582
1.19579
1.19589
1.19611
1.19639
1.19671
1.197
1.19723
1.19738
1.19741
1.19732
1.1971
1.19677
1.19634
1.19583
1.19528
1.19472
1.19421
1.19377
1.19345
1.19326
1.19321
1.19327
1.19339
1.19345
1.19329
1.19269
1.19139
1.18908
1.18552
1.18064
1.17471
1.16848
1.16314
1.15991
1.15943
1.16147
1.16509
1.16923
1.17318
1.17663
1.17957
1.18211
1.18434
1.18628
1.18788
1.18904
1.18966
1.18966
1.18902
1.18781
1.18615
1.18429
1.1825
1.18105
1.18016
1.17991
1.18028
1.18112
1.18227
1.18357
1.18491
1.18622
1.18748
1.1887
1.18988
1.19103
1.19215
1.1932
1.19418
1.19504
1.19576
1.19632
1.19668
1.19685
1.19683
1.19663
1.19628
1.19583
1.19534
1.19488
1.19453
1.19435
1.19438
1.19462
1.19501
1.19548
1.19589
1.19611
1.19602
1.19553
1.19461
1.19329
1.19168
1.18997
1.18838
1.18714
1.18644
1.18636
1.18685
1.18776
1.18887
1.18992
1.19072
1.19112
1.19107
1.19058
1.18978
1.18879
1.18781
1.18702
1.18657
1.18656
1.187
1.18787
1.18907
1.19047
1.19192
1.19329
1.19449
1.19543
1.19608
1.19645
1.19657
1.1965
1.19632
1.1961
1.19593
1.19588
1.19599
1.19629
1.19677
1.19739
1.19811
1.19888
1.19967
1.20044
1.20119
1.20191
1.2026
1.20328
1.20395
1.20462
1.20531
1.206
1.20669
1.20737
1.20801
1.20859
1.2091
1.20951
1.20984
1.2101
1.2103
1.21048
1.21064
1.21078
1.21084
1.21075
1.21041
1.20969
1.20851
1.20683
1.20472
1.20237
1.20007
1.19814
1.19688
1.19641
1.1967
1.19758
1.19885
1.20031
1.20186
1.20343
1.20495
1.20639
1.20768
1.20875
1.20954
1.21004
1.21027
1.2103
1.21028
1.21036
1.21073
1.21153
1.21283
1.21459
1.21673
1.21906
1.22142
1.22364
1.22561
1.22728
1.22861
1.22964
1.2304
1.23096
1.23139
1.23176
1.23215
1.2326
1.23316
1.23384
1.23464
1.23551
1.23639
1.23721
1.23787
1.23826
1.23828
1.23783
1.2368
1.23513
1.23277
1.22969
1.22597
1.22172
1.21717
1.21267
1.20866
1.20565
1.20413
1.20446
1.20673
1.21071
1.2159
1.22167
1.22742
1.23268
1.23717
1.24076
1.24347
1.24532
1.2464
1.24672
1.24628
1.24503
1.24294
1.24008
1.23666
1.23313
1.23013
1.22832
1.22812
1.22952
1.23211
1.23526
1.23838
1.24108
1.24323
1.24485
1.24605
1.247
1.24783
1.24867
1.24959
1.25062
1.25178
1.25304
1.25436
1.25571
1.25702
1.25822
1.25924
1.25999
1.26037
1.26025
1.25948
1.25789
1.25532
1.25167
1.24698
1.24161
1.23625
1.2319
1.22949
1.22942
1.23135
1.23434
1.23735
1.23962
1.24081
1.24099
1.24045
1.23959
1.23882
1.23838
1.23842
1.2389
1.23969
1.24066
1.24168
1.24263
1.24342
1.24396
1.24409
1.24363
1.24232
1.23991
1.23618
1.23105
1.22469
1.21756
1.21044
1.20424
1.19986
1.19802
1.19921
1.20347
1.21026
1.21849
1.22687
1.2344
1.2405
1.24502
1.2481
1.24999
1.251
1.25139
1.25136
1.25105
1.25055
1.24984
1.24887
1.24748
1.24546
1.24251
1.23832
1.23263
1.22549
1.21748
1.20984
1.20428
1.20214
1.20359
1.20759
1.21262
1.21747
1.22159
1.2249
1.22756
1.22974
1.23156
1.23309
1.23433
1.23528
1.23591
1.23615
1.23593
1.23518
1.23384
1.23192
1.2295
1.22682
1.22419
1.22197
1.22049
1.21987
1.22006
1.22078
1.22174
1.22262
1.22322
1.22344
1.22326
1.22271
1.22185
1.22071
1.21934
1.21777
1.21602
1.21412
1.21214
1.21017
1.20837
1.20693
1.20605
1.20591
1.20658
1.20802
1.21007
1.21247
1.21495
1.21725
1.21918
1.22063
1.22157
1.22206
1.2222
1.22213
1.22192
1.22156
1.22095
1.21989
1.21812
1.21544
1.21166
1.20672
1.20065
1.19365
1.18617
1.17905
1.17344
1.17052
1.17096
1.17459
1.18038
1.18691
1.1929
1.19751
1.20043
1.20184
1.20223
1.20225
1.20251
1.20335
1.20479
1.20658
1.20832
1.20963
1.21013
1.20954
1.20755
1.20387
1.19823
1.19068
1.18202
1.17417
1.16982
1.17102
1.17759
1.18726
1.19722
1.20564
1.21188
1.21611
1.2188
1.2205
1.22163
1.2225
1.22327
1.22403
1.22479
1.22551
1.22615
1.22664
1.22696
1.22705
1.22689
1.22647
1.22577
1.22476
1.22345
1.22183
1.21991
1.21774
1.21539
1.21297
1.21065
1.20861
1.20698
1.20588
1.2053
1.20519
1.20544
1.20596
1.20668
1.20761
1.20875
1.21013
1.21173
1.21352
1.2154
1.21726
1.21899
1.22046
1.22156
1.2222
1.22233
1.22189
1.22091
1.21941
1.21747
1.21519
1.21269
1.21006
1.20736
1.20458
1.20163
1.19828
1.19425
1.18921
1.18304
1.17622
1.17012
1.16686
1.16824
1.17446
1.18383
1.19396
1.20297
1.21
1.21498
1.21822
1.22012
1.22105
1.2213
1.22108
1.22053
1.21974
1.21876
1.21762
1.21635
1.21495
1.21342
1.21179
1.21005
1.20823
1.20634
1.20442
1.20247
1.20053
1.19861
1.19672
1.19486
1.193
1.19111
1.18918
1.18722
1.18531
1.18361
1.18235
1.1818
1.18213
1.18339
1.18543
1.18796
1.19061
1.19307
1.1951
1.19657
1.19746
1.19783
1.19778
1.19745
1.19699
1.19654
1.19622
1.1961
1.19619
1.19645
1.19681
1.19716
1.19742
1.1975
1.19733
1.19686
1.19607
1.19495
1.19355
1.19191
1.19016
1.18845
1.18698
1.18592
1.18545
1.18564
1.18648
1.18787
1.18964
1.19162
1.19365
1.19563
1.19748
1.19918
1.20071
1.20209
1.20334
1.20445
1.20545
1.20634
1.20711
1.20776
1.20826
1.20861
1.20878
1.20876
1.20852
1.20806
1.20736
1.20642
1.20523
1.20378
1.20208
1.2001
1.19787
1.19541
1.19289
1.19056
1.18882
1.1881
1.18874
1.19083
1.19415
1.19827
1.20268
1.20696
1.21082
1.21413
1.21686
1.21904
1.22073
1.22198
1.22284
1.22336
1.22359
1.22358
1.22336
1.22298
1.22247
1.22184
1.22111
1.22029
1.21941
1.21851
1.21768
1.21702
1.21665
1.21669
1.21722
1.21826
1.21976
1.2216
1.22362
1.22568
1.22762
1.22934
1.23078
1.23189
1.23265
1.23303
1.23301
1.23258
1.23172
1.23044
1.2288
1.22687
1.22473
1.22245
1.2201
1.21766
1.21504
1.2121
1.20865
1.20459
1.20006
1.19557
1.19204
1.19048
1.19153
1.19503
1.20012
1.20568
1.21087
1.21523
1.21864
1.22119
1.22301
1.22419
1.22481
1.2249
1.22442
1.22335
1.22161
1.21915
1.21592
1.21196
1.20746
1.20277
1.19845
1.19512
1.1933
1.19319
1.1946
1.19703
1.19992
1.20278
1.20532
1.20739
1.20893
1.20997
1.21053
1.21065
1.21036
1.20971
1.20872
1.20744
1.20591
1.2042
1.20238
1.20052
1.19871
1.19703
1.19554
1.19425
1.19316
1.19221
1.19129
1.19029
1.18908
1.18759
1.18581
1.18386
1.18196
1.18041
1.17954
1.1796
1.18066
1.18263
1.18526
1.18826
1.19135
1.19434
1.19709
1.19954
1.20168
1.20351
1.20503
1.20624
1.20716
1.20777
1.20807
1.20802
1.20762
1.20684
1.20568
1.20413
1.20223
1.20006
1.19773
1.19542
1.19333
1.19171
1.19075
1.1906
1.19127
1.19261
1.19432
1.19603
1.1973
1.19776
1.19706
1.19497
1.19138
1.18636
1.18018
1.17338
1.16672
1.16108
1.15729
1.15588
1.15699
1.16033
1.16529
1.17113
1.17721
1.18306
1.18841
1.19319
1.19739
1.20106
1.20423
1.20691
1.20911
1.21083
1.21209
1.21289
1.21326
1.21322
1.2128
1.21202
1.21089
1.20944
1.20767
1.20564
1.20341
1.20105
1.19869
1.19648
1.19456
1.19309
1.19215
1.19181
1.19202
1.19271
1.19373
1.19493
1.19616
1.19729
1.19822
1.19887
1.19923
1.19931
1.19918
1.19893
1.19869
1.1986
1.19877
1.19929
1.20017
1.20134
1.20268
1.20404
1.20524
1.20614
1.20661
1.2066
1.20608
1.20509
1.20371
1.20209
1.20041
1.19887
1.19764
1.1968
1.19637
1.19624
1.19625
1.19625
1.1961
1.1957
1.19506
1.19424
1.19337
1.19262
1.19218
1.19216
1.19262
1.19347
1.19458
1.19576
1.19684
1.19774
1.19843
1.19892
1.19927
1.19957
1.19987
1.20023
1.20068
1.20126
1.20197
1.20281
1.20378
1.20486
1.20602
1.20723
1.20847
1.20971
1.21091
1.21206
1.21315
1.21417
1.21512
1.216
1.21683
1.2176
1.21834
1.21906
1.21978
1.22049
1.22122
1.22198
1.22275
1.22355
1.22435
1.22512
1.22581
1.22635
1.22666
1.22661
1.22605
1.22482
1.22273
1.21964
1.21543
1.21011
1.20386
1.19712
1.19053
1.18492
1.18111
1.17973
1.18099
1.1846
1.18983
1.19578
1.20159
1.2067
1.21088
1.21421
1.21694
1.21929
1.22128
1.22262
1.2229
1.22186
1.21983
1.21789
1.21763
1.22024
1.22569
1.23276
1.23977
1.24544
1.24918
1.251
1.25126
1.25047
1.24917
1.24784
1.24682
1.24634
1.24645
1.24716
1.24841
1.25009
1.25208
1.25424
1.25636
1.2583
1.25991
1.2611
1.26182
1.26208
1.26189
1.26128
1.26031
1.25896
1.2572
1.2549
1.25184
1.2478
1.2426
1.23628
1.22914
1.22183
1.21523
1.21025
1.20756
1.20739
1.20957
1.21371
1.21935
1.22602
1.23327
1.24067
1.24778
1.25427
1.25985
1.26436
1.26772
1.26988
1.27087
1.27074
1.2696
1.2676
1.26495
1.26196
1.25896
1.25631
1.25432
1.25318
1.253
1.25384
1.25571
1.25857
1.26228
1.26656
1.271
1.27517
1.27869
1.28129
1.28283
1.28328
1.28271
1.28125
1.2791
1.2765
1.27369
1.27091
1.26831
1.26597
1.2639
1.26206
1.26041
1.25893
1.25765
1.25661
1.25582
1.25527
1.2549
1.2546
1.25427
1.25384
1.25329
1.25268
1.25209
1.25165
1.25146
1.25157
1.25194
1.25248
1.25301
1.2533
1.25305
1.25196
1.2497
1.24601
1.24074
1.23408
1.22665
1.21954
1.21407
1.21133
1.21166
1.21468
1.21948
1.22504
1.23046
1.2351
1.2386
1.24085
1.24195
1.2421
