1.79717
1.79427
1.79101
1.78715
1.78267
1.77766
1.77207
1.76566
1.75814
1.74966
1.74124
1.73474
1.73224
1.73481
1.74182
1.75132
1.7612
1.77003
1.77726
1.78295
1.78754
1.79166
1.796
1.80122
1.80775
1.81559
1.82429
1.83314
1.84142
1.84858
1.8543
1.85851
1.86125
1.86266
1.86285
1.86194
1.85997
1.85699
1.85301
1.84811
1.84239
1.83614
1.82977
1.82386
1.81903
1.81581
1.81449
1.815
1.81705
1.82023
1.82415
1.82852
1.83313
1.83782
1.84245
1.84688
1.85098
1.85465
1.85783
1.86051
1.86269
1.86443
1.86579
1.86686
1.86769
1.86837
1.86895
1.86947
1.86997
1.87047
1.87096
1.87143
1.87185
1.87219
1.87238
1.87238
1.87212
1.87155
1.87063
1.86933
1.8676
1.8654
1.86263
1.85916
1.85489
1.84979
1.84409
1.83832
1.83335
1.83008
1.82914
1.83059
1.83393
1.8384
1.84337
1.84852
1.85388
1.85964
1.86594
1.87273
1.87972
1.88649
1.89263
1.89779
1.90178
1.90452
1.90602
1.90636
1.90563
1.90394
1.90139
1.8981
1.8942
1.88984
1.88518
1.88035
1.87547
1.87057
1.86564
1.86067
1.85573
1.85111
1.8473
1.84501
1.84485
1.84714
1.85172
1.85803
1.86535
1.87301
1.88044
1.88722
1.89294
1.89722
1.89973
1.90018
1.89831
1.89396
1.88705
1.87766
1.86621
1.85354
1.84107
1.83068
1.82417
1.82267
1.82604
1.83296
1.84151
1.84986
1.85663
1.8611
1.86316
1.86317
1.86188
1.8602
1.85895
1.85866
1.85935
1.86059
1.86165
1.86173
1.8601
1.85628
1.85015
1.84208
1.83305
1.82449
1.81791
1.81426
1.81359
1.81514
1.81793
1.82127
1.82486
1.82874
1.83293
1.83728
1.84152
1.84529
1.84831
1.85044
1.85166
1.85204
1.85172
1.85086
1.84959
1.84804
1.84632
1.84448
1.8426
1.84068
1.83874
1.83675
1.83469
1.83249
1.83009
1.82741
1.82437
1.82092
1.81704
1.81281
1.80836
1.80397
1.79999
1.79682
1.79486
1.79435
1.79536
1.79775
1.80117
1.80519
1.80934
1.81323
1.81654
1.81908
1.82077
1.82157
1.82154
1.82076
1.81934
1.81743
1.81518
1.81278
1.81042
1.80834
1.80677
1.80594
1.80608
1.8073
1.80961
1.81287
1.81685
1.82119
1.82555
1.82957
1.83295
1.83543
1.8368
1.83688
1.83559
1.83293
1.82903
1.82422
1.81903
1.81409
1.80995
1.80696
1.80508
1.80397
1.80315
1.80216
1.80073
1.79879
1.79649
1.79415
1.79223
1.79118
1.79137
1.79297
1.79587
1.79972
1.80409
1.80852
1.81268
1.81637
1.81951
1.82211
1.8242
1.82584
1.82708
1.82792
1.82837
1.82835
1.82778
1.82651
1.82437
1.82118
1.81681
1.81124
1.80463
1.79737
1.79003
1.78317
1.77711
1.77185
1.76726
1.7635
1.7613
1.76172
1.76539
1.77198
1.78026
1.78877
1.79638
1.80257
1.80733
1.81086
1.81347
1.81538
1.81673
1.81754
1.81776
1.81728
1.81596
1.81367
1.81028
1.80574
1.80005
1.79334
1.78583
1.77784
1.76989
1.76266
1.75711
1.75428
1.7548
1.75847
1.76414
1.77023
1.77538
1.77892
1.78096
1.78213
1.78329
1.78518
1.78813
1.79208
1.79667
1.80148
1.80613
1.81041
1.8142
1.81749
1.82028
1.8226
1.82448
1.82594
1.82699
1.82768
1.82801
1.82801
1.82773
1.8272
1.82647
1.82559
1.82465
1.82371
1.82286
1.82219
1.82176
1.82161
1.82178
1.82223
1.82293
1.82378
1.82468
1.82548
1.82603
1.82613
1.82559
1.82416
1.82162
1.81772
1.81228
1.80519
1.7966
1.78695
1.77711
1.76829
1.76185
1.75874
1.75916
1.7625
1.76774
1.77399
1.78081
1.78815
1.79607
1.80436
1.81245
1.8195
1.82467
1.82722
1.82668
1.82293
1.81635
1.80809
1.80014
1.79492
1.79426
1.79846
1.80616
1.81528
1.82401
1.83135
1.83704
1.8412
1.84413
1.84613
1.84743
1.8482
1.84852
1.84844
1.84797
1.84712
1.84588
1.84428
1.84234
1.84004
1.83737
1.83423
1.83051
1.82603
1.82071
1.81463
1.80814
1.80195
1.79698
1.79412
1.7939
1.7962
1.80032
1.80519
1.80969
1.8129
1.8142
1.81335
1.81055
1.80641
1.80196
1.79841
1.79686
1.79788
1.80137
1.80669
1.81297
1.81937
1.8253
1.83038
1.83443
1.83739
1.83925
1.8401
1.84006
1.83926
1.83789
1.83612
1.8341
1.83196
1.8298
1.8277
1.82571
1.82388
1.82225
1.82082
1.81956
1.81837
1.81706
1.81533
1.81285
1.80928
1.80448
1.79872
1.79301
1.78902
1.78858
1.79266
1.80068
1.81072
1.82054
1.82849
1.83379
1.83644
1.83694
1.83605
1.83462
1.8334
1.83295
1.83347
1.83486
1.83674
1.83871
1.84035
1.84143
1.84179
1.84142
1.84036
1.83869
1.83653
1.83398
1.83112
1.82804
1.82481
1.82149
1.81813
1.81479
1.81153
1.80838
1.8054
1.80261
1.80008
1.79786
1.79602
1.79468
1.79388
1.79364
1.79386
1.79433
1.79483
1.79509
1.79491
1.79409
1.79255
1.79035
1.78783
1.78563
1.78455
1.7853
1.78817
1.79291
1.79886
1.80522
1.81131
1.81672
1.82127
1.82493
1.8278
1.82997
1.83157
1.83268
1.83338
1.83376
1.83387
1.83381
1.83368
1.83358
1.83364
1.83396
1.83459
1.83558
1.83691
1.83853
1.84036
1.84232
1.84432
1.84626
1.84807
1.84969
1.85107
1.85216
1.85294
1.85339
1.85349
1.85324
1.85266
1.85178
1.85065
1.84935
1.84798
1.84667
1.84556
1.8448
1.84454
1.84488
1.8459
1.84758
1.84988
1.85269
1.85585
1.85921
1.86258
1.86582
1.8688
1.87141
1.87359
1.87528
1.87646
1.87709
1.87719
1.87677
1.87586
1.87449
1.87272
1.8706
1.86821
1.86561
1.86289
1.86012
1.85741
1.85484
1.85253
1.85057
1.84908
1.8481
1.84769
1.84781
1.84839
1.84931
1.85037
1.85131
1.85187
1.85174
1.85064
1.8484
1.84503
1.8408
1.83627
1.83204
1.82852
1.82565
1.823
1.82008
1.81672
1.81323
1.81028
1.80847
1.80816
1.80934
1.8119
1.81578
1.82101
1.82754
1.83504
1.84283
1.84999
1.85559
1.85882
1.85906
1.8559
1.84915
1.83899
1.82621
1.81239
1.79994
1.79156
1.78924
1.79339
1.80265
1.81463
1.82693
1.83788
1.84659
1.85288
1.85692
1.85903
1.85955
1.85879
1.85699
1.85432
1.85094
1.84695
1.84246
1.83761
1.83255
1.82746
1.82257
1.81811
1.8143
1.81133
1.80929
1.8082
1.80795
1.8084
1.80934
1.81057
1.8119
1.81318
1.81431
1.81521
1.81587
1.81631
1.81656
1.8167
1.81676
1.8168
1.81684
1.81685
1.8168
1.81664
1.81634
1.81586
1.8152
1.81439
1.81347
1.81253
1.81165
1.81088
1.81031
1.80996
1.80983
1.80991
1.81018
1.81059
1.81112
1.81176
1.81252
1.8134
1.81443
1.81559
1.81688
1.81825
1.8196
1.82081
1.82173
1.82216
1.82185
1.82055
1.81799
1.81403
1.80871
1.80253
1.79646
1.79188
1.79014
1.7919
1.79681
1.80366
1.81099
1.81763
1.82285
1.82634
1.82798
1.82775
1.82556
1.82131
1.81485
1.80614
1.79534
1.78299
1.77029
1.75913
1.75185
1.75028
1.75464
1.76318
1.77322
1.78258
1.79041
1.79701
1.80318
1.80958
1.8164
1.82334
1.82988
1.83551
1.83986
1.84275
1.84412
1.84398
1.84239
1.83947
1.83536
1.83026
1.82438
1.81799
1.81136
1.80482
1.7988
1.79388
1.79073
1.79002
1.79217
1.79721
1.80465
1.81365
1.82316
1.83214
1.83975
1.84539
1.84875
1.84982
1.84883
1.84623
1.84262
1.83859
1.83459
1.83073
1.82678
1.82223
1.81648
1.80908
1.79994
1.78935
1.77797
1.76667
1.75633
1.74774
1.74168
1.73909
1.74097
1.74789
1.75945
1.77415
1.79002
1.80529
1.81883
1.83015
1.83922
1.84627
1.85162
1.8556
1.85849
1.86051
1.86184
1.8626
1.86288
1.86272
1.86213
1.86105
1.85938
1.85694
1.85351
1.84884
1.84275
1.83515
1.82622
1.81642
1.80651
1.79745
1.79012
1.7852
1.78305
1.78379
1.7873
1.79314
1.80061
1.80885
1.81708
1.82474
1.83153
1.8373
1.84197
1.84545
1.84764
1.84841
1.84763
1.84524
1.84127
1.8359
1.82954
1.82286
1.81666
1.81174
1.80858
1.80719
1.8071
1.80761
1.80802
1.80783
1.80677
1.80477
1.80192
1.79839
1.79437
1.79013
1.78591
1.78203
1.77881
1.77656
1.77559
1.7761
1.77815
1.78165
1.78631
1.7917
1.79729
1.80255
1.80701
1.81037
1.81247
1.81328
1.81291
1.81156
1.80946
1.8069
1.80418
1.8016
1.79945
1.79795
1.79722
1.79727
1.798
1.79925
1.80081
1.80251
1.8042
1.80576
1.80714
1.80831
1.80925
1.80996
1.81045
1.81071
1.81076
1.81058
1.81017
1.80952
1.80862
1.80743
1.80597
1.80422
1.80218
1.7999
1.79743
1.79484
1.79226
1.78984
1.78773
1.7861
1.7851
1.78483
1.78532
1.7865
1.78825
1.79035
1.79257
1.79466
1.79642
1.79767
1.79831
1.79831
1.79768
1.79648
1.79481
1.79278
1.79051
1.78811
1.78564
1.78317
1.78077
1.77848
1.77638
1.77456
1.77312
1.77212
1.7716
1.77151
1.77175
1.77219
1.77268
1.77311
1.77341
1.77354
1.77349
1.77327
1.77286
1.77226
1.77146
1.77047
1.76937
1.76832
1.76755
1.76732
1.76787
1.76929
1.7715
1.77422
1.77709
1.77974
1.78184
1.78317
1.78363
1.78319
1.78189
1.77982
1.77709
1.77385
1.77027
1.76654
1.76286
1.75943
1.75648
1.75415
1.75257
1.75176
1.75164
1.75207
1.75283
1.75372
1.75453
1.75512
1.75541
1.75534
1.75493
1.75423
1.75329
1.75221
1.75107
1.74998
1.74902
1.74827
1.74779
1.74763
1.74778
1.74824
1.74898
1.74996
1.7511
1.75237
1.7537
1.75505
1.75637
1.75764
1.75883
1.75992
1.76087
1.76166
1.76227
1.76267
1.76283
1.76271
1.76231
1.7616
1.76062
1.7594
1.75805
1.75667
1.75543
1.75448
1.75391
1.75379
1.75406
1.75457
1.75512
1.75545
1.75531
1.75448
1.75281
1.75023
1.74684
1.74285
1.73868
1.73486
1.73201
1.73069
1.73126
1.73377
1.73796
1.74333
1.74925
1.75507
1.76026
1.76439
1.76718
1.76846
1.76822
1.76662
1.76406
1.76118
1.75883
1.75782
1.75873
1.76162
1.76609
1.77142
1.7769
1.782
1.78641
1.79008
1.79305
1.79545
1.79741
1.79905
1.80047
1.8017
1.80277
1.80366
1.80436
1.80483
1.80503
1.80493
1.80448
1.80367
1.80249
1.80094
1.79901
1.79669
1.79397
1.79079
1.78711
1.78287
1.778
1.77247
1.76625
1.75944
1.75246
1.74621
1.74205
1.74142
1.74503
1.75237
1.76192
1.77183
1.78059
1.78735
1.79183
1.79413
1.79463
1.79391
1.79267
1.79161
1.79132
1.79212
1.79402
1.79673
1.79979
1.80273
1.80517
1.80685
1.80763
1.80742
1.80622
1.804
1.80072
1.79631
1.79069
1.78381
1.77579
1.76706
1.75857
1.75171
1.74797
1.74825
1.75239
1.75921
1.76714
1.77482
1.78145
1.78673
1.7907
1.79358
1.79561
1.79706
1.79812
1.79896
1.7997
1.80042
1.80117
1.80196
1.8028
1.80367
1.80455
1.80541
1.80623
1.80699
1.80767
1.80826
1.80875
1.80912
1.80938
1.80951
1.80952
1.8094
1.80918
1.80887
1.80851
1.80815
1.80781
1.80751
1.80721
1.80676
1.80587
1.80408
1.80072
1.79493
1.78587
1.77318
1.75764
1.74187
1.72975
1.72434
1.7256
1.73054
1.73582
1.73999
1.7438
1.74923
1.75796
1.77028
1.78499
1.80019
1.81419
1.82599
1.83522
1.84191
1.84622
1.8483
1.84818
1.84581
1.84105
1.83373
1.82379
1.81143
1.79723
1.78232
1.76838
1.75733
1.75088
1.74991
1.75419
1.76246
1.77298
1.78411
1.79466
1.80397
1.81175
1.81787
1.82232
1.82516
1.82649
1.82656
1.82569
1.82434
1.82298
1.822
1.8217
1.82216
1.82332
1.82499
1.82697
1.82907
1.83115
1.83316
1.83507
1.8369
1.83866
1.84035
1.84197
1.84347
1.84483
1.84602
1.847
1.84777
1.84835
1.84875
1.84904
1.84925
1.84944
1.84965
1.8499
1.85021
1.8506
1.85106
1.85161
1.85226
1.85303
1.85394
1.855
1.85622
1.85759
1.85905
1.86053
1.86194
1.86314
1.86396
1.86419
1.86355
1.86168
1.85815
1.85246
1.84422
1.83342
1.82091
1.80873
1.79984
1.79672
1.79982
1.80713
1.81555
1.82244
1.8264
1.82708
1.8248
1.82035
1.81487
1.80977
1.80646
1.80591
1.80827
1.81287
1.81858
1.82434
1.8294
1.83343
1.83637
1.83836
1.83958
1.84026
1.84055
1.84059
1.84043
1.8401
1.83959
1.83887
1.83796
1.83688
1.83569
1.83448
1.83334
1.83237
1.83164
1.8312
1.83104
1.83111
1.83132
1.83154
1.83163
1.83143
1.83076
1.82946
1.82737
1.82436
1.82035
1.81538
1.80967
1.80369
1.79824
1.79428
1.79268
1.79394
1.79789
1.80378
1.81055
1.81715
1.82274
1.82679
1.82903
1.82938
1.82792
1.82483
1.82034
1.81478
1.8085
1.80187
1.79521
1.78881
1.78293
1.7779
1.77424
1.77262
1.77365
1.77754
1.78389
1.79172
1.79985
1.80732
1.81352
1.81826
1.82157
1.82368
1.82483
1.82527
1.8252
1.82481
1.82423
1.82357
1.8229
1.8223
1.8218
1.82143
1.8212
1.82113
1.82119
1.82136
1.82161
1.82188
1.82212
1.82225
1.82219
1.82185
1.82116
1.82005
1.81848
1.81645
1.81401
1.81127
1.80839
1.80557
1.80303
1.80096
1.79948
1.79865
1.79841
1.79865
1.79918
1.79977
1.80017
1.79999
1.79875
1.79572
1.78998
1.7806
1.76728
1.75139
1.73701
1.72981
1.73341
1.7461
1.76224
1.77635
1.78561
1.78972
1.79002
1.78874
1.78845
1.79117
1.79766
1.80717
1.8181
1.8288
1.83818
1.84575
1.85143
1.85539
1.85784
1.859
1.85906
1.85813
1.85632
1.85369
1.8503
1.84619
1.84143
1.83609
1.8303
1.82418
1.81794
1.81181
1.80606
1.801
1.79694
1.79411
1.79267
1.79265
1.79392
1.79631
1.7996
1.8036
1.80815
1.81308
1.81821
1.82329
1.82806
1.83227
1.83571
1.83821
1.83969
1.84013
1.83951
1.83788
1.83527
1.83178
1.82748
1.82253
1.81713
1.81151
1.80596
1.80081
1.79641
1.79314
1.7914
1.79163
1.79412
1.79887
1.80551
1.81335
1.82152
1.82924
1.83595
1.84133
1.84524
1.84771
1.84881
1.84867
1.84743
1.84527
1.84241
1.8391
1.83567
1.83247
1.82983
1.82803
1.82719
1.82727
1.8281
1.8294
1.83085
1.83213
1.83296
1.83314
1.8325
1.83094
1.82842
1.82499
1.8208
1.81613
1.81134
1.8069
1.80323
1.80064
1.79929
1.79913
1.8
1.80168
1.80394
1.80667
1.80986
1.81361
1.81806
1.82329
1.82922
1.83558
1.84194
1.84785
1.85289
1.85676
1.85924
1.86022
1.85966
1.85755
1.85398
1.84914
1.84333
1.83705
1.83087
1.8254
1.82112
1.81821
1.81657
1.81584
1.81553
1.81517
1.81435
1.8128
1.81048
1.80757
1.80457
1.8022
1.80123
1.8022
1.80517
1.80966
1.81489
1.82002
1.82446
1.82794
1.83044
1.83213
1.83322
1.8339
1.83427
1.83433
1.834
1.83317
1.83174
1.82963
1.82684
1.82343
1.81956
1.81542
1.8113
1.80745
1.80416
1.80161
1.79991
1.79906
1.79897
1.79948
1.80043
1.80166
1.80302
1.80442
1.80582
1.8072
1.80856
1.80994
1.81136
1.81287
1.81448
1.8162
1.81802
1.8199
1.8218
1.82366
1.82542
1.82699
1.8283
1.82928
1.82987
1.83
1.82964
1.82878
1.82742
1.82563
1.8235
1.82112
1.81861
1.81609
1.81359
1.81116
1.80875
1.80633
1.80387
1.80136
1.79886
1.79645
1.79428
1.79253
1.79139
1.791
1.79147
1.79278
1.79484
1.79747
1.80046
1.80356
1.80657
1.8093
1.81161
1.81342
1.81468
1.81536
1.8155
1.81514
1.81438
1.81335
1.81219
1.81105
1.81007
1.80933
1.80885
1.80855
1.80825
1.80772
1.80675
1.80515
1.80285
1.79991
1.7965
1.79284
1.78916
1.78557
1.78204
1.77836
1.77425
1.76949
1.7641
1.75853
1.75374
1.75098
1.75132
1.7551
1.76163
1.76951
1.77724
1.78366
1.7882
1.79071
1.79134
1.79036
1.78809
1.78484
1.78088
1.77647
1.77183
1.76719
1.76275
1.7587
1.75524
1.75253
1.75069
1.74981
1.74987
1.7508
1.75243
1.75455
1.75695
1.7594
1.76175
1.76386
1.76566
1.76711
1.7682
1.76893
1.76931
1.76934
1.76901
1.76829
1.76715
1.76554
1.76342
1.76075
1.75758
1.75404
1.75038
1.747
1.74437
1.74295
1.74304
1.74466
1.74753
1.75121
1.75517
1.75896
1.76228
1.76495
1.7669
1.76816
1.76878
1.76884
1.76843
1.76766
1.76662
1.76543
1.7642
1.76305
1.76208
1.76139
1.76105
1.76108
1.76147
1.76216
1.76304
1.76398
1.7648
1.76533
1.7654
1.76486
1.7636
1.7616
1.75891
1.75575
1.75248
1.74959
1.74762
1.74707
1.74822
1.75103
1.75523
1.76035
1.76588
1.7714
1.7766
1.78131
1.78542
1.78894
1.79187
1.79427
1.79617
1.79764
1.79872
1.79947
1.79993
1.80013
1.8001
1.79982
1.79925
1.79834
1.79697
1.79503
1.79242
1.78904
1.7849
1.78009
1.77489
1.76973
1.76522
1.76201
1.76071
1.76171
1.76509
1.77057
1.77761
1.78553
1.79369
1.80157
1.8088
1.81519
1.82066
1.82519
1.82884
1.83166
1.8337
1.83502
1.83568
1.83573
1.83525
1.83433
1.83307
1.83161
1.83008
1.82859
1.82723
1.82605
1.825
1.82402
1.82301
1.82189
1.82066
1.8194
1.81827
1.81751
1.81727
1.8176
1.81838
1.81935
1.82016
1.82049
1.82009
1.81889
1.817
1.81472
1.81249
1.81078
1.80999
1.8103
1.8116
1.81355
1.81575
1.81786
1.81977
1.82162
1.82372
1.82639
1.82982
1.83393
1.83846
1.84309
1.8475
1.85151
1.85503
1.85805
1.86059
1.86266
1.86429
1.86552
1.86641
1.86706
1.86757
1.86804
1.86849
1.8689
1.86915
1.86906
1.86845
1.86717
1.86514
1.8624
1.8591
1.85546
1.85175
1.84822
1.84506
1.84239
1.84023
1.83858
1.83745
1.83688
1.83699
1.83794
1.83985
1.84274
1.84652
1.85092
1.85561
1.86024
1.86448
1.8681
1.87094
1.87291
1.87398
1.87414
1.87341
1.87184
1.86952
1.86655
1.8631
1.85937
1.85562
1.85209
1.84901
1.84652
1.84468
1.84344
1.84264
1.8421
1.84157
1.84084
1.83972
1.83802
1.83563
1.83247
1.82854
1.82394
1.81891
1.81379
1.80908
1.8053
1.80297
1.80244
1.80383
1.80698
1.81149
1.81683
1.82247
1.82795
1.83295
1.8373
1.84094
1.84388
1.84618
1.84795
1.84926
1.85024
1.85094
1.85145
1.8518
1.85201
1.85206
1.8519
1.85143
1.8505
1.84893
1.84653
1.84315
1.83876
1.83361
1.82836
1.82404
1.82183
1.82258
1.82636
1.83241
1.83946
1.84626
1.85191
1.85591
1.85812
1.85861
1.85756
1.85523
1.85196
1.84819
1.84439
1.84111
1.8388
1.8378
1.8382
1.83987
1.84246
1.84547
1.8484
1.85074
1.85208
1.85204
1.85037
1.84688
1.84155
1.83459
1.82653
1.81829
1.81104
1.80601
1.8041
1.80564
1.8103
1.81718
1.82509
1.83278
1.83923
1.8438
1.84625
1.8468
1.84595
1.84441
1.84289
1.84195
1.84194
1.84294
1.84488
1.8476
1.85089
1.85458
1.85848
1.86238
1.86609
1.86939
1.87209
1.87404
1.87515
1.8754
1.87489
1.87381
1.87245
1.87117
1.87032
1.87016
1.8708
1.8722
1.87418
1.8765
1.87895
1.88135
1.88358
1.8856
1.88737
1.88891
1.89024
1.89137
1.89232
1.89311
1.89374
1.89422
1.89454
1.89468
1.89461
1.89431
1.89373
1.89285
1.89163
1.89006
1.88812
1.88584
1.88327
1.88049
1.87761
1.87479
1.87218
1.86996
1.86827
1.86727
1.86706
1.8677
1.86914
1.87123
1.8737
1.87624
1.87853
1.88032
1.88143
1.88179
1.88144
1.88049
1.87908
1.8774
1.8756
1.87382
1.87208
1.87034
1.86846
1.86628
1.86368
1.86068
1.85754
1.85472
1.85283
1.85238
1.85364
1.85649
1.86055
1.86525
1.87003
1.87447
1.87825
1.88121
1.88328
1.88444
1.88476
1.88435
1.88333
1.88188
1.88022
1.87855
1.8771
1.87605
1.87553
1.87562
1.8763
1.87748
1.87899
1.88065
1.88225
1.88359
1.88448
1.88479
1.88441
1.88329
1.88141
1.8788
1.87556
1.87182
1.86779
1.86371
1.85986
1.85655
1.85404
1.85257
1.85223
1.85302
1.8548
1.85738
1.86048
1.86388
1.86735
1.87074
1.87392
1.87678
1.87925
1.88126
1.88278
1.88378
1.88427
1.8843
1.88392
1.88322
1.88229
1.88123
1.88009
1.87893
1.87776
1.87655
1.87524
1.87378
1.87207
1.87005
1.86766
1.86486
1.86169
1.85824
1.85468
1.85124
1.84825
1.84599
1.84472
1.84457
1.84553
1.84739
1.84986
1.85258
1.85521
1.85747
1.85916
1.86018
1.8605
1.86015
1.85921
1.85777
1.85592
1.85379
1.85147
1.84907
1.84667
1.84437
1.84225
1.84042
1.83896
1.83796
1.83747
1.83746
1.83787
1.83855
1.83929
1.83988
1.84013
1.83987
1.83901
1.83755
1.83554
1.83311
1.83042
1.82765
1.825
1.82261
1.82055
1.81886
1.8175
1.8164
1.81546
1.8146
1.81375
1.8129
1.81204
1.8112
1.81044
1.80982
1.80937
1.80914
1.80911
1.80929
1.80962
1.81008
1.81063
1.81125
1.81196
1.8128
1.81382
1.81507
1.81659
1.81837
1.82035
1.82242
1.82442
1.82615
1.82742
1.82805
1.8279
1.82687
1.82498
1.82229
1.81897
1.81523
1.8113
1.80738
1.80357
1.79992
1.7964
1.79302
1.78986
1.78717
1.78531
1.78461
1.78529
1.78726
1.79019
1.79362
1.79711
1.80038
1.80335
1.80605
1.80859
1.81108
1.81355
1.81599
1.81831
1.82044
1.82227
1.82374
1.82481
1.82548
1.82579
1.82577
1.82552
1.8251
1.82463
1.82418
1.82382
1.82361
1.82356
1.82366
1.82387
1.82415
1.82441
1.82459
1.82464
1.82451
1.82419
1.82369
1.82301
1.82221
1.82133
1.82041
1.81948
1.81853
1.81754
1.8164
1.81503
1.81332
1.81121
1.80875
1.80614
1.80376
1.80212
1.80174
1.80293
1.80569
1.80967
1.81427
1.81887
1.82294
1.82617
1.82842
1.82969
1.8301
1.82982
1.82907
1.82807
1.82705
1.8262
1.82569
1.82564
1.82611
1.82708
1.82847
1.83013
1.83187
1.83349
1.83477
1.83553
1.83569
1.83523
1.83431
1.8332
1.83228
1.83192
1.83241
1.83381
1.83599
1.83864
1.84142
1.84402
1.84625
1.84803
1.84937
1.85036
1.85109
1.85166
1.85214
1.85259
1.85301
1.8534
1.85372
1.85395
1.85411
1.85421
1.8543
1.85444
1.85467
1.85499
1.85539
1.85579
1.85611
1.85625
1.85613
1.8557
1.85493
1.85385
1.8525
1.85098
1.8494
1.8479
1.84658
1.84555
1.84485
1.84451
1.84449
1.84473
1.84517
1.84571
1.84628
1.84682
1.84727
1.84761
1.84781
1.84789
1.84787
1.84775
1.84758
1.84737
1.84714
1.8469
1.84664
1.84634
1.84598
1.84553
1.84494
1.84418
1.84322
1.84204
1.84061
1.83894
1.83699
1.83476
1.83223
1.82939
1.82624
1.8228
1.8191
1.81525
1.81137
1.8077
1.80458
1.80244
1.80183
1.80322
1.80689
1.81275
1.82034
1.82891
1.83764
1.84578
1.85279
1.85831
1.86215
1.86422
1.86455
1.8633
1.86072
1.85728
1.85359
1.85038
1.84833
1.84785
1.849
1.85148
1.85474
1.85818
1.86127
1.86362
1.86499
1.86527
1.86445
1.86263
1.85996
1.85668
1.85303
1.84922
1.84541
1.84171
1.83826
1.83535
1.83351
1.83338
1.83551
1.84001
1.84639
1.85379
1.86126
1.86804
1.87365
1.87788
1.88066
1.88202
1.88206
1.88091
1.87878
1.87593
1.87265
1.86925
1.86601
1.86319
1.86098
1.8595
1.85876
1.85867
1.85906
1.85966
1.86019
1.86038
1.86001
1.85898
1.85732
1.85517
1.85276
1.85036
1.84824
1.84661
1.84561
1.84523
1.84544
1.84612
1.84717
1.84849
1.85002
1.85173
1.85362
1.85569
1.85792
1.86026
1.86265
1.865
1.86719
1.86911
1.87064
1.87168
1.87209
1.87175
1.87054
1.86828
1.86481
1.85997
1.85365
1.84583
1.83671
1.82671
1.81643
1.80649
1.79726
1.78878
1.78103
1.7743
1.76953
1.76799
1.77068
1.77777
1.78858
1.80186
1.81613
1.82999
1.84238
1.85266
1.86059
1.86618
1.86959
1.87095
1.87035
1.86781
1.86325
1.85661
1.84798
1.83783
1.8273
1.81816
1.81238
1.81122
1.81454
1.82089
1.82834
1.83537
1.84119
1.8456
1.84879
1.85104
1.85261
1.85368
1.85436
1.85471
1.85475
1.85452
1.85404
1.85339
1.85265
1.85192
1.85128
1.85081
1.85054
1.85048
1.85059
1.85082
1.85108
1.85131
1.85144
1.85142
1.85123
1.8509
1.85045
1.84996
1.84949
1.84913
1.84897
1.8491
1.84958
1.85044
1.85169
1.85328
1.85514
1.85718
1.85933
1.8615
1.86364
1.86571
1.86768
1.86952
1.87121
1.87271
1.874
1.87504
1.8758
1.87624
1.87633
1.87602
1.8753
1.87415
1.87255
1.87051
1.86808
1.86531
1.86233
1.85926
1.85625
1.85338
1.85067
1.848
1.84516
1.84187
1.83795
1.83341
1.82855
1.82401
1.8206
1.81905
1.81973
1.82252
1.82691
1.83222
1.83782
1.84325
1.84817
1.85239
1.85577
1.85821
1.85967
1.86014
1.85967
1.85841
1.85656
1.85443
1.85232
1.85057
1.8494
1.84894
1.84914
1.84985
1.85082
1.85182
1.85263
1.85312
1.85322
1.85292
1.85227
1.85138
1.85035
1.84928
1.84829
1.84742
1.84671
1.84614
1.84567
1.84523
1.84472
1.84405
1.84314
1.8419
1.84027
1.83817
1.83557
1.83248
1.82894
1.82509
1.82118
1.8175
1.81439
1.81215
1.8109
1.8106
1.81105
1.81195
1.81303
1.81411
1.81509
1.81599
1.81686
1.81776
1.81875
1.81985
1.82104
1.82228
1.82351
1.82467
1.82573
1.82665
1.82741
1.82803
1.82849
1.82882
1.82901
1.82907
1.829
1.82879
1.82845
1.82796
1.82735
1.82661
1.82576
1.82483
1.82384
1.82282
1.82179
1.82077
1.81977
1.81881
1.81786
1.81692
1.81597
1.81499
1.81397
1.81289
1.81175
1.81059
1.80944
1.80837
1.80745
1.8068
1.80653
1.80673
1.80748
1.8088
1.81063
1.81282
1.81519
1.81753
1.81969
1.82155
1.8231
1.82441
1.82556
1.82666
1.82773
1.82873
1.82957
1.83008
1.8301
1.82949
1.82813
1.82595
1.82293
1.81911
1.81458
1.80947
1.80402
1.79848
1.79321
1.78858
1.78498
1.78275
1.78211
1.78311
1.78562
1.78939
1.79408
1.79935
1.80488
1.81042
1.81573
1.82065
1.82502
1.8287
1.83156
1.8334
1.83402
1.83313
1.83038
1.82537
1.8177
1.80708
1.79356
1.77777
1.76108
1.74563
1.73389
1.72797
1.72896
1.73654
1.74911
1.76432
1.77982
1.7938
1.80522
1.81373
1.81947
1.82279
1.82411
1.82384
1.82228
1.8197
1.81629
1.81223
1.80768
1.80281
1.79784
1.79302
1.78863
1.78499
1.78237
1.781
1.78099
1.78234
1.78491
1.78845
1.79263
1.79714
1.80164
1.80588
1.80964
1.8128
1.81524
1.8169
1.81776
1.81777
1.81693
1.81524
1.81275
1.80954
1.8058
1.80179
1.79791
1.79461
1.7924
1.79169
1.79265
1.79518
1.79888
1.80317
1.80744
1.81117
1.81402
1.81582
1.81661
1.81652
1.81582
1.81478
1.81371
1.81284
1.81234
1.81226
1.81259
1.81321
1.814
1.81481
1.81548
1.81587
1.81587
1.81543
1.81453
1.81327
1.81182
1.81042
1.80935
1.80893
1.80936
1.81079
1.8132
1.81648
1.82041
1.82471
1.82913
1.83344
1.83748
1.84113
1.84435
1.84713
1.84948
1.85143
1.85302
1.85426
1.85517
1.85572
1.85587
1.85555
1.85467
1.85312
1.85078
1.84758
1.84352
1.83874
1.83356
1.8285
1.82423
1.8214
1.82047
1.82155
1.82433
1.82824
1.83258
1.83674
1.84024
1.8428
1.84434
1.8449
1.84461
1.84365
1.84225
1.84064
1.83907
1.8378
1.83712
1.83731
1.83856
1.84099
1.84448
1.84875
1.85327
1.85741
1.86043
1.86159
1.86019
1.85565
1.84775
1.83684
1.8243
1.8126
1.80472
1.80274
1.80672
1.81488
1.82487
1.83489
1.84402
1.852
1.85899
1.86529
1.87127
1.87713
1.88286
1.8882
1.89269
1.89579
1.897
1.896
1.8927
1.88735
1.88054
1.87309
1.86582
1.85935
1.85394
1.84953
1.84593
1.84295
1.84052
1.83868
1.83759
1.83749
1.83858
1.841
1.84476
1.84967
1.85544
1.86166
1.86794
1.8739
1.87925
1.88378
1.88738
1.89
1.89166
1.89243
1.89237
1.89159
1.8902
1.88833
1.88616
1.8839
1.88185
1.88029
1.87947
1.87951
1.88033
1.88169
1.88315
1.88424
1.88447
1.88349
1.8811
1.87732
1.87248
1.86716
1.8622
1.85847
1.85662
1.85691
1.85904
1.86231
1.86587
1.86895
1.8711
1.87219
1.87238
1.87195
1.87118
1.87017
1.86884
1.8669
1.86396
1.8596
1.85343
1.8453
1.83537
1.82434
1.81348
1.80443
1.7987
1.79697
1.79893
1.80361
1.81001
1.81749
1.82571
1.83441
1.84322
1.85168
1.85937
1.86598
1.87139
1.8756
1.87874
1.88098
1.88249
1.88344
1.88397
1.88418
1.88415
1.88392
1.88352
1.88293
1.88215
1.88113
1.87982
1.87817
1.8761
1.87357
1.87054
1.86699
1.86297
1.85861
1.85412
1.84977
1.84588
1.84276
1.84059
1.83942
1.83915
1.83953
1.84027
1.84107
1.84166
1.8418
1.84129
1.83993
1.8375
1.83379
1.82863
1.8221
1.81484
1.80826
1.80424
1.80426
1.8083
1.81478
1.82146
1.82664
1.82968
1.83078
1.83059
1.82969
1.82842
1.82687
1.82503
1.82287
1.82048
1.81805
1.81575
1.81373
1.81201
1.81053
1.8092
1.80794
1.80682
1.80601
1.8058
1.80648
1.80821
1.81103
1.81479
1.81925
1.82415
1.82921
1.83419
1.83884
1.84296
1.84636
1.84891
1.85052
1.85117
1.85087
1.84967
1.84765
1.84489
1.84149
1.83758
1.83329
1.82876
1.82415
1.81964
1.81537
1.81152
1.80822
1.80557
1.80367
1.80257
1.80229
1.8028
1.80398
1.80563
1.80753
1.8094
1.81097
1.81202
1.81237
1.81192
1.81062
1.8085
1.80567
1.80235
1.79885
1.79557
1.79292
1.79124
1.7907
1.79127
1.79276
1.79481
1.79709
1.79932
1.80128
1.80287
1.80407
1.80488
1.80534
1.80551
1.80543
1.80516
1.80472
1.80416
1.80351
1.80279
1.80203
1.80128
1.80057
1.79996
1.7995
1.79924
1.79924
1.79954
1.80018
1.80117
1.80251
1.80418
1.80614
1.80835
1.81076
1.81331
1.81595
1.8186
1.82122
1.82373
1.82606
1.82813
1.82984
1.83107
1.83168
1.83151
1.8304
1.82817
1.82468
1.81989
1.81387
1.80687
1.79939
1.79211
1.78582
1.78127
1.77898
1.7792
1.78186
1.78656
1.79265
1.79929
1.80555
1.81056
1.81362
1.81433
1.81263
1.80881
1.80361
1.79808
1.79342
1.79063
1.79017
1.79182
1.79493
1.79876
1.80275
1.80664
1.81034
1.81383
1.81699
1.8197
1.82178
1.82318
1.82391
1.82413
1.82405
1.82388
1.82377
1.82373
1.82367
1.82337
1.82261
1.82123
1.81921
1.81673
1.81411
1.8118
1.81022
1.80968
1.81034
1.81214
1.81485
1.81813
1.82156
1.82472
1.82729
1.82903
1.82989
1.82994
1.82938
1.82852
1.82765
1.82706
1.82692
1.82725
1.82798
1.82887
1.82967
1.83011
1.82994
1.82896
1.82704
1.82414
1.82032
1.81579
1.81093
1.80628
1.8025
1.80024
1.79992
1.80159
1.80494
1.80943
1.81442
1.81938
1.82393
1.82786
1.83109
1.83361
1.83545
1.83664
1.83724
1.83728
1.8368
1.83584
1.83445
1.83266
1.83054
1.82818
1.82568
1.82314
1.82069
1.81846
1.81652
1.81494
1.81373
1.81283
1.81215
1.81154
1.81088
1.81009
1.8092
1.80837
1.80794
1.8083
1.80981
1.81262
1.81662
1.82145
1.82662
1.83167
1.83624
1.84011
1.84316
1.84534
1.84662
1.84692
1.84614
1.84413
1.84074
1.83582
1.82924
1.82102
1.81133
1.80065
1.78982
1.78007
1.7728
1.76921
1.76985
1.7743
1.78132
1.78938
1.79714
1.80375
1.80892
1.81275
1.81559
1.81779
1.8197
1.82157
1.82361
1.82604
1.82906
1.83282
1.83733
1.84239
1.84769
1.85281
1.85738
1.86111
1.86381
1.86539
1.86579
1.86505
1.86327
1.86066
1.85755
1.85439
1.85166
1.84972
1.84866
1.8482
1.84784
1.847
1.84532
1.84278
1.83979
1.83711
1.8356
1.83586
1.83799
1.84158
1.84588
1.85011
1.85371
1.85639
1.85813
1.85908
1.85949
1.85964
1.85976
1.85999
1.86031
1.86056
1.86044
1.85959
1.85773
1.85474
1.85073
1.846
1.84093
1.83578
1.83065
1.82553
1.82042
1.81558
1.81158
1.80931
1.80963
1.81312
1.81977
1.82899
1.83982
1.85117
1.8621
1.8719
1.88018
1.88678
1.89171
1.89514
1.89725
1.89829
1.89845
1.89793
1.89688
1.89543
1.89368
1.89171
1.88959
1.88736
1.88508
1.88279
1.88053
1.87833
1.87621
1.87419
1.87225
1.87034
1.86841
1.86637
1.8641
1.86149
1.85846
1.85495
1.85093
1.84645
1.84165
1.8367
1.83187
1.82746
1.82375
1.82099
1.81933
1.81882
1.81938
1.82086
1.82305
1.82572
1.82866
1.83169
1.83462
1.8373
1.83957
1.84128
1.8423
1.84256
1.84205
1.84086
1.83917
1.83727
1.83545
1.83399
1.83307
1.83276
1.83304
1.83378
1.83482
1.83598
1.83709
1.83802
1.83867
1.83896
1.8389
1.83852
1.83787
1.83704
1.83616
1.83532
1.83463
1.83413
1.83385
1.83376
1.83377
1.83375
1.83355
1.83299
1.83187
1.83001
1.82725
1.82348
1.81866
1.81289
1.80646
1.79986
1.79373
1.78874
1.78533
1.78361
1.78324
1.78364
1.78418
1.78446
1.78434
1.78395
1.78358
1.78355
1.78403
1.78503
1.7864
1.7879
1.78928
1.79039
1.79117
1.79165
1.79194
1.79219
1.79255
1.79313
1.794
1.79516
1.79654
1.79805
1.79957
1.80099
1.80219
1.8031
1.80364
1.80376
1.80342
1.80258
1.80118
1.79918
1.79653
1.79319
1.78915
1.78447
1.77931
1.77395
1.76886
1.76466
1.76201
1.76146
1.76326
1.76726
1.77292
1.77951
1.78629
1.79266
1.79826
1.8029
1.80652
1.80916
1.81087
1.81171
1.81172
1.81095
1.80942
1.80719
1.80438
1.80118
1.7979
1.79495
1.79279
1.79181
1.79224
1.79407
1.79703
1.80072
1.80473
1.80869
1.81235
1.81557
1.8183
1.82056
1.8224
1.82391
1.82522
1.82648
1.82789
1.8296
1.83173
1.83426
1.83699
1.8396
1.8416
1.84247
1.84163
1.83858
1.83289
1.82441
1.8134
1.80078
1.78827
1.77824
1.77304
1.7741
1.78121
1.79267
1.80617
1.81963
1.83172
1.84184
1.8499
1.85607
1.86061
1.86383
1.86598
1.86733
1.8681
1.86849
1.86864
1.86864
1.86851
1.86824
1.86778
1.86713
1.86639
1.86573
1.86545
1.86588
1.86723
1.86957
1.87273
1.8764
1.88017
1.88367
1.88662
1.88883
1.89021
1.89076
1.8905
1.88949
1.88783
1.88561
1.88295
1.87999
1.87687
1.87377
1.87088
1.86841
1.86657
1.86549
1.86515
1.86537
1.86576
1.86591
1.8654
1.86397
1.86158
1.85845
1.85501
1.85188
1.84969
1.84896
1.84995
1.85255
1.85638
1.8609
1.86552
1.86976
1.87327
1.87588
1.87755
1.87832
1.87831
1.87765
1.87649
1.87495
1.87317
1.87125
1.86926
1.8673
1.86541
1.86367
1.8621
1.86071
1.85948
1.85839
1.85739
1.85644
1.85557
1.85482
1.85426
1.85397
1.85401
1.85439
1.85509
1.856
1.85701
1.85799
1.85881
1.85937
1.8596
1.85947
1.85897
1.8581
1.85691
1.85543
1.85371
1.8518
1.84976
1.84764
1.8455
1.84339
1.84137
1.83948
1.83776
1.83622
1.83484
1.83358
1.83231
1.83088
1.82907
1.82661
1.82317
1.81842
1.81214
1.80438
1.79575
1.78751
1.78141
1.779
1.78082
1.78599
1.79274
1.79925
1.8043
1.80738
1.80854
1.8082
1.80693
1.80537
1.80411
1.80359
1.80403
1.80543
1.8076
1.81022
1.81301
1.81569
1.81809
1.82013
1.82176
1.82298
1.82383
1.82432
1.8245
1.82438
1.82397
1.82329
1.82231
1.82105
1.81948
1.8176
1.81544
1.81305
1.81052
1.808
1.80567
1.80371
1.80232
1.80156
1.80144
1.80182
1.80244
1.80299
1.8031
1.80238
1.80045
1.79703
1.792
1.7856
1.77864
1.77256
1.7691
1.76961
1.77426
1.78194
1.79083
1.79925
1.80609
1.81092
1.81373
1.81474
1.81427
1.81267
1.81028
1.80743
1.80447
1.8017
1.7994
1.79777
1.79689
1.79678
1.79733
1.79839
1.7998
1.80139
1.80302
1.80461
1.80608
1.80742
1.8086
1.80965
1.81057
1.81139
1.81213
1.81281
1.81344
1.81404
1.81459
1.81509
1.81553
1.81588
1.81611
1.81618
1.81606
1.81571
1.81509
1.8142
1.81302
1.81158
1.80989
1.80801
1.80597
1.80382
1.80163
1.79947
1.79748
1.79582
1.79468
1.79416
1.79422
1.79456
1.79468
1.79395
1.79175
1.78762
1.78148
1.77379
1.76572
1.75905
1.75564
1.7566
1.76177
1.76982
1.77901
1.78791
1.79568
1.80206
1.80711
1.81103
1.81408
1.81644
1.81829
1.81973
1.82082
1.82161
1.82215
1.82245
1.82255
1.82247
1.82225
1.8219
1.82147
1.82099
1.82048
1.81998
1.81951
1.81909
1.81872
1.81841
1.81814
1.81789
1.81763
1.81733
1.81693
1.8164
1.81573
1.81489
1.8139
1.8128
1.81167
1.81059
1.80968
1.80904
1.80878
1.80895
1.80957
1.81064
1.81208
1.81384
1.81581
1.81793
1.8201
1.82226
1.82436
1.82635
1.8282
1.82988
1.83137
1.83264
1.83368
1.83445
1.83495
1.83516
1.83506
1.83467
1.83402
1.83316
1.83217
1.83115
1.83016
1.82928
1.82851
1.82784
1.82722
1.82661
1.82599
1.82543
1.82505
1.82502
1.82551
1.82661
1.82835
1.83059
1.83306
1.83535
1.83688
1.83695
1.83471
1.82934
1.82035
1.80829
1.79547
1.78586
1.78329
1.78872
1.7995
1.81149
1.82163
1.82881
1.83329
1.83579
1.83697
1.83723
1.8367
1.83542
1.83347
1.83099
1.82822
1.82546
1.82302
1.82121
1.82028
1.82044
1.82182
1.82444
1.82817
1.83277
1.83793
1.84331
1.84859
1.85355
1.85801
1.86188
1.86513
1.86775
1.86976
1.87118
1.87206
1.87243
1.87231
1.87174
1.87074
1.86931
1.86746
1.8652
1.86253
1.85945
1.85599
1.8522
1.84813
1.84389
1.83958
1.8353
1.83113
1.82715
1.8234
1.81993
1.81681
1.81416
1.81213
1.81093
1.81073
1.81169
1.81385
1.81716
1.82144
1.82643
1.8318
1.83723
1.84243
1.84715
1.85127
1.85468
1.85738
1.85939
1.86076
1.86157
1.86187
1.86176
1.86128
1.8605
1.85947
1.85823
1.85682
1.85528
1.85362
1.85189
1.8501
1.84829
1.84648
1.84472
1.84303
1.84145
1.83999
1.83867
1.8375
1.83645
1.83548
1.83454
1.83357
1.83249
1.83121
1.82967
1.82781
1.82562
1.82309
1.82028
1.81727
1.81419
1.81118
1.80838
1.8059
1.80381
1.80214
1.80084
1.79986
1.79914
1.79867
1.79849
1.79871
1.79947
1.80093
1.80315
1.80612
1.80966
1.81351
1.81732
1.8207
1.82327
1.82471
1.82478
1.82333
1.82035
1.81602
1.81075
1.80518
1.80018
1.79667
1.79547
1.79698
1.80104
1.80697
1.81376
1.82045
1.8263
1.83088
1.834
1.83568
1.83598
1.83497
1.83269
1.82914
1.82427
1.8181
1.81074
1.80251
1.79401
1.78605
1.77948
1.77491
1.77251
1.77201
1.77291
1.77474
1.77717
1.7801
1.78346
1.78722
1.79127
1.7955
1.79975
1.80391
1.8079
1.81166
1.81521
1.81855
1.82168
1.82463
1.82739
1.82996
1.83232
1.83447
1.83637
1.83803
1.83944
1.84059
1.8415
1.84216
1.84259
1.84279
1.84279
1.84259
1.84221
1.84169
1.84105
1.84034
1.83961
1.83891
1.83829
1.83779
1.83742
1.83716
1.83694
1.83667
1.83622
1.83544
1.83421
1.83244
1.83011
1.82726
1.82404
1.8207
1.81749
1.8147
1.81246
1.8108
1.80955
1.80842
1.80708
1.80533
1.80325
1.80129
1.8002
1.80077
1.80347
1.80825
1.81449
1.82139
1.8282
1.83444
1.83991
1.84459
1.84859
1.85203
1.85502
1.85764
1.85994
1.86194
1.86363
1.865
1.86601
1.86661
1.86675
1.86639
1.86548
1.86402
1.86202
1.85953
1.85664
1.8535
1.85026
1.8471
1.84421
1.84176
1.83989
1.83867
1.83806
1.83795
1.8381
1.83822
1.83804
1.83735
1.83609
1.83438
1.83256
1.83113
1.83068
1.83164
1.83413
1.83788
1.84231
1.84664
1.85012
1.85212
1.85215
1.85002
1.84582
1.84008
1.83377
1.82802
1.82383
1.82157
1.82101
1.82153
1.82262
1.82411
1.82617
1.82907
1.83294
1.83769
1.84298
1.8484
1.85351
1.85801
1.86173
1.86466
1.86686
1.86846
1.8696
1.87039
1.8709
1.87115
1.87114
1.87085
1.87026
1.86935
1.86816
1.86674
1.86519
1.86363
1.86222
1.86109
1.86037
1.86014
1.86046
1.86131
1.86264
1.86436
1.86636
1.8685
1.87065
1.87268
1.87447
1.87591
1.87694
1.87752
1.87766
1.87743
1.87695
1.87641
1.87601
1.87593
1.87634
1.8773
1.87878
1.88063
1.88264
1.88452
1.88598
1.88676
1.88665
1.88554
1.88344
1.88048
1.87693
1.87316
1.8696
1.86666
1.86466
1.86374
1.86388
1.86493
1.86664
1.86878
1.87113
1.87351
1.8758
1.87791
1.87978
1.88136
1.88263
1.88359
1.88428
1.88475
1.88508
1.88535
1.88566
1.88608
1.88667
1.88746
1.88843
1.88954
1.89075
1.89199
1.8932
1.89432
1.89531
1.89613
1.89676
1.89718
1.89738
1.89733
1.897
1.89637
1.89541
1.89407
1.89234
1.89023
1.88777
1.88505
1.88223
1.8795
1.87704
1.87497
1.87331
1.87191
1.87048
1.86868
1.86618
1.86278
1.85842
1.85328
1.84768
1.84207
1.83697
1.83288
1.83023
1.82932
1.8303
1.83306
1.83726
1.84236
1.84779
1.85303
1.85771
1.86154
1.86429
1.86576
1.86573
1.86394
1.86009
1.85381
1.84479
1.83317
1.82005
1.80804
1.80084
1.80144
1.80998
1.82357
1.83832
1.85131
1.86128
1.86816
1.8725
1.87495
1.87614
1.87654
1.87642
1.87592
1.87506
1.87376
1.87193
1.86953
1.86661
1.86329
1.85977
1.85619
1.85258
1.84877
1.84439
1.83893
1.83186
1.82285
1.8119
1.79957
1.78695
1.77557
1.76714
1.76315
1.7644
1.77071
1.7809
1.79315
1.8056
1.81686
1.82622
1.83355
1.83905
1.8431
1.84607
1.84823
1.84981
1.85089
1.85157
1.85189
1.85192
1.85178
1.8516
1.85152
1.85168
1.85214
1.85292
1.85397
1.85518
1.85643
1.8576
1.85858
1.85929
1.85968
1.85973
1.85944
1.85882
1.8579
1.85673
1.85536
1.85387
1.85237
1.85097
1.84981
1.84902
1.84873
1.84905
1.85006
1.85177
1.85415
1.85712
1.86052
1.8642
1.86795
1.87155
1.87476
1.87733
1.87899
1.87946
1.87852
1.87604
1.87207
1.86688
1.86094
1.85481
1.84888
1.84326
1.83784
1.83256
1.82785
1.82471
1.82436
1.82748
1.83365
1.84146
1.84924
1.85577
1.86056
1.86373
1.8658
1.86744
1.86927
1.87175
1.87511
1.87931
1.8841
1.88908
1.89378
1.8978
1.90085
1.9028
1.90367
1.90363
1.90298
1.90207
1.90123
1.90074
1.90073
1.90121
1.90204
1.90303
1.90397
1.90467
1.90499
1.90488
1.90435
1.90346
1.90232
1.90106
1.89984
1.89878
1.89797
1.89747
1.89729
1.89739
1.8977
1.89814
1.89862
1.89904
1.89929
1.89925
1.89883
1.89793
1.89649
1.89451
1.89208
1.88936
1.88663
1.88421
1.88249
1.88179
1.88228
1.88397
1.88664
1.88993
1.89339
1.89659
1.89918
1.90091
1.90166
1.90141
1.90026
1.89839
1.89601
1.89338
1.89078
1.88842
1.88646
1.88498
1.88397
1.88336
1.88307
1.88299
1.88305
1.88322
1.88351
1.88393
1.88447
1.88507
1.88559
1.88582
1.88549
1.88436
1.8822
1.87891
1.87457
1.86943
1.86397
1.85883
1.8547
1.85217
1.85152
1.85266
1.85513
1.85827
1.8614
1.86396
1.86559
1.86611
1.86553
1.86399
1.86174
1.85909
1.85636
1.85389
1.85191
1.85055
1.84986
1.84973
1.85004
1.85063
1.85133
1.85202
1.85259
1.85297
1.85308
1.85287
1.85229
1.85133
1.84997
1.84822
1.84611
1.84369
1.84102
1.83818
1.83524
1.83229
1.82937
1.82652
1.8238
1.82122
1.81885
1.81675
1.81501
1.81373
1.81297
1.81277
1.81308
1.81383
1.81491
1.8162
1.81762
1.81911
1.82064
1.82221
1.82377
1.8253
1.82673
1.82796
1.82891
1.82947
1.82955
1.82907
1.82798
1.82622
1.82376
1.82058
1.81669
1.8121
1.80688
1.80115
1.7951
1.78897
1.78308
1.77779
1.77344
1.77038
1.76882
1.76888
1.77054
1.77361
1.77782
1.7828
1.78816
1.79353
1.79859
1.8031
1.8069
1.80993
1.81218
1.81368
1.81447
1.81463
1.8142
1.81321
1.81167
1.80957
1.80692
1.80372
1.80005
1.79608
1.79208
1.78845
1.78562
1.78403
1.78394
1.78538
1.78814
1.79182
1.7959
1.7999
1.80341
1.80621
1.8082
1.80942
1.81
1.81017
1.81013
1.81012
1.8103
1.81076
1.81153
1.81254
1.81371
1.81492
1.81605
1.81702
1.81776
1.81817
1.8182
1.81778
1.81684
1.81537
1.81342
1.81112
1.8087
1.80643
1.80465
1.80361
1.8035
1.80435
1.80605
1.80841
1.81124
1.81435
1.8176
1.82091
1.82421
1.82747
1.83066
1.83373
1.83663
1.83929
1.84165
1.84363
1.84517
1.84621
1.84668
1.84652
1.84569
1.84415
1.84186
1.83883
1.83508
1.8307
1.82579
1.82046
1.81485
1.80911
1.80341
1.79803
1.79331
1.78962
1.7872
1.78601
1.78568
1.78575
1.78589
1.78622
1.78728
1.78979
1.79415
1.80013
1.80687
1.81333
1.81861
1.82223
1.82414
1.8246
1.82407
1.82303
1.82196
1.82115
1.82075
1.82068
1.8207
1.82048
1.81968
1.81808
1.81563
1.81254
1.80927
1.80652
1.80499
1.80521
1.80727
1.8108
1.81511
1.81943
1.82313
1.82582
1.82734
1.8277
1.82701
1.82544
1.82316
1.82034
1.81716
1.81377
1.81031
1.80695
1.80383
1.80106
1.79876
1.79696
1.7957
1.79495
1.7947
1.7949
1.79556
1.79668
1.7983
1.80041
1.80301
1.80599
1.80923
1.81256
1.81578
1.81875
1.82135
1.82353
1.82529
1.82664
1.82765
1.82837
1.82886
1.82916
1.82929
1.82927
1.82911
1.82882
1.8284
1.82786
1.8272
1.82643
1.82557
1.82463
1.82364
1.8226
1.82156
1.82051
1.81948
1.81843
1.81736
1.81619
1.81485
1.81325
1.81131
1.80893
1.80608
1.80276
1.79906
1.79512
1.79115
1.78738
1.78408
1.78144
1.77963
1.77872
1.77869
1.7795
1.78103
1.78316
1.78578
1.78878
1.79202
1.79542
1.79887
1.80226
1.80551
1.80852
1.8112
1.8135
1.81536
1.81675
1.81765
1.81804
1.81793
1.81735
1.81633
1.81494
1.81326
1.81141
1.80954
1.80778
1.80627
1.80511
1.80436
1.80399
1.80395
1.80414
1.80447
1.80485
1.80523
1.8056
1.80595
1.80632
1.80674
1.80725
1.80787
1.80863
1.80956
1.81069
1.81203
1.81361
1.81543
1.8175
1.81976
1.82218
1.82468
1.82719
1.82964
1.83198
1.83417
1.83618
1.83801
1.83966
1.84116
1.8425
1.84371
1.84479
1.84574
1.84654
1.84718
1.84763
1.84788
1.84791
1.8477
1.84723
1.84652
1.84555
1.84432
1.84278
1.84087
1.83853
1.83569
1.8324
1.82883
1.82538
1.82261
1.82119
1.82157
1.82383
1.82761
1.83228
1.83714
1.84168
1.84565
1.84899
1.85184
1.85435
1.85669
1.85898
1.86125
1.8635
1.86565
1.86765
1.86942
1.87091
1.8721
1.87302
1.87369
1.87417
1.8745
1.87472
1.87486
1.87493
1.8749
1.87478
1.87454
1.87418
1.87371
1.87314
1.87253
1.87191
1.87136
1.87093
1.87069
1.87066
1.87088
1.87133
1.872
1.87282
1.87376
1.87477
1.87579
1.8768
1.87778
1.87871
1.87958
1.8804
1.88115
1.88183
1.88243
1.88293
1.88331
1.88355
1.8836
1.88342
1.88297
1.88219
1.88102
1.87941
1.87729
1.87462
1.87138
1.86759
1.86333
1.85876
1.8541
1.84966
1.84572
1.84253
1.84024
1.83892
1.83858
1.83923
1.84094
1.84383
1.84794
1.85318
1.85929
1.86583
1.87228
1.87817
1.88315
1.88698
1.88953
1.89074
1.89059
1.88907
1.88615
1.88186
1.87627
1.86957
1.8621
1.85436
1.84699
1.84069
1.83611
1.83374
1.83388
1.83658
1.84162
1.84855
1.85674
1.86552
1.87422
1.88229
1.88932
1.89508
1.89945
1.90239
1.90393
1.90413
1.90308
1.90087
1.89764
1.89356
1.88883
1.88374
1.8786
1.87371
1.86937
1.86579
1.86313
1.86146
1.8608
1.86107
1.86212
1.86374
1.86565
1.86757
1.8693
1.8707
1.87174
1.87247
1.87298
1.8734
1.87381
1.87426
1.87473
1.87516
1.8754
1.87531
1.87472
1.87349
1.87153
1.86884
1.86547
1.8616
1.85746
1.85336
1.84964
1.84658
1.8444
1.84316
1.84277
1.84301
1.84356
1.84408
1.84427
1.84395
1.8431
1.84188
1.8406
1.83961
1.83917
1.83939
1.84014
1.84117
1.84217
1.84287
1.84314
1.84298
1.84249
1.84183
1.84117
1.84066
1.84038
1.84035
1.84053
1.84081
1.8411
1.84128
1.84125
1.84095
1.84034
1.83941
1.83819
1.83672
1.83508
1.83341
1.83183
1.8305
1.82959
1.82918
1.82932
1.82992
1.83076
1.8315
1.83169
1.83078
1.82822
1.82358
1.81673
1.80823
1.79949
1.79273
1.79008
1.79246
1.79899
1.80762
1.81626
1.82357
1.82904
1.83275
1.83502
1.83623
1.8367
1.83672
1.83645
1.83605
1.8356
1.83514
1.83468
1.83418
1.83353
1.83259
1.83118
1.8291
1.82619
1.8224
1.81794
1.81336
1.80954
1.80752
1.80814
1.81156
1.81726
1.82417
1.83118
1.83744
1.84244
1.846
1.84813
1.84895
1.84862
1.84731
1.84523
1.84258
1.83962
1.83658
1.83367
1.831
1.82859
1.82635
1.82419
1.822
1.81979
1.81765
1.81574
1.81425
1.81329
1.81293
1.81315
1.8139
1.81513
1.81683
1.819
1.82159
1.82451
1.82761
1.83065
1.83344
1.83577
1.83754
1.8387
1.83929
1.83941
1.83918
1.83873
1.83811
1.8373
1.83612
1.8343
1.83149
1.82737
1.82187
1.81538
1.80884
1.80367
1.8013
1.8027
1.8079
1.81601
1.82559
1.83509
1.84327
1.84935
1.85302
1.85435
1.85363
1.85126
1.84775
1.84361
1.83938
1.83561
1.8328
1.83139
1.83167
1.83375
1.83749
1.84253
1.84838
1.8545
1.86043
1.8658
1.87037
1.874
1.87663
1.87822
1.87874
1.87815
1.87636
1.87325
1.86871
1.86266
1.8552
1.84668
1.83784
1.8296
1.82277
1.81761
1.81367
1.81013
1.80645
1.80283
1.80021
1.79977
1.80225
1.80759
1.81507
1.82369
1.83248
1.84067
1.84772
1.85329
1.85723
1.85957
1.86046
1.8601
1.85873
1.85655
1.85376
1.85053
1.847
1.8433
1.83957
1.83595
1.83261
1.82969
1.8273
1.82549
1.82424
1.82345
1.82293
1.82252
1.82204
1.82143
1.82068
1.81994
1.8194
1.81932
1.81986
1.8211
1.82293
1.82507
1.82716
1.82877
1.82957
1.82939
1.82829
1.82663
1.82497
1.824
1.82429
1.82614
1.82943
1.83371
1.83837
1.84284
1.84665
1.84955
1.85142
1.85228
1.85224
1.85145
1.85007
1.84829
1.8463
1.84429
1.84243
1.84084
1.83965
1.83891
1.83864
1.83879
1.83931
1.84008
1.84102
1.84202
1.84301
1.8439
1.84466
1.84525
1.84564
1.8458
1.84573
1.84539
1.84476
1.84378
1.84241
1.84058
1.83825
1.83535
1.83189
1.82792
1.82358
1.81909
1.81473
1.8108
1.8075
1.80492
1.803
1.80156
1.80044
1.79951
1.79876
1.79826
1.79814
1.79858
1.79973
1.80169
1.80446
1.80788
1.81169
1.81557
1.8192
1.82232
1.82477
1.82647
1.82742
1.82763
1.82713
1.82596
1.82413
1.82162
1.81843
1.81453
1.80994
1.80472
1.79904
1.79318
1.78756
1.78264
1.77886
1.77649
1.77558
1.77592
1.7772
1.779
1.78099
1.78289
1.78452
1.78574
1.78648
1.78672
1.78644
1.78568
1.78449
1.78295
1.78117
1.77929
1.77746
1.77583
1.77455
1.77371
1.7734
1.7736
1.77429
1.77535
1.77668
1.77813
1.77955
1.78084
1.78188
1.7826
1.78294
1.78287
1.7824
1.78153
1.78034
1.77891
1.77734
1.77575
1.77426
1.77293
1.77177
1.77071
1.7696
1.76827
1.76654
1.76431
1.76156
1.75844
1.75524
1.75234
1.75015
1.749
1.74909
1.75048
1.75309
1.75674
1.76117
1.76605
1.771
1.77567
1.77974
1.78301
1.78533
1.78665
1.78702
1.78656
1.78546
1.78404
1.78266
1.78169
1.78145
1.78215
1.78379
1.7862
1.78911
1.79221
1.79521
1.79791
1.8002
1.80202
1.80338
1.80431
1.80483
1.80499
1.80483
1.80437
1.80364
1.80265
1.80142
1.79997
1.79833
1.79655
1.79467
1.79279
1.79099
1.78943
1.78828
1.7877
1.78787
1.78892
1.7909
1.79376
1.79737
1.8015
1.80592
1.81039
1.81472
1.81875
1.82238
1.82554
1.82821
1.83038
1.83209
1.8334
1.83437
1.83511
1.83571
1.83626
1.83681
1.83739
1.83802
1.83866
1.83929
1.83988
1.8404
1.8408
1.84102
1.84101
1.84068
1.83998
1.83888
1.83737
1.83549
1.83328
1.83078
1.82804
1.82504
1.82168
1.8177
1.81253
1.80523
1.79461
1.77984
1.76184
1.74493
1.73638
1.74163
1.75919
1.78202
1.80341
1.82024
1.83235
1.84083
1.84694
1.85164
1.85557
1.85906
1.86224
1.86512
1.86765
1.86974
1.87131
1.87228
1.8726
1.87223
1.87116
1.8694
1.86699
1.86401
1.86056
1.85674
1.85264
1.84826
1.84357
1.83844
1.83272
1.82631
1.81923
1.8117
1.80416
1.7972
1.79148
1.78755
1.78567
1.78574
1.78732
1.78976
1.79247
1.7952
1.7981
1.80175
1.80686
1.8138
1.82239
1.83191
1.84141
1.85007
1.85739
1.86321
1.86761
1.87078
1.87298
1.87444
1.87535
1.87581
1.87589
1.87557
1.87476
1.87333
1.87111
1.86796
1.86383
1.85888
1.85356
1.84867
1.84517
1.84387
1.84499
1.84805
1.852
1.85563
1.85797
1.85841
1.85671
1.85297
1.84762
1.84137
1.83524
1.83043
1.828
1.82859
1.83211
1.83782
1.84468
1.85164
1.85794
1.86312
1.86698
1.86949
1.87066
1.87058
1.86931
1.86696
1.86363
1.85947
1.85466
1.84936
1.84378
1.83815
1.83285
1.82846
1.82568
1.82507
1.8267
1.83006
1.83422
1.83822
1.84139
1.84342
1.84437
1.84448
1.8441
1.84358
1.84322
1.84322
1.84364
1.84444
1.84548
1.84657
1.84755
1.84827
1.84865
1.84866
1.84828
1.84756
1.84654
1.84531
1.84395
1.84259
1.84136
1.84041
1.8399
1.83994
1.84055
1.84169
1.84324
1.84498
1.84671
1.8482
1.84931
1.84996
1.85019
1.85013
1.85004
1.8502
1.85089
1.85225
1.85426
1.85667
1.85906
1.86095
1.86182
1.86124
1.85888
1.85461
1.84852
1.84103
1.8329
1.82515
1.81885
1.81486
1.8135
1.81458
1.81748
1.8214
1.82556
1.82933
1.83227
1.83414
1.83494
1.83477
1.83384
1.83239
1.83061
1.82866
1.82665
1.82468
1.82281
1.82112
1.8197
1.81865
1.81806
1.81804
1.81865
1.81993
1.82182
1.82422
1.82694
1.82979
1.83256
1.8351
1.8373
1.83908
1.84043
1.84136
1.84189
1.84208
1.84195
1.84157
1.84096
1.84017
1.83923
1.83818
1.83706
1.83591
1.83475
1.83362
1.83254
1.8315
1.83052
1.82957
1.82865
1.82774
1.82686
1.82601
1.82521
1.82449
1.82389
1.82345
1.82326
1.82336
1.82382
1.82462
1.82572
1.82697
1.82823
1.82928
1.82991
1.82993
1.82917
1.82747
1.82474
1.82096
1.81627
1.81106
1.80598
1.80183
1.79942
1.79923
1.80126
1.80508
1.81
1.81538
1.82072
1.82573
1.83025
1.83422
1.83758
1.84031
1.84236
1.8437
1.8443
1.84415
1.84322
1.84155
1.83915
1.83607
1.83238
1.82818
1.82362
1.81884
1.81405
1.80943
1.80514
1.80131
1.79805
1.79548
1.79375
1.7931
1.79376
1.79588
1.7994
1.80399
1.80905
1.81387
1.81774
1.8201
1.82062
1.81921
1.81613
1.81193
1.80743
1.80352
1.80092
1.7999
1.80025
1.8014
1.80276
1.80393
1.80481
1.80551
1.80624
1.80715
1.8083
1.80958
1.81084
1.81191
1.81264
1.81297
1.81287
1.81238
1.81159
1.81058
1.80944
1.80826
1.80711
1.80605
1.80512
1.80433
1.80369
1.80319
1.8028
1.8025
1.80229
1.80213
1.80203
1.80199
1.80202
1.80215
1.80239
1.80277
1.8033
1.80401
1.80491
1.80599
1.80726
1.80871
1.81032
1.81208
1.81394
1.81587
1.81784
1.8198
1.82171
1.82354
1.82526
1.82684
1.82828
1.82955
1.83065
1.83159
1.83239
1.83305
1.83361
1.83411
1.83457
1.83505
1.83557
1.83617
1.83684
1.83756
1.8383
1.83898
1.83953
1.83987
1.83994
1.83974
1.83927
1.83864
1.83801
1.83759
1.83763
1.83836
1.83997
1.84254
1.84605
1.85036
1.85523
1.8604
1.86559
1.87059
1.87522
1.87934
1.88289
1.88583
1.88814
1.88982
1.89085
1.89123
1.8909
1.88976
1.88766
1.88436
1.87953
1.87282
1.8639
1.85258
1.8391
1.82434
1.80994
1.79821
1.79141
1.79089
1.7965
1.80675
1.81963
1.83328
1.84638
1.85815
1.86823
1.87652
1.8831
1.88819
1.89204
1.89493
1.89711
1.89874
1.89994
1.90073
1.90107
1.90092
1.90023
1.89897
1.89715
1.89481
1.89201
1.88884
1.88543
1.88197
1.87867
1.87577
1.87349
1.87198
1.87125
1.87119
1.87158
1.87217
1.87277
1.87329
1.87373
1.87421
1.87483
1.87573
1.87695
1.87852
1.88039
1.88249
1.88476
1.88711
1.8895
1.89187
1.89417
1.89636
1.89838
1.90015
1.9016
1.90262
1.90312
1.90301
1.90218
1.90059
1.89821
1.89511
1.89138
1.88721
1.88282
1.87844
1.87431
1.87062
1.86753
1.86511
1.86333
1.86205
1.86099
1.8598
1.85808
1.85555
1.85204
1.84764
1.84271
1.83788
1.83389
1.83143
1.83081
1.83184
1.83389
1.83613
1.83787
1.83869
1.83859
1.83796
1.83738
1.83746
1.83848
1.84033
1.84252
1.84444
1.8456
1.84578
1.84511
1.84393
1.84273
1.84194
1.8418
1.84232
1.84328
1.84438
1.84531
1.84585
1.84588
1.84536
1.84431
1.84278
1.84082
1.83851
1.83597
1.83339
1.83103
1.82915
1.82797
1.82759
1.82794
1.82879
1.82983
1.83074
1.83127
1.83123
1.83052
1.82912
1.82704
1.82432
1.82101
1.81714
1.81275
1.80784
1.80239
1.79638
1.78978
1.7826
1.77491
1.76686
1.75878
1.75114
1.74459
1.73987
1.73763
1.73817
1.74122
1.74596
1.75126
1.75598
1.75929
1.76084
1.76077
1.75968
1.75853
1.75835
1.75992
1.76348
1.7687
1.77485
1.78112
1.78691
1.79184
1.7958
1.7988
1.80097
1.80244
1.80332
1.80372
1.80371
1.80334
1.80261
1.80156
1.80017
1.79846
1.79644
1.79412
1.79156
1.78878
1.78584
1.78275
1.77946
1.77589
1.77183
1.76707
1.76137
1.75458
1.74679
1.73835
1.73
1.7227
1.71747
1.71497
1.71526
1.71779
1.72162
1.72581
1.72966
1.73287
1.73548
1.73771
1.73982
1.74203
1.74443
1.74698
1.74958
1.75209
1.75437
1.75632
1.75788
1.75905
1.75983
1.76027
1.7604
1.76029
1.75999
1.75953
1.75898
1.75837
1.75775
1.75714
1.75658
1.7561
1.75569
1.75538
1.75514
1.75498
1.75486
1.75476
1.75465
1.75451
1.7543
1.75401
1.75362
1.7531
1.75244
1.75162
1.75065
1.74951
1.74822
1.74677
1.74521
1.74356
1.74187
1.7402
1.73861
1.73716
1.73589
1.73478
1.73379
1.73281
1.73173
1.73041
1.7288
1.72694
1.72503
1.72341
1.72252
1.72277
1.72436
1.72726
1.73115
1.73561
1.74018
1.7445
1.74834
1.75161
1.7543
1.75645
1.75812
1.75937
1.76024
1.76075
1.76087
1.7606
1.75988
1.75869
1.757
1.75485
1.75232
1.74959
1.74693
1.74465
1.74307
1.7424
1.74272
1.74393
1.74577
1.74795
1.75018
1.75221
1.75393
1.75529
1.75632
1.75712
1.75782
1.75856
1.75946
1.76065
1.76217
1.76404
1.7662
1.76855
1.77099
1.77339
1.77563
1.77764
1.77933
1.78068
1.78164
1.7822
1.78233
1.78198
1.78112
1.77968
1.77761
1.77486
1.77147
1.76757
1.76349
1.75973
1.75693
1.75569
1.75636
1.75887
1.76275
1.76726
1.7717
1.77552
1.77842
1.78035
1.78142
1.78186
1.78197
1.78206
1.7824
1.78321
1.7846
1.78658
1.78906
1.79186
1.79474
1.79744
1.7997
1.80127
1.80198
1.80174
1.80056
1.79862
1.79623
1.79379
1.79173
1.79038
1.78991
1.79027
1.79129
1.79274
1.79446
1.79637
1.79848
1.80084
1.8035
1.80645
1.80959
1.81276
1.81573
1.81824
1.82007
1.82104
1.82101
1.81988
1.81764
1.8143
1.80996
1.8048
1.79907
1.79315
1.78746
1.78249
1.77866
1.77631
1.77562
1.77654
1.77887
1.78226
1.78634
1.79074
1.79517
1.79943
1.80335
1.80682
1.80974
1.81203
1.81364
1.81459
1.81493
1.8148
1.81439
1.81393
1.81362
1.81362
1.81402
1.81479
1.81584
1.81699
1.81809
1.81899
1.81962
1.81995
1.82006
1.82008
1.82017
1.82051
1.82122
1.82236
1.8239
1.8257
1.82759
1.82935
1.83076
1.83168
1.832
1.83169
1.83077
1.82936
1.82758
1.8256
1.8236
1.8217
1.81998
1.81845
1.81705
1.8157
1.81425
1.81257
1.8105
1.80796
1.80492
1.80152
1.79807
1.79504
1.79302
1.79249
1.79371
1.79655
1.80055
1.80506
1.80944
1.8132
1.81612
1.81823
1.81966
1.82062
1.82121
1.82145
1.82128
1.82063
1.81947
1.81787
1.81602
1.81417
1.81263
1.81165
1.81143
1.81204
1.81345
1.81552
1.81803
1.82075
1.82344
1.8259
1.82798
1.82955
1.83053
1.83088
1.83058
1.8296
1.82794
1.82557
1.82246
1.81857
1.81385
1.80823
1.80165
1.7941
1.78563
1.77645
1.76697
1.7579
1.75015
1.74478
1.74267
1.74424
1.74922
1.75673
1.76555
1.77448
1.78261
1.78939
1.79464
1.79839
1.8008
1.80211
1.80252
1.80227
1.80152
1.80044
1.79917
1.79781
1.79645
1.79517
1.79404
1.79309
1.79237
1.79187
1.7916
1.79152
1.79159
1.79176
1.79196
1.79211
1.79213
1.79198
1.79159
1.79095
1.79006
1.78897
1.78773
1.78641
1.78505
1.78363
1.78209
1.78027
1.77799
1.77504
1.77128
1.76673
1.76163
1.7565
1.75211
1.74924
1.74847
1.74992
1.7532
1.75758
1.76228
1.76671
1.77051
1.7736
1.77607
1.77809
1.77987
1.78157
1.78334
1.78525
1.78732
1.78953
1.79181
1.79411
1.79635
1.79846
1.80035
1.80197
1.80323
1.80407
1.8044
1.80415
1.80324
1.80163
1.79929
1.79629
1.79275
1.78893
1.78518
1.78193
1.77959
1.77852
1.77888
1.78071
1.78381
1.7879
1.79256
1.79737
1.80191
1.80586
1.80896
1.81109
1.8122
1.81232
1.81155
1.81001
1.80785
1.80525
1.80242
1.79956
1.79687
1.79451
1.79264
1.79131
1.79056
1.79034
1.79056
1.79111
1.79187
1.79271
1.79354
1.79427
1.79485
1.79524
1.79542
1.79539
1.79516
1.79474
1.79417
1.7935
1.79279
1.7921
1.79151
1.79107
1.79085
1.79092
1.79132
1.79209
1.79324
1.79474
1.79653
1.79854
1.80065
1.80273
1.80465
1.80625
1.80742
1.80803
1.80798
1.80726
1.80588
1.80402
1.80196
1.80011
1.79893
1.79877
1.79974
1.80158
1.80369
1.80515
1.80488
1.80172
1.79467
1.78338
1.76901
1.75504
1.74663
1.74767
1.75774
1.77249
1.78699
1.79825
1.80545
1.80901
1.80975
1.80848
1.8059
1.80258
1.799
1.7956
1.79276
1.79073
1.78964
1.78941
1.78973
1.7901
1.78993
1.78863
1.78583
1.78144
1.77579
1.7696
1.76393
1.76
1.75908
1.76205
1.76899
1.77893
1.79018
1.80096
1.81003
1.81681
1.82127
1.82368
1.82444
1.82396
1.82258
1.82063
1.81837
1.81602
1.8138
1.81185
1.81032
1.80925
1.80866
1.80849
1.80865
1.80906
1.8096
1.8102
1.81082
1.81141
1.81194
1.81243
1.81284
1.81319
1.81346
1.81366
1.81378
1.81382
1.81379
1.8137
1.81353
1.81326
1.81285
1.81221
1.8112
1.80964
1.8073
1.80395
1.79942
1.79364
1.7868
1.77935
1.77201
1.76568
1.76119
1.75924
1.7602
1.76407
1.77038
1.77822
1.78654
1.79442
1.8013
1.80699
1.81154
1.81509
1.81779
1.81975
1.82105
1.82173
1.82184
1.82142
1.82053
1.81925
1.81765
1.81584
1.81394
1.81211
1.81049
1.80924
1.80845
1.80818
1.80837
1.80893
1.80971
1.81054
1.81128
1.8118
1.81201
1.81185
1.81129
1.81032
1.80896
1.80728
1.80538
1.80344
1.80169
1.80035
1.79964
1.79967
1.80041
1.80175
1.80344
1.80523
1.8069
1.80827
1.80928
1.80993
1.81031
1.81055
1.81083
1.81133
1.81219
1.81353
1.81543
1.81788
1.82083
1.82419
1.82782
1.83159
1.83536
1.83901
1.84245
1.84557
1.84832
1.85062
1.8524
1.8536
1.85412
1.85387
1.85273
1.85062
1.84749
1.84342
1.83867
1.83376
1.82938
1.82632
1.82512
1.82587
1.82808
1.83089
1.83334
1.83472
1.83474
1.83365
1.8321
1.83093
1.83085
1.83209
1.83426
1.83654
1.83801
1.83792
1.83596
1.83235
1.82774
1.82301
1.81894
1.81593
1.81403
1.81324
1.81382
1.81626
1.82093
1.82771
1.83582
1.84411
1.8515
1.85731
1.86133
1.86376
1.86507
1.86585
1.86669
1.86801
1.86995
1.87238
1.87496
1.87721
1.87875
1.87927
1.8786
1.87669
1.87361
1.86948
1.86452
1.85903
1.85337
1.84797
1.84324
1.83951
1.83697
1.83567
1.83547
1.83616
1.83749
1.83921
1.84108
1.84292
1.84457
1.84591
1.84688
1.84748
1.84775
1.8478
1.8478
1.84796
1.84848
1.84954
1.85125
1.85365
1.85664
1.86006
1.86365
1.86715
1.87026
1.87271
1.87426
1.87472
1.87397
1.87196
1.86872
1.86444
1.8594
1.85405
1.8489
1.84449
1.84126
1.83948
1.83915
1.84004
1.84172
1.84367
1.84541
1.84656
1.84692
1.84647
1.84533
1.8437
1.84181
1.8398
1.83775
1.83563
1.83338
1.83096
1.82851
1.82635
1.82498
1.82495
1.82666
1.83014
1.83505
1.84078
1.84666
1.85214
1.8569
1.86077
1.86371
1.86565
1.86649
1.8661
1.86434
1.86117
1.85667
1.85111
1.84493
1.8387
1.83302
1.82835
1.82494
1.82277
1.82162
1.82123
1.8214
1.82217
1.8237
1.82618
1.82968
1.83401
1.83877
1.84345
1.8476
1.8509
1.85321
1.85452
1.85492
1.85456
1.85359
1.85216
1.85041
1.84843
1.84629
1.84401
1.84159
1.83899
1.83615
1.83308
1.82982
1.82656
1.82358
1.82125
1.81993
1.81986
1.82109
1.82345
1.82658
1.83005
1.83344
1.83636
1.83854
1.83979
1.83999
1.83916
1.83745
1.83515
1.83272
1.8307
1.82961
1.82972
1.83103
1.83324
1.83585
1.83835
1.84035
1.84161
1.84205
1.84173
1.84078
1.83937
1.83768
1.83589
1.83414
1.83253
1.83111
1.82989
1.82882
1.82784
1.82683
1.82571
1.82437
1.82274
1.82083
1.81866
1.81638
1.8142
1.81243
1.81137
1.81129
1.8123
1.81433
1.81709
1.82019
1.8232
1.82571
1.82745
1.82825
1.82805
1.8269
1.82491
1.82226
1.81916
1.81581
1.81241
1.80915
1.80617
1.80353
1.80128
1.7994
1.79784
1.79652
1.79539
1.79442
1.79365
1.79319
1.79321
1.79385
1.79525
1.79741
1.80023
1.80349
1.80693
1.81027
1.81331
1.81594
1.81807
1.81972
1.82092
1.82172
1.82218
1.82235
1.82224
1.82187
1.82122
1.82022
1.81878
1.81678
1.8141
1.8106
1.80626
1.80119
1.79579
1.79072
1.78688
1.78513
1.78595
1.78921
1.79425
1.80016
1.80608
1.81144
1.81594
1.81954
1.82232
1.82443
1.82603
1.82726
1.82826
1.82913
1.82994
1.83076
1.83162
1.83254
1.83353
1.83461
1.83574
1.83693
1.83814
1.83935
1.84053
1.84166
1.84271
1.84367
1.84451
1.84526
1.84591
1.84651
1.84709
1.84772
1.84847
1.84944
1.8507
1.85233
1.85439
1.85689
1.85977
1.86291
1.86616
1.86931
1.87214
1.87445
1.87605
1.87681
1.87668
1.87568
1.87396
1.87177
1.86942
1.86727
1.86561
1.86455
1.86398
1.86352
1.86254
1.86032
1.85616
1.84964
1.84081
1.83043
1.82006
1.81175
1.80748
1.80834
1.81411
1.82336
1.83418
1.84484
1.8542
1.86175
1.86743
1.87145
1.87407
1.8756
1.87627
1.8763
1.87585
1.87509
1.87412
1.87305
1.87197
1.87094
1.87
1.86917
1.86844
1.8678
1.86724
1.86671
1.86619
1.86563
1.86502
1.86431
1.8635
1.86254
1.86143
1.86014
1.85866
1.85698
1.85513
1.85321
1.85132
1.84964
1.84829
1.84737
1.84686
1.84662
1.8465
1.84639
1.84628
1.84638
1.84695
1.84827
1.85041
1.85319
1.85624
1.85913
1.86153
1.86333
1.86458
1.86547
1.86615
1.86667
1.86687
1.86642
1.86483
1.86157
1.85623
1.84866
1.83907
1.82824
1.81738
1.80789
1.80088
1.79684
1.79557
1.79651
1.79902
1.80251
1.80648
1.81046
1.81401
1.8168
1.81861
1.81943
1.81947
1.81911
1.81887
1.81925
1.82057
1.82286
1.82578
1.8287
1.83087
1.83153
1.83017
1.8266
1.82121
1.81507
1.80986
1.80734
1.80858
1.81329
1.81999
1.82681
1.83226
1.8355
1.83637
1.83511
1.83222
1.82837
1.8243
1.82079
1.81844
1.81763
1.81833
1.82021
1.82271
1.82523
1.82731
1.82863
1.82909
1.82878
1.82794
1.82692
1.8261
1.82585
1.8264
1.82781
1.82996
1.83256
1.8353
1.83786
1.83996
1.84142
1.84215
1.84211
1.84136
1.83999
1.83816
1.83609
1.834
1.83209
1.83053
1.82938
1.82866
1.82834
1.82837
1.82874
1.82944
1.83051
1.83192
1.83363
1.83551
1.83742
1.83929
1.8411
1.84297
1.84511
1.84769
1.85076
1.85422
1.85777
1.86104
1.86363
1.86522
1.8656
1.86469
1.86257
1.85939
1.85542
1.85093
1.84617
1.84139
1.83681
1.83276
1.82978
1.82856
1.82968
1.83324
1.83868
1.84486
1.85056
1.85485
1.85729
1.85789
1.85703
1.85531
1.85341
1.852
1.85165
1.85271
1.85531
1.85935
1.86455
1.87052
1.87685
1.88318
1.88922
1.89478
1.8997
1.9039
1.9073
1.90984
1.91144
1.912
1.91141
1.90957
1.90637
1.9018
1.89596
1.8891
1.88168
1.87429
1.8675
1.86177
1.85724
1.85382
1.85124
1.84918
1.84738
1.8456
1.84373
1.84178
1.83991
1.83848
1.83795
1.83875
1.84109
1.84491
1.8498
1.85523
1.86062
1.86555
1.86972
1.87303
1.87548
1.87714
1.87814
1.87859
1.87861
1.87831
1.87777
1.87706
1.87624
1.87537
1.87446
1.87355
1.87266
1.8718
1.87098
1.87019
1.86945
1.86874
1.86805
1.86738
1.8667
1.86599
1.8652
1.86431
1.86324
1.86193
1.86031
1.85828
1.85575
1.85267
1.849
1.84482
1.84033
1.8359
1.83208
1.82951
1.82882
1.8304
1.83423
1.83992
1.84677
1.85402
1.86101
1.86731
1.8727
1.87721
1.88097
1.88425
1.88733
1.89046
1.89382
1.89745
1.90126
1.90506
1.90856
1.91146
1.91345
1.91427
1.91367
1.91145
1.90746
1.9016
1.89388
1.88444
1.87365
1.86215
1.85091
1.84106
1.83364
1.82921
1.82768
1.82842
1.83075
1.83434
1.83935
1.84607
1.85442
1.86374
1.87304
1.88137
1.88808
1.89292
1.89594
1.89733
1.89739
1.89645
1.89493
1.89326
1.89198
1.89157
1.89246
1.89482
1.89852
1.9032
1.90837
1.91357
1.91843
1.92275
1.92642
1.92945
1.93184
1.93365
1.93491
1.93564
1.93589
1.93565
1.93494
1.93374
1.93205
1.9298
1.92692
1.92332
1.91889
1.91355
1.90733
1.90045
1.89337
1.8869
1.882
1.87953
1.87983
1.88256
1.8868
1.89144
1.8956
1.89894
1.90168
1.9044
1.90774
1.91211
1.91749
1.9235
1.92962
1.93537
1.94045
1.94469
1.94804
1.9505
1.95205
1.9527
1.95245
1.95134
1.94949
1.94709
1.9444
1.94171
1.93927
1.93723
1.93558
1.93415
1.93269
1.93091
1.92859
1.9256
1.9219
1.91756
1.91275
1.90768
1.90262
1.89792
1.89391
1.8909
1.88906
1.88835
1.8885
1.88905
1.88945
1.88925
1.88824
1.88654
1.88463
1.8833
1.8834
1.8856
1.89013
1.89671
1.90459
1.91273
1.92005
1.92557
1.92852
1.92841
1.9251
1.91908
1.91162
1.90479
1.90082
1.9011
1.90532
1.91174
1.91825
1.92324
1.92593
1.92622
1.9244
1.92088
1.91611
1.91055
1.90461
1.89874
1.8933
1.88863
1.88489
1.88204
1.87988
1.8781
1.87638
1.87451
1.87237
1.87001
1.86758
1.86537
1.86373
1.86307
1.86368
1.86564
1.86865
1.87206
1.87501
1.87663
1.87622
1.87348
1.8686
1.86238
1.85613
1.85139
1.84933
1.85022
1.85337
1.85752
1.86141
1.86409
1.86506
1.86418
1.86163
1.85793
1.85389
1.85056
1.84901
1.84992
1.85333
1.85868
1.86502
1.87145
1.87729
1.8822
1.88605
1.88888
1.89079
1.8919
1.89232
1.8921
1.89131
1.88995
1.88803
1.88552
1.8824
1.87865
1.87427
1.86929
1.86382
1.85804
1.85219
1.84658
1.84151
1.83719
1.83362
1.83055
1.82739
1.82331
1.81747
1.80939
1.79929
1.78842
1.77891
1.77315
1.77264
1.77706
1.78437
1.79169
1.79664
1.79837
1.79802
1.79817
1.80138
1.80845
1.81815
1.82824
1.83693
1.84345
1.84788
1.85067
1.85234
1.85327
1.85369
1.85371
1.85337
1.85266
1.85158
1.85016
1.8484
1.84634
1.84401
1.84142
1.83857
1.83547
1.83208
1.82839
1.82441
1.82018
1.81577
1.81135
1.8071
1.80321
1.79986
1.79714
1.79508
1.79369
1.79298
1.793
1.79386
1.79564
1.79831
1.80174
1.80568
1.80979
1.81378
1.81739
1.82049
1.82303
1.82503
1.82655
1.82769
1.82855
1.82921
1.82973
1.83017
1.83055
1.83088
1.83114
1.83132
1.83137
1.83126
1.83094
1.83035
1.82944
1.82816
1.82648
1.82437
1.82186
1.819
1.81588
1.81264
1.80943
1.80643
1.80382
1.80179
1.80058
1.80044
1.8016
1.80415
1.80793
1.81258
1.81755
1.82225
1.82621
1.8291
1.83076
1.83115
1.83032
1.82838
1.82545
1.82172
1.8174
1.81276
1.8081
1.80377
1.80006
1.7972
1.79532
1.7944
1.79431
1.79488
1.79593
1.79731
1.79892
1.80068
1.80246
1.80406
1.80514
1.80522
1.80365
1.79971
1.79281
1.78295
1.77135
1.76094
1.7556
1.75798
1.76757
1.78104
1.79462
1.80592
1.81414
1.81951
1.82268
1.8243
1.82493
1.82498
1.82475
1.82442
1.82412
1.82392
1.82386
1.82397
1.82423
1.82462
1.82512
1.8257
1.8263
1.82689
1.8274
1.82778
1.82797
1.82789
1.82747
1.82662
1.82526
1.82329
1.82062
1.81715
1.81278
1.80744
1.80111
1.7939
1.78613
1.77841
1.77166
1.76693
1.76506
1.76632
1.77025
1.7759
1.78218
1.78826
1.79367
1.79827
1.80212
1.80539
1.80825
1.81087
1.81338
1.81586
1.81838
1.82098
1.82368
1.82645
1.82927
1.83209
1.83482
1.8374
1.83975
1.84179
1.84347
1.84472
1.84553
1.84584
1.84564
1.84489
1.84359
1.84172
1.8393
1.83639
1.83307
1.82953
1.82596
1.82262
1.81975
1.81754
1.81611
1.81547
1.81556
1.81623
1.81728
1.81846
1.81947
1.81997
1.81959
1.81796
1.81477
1.80979
1.80294
1.7944
1.78475
1.77521
1.76772
1.76462
1.76768
1.77694
1.79055
1.80568
1.81985
1.83155
1.84024
1.846
1.8492
1.85032
1.84983
1.8482
1.84586
1.84318
1.84048
1.83798
1.8358
1.83395
1.83232
1.83075
1.82903
1.82697
1.82439
1.82118
1.81731
1.81291
1.80822
1.80365
1.79974
1.79698
1.79568
1.79586
1.79718
1.79903
1.80076
1.80177
1.80168
1.80035
1.79793
1.79484
1.7917
1.78923
1.78805
1.78844
1.79034
1.7934
1.79711
1.80101
1.80475
1.8081
1.81096
1.81328
1.81503
1.81624
1.8169
1.81704
1.81669
1.81587
1.81464
1.81305
1.8112
1.80919
1.80719
1.80534
1.80381
1.80272
1.80211
1.80194
1.80204
1.80218
1.80206
1.80138
1.79991
1.79759
1.79454
1.79112
1.7878
1.78505
1.78308
1.78172
1.78046
1.77871
1.77601
1.77229
1.76787
1.7634
1.7597
1.75749
1.75723
1.75902
1.76264
1.76765
1.77355
1.77994
1.78649
1.79297
1.79916
1.8048
1.80953
1.81285
1.81413
1.81256
1.80733
1.79794
1.78492
1.77069
1.75965
1.75626
1.76188
1.77364
1.78675
1.79756
1.80455
1.80778
1.80804
1.8063
1.80342
1.80012
1.79695
1.7943
1.79239
1.79126
1.79081
1.79088
1.7913
1.79195
1.79281
1.7939
1.79523
1.79673
1.79823
1.79953
1.80043
1.8008
1.80068
1.80022
1.79962
1.79914
1.79894
1.79911
1.79963
1.80038
1.80122
1.80195
1.80242
1.80244
1.80186
1.80051
1.79824
1.79492
1.79054
1.78523
1.77943
1.77388
1.76961
1.76763
1.76855
1.77231
1.77814
1.78488
1.79145
1.79706
1.80128
1.804
1.80529
1.80534
1.80437
1.80261
1.80031
1.79769
1.79499
1.79241
1.79009
1.78815
1.78662
1.78547
1.78462
1.78397
1.78339
1.7828
1.78212
1.78133
1.78042
1.7794
1.7783
1.77716
1.776
1.77481
1.7736
1.77237
1.77109
1.76977
1.76841
1.76705
1.7657
1.76442
1.76323
1.76216
1.76121
1.76035
1.75957
1.7588
1.75801
1.75715
1.7562
1.75514
1.75399
1.75275
1.75144
1.75008
1.74868
1.74725
1.74583
1.74444
1.74314
1.74199
1.74107
1.74043
1.74012
1.74017
1.74057
1.74131
1.74235
1.74365
1.74518
1.74689
1.74876
1.75076
1.75285
1.75499
1.75714
1.75925
1.76128
1.76317
1.76486
1.7663
1.76739
1.76805
1.76817
1.76763
1.76628
1.76396
1.76056
1.75601
1.7504
1.74398
1.7373
1.73109
1.72621
1.72338
1.723
1.72501
1.72894
1.73405
1.73952
1.7446
1.74874
1.75155
1.75282
1.75248
1.75053
1.74704
1.74216
1.73607
1.72906
1.72155
1.71405
1.70714
1.70139
1.69724
1.69493
1.69444
1.69556
1.69788
1.70089
1.70409
1.70704
1.70952
1.71157
1.71351
1.71577
1.71874
1.72254
1.72694
1.73153
1.73584
1.73955
1.74254
1.74487
1.74668
1.74814
1.74934
1.75031
1.75098
1.75122
1.75089
1.74982
1.74788
1.74496
1.74105
1.73626
1.73085
1.72525
1.72008
1.71599
1.71355
1.71309
1.71459
1.71774
1.72206
1.72698
1.73201
1.73672
1.74075
1.7438
1.74563
1.746
1.74469
1.74153
1.73639
1.72923
1.72018
1.70967
1.69847
1.6878
1.6792
1.67407
1.67321
1.67647
1.68284
1.69098
1.69968
1.70813
1.7159
1.72294
1.72935
1.73533
1.741
1.74631
1.75104
1.75487
1.75745
1.75849
1.75783
1.75543
1.75142
1.74607
1.73976
1.733
1.72633
1.72024
1.71509
1.71102
1.70799
1.70578
1.70409
1.70269
1.70139
1.7002
1.69929
1.69895
1.69957
1.70148
1.70481
1.70947
1.71515
1.7214
1.72778
1.7339
1.73951
1.74446
1.74869
1.7522
1.75505
1.7573
1.75903
1.7603
1.76119
1.76175
1.76204
1.76208
1.76192
1.76157
1.76105
1.76036
1.75951
1.75848
1.75729
1.75592
1.75438
1.75267
1.75082
1.74885
1.7468
1.74474
1.74272
1.7408
1.73902
1.73741
1.73594
1.73458
1.73326
1.73191
1.73048
1.72892
1.72726
1.72557
1.72398
1.72262
1.72168
1.72131
1.7216
1.72257
1.72415
1.72618
1.72844
1.7307
1.73272
1.73433
1.73543
1.73605
1.7363
1.7364
1.73661
1.73717
1.73825
1.7399
1.74205
1.74454
1.74716
1.74971
1.75204
1.75406
1.75572
1.75702
1.75797
1.75861
1.75897
1.75907
1.75896
1.75865
1.75817
1.75752
1.75673
1.75581
1.75477
1.75362
1.75239
1.7511
1.7498
1.74857
1.74746
1.74654
1.74588
1.74548
1.74534
1.7454
1.74562
1.74598
1.74648
1.74717
1.74815
1.74949
1.75123
1.75335
1.75576
1.75833
1.76091
1.76335
1.76552
1.76736
1.7688
1.76984
1.77049
1.7708
1.77085
1.77075
1.77063
1.77066
1.77098
1.77168
1.77278
1.7742
1.77578
1.77727
1.77842
1.77898
1.77873
1.77754
1.77535
1.77218
1.76818
1.76358
1.75873
1.75408
1.75011
1.74725
1.74584
1.74599
1.74761
1.75042
1.75406
1.75815
1.76241
1.76664
1.77068
1.77448
1.77795
1.78106
1.78375
1.78599
1.78776
1.78906
1.78993
1.79041
1.79055
1.79043
1.79013
1.78972
1.78926
1.78883
1.78846
1.78819
1.78807
1.78811
1.78834
1.78876
1.78937
1.79018
1.79115
1.79223
1.79338
1.7945
1.7955
1.79627
1.79671
1.7967
1.79617
1.79505
1.79334
1.79109
1.78843
1.78556
1.78272
1.78015
1.77807
1.77661
1.77585
1.77579
1.77641
1.77766
1.7795
1.78183
1.78455
1.7875
1.79057
1.79362
1.79659
1.79945
1.8022
1.80486
1.80744
1.80992
1.81231
1.81457
1.81667
1.81861
1.82035
1.82192
1.82329
1.8245
1.82554
1.82643
1.82718
1.82779
1.82826
1.82858
1.82876
1.82879
1.82867
1.8284
1.828
1.82751
1.82697
1.82646
1.82605
1.82582
1.82585
1.82615
1.8267
1.82743
1.8282
1.82884
1.82922
1.82926
1.82897
1.82853
1.82819
1.82822
1.8288
1.82994
1.83149
1.83318
1.83479
1.83622
1.83754
1.83897
1.84077
1.84314
1.84614
1.8497
1.85362
1.85766
1.86159
1.86523
1.86845
1.87115
1.87328
1.87484
1.87583
1.87629
1.87631
1.87602
1.87561
1.8753
1.87531
1.87579
1.87681
1.87831
1.88011
1.88194
1.88353
1.88461
1.88498
1.8845
1.88312
1.88084
1.87777
1.87403
1.86985
1.86548
1.86123
1.8574
1.85425
1.85193
1.85043
1.84954
1.84892
1.84817
1.84696
1.84514
1.84277
1.8401
1.83748
1.83518
1.83328
1.8317
1.83027
1.82884
1.82743
1.82619
1.8254
1.8254
1.82655
1.82913
1.83325
1.83877
1.84528
1.8522
1.85892
1.86493
1.86991
1.87373
1.87637
1.87793
1.87851
1.87824
1.87721
1.87551
1.87319
1.87031
1.86691
1.86305
1.85883
1.85437
1.8498
1.84532
1.84109
1.83727
1.83395
1.83115
1.82884
1.82689
1.82516
1.82353
1.82187
1.82015
1.81835
1.81652
1.81469
1.81291
1.81126
1.80982
1.80877
1.80838
1.80895
1.81072
1.81376
1.81792
1.82281
1.82796
1.8329
1.8373
1.84091
1.84366
1.84555
1.84662
1.84694
1.84659
1.84563
1.84411
1.84207
1.83956
1.83661
1.83329
1.82965
1.82577
1.82173
1.81758
1.81338
1.80915
1.80489
1.8006
1.79629
1.792
1.78784
1.78408
1.78122
1.78003
1.78134
1.78571
1.79299
1.8023
1.8123
1.82166
1.82946
1.83523
1.83886
1.8405
1.84042
1.83895
1.83647
1.83334
1.82995
1.82663
1.82364
1.82111
1.8191
1.81757
1.81645
1.8157
1.81524
1.81505
1.81503
1.81511
1.81514
1.81499
1.81458
1.81382
1.81273
1.81137
1.80982
1.80817
1.80651
1.80486
1.80326
1.80171
1.80022
1.79886
1.79771
1.79693
1.79674
1.79734
1.7989
1.80148
1.80496
1.80906
1.81339
1.81756
1.82123
1.82425
1.82656
1.82825
1.82943
1.83014
1.83035
1.8299
1.82856
1.82607
1.8223
1.81729
1.81133
1.80491
1.79858
1.79276
1.78764
1.78319
1.77935
1.77622
1.774
1.77284
1.77262
1.77309
1.77418
1.77615
1.77945
1.78431
1.79029
1.7963
1.80096
1.80299
1.80163
1.79689
1.7899
1.78308
1.7796
1.78188
1.78993
1.80128
1.81261
1.82142
1.82665
1.82835
1.82717
1.82392
1.81941
1.81435
1.80927
1.8046
1.80058
1.79734
1.79492
1.79325
1.79224
1.79177
1.79169
1.79186
1.79213
1.79236
1.79246
1.79243
1.79236
1.79245
1.79296
1.79412
1.79599
1.79842
1.80108
1.80352
1.80528
1.80601
1.80549
1.80364
1.8005
1.79625
1.79116
1.78558
1.77992
1.77466
1.77024
1.76709
1.76549
1.7655
1.76696
1.76949
1.77262
1.77584
1.77877
1.78121
1.7831
1.78455
1.78574
1.78687
1.78806
1.78938
1.79077
1.79208
1.7931
1.79363
1.79343
1.79232
1.79017
1.78696
1.78283
1.7782
1.77376
1.77038
1.7689
1.76977
1.77288
1.77761
1.78311
1.78857
1.79347
1.79756
1.80081
1.8033
1.80515
1.80649
1.8074
1.80796
1.80821
1.80819
1.80793
1.80748
1.80688
1.80616
1.80536
1.80447
1.80348
1.80236
1.80104
1.79949
1.79766
1.79555
1.79322
1.79073
1.78821
1.78582
1.78372
1.78213
1.78125
1.78128
1.78236
1.78457
1.78783
1.79196
1.7967
1.80172
1.80674
1.81149
1.8158
1.81953
1.8226
1.82498
1.82664
1.82761
1.82791
1.8276
1.82679
1.82559
1.82418
1.82275
1.8215
1.82061
1.82022
1.82038
1.82105
1.82215
1.82353
1.82505
1.82655
1.82794
1.82915
1.83013
1.83087
1.83138
1.83165
1.83171
1.83155
1.83117
1.83057
1.82971
1.8286
1.82721
1.82556
1.8237
1.82176
1.81989
1.81828
1.81712
1.81653
1.8165
1.81688
1.81746
1.81802
1.81844
1.81872
1.81904
1.81969
1.82094
1.82297
1.82578
1.8292
1.83296
1.83675
1.84031
1.84341
1.84591
1.84768
1.84865
1.84876
1.84795
1.84624
1.84368
1.84042
1.83669
1.83285
1.82934
1.8266
1.82505
1.82495
1.82636
1.82912
1.8329
1.8373
1.84192
1.8464
1.85051
1.85411
1.85713
1.85959
1.86152
1.86299
1.86405
1.86475
1.86513
1.86518
1.86491
1.86428
1.86327
1.86187
1.86011
1.85806
1.85589
1.85387
1.8523
1.85147
1.85159
1.85267
1.85452
1.85679
1.859
1.8607
1.8615
1.86113
1.85947
1.85653
1.85242
1.84735
1.8416
1.83543
1.8292
1.82332
1.81836
1.81499
1.81377
1.81476
1.81738
1.82049
1.8229
1.82402
1.82417
1.8246
1.82687
1.83205
1.84009
1.8499
1.85998
1.86902
1.87623
1.88123
1.88391
1.88423
1.88215
1.87761
1.87057
1.86123
1.85023
1.83887
1.82901
1.82253
1.82051
1.82283
1.82838
1.83579
1.84402
1.85239
1.86053
1.86816
1.87506
1.88103
1.8859
1.88958
1.89199
1.89313
1.89298
1.8916
1.88906
1.88552
1.8812
1.87643
1.87163
1.86725
1.86367
1.86115
1.85969
1.85903
1.85866
1.8579
1.85597
1.85213
1.84579
1.83669
1.82514
1.8122
1.79979
1.7902
1.78529
1.78567
1.79055
1.79826
1.80702
1.81545
1.82274
1.82855
1.83284
1.8358
1.83771
1.83888
1.83961
1.84015
1.84065
1.84122
1.84187
1.84257
1.84325
1.84384
1.84428
1.84452
1.84453
1.84432
1.84389
1.84327
1.84248
1.84155
1.8405
1.83934
1.83807
1.83669
1.83518
1.83352
1.83168
1.82962
1.8273
1.82469
1.82174
1.81844
1.81481
1.8109
1.80679
1.80263
1.79857
1.79475
1.79127
1.78812
1.7852
1.78237
1.77945
1.7764
1.77336
1.77074
1.76908
1.76889
1.77041
1.77345
1.7775
1.78193
1.78614
1.78972
1.79248
1.79437
1.79546
1.79589
1.79583
1.79546
1.79494
1.7944
1.79398
1.79373
1.79368
1.79384
1.79416
1.79459
1.79506
1.7955
1.79585
1.79607
1.79612
1.79598
1.79566
1.79515
1.7945
1.79374
1.79292
1.79209
1.79131
1.79065
1.79017
1.78989
1.78981
1.78991
1.79009
1.79018
1.78994
1.78904
1.78708
1.78362
1.77828
1.77097
1.76207
1.75272
1.74471
1.73986
1.73915
1.74221
1.74763
1.75385
1.75977
1.76494
1.76936
1.77317
1.77651
1.77942
1.78182
1.78356
1.78449
1.78449
1.78354
1.78171
1.77923
1.77643
1.77374
1.77157
1.77023
1.76986
1.77041
1.77168
1.77341
1.77536
1.77736
1.77933
1.78122
1.78305
1.78482
1.78655
1.78822
1.7898
1.79127
1.79256
1.79364
1.79447
1.79502
1.79528
1.79525
1.79495
1.79442
1.79375
1.79301
1.79232
1.7918
1.79153
1.79157
1.79193
1.79252
1.79322
1.79383
1.79416
1.79402
1.79329
1.79191
1.78993
1.78752
1.78495
1.78256
1.78071
1.77966
1.77954
1.78027
1.78164
1.7833
1.78488
1.78608
1.78668
1.7866
1.78588
1.78466
1.78319
1.78172
1.78054
1.77986
1.77983
1.7805
1.78181
1.78361
1.78571
1.78788
1.78994
1.79173
1.79314
1.79412
1.79468
1.79486
1.79475
1.79447
1.79414
1.79389
1.79381
1.79399
1.79444
1.79516
1.79608
1.79716
1.79832
1.7995
1.80066
1.80179
1.80287
1.8039
1.80492
1.80592
1.80693
1.80796
1.809
1.81004
1.81106
1.81202
1.81289
1.81364
1.81427
1.81476
1.81515
1.81545
1.81572
1.81597
1.81617
1.81626
1.81613
1.81561
1.81454
1.81276
1.81025
1.80709
1.80356
1.8001
1.79722
1.79532
1.79462
1.79505
1.79638
1.79827
1.80047
1.8028
1.80514
1.80743
1.80959
1.81152
1.81312
1.81431
1.81506
1.8154
1.81545
1.81542
1.81554
1.8161
1.8173
1.81924
1.82189
1.82509
1.82859
1.83212
1.83546
1.83842
1.84091
1.84292
1.84446
1.8456
1.84644
1.84709
1.84765
1.84822
1.8489
1.84974
1.85076
1.85195
1.85326
1.85459
1.85581
1.8568
1.85739
1.85742
1.85674
1.85521
1.8527
1.84915
1.84454
1.83895
1.83258
1.82576
1.81901
1.81299
1.80847
1.8062
1.80669
1.81009
1.81606
1.82385
1.83251
1.84113
1.84902
1.85575
1.86115
1.8652
1.86799
1.8696
1.87008
1.86942
1.86754
1.86441
1.86012
1.85499
1.8497
1.8452
1.84248
1.84218
1.84429
1.84817
1.85289
1.85756
1.86163
1.86485
1.86727
1.86908
1.8705
1.87175
1.87301
1.87438
1.87593
1.87766
1.87955
1.88155
1.88357
1.88553
1.88733
1.88886
1.88999
1.89056
1.89038
1.88922
1.88684
1.88298
1.8775
1.87047
1.86242
1.85438
1.84786
1.84423
1.84413
1.84703
1.85151
1.85603
1.85943
1.86122
1.86148
1.86067
1.85939
1.85822
1.85758
1.85763
1.85834
1.85954
1.86099
1.86251
1.86394
1.86513
1.86594
1.86614
1.86544
1.86348
1.85986
1.85427
1.84658
1.83703
1.82634
1.81566
1.80636
1.79979
1.79703
1.79881
1.80521
1.81539
1.82773
1.84031
1.8516
1.86075
1.86753
1.87215
1.87499
1.87651
1.87709
1.87704
1.87658
1.87582
1.87476
1.8733
1.87123
1.86819
1.86377
1.85747
1.84895
1.83824
1.82621
1.81476
1.80642
1.80321
1.80538
1.81138
1.81892
1.82621
1.83238
1.83735
1.84134
1.84461
1.84734
1.84963
1.85149
1.85292
1.85386
1.85422
1.8539
1.85277
1.85077
1.84788
1.84426
1.84023
1.83628
1.83296
1.83073
1.82981
1.83008
1.83118
1.83261
1.83393
1.83483
1.83516
1.8349
1.83407
1.83277
1.83106
1.829
1.82665
1.82402
1.82118
1.81821
1.81526
1.81256
1.81039
1.80907
1.80886
1.80987
1.81204
1.8151
1.8187
1.82242
1.82587
1.82877
1.83094
1.83235
1.83308
1.8333
1.83319
1.83288
1.83234
1.83143
1.82983
1.82719
1.82316
1.8175
1.81008
1.80097
1.79047
1.77926
1.76858
1.76016
1.75577
1.75644
1.76188
1.77056
1.78036
1.78935
1.79627
1.80065
1.80276
1.80334
1.80338
1.80377
1.80502
1.80718
1.80986
1.81249
1.81444
1.8152
1.81431
1.81133
1.8058
1.79734
1.78602
1.77303
1.76125
1.75473
1.75653
1.76639
1.78088
1.79583
1.80846
1.81782
1.82416
1.82821
1.83075
1.83245
1.83374
1.8349
1.83605
1.83718
1.83827
1.83922
1.83997
1.84044
1.84057
1.84034
1.83971
1.83865
1.83714
1.83518
1.83275
1.82987
1.82661
1.82308
1.81946
1.81598
1.81291
1.81047
1.80881
1.80795
1.80778
1.80816
1.80893
1.81002
1.81141
1.81312
1.81519
1.8176
1.82028
1.8231
1.82589
1.82848
1.83069
1.83234
1.83331
1.83349
1.83284
1.83136
1.82911
1.8262
1.82279
1.81904
1.8151
1.81104
1.80687
1.80244
1.79743
1.79138
1.78381
1.77457
1.76433
1.75518
1.75029
1.75236
1.76168
1.77575
1.79093
1.80445
1.815
1.82247
1.82733
1.83017
1.83157
1.83195
1.83162
1.83079
1.82961
1.82814
1.82643
1.82452
1.82242
1.82013
1.81768
1.81507
1.81234
1.80951
1.80662
1.80371
1.8008
1.79792
1.79509
1.79229
1.7895
1.78667
1.78377
1.78084
1.77797
1.77542
1.77353
1.77269
1.77319
1.77508
1.77815
1.78194
1.78592
1.7896
1.79264
1.79485
1.79619
1.79675
1.79667
1.79617
1.79548
1.79481
1.79434
1.79415
1.79429
1.79468
1.79521
1.79574
1.79613
1.79625
1.79599
1.79529
1.7941
1.79243
1.79032
1.78787
1.78525
1.78268
1.78046
1.77888
1.77817
1.77846
1.77972
1.7818
1.78446
1.78743
1.79048
1.79344
1.79622
1.79877
1.80107
1.80314
1.805
1.80668
1.80818
1.80951
1.81067
1.81163
1.81239
1.81292
1.81317
1.81314
1.81279
1.81209
1.81104
1.80963
1.80784
1.80568
1.80312
1.80016
1.7968
1.79312
1.78934
1.78585
1.78323
1.78215
1.78311
1.78625
1.79123
1.79741
1.80402
1.81043
1.81622
1.82119
1.82529
1.82857
1.8311
1.83297
1.83426
1.83504
1.83539
1.83537
1.83505
1.83448
1.8337
1.83276
1.83166
1.83043
1.82911
1.82777
1.82652
1.82552
1.82497
1.82504
1.82583
1.82739
1.82964
1.83239
1.83543
1.83851
1.84143
1.84401
1.84617
1.84784
1.84898
1.84955
1.84952
1.84887
1.84757
1.84567
1.84321
1.8403
1.83709
1.83368
1.83015
1.82649
1.82257
1.81815
1.81297
1.80689
1.80009
1.79336
1.78806
1.78572
1.78729
1.79255
1.80017
1.80853
1.81631
1.82284
1.82797
1.83179
1.83451
1.83629
1.83722
1.83734
1.83663
1.83502
1.83242
1.82872
1.82388
1.81795
1.81119
1.80416
1.79767
1.79267
1.78995
1.78979
1.7919
1.79555
1.79988
1.80417
1.80798
1.81108
1.8134
1.81495
1.81579
1.81597
1.81554
1.81456
1.81308
1.81116
1.80887
1.80631
1.80357
1.80078
1.79807
1.79555
1.7933
1.79138
1.78974
1.78831
1.78694
1.78543
1.78361
1.78138
1.77872
1.7758
1.77294
1.77062
1.76931
1.7694
1.77099
1.77394
1.77789
1.78239
1.78703
1.7915
1.79563
1.79931
1.80252
1.80526
1.80754
1.80936
1.81074
1.81166
1.8121
1.81204
1.81143
1.81026
1.80851
1.80619
1.80335
1.80009
1.7966
1.79313
1.79
1.78756
1.78613
1.78591
1.78691
1.78891
1.79148
1.79404
1.79595
1.79664
1.79559
1.79245
1.78707
1.77954
1.77027
1.76007
1.75008
1.74162
1.73593
1.73382
1.73549
1.7405
1.74793
1.7567
1.76582
1.77458
1.78262
1.78978
1.79609
1.80159
1.80634
1.81037
1.81367
1.81625
1.81813
1.81933
1.81988
1.81983
1.8192
1.81803
1.81634
1.81415
1.81151
1.80847
1.80511
1.80157
1.79804
1.79472
1.79184
1.78963
1.78823
1.78771
1.78804
1.78906
1.7906
1.7924
1.79425
1.79594
1.79733
1.79831
1.79885
1.79897
1.79877
1.79839
1.79803
1.79789
1.79816
1.79894
1.80025
1.80201
1.80402
1.80606
1.80786
1.8092
1.80992
1.8099
1.80912
1.80763
1.80556
1.80313
1.80061
1.79831
1.79646
1.79521
1.79455
1.79436
1.79438
1.79438
1.79414
1.79355
1.79259
1.79136
1.79005
1.78893
1.78826
1.78824
1.78892
1.79021
1.79187
1.79363
1.79527
1.79662
1.79764
1.79837
1.79891
1.79935
1.7998
1.80034
1.80102
1.80189
1.80296
1.80422
1.80567
1.80729
1.80903
1.81085
1.81271
1.81456
1.81637
1.8181
1.81973
1.82126
1.82268
1.82401
1.82524
1.82641
1.82752
1.8286
1.82966
1.83074
1.83183
1.83296
1.83413
1.83533
1.83652
1.83768
1.83871
1.83953
1.83999
1.83991
1.83907
1.83723
1.8341
1.82946
1.82314
1.81516
1.8058
1.79568
1.7858
1.77738
1.77167
1.7696
1.77149
1.7769
1.78475
1.79367
1.80239
1.81006
1.81633
1.82132
1.82541
1.82894
1.83191
1.83393
1.83435
1.83279
1.82974
1.82684
1.82645
1.83036
1.83854
1.84914
1.85966
1.86816
1.87378
1.8765
1.87689
1.8757
1.87375
1.87175
1.87024
1.86951
1.86968
1.87075
1.87261
1.87513
1.87813
1.88135
1.88455
1.88745
1.88986
1.89164
1.89273
1.89312
1.89283
1.89193
1.89046
1.88844
1.8858
1.88235
1.87776
1.87169
1.8639
1.85442
1.84371
1.83275
1.82284
1.81538
1.81134
1.81109
1.81436
1.82057
1.82902
1.83902
1.84991
1.861
1.87168
1.8814
1.88977
1.89654
1.90157
1.90482
1.9063
1.90612
1.9044
1.9014
1.89743
1.89294
1.88844
1.88447
1.88147
1.87977
1.87951
1.88076
1.88356
1.88785
1.89342
1.89984
1.90651
1.91276
1.91804
1.92194
1.92425
1.92493
1.92407
1.92188
1.91865
1.91475
1.91054
1.90636
1.90246
1.89896
1.89585
1.89309
1.89061
1.8884
1.88648
1.88491
1.88373
1.88291
1.88234
1.88189
1.8814
1.88076
1.87994
1.87901
1.87814
1.87748
1.87719
1.87735
1.87792
1.87873
1.87952
1.87994
1.87957
1.87794
1.87455
1.86901
1.86111
1.85112
1.83997
1.82931
1.82111
1.81699
1.81749
1.82202
1.82922
1.83756
1.84569
1.85265
1.8579
1.86127
1.86292
1.86315
