1.79997
1.79996
1.79995
1.79994
1.79995
1.79997
1.79999
1.80003
1.80007
1.80012
1.80019
1.80026
1.80034
1.80043
1.80053
1.80064
1.80076
1.80089
1.80103
1.80118
1.80134
1.80152
1.8017
1.8019
1.8021
1.80232
1.80256
1.8028
1.80306
1.80333
1.80361
1.80391
1.80423
1.80455
1.8049
1.80526
1.80563
1.80602
1.80643
1.80686
1.8073
1.80777
1.80825
1.80876
1.80928
1.80983
1.8104
1.81099
1.8116
1.81224
1.81291
1.8136
1.81432
1.81507
1.81585
1.81666
1.8175
1.81837
1.81927
1.82021
1.82119
1.82221
1.82326
1.82435
1.82549
1.82667
1.82789
1.82915
1.83047
1.83183
1.83324
1.8347
1.83622
1.83778
1.83941
1.84109
1.84282
1.84462
1.84647
1.84839
1.85037
1.85241
1.85452
1.8567
1.85895
1.86126
1.86365
1.8661
1.86863
1.87123
1.8739
1.87663
1.87943
1.88228
1.88517
1.88809
1.891
1.89388
1.89666
1.8993
1.90169
1.90373
1.90529
1.90622
1.90639
1.90573
1.90428
1.90226
1.90019
1.89878
1.89884
1.90098
1.90535
1.91158
1.91895
1.92667
1.9341
1.94089
1.94691
1.9522
1.95685
1.961
1.9647
1.96798
1.9708
1.97307
1.97467
1.97546
1.97536
1.97433
1.9725
1.97014
1.96776
1.96604
1.96568
1.96723
1.97086
1.9763
1.98293
1.98998
1.99674
2.00266
2.00739
2.01077
2.01271
2.01322
2.01237
2.01029
2.00724
2.00357
1.99979
1.99654
1.99441
1.99389
1.99522
1.99833
2.00292
2.00854
2.01475
2.02117
2.02749
2.0335
2.03904
2.04398
2.04825
2.05178
2.05452
2.05646
2.05756
2.05783
2.05728
2.05593
2.05385
2.05111
2.04787
2.04432
2.04077
2.03752
2.03491
2.03317
2.03236
2.03239
2.03301
2.03392
2.03486
2.03564
2.0362
2.03654
2.03673
2.0368
2.03679
2.03669
2.03648
2.03614
2.03568
2.03509
2.03439
2.03361
2.03278
2.03194
2.03111
2.03036
2.02973
2.02926
2.02901
2.02897
2.02908
2.02923
2.02926
2.02897
2.0282
2.02684
2.02488
2.02239
2.01958
2.01678
2.01437
2.01282
2.0125
2.01362
2.01618
2.01989
2.02432
2.02899
2.03347
2.03746
2.0408
2.04343
2.04536
2.04663
2.04727
2.04733
2.04681
2.04571
2.04401
2.04169
2.03871
2.03507
2.03082
2.02603
2.02087
2.01561
2.01059
2.00625
2.00303
2.00136
2.00153
2.00362
2.0075
2.01279
2.01901
2.02564
2.03224
2.03847
2.04413
2.04913
2.05344
2.05708
2.06008
2.06247
2.06423
2.06533
2.0657
2.06525
2.06386
2.06143
2.05786
2.05318
2.04752
2.04121
2.0348
2.02896
2.02446
2.02191
2.02168
2.02378
2.02786
2.03332
2.03941
2.04545
2.05084
2.05523
2.05842
2.06038
2.06119
2.061
2.05999
2.05834
2.05624
2.05392
2.05159
2.04956
2.04813
2.0476
2.04817
2.04987
2.05255
2.05589
2.0595
2.06299
2.06604
2.06847
2.07018
2.07125
2.07184
2.07217
2.07246
2.07285
2.07336
2.07381
2.07396
2.07348
2.07209
2.06963
2.06607
2.06162
2.05665
2.05172
2.04746
2.04446
2.04319
2.04386
2.04639
2.05046
2.05555
2.0611
2.06662
2.07172
2.0762
2.07995
2.08299
2.08538
2.0872
2.08854
2.08949
2.09011
2.09047
2.09062
2.09061
2.09046
2.09021
2.08984
2.08935
2.08871
2.08787
2.0868
2.08549
2.08397
2.08232
2.0807
2.0793
2.07831
2.07786
2.078
2.07863
2.07957
2.08055
2.08134
2.08173
2.0816
2.08094
2.07985
2.07851
2.0772
2.07622
2.07585
2.07628
2.0776
2.07975
2.08256
2.08575
2.08905
2.09221
2.09503
2.0974
2.09929
2.10071
2.10173
2.10241
2.10283
2.10304
2.10309
2.10298
2.1027
2.10225
2.10159
2.10073
2.09963
2.09833
2.09691
2.09557
2.09462
2.09447
2.09549
2.09789
2.10156
2.10612
2.111
2.11556
2.11929
2.1218
2.12286
2.12239
2.12044
2.11713
2.11269
2.10742
2.10167
2.09584
2.09028
2.0853
2.0811
2.07779
2.07538
2.07384
2.07318
2.07337
2.07444
2.07638
2.07913
2.08261
2.08667
2.09112
2.09575
2.10036
2.10476
2.10878
2.11233
2.11536
2.11785
2.11982
2.12131
2.12237
2.12304
2.12336
2.12339
2.12315
2.12266
2.12194
2.121
2.11983
2.1184
2.11667
2.11459
2.11209
2.1091
2.10553
2.10135
2.09654
2.09117
2.08544
2.07963
2.07415
2.06944
2.06585
2.06361
2.06268
2.06285
2.06377
2.06507
2.06647
2.06779
2.06896
2.07002
2.07102
2.07204
2.07311
2.0742
2.07528
2.07627
2.07711
2.07777
2.07822
2.07847
2.07854
2.07846
2.07828
2.07803
2.07776
2.0775
2.07727
2.0771
2.077
2.07697
2.07701
2.0771
2.07723
2.07737
2.07748
2.07748
2.07733
2.07694
2.0762
2.07502
2.07331
2.07101
2.06814
2.06483
2.06137
2.05819
2.05584
2.05481
2.05541
2.05768
2.06135
2.06596
2.07104
2.07617
2.08107
2.08555
2.08952
2.09292
2.09571
2.09788
2.09942
2.10036
2.10073
2.10062
2.10017
2.09951
2.09881
2.0982
2.09776
2.0975
2.09736
2.09722
2.09694
2.09637
2.0954
2.09398
2.09215
2.09006
2.08797
2.0862
2.0851
2.08495
2.08589
2.08785
2.09061
2.09386
2.09729
2.10073
2.1041
2.10747
2.1109
2.11444
2.11801
2.12143
2.12445
2.12682
2.12831
2.12876
2.12808
2.12624
2.12329
2.11935
2.11457
2.10919
2.10345
2.09764
2.092
2.08674
2.08201
2.07794
2.0746
2.07209
2.07051
2.06996
2.07049
2.07211
2.07473
2.07811
2.08194
2.08588
2.08956
2.09271
2.09514
2.09675
2.09756
2.09769
2.0973
2.0966
2.0958
2.09504
2.09438
2.09377
2.09306
2.09199
2.09031
2.08777
2.08434
2.08023
2.07602
2.07255
2.07069
2.07098
2.0734
2.07745
2.08237
2.08746
2.09224
2.09646
2.10001
2.10286
2.10498
2.10631
2.10676
2.10619
2.10448
2.10153
2.09731
2.09191
2.08559
2.07883
2.07223
2.06647
2.06211
2.05945
2.05841
2.05867
2.05973
2.06118
2.0628
2.06463
2.06684
2.06962
2.07302
2.07686
2.08083
2.08457
2.08777
2.09025
2.09195
2.09291
2.09323
2.09305
2.09254
2.09185
2.09113
2.09049
2.09004
2.08984
2.08992
2.09028
2.09088
2.09167
2.09258
2.09356
2.09452
2.09543
2.09621
2.09683
2.09724
2.09739
2.09723
2.09669
2.09569
2.09413
2.09188
2.08882
2.08483
2.07985
2.07393
2.06732
2.06053
2.05431
2.04953
2.04696
2.04698
2.04949
2.05395
2.05962
2.06578
2.07184
2.07738
2.08218
2.08612
2.08916
2.09133
2.09272
2.09341
2.09357
2.09337
2.09304
2.09281
2.09288
2.09342
2.09451
2.09612
2.09816
2.10046
2.10282
2.10502
2.10688
2.10823
2.10894
2.10894
2.10816
2.10655
2.10412
2.1009
2.09695
2.09244
2.08759
2.08271
2.0782
2.07446
2.07184
2.07057
2.07069
2.07204
2.07436
2.07731
2.08058
2.08393
2.08717
2.09019
2.09293
2.09536
2.09746
2.09923
2.10066
2.10173
2.10242
2.10271
2.10256
2.10195
2.10083
2.09917
2.09695
2.09418
2.09091
2.08723
2.08333
2.0795
2.07608
2.07348
2.07209
2.07214
2.07369
2.07655
2.08035
2.08466
2.08905
2.0932
2.09692
2.10013
2.10283
2.10506
2.10691
2.10843
2.10968
2.11071
2.11154
2.11219
2.11268
2.11302
2.11325
2.11338
2.11348
2.11359
2.11377
2.11407
2.11455
2.11523
2.1161
2.11714
2.11828
2.11943
2.12048
2.12133
2.12188
2.12212
2.12206
2.12184
2.12164
2.12167
2.12214
2.12319
2.12489
2.12718
2.12998
2.1331
2.13636
2.13951
2.14229
2.1444
2.14552
2.14544
2.144
2.14129
2.13761
2.1335
2.12964
2.12669
2.12505
2.12484
2.12588
2.1279
2.13063
2.13391
2.13758
2.1414
2.14495
2.14769
2.14897
2.1482
2.14491
2.13887
2.13015
2.11918
2.10683
2.09445
2.08361
2.07574
2.07162
2.07137
2.07473
2.0812
2.08973
2.09879
2.10699
2.11377
2.11948
2.12485
2.13036
2.13591
2.14111
2.14555
2.14908
2.15168
2.15336
2.15394
2.15303
2.15003
2.14433
2.13545
2.12331
2.1086
2.09298
2.07888
2.06869
2.06363
2.06323
2.06576
2.06919
2.0721
2.07417
2.07614
2.07918
2.08414
2.09103
2.09902
2.10693
2.1137
2.11866
2.12149
2.12207
2.12036
2.11632
2.10995
2.1014
2.09116
2.08017
2.06988
2.06189
2.05736
2.05655
2.05867
2.06241
2.06648
2.07001
2.0726
2.0742
2.07495
2.07511
2.07492
2.07456
2.07415
2.07372
2.07321
2.07256
2.07165
2.0704
2.06874
2.06667
2.06419
2.06137
2.05831
2.0551
2.05188
2.04876
2.04583
2.04319
2.0409
2.03899
2.03748
2.03641
2.03576
2.03557
2.0358
2.03645
2.03746
2.03877
2.04031
2.042
2.04376
2.04552
2.04724
2.04891
2.0505
2.05203
2.05351
2.05496
2.05639
2.05781
2.05923
2.06064
2.06203
2.06338
2.06465
2.0658
2.06678
2.06753
2.06797
2.06803
2.06759
2.06658
2.06489
2.06246
2.05926
2.05532
2.05077
2.04585
2.04088
2.03624
2.03224
2.0291
2.02678
2.02507
2.02355
2.02176
2.0193
2.01588
2.01143
2.00614
2.00054
1.99555
1.99239
1.99231
1.99615
2.004
2.01515
2.02841
2.04251
2.05637
2.06928
2.08079
2.09068
2.09891
2.10549
2.11052
2.11415
2.11652
2.1178
2.11816
2.1178
2.11689
2.11559
2.11404
2.11232
2.11043
2.10835
2.10602
2.10342
2.1006
2.09772
2.09498
2.09259
2.09064
2.08908
2.08774
2.08633
2.08454
2.08212
2.07894
2.07505
2.07068
2.06621
2.06217
2.05909
2.05747
2.05766
2.05986
2.06409
2.07017
2.07779
2.08649
2.09573
2.10497
2.11369
2.12146
2.12799
2.13309
2.13667
2.13874
2.13933
2.13857
2.13664
2.13378
2.13029
2.1265
2.12272
2.11917
2.11592
2.1129
2.10997
2.10697
2.10382
2.10058
2.09742
2.0946
2.09234
2.09082
2.09007
2.09005
2.09064
2.0917
2.09311
2.09477
2.0966
2.09853
2.10052
2.10247
2.10433
2.10601
2.1074
2.10842
2.10897
2.10896
2.10831
2.10695
2.10484
2.10193
2.09823
2.0938
2.08884
2.08366
2.07876
2.07472
2.07206
2.0711
2.07181
2.07384
2.07666
2.07972
2.08259
2.08495
2.08664
2.08756
2.08767
2.087
2.08563
2.08374
2.08162
2.07958
2.07792
2.07685
2.07642
2.07653
2.07703
2.07777
2.07862
2.07952
2.08043
2.08129
2.08207
2.08274
2.08332
2.08385
2.0844
2.08507
2.08592
2.08699
2.08828
2.08975
2.09133
2.09295
2.09454
2.09604
2.09741
2.09863
2.09968
2.10057
2.1013
2.10188
2.10232
2.10264
2.10285
2.10298
2.10304
2.10307
2.10309
2.10314
2.10326
2.10351
2.10391
2.10451
2.10534
2.1064
2.10769
2.10918
2.11082
2.11255
2.11427
2.11589
2.11728
2.1183
2.11882
2.11868
2.1177
2.11572
2.11262
2.10829
2.10271
2.096
2.08846
2.08064
2.07336
2.06767
2.06465
2.06506
2.06905
2.07606
2.085
2.0946
2.10379
2.11183
2.11832
2.12321
2.12661
2.1288
2.13012
2.13089
2.13143
2.13199
2.13275
2.13385
2.13536
2.13734
2.1398
2.14269
2.14586
2.14914
2.15228
2.15506
2.15729
2.15886
2.15974
2.15997
2.15964
2.1589
2.15788
2.15671
2.1555
2.15427
2.15297
2.15144
2.14945
2.14668
2.14281
2.13758
2.13089
2.12294
2.11426
2.10579
2.0988
2.09463
2.09433
2.09825
2.10586
2.11595
2.12709
2.13797
2.14772
2.15585
2.16221
2.16688
2.17001
2.17184
2.17257
2.1724
2.17148
2.16994
2.16787
2.16532
2.16235
2.15895
2.15514
2.1509
2.14621
2.14105
2.13541
2.12927
2.12266
2.11565
2.10836
2.101
2.09387
2.08732
2.08173
2.07742
2.07465
2.07351
2.07391
2.07557
2.07807
2.08101
2.08412
2.08738
2.09093
2.09495
2.09947
2.10429
2.10902
2.11323
2.11654
2.11872
2.11969
2.11952
2.11843
2.11674
2.11484
2.11314
2.11202
2.11173
2.11233
2.1137
2.11558
2.11763
2.11949
2.12087
2.1215
2.1212
2.11988
2.11749
2.11407
2.10976
2.1048
2.09954
2.09443
2.08995
2.08651
2.08439
2.08367
2.08419
2.08565
2.0877
2.08999
2.09229
2.09446
2.09648
2.09841
2.10032
2.10227
2.10425
2.10619
2.10785
2.1089
2.10873
2.10649
2.101
2.09086
2.07507
2.05439
2.03328
2.01967
2.02015
2.03378
2.0531
2.07063
2.08283
2.08945
2.09168
2.09095
2.0885
2.08529
2.08209
2.07946
2.07776
2.07714
2.07759
2.07894
2.08098
2.08347
2.08621
2.08902
2.0918
2.09447
2.097
2.09939
2.10166
2.10385
2.10599
2.10813
2.11028
2.11245
2.11463
2.11678
2.11887
2.12083
2.12258
2.12405
2.12516
2.12583
2.126
2.12563
2.12475
2.12343
2.12183
2.12018
2.11875
2.1178
2.11751
2.11792
2.11897
2.12045
2.12214
2.1238
2.12525
2.1264
2.12718
2.1276
2.12774
2.12768
2.12758
2.12758
2.1278
2.12828
2.12896
2.12967
2.1302
2.13031
2.12987
2.12889
2.12749
2.12587
2.12422
2.12261
2.12096
2.11907
2.11671
2.11375
2.11024
2.1064
2.10261
2.0993
2.09685
2.09568
2.09611
2.09842
2.10264
2.10855
2.11562
2.12317
2.13048
2.13694
2.14209
2.14565
2.1474
2.14719
2.14486
2.14025
2.13329
2.12415
2.11341
2.10232
2.09264
2.08625
2.08438
2.08702
2.09306
2.10086
2.10893
2.11626
2.12231
2.12691
2.1301
2.13205
2.13296
2.13305
2.13251
2.13152
2.13023
2.1288
2.12734
2.12597
2.12477
2.1238
2.12312
2.12274
2.12266
2.12285
2.12328
2.12392
2.12474
2.12569
2.12675
2.12788
2.12904
2.1302
2.13133
2.13239
2.13336
2.1342
2.1349
2.13543
2.13575
2.13583
2.13563
2.13508
2.13409
2.13257
2.13039
2.1274
2.12346
2.11841
2.11213
2.10455
2.09576
2.08604
2.07594
2.06628
2.05802
2.05212
2.04921
2.04946
2.05255
2.05784
2.06459
2.07216
2.08007
2.08799
2.09562
2.10272
2.10902
2.11434
2.11854
2.12161
2.12363
2.12476
2.12518
2.1251
2.12473
2.12422
2.1237
2.12323
2.12285
2.12256
2.12233
2.12215
2.12197
2.12178
2.12157
2.12132
2.12103
2.1207
2.12032
2.11987
2.11931
2.11858
2.1176
2.11621
2.11423
2.11143
2.10754
2.10227
2.09544
2.08702
2.0774
2.06745
2.05863
2.05273
2.05122
2.05468
2.06243
2.07289
2.08427
2.09513
2.10462
2.11244
2.11863
2.12342
2.12709
2.12994
2.1322
2.13406
2.13568
2.13717
2.13857
2.13993
2.14122
2.14241
2.14344
2.14422
2.14468
2.14473
2.14428
2.14328
2.14167
2.13943
2.13658
2.1332
2.1294
2.12536
2.12131
2.1175
2.11417
2.11153
2.10974
2.10885
2.10884
2.10961
2.11102
2.11288
2.11501
2.11728
2.11963
2.12208
2.12475
2.12784
2.13151
2.13584
2.14078
2.14608
2.15137
2.15617
2.16001
2.16244
2.1631
2.16171
2.1581
2.15232
2.14475
2.13614
2.12766
2.12077
2.11683
2.11675
2.12067
2.12788
2.13706
2.14672
2.15557
2.16278
2.16795
2.17105
2.1722
2.17169
2.16982
2.16693
2.16337
2.1595
2.15568
2.1522
2.14926
2.14696
2.14526
2.14404
2.14309
2.14222
2.14125
2.1401
2.13882
2.13758
2.13664
2.13637
2.13707
2.13897
2.1421
2.14628
2.15118
2.15639
2.16156
2.16639
2.17073
2.17447
2.1776
2.1801
2.18199
2.18325
2.1839
2.1839
2.18326
2.18199
2.18014
2.17783
2.17525
2.17263
2.17024
2.16831
2.16695
2.16615
2.16573
2.16545
2.16502
2.16423
2.16295
2.1612
2.1591
2.15696
2.15512
2.15399
2.15386
2.15488
2.15694
2.15974
2.16286
2.16585
2.16836
2.17016
2.17115
2.17131
2.17071
2.16942
2.16754
2.16521
2.16263
2.16007
2.15782
2.15614
2.15515
2.1548
2.15482
2.15493
2.15485
2.15448
2.15387
2.15319
2.15264
2.1524
2.15256
2.1531
2.15388
2.15473
2.15544
2.15584
2.15587
2.15562
2.15531
2.15523
2.15565
2.1567
2.15834
2.16034
2.16242
2.16429
2.16575
2.16666
2.16701
2.16678
2.166
2.16465
2.16272
2.16014
2.15681
2.15266
2.14763
2.14175
2.13516
2.12818
2.12129
2.11512
2.11027
2.10726
2.10632
2.10736
2.11006
2.11392
2.11843
2.12314
2.1277
2.13187
2.13552
2.13857
2.14103
2.14293
2.14433
2.14531
2.14595
2.14634
2.14653
2.14657
2.14651
2.14634
2.14608
2.1457
2.14522
2.14463
2.14397
2.14334
2.14284
2.14262
2.14279
2.14348
2.14469
2.14639
2.14846
2.15071
2.15295
2.15497
2.15658
2.15758
2.15777
2.15694
2.15477
2.15092
2.14494
2.13638
2.12495
2.11089
2.09544
2.08115
2.07135
2.06866
2.07342
2.0836
2.09627
2.10906
2.12065
2.13057
2.13879
2.14545
2.15074
2.15482
2.15782
2.15988
2.16107
2.1615
2.16121
2.16028
2.15876
2.15674
2.1543
2.15155
2.14861
2.14563
2.14273
2.14002
2.13755
2.13529
2.13316
2.13103
2.12875
2.12619
2.12332
2.12021
2.11704
2.11408
2.11161
2.10985
2.10901
2.10918
2.11046
2.11282
2.11619
2.12037
2.12507
2.12998
2.13482
2.13939
2.14357
2.14733
2.15065
2.15358
2.15614
2.15836
2.16027
2.16187
2.16315
2.16407
2.16459
2.16465
2.16413
2.16291
2.16083
2.1577
2.1533
2.14746
2.14006
2.13124
2.12144
2.11162
2.10315
2.09757
2.09599
2.09859
2.10452
2.11228
2.12033
2.1275
2.13315
2.13705
2.13924
2.13993
2.13941
2.13798
2.13594
2.1336
2.13125
2.12915
2.12754
2.12656
2.12631
2.12682
2.12803
2.12983
2.13207
2.1346
2.13725
2.13989
2.14242
2.14476
2.14686
2.14871
2.15029
2.15162
2.15271
2.15358
2.15424
2.15474
2.1551
2.15536
2.15558
2.15579
2.15604
2.15634
2.15668
2.15698
2.15712
2.15686
2.15595
2.15407
2.151
2.14673
2.1416
2.13641
2.13224
2.13002
2.13004
2.13167
2.13368
2.13482
2.1343
2.13204
2.12855
2.12476
2.12171
2.12036
2.12139
2.12505
2.13114
2.13903
2.14784
2.15673
2.16507
2.17251
2.17896
2.18446
2.1891
2.19297
2.19608
2.1984
2.19981
2.20014
2.19914
2.19657
2.1922
2.18589
2.17771
2.16807
2.15778
2.14811
2.14063
2.13695
2.13828
2.14492
2.15603
2.16989
2.18449
2.19811
2.20967
2.21867
2.22498
2.22871
2.23005
2.22916
2.22623
2.2214
2.21493
2.20724
2.19901
2.19122
2.18497
2.18118
2.18023
2.18182
2.18515
2.18922
2.19314
2.1963
2.19836
2.19913
2.19855
2.1966
2.19336
2.18901
2.18394
2.17876
2.1743
2.17145
2.17092
2.17304
2.17761
2.18399
2.19136
2.19892
2.20606
2.21238
2.21765
2.22181
2.22487
2.22691
2.22801
2.2283
2.22789
2.2269
2.22543
2.22359
2.22145
2.21908
2.21654
2.21385
2.21105
2.20822
2.20544
2.20284
2.2006
2.19879
2.19738
2.19613
2.19458
2.1922
2.18857
2.18372
2.17841
2.1741
2.17247
2.1746
2.18032
2.18834
2.19696
2.20479
2.21099
2.21518
2.21725
2.21723
2.21516
2.21127
2.206
2.20016
2.19487
2.1913
2.19022
2.1917
2.19507
2.19931
2.20342
2.20673
2.20887
2.20971
2.20925
2.20748
2.20435
2.19967
2.19321
2.18485
2.17489
2.16436
2.15518
2.14964
2.1493
2.15402
2.16206
2.17109
2.17924
2.18557
2.1899
2.1926
2.19428
2.19565
2.19733
2.19978
2.20321
2.20754
2.21251
2.21767
2.22256
2.22675
2.2299
2.23181
2.23238
2.23165
2.22975
2.22691
2.22337
2.21941
2.21523
2.21096
2.20668
2.20245
2.19836
2.19459
2.19137
2.18889
2.18723
2.18631
2.18592
2.18576
2.18551
2.18488
2.18365
2.18165
2.17883
2.17523
2.17105
2.16662
2.16246
2.15926
2.15783
2.15895
2.16305
2.16994
2.17876
2.18819
2.19691
2.2039
2.20858
2.21076
2.21055
2.20825
2.20433
2.19937
2.19406
2.18912
2.18512
2.18238
2.18088
2.18031
2.18014
2.17986
2.17897
2.1771
2.17399
2.16953
2.16383
2.15727
2.15064
2.14503
2.14163
2.14129
2.14415
2.14958
2.15643
2.16345
2.16962
2.1743
2.17726
2.17855
2.17852
2.17768
2.17662
2.17583
2.17556
2.17581
2.17633
2.17684
2.17708
2.17697
2.17654
2.17589
2.17514
2.17431
2.17334
2.17205
2.17017
2.16742
2.16353
2.15831
2.15177
2.14425
2.1365
2.12972
2.1253
2.12426
2.12682
2.13222
2.1391
2.146
2.15186
2.15606
2.15848
2.15931
2.15897
2.15799
2.15689
2.15612
2.15598
2.15665
2.15819
2.16056
2.16362
2.16715
2.17085
2.17437
2.17739
2.17968
2.18107
2.18154
2.18116
2.18012
2.17864
2.17695
2.17531
2.17386
2.17272
2.17188
2.17126
2.17072
2.17007
2.16907
2.1675
2.16513
2.16172
2.15711
2.1512
2.14409
2.13624
2.12855
2.12238
2.11905
2.11922
2.12237
2.12705
2.1317
2.13538
2.138
2.14013
2.14252
2.14565
2.14949
2.15356
2.1572
2.15985
2.16125
2.16146
2.16091
2.16018
2.15987
2.16039
2.16181
2.1639
2.16619
2.16819
2.16948
2.16977
2.16891
2.16684
2.1636
2.15931
2.15418
2.14853
2.1428
2.13748
2.13312
2.13018
2.12895
2.12955
2.13182
2.13546
2.14002
2.14503
2.15003
2.15465
2.15861
2.1617
2.16384
2.16497
2.16513
2.16443
2.163
2.16108
2.15893
2.15678
2.15484
2.15317
2.15162
2.14984
2.14729
2.14331
2.13729
2.12898
2.11885
2.10848
2.10039
2.09706
2.09946
2.10635
2.11515
2.12341
2.12965
2.13349
2.13518
2.13528
2.13438
2.13301
2.13156
2.13027
2.12926
2.12853
2.12803
2.12765
2.12728
2.12682
2.12619
2.12532
2.12416
2.12267
2.12086
2.11876
2.11642
2.11397
2.1116
2.1095
2.10791
2.10699
2.1068
2.10727
2.10814
2.10902
2.10949
2.10908
2.10743
2.10427
2.09955
2.09342
2.08637
2.07919
2.07291
2.06865
2.06731
2.06935
2.07459
2.08231
2.09143
2.10083
2.10957
2.11697
2.12265
2.12636
2.12799
2.12746
2.12471
2.11975
2.11279
2.10434
2.09535
2.08712
2.08093
2.07756
2.07693
2.07816
2.08008
2.08167
2.08235
2.08205
2.08109
2.08006
2.07968
2.08059
2.08313
2.08726
2.09258
2.09852
2.10449
2.11006
2.11495
2.11903
2.12226
2.12467
2.12627
2.1271
2.12717
2.12647
2.12501
2.12279
2.11986
2.11634
2.11243
2.10842
2.10472
2.10177
2.09999
2.09967
2.10087
2.10343
2.10696
2.11098
2.11499
2.11857
2.12139
2.12326
2.12406
2.12378
2.12243
2.12012
2.11699
2.11321
2.10904
2.10474
2.10063
2.09702
2.09421
2.09246
2.09195
2.09274
2.09477
2.09782
2.10158
2.10571
2.10984
2.11371
2.11712
2.11999
2.1223
2.12405
2.1253
2.12609
2.12645
2.12638
2.12587
2.12491
2.12348
2.1216
2.11934
2.11679
2.11414
2.11161
2.10943
2.10779
2.10679
2.1064
2.10649
2.1068
2.10708
2.10707
2.10661
2.10562
2.10414
2.10232
2.10041
2.09867
2.0974
2.09681
2.09705
2.09809
2.09982
2.10205
2.10454
2.10705
2.10942
2.11149
2.1132
2.11452
2.11546
2.11606
2.11637
2.11644
2.11635
2.11613
2.11585
2.11555
2.11525
2.11498
2.11475
2.11457
2.11443
2.11431
2.11418
2.11399
2.1137
2.11325
2.11259
2.11166
2.1104
2.10877
2.10673
2.10428
2.10141
2.09818
2.09466
2.09097
2.08727
2.08377
2.0807
2.07837
2.07705
2.07702
2.07844
2.08129
2.0854
2.09043
2.09595
2.10156
2.10693
2.11183
2.11615
2.11984
2.12291
2.1254
2.12733
2.12873
2.12956
2.12975
2.12921
2.12776
2.12524
2.12144
2.1162
2.10948
2.10145
2.09259
2.08373
2.07595
2.07028
2.06734
2.06717
2.06931
2.07302
2.07756
2.08236
2.08701
2.09118
2.09461
2.09694
2.09774
2.09642
2.09236
2.08503
2.07436
2.06113
2.04717
2.0352
2.02795
2.02697
2.03193
2.04092
2.05143
2.06146
2.06999
2.07691
2.08268
2.08784
2.0928
2.0977
2.10246
2.10692
2.11092
2.11432
2.11712
2.11932
2.12102
2.12231
2.12329
2.12403
2.12461
2.12507
2.12544
2.12572
2.12589
2.12592
2.12574
2.12526
2.1244
2.123
2.12094
2.11806
2.1142
2.10924
2.1031
2.09578
2.08744
2.07836
2.06898
2.05988
2.05165
2.04487
2.03999
2.03733
2.03711
2.0394
2.04408
2.05087
2.05931
2.06882
2.0788
2.0887
2.09809
2.10666
2.11423
2.12071
2.12611
2.13049
2.13393
2.13652
2.13833
2.13944
2.13985
2.13957
2.13853
2.13664
2.13374
2.12965
2.12418
2.11714
2.10849
2.09838
2.08726
2.07599
2.06576
2.05784
2.05318
2.05207
2.05396
2.05769
2.06188
2.06541
2.06769
2.06873
2.06907
2.06951
2.07082
2.07344
2.07743
2.08252
2.08827
2.09423
2.10003
2.10536
2.11004
2.11399
2.11721
2.11982
2.122
2.12393
2.1258
2.12771
2.12967
2.13158
2.13326
2.13441
2.1347
2.13374
2.13121
2.12692
2.12108
2.11446
2.10847
2.10486
2.10489
2.10868
2.11515
2.12258
2.12951
2.13507
2.13904
2.14161
2.1431
2.14386
2.14412
2.14405
2.14372
2.14317
2.14243
2.14152
2.1405
2.13941
2.13832
2.13728
2.1364
2.13574
2.13539
2.13536
2.13564
2.13616
2.13683
2.13758
2.13837
2.13917
2.13992
2.14053
2.14089
2.14088
2.1404
2.13945
2.13812
2.13654
2.13491
2.13338
2.13206
2.131
2.13017
2.12946
2.12874
2.12786
2.12679
2.12569
2.12505
2.12557
2.12792
2.13237
2.13856
2.14558
2.15237
2.15803
2.16205
2.1643
2.16492
2.16419
2.16248
2.1601
2.15732
2.15435
2.15129
2.14823
2.14522
2.14236
2.13974
2.13752
2.13581
2.13469
2.13417
2.1342
2.13469
2.13551
2.13654
2.13767
2.13879
2.13988
2.14089
2.14183
2.14272
2.14356
2.14437
2.14515
2.14586
2.14647
2.14694
2.14721
2.14723
2.14696
2.14635
2.14533
2.14386
2.14186
2.13923
2.13588
2.13175
2.1268
2.12115
2.11505
2.10899
2.10365
2.09975
2.09785
2.09814
2.10038
2.104
2.10832
2.11279
2.11702
2.12083
2.12414
2.127
2.12943
2.13148
2.13319
2.13457
2.13564
2.1364
2.13685
2.13696
2.1367
2.13604
2.1349
2.13317
2.13074
2.12746
2.12319
2.1178
2.11121
2.10341
2.09447
2.08463
2.07436
2.06452
2.05644
2.05179
2.0519
2.057
2.06589
2.07653
2.08697
2.09595
2.10301
2.10823
2.11199
2.1147
2.11675
2.11842
2.11989
2.12128
2.12262
2.12391
2.12512
2.12621
2.12712
2.12783
2.12831
2.12852
2.12847
2.12817
2.12761
2.12683
2.12585
2.12472
2.12348
2.1222
2.12096
2.11986
2.119
2.11845
2.11824
2.11837
2.11879
2.11941
2.12013
2.12087
2.12156
2.1222
2.12278
2.12331
2.12384
2.12438
2.12494
2.12554
2.12616
2.12682
2.1275
2.12819
2.12888
2.12955
2.13017
2.13067
2.13096
2.13092
2.13036
2.12904
2.12665
2.12283
2.11712
2.10903
2.09812
2.08415
2.06754
2.05004
2.03524
2.02778
2.03066
2.04282
2.0597
2.07634
2.08963
2.09855
2.10331
2.10462
2.1033
2.1002
2.09619
2.09215
2.08879
2.08648
2.08502
2.08372
2.08171
2.07846
2.07422
2.07018
2.06817
2.06968
2.07505
2.08321
2.09239
2.101
2.10811
2.11343
2.11711
2.11948
2.12087
2.12161
2.12194
2.12202
2.12195
2.12178
2.12145
2.12089
2.11994
2.11836
2.11586
2.11211
2.10672
2.09933
2.08967
2.07768
2.06367
2.04845
2.03336
2.02017
2.01064
2.00606
2.00678
2.01219
2.02105
2.03195
2.04372
2.05553
2.06683
2.07726
2.08652
2.09439
2.10075
2.10562
2.10912
2.11146
2.11289
2.11369
2.11409
2.11427
2.11435
2.11442
2.11448
2.11454
2.11456
2.11449
2.11432
2.114
2.11352
2.11287
2.11206
2.11111
2.11005
2.10892
2.10775
2.1066
2.10552
2.10454
2.10372
2.1031
2.10276
2.10278
2.10324
2.10424
2.10581
2.10794
2.11051
2.11337
2.11626
2.11894
2.12113
2.12255
2.12296
2.12213
2.1199
2.1162
2.11115
2.10514
2.09893
2.09356
2.09019
2.08965
2.09215
2.09716
2.10363
2.11033
2.11616
2.12029
2.12218
2.12167
2.11896
2.11477
2.11034
2.10715
2.10642
2.10853
2.11291
2.11835
2.12365
2.12801
2.13114
2.13315
2.13433
2.13501
2.13543
2.13566
2.13564
2.13512
2.13375
2.13113
2.12691
2.12088
2.11317
2.10441
2.09582
2.08904
2.0856
2.08632
2.09088
2.09812
2.10659
2.11505
2.12268
2.12911
2.13426
2.13823
2.14123
2.1435
2.14528
2.14674
2.148
2.14912
2.15009
2.15088
2.15144
2.15173
2.15173
2.15145
2.15095
2.1503
2.1496
2.14897
2.14847
2.14815
2.14799
2.14791
2.14778
2.14745
2.14676
2.14556
2.14377
2.14138
2.13853
2.13549
2.13265
2.13044
2.12922
2.12912
2.12999
2.13146
2.13308
2.13439
2.13508
2.13499
2.13414
2.13268
2.13082
2.12888
2.12713
2.12583
2.1251
2.12493
2.12521
2.1257
2.1262
2.12658
2.12685
2.12723
2.12804
2.12961
2.13217
2.13567
2.13984
2.14429
2.14857
2.15234
2.1554
2.15763
2.15903
2.15963
2.15946
2.15857
2.157
2.15476
2.1519
2.14849
2.14465
2.1405
2.13621
2.13193
2.12771
2.1236
2.11957
2.11569
2.11216
2.1094
2.10793
2.10825
2.11061
2.11488
2.12063
2.12719
2.13391
2.14025
2.14581
2.15033
2.15365
2.1557
2.15648
2.15603
2.15449
2.15204
2.14895
2.14553
2.14211
2.13899
2.13637
2.13437
2.13301
2.1322
2.13182
2.13171
2.13173
2.13174
2.13165
2.13138
2.13083
2.12992
2.12849
2.1264
2.12348
2.11964
2.11491
2.10955
2.10402
2.09895
2.09496
2.09244
2.0914
2.09152
2.09225
2.09316
2.09408
2.09516
2.09679
2.09934
2.10297
2.10749
2.11242
2.11717
2.12118
2.12407
2.12564
2.12597
2.12535
2.12424
2.1232
2.12275
2.12318
2.1245
2.12648
2.1288
2.13114
2.13333
2.13536
2.13731
2.13931
2.14144
2.14371
2.14605
2.14834
2.15039
2.15205
2.15316
2.15355
2.15309
2.15163
2.14902
2.14521
2.14021
2.13421
2.12759
2.12086
2.11458
2.10922
2.10514
2.10252
2.10153
2.10228
2.10483
2.10906
2.1147
2.12127
2.12825
2.13506
2.14126
2.14649
2.15064
2.15374
2.15597
2.15757
2.15874
2.15964
2.16034
2.16089
2.16132
2.16165
2.1619
2.16202
2.16185
2.16113
2.15946
2.15643
2.15165
2.14494
2.13644
2.12685
2.11746
2.11
2.10609
2.10657
2.11113
2.1185
2.1271
2.1356
2.14312
2.14928
2.15405
2.1576
2.16024
2.16229
2.16405
2.16575
2.16752
2.16943
2.17147
2.1736
2.17575
2.17786
2.17986
2.18171
2.18332
2.1846
2.1854
2.18552
2.18463
2.18235
2.17819
2.17171
2.16275
2.15187
2.14073
2.13198
2.12815
2.12999
2.13582
2.14251
2.14724
2.14849
2.14608
2.14084
2.13409
2.12719
2.12112
2.11625
2.11235
2.10903
2.10612
2.10392
2.10312
2.10443
2.10831
2.11478
2.1233
2.13287
2.14221
2.15021
2.15609
2.15948
2.1603
2.15883
2.15569
2.15198
2.14919
2.14877
2.15158
2.15742
2.16519
2.17348
2.18113
2.18748
2.19232
2.19568
2.19775
2.19868
2.1986
2.19754
2.19547
2.19231
2.18791
2.18212
2.17483
2.16605
2.15606
2.14544
2.13512
2.12618
2.11956
2.11571
2.11452
2.11549
2.11799
2.12151
2.12565
2.13008
2.13452
2.13874
2.14263
2.1462
2.14955
2.15281
2.15611
2.15948
2.16288
2.16622
2.16933
2.17208
2.17437
2.17612
2.17734
2.17805
2.17831
2.17819
2.17778
2.17715
2.17636
2.17543
2.17437
2.17316
2.17176
2.17013
2.16824
2.1661
2.16377
2.16135
2.15896
2.1567
2.15461
2.15262
2.15056
2.14817
2.14519
2.14144
2.13689
2.13167
2.12603
2.12029
2.11469
2.10931
2.10422
2.09964
2.09621
2.09489
2.09654
2.10141
2.10885
2.11761
2.12643
2.13445
2.14126
2.1468
2.1512
2.15462
2.15725
2.15921
2.16063
2.16159
2.16217
2.16244
2.16245
2.16226
2.16191
2.16144
2.16085
2.16018
2.15941
2.15853
2.1575
2.15625
2.15467
2.15265
2.14999
2.1465
2.14195
2.13617
2.12905
2.1207
2.11157
2.10249
2.09466
2.0894
2.08774
2.09
2.09569
2.10365
2.11253
2.12117
2.12875
2.13481
2.13916
2.14178
2.14264
2.14174
2.13901
2.13434
2.12758
2.11864
2.10756
2.09477
2.08119
2.06839
2.05837
2.05303
2.05351
2.0597
2.07033
2.08349
2.09729
2.11029
2.12171
2.13126
2.13898
2.14511
2.14991
2.15364
2.15651
2.15869
2.16028
2.16135
2.16189
2.16188
2.16123
2.1598
2.15741
2.15388
2.14901
2.14274
2.13523
2.12704
2.11914
2.1128
2.10914
2.10865
2.11097
2.11515
2.12008
2.12496
2.12935
2.13316
2.13645
2.1393
2.14174
2.14376
2.14528
2.14626
2.1467
2.1467
2.14646
2.14625
2.14632
2.14677
2.1475
2.14821
2.14845
2.1478
2.146
2.14299
2.13901
2.13446
2.12987
2.12574
2.12255
2.1206
2.12001
2.12053
2.12163
2.12258
2.12271
2.12165
2.11947
2.11674
2.11434
2.11313
2.11356
2.11552
2.1184
2.12144
2.12395
2.1255
2.12588
2.12511
2.12333
2.12083
2.11801
2.11534
2.1133
2.11229
2.11252
2.11394
2.11622
2.11888
2.12135
2.12318
2.12416
2.12441
2.12433
2.12453
2.12563
2.12798
2.13155
2.13599
2.14073
2.14524
2.14914
2.15225
2.1545
2.15597
2.15673
2.15685
2.15634
2.15511
2.15299
2.14965
2.14467
2.13762
2.12828
2.11709
2.10562
2.09658
2.09295
2.09616
2.10509
2.11684
2.12849
2.13817
2.14521
2.14959
2.15154
2.15126
2.1488
2.14409
2.13701
2.12755
2.11603
2.10333
2.09093
2.08072
2.07442
2.07303
2.07642
2.08341
2.09218
2.10088
2.10813
2.11325
2.11619
2.11735
2.11735
2.11681
2.11626
2.11599
2.11612
2.11657
2.11716
2.1177
2.11807
2.11819
2.11812
2.11795
2.11779
2.11774
2.11786
2.11814
2.11854
2.11901
2.11952
2.12011
2.12086
2.12188
2.12328
2.12512
2.1274
2.13005
2.13291
2.13582
2.13864
2.14123
2.14353
2.14547
2.14706
2.14831
2.14924
2.14989
2.15028
2.15045
2.15042
2.15017
2.1497
2.14897
2.14789
2.14638
2.14431
2.14155
2.13795
2.13341
2.1279
2.12153
2.11465
2.10778
2.10157
2.09665
2.09334
2.09168
2.09141
2.09226
2.09407
2.0968
2.10044
2.10487
2.10987
2.11509
2.12022
2.12497
2.12913
2.13255
2.13516
2.1369
2.13772
2.13759
2.13649
2.13433
2.13099
2.12628
2.11993
2.11165
2.10127
2.08903
2.07595
2.06411
2.05646
2.05564
2.06258
2.0757
2.09186
2.10788
2.12167
2.13234
2.13984
2.14455
2.14694
2.14747
2.1465
2.1443
2.14106
2.13695
2.13213
2.12682
2.12132
2.11599
2.11126
2.10753
2.10506
2.10391
2.10394
2.10482
2.1062
2.10774
2.10919
2.11039
2.11127
2.11179
2.11193
2.11169
2.11106
2.11001
2.10855
2.10668
2.10443
2.10188
2.0991
2.09625
2.09351
2.09109
2.08922
2.08807
2.08775
2.08824
2.0894
2.09103
2.09289
2.09481
2.09666
2.09842
2.10011
2.10179
2.10349
2.10522
2.10695
2.10863
2.1102
2.11159
2.11276
2.11369
2.11437
2.11483
2.11508
2.11516
2.11509
2.11491
2.11465
2.11434
2.11399
2.11363
2.11327
2.11294
2.11263
2.11237
2.11216
2.11199
2.11188
2.11181
2.11178
2.11177
2.11175
2.11169
2.11153
2.1112
2.1106
2.10961
2.1081
2.10597
2.10321
2.09994
2.09649
2.09334
2.09104
2.08996
2.09009
2.09099
2.09195
2.09224
2.09138
2.08928
2.08614
2.08234
2.07822
2.07396
2.06954
2.06493
2.0603
2.0563
2.054
2.05464
2.05898
2.06687
2.07721
2.08844
2.09915
2.10844
2.11589
2.12147
2.12535
2.12777
2.12901
2.12929
2.12886
2.12789
2.12658
2.12508
2.12355
2.1221
2.12085
2.11988
2.11926
2.11902
2.11918
2.11973
2.12062
2.12177
2.12306
2.12431
2.12534
2.12591
2.12581
2.1248
2.12272
2.11946
2.11499
2.10945
2.10309
2.09635
2.08977
2.08392
2.07932
2.07637
2.07531
2.07625
2.07919
2.08398
2.09027
2.09752
2.1051
2.11236
2.11883
2.12424
2.12852
2.13174
2.13406
2.13567
2.13675
2.13748
2.13798
2.13837
2.13872
2.13908
2.1395
2.13997
2.1405
2.14108
2.1417
2.14232
2.14292
2.14344
2.14387
2.14414
2.14421
2.14406
2.14366
2.14299
2.14208
2.14098
2.13977
2.13857
2.1375
2.13666
2.1361
2.13576
2.13547
2.13499
2.13401
2.13233
2.13
2.12745
2.12557
2.12545
2.12794
2.13322
2.14063
2.14898
2.15703
2.16384
2.16885
2.17184
2.17281
2.17197
2.16968
2.16655
2.16337
2.16099
2.16008
2.16089
2.16313
2.16608
2.16885
2.17061
2.17073
2.1688
2.16462
2.15826
2.1501
2.14093
2.13197
2.12471
2.1205
2.12016
2.12356
2.1298
2.13755
2.14559
2.15312
2.15978
2.1655
2.17038
2.17457
2.1782
2.18138
2.18418
2.18666
2.18888
2.19088
2.1927
2.19437
2.19591
2.19732
2.1986
2.19975
2.20074
2.20154
2.20212
2.20243
2.20242
2.20206
2.20132
2.20019
2.1987
2.19691
2.19493
2.19287
2.19083
2.18887
2.18694
2.18494
2.18264
2.17978
2.17613
2.17152
2.166
2.15992
2.15404
2.14938
2.14699
2.14751
2.15087
2.15625
2.16254
2.16868
2.17394
2.178
2.18081
2.18249
2.18324
2.18322
2.1826
2.18147
2.17984
2.17769
2.17497
2.17168
2.16798
2.16426
2.16123
2.15972
2.16039
2.16344
2.16843
2.17451
2.18066
2.18607
2.19019
2.19286
2.19415
2.19438
2.19401
2.19354
2.19339
2.19381
2.19481
2.19614
2.19741
2.1981
2.19766
2.19551
2.19104
2.18377
2.17361
2.16136
2.14917
2.14033
2.1378
2.14222
2.1514
2.16189
2.17092
2.17729
2.1811
2.18314
2.18435
2.18552
2.18707
2.18911
2.19142
2.19366
2.19548
2.1966
2.19682
2.19605
2.19431
2.19164
2.1882
2.18414
2.17969
2.1751
2.17065
2.16665
2.16341
2.16124
2.16039
2.16101
2.16313
2.16662
2.17118
2.17642
2.18187
2.18706
2.19159
2.19514
2.19748
2.19847
2.19801
2.19604
2.19253
2.18747
2.18085
2.17275
2.16329
2.15272
2.14144
2.13005
2.11934
2.11028
2.10379
2.10061
2.101
2.10471
2.11102
2.11899
2.12768
2.1363
2.14429
2.15132
2.15724
2.162
2.16567
2.16833
2.17009
2.17105
2.17132
2.17097
2.17006
2.16864
2.16673
2.16434
2.16147
2.15813
2.15435
2.15014
2.14559
2.14078
2.13589
2.13111
2.1267
2.12296
2.12015
2.11849
2.11806
2.11884
2.12065
2.12322
2.12625
2.12942
2.13249
2.13525
2.13758
2.13939
2.14065
2.14135
2.14151
2.14114
2.14029
2.13898
2.13727
2.13522
2.13294
2.13055
2.12825
2.12628
2.12492
2.1244
2.12491
2.12649
2.129
2.13219
2.13572
2.13921
2.14233
2.14478
2.14632
2.14673
2.14582
2.14345
2.13953
2.13414
2.12755
2.12029
2.11301
2.10632
2.10049
2.09549
2.09109
2.0873
2.08458
2.08379
2.08571
2.09059
2.09784
2.10615
2.11391
2.11963
2.12228
2.12141
2.11718
2.11029
2.10184
2.09313
2.08547
2.08016
2.07833
2.08069
2.08717
2.09688
2.10846
2.12041
2.13138
2.14031
2.14651
2.14962
2.14954
2.14646
2.14094
2.13397
2.127
2.12161
2.11891
2.11904
2.12109
2.12367
2.12551
2.12588
2.12456
2.12163
2.11729
2.11179
2.10553
2.09928
2.09417
2.09139
2.09165
2.09472
2.09971
2.10551
2.11129
2.11657
2.12113
2.12486
2.12765
2.12938
2.12997
2.1294
2.12773
2.12508
2.12171
2.11797
2.11435
2.11138
2.10957
2.10928
2.1106
2.1133
2.11689
2.12077
2.12434
2.12715
2.12889
2.1294
2.12863
2.12665
2.12356
2.11956
2.11494
2.11008
2.10551
2.10179
2.09951
2.09906
2.10059
2.10384
2.10827
2.11317
2.11791
2.12201
2.12525
2.12768
2.12949
2.13099
2.13249
2.13417
2.13605
2.13794
2.13946
2.14015
2.13955
2.13731
2.13335
2.12801
2.12212
2.11685
2.11334
2.11211
2.11285
2.11461
2.11641
2.11774
2.11867
2.11965
2.12113
2.12321
2.1256
2.12773
2.12899
2.12889
2.12714
2.12366
2.11852
2.11203
2.10467
2.09719
2.09054
2.08577
2.08373
2.08483
2.08885
2.09509
2.10261
2.1105
2.1181
2.12497
2.13092
2.13585
2.13976
2.14269
2.14468
2.14576
2.14598
2.1454
2.1441
2.14223
2.13999
2.13768
2.13562
2.13417
2.13358
2.13397
2.13528
2.13729
2.1397
2.14219
2.1445
2.14645
2.14793
2.1489
2.14937
2.14937
2.14893
2.1481
2.14691
2.14538
2.14353
2.14136
2.13886
2.13602
2.1328
2.12918
2.12517
2.12078
2.11611
2.11128
2.10646
2.10178
2.09729
2.09293
2.08855
2.08402
2.07941
2.07515
2.07205
2.07108
2.07305
2.07818
2.08607
2.09585
2.10644
2.11684
2.12625
2.1341
2.14009
2.14408
2.14611
2.14635
2.14502
2.14248
2.13911
2.1354
2.13185
2.12895
2.12711
2.12656
2.12738
2.12941
2.13236
2.13584
2.13946
2.14288
2.14588
2.14833
2.15019
2.15148
2.15226
2.1526
2.15257
2.15222
2.15161
2.15074
2.14961
2.1482
2.14645
2.14432
2.14175
2.13869
2.13514
2.13112
2.12672
2.12212
2.11758
2.11342
2.10999
2.10763
2.10657
2.10687
2.10844
2.11101
2.11419
2.11762
2.12094
2.12393
2.12649
2.12863
2.13047
2.13219
2.13397
2.13598
2.1383
2.14092
2.14377
2.14672
2.14959
2.15223
2.15449
2.15625
2.15743
2.15796
2.15779
2.15688
2.1552
2.1527
2.14936
2.14522
2.14038
2.13501
2.12945
2.12411
2.11947
2.11596
2.11388
2.11329
2.11401
2.1157
2.11788
2.12009
2.1219
2.12297
2.12307
2.12206
2.11994
2.11682
2.11291
2.10859
2.10431
2.10058
2.09784
2.09642
2.09644
2.0978
2.10024
2.10339
2.10687
2.11033
2.11351
2.11624
2.11845
2.12013
2.12133
2.12211
2.12255
2.12273
2.12273
2.1226
2.12238
2.1221
2.12178
2.12141
2.12099
2.12051
2.11995
2.11932
2.11862
2.11786
2.11708
2.11634
2.1157
2.11524
2.11506
2.11523
2.11581
2.11682
2.11824
2.12001
2.12207
2.12432
2.12668
2.12908
2.13149
2.1339
2.13631
2.13875
2.14122
2.14371
2.14616
2.14847
2.15047
2.15194
2.15262
2.1522
2.15042
2.14703
2.14194
2.13531
2.1276
2.11962
2.1124
2.10695
2.10396
2.10368
2.10594
2.11024
2.11591
2.12218
2.12822
2.13328
2.13682
2.13857
2.13861
2.13733
2.1352
2.13262
2.1297
2.12613
2.12126
2.11444
2.10556
2.09572
2.08734
2.08317
2.08458
2.09095
2.10075
2.11284
2.12653
2.14086
2.15452
2.16625
2.17534
2.18171
2.18568
2.18775
2.18841
2.18807
2.18702
2.18546
2.1835
2.18122
2.17863
2.17573
2.17253
2.16906
2.16538
2.16162
2.15796
2.15464
2.15193
2.15006
2.14919
2.14936
2.15046
2.15232
2.15468
2.15731
2.16
2.16261
2.16503
2.16722
2.1692
2.17099
2.17264
2.17424
2.17583
2.17744
2.17907
2.18066
2.18209
2.18324
2.18394
2.18403
2.18333
2.1817
2.17904
2.17528
2.17042
2.16456
2.1579
2.15078
2.14371
2.1373
2.13222
2.12913
2.12847
2.1304
2.13464
2.1405
2.147
2.15305
2.15763
2.15999
2.15985
2.15758
2.15432
2.15178
2.15164
2.15473
2.16061
2.16786
2.17489
2.18054
2.18425
2.18596
2.18591
2.18447
2.18204
2.17903
2.17582
2.17272
2.16993
2.16751
2.16538
2.16336
2.16121
2.15882
2.15625
2.15379
2.15197
2.15136
2.1524
2.15524
2.15965
2.16509
2.17094
2.17657
2.18151
2.18544
2.18816
2.18958
2.18968
2.18848
2.1861
2.1827
2.17855
2.17396
2.16926
2.16468
2.16036
2.1563
2.15249
2.14902
2.14614
2.1442
2.14349
2.14409
2.14583
2.14837
2.15138
2.15465
2.15811
2.16176
2.16558
2.16947
2.17328
2.1768
2.17989
2.18251
2.18467
2.18651
2.18818
2.18986
2.19167
2.19365
2.19577
2.19789
2.19982
2.2013
2.20209
2.20195
2.20069
2.19816
2.19432
2.18922
2.18303
2.17609
2.16883
2.16176
2.15536
2.15008
2.1462
2.14382
2.14283
2.14284
2.14323
2.14316
2.14184
2.13869
2.13356
2.12682
2.11928
2.11201
2.10606
2.10232
2.10149
2.10412
2.11039
2.11994
2.13174
2.14434
2.15633
2.16666
2.17479
2.18055
2.184
2.18536
2.18489
2.1829
2.17973
2.17572
2.17127
2.16672
2.16241
2.15859
2.15542
2.15294
2.15112
2.14985
2.14901
2.14848
2.14817
2.14802
2.14798
2.148
2.14802
2.14796
2.14766
2.14692
2.14551
2.14316
2.13972
2.13523
2.13007
2.12504
2.12124
2.11968
2.12087
2.12452
2.12974
2.13545
2.14074
2.14508
2.14827
2.15033
2.15141
2.15169
2.15134
2.15054
2.14942
2.1481
2.14671
2.14535
2.14408
2.14299
2.14212
2.14146
2.141
2.14066
2.1403
2.13973
2.13873
2.13703
2.13435
2.13045
2.12522
2.11878
2.11157
2.10444
2.09853
2.09495
2.09443
2.09697
2.10191
2.10827
2.11505
2.12152
2.12722
2.13194
2.13568
2.13852
2.14067
2.1424
2.14407
2.14605
2.14867
2.15214
2.15645
2.16141
2.16668
2.17187
2.17661
2.1806
2.18365
2.18561
2.18639
2.18588
2.18401
2.18065
2.17569
2.16899
2.16047
2.1501
2.13805
2.12475
2.11102
2.09805
2.08726
2.07986
2.07645
2.0768
2.08006
2.08517
2.09128
2.09784
2.10468
2.11179
2.11925
2.12707
2.13514
2.14323
2.15102
2.15816
2.16431
2.16923
2.17274
2.17478
2.17537
2.17465
2.1728
2.17011
2.16692
2.16361
2.1605
2.15787
2.15584
2.15439
2.15338
2.15259
2.1518
2.15079
2.14943
2.14761
2.14526
2.14228
2.13856
2.13393
2.12819
2.12113
2.11271
2.10326
2.09372
2.08568
2.08098
2.08086
2.08525
2.09276
2.10152
2.10993
2.11709
2.12273
2.12696
2.13003
2.13223
2.13377
2.13483
2.13548
2.13579
2.13574
2.13533
2.13454
2.13332
2.13167
2.12955
2.12696
2.12388
2.12025
2.116
2.11101
2.10519
2.09856
2.09146
2.08462
2.07918
2.07641
2.07716
2.08147
2.08849
2.09686
2.10528
2.11275
2.11871
2.12296
2.1255
2.12645
2.126
2.12438
2.12182
2.1186
2.11506
2.11157
2.10854
2.10635
2.10528
2.10547
2.10685
2.10919
2.11217
2.11544
2.11869
2.12169
2.12428
2.12637
2.12792
2.12891
2.12938
2.12936
2.12891
2.12811
2.12705
2.12584
2.12461
2.12344
2.1224
2.12148
2.12062
2.11966
2.11845
2.11686
2.11489
2.11271
2.11074
2.10951
2.10963
2.11148
2.11511
2.12019
2.12611
2.13221
2.13791
2.14282
2.14675
2.14964
2.15153
2.15252
2.15272
2.15224
2.15119
2.14965
2.14771
2.14541
2.14284
2.14004
2.13709
2.13406
2.13106
2.1282
2.12561
2.12345
2.12184
2.12088
2.12063
2.12106
2.1221
2.12361
2.12545
2.12745
2.12948
2.1314
2.13314
2.13463
2.13584
2.13674
2.13733
2.1376
2.13757
2.13725
2.13665
2.13579
2.13468
2.13337
2.13186
2.1302
2.12843
2.12658
2.12472
2.12291
2.12119
2.11965
2.11833
2.11729
2.11655
2.11613
2.11601
2.11616
2.11654
2.11709
2.11775
2.11847
2.11918
2.11984
2.12039
2.12078
2.12098
2.12094
2.12067
2.12017
2.11952
2.11881
2.11817
2.11776
2.11771
2.1181
2.11894
2.12015
2.12156
2.12295
2.12406
2.12464
2.12444
2.12323
2.12086
2.11723
2.11246
2.10693
2.10139
2.09688
2.09452
2.09503
2.09846
2.10411
2.1109
2.11779
2.12405
2.12931
2.13349
2.13666
2.13896
2.14053
2.14152
2.142
2.14204
2.14168
2.14092
2.13975
2.13816
2.13613
2.13367
2.13082
2.12767
2.12436
2.12112
2.11821
2.11594
2.1146
2.11441
2.11548
2.11777
2.12116
2.12542
2.13028
2.13549
2.1408
2.14602
2.15099
2.15558
2.15972
2.16333
2.1664
2.16892
2.17092
2.17244
2.17357
2.17443
2.17516
2.17592
2.17686
2.17812
2.17982
2.182
2.18465
2.18769
2.191
2.19443
2.19782
2.20098
2.20378
2.20607
2.20776
2.20878
2.20907
2.20863
2.20745
2.20559
2.20314
2.20024
2.19708
2.19391
2.191
2.18863
2.18706
2.18646
2.18691
2.1884
2.1908
2.19392
2.1975
2.20133
2.20516
2.20885
2.21229
2.2155
2.21855
2.22162
2.22488
2.22849
2.23248
2.23675
2.24108
2.24516
2.24865
2.25124
2.25269
2.25284
2.25164
2.24916
2.24561
2.24137
2.23698
2.23303
2.23003
2.22832
2.22796
2.22876
2.23037
2.23247
2.23478
2.23714
2.23948
2.24179
2.24407
2.24632
2.24854
2.25067
2.25266
2.25439
2.25573
2.25652
2.25655
2.25559
2.25338
2.24965
2.24421
2.23699
2.22825
2.2187
2.20962
2.20272
2.19964
2.2012
2.20702
2.21561
2.22508
2.23378
2.24058
2.24493
2.24665
2.24578
2.24247
2.23691
2.22939
2.2204
2.21072
2.20154
2.19432
2.19036
2.19027
2.19364
2.19921
2.2055
2.21132
2.21597
2.21925
2.22125
2.2222
2.22233
2.22179
2.22062
2.21866
2.21571
2.21156
2.20622
2.20008
2.19408
2.1895
2.18757
2.18885
2.19291
2.19859
2.20458
2.20984
2.21382
2.21636
2.21756
2.2176
2.2167
2.21505
2.21283
2.21018
2.20724
2.20416
2.20111
2.19825
2.19577
2.19384
2.19255
2.19193
2.1919
2.19228
2.1928
2.19316
2.19307
2.19229
2.19065
2.18814
2.18491
2.18125
2.17761
2.17443
2.17208
2.17078
2.17058
2.17145
2.17331
2.17602
2.17943
2.1833
2.18735
2.19128
2.19477
2.1976
2.19958
2.20059
2.2006
2.19966
2.19788
2.19548
2.19282
2.19033
2.18853
2.18785
2.18853
2.19051
2.19346
2.19687
2.20023
2.20308
2.20513
2.20617
2.20607
2.20472
2.20202
2.1979
2.19237
2.18558
2.17797
2.17031
2.16362
2.15898
2.15716
2.15832
2.16194
2.16706
2.17268
2.17808
2.18286
2.18691
2.19015
2.1924
2.19332
2.19248
2.1897
2.18531
2.18048
2.17708
2.17693
2.18079
2.18782
2.19596
2.20304
2.20745
2.20841
2.20575
2.19976
2.19107
2.18076
2.17042
2.16206
2.15776
2.15896
2.16579
2.17697
2.19036
2.20379
2.21562
2.22488
2.23115
2.23437
2.23471
2.23247
2.22814
2.22225
2.21532
2.2077
2.19946
2.19046
2.18063
2.17023
2.1601
2.15151
2.14579
2.1438
2.14563
2.15056
2.15742
2.16503
2.1725
2.17933
2.18528
2.19022
2.19398
2.19634
2.19708
2.19602
2.1931
2.1884
2.18221
2.17512
2.16811
2.16252
2.15967
2.16037
2.16444
2.17074
2.17767
2.18381
2.18825
2.1906
2.1909
2.18942
2.18658
2.18284
2.17873
2.17478
2.17149
2.16929
2.16842
2.16892
2.17064
2.17326
2.1764
2.17969
2.18285
2.18573
2.18824
2.19043
2.19235
2.1941
2.1957
2.19705
2.1979
2.19781
2.19617
2.19227
2.18543
2.17537
2.1627
2.14943
2.13872
2.13349
2.13456
2.14009
2.147
2.15283
2.15651
2.1581
2.15827
2.15777
2.15719
2.15691
2.15711
2.15783
2.15903
2.16067
2.1627
2.16504
2.16758
2.17019
2.17265
2.17476
2.17632
2.1772
2.17735
2.17681
2.17573
2.17432
2.17284
2.17155
2.17065
2.17031
2.17058
2.17142
2.17271
2.17426
2.17581
2.17712
2.17791
2.17791
2.1769
2.17466
2.17106
2.16605
2.15975
2.15255
2.14524
2.13884
2.13435
2.13223
2.1321
2.1329
2.13344
2.13295
2.13134
2.12921
2.12752
2.12716
2.12859
2.1317
2.13594
2.14061
2.14519
2.14943
2.1533
2.15692
2.16042
2.16388
2.16727
2.17048
2.17337
2.17579
2.17762
2.1788
2.17929
2.1791
2.17821
2.17664
2.17437
2.1714
2.16774
2.16352
2.15898
2.15457
2.15086
2.1484
2.14754
2.14827
2.15018
2.15264
2.15501
2.15678
2.15765
2.15748
2.15629
2.15412
2.15108
2.14729
2.14291
2.13821
2.13351
2.12928
2.12599
2.12414
2.12403
2.12579
2.12927
2.13409
2.13976
2.14579
2.15175
2.15731
2.1623
2.1666
2.17018
2.17306
2.17526
2.1768
2.17768
2.1779
2.1774
2.1761
2.1739
2.17066
2.16625
2.16057
2.15358
2.14536
2.13615
2.1264
2.1167
2.10781
2.10046
2.09523
2.09247
2.09216
2.09395
2.09717
2.10095
2.10436
2.10658
2.10708
2.10583
2.10341
2.10092
2.09962
2.10032
2.103
2.10685
2.11077
2.11381
2.11546
2.11565
2.11456
2.11252
2.10988
2.10697
2.10404
2.10132
2.09895
2.09702
2.09556
2.09454
2.09391
2.09359
2.09352
2.09364
2.09392
2.09433
2.09485
2.09547
2.09617
2.09691
2.09767
2.0984
2.09907
2.09964
2.10006
2.10027
2.10022
2.09985
2.09909
2.09788
2.09617
2.09395
2.09125
2.08818
2.08493
2.08175
2.0789
2.07665
2.07517
2.07451
2.07464
2.07544
2.07677
2.0785
2.08048
2.08259
2.08472
2.08676
2.08864
2.09032
2.09179
2.09308
2.09421
2.09523
2.09619
2.0971
2.09799
2.09887
2.09974
2.10059
2.10141
2.10218
2.10289
2.10352
2.10405
2.10447
2.10478
2.10498
2.10511
2.10524
2.1054
2.10564
2.10592
2.10606
2.10578
2.10465
2.10225
2.09825
2.09266
2.08599
2.07932
2.074
2.07115
2.07112
2.07339
2.07696
2.08086
2.08454
2.08776
2.09057
2.09304
2.0953
2.09741
2.09943
2.10142
2.10339
2.10537
2.10735
2.10931
2.11123
2.11312
2.11498
2.11684
2.11871
2.12063
2.12263
2.12472
2.12691
2.12919
2.13154
2.13395
2.13635
2.1387
2.14094
2.14299
2.14477
2.14622
2.14724
2.14777
2.14774
2.14709
2.14578
2.14378
2.14108
2.1377
2.13372
2.12926
2.1245
2.11971
2.11517
2.11115
2.10783
2.10524
2.10326
2.1016
2.09995
2.09799
2.09552
2.0925
2.08914
2.08594
2.08371
2.08346
2.086
2.09159
2.09968
2.10913
2.11866
2.12719
2.13412
2.13925
2.14269
2.14478
2.14595
2.14664
2.14726
2.14803
2.14903
2.15009
2.15092
2.15112
2.15026
2.148
2.14411
2.13856
2.13158
2.12367
2.11559
2.10822
2.10236
2.0986
2.09727
2.0984
2.10158
2.10597
2.11029
2.11313
2.11329
2.11019
2.10413
2.09638
2.08905
2.08441
2.0841
2.08853
2.09689
2.10764
2.11923
2.13045
2.14065
2.14956
2.15718
2.16358
2.16876
2.17262
2.17491
2.17515
2.17259
2.1662
2.15482
2.13789
2.11693
2.09722
2.0868
2.09114
2.10792
2.12939
2.14864
2.16255
2.17084
2.17433
2.17391
2.17019
2.16351
2.15409
2.14214
2.12818
2.11325
2.09905
2.08778
2.08155
2.08159
2.0878
2.09894
2.11326
2.1291
2.14517
2.1606
2.17485
2.18763
2.19878
2.20824
2.21599
2.22204
2.22638
2.22899
2.22982
2.22875
2.22567
2.22044
2.21296
2.20332
2.19187
2.17946
2.16747
2.15767
2.15172
2.15045
2.15338
2.15896
2.16518
2.17027
2.17301
2.17269
2.169
2.16185
2.15145
2.13839
2.12387
2.10967
2.09771
2.0893
2.08459
2.08289
2.08348
2.08612
2.09101
2.09824
2.10746
2.11784
2.1284
2.13826
2.14687
2.15401
2.15965
2.16392
2.16699
2.16907
2.17035
2.17102
2.17123
2.17114
2.17083
2.17036
2.16973
2.1689
2.16777
2.16624
2.1642
2.16151
2.15809
2.15389
2.14895
2.14339
2.13749
2.13165
2.12637
2.12219
2.11953
2.11861
2.11935
2.12142
2.12428
2.12737
2.13024
2.13257
2.13425
2.13527
2.13571
2.13567
2.13521
2.13435
2.13308
2.13135
2.12913
2.12637
2.12302
2.11906
2.11444
2.10921
2.10348
2.09754
2.09183
2.087
2.08373
2.08255
2.08369
2.08695
2.09177
2.09739
2.1031
2.10836
2.11285
2.11645
2.11914
2.12102
2.12216
2.12267
2.12259
2.12199
2.12088
2.11927
2.11719
2.11467
2.11178
2.10862
2.10535
2.10212
2.09911
2.09646
2.09425
2.09252
2.09127
2.09049
2.09018
2.09035
2.09105
2.09228
2.09402
2.09621
2.09871
2.10139
2.10407
2.10661
2.10891
2.11089
2.1125
2.11372
2.11455
2.11501
2.11511
2.11489
2.11439
2.11364
2.1127
2.11163
2.1105
2.10936
2.10829
2.10734
2.10655
2.10594
2.10549
2.10516
2.10489
2.10459
2.10415
2.10346
2.1024
2.10087
2.0988
2.09617
2.093
2.0894
2.08555
2.08172
2.07821
2.07529
2.07319
2.07199
2.07165
2.072
2.07282
2.07388
2.07506
2.07627
2.07754
2.07893
2.08051
2.08235
2.08447
2.08683
2.08936
2.09192
2.09434
2.09648
2.09818
2.09935
2.09993
2.0999
2.09928
2.09812
2.09645
2.09432
2.09173
2.08865
2.08504
2.08088
2.07622
2.07129
2.06652
2.06249
2.05985
2.05903
2.06009
2.06271
2.06627
2.07011
2.0737
2.07672
2.07905
2.0807
2.08177
2.08237
2.08263
2.08265
2.08254
2.08235
2.08213
2.08191
2.08172
2.08157
2.08144
2.08133
2.08122
2.08109
2.08092
2.08066
2.08028
2.07973
2.07896
2.07794
2.07661
2.07493
2.0729
2.0705
2.06776
2.06476
2.0616
2.05842
2.05538
2.05266
2.05043
2.04879
2.04786
2.04771
2.04835
2.04978
2.05191
2.05454
2.05739
2.06009
2.06225
2.06354
2.06377
2.06288
2.06101
2.05846
2.05564
2.05298
2.05084
2.04944
2.04879
2.04878
2.04919
2.04982
2.05049
2.05113
2.05169
2.05223
2.05281
2.05353
2.05448
2.05571
2.05727
2.05915
2.06128
2.06361
2.06603
2.06846
2.0708
2.07299
2.07498
2.07673
2.07821
2.0794
2.08026
2.08075
2.08078
2.08024
2.07897
2.07677
2.07341
2.06867
2.06244
2.05484
2.04638
2.03801
2.03097
2.02633
2.0245
2.02495
2.02654
2.02802
2.02849
2.02764
2.02569
2.0233
2.02134
2.02062
2.02165
2.02447
2.0287
2.0338
2.03926
2.04474
2.0501
2.05527
2.06025
2.06501
2.06949
2.0736
2.07722
2.08026
2.08263
2.08426
2.08511
2.08516
2.08441
2.08288
2.08061
2.0777
2.07428
2.07051
2.06658
2.06268
2.05898
2.05563
2.05274
2.05039
2.04869
2.04775
2.04763
2.0484
2.05004
2.05247
2.05557
2.05918
2.06309
2.06711
2.07101
2.0746
2.07772
2.08025
2.08214
2.08333
2.08385
2.08372
2.08302
2.08181
2.08022
2.07838
2.07642
2.0745
2.07277
2.07134
2.07031
2.0697
2.06952
2.06972
2.07021
2.0709
2.07171
2.07254
2.07335
2.07407
2.07466
2.0751
2.07539
2.07553
2.07552
2.07538
2.07512
2.07475
2.07428
2.07372
2.07308
2.07237
2.07163
2.07089
2.07022
2.0697
2.0694
2.06939
2.06973
2.07043
2.07148
2.07284
2.07441
2.0761
2.07777
2.07928
2.08047
2.08121
2.08132
2.08071
2.07931
2.07715
2.07439
2.07136
2.06849
2.06629
2.06518
2.06531
2.06656
2.06855
2.07074
2.07266
2.07392
2.07432
2.07381
2.07247
2.07046
2.06802
2.06545
2.06304
2.06109
2.05987
2.05958
2.06031
2.06207
2.06477
2.06821
2.07214
2.07629
2.08039
2.08421
2.08757
2.09035
2.09249
2.09397
2.0948
2.09503
2.09471
2.09391
2.09274
2.09129
2.08968
2.08806
2.08657
2.08538
2.08462
2.08442
2.08484
2.08591
2.08761
2.08986
2.09255
2.09558
2.09881
2.10211
2.10538
2.10851
2.11142
2.11402
2.11625
2.11805
2.11934
2.12006
2.12012
2.11941
2.1178
2.11516
2.11134
2.10624
2.09987
2.09246
2.08449
2.07676
2.07015
2.06544
2.06294
2.06245
2.0634
2.06516
2.06726
2.06952
2.07193
2.07461
2.07768
2.08131
2.08567
2.09089
2.09697
2.10374
2.11083
2.11778
2.12418
2.12969
2.13412
2.13741
2.13959
2.1407
2.14082
2.13999
2.13825
2.13562
2.13214
2.12786
2.12289
2.11747
2.11191
2.10663
2.10209
2.09867
2.09661
2.09593
2.09643
2.0978
2.09964
2.10163
2.10352
2.10519
2.10667
2.10801
2.10932
2.1106
2.11176
2.11257
2.11273
2.11193
2.10989
2.10654
2.10206
2.09696
2.09209
2.0885
2.08708
2.08823
2.09171
2.09671
2.10225
2.10756
2.1122
2.11607
2.11929
2.12206
2.12452
2.12667
2.12844
2.12965
2.13012
2.12973
2.12842
2.12621
2.12317
2.1194
2.11501
2.11015
2.105
2.09979
2.09482
2.09041
2.08684
2.08429
2.08281
2.08232
2.08273
2.08395
2.08601
2.08895
2.09277
2.09733
2.10232
2.10736
2.11209
2.11624
2.11963
2.12222
2.124
2.12502
2.12532
2.12492
2.12386
2.12215
2.11983
2.11694
2.11362
2.11005
2.1065
2.10332
2.10082
2.09926
2.09872
2.0991
2.10012
2.10137
2.10233
2.1024
2.10083
2.09667
2.08869
2.0757
2.05738
2.03591
2.01728
2.00931
2.01568
2.03233
2.05145
2.06731
2.07802
2.08415
2.08711
2.08822
2.08852
2.08866
2.08899
2.08966
2.09065
2.09185
2.09314
2.09438
2.09546
2.09626
2.09672
2.09676
2.0963
2.09528
2.09366
2.09139
2.08847
2.085
2.08116
2.07727
2.07378
2.07118
2.06992
2.07026
2.07218
2.07537
2.07941
2.08382
2.08824
2.09241
2.09624
2.0997
2.10281
2.10559
2.10804
2.11013
2.11174
2.11272
2.11284
2.11177
2.10918
2.10477
2.09845
2.09056
2.08211
2.07478
2.07037
2.06998
2.07335
2.07902
2.08516
2.09028
2.09354
2.09468
2.09383
2.09135
2.08778
2.0838
2.08023
2.07783
2.07719
2.07845
2.08132
2.08513
2.08909
2.09262
2.09538
2.09736
2.09874
2.09976
2.10065
2.10157
2.10264
2.10389
2.10534
2.10698
2.10876
2.11062
2.11245
2.11418
2.11576
2.11712
2.11827
2.11922
2.11997
2.12057
2.12105
2.12143
2.12174
2.122
2.12221
2.1224
2.12255
2.1227
2.12284
2.12299
2.12317
2.1234
2.1237
2.12408
2.12457
2.12518
2.12591
2.12675
2.1277
2.12874
2.12984
2.13097
2.13208
2.13315
2.13412
2.13495
2.13559
2.13599
2.1361
2.13587
2.13526
2.13424
2.1328
2.13095
2.12873
2.12623
2.12355
2.12082
2.11818
2.11577
2.11374
2.11226
2.11151
2.11167
2.11287
2.1151
2.11816
2.12171
2.1253
2.12849
2.13095
2.13246
2.13298
2.13256
2.13143
2.12984
2.12811
2.12657
2.12543
2.12481
2.12465
2.12474
2.12473
2.12416
2.12258
2.11957
2.11495
2.10889
2.10207
2.09566
2.09101
2.0892
2.09058
2.09472
2.10077
2.10781
2.11507
2.12198
2.12812
2.13325
2.13728
2.14025
2.14231
2.14365
2.14447
2.14491
2.14506
2.14496
2.14457
2.14387
2.14284
2.14154
2.14005
2.13857
2.1373
2.13642
2.13605
2.13617
2.13664
2.13717
2.13748
2.13725
2.13624
2.13434
2.13157
2.12813
2.12441
2.12095
2.11832
2.11696
2.11705
2.11845
2.12076
2.12346
2.12603
2.12806
2.12925
2.12943
2.1285
2.12646
2.12341
2.11959
2.11534
2.11105
2.10708
2.10364
2.10076
2.09833
2.09627
2.09461
2.09359
2.09364
2.09518
2.09842
2.10322
2.10913
2.11551
2.12177
2.12743
2.13222
2.13601
2.13881
2.1407
2.14179
2.1422
2.14206
2.1415
2.14063
2.13956
2.1384
2.13724
2.13614
2.13516
2.13436
2.13375
2.13334
2.13313
2.13309
2.13316
2.13327
2.13331
2.13315
2.13265
2.13165
2.12999
2.12754
2.12427
2.12028
2.11591
2.11173
2.10844
2.10671
2.10683
2.10858
2.11122
2.11374
2.11509
2.11441
2.11114
2.10511
2.09667
2.08686
2.07742
2.07051
2.06801
2.07075
2.07818
2.08871
2.10044
2.11178
2.12174
2.12989
2.1362
2.14086
2.14414
2.14631
2.14762
2.14825
2.14834
2.148
2.1473
2.14631
2.14509
2.14371
2.14227
2.14085
2.1395
2.13824
2.13695
2.1354
2.13329
2.13031
2.12632
2.12152
2.1166
2.1126
2.11057
2.11105
2.11376
2.11775
2.12188
2.12528
2.12761
2.12897
2.1298
2.13059
2.13178
2.13361
2.13604
2.13877
2.14134
2.14324
2.14407
2.14365
2.14205
2.1395
2.13632
2.13275
2.12899
2.12523
2.12179
2.11915
2.11794
2.1187
2.1216
2.12621
2.13158
2.13656
2.14019
2.14191
2.14163
2.13965
2.1365
2.13278
2.12904
2.12571
2.12309
2.12123
2.12004
2.11933
2.11895
2.11893
2.11951
2.12098
2.12357
2.12733
2.13208
2.13752
2.14327
2.14897
2.15435
2.15917
2.16332
2.16669
2.16925
2.17095
2.17176
2.17165
2.17056
2.16846
2.16533
2.1612
2.15621
2.15064
2.145
2.14002
2.13645
2.13483
2.13519
2.137
2.13936
2.1414
2.14258
2.14285
2.14243
2.14168
2.14085
2.13997
2.13901
2.13806
2.13757
2.13832
2.14111
2.14629
2.15347
2.16171
2.16996
2.17745
2.18386
2.18928
2.19399
2.19836
2.20268
2.20715
2.21184
2.21668
2.22152
2.22618
2.23043
2.23405
2.23684
2.2386
2.2392
2.23854
2.23661
2.23352
2.2295
2.22494
2.22028
2.21594
2.2122
2.20913
2.20657
2.2043
2.20212
2.19997
2.19788
2.19593
2.19408
2.19216
2.18984
2.18677
2.18269
2.17756
2.17156
2.16506
2.1585
2.15246
2.14763
2.14482
2.14471
2.14755
2.15299
2.16017
2.16806
2.17575
2.18271
2.18879
2.1941
2.19892
2.20348
2.20793
2.21228
2.21643
2.22021
2.22345
2.22599
2.22773
2.22861
2.22861
2.2277
2.22589
2.22319
2.21963
2.21528
2.21032
2.205
2.19975
2.19506
2.19144
2.18928
2.18869
2.1895
2.1913
2.19359
2.19589
2.19787
2.19933
2.2002
2.20052
2.2004
2.2
2.19951
2.19912
2.19901
2.19933
2.20013
2.2014
2.20302
2.20483
2.2066
2.20807
2.20898
2.20903
2.20794
2.20544
2.2013
2.19535
2.18766
2.17855
2.16873
2.1592
2.15103
2.14509
2.1418
2.14116
2.14294
2.14675
2.15209
2.15825
2.16445
2.16993
2.17417
2.17699
2.17852
2.17907
2.17907
2.17894
2.17904
2.1796
2.18073
2.18245
2.18468
2.18729
2.1901
2.19293
2.19558
2.19794
2.19993
2.20151
2.20271
2.20355
2.20403
2.20415
2.20386
2.20314
2.20201
2.20053
2.19883
2.19707
2.19539
2.19387
2.19252
2.19124
2.18991
2.18843
2.18679
2.18509
2.18351
2.18229
2.18158
2.1814
2.18159
2.18189
2.18197
2.18159
2.18057
2.17886
2.17652
2.17363
2.17035
2.16686
2.16333
2.15996
2.1569
2.15427
2.15214
2.15043
2.14892
2.14715
2.14447
2.14019
2.13382
2.12555
2.11676
2.11007
2.10837
2.113
2.12264
2.13422
2.14474
2.15245
2.15693
2.15857
2.15807
2.15616
2.15348
2.15052
2.14764
2.14513
2.14316
2.14185
2.14123
2.14127
2.14188
2.14295
2.1443
2.14579
2.14728
2.14865
2.14984
2.15079
2.15149
2.15193
2.15215
2.15216
2.152
2.15172
2.15134
2.15092
2.1505
2.15011
2.14978
2.14954
2.14941
2.14938
2.14944
2.14958
2.14975
2.14992
2.15002
2.14999
2.14977
2.1493
2.1485
2.14733
2.14574
2.14371
2.14123
2.13833
2.13507
2.13156
2.12796
2.12449
2.12139
2.11893
2.11737
2.1169
2.11763
2.11954
2.12254
2.12645
2.13105
2.13611
2.14142
2.14679
2.15208
2.15717
2.16195
2.16637
2.17038
2.17396
2.17709
2.17978
2.18203
2.18384
2.1852
2.1861
2.18649
2.1863
2.18546
2.1839
2.18156
2.17843
2.17458
2.17014
2.16537
2.16057
2.15609
2.15225
2.14927
2.1473
2.14641
2.14661
2.1479
2.15024
2.15357
2.1577
2.16243
2.16745
2.17251
2.17737
2.18189
2.18597
2.18959
2.19275
2.19546
2.19774
2.19956
2.20094
2.20189
2.20247
2.20279
2.203
2.20332
2.20392
2.20496
2.20653
2.20863
2.21115
2.21386
2.21644
2.21841
2.21917
2.21795
2.21398
2.20664
2.19588
2.18275
2.16954
2.15909
2.1534
2.15268
2.15584
2.16166
2.16922
2.17756
2.18549
2.19186
2.19585
2.19721
2.19608
2.19291
2.18834
2.18316
2.17823
2.17426
2.1716
2.1701
2.16919
2.16832
2.16747
2.16736
2.16918
2.17375
2.18094
2.18958
2.19813
2.20525
2.21018
2.21263
2.21269
2.21061
2.20683
2.20188
2.19635
2.19084
2.18579
2.18139
2.17759
2.17422
2.17119
2.16866
2.16693
2.16642
2.16741
2.16996
2.17387
2.17875
2.18416
2.18966
2.19488
2.19953
2.20341
2.20637
2.20836
2.20934
2.20931
2.20831
2.20636
2.20347
2.19967
2.19494
2.18928
2.18267
2.1752
2.16708
2.15874
2.15088
2.14439
2.14016
2.13882
2.14052
2.14497
2.15152
2.15944
2.16805
2.17679
2.18522
2.19302
2.19999
2.20602
2.21111
2.21529
2.21867
2.22136
2.22349
2.22515
2.22645
2.22746
2.22822
2.22876
2.22908
2.22915
2.22892
2.22829
2.22716
2.22536
2.22272
2.21906
2.21425
2.20825
2.20121
2.19354
2.18596
2.17939
2.17471
2.17254
2.17296
2.17555
2.17953
2.18405
2.1884
2.19206
2.19471
2.19614
2.19627
2.1951
2.19284
2.19001
2.18741
2.18596
2.18636
2.18877
2.19273
2.19739
2.20192
2.20577
2.20887
2.2115
2.21415
2.2173
2.22114
2.22551
2.2299
2.23362
2.23602
2.23661
2.23518
2.23181
2.22681
2.22065
2.21396
2.2075
2.20224
2.19922
2.19919
2.20208
2.20687
2.21205
2.21619
2.21844
2.21858
2.21688
2.21389
2.21025
2.20659
2.20344
2.20117
2.19993
2.19968
2.20022
2.20127
2.2025
2.20361
2.20438
2.20467
2.20436
2.20342
2.20181
2.1995
2.19646
2.19264
2.18798
2.18247
2.17611
2.16906
2.16161
2.15432
2.14792
2.14325
2.1409
2.14103
2.14319
2.14655
2.1502
2.15351
2.15624
2.15857
2.16083
2.16325
2.16575
2.168
2.16972
2.171
2.17235
2.17447
2.17776
2.18201
2.18646
2.19016
2.19244
2.19301
2.19203
2.18994
2.18728
2.18463
2.18247
2.18114
2.18081
2.18144
2.18283
2.18464
2.18644
2.18781
2.18835
2.18773
2.18569
2.18203
2.17667
2.16971
2.16145
2.15252
2.1438
2.1363
2.13093
2.12824
2.12834
2.13098
2.13568
2.14186
2.14891
2.15624
2.16326
2.16953
2.17475
2.17878
2.18159
2.18325
2.18384
2.18342
2.182
2.17955
2.17601
2.17134
2.16559
2.15903
2.15222
2.14597
2.1412
2.13854
2.13804
2.13913
2.14087
2.14231
2.14282
2.14212
2.14024
2.13739
2.13381
2.12974
2.12541
2.12108
2.1172
2.11438
2.1133
2.11448
2.11799
2.1233
2.12951
2.13559
2.14068
2.14418
2.14567
2.14482
2.14127
2.13458
2.12421
2.1097
2.091
2.06908
2.04654
2.02758
2.01656
2.01577
2.02428
2.03895
2.05623
2.07334
2.08849
2.10079
2.10996
2.11611
2.11957
2.12077
2.12024
2.11851
2.11615
2.1137
2.11161
2.11012
2.10927
2.10881
2.10828
2.10704
2.10433
2.09937
2.09143
2.08022
2.0665
2.05262
2.04239
2.03927
2.04401
2.05395
2.06504
2.07408
2.07961
2.08153
2.08048
2.07746
2.07364
2.07019
2.06811
2.06798
2.0698
2.07311
2.0772
2.08136
2.08512
2.08823
2.09065
2.09244
2.09376
2.09474
2.09553
2.09624
2.09696
2.09774
2.09862
2.09962
2.10074
2.10199
2.10335
2.10481
2.10636
2.10798
2.10966
2.11138
2.11311
2.11483
2.11651
2.11809
2.11955
2.12081
2.12182
2.12254
2.12291
2.12292
2.12259
2.12198
2.12121
2.12044
2.11982
2.11946
2.11939
2.11948
2.11948
2.11905
2.11778
2.11533
2.11145
2.10609
2.09948
2.09225
2.08545
2.08057
2.07921
2.08258
2.09083
2.10291
2.11694
2.13098
2.14353
2.15373
2.16123
2.16602
2.16824
2.16811
2.16583
2.16156
2.15546
2.14774
2.1388
2.12931
2.12032
2.11318
2.10937
2.10998
2.11508
2.12336
2.13256
2.14044
2.14556
2.14763
2.14732
2.1459
2.14476
2.14499
2.1471
2.15101
2.15623
2.16206
2.16788
2.17321
2.17773
2.18126
2.18374
2.18515
2.18551
2.18483
2.18311
2.18032
2.17645
2.17154
2.16575
2.15945
2.15328
2.1481
2.14479
2.14394
2.14558
2.14918
2.15385
2.1587
2.16306
2.16654
2.16901
2.17051
2.17117
2.17116
2.17063
2.16973
2.16859
2.1673
2.16593
2.16449
2.16294
2.16116
2.15897
2.15613
2.15238
2.14756
2.14167
2.13501
2.12816
2.12198
2.11741
2.11519
2.11567
2.11863
2.1234
2.12906
2.1347
2.13965
2.1436
2.14651
2.14861
2.1502
2.15158
2.15295
2.15437
2.15572
2.15672
2.15702
2.15625
2.15412
2.15054
2.14566
2.13995
2.13412
2.12897
2.12519
2.12318
2.12293
2.12409
2.12611
2.12841
2.13057
2.13235
2.13371
2.13467
2.1353
2.13566
2.13578
2.13575
2.13563
2.13555
2.13558
2.13578
2.13616
2.1367
2.13731
2.13792
2.13844
2.13879
2.1389
2.13871
2.13819
2.13729
2.13599
2.13431
2.13227
2.12995
2.12746
2.12495
2.12261
2.12063
2.11916
2.11833
2.11814
2.11858
2.11953
2.12086
2.12245
2.12416
2.12591
2.12761
2.12919
2.13061
2.13181
2.13275
2.13339
2.1337
2.13365
2.13324
2.1325
2.13147
2.13023
2.12888
2.12753
2.12626
2.12514
2.1242
2.12343
2.12277
2.12217
2.12157
2.12092
2.12026
2.11964
2.11917
2.11898
2.11921
2.11995
2.12124
2.12304
2.12522
2.12762
2.13006
2.13238
2.1345
2.13638
2.13804
2.13952
2.14088
2.14212
2.14325
2.14422
2.14497
2.14549
2.14574
2.14576
2.14558
2.14524
2.1448
2.14426
2.14365
2.14295
2.14217
2.14135
2.1405
2.13966
2.13883
2.13803
2.13723
2.13637
2.13541
2.13427
2.13287
2.13116
2.12911
2.12676
2.12418
2.12155
2.11908
2.11704
2.11568
2.11519
2.11566
2.11706
2.11922
2.12192
2.12492
2.12802
2.13108
2.13408
2.13702
2.13995
2.14288
2.14578
2.14859
2.15118
2.15344
2.15529
2.15667
2.15756
2.15798
2.15799
2.15763
2.15701
2.15618
2.15523
2.15423
2.15324
2.1523
2.15146
2.15074
2.15016
2.1497
2.14937
2.14913
2.14896
2.14883
2.1487
2.14856
2.14835
2.14807
2.14767
2.14712
2.14641
2.14553
2.1445
2.14343
2.14244
2.14174
2.14152
2.14193
2.14299
2.14458
2.14647
2.14844
2.1503
2.152
2.15361
2.15525
2.15705
2.15906
2.16121
2.16334
2.16526
2.16677
2.16769
2.16792
2.16737
2.16598
2.16368
2.1604
2.15606
2.15056
2.1439
2.13619
2.12776
2.11919
2.11136
2.10526
2.10178
2.10144
2.10424
2.10959
2.11659
2.12423
2.13164
2.13825
2.14375
2.14806
2.1513
2.15361
2.15518
2.15614
2.15661
2.15668
2.15639
2.15583
2.15505
2.15415
2.15319
2.15223
2.1513
2.15042
2.14954
2.14864
2.14767
2.1466
2.1454
2.14407
2.14261
2.14107
2.13949
2.13793
2.13649
2.13524
2.13427
2.13363
2.13332
2.13328
2.13342
2.13359
2.13365
2.13347
2.13297
2.13211
2.13096
2.12963
2.12827
2.12706
2.12617
2.12568
2.12561
2.12587
2.12634
2.12685
2.12729
2.12757
2.12767
2.12765
2.12758
2.12756
2.12767
2.12797
2.12847
2.12914
2.12989
2.13061
2.13117
2.13143
2.13126
2.13052
2.12911
2.12696
2.12405
2.1204
2.11608
2.1112
2.1058
2.09985
2.09334
2.08636
2.07934
2.07315
2.0689
2.06743
2.06897
2.07299
2.07866
2.0852
2.0921
2.09904
2.10576
2.11201
2.11753
2.12213
2.12561
2.12785
2.12874
2.1282
2.12618
2.12273
2.11801
2.11233
2.10625
2.10047
2.09583
2.09305
2.0926
2.09449
2.09835
2.10356
2.10948
2.11558
2.12146
2.12686
2.13164
2.13569
2.13898
2.14151
2.14329
2.14435
2.14468
2.14425
2.14297
2.14069
2.13724
2.13241
2.12614
2.11861
2.11047
2.10283
2.09713
2.09463
2.09581
2.10021
2.10673
2.1141
2.12131
2.12773
2.13308
2.13729
2.14048
2.14284
2.14462
2.14603
2.14725
2.14834
2.14929
2.1501
2.15075
2.15132
2.15196
2.15287
2.1542
2.15606
2.15842
2.16112
2.16395
2.16664
2.16899
2.17081
2.172
2.17251
2.17233
2.17152
2.17011
2.16821
2.16587
2.16314
2.16001
2.15639
2.15212
2.14704
2.141
2.13408
2.12662
2.11931
2.11305
2.10873
2.10691
2.10774
2.11092
2.11596
2.12229
2.12938
2.13677
2.14408
2.15099
2.15727
2.16276
2.1674
2.17115
2.17403
2.17608
2.17738
2.17799
2.178
2.17748
2.17653
2.1752
2.17357
2.17167
2.16955
2.16722
2.16468
2.16194
2.15904
2.15603
2.153
2.1501
2.14753
2.14549
2.14418
2.14378
2.14438
2.14596
2.14842
2.15154
2.15506
2.15865
2.16201
2.16487
2.167
2.16825
2.16849
2.16769
2.16586
2.16306
2.15944
2.15524
2.15082
2.14662
2.14322
2.1412
2.14103
2.14289
2.14655
2.15141
2.15667
2.16151
2.16529
2.16763
2.16838
2.16763
2.16567
2.16294
2.16
2.15745
2.15576
2.15516
2.15557
2.15671
2.1582
2.15973
2.16111
2.1623
2.1633
2.16412
2.16471
2.16505
2.1651
2.16486
2.16441
2.16388
2.16342
2.16322
2.16344
2.16419
2.16553
2.16744
2.16983
2.17253
2.17537
2.17814
2.18068
2.18283
2.18449
2.18558
2.18609
2.186
2.18535
2.18417
2.18254
2.18054
2.17826
2.17585
2.17346
2.17125
2.16938
2.16797
2.1671
2.16679
2.16699
2.1676
2.16849
2.16954
2.17063
2.17168
2.17261
2.17339
2.174
2.17444
2.17472
2.17487
2.17492
2.17491
2.17488
2.17487
2.17488
2.17496
2.17511
2.17534
2.17567
2.17611
2.17664
2.17728
2.17801
2.1788
2.17963
2.18045
2.18123
2.18191
2.18246
2.18284
2.183
2.1829
2.18252
2.18183
2.18083
2.17959
2.17823
2.17696
2.17601
2.17563
2.17596
2.17705
2.17883
2.18109
2.18359
2.18605
2.1882
2.18979
2.19064
2.19062
2.18969
2.18785
2.18522
2.18194
2.17821
2.17423
2.17018
2.16624
2.16251
2.15909
2.15602
2.15333
2.15105
2.14922
2.14788
2.14709
2.14692
2.14748
2.14885
2.1511
2.15424
2.15818
2.1627
2.16752
2.17232
2.17681
2.18077
2.18408
2.18669
2.18864
2.18998
2.19082
2.19125
2.19136
2.19122
2.19089
2.1904
2.18978
2.18903
2.18815
2.18713
2.18598
2.18467
2.18323
2.18164
2.17989
2.17794
2.17573
2.17314
2.17003
2.16624
2.16168
2.1564
2.15069
2.14514
2.14058
2.13782
2.13737
2.1392
2.1428
2.14737
2.15216
2.15662
2.16043
2.16343
2.16558
2.16686
2.1673
2.16692
2.16578
2.16396
2.16159
2.15882
2.15588
2.15301
2.1505
2.14859
2.14744
2.14714
2.14761
2.14865
2.14991
2.15095
2.15124
2.15031
2.14781
2.14382
2.13897
2.13449
2.13182
2.13183
2.13426
2.13781
2.14098
2.14288
2.14369
2.14441
2.14625
2.14984
2.15488
2.16026
2.16459
2.16669
2.16576
2.16145
2.15376
2.14309
2.13028
2.11676
2.10452
2.09588
2.09272
2.09571
2.10389
2.11505
2.12665
2.13662
2.14374
2.14761
2.14836
2.14643
2.14237
2.13675
2.13017
2.12329
2.11676
2.11116
2.10692
2.10422
2.10312
2.10362
2.10565
2.109
2.11321
2.11769
2.1218
2.12509
2.12735
2.12863
2.12912
2.12912
2.12895
2.12887
2.12906
2.12958
2.13042
2.13148
2.13263
2.13373
2.13462
2.13517
2.13524
2.13466
2.13322
2.13068
2.12674
2.12109
2.11356
2.10432
2.09427
2.08519
2.07951
2.07927
2.08495
2.09515
2.10738
2.11934
2.12954
2.1372
2.14195
2.14348
2.14131
2.13484
2.12367
2.10846
2.09189
2.07888
2.07433
2.07951
2.09093
2.10326
2.1127
2.11787
2.11907
2.11727
2.11352
2.10875
2.10373
2.09913
2.09552
2.09341
2.09314
2.09485
2.09846
2.10366
2.11004
2.11717
2.12463
2.13211
2.13936
2.1462
2.15251
2.1582
2.16317
2.16733
2.17057
2.17276
2.1737
2.17322
2.17108
2.1671
2.16114
2.15319
2.1435
2.13258
2.12121
2.11037
2.1009
2.09332
2.08764
2.08347
2.08021
2.07734
2.07466
2.07245
2.07144
2.07261
2.07675
2.08405
2.09394
2.10531
2.11694
2.12779
2.13721
2.14487
2.1507
2.1548
2.15732
2.15846
2.15841
2.15733
2.15539
2.15273
2.14946
2.14572
2.14163
2.13731
2.1329
2.12854
2.1244
2.12062
2.11734
2.1147
2.11282
2.11178
2.1116
2.11224
2.11355
2.11531
2.11718
2.11876
2.11956
2.11905
2.1167
2.11207
2.10502
2.09601
2.08638
2.07822
2.07367
2.07386
2.07828
2.0853
2.09314
2.10061
2.10709
2.11229
2.11597
2.11778
2.11727
2.11392
2.10718
2.09663
2.08225
2.06479
2.04605
2.02876
2.01585
2.0094
2.00995
2.01646
2.02685
2.03879
2.05046
2.06084
2.06956
2.07654
2.08177
2.08513
2.08643
2.0855
2.08234
2.07732
2.07137
2.06592
2.06256
2.06238
2.06547
2.07089
2.07726
2.08334
2.08839
2.09211
2.09447
2.09557
2.0955
2.09427
2.09187
2.0883
2.08365
2.07822
2.0726
2.06765
2.06438
2.06363
2.06575
2.07049
2.07708
2.0846
2.09218
2.09922
2.10541
2.11062
2.11488
2.11829
2.12098
2.12308
2.12471
2.12596
2.12689
2.12753
2.1279
2.12797
2.1277
2.12702
2.12585
2.12408
2.12162
2.11836
2.11422
2.10916
2.10323
2.09655
2.08938
2.08208
2.07514
2.06908
2.06439
2.06146
2.06049
2.06141
2.06394
2.06764
2.07198
2.07649
2.08078
2.08459
2.08775
2.09016
2.09177
2.09257
2.09263
2.09217
2.09158
2.09134
2.09193
2.09355
2.09605
2.09893
2.10157
2.10342
2.10414
2.10367
2.10221
2.1001
2.0978
2.09576
2.09437
2.09389
2.09439
2.09579
2.09784
2.10026
2.10272
2.10496
2.10681
2.10818
2.10903
2.10942
2.10945
2.10924
2.10894
2.10868
2.10858
2.10871
2.1091
2.10972
2.11051
2.11138
2.11224
2.11296
2.11345
2.1136
2.11331
2.11249
2.11105
2.10894
2.10613
2.10266
2.09865
2.09434
2.09012
2.08644
2.0838
2.08266
2.08329
2.08576
2.08985
2.09516
2.10115
2.10726
2.11296
2.11781
2.12144
2.1236
2.12408
2.12276
2.11959
2.1146
2.10788
2.09966
2.09038
2.08099
2.07317
2.06921
2.07106
2.07898
2.09109
2.1044
2.11628
2.1252
2.1307
2.13297
2.13253
2.13002
2.1262
2.12191
2.11799
2.11515
2.11382
2.11409
2.11569
2.11825
2.12138
2.12483
2.12848
2.13229
2.13622
2.14025
2.14427
2.14817
2.1518
2.15501
2.15767
2.15964
2.16085
2.16123
2.16076
2.15945
2.15736
2.15459
2.15128
2.1476
2.1437
2.13968
2.13557
2.13132
2.12685
2.1221
2.11719
2.11239
2.10815
2.10488
2.10286
2.10216
2.10269
2.10432
2.10699
2.11062
2.11511
2.12023
2.12568
2.13118
2.13648
2.14141
2.14588
2.1498
2.15311
2.15576
2.1577
2.1589
2.15935
2.15905
2.15802
2.1563
2.15399
2.15125
2.14834
2.14561
2.14347
2.14225
2.14214
2.1431
2.14485
2.14692
2.14879
2.14995
2.14996
2.14854
2.14556
2.1411
2.13553
2.12946
2.12367
2.11888
2.11549
2.11349
2.11251
2.1121
2.1119
2.1117
2.11131
2.11041
2.10835
2.1041
2.09637
2.08412
2.06762
2.04998
2.03761
2.03723
2.05046
2.0723
2.09561
2.11557
2.13056
2.14083
2.14726
2.15074
2.15199
2.15154
2.14979
2.14712
2.14386
2.14031
2.13676
2.13344
2.13046
2.12788
2.12569
2.12394
2.12277
2.12241
2.12312
2.12502
2.12808
2.132
2.13635
2.14066
2.14453
2.14768
2.14996
2.15129
2.15165
2.15104
2.14946
2.14689
2.14333
2.1388
2.13336
2.12718
2.12051
2.11376
2.10743
2.10213
2.09844
2.09681
2.09741
2.10013
2.10452
2.11
2.11593
2.12178
2.12717
2.13187
2.13576
2.13883
2.14111
2.14266
2.14355
2.14388
2.14374
2.14322
2.14241
2.14138
2.14022
2.13899
2.13777
2.1366
2.13554
2.13464
2.13391
2.13339
2.13309
2.13303
2.1332
2.1336
2.13421
2.13503
2.13602
2.13717
2.13844
2.13981
2.14123
2.14269
2.14413
2.14551
2.14679
2.14792
2.14884
2.14951
2.14988
2.14996
2.14976
2.14936
2.14889
2.14856
2.14859
2.14918
2.15043
2.1523
2.15458
2.1569
2.1588
2.1598
2.15952
2.15775
2.15455
2.15038
2.14602
2.1425
2.14075
2.14123
2.14374
2.1475
2.15145
2.15456
2.15613
2.15588
2.15397
2.15101
2.14782
2.14524
2.14388
2.14391
2.14501
2.14657
2.14786
2.14829
2.14754
2.14564
2.14286
2.13963
2.13651
2.13403
2.13269
2.13288
2.1348
2.13839
2.14337
2.14925
2.15543
2.16139
2.16666
2.17094
2.17406
2.17596
2.17666
2.17626
2.17491
2.1728
2.17019
2.16729
2.16435
2.16158
2.15918
2.15727
2.15595
2.15522
2.15499
2.15511
2.15536
2.1555
2.15529
2.15454
2.15321
2.15141
2.1494
2.14749
2.14597
2.14496
2.14442
2.14419
2.14402
2.14371
2.14309
2.14209
2.14071
2.139
2.13702
2.13485
2.13255
2.13018
2.12782
2.1256
2.12369
2.12226
2.12147
2.12141
2.12208
2.12341
2.12526
2.12747
2.12987
2.13229
2.13459
2.13667
2.13847
2.14
2.14126
2.14232
2.14321
2.14397
2.14462
2.14516
2.14558
2.14585
2.14597
2.14591
2.14568
2.14528
2.14474
2.14407
2.14331
2.14244
2.14146
2.14031
2.13892
2.1372
2.13512
2.13267
2.12997
2.12717
2.12437
2.12153
2.11833
2.11423
2.10886
2.10267
2.09741
2.09596
2.10072
2.11184
2.12691
2.1425
2.15585
2.16556
2.17124
2.17302
2.17126
2.16644
2.15921
2.1505
2.14155
2.13376
2.12827
2.12561
2.12551
2.12706
2.12916
2.13085
2.13159
2.1313
2.13027
2.12906
2.12834
2.12872
2.13069
2.13447
2.14003
2.14708
2.15512
2.16351
2.17166
2.17906
2.18533
2.19027
2.19382
2.19602
2.19701
2.19697
2.19611
2.19461
2.19266
2.1904
2.18792
2.1853
2.18255
2.17968
2.17667
2.17347
2.17004
2.16636
2.16239
2.15814
2.15361
2.14881
2.14379
2.13858
2.1333
2.12812
2.1233
2.1192
2.11626
2.11499
2.11583
2.11904
2.12464
2.13228
2.1414
2.15127
2.16116
2.17046
2.17871
2.18564
2.19112
2.19516
2.19785
2.19933
2.19979
2.19939
2.19833
2.19676
2.19483
2.19269
2.19045
2.18821
2.18607
2.1841
2.18236
2.18088
2.17967
2.17871
2.17796
2.17735
2.17683
2.17634
2.17587
2.17541
2.17499
2.17464
2.17436
2.1741
2.17381
2.17339
2.17276
2.17188
2.1708
2.16959
2.1684
2.16732
2.16636
2.1654
2.16421
2.16254
2.16021
2.15726
2.15407
2.15137
2.15006
2.15085
2.15396
2.15901
2.16518
2.17155
2.1774
2.18228
2.18602
2.18857
2.19002
2.19047
2.19006
2.18898
2.18746
2.1858
2.18428
2.18315
2.18253
2.18233
2.18226
2.18179
2.18032
2.17723
2.17204
2.16453
2.15492
2.14395
2.1328
2.12284
2.11511
2.10988
2.1066
2.10429
2.10199
2.09917
2.09582
2.09226
2.08904
2.08675
2.08597
2.08728
2.09118
2.09796
2.10748
2.11906
2.13164
2.14399
2.15509
2.16426
2.17117
2.17584
2.17843
2.17921
2.17846
2.17644
2.1734
2.16958
2.16523
2.16059
2.15594
2.15158
2.14778
2.14475
2.14258
2.14128
2.1407
2.14063
2.14081
2.14101
2.14098
2.14055
2.13954
2.13779
2.13511
2.13134
2.12629
2.11983
2.11201
2.1031
2.09378
2.08507
2.07818
2.07414
2.07336
2.07554
2.07989
2.08541
2.09123
2.09673
2.10151
2.10542
2.10843
2.1106
2.11205
2.11295
2.11342
2.11357
2.1135
2.11321
2.11271
2.11192
2.11075
2.10907
2.10672
2.10352
2.09923
2.09352
2.0859
2.0757
2.06218
2.04508
2.02574
2.00819
1.99848
2.0008
2.01383
2.03181
2.04903
2.06248
2.07165
2.07731
2.08065
2.08292
2.08519
2.08821
2.09223
2.097
2.10199
2.10656
2.11021
2.11264
2.11373
2.1135
2.11204
2.1095
2.10604
2.10186
2.0972
2.09237
2.08772
2.0836
2.08036
2.07821
2.0772
2.07716
2.07773
2.07847
2.07891
2.07872
2.07782
2.07642
2.07498
2.0741
2.07429
2.07575
2.07832
2.08154
2.08489
2.08794
2.09042
2.09227
2.09354
2.09437
2.09489
2.09521
2.09546
2.09571
2.09603
2.09649
2.09714
2.09803
2.09921
2.10071
2.1025
2.10451
2.1066
2.10847
2.1097
2.10965
2.10748
2.10208
2.09218
2.07662
2.05502
2.02885
2.00247
1.98276
1.9763
1.98542
2.00663
2.03318
2.05897
2.08059
2.09709
2.10887
2.11677
2.12167
2.1243
2.12526
2.12502
2.12396
2.12238
2.12048
2.11839
2.11613
2.11365
2.11081
2.10744
2.1034
2.09866
2.09336
2.08782
2.08249
2.07788
2.07437
2.07216
2.07124
2.0715
2.07283
2.07514
2.07834
2.08225
2.08662
2.09108
2.09523
2.09869
2.10118
2.10257
2.10296
2.10267
2.10228
2.10247
2.10384
2.10673
2.11104
2.11633
2.12194
2.12726
2.1318
2.1353
2.13763
2.13876
2.13875
2.13768
2.13567
2.1329
2.12961
2.12612
2.12278
2.11996
2.11795
2.11691
2.11685
2.11763
2.11905
2.12088
2.12291
2.12496
2.1269
2.12864
2.13009
2.13125
2.1321
2.13268
2.13302
2.13312
2.13296
2.1325
2.13163
2.13024
2.1282
2.12542
2.12189
2.11769
2.11307
2.10844
2.10433
2.10129
2.09976
2.09993
2.10166
2.10455
2.10806
2.11169
2.11504
2.11788
2.1202
2.12214
2.12401
2.12616
2.12893
2.1325
2.13684
2.14172
2.1468
2.15167
2.15599
2.15948
2.16195
2.16322
2.16312
2.16141
2.15787
2.15228
2.14466
2.13549
2.1259
2.11771
2.11293
2.1129
2.11765
2.12597
2.13618
2.14671
2.15649
2.16485
2.17141
2.17596
2.17836
2.17853
2.17641
2.17201
2.16545
2.15705
2.14745
2.13762
2.12875
2.12195
2.11794
2.11681
2.11812
2.12107
2.12483
2.12859
2.13173
2.13384
2.13474
2.13451
2.13349
2.13225
2.13148
2.1318
2.13354
2.13658
2.14038
2.14422
2.14744
2.14966
2.15082
2.15112
2.1509
2.15057
2.15042
2.15063
2.15122
2.15213
2.1532
2.15432
2.15544
2.15655
2.15771
2.15899
2.16046
2.16211
2.1639
2.16572
2.16746
2.169
2.17023
2.17107
2.17143
2.17129
2.17058
2.16929
2.16739
2.16489
2.1618
2.15816
2.154
2.14937
2.14434
2.13896
2.13335
2.12772
2.12239
2.11789
2.1148
2.11365
2.11469
2.11779
2.12242
2.12787
2.13345
2.13863
2.14305
2.14653
2.14901
2.15048
2.15096
2.1505
2.14914
2.14692
2.14391
2.14018
2.13583
2.13104
2.12601
2.12102
2.11637
2.11239
2.10935
2.10751
2.10702
2.10795
2.11024
2.1137
2.118
2.12273
2.12746
2.1318
2.13544
2.13813
2.13968
2.13986
2.13839
2.13482
2.12849
2.11857
2.10423
2.08533
2.06351
2.04319
2.03047
2.02926
2.03805
2.05145
2.06456
2.07517
2.08327
2.08966
2.09501
2.09945
2.1027
2.10428
2.10383
2.10131
2.09722
2.09263
2.08894
2.08738
2.08843
2.09162
2.09582
2.09985
2.10293
2.10484
2.10579
2.10623
2.10661
2.10725
2.10818
2.10927
2.11023
2.11082
2.11092
2.11063
2.11025
2.11019
2.11086
2.11251
2.11518
2.11866
2.1226
2.12663
2.13044
2.13384
2.13675
2.13915
2.14106
2.14253
2.14357
2.14421
2.14447
2.14436
2.14391
2.14318
2.14226
2.14125
2.14026
2.1394
2.13876
2.13838
2.13824
2.13826
2.13833
2.13827
2.13791
2.13709
2.13569
2.13363
2.13089
2.12752
2.12366
2.11952
2.11539
2.11167
2.10879
2.10717
2.10718
2.109
2.11257
2.11762
2.12365
2.13007
2.13633
2.14194
2.14658
2.15002
2.1522
2.15312
2.15286
2.15158
2.14949
2.14689
2.14412
2.14158
2.13967
2.13874
2.13902
2.1406
2.14339
2.14718
2.15166
2.15649
2.16135
2.16598
2.17017
2.17379
2.17672
2.17889
2.18018
2.18048
2.1796
2.17728
2.17319
2.16693
2.15815
2.14676
2.13323
2.11891
2.10609
2.09731
2.09426
2.09692
2.10388
2.11328
2.12361
2.13389
2.14349
2.15199
2.15913
2.16482
2.16915
2.17234
2.17462
2.17619
2.1771
2.17733
2.17687
2.17576
2.17415
2.1723
2.17047
2.16883
2.16742
2.16611
2.16466
2.16289
2.16084
2.15888
2.15765
2.1578
2.15967
2.16314
2.16774
2.17288
2.17802
2.18273
2.18662
2.18938
2.19071
2.1904
2.18833
2.1845
2.17909
2.17255
2.16558
2.15913
2.15424
2.15168
2.15169
2.15368
2.1563
2.15765
2.15574
2.14916
2.13818
2.12589
2.11802
2.11979
2.13173
2.14923
2.16657
2.18022
2.18929
2.19434
2.19637
2.1963
2.19483
2.19242
2.18936
2.18584
2.18196
2.17781
2.17347
2.16905
2.16469
2.16058
2.15694
2.15399
2.15192
2.15083
2.15069
2.15131
2.15239
2.15348
2.15411
2.15382
2.15229
2.14943
2.14538
2.1406
2.13576
2.13165
2.12902
2.12838
2.12994
2.1336
2.139
2.14563
2.15297
2.16053
2.16789
2.17475
2.18088
2.18615
2.19044
2.19365
2.19566
2.19636
2.19561
2.19327
2.18931
2.18386
2.17739
2.17081
2.16536
2.16229
2.16235
2.16544
2.1707
2.17697
2.1832
2.18876
2.19338
2.19706
2.19991
2.20205
2.20356
2.20442
2.20454
2.20369
2.20159
2.19791
2.19241
2.18517
2.17691
2.16914
2.16386
2.1627
2.16584
2.17182
2.17822
2.18281
2.18404
2.18116
2.17403
2.16309
2.14951
2.13524
2.12281
2.11466
2.11232
2.11592
2.12441
2.13608
2.14918
2.16233
2.17458
2.18539
2.19446
2.20165
2.20693
2.21033
2.21193
2.21183
2.21018
2.20716
2.20304
2.19816
2.19299
2.18806
2.18389
2.18091
2.17931
2.17904
2.17985
2.18143
2.18343
2.18562
2.18783
2.18995
2.19188
2.19351
2.19466
2.19505
2.19438
2.19234
2.18883
2.18418
2.17938
2.17592
2.17534
2.17833
2.18426
2.1914
2.19773
2.20159
2.20199
2.19856
2.19148
2.18164
2.17071
2.16094
2.15452
2.15252
2.15447
2.15885
2.16409
2.16921
2.17397
2.17854
2.18318
2.18805
2.19306
2.19802
2.20264
2.20668
2.20997
2.2124
2.21392
2.21449
2.21406
2.21252
2.20971
2.20537
2.1992
2.19092
2.18038
2.16787
2.15431
2.14135
2.131
2.12482
2.1232
2.12533
2.12983
2.13549
2.14157
2.14783
2.15428
2.16103
2.1681
2.17533
2.18242
2.18897
2.19465
2.19917
2.20238
2.20422
2.20471
2.20392
2.20198
2.19904
2.19528
2.19088
2.18597
2.18061
2.17483
2.16859
2.16191
2.15491
2.14781
2.14097
2.13474
2.12944
2.1253
2.12244
2.12089
2.12059
2.12144
2.12324
2.12584
2.12909
2.13293
2.1373
2.1421
2.14717
2.15231
2.15733
2.16205
2.16637
2.17022
2.17358
2.17645
2.17883
2.1807
2.18205
2.18278
2.18278
2.18185
2.17971
2.176
2.1703
2.16222
2.15158
2.13873
2.12489
2.11221
2.10316
2.0994
2.10083
2.10582
2.11229
2.11867
2.12409
2.12826
2.13115
2.13282
2.13334
2.13279
2.13129
2.12895
2.12591
2.12234
2.11841
2.11437
2.11047
2.10705
2.10444
2.10296
2.10274
2.10368
2.10536
2.10722
2.1087
2.10954
2.10982
2.10994
2.11045
2.11175
2.11395
2.11681
2.11988
2.12273
2.12503
2.12665
2.12759
2.12796
2.1279
2.12755
2.12701
2.12637
2.12567
2.12494
2.12422
2.12356
2.12305
2.12275
2.12276
2.12312
2.12384
2.12488
2.12614
2.12748
2.12878
2.12989
2.13073
2.13126
2.1315
2.13154
2.13151
2.13158
2.1319
2.13258
2.13365
2.13503
2.13655
2.13797
2.13897
2.13922
2.13833
2.13587
2.13143
2.12464
2.1155
2.10473
2.09423
2.08694
2.08572
2.0915
2.10262
2.1159
2.12843
2.13852
2.14572
2.15034
2.15305
2.1546
2.15563
2.15662
2.1577
2.15873
2.15933
2.159
2.15727
2.1538
2.14849
2.14152
2.13333
2.1246
2.11618
2.10885
2.1032
2.09942
2.09728
2.09619
2.09545
2.09442
2.09281
2.09082
2.08919
2.08897
2.09122
2.09662
2.10514
2.11609
2.12831
2.14055
2.15173
2.16116
2.16853
2.1738
2.17716
2.17886
2.17921
2.17848
2.17689
2.17465
2.17188
2.16871
2.16518
2.16136
2.15727
2.15294
2.14843
2.14382
2.13931
2.13517
2.13183
2.12976
2.12937
2.1308
2.13389
2.13813
2.14283
2.14731
2.15103
2.15367
2.15509
2.15534
2.15462
2.1532
2.15142
2.14963
2.14815
2.14722
2.14698
2.14745
2.14852
2.14999
2.1516
2.15307
2.15415
2.15465
2.15443
2.15344
2.15172
2.14938
2.14656
2.14345
2.14017
2.13674
2.13309
2.12901
2.12437
2.11929
2.11437
2.1107
2.10951
2.11156
2.11663
2.12359
2.13094
2.13742
2.14229
2.14531
2.14657
2.14633
2.14489
2.14252
2.13945
2.13588
2.13195
2.12786
2.1238
2.12004
2.11688
2.11458
2.11332
2.1131
2.11375
2.11499
2.1165
2.11799
2.11927
2.12026
2.12095
2.1214
2.12173
2.12203
2.12241
2.1229
2.12352
2.12423
2.12495
2.12561
2.12612
2.12642
2.12645
2.12622
2.12572
2.12501
2.1241
2.12304
2.12182
2.12041
2.11873
2.11672
2.11436
2.1118
2.10934
2.1075
2.10679
2.10757
2.1098
2.11301
2.11649
2.11946
2.12132
2.12171
2.12054
2.11791
2.11415
2.10971
2.10519
2.1012
2.09822
2.09646
2.09576
2.09572
2.09586
2.09578
2.0952
2.09391
2.09165
2.0881
2.08304
2.07666
2.06986
