-0.453811   0.0562043   -0.00913901
0.17085   0.46631   0.176414
-0.200484   0.131109   0.341304
-0.282529   0.271413   -0.489786
-0.0701462   0.209437   0.0455851
-0.0162278   -0.19459   0.25429
0.150076   0.0638798   0.0664703
0.151921   0.270206   0.433928
0.378535   0.081685   0.168742
-0.371731   0.299531   0.332297
0.461759   -0.0613409   0.30528
0.470432   0.278719   -0.401564
-0.404851   -0.447832   -0.323106
-0.0604037   -0.231872   0.0602911
-0.197694   -0.149113   0.237506
-0.155741   -0.365015   -0.0961119
0.307424   0.196083   -0.238779
-0.141695   0.0534152   -0.0648086
0.0306473   0.0953034   0.33562
-0.0947788   0.395539   -0.130026
0.231867   -0.450667   -0.227445
0.362152   -0.482611   -0.417817
0.397472   -0.176733   0.133864
0.438976   -0.468897   0.0620457
-0.0957417   -0.247652   -0.444797
-0.192634   -0.49858   0.0618504
-0.313567   -0.386112   0.317115
0.11094   0.281794   -0.0399414
0.120805   -0.345577   0.29352
0.239141   0.35842   -0.407589
-0.390131   -0.118111   0.166166
-0.169616   0.276705   0.214972
-0.169274   -0.352449   0.183588
0.494293   -0.332459   -0.448552
0.0968155   -0.168409   0.478896
-0.498482   0.294424   -0.0478467
0.248841   0.453015   0.38971
-0.176521   0.435913   0.357413
-0.112955   -0.450416   -0.475053
0.14706   0.021167   0.482786
-0.262042   -0.176513   0.0381799
0.0455915   0.299352   0.17713
-0.330014   -0.475023   -0.116742
-0.217883   -0.28966   -0.281573
-0.137084   0.308292   -0.305042
0.332963   0.12275   -0.018555
-0.487768   0.40509   0.453199
0.369543   0.251205   0.37145
0.495329   -0.265738   0.32796
-0.360796   -0.267861   -0.151713
-0.360358   0.290885   -0.311424
-0.280599   -0.255375   0.476664
-0.01424   -0.387787   -0.318401
-0.345938   0.102206   -0.398855
0.276791   -0.242273   0.330498
0.499525   -0.131281   -0.494246
0.163116   -0.376267   -0.457847
0.445504   0.427497   0.258183
0.493242   0.405214   -0.242176
-0.33233   -0.0615785   0.390757
-0.313242   0.161765   0.111832
0.357839   -0.368464   0.199936
0.360604   0.000240197   -0.346698
0.316027   -0.0548563   0.458561
0.0482997   0.478824   0.393287
0.144403   -0.105268   0.199674
0.0097036   -0.446801   -0.084787
-0.120691   -0.0641776   0.421138
-0.415041   0.0877119   0.277658
-0.0597733   0.127227   -0.456873
-0.00588793   0.185433   -0.175307
0.490148   0.0970453   0.443317
-0.338563   -0.155789   -0.32902
-0.266887   0.3246   -0.0743982
0.332047   -0.312543   -0.0079099
0.11243   0.15649   -0.346811
0.0496165   0.37044   -0.419998
0.446765   -0.392019   -0.195926
-0.366915   0.415332   0.114171
0.304197   0.313541   0.0836034
-0.490934   0.115423   -0.224647
0.299182   -0.206754   -0.379924
0.315661   0.171723   -0.436169
0.478535   0.251353   0.148183
-0.320787   -0.489319   -0.490233
-0.149557   -0.138265   -0.136421
-0.12725   -0.00370091   -0.335882
-0.19894   -0.499731   -0.264451
0.314337   0.468707   -0.071182
-0.482126   -0.178563   -0.0251686
-0.374246   -0.353861   0.0580017
0.165975   0.334906   -0.229619
0.47084   -0.169054   -0.248119
0.164453   -0.251317   0.0863886
0.281319   -0.232035   -0.186785
0.257524   -0.106356   -0.0198892
-0.228608   0.150943   -0.230697
-0.0291446   0.301042   0.400584
-0.093433   -0.337468   0.367179
0.0749322   -0.255363   -0.155822
0.0264139   -0.0741494   -0.052247
0.189349   0.0259897   -0.216546
0.0169679   -0.42267   0.12291
0.205424   0.187537   0.226142
0.0660686   -0.112829   -0.326502
-0.348069   -0.0616502   -0.146633
-0.121661   0.0161515   0.127267
0.374931   -0.0255809   -0.159663
