-6.59493
-6.40629
-6.35546
-6.30923
-6.24153
-6.1723
-6.10573
-6.03046
-5.99294
-5.90567
-5.90203
-5.81462
-5.82183
-5.90817
-5.95986
-5.91472
-5.87229
-5.91923
-5.78134
-5.76203
-5.56515
-5.70409
-5.73095
-5.82935
-5.8755
-5.83901
-5.78363
-5.79641
-5.8681
-5.88532
-5.93364
-5.86249
-5.89991
-5.88945
-5.79082
-5.88036
-5.7598
-5.81463
-5.84321
-5.83186
-5.79758
-5.89942
-5.8643
-5.90521
-5.94008
-5.9621
-5.9533
-5.8811
-5.84326
-5.87571
-5.86336
-5.72599
-5.78954
-5.78727
-5.70036
-5.78915
-5.71988
-5.79677
-5.76761
-5.86017
-5.80987
-5.81856
-5.73248
-5.71758
-5.75013
-5.71696
-5.72068
-5.71266
-5.7185
-5.70002
-5.6548
-5.61216
-5.59767
-5.55982
-5.63378
-5.66805
-5.60459
-5.59242
-5.80361
-5.79492
-5.78836
-5.80419
-5.77434
-5.84874
-5.8088
-5.71243
-5.70451
-5.68929
-5.68363
-5.65771
-5.64974
-5.5629
-5.61143
-5.66681
-5.67007
-5.58399
-5.65196
-5.45371
-5.497
-5.4158
-5.52403
-5.5312
-5.50415
-5.5806
-5.52088
-5.60818
-5.65772
-5.6264
-5.65349
-5.60794
-5.59288
-5.57936
-5.59822
-5.71116
-5.66705
-5.72425
-5.74186
-5.79177
-5.68805
-5.61126
-5.61743
-5.58907
-5.64073
-5.5725
-5.57134
-5.5608
-5.60879
-5.74035
-5.70635
-5.64155
-5.71195
-5.74162
-5.70759
-5.6316
-5.73116
-5.68125
-5.67578
-5.6803
-5.68397
-5.65551
-5.62048
-5.61912
-5.64135
-5.61408
-5.63859
-5.59664
-5.58933
-5.55201
-5.61648
-5.6672
-5.62429
-5.62425
-5.60314
-5.61049
-5.59551
-5.62888
-5.64927
-5.61275
-5.63634
-5.55863
-5.59973
-5.63796
-5.60258
-5.56862
-5.71427
-5.64949
-5.59136
-5.5982
-5.57803
-5.52189
-5.49421
-5.54834
-5.50375
-5.55324
-5.48718
-5.53639
-5.50965
-5.51567
-5.57909
-5.57205
-5.57582
-5.60543
-5.67821
-5.62675
-5.5198
-5.58329
-5.57042
-5.45542
-5.52755
-5.5235
-5.48569
-5.3486
-5.40887
-5.44937
-5.56247
-5.48899
-5.47332
-5.37484
-5.533
-5.6246
-5.61584
-5.63257
-5.55938
-5.54952
-5.53186
-5.55546
-5.59397
-5.54857
-5.45508
-5.49997
-5.53324
-5.54174
-5.4737
-5.44349
-5.45175
-5.35634
-5.38778
-5.38684
-5.39474
-5.43448
-5.5019
-5.58362
-5.66479
-5.55639
-5.5011
-5.52767
-5.48027
-5.48235
-5.46286
-5.37273
-5.47534
-5.49833
-5.53152
-5.51135
-5.58112
-5.58771
-5.53818
-5.49008
-5.36037
-5.43383
-5.36548
-5.47773
-5.44698
-5.50121
-5.55116
-5.53169
-5.51631
-5.53792
-5.62775
-5.49767
-5.61223
-5.60725
-5.57613
-5.56118
-5.59287
-5.65568
-5.66182
-5.66005
-5.69689
-5.68313
-5.6579
-5.73457
-5.64764
-5.71825
-5.72814
-5.71694
-5.67242
-5.65012
-5.67714
-5.75957
-5.65221
-5.6217
-5.54143
-5.55774
-5.53858
-5.54086
-5.49122
-5.4862
-5.52007
-5.46705
-5.40422
-5.37284
-5.40598
-5.46585
-5.49201
-5.53399
-5.44898
-5.40177
-5.4405
-5.49572
-5.63368
-5.52949
-5.49299
-5.54563
-5.53139
-5.49221
-5.62291
-5.67426
-5.6688
-5.55975
-5.45432
-5.5312
-5.54402
-5.55227
-5.39689
-5.45945
-5.41447
-5.39196
-5.35628
-5.3539
-5.4029
-5.349
-5.36758
-5.39895
-5.44848
-5.44729
-5.52981
-5.56199
-5.61292
-5.61147
-5.62118
-5.61289
-5.55277
-5.4599
-5.47762
-5.48571
-5.46517
-5.44987
-5.52203
-5.49878
-5.4716
-5.45165
-5.50165
-5.46528
-5.48536
-5.38942
-5.29116
-5.31495
-5.28096
-5.27368
-5.33798
-5.39483
-5.4392
-5.42495
-5.54498
-5.52371
-5.52329
-5.49129
-5.44766
-5.47534
-5.53529
-5.5081
-5.56699
-5.4754
-5.40198
-5.34598
-5.37183
-5.47775
-5.50946
-5.47549
-5.48099
-5.58886
-5.50032
-5.4827
-5.5074
-5.54509
-5.58366
-5.41498
-5.39458
-5.46927
-5.48091
-5.43537
-5.48339
-5.4988
-5.55665
-5.53894
-5.4598
-5.44879
-5.32913
-5.37361
-5.38618
-5.36065
-5.37645
-5.45349
-5.53277
-5.50951
-5.52338
-5.41422
-5.31878
-5.44738
-5.4557
-5.4444
-5.42663
-5.43184
-5.3986
-5.44422
-5.43806
-5.49031
-5.5178
-5.47076
-5.45634
-5.56226
-5.48916
-5.45808
-5.50456
-5.54478
-5.47559
-5.49744
-5.51689
-5.5694
-5.62933
-5.57456
-5.63402
-5.57006
-5.57896
-5.51524
-5.56068
-5.41573
-5.48113
-5.47704
-5.55514
-5.53767
-5.62482
-5.57326
-5.6369
-5.66496
-5.58308
-5.51533
-5.57493
-5.49852
-5.50942
-5.49379
-5.57282
-5.59469
-5.57556
-5.67732
-5.69152
-5.65216
-5.67388
-5.73047
-5.65561
-5.61021
-5.61976
-5.58815
-5.50658
-5.3881
-5.44451
-5.43562
-5.44419
-5.39552
-5.34833
-5.38772
-5.4019
-5.41975
-5.40228
-5.49389
-5.47092
-5.49135
-5.46927
-5.4888
-5.46399
-5.45619
-5.42562
-5.46764
-5.50692
-5.57349
-5.51201
-5.50368
-5.54161
-5.62984
-5.58092
-5.45033
-5.43604
-5.44287
-5.40145
-5.41066
-5.42298
-5.43305
-5.53863
-5.57469
-5.50944
-5.52214
-5.49739
-5.53819
-5.54375
-5.57327
-5.63714
-5.57824
-5.61041
-5.51295
-5.50653
-5.5376
-5.5365
-5.531
-5.61804
-5.57194
-5.60648
-5.59967
-5.59773
-5.55233
-5.57138
-5.48676
-5.6426
-5.7244
-5.66061
-5.56618
-5.55289
-5.5729
-5.59288
-5.51022
-5.55957
-5.52519
-5.48522
-5.45172
-5.50585
-5.5294
-5.55696
-5.52996
-5.48954
-5.56541
-5.60858
-5.58082
-5.51596
-5.45329
-5.50638
-5.64013
-5.52132
-5.54915
-5.62326
-5.53622
-5.6393
-5.60734
-5.54106
-5.46984
-5.59911
-5.52813
-5.40109
-5.47841
-5.50277
-5.55354
-5.4818
-5.49653
-5.50775
-5.52855
-5.52115
-5.5215
-5.56392
-5.66239
-5.56208
-5.52706
-5.52635
-5.49188
-5.45937
-5.41885
-5.45716
-5.45295
-5.52741
-5.60606
-5.71677
-5.6781
-5.60727
-5.63458
-5.64562
-5.57162
-5.5563
-5.50904
-5.50201
-5.50298
-5.56695
-5.41454
-5.49361
-5.59554
-5.5492
-5.4944
-5.48265
-5.52478
-5.50692
-5.55383
-5.64189
-5.6242
-5.5775
-5.5259
-5.43045
-5.43007
-5.42287
-5.44565
-5.45213
-5.41705
-5.42432
-5.51216
-5.4718
-5.45843
-5.41948
-5.50742
-5.4959
-5.51555
-5.56887
-5.47542
-5.42618
-5.43047
-5.41148
-5.44417
-5.34557
-5.41658
-5.46149
-5.46212
-5.41392
-5.26837
-5.23199
-5.34247
-5.3856
-5.44565
-5.50437
-5.5608
-5.55858
-5.50823
-5.49866
-5.52084
-5.55715
-5.58078
-5.48108
-5.38087
-5.3317
-5.40887
-5.5011
-5.56151
-5.52963
-5.59309
-5.55035
-5.59392
-5.57126
-5.62318
-5.61478
-5.61668
-5.63744
-5.57861
-5.62196
-5.57745
-5.59979
-5.55966
-5.54332
-5.5143
-5.53692
-5.56885
-5.49422
-5.52929
-5.56054
-5.54698
-5.57095
-5.65374
-5.62173
-5.63931
-5.69117
-5.64689
-5.66123
-5.62388
-5.58887
-5.54426
-5.63919
-5.72059
-5.75519
-5.73962
-5.76172
-5.7085
-5.67831
-5.56021
-5.55622
-5.62278
-5.65036
-5.67513
-5.73094
-5.61364
-5.64659
-5.61664
-5.58773
-5.57064
-5.60686
-5.61443
-5.6165
-5.59016
-5.53577
-5.47181
-5.55277
-5.49902
-5.44303
-5.52414
-5.63337
-5.65692
-5.58603
-5.57737
-5.51429
-5.52179
-5.51269
-5.58944
-5.52032
-5.49759
-5.50744
-5.55717
-5.55315
-5.58904
-5.55826
-5.45362
-5.54557
-5.47913
-5.45816
-5.47728
-5.46839
-5.45384
-5.44946
-5.51384
-5.58951
-5.6093
-5.58918
-5.5607
-5.59648
-5.54021
-5.45825
-5.47885
-5.49845
-5.4494
-5.50033
-5.43394
-5.385
-5.41304
-5.30841
-5.2987
-5.36671
-5.39556
-5.50886
-5.48449
-5.44298
-5.37962
-5.41196
-5.48061
-5.51984
-5.47159
-5.34507
-5.4605
-5.51067
-5.4918
-5.54409
-5.42364
-5.41373
-5.37287
-5.49723
-5.52058
-5.51001
-5.5445
-5.55735
-5.54581
-5.37643
-5.40083
-5.34322
-5.43389
-5.58544
-5.58207
-5.52366
-5.43135
-5.52075
-5.63741
-5.54391
-5.48817
-5.45619
-5.48948
-5.5087
-5.57518
-5.62561
-5.58126
-5.50664
-5.49546
-5.51979
-5.55916
-5.59089
-5.60229
-5.65256
-5.70815
-5.62887
-5.55669
-5.54666
-5.60037
-5.60324
-5.60838
-5.50568
-5.45039
-5.56683
-5.48656
-5.51724
-5.47027
-5.48992
-5.57985
-5.57212
-5.55636
-5.61776
-5.58186
-5.59276
-5.5483
-5.48644
-5.50639
-5.52905
-5.58862
-5.56046
-5.47445
-5.51549
-5.60893
-5.65513
-5.53982
-5.44642
-5.43822
-5.50331
-5.47482
-5.4243
-5.37739
-5.44337
-5.51482
-5.62211
-5.64279
-5.63112
-5.60582
-5.53229
-5.53072
-5.55409
-5.60326
-5.52169
-5.5174
-5.45487
-5.37392
-5.36694
-5.39609
-5.40343
-5.39901
-5.41745
-5.4006
-5.42234
-5.33397
-5.42119
-5.42369
-5.35326
-5.3847
-5.47639
-5.41411
-5.42659
-5.48533
-5.39052
-5.34024
-5.34249
-5.48258
-5.36429
-5.45212
-5.36719
-5.40068
-5.41871
-5.39369
-5.38134
-5.36374
-5.39745
-5.37927
-5.43464
-5.50342
-5.58174
-5.55865
-5.53079
-5.53162
-5.58925
-5.60835
-5.56106
-5.48797
-5.46279
-5.47798
-5.3976
-5.32275
-5.28824
-5.3876
-5.35195
-5.41302
-5.38857
-5.40167
-5.38099
-5.38407
-5.35168
-5.44478
-5.38901
-5.33068
-5.41179
-5.38439
-5.39224
-5.48658
-5.39701
-5.48531
-5.49289
-5.55326
-5.61217
-5.4748
-5.47209
-5.48332
-5.55839
-5.57587
-5.53847
-5.55023
-5.60274
-5.64145
-5.66372
-5.65274
-5.57554
-5.62231
-5.62507
-5.62316
-5.57555
-5.59815
-5.5986
-5.61291
-5.50734
-5.53338
-5.37456
-5.41952
-5.52752
-5.52214
-5.61107
-5.61468
-5.45675
-5.35613
-5.41206
-5.52346
-5.49841
-5.55224
-5.4453
-5.56289
-5.57545
-5.60172
-5.5067
-5.5301
-5.57599
-5.49676
-5.56739
-5.498
-5.43929
-5.45867
-5.45215
-5.5114
-5.46016
-5.38136
-5.43097
-5.40676
-5.41954
-5.46636
-5.43935
-5.41948
-5.40822
-5.37588
-5.40081
-5.41898
-5.37279
-5.38915
-5.55187
-5.52498
-5.59674
-5.52095
-5.52149
-5.54603
-5.46864
-5.46737
-5.3615
-5.358
-5.32578
-5.27016
-5.2818
-5.37331
-5.40216
-5.47009
-5.44349
-5.38737
-5.41993
-5.48107
-5.48887
-5.42842
-5.51948
-5.44603
-5.5293
-5.42536
-5.42031
-5.30668
-5.34574
-5.34968
-5.37717
-5.43675
-5.42029
-5.44966
-5.32698
-5.28735
-5.33276
-5.35194
-5.40215
-5.39117
-5.41461
-5.394
-5.38347
-5.36138
-5.43249
-5.43553
-5.35958
-5.31374
-5.35514
-5.35077
-5.39377
-5.3397
-5.3647
-5.46406
-5.33644
-5.44443
-5.40813
-5.46301
-5.48006
-5.51994
-5.49438
-5.35977
-5.44038
-5.42087
-5.43951
-5.48351
-5.67509
-5.61693
-5.51219
-5.55555
-5.49241
-5.47896
-5.47271
-5.41794
-5.41318
-5.33995
-5.26934
-5.33275
-5.38686
-5.38774
-5.45874
-5.43772
-5.41173
-5.42223
-5.34982
-5.40711
-5.42601
-5.39673
-5.46816
-5.43075
-5.46486
-5.50041
-5.37788
-5.40995
-5.41418
-5.44849
-5.48771
-5.56207
-5.53295
-5.46497
-5.47899
-5.47009
-5.36721
-5.29624
-5.37951
-5.39316
-5.40111
-5.42841
-5.42258
-5.50069
-5.41607
-5.49598
-5.55981
-5.48248
-5.41683
-5.52329
-5.47435
-5.53977
-5.46991
-5.46142
-5.49767
-5.52384
-5.42347
-5.42306
-5.57759
-5.5831
-5.53048
-5.41619
-5.44039
-5.50675
-5.45171
-5.36898
-5.39403
-5.39307
-5.32963
-5.42353
-5.46578
-5.44678
-5.45358
-5.4186
-5.50164
-5.50092
-5.45759
-5.3523
-5.37284
-5.45005
-5.42742
-5.3672
-5.3602
-5.38593
-5.35746
-5.30583
-5.38924
-5.42249
-5.46719
-5.36575
-5.44045
-5.37667
-5.3591
-5.3413
-5.23525
-5.25171
-5.35459
-5.37426
-5.29242
-5.31165
-5.35286
-5.40072
-5.44489
-5.46484
-5.44217
-5.4562
-5.45325
-5.45561
-5.41909
-5.4235
-5.50742
-5.48825
-5.44191
-5.39714
-5.29055
-5.24401
-5.23551
-5.25814
-5.31234
-5.39406
-5.33512
-5.35721
-5.30425
-5.40504
-5.32093
-5.30181
-5.3641
-5.40561
-5.40863
-5.42048
-5.48473
-5.3885
-5.39196
-5.37379
-5.48627
-5.45804
-5.39693
-5.42317
-5.5208
-5.46137
-5.43208
-5.34933
-5.41737
-5.47835
-5.52582
-5.39212
-5.32978
-5.29171
-5.36213
-5.3951
-5.38285
-5.39832
-5.40518
-5.42312
-5.29647
-5.33621
-5.29629
-5.21194
-5.19252
-5.21198
-5.36758
-5.37563
-5.41943
-5.37516
-5.47805
-5.44528
-5.4639
-5.54405
-5.55918
-5.44773
-5.46674
-5.45171
-5.43702
-5.49465
-5.5192
-5.45521
-5.47322
-5.43538
-5.5268
-5.54151
-5.5485
-5.52068
-5.46842
-5.47192
-5.44331
-5.43963
-5.34933
-5.41787
-5.43493
-5.40075
-5.39942
-5.36316
-5.44908
-5.35732
-5.45019
-5.44116
-5.46063
-5.48197
-5.48131
-5.46468
-5.49682
-5.51012
-5.64239
-5.6102
-5.59857
-5.57028
-5.58137
-5.42968
-5.45841
-5.4585
-5.36007
-5.34424
-5.36574
-5.45614
-5.43721
-5.31531
-5.43502
-5.37697
-5.50455
-5.52196
-5.59451
-5.53095
-5.57265
-5.55475
-5.45608
-5.37867
-5.40464
-5.4913
-5.5109
-5.44511
-5.42661
-5.41026
-5.38058
-5.48436
-5.6394
-5.56649
-5.57287
-5.51122
-5.51769
-5.51995
-5.51856
-5.52665
-5.50005
-5.52276
-5.40512
-5.48653
-5.54301
-5.62681
-5.57457
-5.48201
-5.52649
-5.49241
-5.52118
-5.56938
-5.614
-5.59067
-5.59366
-5.62576
-5.53637
-5.4454
-5.4319
-5.36336
-5.40904
-5.39001
-5.45977
-5.45471
-5.42018
-5.33871
-5.35491
-5.28699
-5.35796
-5.42051
-5.30095
-5.25214
-5.23337
-5.24474
-5.28387
-5.31934
-5.36147
-5.36935
-5.30461
-5.27676
-5.24953
-5.21755
-5.29145
-5.3133
-5.3512
-5.35371
-5.4709
-5.48747
-5.36778
-5.36527
-5.47255
-5.44617
-5.58801
-5.52773
-5.49554
-5.54443
-5.46398
-5.45611
-5.44241
-5.39544
-5.37438
-5.44553
-5.47393
-5.52058
-5.46257
-5.37269
-5.35998
-5.39489
-5.40945
-5.50762
-5.5989
-5.49378
-5.49863
-5.44671
-5.37507
-5.43383
-5.45587
-5.51262
-5.53736
-5.43065
-5.4926
-5.48185
-5.4644
-5.39551
-5.35475
-5.40953
-5.6089
-5.51636
-5.48479
-5.46468
-5.44076
-5.36854
-5.37738
-5.50585
-5.4624
-5.45782
-5.42742
-5.47558
-5.43002
-5.42737
-5.36712
-5.34693
-5.3571
-5.38625
-5.42593
-5.3349
-5.25047
-5.31566
-5.33727
-5.27452
-5.33204
-5.24464
-5.32546
-5.37332
-5.3848
-5.38761
-5.35712
-5.35751
-5.34812
-5.36674
-5.44258
-5.49712
-5.42921
-5.45118
-5.35222
-5.52252
-5.51944
-5.45059
-5.40201
-5.32574
-5.34879
-5.31128
-5.41284
-5.34329
-5.45646
-5.46168
-5.42907
-5.44859
-5.42899
-5.49932
-5.47808
-5.527
-5.50286
-5.5118
-5.48924
-5.5122
-5.47301
-5.38269
-5.39517
-5.36257
-5.29631
-5.35737
-5.37428
-5.4581
-5.39686
-5.41029
-5.40282
-5.50652
-5.51346
-5.47928
-5.41715
-5.34512
-5.39751
-5.44754
-5.48709
-5.53662
-5.53763
-5.53259
-5.45796
-5.44977
-5.46293
-5.42551
-5.39186
-5.47753
-5.43295
-5.44038
-5.41642
-5.38402
-5.36609
-5.41298
-5.34878
-5.30371
-5.49114
-5.48892
-5.40887
-5.4279
-5.42728
-5.46563
-5.3701
-5.29635
-5.30637
-5.33406
-5.2958
-5.39529
-5.38922
-5.34377
-5.40067
-5.35386
-5.33657
-5.27399
-5.38611
-5.37471
-5.37569
-5.46062
-5.44044
-5.47593
-5.4272
-5.38555
-5.40637
-5.30368
-5.33072
-5.27738
-5.31035
-5.39273
-5.41615
-5.44971
-5.50013
-5.45732
-5.41012
-5.32552
-5.36888
-5.37233
-5.31047
-5.38564
-5.43793
-5.40086
-5.40881
-5.41016
-5.40039
-5.31918
-5.29318
-5.33043
-5.24309
-5.24874
-5.27556
-5.3756
-5.37565
-5.36027
-5.37263
-5.43052
-5.43012
-5.41614
-5.54254
-5.50475
-5.42515
-5.36356
-5.43844
-5.42204
-5.38328
-5.33702
-5.40334
-5.33214
-5.41302
-5.40864
-5.51066
-5.51254
-5.48516
-5.48513
-5.41057
-5.41013
-5.39088
-5.47346
-5.56942
-5.56646
-5.53423
-5.41631
-5.33498
-5.30954
-5.3212
-5.26068
-5.24489
-5.2912
-5.28436
-5.32185
-5.2586
-5.29878
-5.31624
-5.41865
-5.43313
-5.43343
-5.37463
-5.26762
-5.24076
-5.21737
-5.37082
-5.41371
-5.43361
-5.38533
-5.35425
-5.42813
-5.32401
-5.38383
-5.37426
-5.44006
-5.46784
-5.43065
-5.37969
-5.43524
-5.42823
-5.4633
-5.42105
-5.49491
-5.44747
-5.44885
-5.47587
-5.51179
-5.46942
-5.4441
-5.44113
-5.4341
-5.41925
-5.43578
-5.43175
-5.42999
-5.4866
-5.5257
-5.54093
-5.49971
-5.47355
-5.46668
-5.43457
-5.41453
-5.30579
-5.38033
-5.40785
-5.43469
-5.45808
-5.55567
-5.52405
-5.50772
-5.4903
-5.52484
-5.44188
-5.47555
-5.46331
-5.48333
-5.50605
-5.45875
-5.57293
-5.55089
-5.45092
-5.47763
-5.48096
-5.52584
-5.57698
-5.55132
-5.53973
-5.63528
-5.61544
-5.56135
-5.55805
-5.49217
-5.45938
-5.49534
-5.49975
-5.42494
-5.45762
-5.4564
-5.52597
-5.54327
-5.534
-5.46433
-5.43174
-5.43308
-5.44485
-5.42343
-5.33606
-5.34602
-5.27288
-5.33605
-5.26591
-5.38877
-5.35576
-5.45395
-5.5096
-5.35368
-5.39177
-5.37925
-5.38076
-5.31194
-5.36693
-5.35532
-5.45404
-5.34138
-5.48003
-5.47965
-5.497
-5.4959
-5.44314
-5.43304
-5.3979
-5.4414
-5.35619
-5.31857
-5.34633
-5.34911
-5.39322
-5.41401
-5.44429
-5.46295
-5.5092
-5.32277
-5.39204
-5.4287
-5.48566
-5.50075
-5.54555
-5.52006
-5.52516
-5.50695
-5.39594
-5.39446
-5.39222
-5.45914
-5.46835
-5.53427
-5.48621
-5.45696
-5.40764
-5.42165
-5.37463
-5.40909
-5.38866
-5.49876
-5.42868
-5.32634
-5.30304
-5.35001
-5.42201
-5.40912
-5.37625
-5.38898
-5.31865
-5.39724
-5.52556
-5.38982
-5.41462
-5.32167
-5.33588
-5.36107
-5.47203
-5.46561
-5.45821
-5.54252
-5.56953
-5.46247
-5.47683
-5.45374
-5.34891
-5.38074
-5.42381
-5.62713
-5.66345
-5.62111
-5.53023
-5.52939
-5.52173
-5.55231
-5.49043
-5.4963
-5.59487
-5.60636
-5.6046
-5.53844
-5.45979
-5.40242
-5.40844
-5.45591
-5.39467
-5.43503
-5.37987
-5.38232
-5.34074
-5.46169
-5.42406
-5.27724
-5.25511
-5.42634
-5.40832
-5.31153
-5.36014
-5.31647
-5.2916
-5.35386
-5.28907
-5.33142
-5.3242
-5.3039
-5.30902
-5.35309
-5.36412
-5.33541
-5.45903
-5.35659
-5.37457
-5.49507
-5.42106
-5.46823
-5.49091
-5.43422
-5.32251
-5.38024
-5.37292
-5.34039
-5.23083
-5.31404
-5.41494
-5.40437
-5.43462
-5.34169
-5.3415
-5.2543
-5.31567
-5.36085
-5.3093
-5.29991
-5.17486
-5.272
-5.33513
-5.33541
-5.35107
-5.37557
-5.31925
-5.35313
-5.43497
-5.42374
-5.34587
-5.27854
-5.2762
-5.34459
-5.32598
-5.34737
-5.41312
-5.33618
-5.27226
-5.38296
-5.29036
-5.375
-5.35077
-5.39367
-5.45595
-5.3468
-5.23702
-5.20713
-5.1031
-5.2183
-5.25331
-5.38544
-5.36594
-5.41207
-5.4022
-5.32407
-5.32062
-5.39233
-5.48501
-5.49204
-5.47525
-5.47943
-5.55089
-5.58857
-5.54539
-5.53991
-5.59739
-5.60924
-5.61527
-5.57404
-5.54658
-5.52965
-5.53382
-5.50778
-5.46618
-5.38232
-5.32938
-5.40953
-5.50915
-5.44661
-5.42586
-5.44257
-5.44661
-5.4117
-5.43547
-5.47991
-5.47471
-5.53246
-5.4849
-5.52471
-5.46096
-5.53697
-5.50179
-5.41959
-5.43553
-5.51444
-5.53436
-5.52086
-5.45519
-5.4741
-5.49207
-5.32595
-5.33648
-5.30206
-5.3479
-5.47656
-5.45035
-5.45456
-5.48637
-5.43457
-5.40667
-5.49649
-5.50009
-5.50609
-5.50081
-5.50978
-5.46828
-5.40447
-5.44855
-5.4588
-5.36636
-5.35511
-5.38924
-5.36437
-5.30737
-5.24057
-5.30167
-5.29708
-5.31201
-5.33661
-5.43156
-5.46481
-5.45364
-5.56778
-5.53052
-5.42158
-5.40757
-5.52379
-5.46595
-5.44122
-5.40583
-5.43477
-5.48469
-5.51457
-5.51867
-5.45529
-5.48568
-5.46931
-5.42804
-5.36727
-5.313
-5.29821
-5.38526
-5.46809
-5.50023
-5.53445
-5.50727
-5.51666
-5.39916
-5.35686
-5.43809
-5.46608
-5.50481
-5.4444
-5.57751
-5.54311
-5.58672
-5.55836
-5.58516
-5.49617
-5.51629
-5.56725
-5.47994
-5.35816
-5.20378
-5.30187
-5.41423
-5.43295
-5.44267
-5.42368
-5.41776
-5.5493
-5.49993
-5.54233
-5.48713
-5.51598
-5.43704
-5.40134
-5.26007
-5.29686
-5.34599
-5.41747
-5.44095
-5.40184
-5.41791
-5.41418
-5.33541
-5.31567
-5.40466
-5.44254
-5.49531
-5.42383
-5.47436
-5.43285
-5.51448
-5.41858
-5.38963
-5.43041
-5.4249
-5.34586
-5.35404
-5.4284
-5.40925
-5.45267
-5.46932
-5.37765
-5.38309
-5.45357
-5.44978
-5.47371
-5.5115
-5.49839
-5.55726
-5.53988
-5.49571
-5.51686
-5.52149
-5.44975
-5.37431
-5.41535
-5.46732
-5.46382
-5.50171
-5.44115
-5.39106
-5.36421
-5.43484
-5.49568
-5.50281
-5.36262
-5.41326
-5.46552
-5.46016
-5.45414
-5.36843
-5.38825
-5.42179
-5.44416
-5.48419
-5.479
-5.46804
-5.41367
-5.43062
-5.47608
-5.44433
-5.3931
-5.41273
-5.41145
-5.47257
-5.41256
-5.44119
-5.43223
-5.32205
-5.37001
-5.27008
-5.26817
-5.43013
-5.4987
-5.45881
-5.56882
-5.51053
-5.55174
-5.65619
-5.5253
-5.47765
-5.57918
-5.53249
-5.45125
-5.34486
-5.51623
-5.57391
-5.60786
-5.58523
-5.56703
-5.53325
-5.57326
-5.53796
-5.46851
-5.50884
-5.59149
-5.59733
-5.53533
-5.44646
-5.49649
-5.54926
-5.53571
-5.57852
-5.68572
-5.64415
-5.67614
-5.68755
-5.69842
-5.75112
-5.61845
-5.57341
-5.58668
-5.60253
-5.66063
-5.59274
-5.61846
-5.6225
-5.65631
-5.57915
-5.5732
-5.62226
-5.57629
-5.56918
-5.58718
-5.73409
-5.64783
-5.60301
-5.62757
-5.67915
-5.6482
-5.60531
-5.5644
-5.6038
-5.59026
-5.62259
-5.54386
-5.51205
-5.51867
-5.58274
-5.58327
-5.62524
-5.54539
-5.54147
-5.40329
-5.43382
-5.37771
-5.42357
-5.41754
-5.39518
-5.45273
-5.4276
-5.40592
-5.44609
-5.44132
-5.52063
-5.55253
-5.55738
-5.51978
-5.57618
-5.53703
-5.48181
-5.40424
-5.4774
-5.4825
-5.50708
-5.48503
-5.35881
-5.31299
-5.40082
-5.25107
-5.35516
-5.28219
-5.3472
-5.31652
-5.41171
-5.40111
-5.42486
-5.4619
-5.38469
-5.40982
-5.445
-5.44542
-5.30638
-5.29317
-5.31755
-5.35254
-5.38029
-5.39922
-5.30861
-5.40373
-5.43968
-5.49826
-5.53697
-5.49487
-5.51018
-5.44586
-5.44643
-5.44845
-5.59178
-5.38196
-5.37306
-5.45155
-5.40769
-5.4085
-5.47819
-5.52072
-5.51017
-5.45061
-5.49859
-5.40799
-5.42091
-5.38163
-5.36743
-5.43108
-5.48242
-5.31636
-5.43568
-5.49341
-5.36348
-5.35958
-5.22888
-5.33732
-5.33128
-5.46145
-5.35193
-5.38228
-5.41516
-5.40623
-5.39473
-5.25473
-5.15801
-5.24948
-5.23588
-5.35516
-5.34765
-5.40191
-5.4124
-5.36529
-5.37952
-5.3579
-5.34612
-5.29397
-5.36888
-5.37263
-5.45747
-5.52612
-5.56187
-5.54213
-5.42707
-5.47374
-5.44713
-5.44436
-5.44426
-5.44221
-5.57716
-5.60623
-5.58106
-5.56848
-5.56822
-5.46369
-5.32978
-5.44248
-5.47435
-5.5028
-5.45666
-5.41671
-5.43305
-5.51165
-5.52197
-5.55437
-5.50647
-5.51723
-5.48334
-5.52849
-5.539
-5.50118
-5.51593
-5.46447
-5.49042
-5.58411
-5.5785
-5.55057
-5.56789
-5.52556
-5.53942
-5.46573
-5.57031
-5.52073
-5.43787
-5.35928
-5.32591
-5.25938
-5.38582
-5.455
-5.42611
-5.47241
-5.47401
-5.46017
-5.48831
-5.57985
-5.50994
-5.51032
-5.41427
-5.41956
-5.42843
-5.41125
-5.43387
-5.44626
-5.44461
-5.48674
-5.45478
-5.36178
-5.46848
-5.46557
-5.47062
-5.4394
-5.52188
-5.41056
-5.46372
-5.44599
-5.49725
-5.43301
-5.42381
-5.30569
-5.34655
-5.3802
-5.52854
-5.54884
-5.57543
-5.47814
-5.54798
-5.47187
-5.43136
-5.41088
-5.40252
-5.53169
-5.51632
-5.38411
-5.40182
-5.45244
-5.43583
-5.4023
-5.51613
-5.48173
-5.50029
-5.43595
-5.41205
-5.46527
-5.4793
-5.46067
-5.55008
-5.48423
-5.55553
-5.54332
-5.5078
-5.43594
-5.49202
-5.53007
-5.46343
-5.50966
-5.46214
-5.3682
-5.32023
-5.42718
-5.42984
-5.51417
-5.48509
-5.49845
-5.38479
-5.42343
-5.40654
-5.52877
-5.44042
-5.44147
-5.48254
-5.54639
-5.54413
-5.4468
-5.48897
-5.42921
-5.48671
-5.41846
-5.43796
-5.44345
-5.46712
-5.43049
-5.47309
-5.47264
-5.49182
-5.3859
-5.33227
-5.33084
-5.47182
-5.53321
-5.4504
-5.52032
-5.42874
-5.51014
-5.49132
-5.54669
-5.48321
-5.39223
-5.37106
-5.35284
-5.3546
-5.36465
-5.34033
-5.31225
-5.24281
-5.40156
-5.38016
-5.36422
-5.42691
-5.46775
-5.34611
-5.37684
-5.38044
-5.41514
-5.34364
-5.47644
-5.46085
-5.51575
-5.62137
-5.53377
-5.49457
-5.40263
-5.39718
-5.41397
-5.46558
-5.40077
-5.3238
-5.32774
-5.39228
-5.43649
-5.34188
-5.3194
-5.38138
-5.43418
-5.5559
-5.52133
-5.50578
-5.52726
-5.47021
-5.43809
-5.39207
-5.2676
-5.34813
-5.3337
-5.33545
-5.40524
-5.35944
-5.40023
-5.49054
-5.47079
-5.31308
-5.42542
-5.42722
-5.38352
-5.2387
-5.19087
-5.30528
-5.32609
-5.37158
-5.37869
-5.33214
-5.34791
-5.36786
-5.33991
-5.28421
-5.39363
-5.19972
-5.32725
-5.38855
-5.39034
-5.42762
-5.46766
-5.53552
-5.49817
-5.51326
-5.48928
-5.40887
-5.43394
-5.34614
-5.4203
-5.43072
-5.4121
-5.49554
-5.46058
-5.48443
-5.48773
-5.5113
-5.52693
-5.48726
-5.44124
-5.43442
-5.37107
-5.48779
-5.46103
-5.44142
-5.38178
-5.43567
-5.35999
-5.36899
-5.48462
-5.44489
-5.43225
-5.37376
-5.44548
-5.36251
-5.39909
-5.31239
-5.38451
-5.33835
-5.25689
-5.24184
-5.30763
-5.36342
-5.39765
-5.45108
-5.43478
-5.40874
-5.41856
-5.32499
-5.28338
-5.30098
-5.36269
-5.34578
-5.39228
-5.35865
-5.3502
-5.35656
-5.31819
-5.33194
-5.42129
-5.47139
-5.52365
-5.48226
-5.41629
-5.5019
-5.51796
-5.47793
-5.52046
-5.45371
-5.3946
-5.45547
-5.50433
-5.50139
-5.59341
-5.63797
-5.5919
-5.6026
-5.45502
-5.44025
-5.39285
-5.45001
-5.46568
-5.43456
-5.3648
-5.34711
-5.37629
-5.35907
-5.34958
-5.24062
-5.26683
-5.39057
-5.45367
-5.40509
-5.31532
-5.38955
-5.46799
-5.52592
-5.42904
-5.36372
-5.31207
-5.43746
-5.36809
-5.34416
-5.38018
-5.37457
-5.38493
-5.45012
-5.39301
-5.40017
-5.43422
-5.44462
-5.2842
-5.36796
-5.4365
-5.44755
-5.47462
-5.47928
-5.47084
-5.46837
-5.51318
-5.59014
-5.62308
-5.57064
-5.46627
-5.38304
-5.41129
-5.33731
-5.3015
-5.25652
-5.23823
-5.33245
-5.33473
-5.35416
-5.36664
-5.46225
-5.33294
-5.35546
-5.32921
-5.32155
-5.36767
-5.30497
-5.3411
-5.21006
-5.3243
-5.32157
-5.37719
-5.41621
-5.48594
-5.30615
-5.32173
-5.32367
-5.30518
-5.30564
-5.26634
-5.37119
-5.45012
-5.51098
-5.32994
-5.34945
-5.27663
-5.42372
-5.4774
-5.64814
-5.57675
-5.50335
-5.48205
-5.32158
-5.36011
-5.36977
-5.36046
-5.31374
-5.25468
-5.30861
-5.32729
-5.40506
-5.4128
-5.38023
-5.3658
-5.40914
-5.34082
-5.30591
-5.42418
-5.46564
-5.50303
-5.49508
-5.56695
-5.57398
-5.61513
-5.59964
-5.5672
-5.57583
-5.62415
-5.51705
-5.46745
-5.47527
-5.53018
-5.35
-5.42525
-5.29689
-5.3687
-5.30782
-5.40387
-5.399
-5.34197
-5.27257
-5.34093
-5.27899
-5.28779
-5.21376
-5.31083
-5.36014
-5.34053
-5.40255
-5.38361
-5.45649
-5.58893
-5.47812
-5.46821
-5.51745
-5.48632
-5.55826
-5.53222
-5.43765
-5.42048
-5.49352
-5.53788
-5.54057
-5.56457
-5.52004
-5.5643
-5.52019
-5.44114
-5.46326
-5.36323
-5.37797
-5.39068
-5.44759
-5.45696
-5.43034
-5.43989
-5.419
-5.4324
-5.38588
-5.43252
-5.41117
-5.3338
-5.32492
-5.27877
-5.29995
-5.35426
-5.3747
-5.5218
-5.44559
-5.42615
-5.3969
-5.44668
-5.3864
-5.39422
-5.35407
-5.39839
-5.44024
-5.37868
-5.45425
-5.47576
-5.39066
-5.4148
-5.46551
-5.63192
-5.60736
-5.61385
-5.66911
-5.6615
-5.653
-5.60417
-5.59101
-5.49712
-5.49106
-5.50893
-5.55707
-5.57934
-5.61126
-5.64431
-5.57115
-5.59663
-5.6115
-5.40621
-5.4122
-5.40294
-5.37744
-5.34989
-5.38006
-5.53474
-5.57158
-5.55256
-5.57028
-5.59092
-5.42044
-5.38443
-5.46368
-5.48147
-5.40901
-5.6275
-5.6831
-5.64681
-5.65591
-5.62166
-5.57437
-5.47778
-5.41983
-5.4408
-5.50768
-5.55052
-5.5801
-5.61351
-5.57546
-5.51576
-5.45346
-5.45711
-5.50245
-5.50969
-5.519
-5.39568
-5.44678
-5.4799
-5.48358
-5.56506
-5.45846
-5.53325
-5.43155
-5.48389
-5.52755
-5.43489
-5.56485
-5.55311
-5.47248
-5.42375
-5.44837
-5.42125
-5.51008
-5.35091
-5.48438
-5.54093
-5.46008
-5.56629
-5.4864
-5.41353
-5.36503
-5.39786
-5.35616
-5.3343
-5.37038
-5.35745
-5.24872
-5.399
-5.42758
-5.40881
-5.4259
-5.40248
-5.3113
-5.3208
-5.43465
-5.48038
-5.37677
-5.53301
-5.54051
-5.63091
-5.558
-5.53505
-5.61749
-5.651
-5.65994
-5.62403
-5.64738
-5.64351
-5.57056
-5.60875
-5.57019
-5.54832
-5.46867
-5.41558
-5.48176
-5.43288
-5.44571
-5.36054
-5.33483
-5.27806
-5.37362
-5.3678
-5.36773
-5.43688
-5.45407
-5.40237
-5.46609
-5.43052
-5.53171
-5.48918
-5.48314
-5.48403
-5.44199
-5.38942
-5.43116
-5.48705
-5.51382
-5.55506
-5.59862
-5.58787
-5.64526
-5.56523
-5.52961
-5.4983
-5.41427
-5.43212
-5.43242
-5.35207
-5.37187
-5.35024
-5.34653
-5.41932
-5.54861
-5.48212
-5.3984
-5.33295
-5.3289
-5.36049
-5.31131
-5.38786
-5.42061
-5.37491
-5.48351
-5.42399
-5.45985
-5.5864
-5.59075
-5.52982
-5.62237
-5.58911
-5.61407
-5.53055
-5.60018
-5.46637
-5.49051
-5.38206
-5.44793
-5.43755
-5.51524
-5.39907
-5.35372
-5.34274
-5.40676
-5.44545
-5.52724
-5.5155
-5.56325
-5.59225
-5.57896
-5.56211
-5.64197
-5.60988
-5.6402
-5.64345
-5.60464
-5.51373
-5.55313
-5.58262
-5.54492
-5.56863
-5.51448
-5.52271
-5.59436
-5.66598
-5.53409
-5.5332
-5.57533
-5.62907
-5.62216
-5.62327
-5.55174
-5.66951
-5.64544
-5.68801
-5.62825
-5.59502
-5.60612
-5.6005
-5.60925
-5.59046
-5.5569
-5.60805
-5.50322
-5.56657
-5.54027
-5.69151
-5.66543
-5.64029
-5.68736
-5.60889
-5.56927
-5.54936
-5.56015
-5.53925
-5.52548
-5.55153
-5.55298
-5.5567
-5.48538
-5.50227
-5.47877
-5.54178
-5.56089
-5.53081
-5.59994
-5.61538
-5.58832
-5.72708
-5.69839
-5.68502
-5.65155
-5.64927
-5.57786
-5.54284
-5.51599
-5.5054
-5.46391
-5.48825
-5.40272
-5.31505
-5.35359
-5.45529
-5.4238
-5.41669
-5.32756
-5.32395
-5.4067
-5.37632
-5.44415
-5.41827
-5.39919
-5.41598
-5.48578
-5.51199
-5.4506
-5.39346
-5.43129
-5.46484
-5.43558
-5.32397
-5.43576
-5.45001
-5.47482
-5.4859
-5.53595
-5.5026
-5.47202
-5.53158
-5.54538
-5.54399
-5.48633
-5.48588
-5.5003
-5.42657
-5.4064
-5.403
-5.38709
-5.46116
-5.53294
-5.53141
-5.50238
-5.51048
-5.48726
-5.51101
-5.51576
-5.51156
-5.49499
-5.46685
-5.51774
-5.39806
-5.41757
-5.35092
-5.29524
-5.36088
-5.37726
-5.25819
-5.26362
-5.24295
-5.32352
-5.26992
-5.28366
-5.26995
-5.28246
-5.22656
-5.38511
-5.36103
-5.43262
-5.45589
-5.41882
-5.42869
-5.38312
-5.45877
-5.44537
-5.49286
-5.55687
-5.58061
-5.57968
-5.56978
-5.59825
-5.59214
-5.57434
-5.54902
-5.51485
-5.4389
-5.47282
-5.47381
-5.41736
-5.4927
-5.47415
-5.44938
-5.46231
-5.52347
-5.5067
-5.52517
-5.56923
-5.52528
-5.43689
-5.50482
-5.43986
-5.37365
-5.49034
-5.47011
-5.49677
-5.45332
-5.50352
-5.6123
-5.51339
-5.48672
-5.49214
-5.34459
-5.36071
-5.35777
-5.38318
-5.44069
-5.36603
-5.35194
-5.37136
-5.38261
-5.42624
-5.36841
-5.3693
-5.39889
-5.38174
-5.37112
-5.32389
-5.31194
-5.28513
-5.35506
-5.38584
-5.44561
-5.36038
-5.4853
-5.49131
-5.50061
-5.35979
-5.31426
-5.33839
-5.4127
-5.4218
-5.42803
-5.46799
-5.49842
-5.50561
-5.55473
-5.47339
-5.45746
-5.53339
-5.49833
-5.54239
-5.52538
-5.46759
-5.40244
-5.37072
-5.32027
-5.37975
-5.45784
-5.30378
-5.26202
-5.20965
-5.27824
-5.36656
-5.41122
-5.40423
-5.36211
-5.38416
-5.50179
-5.45373
-5.42307
-5.47776
-5.45064
-5.51183
-5.48067
-5.62019
-5.6433
-5.61524
-5.52225
-5.51682
-5.41327
-5.437
-5.41881
-5.41146
-5.47329
-5.47066
-5.5207
-5.53292
-5.54698
-5.70768
-5.70136
-5.79978
-5.7038
-5.70476
-5.60831
-5.59485
-5.44753
-5.41554
-5.4372
-5.49649
-5.45264
-5.42981
-5.42559
-5.39818
-5.49437
-5.51718
-5.44899
-5.41539
-5.45315
-5.5248
-5.55268
-5.59203
-5.65576
-5.62467
-5.5611
-5.41517
-5.49532
-5.41381
-5.44363
-5.45322
-5.44974
-5.42011
-5.39457
-5.32233
-5.33418
-5.4221
-5.50173
-5.4917
-5.45814
-5.56915
-5.51417
-5.65207
-5.69729
-5.6957
-5.67268
-5.53805
-5.62467
-5.48033
-5.5189
-5.4665
-5.38448
-5.27875
-5.36358
-5.4695
-5.41303
-5.28892
-5.38391
-5.4111
-5.4845
-5.52506
-5.55284
-5.58156
-5.53024
-5.53342
-5.39797
-5.49354
-5.43911
-5.41768
-5.37498
-5.38495
-5.35791
-5.44551
-5.32688
-5.39276
-5.23308
-5.24543
-5.27568
-5.22039
-5.24439
-5.14176
-5.23472
-5.30014
-5.24774
-5.25979
-5.27124
-5.19831
-5.20756
-5.22181
-5.34979
-5.39132
-5.36413
-5.40073
-5.45289
-5.47264
-5.38624
-5.36091
-5.42142
-5.39028
-5.45057
-5.39222
-5.49333
-5.56923
-5.5197
-5.58102
-5.64103
-5.56196
-5.55715
-5.51927
-5.50419
-5.51413
-5.52463
-5.4921
-5.39424
-5.28189
-5.27948
-5.2999
-5.3715
-5.47241
-5.52538
-5.52907
-5.57477
-5.59233
-5.70009
-5.69875
-5.63635
-5.58416
-5.51852
-5.61969
-5.60424
-5.58783
-5.54625
-5.63394
-5.57232
-5.59685
-5.63827
-5.61294
-5.50198
-5.46013
-5.46802
-5.46067
-5.50452
-5.446
-5.43032
-5.45962
-5.53514
-5.46522
-5.37556
-5.43118
-5.48354
-5.52701
-5.61378
-5.60909
-5.62429
-5.51658
-5.56915
-5.58296
-5.56012
-5.51917
-5.52473
-5.41627
-5.50904
-5.59281
-5.58183
-5.51048
-5.52139
-5.60173
-5.63015
-5.6278
-5.62225
-5.59188
-5.69836
-5.59594
-5.53002
-5.58235
-5.61641
-5.61746
-5.6412
-5.77896
-5.70841
-5.7249
-5.77269
-5.68208
-5.67038
-5.62356
-5.63482
-5.68366
-5.6408
-5.62567
-5.66216
-5.64565
-5.6338
-5.48029
-5.30386
-5.33012
-5.40021
-5.3995
-5.54428
-5.58766
-5.54317
-5.53674
-5.54923
-5.50475
-5.5371
-5.57928
-5.49578
-5.50669
-5.44107
-5.41939
-5.4964
-5.42583
-5.395
-5.29588
-5.41589
-5.3563
-5.39585
-5.31855
-5.39555
-5.42014
-5.47963
-5.38637
-5.40747
-5.39174
-5.3021
-5.25495
-5.20204
-5.27405
-5.14786
-5.22778
-5.22226
-5.27006
-5.36384
-5.43773
-5.48518
-5.47619
-5.46092
-5.43439
-5.40739
-5.38537
-5.38117
-5.37169
-5.30604
-5.40729
-5.39665
-5.37556
-5.30586
-5.29868
-5.21455
-5.30952
-5.3923
-5.39618
-5.32208
-5.39917
-5.29674
-5.29544
-5.28819
-5.35534
-5.29763
-5.25494
-5.31493
-5.33111
-5.35284
-5.35024
-5.40536
-5.36227
-5.39637
-5.30229
-5.22831
-5.34923
-5.37624
-5.4589
-5.45891
-5.47258
-5.49991
-5.36394
-5.41851
-5.39998
-5.3394
-5.28314
-5.1631
-5.16652
-5.2199
-5.38148
-5.38286
-5.3939
-5.37165
-5.39458
-5.41958
-5.39823
-5.39481
-5.39475
-5.41824
-5.43549
-5.42261
-5.42441
-5.42966
-5.45873
-5.50475
-5.57706
-5.53665
-5.54987
-5.6003
-5.60213
-5.54944
-5.46837
-5.43642
-5.52892
-5.54219
-5.56229
-5.47005
-5.49172
-5.42771
-5.38341
-5.47929
-5.50465
-5.5299
-5.54572
-5.53872
-5.54529
-5.60498
-5.6503
-5.60628
-5.56348
-5.5981
-5.55749
-5.52188
-5.48355
-5.48172
-5.41955
-5.32047
-5.42624
-5.33363
-5.44153
-5.41849
-5.36748
-5.47104
-5.46479
-5.45717
-5.49037
-5.42727
-5.42851
-5.53869
-5.63667
-5.556
-5.54937
-5.48712
-5.46714
-5.5862
-5.62508
-5.57269
-5.66887
-5.50615
-5.46502
-5.42137
-5.3887
-5.49672
-5.60796
-5.57158
-5.49233
-5.40537
-5.51491
-5.49641
-5.52546
-5.45776
-5.44498
-5.47336
-5.56485
-5.55639
-5.5294
-5.52779
-5.60902
-5.56039
-5.50771
-5.53621
-5.53472
-5.52031
-5.53408
-5.40889
-5.48306
-5.45594
-5.32003
-5.34542
-5.40424
-5.37079
-5.38902
-5.43183
-5.44587
-5.45132
-5.47999
-5.42242
-5.39423
-5.49029
-5.45018
-5.52837
-5.4885
-5.52093
-5.53178
-5.56649
-5.53028
-5.49452
-5.48701
-5.50667
-5.48113
-5.52064
-5.4698
-5.49779
-5.46054
-5.40417
-5.37402
-5.52557
-5.53689
-5.52197
-5.43237
-5.39056
-5.4062
-5.30712
-5.36136
-5.34054
-5.41841
-5.41474
-5.41253
-5.39437
-5.51385
-5.52214
-5.46993
-5.47498
-5.4753
-5.54068
-5.50323
-5.43002
-5.48534
-5.39394
-5.45698
-5.41415
-5.478
-5.40964
-5.45025
-5.49074
-5.41086
-5.24285
-5.26516
-5.22934
-5.32467
-5.34307
-5.16213
-5.35433
-5.40762
-5.46726
-5.46867
-5.44394
-5.48087
-5.47785
-5.45606
-5.50964
-5.51711
-5.47026
-5.43889
-5.52716
-5.59193
-5.51178
-5.46013
-5.50952
-5.53331
-5.53861
-5.5884
-5.6193
-5.65475
-5.71917
-5.61837
-5.49729
-5.43946
-5.47553
-5.53592
-5.49259
-5.51576
-5.51126
-5.59421
-5.56507
-5.52399
-5.54619
-5.53102
-5.5475
-5.50061
-5.4952
-5.43218
-5.45113
-5.45829
-5.50428
-5.48382
-5.45567
-5.49874
-5.48004
-5.52986
-5.55159
-5.55293
-5.4608
-5.46562
-5.39378
-5.2366
-5.25875
-5.28626
-5.30416
-5.23547
-5.35191
-5.4678
-5.46101
-5.51704
-5.53014
-5.4518
-5.50958
-5.55655
-5.55972
-5.52893
-5.5222
-5.48572
-5.55403
-5.52443
-5.50039
-5.45509
-5.44658
-5.40739
-5.49607
-5.36714
-5.30378
-5.2804
-5.31771
-5.32051
-5.35804
-5.3429
-5.38239
-5.34204
-5.38854
-5.37202
-5.48924
-5.46367
-5.45574
-5.41413
-5.38232
-5.35901
-5.31279
-5.40928
-5.41219
-5.37646
-5.46235
-5.50782
-5.5014
-5.61992
-5.68701
-5.69715
-5.64024
-5.5871
-5.50007
-5.4135
-5.48223
-5.51265
-5.43631
-5.43119
-5.56614
-5.63233
-5.6086
-5.60229
-5.62675
-5.55709
-5.57631
-5.55487
-5.5397
-5.57565
-5.52936
-5.43035
-5.4541
-5.51423
-5.44785
-5.46453
-5.43834
-5.50166
-5.51597
-5.47328
-5.51966
-5.48043
-5.44352
-5.5086
-5.49842
-5.52393
-5.5137
-5.48506
-5.50726
-5.48468
-5.45449
-5.42256
-5.44481
-5.48383
-5.48997
-5.46953
-5.46494
-5.44519
-5.42491
-5.51634
-5.60459
-5.56479
-5.67276
-5.62014
-5.59212
-5.64324
-5.60295
-5.59988
-5.49032
-5.50614
-5.65451
-5.64545
-5.59871
-5.569
-5.61972
-5.61042
-5.57284
-5.52888
-5.48199
-5.5329
-5.60342
-5.50802
-5.47525
-5.5126
-5.51281
-5.5152
-5.55949
-5.62487
-5.50111
-5.54113
-5.49748
-5.4167
-5.40054
-5.41434
-5.45146
-5.37384
-5.43284
-5.33782
-5.34411
-5.33787
-5.37792
-5.33286
-5.40028
-5.38829
-5.36001
-5.35445
-5.43811
-5.46128
-5.47828
-5.54537
-5.5766
-5.51975
-5.48872
-5.49166
-5.55922
-5.51586
-5.46853
-5.50647
-5.45956
-5.47841
-5.48848
-5.54691
-5.53352
-5.55599
-5.50057
-5.42206
-5.45901
-5.54552
-5.58948
-5.58121
-5.48393
-5.46745
-5.45792
-5.4412
-5.46714
-5.48531
-5.40328
-5.47335
-5.41186
-5.39908
-5.45472
-5.46574
-5.42673
-5.46505
-5.40173
-5.47939
-5.5015
-5.5422
-5.49698
-5.53618
-5.64303
-5.62188
-5.69809
-5.59779
-5.61878
-5.57424
-5.5143
-5.48333
-5.44643
-5.48651
-5.45962
-5.55116
-5.53272
-5.51633
-5.59268
-5.60335
-5.63248
-5.5934
-5.56817
-5.50119
-5.51771
-5.49678
-5.47338
-5.492
-5.46462
-5.4962
-5.62026
-5.58071
-5.4566
-5.44297
-5.47231
-5.50842
-5.47932
-5.41802
-5.3697
-5.48265
-5.59425
-5.55233
-5.45002
-5.48607
-5.60954
-5.46172
-5.4721
-5.55545
-5.55314
-5.44333
-5.4019
-5.5327
-5.66376
-5.65286
-5.55724
-5.54729
-5.49698
-5.55494
-5.49074
-5.53589
-5.58728
-5.65536
-5.57077
-5.59746
-5.6395
-5.57721
-5.56936
-5.49234
-5.56699
-5.5647
-5.50638
-5.5878
-5.61119
-5.63118
-5.50481
-5.54884
-5.52916
-5.50773
-5.53152
-5.58175
-5.59914
-5.50175
-5.51906
-5.47814
-5.3992
-5.38341
-5.415
-5.43273
-5.43855
-5.43368
-5.54304
-5.56862
-5.61808
-5.63427
-5.55763
-5.57883
-5.56883
-5.6242
-5.53217
-5.53252
-5.50903
-5.49075
-5.44417
-5.51899
-5.48727
-5.46802
-5.49025
-5.57171
-5.5339
-5.53569
-5.51954
-5.5003
-5.55975
-5.43538
-5.37638
-5.34192
-5.32551
-5.3283
-5.26953
-5.44561
-5.49656
-5.50865
-5.3692
-5.30938
-5.41322
-5.43597
-5.41869
-5.38027
-5.34216
-5.33757
-5.33756
-5.26306
-5.27426
-5.29819
-5.28001
-5.36453
-5.38882
-5.41879
-5.40784
-5.42056
-5.42156
-5.40807
-5.30537
-5.40158
-5.4115
-5.37613
-5.33455
-5.38744
-5.32895
-5.40948
-5.42212
-5.44609
-5.41697
-5.42563
-5.32447
-5.32619
-5.36238
-5.37013
-5.44034
-5.51177
-5.50101
-5.41612
-5.48341
-5.46703
-5.49605
-5.40734
-5.40646
-5.52314
-5.52795
-5.55076
-5.43571
-5.51643
-5.49398
-5.553
-5.54303
-5.45234
-5.42696
-5.47086
-5.51804
-5.59328
-5.63397
-5.58812
-5.60029
-5.50832
-5.48907
-5.42694
-5.42572
-5.43658
-5.48294
-5.45573
-5.51922
-5.54602
-5.45154
-5.33327
-5.32408
-5.29515
-5.30341
-5.29226
-5.26555
-5.31413
-5.40845
-5.5082
-5.51272
-5.49551
-5.56728
-5.57302
-5.65962
-5.61493
-5.51405
-5.56632
-5.64866
-5.69142
-5.67494
-5.63829
-5.60427
-5.49405
-5.50239
-5.56859
-5.47737
-5.41586
-5.46248
-5.43516
-5.46109
-5.52299
-5.51521
-5.55182
-5.52542
-5.41374
-5.47471
-5.47904
-5.46
-5.50056
-5.54171
-5.53159
-5.49045
-5.51819
-5.53463
-5.58625
-5.49711
-5.58513
-5.51614
-5.5688
-5.53491
-5.56892
-5.53703
-5.57471
-5.49413
-5.51516
-5.46175
-5.46509
-5.46946
-5.51914
-5.48725
-5.50001
-5.42327
-5.45757
-5.50246
-5.45443
-5.44764
-5.37428
-5.36379
-5.46528
-5.39288
-5.32475
-5.31651
-5.31599
-5.29544
-5.36036
-5.37205
-5.27936
-5.22753
-5.238
-5.30924
-5.20843
-5.2609
-5.22954
-5.29144
-5.27105
-5.43209
-5.33072
-5.39414
-5.39496
-5.38069
-5.30747
-5.34269
-5.55232
-5.61092
-5.45085
-5.53362
-5.58527
-5.59487
-5.51428
-5.47123
-5.48034
-5.5481
-5.4797
-5.42632
-5.43516
-5.34207
-5.34484
-5.39074
-5.39635
-5.4116
-5.33018
-5.41224
-5.50074
-5.44108
-5.39078
-5.39163
-5.47758
-5.50748
-5.52225
-5.51968
-5.49153
-5.48917
-5.62288
-5.49681
-5.50431
-5.56189
-5.49843
-5.38854
-5.39099
-5.36914
-5.3615
-5.31179
-5.37418
-5.44781
-5.42542
-5.40665
-5.46433
-5.43723
-5.46182
-5.32375
-5.24757
-5.28954
-5.34571
-5.38557
-5.35275
-5.38732
-5.4304
-5.37538
-5.43044
-5.39475
-5.4012
-5.33865
-5.47014
-5.51761
-5.50324
-5.51793
-5.4632
-5.50112
-5.55968
-5.5163
-5.45913
-5.50628
-5.36295
-5.36992
-5.40851
-5.5076
-5.51341
-5.42973
-5.44654
-5.44815
-5.3943
-5.38622
-5.4754
-5.38908
-5.49519
-5.5316
-5.51723
-5.43006
-5.40093
-5.39745
-5.4067
-5.35342
-5.39764
-5.40589
-5.51324
-5.45556
-5.50168
-5.55596
-5.46046
-5.48159
-5.49074
-5.44628
-5.54423
-5.55852
-5.51091
-5.48255
-5.52365
-5.54735
-5.50976
-5.5851
-5.61739
-5.53211
-5.48208
-5.58054
-5.5632
-5.56318
-5.58112
-5.55113
-5.51841
-5.44516
-5.58687
-5.46886
-5.53305
-5.61427
-5.61911
-5.58437
-5.54664
-5.53356
-5.57777
-5.49807
-5.59615
-5.53375
-5.51164
-5.50681
-5.3469
-5.27653
-5.35783
-5.33988
-5.36318
-5.4368
-5.3614
-5.4142
-5.38822
-5.45336
-5.36867
-5.43544
-5.40365
-5.39185
-5.44032
-5.47887
-5.49615
-5.51484
-5.51833
-5.55223
-5.58394
-5.541
-5.47457
-5.47422
-5.38465
-5.46513
-5.36677
-5.38067
-5.4127
-5.427
-5.49027
-5.5554
-5.58236
-5.49553
-5.58075
-5.55471
-5.62044
-5.61716
-5.64131
-5.59853
-5.49384
-5.45593
-5.54291
-5.5805
-5.62825
-5.48891
-5.40458
-5.44108
-5.31378
-5.31404
-5.38551
-5.41578
-5.46321
-5.41311
-5.33695
-5.36904
-5.31968
-5.23983
-5.22327
-5.33568
-5.40306
-5.44953
-5.46651
-5.47408
-5.52236
-5.56365
-5.59017
-5.53444
-5.45827
-5.54257
-5.53314
-5.53206
-5.57384
-5.4278
-5.41999
-5.36163
-5.4438
-5.52346
-5.50364
-5.51953
-5.55311
-5.49115
-5.48375
-5.39888
-5.40301
-5.46616
-5.48986
-5.43848
-5.49272
-5.50275
-5.47706
-5.41673
-5.43331
-5.47281
-5.54368
-5.51301
-5.58263
-5.51212
-5.55519
-5.61581
-5.65941
-5.53158
-5.64521
-5.59454
-5.55938
-5.54743
-5.55629
-5.55629
-5.50154
-5.4417
-5.4689
-5.37506
-5.42956
-5.42467
-5.45934
-5.38324
-5.49757
-5.46027
-5.40885
-5.45305
-5.38705
-5.44175
-5.48135
-5.44809
-5.40899
-5.48108
-5.49309
-5.51619
-5.46224
-5.45099
-5.41611
-5.46765
-5.47034
-5.52577
-5.61025
-5.54991
-5.52845
-5.59932
-5.54223
-5.52458
-5.56681
-5.55363
-5.54036
-5.54023
-5.50522
-5.4277
-5.37721
-5.34603
-5.40629
-5.43219
-5.51268
-5.56381
-5.48326
-5.51019
-5.56313
-5.56888
-5.57182
-5.54202
-5.504
-5.50929
-5.50763
-5.42089
-5.5446
-5.58922
-5.53367
-5.52364
-5.57819
-5.66638
-5.62628
-5.58644
-5.60941
-5.60815
-5.55098
-5.55596
-5.59119
-5.5975
-5.5231
-5.51967
-5.42833
-5.4844
-5.45557
-5.47081
-5.42622
-5.48134
-5.5129
-5.54238
-5.60461
-5.64634
-5.57713
-5.58493
-5.65518
-5.6867
-5.65056
-5.58301
-5.51325
-5.46756
-5.4317
-5.45546
-5.41297
-5.45053
-5.41155
-5.48323
-5.46837
-5.49763
-5.55464
-5.51169
-5.54161
-5.47928
-5.57231
-5.57647
-5.60942
-5.51802
-5.55873
-5.50936
-5.51338
-5.41532
-5.42057
-5.39049
-5.36459
-5.40256
-5.31614
-5.34244
-5.34638
-5.22674
-5.18199
-5.2402
-5.24478
-5.27549
-5.37165
-5.3563
-5.38265
-5.35107
-5.39911
-5.50311
-5.47751
-5.44082
-5.39185
-5.43676
-5.50437
-5.54715
-5.46781
-5.44054
-5.52176
-5.59084
-5.62499
-5.60919
-5.62434
-5.56774
-5.54475
-5.47995
-5.50481
-5.44596
-5.46191
-5.53043
-5.4931
-5.51159
-5.55879
-5.59208
-5.48148
-5.48382
-5.47304
-5.52922
-5.60647
-5.57571
-5.47571
-5.54531
-5.53316
-5.57399
-5.57076
-5.54781
-5.51553
-5.54052
-5.40834
-5.45687
-5.39961
-5.40481
-5.41516
-5.42208
-5.43717
-5.40936
-5.42169
-5.39997
-5.43344
-5.38693
-5.27381
-5.2283
-5.34599
-5.32171
-5.29026
-5.28964
-5.25416
-5.36456
-5.3705
-5.4301
-5.42925
-5.31041
-5.56619
-5.53929
-5.42573
-5.41809
-5.41035
-5.42402
-5.39764
-5.32075
-5.33748
-5.37875
-5.4361
-5.42579
-5.41171
-5.49882
-5.48603
-5.48797
-5.40396
-5.40054
-5.4839
-5.50682
-5.40049
-5.27111
-5.27214
-5.32967
-5.36481
-5.31686
-5.31943
-5.34663
-5.26465
-5.20077
-5.22038
-5.30777
-5.29427
-5.28813
-5.3699
-5.37559
-5.39803
-5.24394
-5.25805
-5.31609
-5.39391
-5.43149
-5.50477
-5.52532
-5.46719
-5.47073
-5.35782
-5.33802
-5.401
-5.40464
-5.45965
-5.39882
-5.38444
-5.32705
-5.33074
-5.39484
-5.52372
-5.41224
-5.4478
-5.44039
-5.49387
-5.47278
-5.45875
-5.4596
-5.34596
-5.35669
-5.46197
-5.47651
-5.45875
-5.52167
-5.53226
-5.62357
-5.55839
-5.57154
-5.5432
-5.53093
-5.55214
-5.50859
-5.58823
-5.59567
-5.56984
-5.6147
-5.57134
-5.52858
-5.57761
-5.6058
-5.50327
-5.44989
-5.3493
-5.46311
-5.38953
-5.41274
-5.38591
-5.36962
-5.42893
-5.43119
-5.50779
-5.4897
-5.55169
-5.50213
-5.52518
-5.53582
-5.53044
-5.46015
-5.43656
-5.35183
-5.38717
-5.36346
-5.27569
-5.2287
-5.2499
-5.22238
-5.35242
-5.35309
-5.38607
-5.53326
-5.58944
-5.49434
-5.49399
-5.5266
-5.52984
-5.39882
-5.41133
-5.47787
-5.44973
-5.47352
-5.50536
-5.43879
-5.44432
-5.25257
-5.16201
-5.21087
-5.3738
-5.36806
-5.31526
-5.40485
-5.48591
-5.42568
-5.35785
-5.52151
-5.47853
-5.58305
-5.54892
-5.49993
-5.48016
-5.4575
-5.41346
-5.42378
-5.41686
-5.43064
-5.49817
-5.49282
-5.53647
-5.46996
-5.5596
-5.55824
-5.46934
-5.48285
-5.45042
-5.37936
-5.36337
-5.4698
-5.46159
-5.46605
-5.45286
-5.4795
-5.44434
-5.492
-5.40664
-5.42455
-5.33457
-5.4329
-5.42148
-5.35095
-5.41236
-5.41287
-5.371
-5.34412
-5.42546
-5.38094
-5.40121
-5.48749
-5.40236
-5.44441
-5.46351
-5.52247
-5.54812
-5.5528
-5.5359
-5.56808
-5.54476
-5.52941
-5.54073
-5.50207
-5.45879
-5.4527
-5.4796
-5.60705
-5.5888
-5.57979
-5.56311
-5.50405
-5.57406
-5.58171
-5.61507
-5.58264
-5.57403
-5.52089
-5.5455
-5.41815
-5.48456
-5.53187
-5.5412
-5.59902
-5.55805
-5.58874
-5.59732
-5.47905
-5.49678
-5.44493
-5.54317
-5.51898
-5.47106
-5.52979
-5.44689
-5.4585
-5.51196
-5.46091
-5.37606
-5.32674
-5.41442
-5.42947
-5.42638
-5.38321
-5.42171
-5.50489
-5.55266
-5.3792
-5.3599
-5.30205
-5.29403
-5.33415
-5.38388
-5.40573
-5.42665
-5.39599
-5.35488
-5.42375
-5.49922
-5.44543
-5.42248
-5.47115
-5.43401
-5.48628
-5.52945
-5.5801
-5.58557
-5.5464
-5.4863
-5.44128
-5.46143
-5.37386
-5.41925
-5.42566
-5.41258
-5.43193
-5.44828
-5.47332
-5.52573
-5.57731
-5.57159
-5.54209
-5.49914
-5.46977
-5.36397
-5.42852
-5.42462
-5.43298
-5.37051
-5.44728
-5.48734
-5.4712
-5.50194
-5.49653
-5.48236
-5.4979
-5.58764
-5.48285
-5.35592
-5.32271
-5.3634
-5.50496
-5.5985
-5.66409
-5.65215
-5.68437
-5.75363
-5.64603
-5.53689
-5.59814
-5.59906
-5.48219
-5.47711
-5.51681
-5.54698
-5.53554
-5.56821
-5.56972
-5.46479
-5.43647
-5.45518
-5.44149
-5.43592
-5.4461
-5.47165
-5.50024
-5.47129
-5.58312
-5.5522
-5.60442
-5.57442
-5.56064
-5.56273
-5.58043
-5.57011
-5.47824
-5.4725
-5.49258
-5.46215
-5.47346
-5.43172
-5.4346
-5.40395
-5.45855
-5.46325
-5.4204
-5.45951
-5.61463
-5.44757
-5.47235
-5.49199
-5.4939
-5.51168
-5.40146
-5.56512
-5.6191
-5.63596
-5.59252
-5.57191
-5.60291
-5.50146
-5.45551
-5.44571
-5.5334
-5.5409
-5.51303
-5.47619
-5.41553
-5.41237
-5.42752
-5.49647
-5.42262
-5.41576
-5.33716
-5.3147
-5.35625
-5.36329
-5.35728
-5.42072
-5.47332
-5.37824
-5.41166
-5.49019
-5.39566
-5.33919
-5.31482
-5.40362
-5.44597
-5.45784
-5.46584
-5.44746
-5.5579
-5.51066
-5.53107
-5.53795
-5.61866
-5.56828
-5.61811
-5.57103
-5.54034
-5.55843
-5.49122
-5.58173
-5.58871
-5.58279
-5.63855
-5.63784
-5.67936
-5.70143
-5.72434
-5.6664
-5.63748
-5.59077
-5.59514
-5.50988
-5.57699
-5.57802
-5.6088
-5.57751
-5.62268
-5.69188
-5.63803
-5.63102
-5.62293
-5.54649
-5.48742
-5.47667
-5.52728
-5.52238
-5.54842
-5.60645
-5.58747
-5.61967
-5.66649
-5.70737
-5.72173
-5.66622
-5.67827
-5.68856
-5.61407
-5.67118
-5.68148
-5.69029
-5.66476
-5.637
-5.50529
-5.5118
-5.53746
-5.48116
-5.35617
-5.42884
-5.50663
-5.56575
-5.61659
-5.59747
-5.56271
-5.59605
-5.53223
-5.56598
-5.64816
-5.53231
-5.49257
-5.49115
-5.5944
-5.44444
-5.39329
-5.41453
-5.4387
-5.41405
-5.3983
-5.36697
-5.42557
-5.34081
-5.42859
-5.45347
-5.49741
-5.5469
-5.45654
-5.46181
