-4.81408
-3.80467
-3.43416
-3.12914
-2.75048
-2.43599
-2.02708
-1.63206
-1.47042
-1.13086
-1.05103
-0.567092
-0.661542
-1.09369
-1.32478
-1.03255
-0.781307
-0.95697
-0.361568
-0.314573
0.586481
0.00896997
-0.122433
-0.557493
-0.842973
-0.664267
-0.41045
-0.429504
-0.74625
-0.931131
-1.13326
-0.771536
-0.946786
-0.937871
-0.498207
-0.863312
-0.334629
-0.593968
-0.720974
-0.684072
-0.536251
-0.969075
-0.767877
-0.874259
-1.13477
-1.28321
-1.23844
-0.874548
-0.751812
-0.786976
-0.808572
-0.197244
-0.481148
-0.481586
-0.0274141
-0.400505
-0.104897
-0.406042
-0.237898
-0.606142
-0.377499
-0.398702
-0.07855
0.0245947
-0.195414
-0.0257781
0.00447091
0.0900326
0.0620656
0.16104
0.344357
0.50876
0.615435
0.85137
0.501032
0.321156
0.642989
0.618086
-0.35123
-0.357112
-0.378541
-0.450749
-0.344388
-0.6849
-0.518328
0.00445042
-0.0235155
0.0329357
0.109433
0.218445
0.294228
0.647708
0.354796
0.0999699
0.124641
0.478849
0.303895
1.27393
1.13004
1.55414
1.05498
1.01836
1.00979
0.690424
0.993846
0.616143
0.336898
0.445409
0.297273
0.461672
0.51534
0.565117
0.515435
0.00572825
0.190102
-0.0765701
-0.185552
-0.399442
0.0511883
0.474822
0.472664
0.57505
0.362748
0.622466
0.607472
0.703371
0.48458
-0.0309851
0.0420525
0.300689
-0.0614838
-0.141691
0.0313425
0.286526
-0.164606
0.123684
0.109416
0.165605
0.200013
0.340173
0.364587
0.397261
0.346159
0.452307
0.396092
0.554728
0.63214
0.824084
0.52099
0.371749
0.540268
0.689091
0.683534
0.605325
0.749026
0.585048
0.508239
0.605457
0.464063
0.869661
0.682903
0.438499
0.639627
0.912912
0.244308
0.468021
0.762409
0.790219
0.856471
1.00957
1.17416
0.950913
1.26387
1.04655
1.24261
0.971895
1.03734
1.10117
0.690249
0.774323
0.723315
0.614784
0.305977
0.527097
0.991591
0.789836
0.896967
1.42991
1.09202
1.112
1.31493
1.90408
1.64337
1.46686
0.95846
1.31768
1.42008
1.93134
1.17854
0.767191
0.82975
0.715168
1.01665
1.1064
1.18277
1.15818
1.02703
1.21826
1.7675
1.66807
1.28319
1.28415
1.67942
1.7825
1.7848
2.21127
2.00533
1.90391
1.88424
1.73885
1.48952
1.02841
0.674569
1.11669
1.42523
1.3317
1.48633
1.56974
1.6662
2.06553
1.49715
1.45773
1.21382
1.30499
0.956239
0.987676
1.20058
1.37121
1.88022
1.57176
1.8396
1.318
1.45717
1.25193
1.09406
1.26764
1.29005
1.16535
0.782202
1.28026
0.714715
0.721666
0.897331
0.912851
0.778617
0.517433
0.537878
0.478279
0.430182
0.479238
0.568803
0.159054
0.40813
0.209602
0.244163
0.414834
0.611027
0.62054
0.485336
0.18438
0.671635
0.895715
1.20197
1.1086
1.08435
1.03772
1.2396
1.28183
1.18144
1.32619
1.60679
1.717
1.6858
1.44587
1.23657
0.92989
1.37794
1.56518
1.43355
1.15343
0.596737
0.978893
1.2134
0.96499
0.992555
1.15652
0.749347
0.497426
0.602483
1.00357
1.5067
1.12275
1.06107
0.987585
1.72246
1.39431
1.54895
1.68509
1.90824
1.95053
1.73801
1.958
1.81558
1.7283
1.5136
1.48415
1.15807
0.947795
0.709232
0.659519
0.531999
0.540944
0.796687
1.21176
1.14251
1.15476
1.26172
1.42955
1.1405
1.23371
1.37241
1.40732
1.15131
1.26899
1.12934
1.64004
2.06163
1.85821
1.97922
2.06688
1.85859
1.54369
1.3814
1.48722
1.11463
1.19573
1.25479
1.37625
1.57175
1.39595
1.26556
1.37239
1.08474
1.45691
1.76764
1.97071
1.93575
1.56632
1.41045
1.60627
1.61878
1.14907
1.53068
1.49627
1.33134
1.13923
0.916728
1.58174
1.70399
1.42765
1.45666
1.65432
1.4888
1.40222
1.07359
1.15308
1.49766
1.49128
2.02757
1.80811
1.74132
1.9347
1.9609
1.63324
1.16037
1.3038
1.22968
1.64852
1.99074
1.37508
1.34882
1.36225
1.47256
1.44836
1.56794
1.37832
1.4399
1.13322
0.963549
1.13023
1.25069
0.810382
1.15035
1.26467
1.01987
0.795997
1.06915
1.08316
0.920604
0.715243
0.520265
0.830715
0.595194
0.819565
0.781792
1.21139
1.00984
1.55601
1.30486
1.34246
1.0113
1.14878
0.629949
0.842546
0.505042
0.443954
0.816507
1.13085
0.93152
1.26517
1.16161
1.26231
0.876067
0.78877
0.881394
0.424096
0.391431
0.575879
0.473326
0.193052
0.559026
0.723179
0.760445
0.971591
1.37512
1.86273
1.63719
1.58746
1.53352
1.80017
2.00989
1.83131
1.7291
1.6111
1.65304
1.29104
1.32111
1.40504
1.42482
1.36068
1.50108
1.58469
1.62329
1.43971
1.27709
0.944931
1.22589
1.22321
1.07201
0.71664
0.864331
1.48498
1.57906
1.53696
1.65594
1.62535
1.60072
1.58746
1.06887
0.914714
1.2094
1.10431
1.21814
1.03213
1.01241
0.875549
0.594827
0.848207
0.664126
1.11077
1.09956
0.952487
1.05915
0.987466
0.607314
0.771154
0.650871
0.652753
0.663038
0.864934
0.806272
1.17052
0.452857
0.0733416
0.386651
0.789183
0.90329
0.736028
0.725511
1.07952
0.888379
1.00826
1.14576
1.32637
1.06671
0.954112
0.817591
0.952683
1.10787
0.732776
0.506918
0.622148
0.993707
1.31259
1.09755
0.505635
0.92153
0.809486
0.483973
0.78222
0.388806
0.565123
0.745472
1.05638
0.521743
0.926881
1.44323
0.989777
0.923327
0.748973
1.1207
1.04609
1.04489
0.863117
0.977314
0.924431
0.753381
0.311185
0.656501
0.820968
0.791086
0.987951
1.2415
1.39834
1.20428
1.27729
0.956107
0.626687
0.137491
0.351453
0.645323
0.437774
0.364508
0.753633
0.80708
0.957736
0.911643
0.809601
0.495531
1.25861
0.995854
0.582607
0.736195
1.05146
1.10531
0.920956
1.01836
0.757121
0.468536
0.630035
0.770115
0.995036
1.52222
1.47858
1.47957
1.48927
1.56663
1.75292
1.65097
1.30986
1.47516
1.46601
1.57074
1.23891
1.2723
1.22237
0.890901
1.37646
1.54174
1.57528
1.7447
1.51854
1.92751
1.64405
1.41946
1.47579
1.65798
2.28708
2.36742
2.0366
1.83874
1.53694
1.3111
1.04812
1.1326
1.30716
1.29925
1.23229
1.11095
0.994955
1.52658
1.93997
2.11894
1.77236
1.33268
0.891164
0.984952
0.808959
1.00751
0.740035
0.867022
0.624424
0.669869
0.599128
0.412496
0.626189
0.493469
0.697695
0.613326
0.887046
1.0303
1.18266
1.0593
0.89748
1.2991
1.21855
1.05349
1.14361
1.0404
0.600821
0.654969
0.496773
0.278571
0.541987
0.409695
0.639482
0.887126
1.09068
0.699548
0.355941
0.143455
0.258048
0.0218991
0.223878
0.429694
0.900578
0.890109
0.641699
0.547083
0.487382
0.222824
0.702413
0.535191
0.687273
0.824869
0.936394
0.796306
0.719368
0.827566
0.88196
1.17645
1.44543
1.12728
1.25517
1.5409
1.1318
0.685925
0.542053
0.865113
0.851011
1.17828
1.09496
0.981031
0.622799
0.962334
1.0644
1.03885
0.781364
0.680258
0.578497
0.759321
1.26277
0.884164
1.19906
1.21651
1.15676
1.10838
1.26866
1.3063
1.0183
0.738295
0.592041
0.687228
0.790616
0.636099
0.800966
1.14347
1.10802
1.0744
1.27102
1.09259
1.30716
1.52154
1.39679
1.98012
2.02204
1.71421
1.52803
1.05355
1.15025
1.35247
1.57465
1.4274
1.13402
1.05897
1.24339
1.75526
1.27047
1.02738
1.04407
0.788691
1.33745
1.33249
1.45828
0.995521
0.922207
1.00774
0.887482
0.885405
0.92554
1.70287
1.63293
1.83315
1.46926
0.855362
0.878184
1.1397
1.57449
1.30135
0.796576
1.1227
1.37168
1.54835
1.46876
1.34944
1.10117
0.847967
1.04834
1.28465
1.37491
1.18702
1.00647
0.901682
0.8232
0.627746
0.343171
0.671023
0.933561
0.982286
0.840218
0.783138
0.688451
1.15365
1.40312
0.846776
1.22084
1.09992
1.40176
1.30607
0.910894
0.904862
0.957455
0.619703
0.801425
0.790742
0.993607
1.27189
1.20629
1.21559
1.02722
1.03274
1.29278
0.996114
0.485421
0.367055
0.950938
1.41314
1.45808
1.22873
1.33668
1.52362
1.66378
1.46186
1.15722
0.674764
0.556637
0.584664
0.750109
1.02906
1.05312
0.986301
0.787587
1.07038
1.20492
1.38629
1.75913
1.8398
1.76472
1.70033
1.75083
1.69042
1.82394
1.62516
1.97244
1.65783
1.72146
2.03944
1.78768
1.46334
1.78224
1.67464
1.3761
1.80211
2.06536
2.25002
1.50407
2.02192
1.60588
1.99699
1.90752
1.8246
1.93166
1.9507
1.97372
1.77901
1.84097
1.6971
1.17065
0.865522
0.992067
1.12999
1.12927
0.930882
0.792677
1.0629
1.28509
1.37572
1.34173
1.79751
1.98132
2.26177
1.81773
1.84341
1.66247
1.7173
1.73019
1.90294
1.79323
1.89798
1.49192
1.69248
1.93508
1.58472
1.82369
1.74395
1.31389
1.6765
1.25323
1.19996
0.959907
0.670803
1.21724
1.26857
1.31926
1.00065
0.882463
1.03283
0.928412
0.669541
0.48398
0.430194
0.467559
0.739696
0.517465
0.508797
0.517002
0.715217
0.66438
0.614171
0.561244
1.03457
0.928996
1.64719
1.4015
0.973694
1.12325
0.636874
0.667376
1.30462
1.69105
1.45272
0.959957
1.06706
0.899931
1.39124
0.882657
0.876065
0.735377
1.14468
1.09716
0.862401
1.15483
0.819721
1.23243
1.49454
1.36232
1.42487
1.20105
1.4833
1.90186
1.74332
1.87709
1.66555
1.45494
1.55145
1.62094
1.64859
1.84702
1.80128
1.65887
1.9065
1.6679
1.08252
1.25609
0.999417
1.26953
1.29274
1.1885
1.51691
1.51581
1.95366
1.96282
2.17119
2.41432
2.34
1.94098
1.74988
1.46095
1.65373
1.85528
1.69152
1.36109
1.29224
1.4375
1.04998
1.36438
1.06323
1.40251
1.49426
1.98756
1.83799
1.8153
1.77027
1.59319
1.60251
1.4098
1.93023
2.13011
1.9108
1.87607
1.58842
1.61235
1.57155
1.70548
1.74164
1.85953
1.5672
1.6067
1.96436
2.1901
2.03781
2.03594
1.81287
2.05338
1.91145
1.48471
1.94079
1.51852
1.68371
1.42556
1.39899
1.21227
1.25188
1.76898
1.47182
1.51784
1.48904
1.29768
0.47896
0.82568
1.15009
0.987883
1.32992
1.42287
1.41543
1.63905
1.63334
1.87314
2.19732
1.88001
1.61142
1.67572
1.31684
1.4562
1.56964
1.55332
1.82304
1.64143
1.67327
1.91517
1.59807
1.73545
1.6418
1.38738
1.91016
1.74241
1.70352
1.62619
1.38442
1.04575
1.13481
1.47545
1.39925
1.4634
1.8407
2.0194
1.6886
1.61852
1.65027
1.57177
1.80078
1.47444
1.79983
1.44909
1.11426
1.4774
1.81416
1.25823
1.33404
1.12717
1.46256
1.4784
1.23343
1.21317
1.65292
1.69714
1.0505
0.973498
1.20873
1.70277
1.63684
1.4327
1.61076
2.08793
2.0145
1.93867
2.21432
1.83003
1.69331
1.71233
1.66085
1.74971
1.43504
1.3509
1.59159
2.02602
1.98778
1.72144
1.73744
1.96202
2.10011
1.97796
2.0679
2.28628
1.91823
1.72352
1.49346
1.9329
1.66096
2.01027
2.08992
2.08662
2.56049
2.47048
2.00214
1.9013
2.19821
2.25854
2.04283
1.86587
1.64253
1.45512
1.65364
1.58156
1.54037
1.52589
1.59487
1.55967
1.18109
1.31849
1.54174
1.75792
2.22448
2.49213
2.45533
2.40365
2.15977
1.80703
1.9472
1.84162
2.08387
1.72698
2.00992
2.0625
1.92746
1.66656
1.58282
1.51087
1.26523
1.62611
1.67801
1.71415
1.29313
1.42742
1.70691
1.48441
1.0776
1.30399
1.3995
1.85154
1.55784
1.22643
1.06998
1.66753
1.92138
2.17391
1.83149
1.69601
1.67035
1.55944
1.59238
1.41281
1.99727
1.92553
2.10338
2.51673
2.52701
2.51906
1.87999
1.91225
1.69381
1.81926
1.27132
1.36044
1.1926
0.897916
0.7653
1.24765
1.1255
1.23581
1.22422
0.997674
0.923255
1.078
1.02354
1.22295
0.845701
0.81261
0.73759
0.891728
1.14803
1.16308
1.25838
1.32957
1.64414
1.38402
1.29107
1.42254
1.46312
1.56176
1.23162
1.65912
1.34213
1.42374
1.32745
1.32234
1.28523
1.3433
1.04189
0.856534
0.330404
0.442831
0.56992
0.730301
0.647826
1.35661
1.24972
1.24764
1.62598
1.74439
1.57076
1.16895
1.31114
1.8235
1.35301
1.57766
1.02963
0.977468
0.599211
0.908019
0.711342
0.876753
1.29957
1.61906
1.58497
1.17941
0.986146
1.29732
1.3759
1.45069
1.52871
1.0974
0.505958
0.809896
0.762313
0.974468
1.04002
1.0815
1.06351
1.01638
1.08419
1.06009
1.5013
1.16128
0.887483
0.527807
0.725616
1.14156
0.959694
1.14526
1.00442
0.820723
0.630018
0.757731
0.747412
0.646082
1.07591
1.43447
1.46919
1.80972
1.68133
1.73779
1.3893
1.52593
1.64551
1.92047
1.86486
2.13584
1.79418
1.52367
1.98904
2.24787
2.33565
2.28795
2.1559
2.01687
1.89105
1.85139
2.10615
2.257
2.33996
2.49868
2.2331
2.16657
2.06194
1.98455
1.4902
1.37229
1.88005
1.85981
1.32443
1.4541
0.841226
1.16921
1.25673
1.07648
1.49468
1.44326
1.50062
1.6323
1.66184
1.27692
1.08306
0.930341
1.22137
1.51123
1.62382
1.47227
1.47921
1.01452
0.661633
1.12963
0.974381
1.30835
1.76502
1.3707
1.35737
1.2009
1.04266
1.43879
1.13836
1.29168
1.35
1.62241
1.75611
1.4484
0.611485
1.04064
1.1374
1.28023
1.43553
1.76034
1.81543
1.25319
1.34183
1.35506
1.56376
1.39854
1.56225
1.5181
1.84808
1.90073
1.84688
1.80793
1.55495
1.94968
2.31981
1.98384
1.91085
2.17731
1.89669
2.28039
1.83879
1.70881
1.61419
1.69461
1.77018
1.77447
1.78346
1.69159
1.35497
1.14643
1.43541
1.33857
1.70261
1.00429
1.0335
1.27367
1.5761
1.82117
1.72441
1.8338
1.3534
1.61246
1.11764
1.22827
1.39711
1.31522
1.34149
1.03877
1.11011
0.946803
1.02534
0.943253
1.16099
1.0098
1.11791
1.50811
1.44299
1.55915
1.89293
1.60389
1.44251
1.05583
1.39235
1.37185
1.31711
0.947527
1.09066
1.23084
1.53144
1.77995
1.5687
1.40129
1.26727
1.08358
1.03084
0.992066
1.32438
1.32323
1.29816
1.39062
1.55014
1.26195
1.46166
1.39485
1.56374
1.62916
1.64433
1.49628
1.76584
2.02366
1.27836
1.30854
1.58825
1.4454
1.42119
1.31031
1.80571
2.13299
2.07759
1.89756
2.099
1.6604
1.71854
1.82517
1.60532
1.82186
1.90097
2.25489
1.71216
1.69557
1.6439
1.36849
1.33377
1.30865
1.52931
1.7354
1.65425
2.05929
1.92534
2.20459
2.1319
1.77928
1.66573
1.47134
1.28349
1.48714
1.76244
2.09386
1.86277
1.69403
1.91783
1.60811
1.42114
1.57104
1.46307
1.50685
1.62543
1.97524
2.11102
1.94068
2.40012
2.34939
2.27197
1.807
1.8059
1.88789
1.82699
1.54451
1.48981
1.49851
0.979829
1.08865
1.33528
1.53577
1.27219
1.34995
1.591
1.90719
1.57172
1.8683
1.5102
1.47313
1.00211
0.942287
1.00418
1.03604
1.33347
1.32249
1.52798
1.21829
0.877956
0.876327
0.966861
1.45775
1.79536
1.84957
1.86358
2.2187
2.30569
2.06749
2.09165
1.95584
2.16494
1.98582
1.85039
1.40455
1.45539
1.42969
1.73753
2.17407
2.35837
2.35073
1.68676
1.62063
1.53666
1.74227
1.83209
1.48916
1.84909
1.62631
1.66025
1.3488
1.29466
1.39785
1.67778
1.5257
1.55024
1.39235
1.67922
1.29919
1.42507
1.51827
1.44163
1.27859
1.37787
1.39546
1.41035
1.64355
1.67758
1.61492
1.62983
1.57043
1.23301
1.04833
1.0451
1.23651
1.29968
1.33164
1.43664
1.48452
1.95888
1.69533
1.53488
1.49996
1.4058
1.0118
1.08167
1.1382
1.18622
1.0356
1.47428
1.36733
1.45011
1.37413
1.30743
1.4773
0.937811
1.03339
1.47435
1.36414
1.38633
1.17815
0.938199
1.02848
1.09055
0.657155
0.782096
1.00976
0.889018
1.19678
1.45227
1.25392
1.26478
1.6428
1.55355
1.5349
1.27031
1.18704
1.21972
1.51682
1.73501
1.75837
1.68986
1.72874
2.277
2.17896
2.53569
2.14402
2.38322
1.85712
1.95563
1.483
1.21563
1.84108
1.67889
1.7518
1.67662
1.95648
1.64207
1.66509
1.25117
1.76875
1.1201
1.1057
1.04518
1.12168
1.52241
1.55805
1.70905
1.46249
1.88605
2.05385
1.93592
2.01373
1.72896
1.64895
1.57
1.44853
1.21415
2.00146
1.71747
1.49266
1.30539
1.19512
0.997304
1.08196
0.968656
0.97402
1.53538
1.59501
1.5061
1.28156
1.2431
1.03092
1.22071
1.42817
1.68234
1.64343
1.74651
1.6593
1.69612
1.2188
1.41975
1.86432
1.97764
1.90356
1.63706
1.59157
1.7952
1.73072
1.98983
1.6472
1.02707
1.66077
1.47522
1.88413
1.88737
1.75847
1.32977
1.37688
1.43163
1.06214
1.04554
1.38092
1.37703
1.44111
1.84039
1.69618
1.58282
0.715504
0.48175
0.5722
0.957528
0.934856
0.961631
0.785141
1.03734
0.972372
0.522448
0.477214
0.564301
0.883475
1.18279
1.47378
1.57672
1.40484
1.67954
1.47714
1.62103
1.63242
1.89648
1.37642
1.53148
2.27394
2.30351
1.58969
1.65925
2.22235
2.04854
2.23804
2.45965
2.15935
2.37988
2.15687
2.11832
2.17906
2.18911
2.07444
2.07065
2.21809
1.62395
2.12731
1.98991
1.3604
1.74097
1.49034
1.35291
1.58133
2.05578
1.81236
1.85814
2.00628
2.39914
2.11899
1.66582
1.74941
1.69104
2.01911
2.099
2.4336
2.18649
1.97988
2.08763
2.16502
2.72319
2.38401
2.14084
2.14328
2.02285
1.88431
2.20961
2.06196
1.69325
1.61085
2.07252
2.39636
2.3333
2.05447
2.07777
2.06547
1.70293
2.18285
2.36909
1.93894
2.23115
1.7928
1.90113
1.73224
1.50404
1.98112
2.40901
2.45184
2.95433
2.55833
2.41095
1.70002
1.92434
1.70295
1.71406
1.95066
2.02556
1.70814
1.32069
1.25525
1.24834
1.30952
1.04016
0.872124
1.02039
1.01072
0.767483
0.740954
0.679792
0.790767
0.911511
0.918527
0.901128
1.06653
1.27432
1.62664
1.76649
1.41705
1.1396
1.28771
1.39233
1.37221
1.39151
1.47857
1.31627
1.20624
1.23727
1.02952
1.13942
0.935993
1.12923
0.907525
1.06885
1.39448
1.35079
1.04312
0.881475
0.892591
1.29718
1.24204
1.0995
1.83863
1.76413
1.89711
1.60153
1.14056
1.26611
1.20754
1.21283
1.5106
1.69922
1.25847
1.22257
1.15074
1.21588
1.19657
1.36531
1.68591
1.39973
1.39833
1.75779
1.84453
1.68866
1.88846
2.13393
2.34968
2.12175
2.13161
2.12166
2.00701
1.68152
1.53843
1.61218
0.979457
1.1157
1.5221
1.5689
1.07655
1.3519
1.40083
1.5625
1.53321
1.34533
1.1856
1.13374
1.34614
1.26956
1.31886
1.52159
1.7231
1.87072
1.87012
1.48639
1.1708
1.04762
0.929848
1.11953
1.06904
1.49717
1.69778
1.46959
1.4027
1.23442
1.49157
0.887836
1.07461
0.804567
0.951345
0.840789
1.2508
1.17168
0.978114
1.29353
1.72091
2.47221
2.10423
1.54165
1.48091
1.43183
1.55399
1.60397
0.921785
1.18939
0.97556
1.15257
1.11309
1.39608
1.64171
2.16958
2.0879
1.92119
1.63409
1.47783
1.66373
1.5959
1.58875
1.91654
2.05221
1.72282
1.47636
1.17575
1.52956
1.27384
1.5227
1.14151
1.55455
1.59933
1.35146
1.39879
1.76562
1.79634
1.4348
1.53311
1.39504
1.32288
1.7774
1.7326
1.45732
1.39391
1.28673
1.03232
1.09034
0.794215
0.896978
1.17787
1.12021
1.04481
1.3876
1.7629
1.48233
1.2792
1.37227
1.23567
1.46397
1.66501
1.81103
1.3955
1.22648
1.18986
1.83595
1.55242
1.32953
1.44838
1.5343
1.85378
1.79751
1.66922
1.6318
1.3737
1.44084
1.36763
1.6178
1.53942
1.27652
1.31693
1.47667
1.35855
1.35622
1.12667
1.42383
1.29769
1.29636
1.80248
1.56592
1.98829
1.97881
1.40189
1.08664
1.29199
0.763716
1.06965
0.840954
0.418053
0.980981
1.20635
0.807108
0.97149
1.30023
1.76568
1.06393
0.832463
0.702023
0.832284
0.782946
0.91594
0.733135
0.990457
1.26472
1.00183
0.670638
0.611081
0.885877
1.24828
1.09939
0.89033
0.974159
0.753436
0.342526
0.575921
0.475892
0.402893
0.332866
0.0941016
0.646854
0.825617
0.684883
0.613708
0.381009
0.720907
0.588494
0.509305
0.44066
0.698916
0.680247
0.540049
0.703346
0.836173
0.719198
0.0979636
0.395274
0.599535
0.54996
0.35766
0.403503
0.562436
0.696692
0.569083
0.68041
0.557001
0.988775
1.01647
0.91508
0.686969
0.754442
0.62469
0.986331
0.954651
1.46063
1.42638
1.59559
1.36331
1.45126
1.5691
1.274
1.39887
1.50666
1.25768
1.32796
1.02364
0.858557
0.797891
1.00587
0.761868
0.986556
1.21838
1.5289
1.22017
1.26605
1.16926
1.2967
1.85927
2.14715
1.71879
2.32853
1.91076
2.22832
2.04628
2.12665
1.68583
1.73838
1.74582
1.51566
1.79945
1.75315
1.60634
1.67175
2.19805
2.3261
2.18114
2.09129
2.02013
1.94478
2.31661
1.7941
1.65739
1.29861
1.14025
1.19836
1.24842
1.52074
1.48234
1.42149
0.85776
1.678
1.69514
1.40455
1.59979
1.6413
1.24282
1.00625
1.17112
1.38619
1.22393
1.55739
1.48945
1.6999
1.73173
1.49102
1.25096
1.94704
1.45143
1.26371
1.79841
1.8082
2.35724
1.88166
1.936
1.32976
1.75635
1.67735
1.51731
1.54382
1.56556
2.17411
2.55703
2.21237
2.34123
1.8045
1.80854
1.64181
1.5665
1.78138
1.80245
1.88335
1.87749
2.03016
1.72437
1.79357
1.37325
1.08431
0.931067
1.0026
1.46285
1.36327
1.47403
1.51948
1.53257
1.38399
0.964928
0.82302
0.880789
0.929566
0.984993
1.35756
1.87727
1.4121
1.29362
1.18743
1.385
1.66775
1.57675
1.22981
1.12988
0.938129
1.16291
1.09644
1.0991
0.979956
0.990397
1.20048
1.14421
1.35431
1.19278
0.83476
0.835761
0.986726
0.927935
1.06836
1.01987
1.45918
0.878444
1.09828
1.54083
1.84158
2.07653
2.35042
1.81501
1.50913
1.54073
1.39953
1.37574
1.38425
1.32252
0.976928
1.40521
1.3314
1.72118
1.69826
1.75776
1.88853
1.83096
1.77433
1.78047
1.6505
1.74721
2.05181
1.62118
1.63839
1.60948
1.73164
1.31904
1.80974
1.70857
1.72144
1.50101
1.82558
1.90772
2.25066
2.1035
1.93013
1.29257
1.18683
0.92625
1.44719
1.12098
1.39019
1.57301
1.795
1.75602
1.19632
1.21428
1.84335
1.70042
1.44905
1.53122
1.49236
0.995266
1.16188
1.15083
1.43517
1.56419
1.26974
1.20966
1.37672
0.977171
1.20131
0.957445
1.00621
1.178
1.47618
1.23819
1.08378
1.35386
1.13528
1.29441
1.79301
2.01862
1.51302
1.4754
1.18055
1.28963
1.12986
1.60838
1.47759
1.61167
1.09069
1.5202
1.51214
1.35674
1.04539
1.10252
1.55506
1.33507
1.56015
1.28497
1.69714
1.59417
1.46619
1.43978
1.61795
1.40014
1.34347
1.29309
1.78132
2.13403
2.10699
1.45822
1.28498
1.55013
1.29602
1.69585
1.32031
1.41631
1.13573
1.41579
1.84688
1.80983
1.93365
1.9052
1.87914
2.02375
2.08748
2.3976
1.9171
1.98593
2.05831
1.76825
1.62127
2.04357
1.98899
1.97153
1.90646
2.20816
1.51483
1.57767
1.34748
0.801421
1.19093
1.41024
1.73827
1.72715
1.59819
1.47206
1.72747
2.05822
2.0207
1.8004
1.57369
1.85824
1.9411
1.7228
1.49061
0.957281
1.10956
1.19605
1.06675
1.37119
1.56444
1.68398
2.22328
1.87324
1.86072
1.911
1.7562
1.96147
1.74427
1.30205
1.36657
2.1759
1.68467
1.6917
1.97094
2.55041
2.78313
2.28638
2.23783
1.90013
1.94004
2.09765
2.04855
1.91998
2.09792
2.25038
1.76606
2.60731
2.05454
1.80753
1.78291
1.58849
1.42857
1.1506
1.35391
1.17883
1.36071
1.74536
1.64338
2.0573
1.67368
1.5365
1.66966
1.2995
1.49089
1.35261
1.407
1.27145
1.16063
1.20577
1.49194
1.48023
1.83661
1.44713
1.60376
1.67506
1.85738
1.57603
2.0323
2.04988
1.61292
1.71764
1.80202
1.99265
1.72014
2.05212
1.89134
2.25522
1.91905
2.09439
2.48124
2.56428
2.31435
1.94946
1.85205
1.62069
1.68697
1.83685
1.76441
2.11664
2.29454
2.23835
1.94507
2.09743
1.80888
2.00322
2.04937
2.01154
2.13389
2.12702
1.6874
1.48006
1.31142
1.47
1.7676
1.45086
1.45282
1.55233
1.39044
1.64991
1.94036
1.66732
1.45235
1.51334
0.983842
0.768682
0.954588
0.93264
1.66472
1.6768
1.90027
1.57407
1.51143
1.59817
1.94709
2.01504
1.97841
2.02244
2.01171
2.52706
2.2689
1.72546
1.53905
1.64999
2.0415
1.82648
1.55224
1.24229
1.71915
2.00981
2.16791
1.67062
1.93157
2.15094
1.98536
1.99521
1.92645
1.66229
2.04558
1.88455
1.82235
1.72313
2.40997
2.00488
1.77454
1.6354
1.49168
1.46315
1.51192
1.48361
1.30213
0.972771
0.906735
1.21306
1.6252
1.98842
1.93821
2.14748
2.31038
2.42113
2.47334
2.07755
1.98416
1.93983
1.86193
1.37214
1.90279
1.84014
2.03724
2.07993
1.86283
2.26263
2.13321
2.69296
2.15567
2.18334
1.95732
1.83551
1.42131
2.22464
2.13037
2.07866
2.20578
2.09433
2.19844
1.84404
1.50592
1.26569
2.0246
1.95868
2.13803
1.60494
1.35384
0.708147
0.908215
1.23114
1.26222
1.95592
1.91493
1.90028
1.89135
2.0771
2.31068
1.98578
1.89915
1.51716
1.49219
1.6019
1.80133
1.65243
1.89065
1.98228
1.61696
1.38239
1.19768
1.23798
0.878124
0.908775
0.728076
0.823982
1.03584
0.919633
0.717551
1.20133
1.45645
1.36466
1.11224
1.92256
1.62093
2.20318
1.94077
2.26667
1.75451
1.70293
1.97836
2.31725
1.96776
2.30566
2.21268
2.54502
2.10085
1.84205
1.9046
1.57787
1.6542
1.41899
0.804229
1.28714
1.33624
1.10312
1.20485
0.961843
1.02634
1.48977
1.61521
1.2956
1.11474
1.04107
0.88407
1.07617
0.872779
1.13239
1.47139
1.41871
1.76278
1.69505
1.625
1.39473
1.40618
1.5501
1.44311
1.63931
1.51958
1.72124
1.46292
1.62068
1.91463
1.95742
2.12577
1.99135
1.80498
1.69076
1.09571
1.483
1.53887
1.63688
1.43626
1.64047
1.58891
1.75884
1.54502
1.30146
1.59191
1.16666
1.17381
1.60938
1.46725
1.2389
0.496463
0.576136
0.56236
0.316317
0.403523
0.432724
0.700943
0.702599
1.15058
1.25201
1.21623
1.0857
0.964
0.7867
0.649755
1.06903
0.974276
0.898236
1.84048
1.85556
1.89992
2.02505
2.18639
2.00037
1.33801
1.18927
1.22973
1.0345
0.92817
1.62419
1.73485
1.42036
1.20553
1.46885
0.501467
0.205374
0.45749
0.472887
0.688919
0.933077
1.27711
1.44616
1.33949
1.05289
0.908149
0.691512
0.515719
0.653118
0.917132
1.28499
1.2494
0.987737
0.924199
0.899143
1.38988
1.30565
1.1403
1.17162
0.825874
1.32322
1.04109
1.52979
1.24294
0.998663
1.38438
0.815172
0.804717
1.19745
1.45086
1.4005
1.54614
1.20044
1.8395
1.30173
1.02359
1.31933
0.845097
1.15252
1.47219
1.76405
1.64304
1.82888
1.93691
1.71051
1.76524
2.14597
1.50921
1.45285
1.38667
1.26478
1.41344
1.91348
1.88246
1.38234
1.16488
1.66446
0.956112
0.911768
0.487628
0.805696
0.931248
0.625284
0.453718
0.440663
0.641863
0.58917
0.644979
0.971484
0.741066
0.91976
0.97551
1.31465
1.51166
1.26281
1.49063
1.38905
1.67089
1.87541
2.14847
1.69775
1.72569
1.76058
1.51902
1.41358
1.60514
1.34799
1.63007
1.15618
1.41023
1.3405
1.22522
1.47257
1.62805
1.43564
1.19746
1.10266
1.02667
0.746639
0.70358
0.452578
0.802611
1.01972
1.10642
1.53822
1.52485
1.54176
1.90527
1.76653
1.86173
1.93767
1.58949
0.990846
1.24955
1.72283
1.91454
1.92478
1.73209
1.89775
1.63955
1.48793
1.66047
1.21524
1.40965
1.19398
0.588564
0.587106
0.816573
0.463197
0.593926
0.473759
0.836056
0.586399
1.10712
1.1139
1.62594
1.34866
1.47034
1.00706
1.564
1.77313
1.76107
1.56444
1.37304
0.951497
1.05904
0.763572
0.60135
0.695917
0.74481
0.429137
0.549082
0.3969
0.419692
0.641018
1.01435
0.836619
0.67283
0.83402
0.755277
0.899168
0.904187
0.595875
0.340429
0.988032
1.06699
0.833885
0.619832
0.678812
0.629604
0.936337
0.387643
0.372018
0.305199
0.601063
0.653078
0.701749
0.769299
0.71778
0.808621
0.992243
0.807439
1.277
0.97879
1.07862
0.424856
0.508054
0.635282
0.399379
0.7436
0.891794
0.894394
0.820256
0.932538
0.915407
0.875815
0.871933
0.904814
1.20654
1.11152
1.19727
0.941206
0.731181
0.960517
0.680747
0.689647
0.788513
0.179948
0.244387
0.295484
0.566247
0.553877
0.822551
1.02259
1.09765
1.28212
1.41975
1.3866
1.8029
2.06019
1.9377
1.5263
1.65173
1.62703
2.05558
2.00312
1.66467
1.75192
1.45552
1.52635
1.53696
1.50618
1.29481
1.1099
1.41407
1.73602
1.43673
1.37219
1.46182
1.82783
1.30594
1.23243
1.18335
1.20574
0.953813
1.0678
1.36405
1.09741
0.987554
0.930484
1.27744
1.2092
1.17405
1.47125
1.61529
1.6539
1.66533
1.41765
1.18404
1.13194
1.24556
1.2188
1.2771
1.18155
1.15299
1.14191
1.15042
1.35292
1.08732
1.63625
1.48305
1.80478
2.0404
1.82658
1.77211
2.15031
2.16233
2.30313
1.93494
2.09878
2.08148
2.1354
2.11342
2.39675
1.75933
1.85134
1.57964
1.46937
1.58498
1.48392
1.73758
1.43559
1.47342
1.30094
1.05047
0.865646
0.96409
0.981255
0.940531
1.00866
1.07599
1.23218
1.41748
1.81915
1.67642
1.57451
1.79034
1.39173
1.50454
1.54887
1.51614
1.26144
1.29829
1.23355
0.963381
1.08882
1.51057
1.19152
1.49313
1.82991
1.33355
1.44273
1.25417
1.54133
1.25976
0.768563
1.17135
1.29186
1.37808
2.01114
1.94913
1.95354
1.93797
1.6683
1.89846
2.01574
1.94122
1.8702
1.67885
1.8601
1.90344
1.75377
1.82443
1.83294
2.00894
2.07116
2.1473
1.84833
1.6733
1.48908
1.90917
1.26705
1.21969
1.16862
1.78291
1.96873
1.87427
1.53926
1.57264
1.59964
1.42819
1.29565
1.18353
0.922303
1.28623
1.42789
1.07804
1.138
0.974987
1.10307
1.41292
1.63033
1.74116
1.93594
1.68475
1.36716
1.92129
2.14534
2.25666
1.96995
1.69495
1.45756
1.49388
1.62598
1.56791
1.10259
1.22647
1.32811
1.16013
1.27526
1.02472
1.17158
0.577513
0.405663
0.508081
0.90665
0.960219
1.44781
1.36613
1.43044
1.48999
1.08675
1.18328
0.95625
0.926395
0.827894
0.0771188
0.120628
-0.215861
0.23082
0.211488
0.676048
0.804963
1.32047
1.52787
1.37337
1.11969
1.31538
1.38053
1.33532
1.53283
1.10882
1.08562
1.47445
1.51904
1.41323
1.01105
0.870718
0.615592
0.295148
0.491989
0.757373
1.51696
1.25515
1.52476
1.42168
1.36463
1.4496
1.65431
1.66538
1.93524
1.85799
1.55119
1.1086
1.20901
1.41295
0.890591
1.1225
0.473083
0.237968
0.281923
0.496607
1.13253
0.771047
1.49122
1.22331
1.46431
1.83862
2.23243
1.89009
1.45618
1.84827
2.29797
1.91095
1.75844
1.35686
1.19198
1.03393
0.910069
1.23774
1.27454
1.85604
1.42577
1.551
1.69377
1.8358
1.87639
1.95484
1.53658
2.08401
1.88952
2.51408
2.5063
2.33307
2.4907
2.37549
2.73124
2.45666
2.14823
2.3395
2.28325
2.17885
2.3773
2.38303
2.20813
1.72722
1.61424
1.69011
1.55679
1.39298
1.2779
1.79862
1.89683
1.52561
1.7245
1.45245
1.70942
1.29497
0.969617
1.19307
0.819804
0.543135
0.888966
0.901653
1.1459
1.12914
1.19365
1.12506
1.31201
1.71806
2.31221
2.37629
2.24186
1.92591
1.48354
1.22816
1.1381
1.067
0.896654
0.38531
0.322801
0.595077
0.814223
1.14533
0.682253
0.680794
0.86109
1.01211
0.665759
0.823728
0.748987
0.641063
0.776603
1.35696
1.35403
1.33319
1.37178
1.20807
1.53704
1.53212
1.32967
0.982692
1.26891
1.70273
1.49294
1.28209
1.14054
0.775348
0.708376
0.641634
1.14189
0.872161
0.766643
0.902514
1.00095
0.890743
1.35009
0.92101
0.535755
0.63814
0.897229
0.859903
0.565685
0.477894
0.529669
0.568567
0.640574
0.160866
0.637337
0.953857
0.736193
0.631466
0.672199
0.599509
-0.120692
0.173427
0.0911579
-0.198516
0.206753
0.344451
0.604921
0.526213
0.14142
0.369456
0.48028
0.317165
0.475548
0.505231
1.1993
1.93116
1.92495
1.58237
1.55573
0.938351
0.761172
1.01308
1.01814
0.842983
1.09168
0.918037
0.820018
1.12127
1.11735
1.45199
1.59888
1.31021
1.52359
1.63138
2.08727
1.4691
1.73672
1.62893
1.9581
1.61956
1.41771
1.26295
1.65954
1.53561
1.51777
1.91703
2.20658
2.57966
2.30134
2.86891
2.45045
2.55568
2.25796
1.88544
1.56548
1.43773
1.42251
1.53305
1.72463
1.77325
1.73651
1.72167
1.81409
2.10423
1.71526
1.76338
1.87634
2.13843
2.20943
2.61108
2.23027
1.82612
1.81789
2.17836
1.8639
2.21149
2.10673
2.17534
1.83959
2.03424
2.19814
1.97649
1.89867
1.91908
1.79769
1.62569
1.96392
1.88699
2.25669
2.5923
2.13005
1.89758
1.52969
1.48779
1.42209
1.29595
2.00981
1.7322
1.90193
2.08669
2.41641
2.97304
3.05383
2.78811
2.0731
2.1019
1.9783
2.03216
1.89414
1.75339
1.97075
1.81443
1.79629
1.60553
1.49606
1.54732
1.56617
1.48785
1.36368
1.17132
0.931299
1.08167
1.08549
0.788073
0.829832
1.22103
1.63707
1.66011
1.23211
1.16189
1.15928
1.58777
1.41116
1.63427
1.79611
1.36518
1.35019
1.08381
0.869053
0.856195
0.90731
0.811124
0.565313
0.662063
0.938951
0.739892
0.897181
1.1318
1.29778
1.27953
1.65855
2.14872
1.64043
2.00758
1.51132
1.62561
1.80908
1.26338
1.29194
1.33776
1.21772
1.50251
1.55685
1.05573
0.572927
0.989157
0.897054
1.21695
1.33951
0.784792
0.681836
0.875967
0.470243
1.17176
1.37574
1.64849
1.73504
1.3079
0.833356
0.966362
1.35292
1.66115
1.20291
1.26159
1.10022
1.34375
1.49383
1.36895
1.01342
1.06423
1.11973
1.13132
0.715952
0.985213
1.33115
1.21861
1.2201
1.39131
1.25594
1.85862
1.5503
1.62078
2.17225
2.05732
1.72872
1.84459
1.8688
1.73761
1.53006
1.53293
1.37779
1.65925
1.86765
1.46444
1.68577
1.30057
1.46435
1.35108
1.41715
1.16834
1.23448
1.36713
1.47163
1.47053
1.59001
1.30027
1.50683
1.3857
1.60095
1.87918
1.95363
1.26402
1.24487
1.33605
1.84314
1.9387
1.87057
2.34847
2.11018
2.1443
1.81691
1.84527
1.80934
1.97096
1.45982
1.45151
1.63967
1.61618
1.60996
1.2227
1.33397
1.63718
1.38462
1.82019
1.55208
1.68193
1.39282
1.72195
1.56607
1.29272
1.80755
2.50471
2.31315
2.40572
2.09645
2.05956
2.80043
1.94794
1.73345
1.44138
1.39398
1.48286
1.4214
1.35065
1.46162
1.25767
1.20057
1.46005
1.68603
1.26372
0.923486
1.26735
1.55919
1.30143
1.08228
0.931727
0.731569
0.62512
0.458636
0.177844
0.611521
1.30781
1.51349
1.32731
0.984146
1.27186
1.12795
1.03389
0.623417
0.726006
0.874064
0.714122
0.733521
0.798909
1.09375
1.15041
1.38238
1.33471
1.25827
1.07989
1.18867
1.31224
1.20334
1.16699
1.02131
0.943752
0.949264
1.40213
1.28928
1.63765
2.24298
2.16317
2.03651
1.93573
2.19693
1.88313
1.34347
1.29304
1.10381
1.06662
1.41469
1.11269
0.991166
0.968909
1.08555
1.10002
1.32221
1.05
1.13032
1.17077
1.28292
1.4025
1.5729
1.08503
1.65921
1.96016
2.08873
1.95475
1.9846
1.74238
1.91358
1.80317
1.97637
1.67452
1.8013
1.20726
1.35722
1.41071
1.59633
1.78668
1.93631
2.04052
1.57071
1.52435
1.69462
1.31681
1.16465
1.15346
0.558517
0.272382
0.308275
0.511731
0.753477
1.10455
1.53073
1.29367
1.21821
1.47733
1.50785
0.957592
0.672887
0.817648
0.78442
0.667522
1.05283
0.937692
1.01985
1.09258
0.911685
1.02349
1.48172
1.41984
1.13576
1.45291
1.34197
1.38517
1.03109
0.989204
1.20412
1.00895
1.19601
1.37182
1.14269
1.25537
1.21908
1.29772
1.35921
1.29077
1.39435
1.53551
1.53218
1.40396
1.18323
1.13283
1.27216
1.34736
1.4077
1.53294
1.1167
0.761163
0.920535
0.423233
0.579396
0.72862
0.57382
0.702535
0.816327
1.30707
1.25292
0.606542
0.657634
0.866922
1.03354
0.844616
0.794499
1.00386
1.13775
1.39878
1.18505
0.825077
1.27954
1.45008
1.34718
1.17298
1.14522
0.92038
0.652483
1.18435
0.958694
1.02797
1.27705
1.47382
1.45724
1.36758
1.72718
1.47814
1.81918
1.85486
1.90808
1.64797
1.83789
1.62531
1.64096
1.70197
1.708
1.4382
1.3089
1.23516
0.961416
0.776613
1.02837
1.21701
1.21725
0.919852
1.03693
1.35215
1.17214
1.26759
1.17649
1.14902
0.89266
1.0121
0.943088
1.17274
1.506
1.34309
0.985124
0.833891
0.929119
1.39977
1.44765
1.55341
1.63711
1.43664
1.35893
1.66408
1.36338
1.63006
1.675
1.41698
1.26694
1.59372
1.39124
1.56145
1.24753
1.13416
0.960822
1.15782
0.945028
0.467325
0.629319
0.267136
0.767247
0.761132
1.03067
1.30402
1.38346
1.54165
1.33749
1.39585
0.984902
1.09328
1.20286
0.908103
0.763932
0.630815
0.723985
0.82632
1.10852
1.07492
1.21308
1.26663
1.17373
1.35727
1.17568
0.648912
0.83293
1.39889
1.39302
1.29743
1.08731
1.23894
1.52385
1.65462
1.11166
0.647359
0.835863
1.34451
1.14946
0.568002
1.29744
1.24286
0.790797
0.813617
1.40009
1.47078
0.960802
0.387725
0.42069
0.853959
0.920117
1.15053
0.905916
1.12176
0.957285
0.706215
0.370144
0.748459
0.552636
0.323819
0.508485
0.582292
0.892752
0.630095
0.6593
0.920429
0.495892
0.417042
0.415033
0.954978
0.800447
0.805149
0.997274
0.91074
0.752944
0.610512
1.03461
1.00511
1.24632
1.62941
1.66307
1.57835
1.51099
1.49893
1.59136
0.993446
0.859884
0.491296
0.474385
0.754474
0.610127
0.731621
0.563264
0.985414
1.0409
1.0089
1.0562
1.2236
1.02077
1.26115
1.41418
1.26688
0.840175
1.0028
0.966348
0.97054
1.02961
0.825302
1.28078
1.65063
1.87482
1.95871
1.99953
2.19636
1.50645
1.28513
1.14367
1.81474
2.1321
1.70178
1.53514
1.69405
1.84716
2.0127
2.01664
2.02364
2.31809
2.24665
2.21533
2.14188
1.78224
1.72099
1.55454
1.63057
1.464
1.49285
1.51387
2.00145
1.59259
1.60693
1.72281
1.87213
1.63334
1.93235
1.5917
1.58216
1.54137
1.85515
1.8267
2.18721
2.14514
1.97205
1.95207
1.68189
1.39973
1.42402
1.72351
1.32498
1.50918
1.34942
1.75383
1.66589
1.14267
1.17492
1.0587
1.65738
1.31762
1.48617
1.26366
1.30663
1.61899
1.68353
1.485
1.26463
0.90382
0.647842
0.924534
0.850893
1.27315
1.3858
1.54251
1.56142
1.44313
1.22017
1.36042
1.05995
1.0148
1.38449
1.92405
2.00835
2.08252
1.99032
2.14129
2.24558
2.02734
1.65161
1.25815
1.07539
1.22356
0.998571
0.910608
0.541171
0.776071
1.17005
0.873153
0.614648
0.501775
0.560149
0.732336
0.968311
1.40036
1.34827
1.06919
1.45478
1.65099
1.48025
1.64209
1.5918
1.34399
1.34727
1.18958
1.28842
1.7897
1.56373
1.46704
1.59284
1.41777
1.22664
1.19838
1.34359
1.19307
1.11336
0.847286
1.12378
0.722236
1.10163
0.833658
1.02831
0.889582
1.0063
0.795708
1.10024
1.06711
1.27973
1.25632
1.29651
1.17568
1.34084
1.27083
1.64029
1.38575
1.17757
1.36042
1.39201
1.66058
1.70845
1.30004
1.70656
1.9685
1.97931
1.93033
2.07401
1.85361
1.76037
2.21296
2.48942
2.39392
2.0708
2.5201
2.2612
2.35997
2.13139
2.303
1.58638
1.98031
1.75924
1.71075
1.72021
2.07081
1.95528
1.01401
0.806465
1.47089
1.10311
0.855112
0.84887
1.26201
1.35944
1.45548
0.981208
1.33011
1.58674
1.49141
1.94667
1.93239
1.71251
1.60805
1.54545
1.87424
1.52763
1.20222
1.45955
1.68711
1.66705
1.21552
1.12655
1.0808
1.21162
1.22332
1.2613
0.730688
1.20831
1.18432
0.976439
1.29506
1.75055
1.64959
1.71669
1.72224
1.92682
1.66359
1.39806
1.5515
1.65191
1.39023
1.54171
1.42434
2.04753
2.36892
2.15739
1.86112
1.64835
1.86981
1.66963
1.55297
1.80787
1.55686
1.79228
1.73182
2.03784
1.53124
1.32742
1.33009
1.26066
1.61081
1.52528
1.29093
1.46531
1.5996
1.41511
1.97657
1.83133
1.76251
1.21857
1.17731
1.46019
1.46713
1.46066
1.73299
1.72636
1.34901
1.72847
1.36476
1.1178
1.08369
1.42081
1.61707
1.77028
1.67484
1.86574
1.64349
1.68539
1.26891
1.49098
1.22562
1.10781
1.54186
1.49154
1.40274
1.45791
1.02448
0.980777
1.26974
1.32928
1.16082
1.04912
1.23261
0.900423
0.790712
1.19348
1.43564
0.926077
0.997929
1.02022
0.842683
0.979344
1.09124
1.41103
0.743417
1.29672
1.03215
0.728402
0.778279
0.92918
0.997237
1.01227
0.874885
1.26738
0.782724
1.1217
1.40386
1.31378
2.03493
2.29086
1.99829
2.03293
1.76795
1.55121
1.86919
1.70657
1.87237
1.63208
1.84899
1.5674
1.74883
1.87255
1.66152
1.45688
1.36413
1.14988
1.18596
0.991911
0.848708
1.04866
1.33557
1.33636
1.5955
1.32938
1.74909
1.72481
1.5961
1.45104
1.17446
0.883219
0.784358
1.17879
0.746967
0.929837
0.61122
0.57283
0.464284
0.661904
1.08035
1.3301
0.8818
0.731489
0.598461
1.20128
1.57393
1.46522
1.99807
1.95813
1.67016
1.54339
1.43433
1.63312
1.83732
1.77979
2.04623
2.45704
2.53313
2.04087
1.74333
1.58293
1.49911
1.39004
1.23895
1.01031
0.888
1.07423
1.44468
1.11249
1.02379
1.02841
0.789335
1.38765
1.5642
1.85736
1.48757
1.05846
1.24204
1.28584
1.10511
1.23195
1.28391
1.59143
1.65113
1.3553
1.24209
1.46369
1.27988
1.27287
1.42072
1.70487
1.53233
1.29827
0.990295
1.10597
0.774354
1.13444
0.944407
0.677301
0.552543
1.0491
0.556371
0.682036
0.887943
0.959394
0.936925
0.889453
1.08255
1.41663
1.27802
1.73274
1.47062
1.57791
1.48456
1.71839
1.25703
1.39636
1.61478
1.43672
1.62006
1.28643
1.19539
1.40413
1.48531
1.17092
1.12274
1.04029
1.25046
1.39416
1.56517
1.35624
1.33442
1.12026
0.677985
0.906548
1.03338
0.769378
1.00977
1.02016
0.7852
0.928002
1.05246
1.05401
1.22548
1.53701
1.86115
2.0039
1.6585
1.50414
1.17884
0.93788
1.21237
1.08554
0.843715
0.671368
0.667006
0.863613
1.01695
0.992295
0.995279
1.40837
0.812503
0.661166
0.910884
1.00822
0.721136
0.383757
0.538409
0.748175
0.573362
0.56093
0.834212
0.794605
0.60891
0.529421
0.867719
0.955169
1.41284
1.14031
1.34108
1.22092
1.48502
1.20258
1.09657
0.984405
0.6636
0.533349
0.844834
0.822639
0.477659
0.2856
0.49834
0.765413
1.11052
1.29982
1.44043
1.30909
1.53799
1.42655
1.59502
1.31184
1.32009
1.27268
1.07353
1.33178
1.14861
1.41005
1.02676
1.05909
0.950784
1.26047
1.09347
1.31273
1.40952
1.91431
1.75764
1.82893
1.87578
1.68168
2.06437
1.88816
1.82678
2.35744
2.5729
2.33436
2.32075
2.17824
1.7922
1.81249
1.63485
1.72043
1.53543
1.07719
1.28653
1.42976
1.62738
1.47585
1.24279
1.05686
1.33405
1.47532
1.13862
0.804645
0.680672
0.773581
0.656476
0.921006
1.1276
1.3227
1.21935
1.53247
1.42078
1.09012
1.26131
1.12845
0.959973
0.788559
1.21592
1.16621
1.24137
0.978224
0.645728
0.726943
1.18517
0.83666
1.00896
0.848226
0.803818
0.91438
1.03973
0.912591
1.57763
1.33916
1.64738
1.68401
1.47862
1.5176
1.50961
1.5101
1.37066
1.43973
1.39574
1.5423
2.16286
2.33762
1.88845
1.90783
1.99311
1.97919
2.18965
1.69091
1.68666
1.37935
1.32054
1.7911
0.763428
0.956797
1.41648
1.46467
1.56891
1.55807
1.68187
1.96735
1.89953
1.78428
1.52648
1.57097
1.56106
1.2926
1.22363
1.28102
1.60575
1.59351
1.2746
1.21165
1.71465
2.17518
2.15693
1.92274
1.78746
2.04934
2.05628
1.98155
2.32547
2.55243
2.47493
2.15502
2.23085
2.23125
1.86822
1.85438
1.74724
2.40969
2.38514
2.11735
1.81561
1.71681
1.37271
1.22172
1.47806
1.58611
2.05689
2.0109
1.73051
1.73095
1.47867
1.8978
1.88481
2.18004
2.05516
1.69157
1.18585
1.62738
1.47551
1.43538
1.24913
1.30895
1.45123
1.41379
1.95629
1.9187
1.40226
1.27715
1.30814
1.09228
1.13423
0.854556
1.15022
1.18788
1.38217
1.43834
1.27469
1.39033
1.06634
1.08281
1.13756
0.874195
1.03505
1.21363
0.977741
0.930042
1.41494
1.58525
1.90459
1.54968
1.86707
1.67335
1.79076
1.80505
1.64056
1.6839
1.34337
1.46292
1.23817
1.4796
1.31606
1.24234
1.25665
1.5976
1.68241
1.96628
1.79764
1.95408
2.4091
2.61675
2.34388
2.46786
1.94549
1.92579
1.77945
1.14764
0.85509
1.27592
1.09127
1.02491
0.989261
1.57383
1.46562
1.2779
1.41444
1.20408
1.10994
1.45706
1.42233
2.18475
2.59212
2.37438
1.66821
1.75008
2.01894
1.5899
1.21082
1.44644
1.7739
1.0206
1.23808
0.830896
1.01233
1.11978
1.18158
1.29582
1.50456
1.39957
1.45496
1.33942
1.0921
1.19118
1.11217
1.42755
0.967512
0.916811
1.33342
1.49335
1.58353
1.8087
1.802
1.39456
1.44932
1.38436
1.35886
1.28895
1.43794
1.26216
1.65171
1.56094
1.89823
1.50316
1.48124
1.82807
1.46951
1.45543
1.58478
1.81003
1.44967
1.63282
1.49067
1.19126
1.45471
1.36539
1.31335
1.1202
1.02045
1.10136
1.11415
0.995701
1.21337
1.23934
1.19307
1.35041
1.46546
1.41587
1.18931
0.696464
0.793149
0.855983
0.989863
1.17205
0.815516
0.804809
0.618881
0.697863
0.725927
0.985406
0.963707
1.67094
1.28908
1.07418
1.04744
0.754192
0.915086
0.81442
0.769301
1.28086
1.23833
1.40692
0.981103
1.13092
1.32384
1.19221
1.60874
1.47467
1.20775
1.46349
1.7959
1.92265
1.5635
1.50668
1.51564
1.69112
1.58161
1.18482
0.960388
1.75543
1.89485
2.20735
2.27667
2.16342
1.91092
1.80865
1.73889
1.79079
1.91005
1.6199
1.22864
1.49896
1.61438
1.38829
1.47193
1.28394
0.99664
0.72565
0.740005
0.951186
1.16017
1.36877
1.2774
1.61464
1.42171
1.38224
1.42685
1.36249
1.28233
1.21262
0.940539
0.702235
0.744802
0.841738
1.09104
1.26982
1.79238
1.54415
1.57652
1.43794
1.7298
1.46139
1.28318
1.37531
1.39617
1.3898
1.39756
1.2728
0.943681
1.39598
1.97233
2.02561
1.79686
1.22049
0.797053
0.482657
0.595371
0.49419
0.165612
0.648516
1.16841
0.785681
0.805115
1.37138
1.37255
1.20121
1.0318
1.14531
0.959188
1.03419
1.43624
1.60414
1.52836
1.58151
1.68391
1.61596
1.54179
1.41599
1.50627
1.02702
1.17232
0.813972
0.879107
0.864216
0.820943
0.903234
0.910144
1.23552
1.27276
1.14945
1.28525
1.2456
1.3974
1.47103
1.58364
1.36563
1.46178
1.69763
1.46539
0.718885
1.48409
1.41804
1.25986
1.18504
1.25894
1.69685
0.844325
0.600294
0.511681
0.784087
0.860373
0.660627
1.12648
1.17977
1.27804
0.869001
0.917558
1.13339
1.26292
1.56501
1.62987
1.44908
1.10678
1.46807
1.45544
1.88847
2.04647
1.76327
1.75868
1.74926
1.39984
1.23851
1.57197
1.429
1.01686
1.45625
1.73811
1.87142
1.44606
1.19183
1.10825
1.1
1.14819
0.754982
1.01538
1.02738
0.931336
0.516091
0.674187
0.56875
0.755513
0.949345
0.805918
1.06943
0.661713
0.681175
0.7935
0.433655
0.452669
0.212806
0.19409
0.0173349
0.254647
0.453127
0.613262
0.577801
0.865085
0.610104
0.668043
0.509774
0.673343
0.571156
0.28628
0.507469
0.541485
0.529749
0.841472
1.20753
1.30292
1.01256
0.939534
0.761435
0.54572
0.597382
0.505626
0.279591
0.160439
0.146186
0.417857
0.370248
0.4532
0.699346
0.353992
0.324204
0.31215
0.381471
0.478708
1.01103
0.926714
0.845861
1.15074
1.6703
1.34197
1.02658
0.726857
0.456023
0.562188
0.699029
0.583903
0.898236
0.76724
0.393301
0.860479
1.00856
1.05764
0.641695
1.196
1.41272
1.35576
1.25195
1.41241
1.53338
1.66535
1.42617
1.89402
1.50218
1.34407
1.07221
0.958854
1.28446
1.27683
