1 -5.50214 -5.50214 0
2 -5.44318 -5.47266 0.0294784
3 -5.46795 -5.47109 0.0170915
4 -5.46589 -5.46979 0.0121552
5 -5.45994 -5.46782 0.00961923
6 -5.48989 -5.4715 0.00867298
7 -5.48136 -5.47291 0.00746418
8 -5.46269 -5.47163 0.00658914
9 -5.46333 -5.47071 0.00588372
10 -5.45061 -5.4687 0.00563312
11 -5.47806 -5.46955 0.00516588
12 -5.45166 -5.46806 0.00494584
13 -5.4508 -5.46673 0.0047393
14 -5.49254 -5.46857 0.00475931
15 -5.48936 -5.46996 0.00464224
16 -5.4579 -5.46921 0.00440733
17 -5.45771 -5.46853 0.0041948
18 -5.45534 -5.4678 0.00402221
19 -5.50564 -5.46979 0.00429447
20 -5.48962 -5.47078 0.004193
21 -5.47622 -5.47104 0.00399675
22 -5.49065 -5.47193 0.00391364
23 -5.50766 -5.47349 0.00404938
24 -5.47062 -5.47337 0.00387882
25 -5.48389 -5.47379 0.00374417
26 -5.46542 -5.47346 0.00361164
27 -5.42902 -5.47182 0.00384548
28 -5.48339 -5.47223 0.00372858
29 -5.47945 -5.47248 0.00360632
30 -5.4678 -5.47233 0.00348752
31 -5.46462 -5.47208 0.00338228
32 -5.50648 -5.47315 0.00344683
33 -5.44584 -5.47232 0.00344177
34 -5.46117 -5.472 0.00335508
35 -5.47642 -5.47212 0.00326026
36 -5.45525 -5.47165 0.00320289
37 -5.46002 -5.47134 0.00313095
38 -5.45313 -5.47086 0.00308488
39 -5.42249 -5.46962 0.00325067
40 -5.45745 -5.46932 0.00318293
41 -5.4649 -5.46921 0.0031062
42 -5.47246 -5.46929 0.00303233
43 -5.47017 -5.46931 0.00296104
44 -5.48245 -5.4696 0.00290834
45 -5.48221 -5.46988 0.00285675
46 -5.45716 -5.46961 0.00280762
47 -5.46272 -5.46946 0.00275114
48 -5.46646 -5.4694 0.00269395
49 -5.44882 -5.46898 0.0026716
50 -5.47785 -5.46916 0.00262363
51 -5.48716 -5.46951 0.0025958
52 -5.46844 -5.46949 0.00254547
53 -5.50346 -5.47013 0.00257794
54 -5.42077 -5.46922 0.00268985
55 -5.48075 -5.46943 0.00264881
56 -5.48088 -5.46963 0.00260912
57 -5.4553 -5.46938 0.00257523
58 -5.47374 -5.46945 0.00253156
59 -5.46744 -5.46942 0.00248851
60 -5.463 -5.46931 0.00244902
61 -5.47136 -5.46935 0.00240877
62 -5.45827 -5.46917 0.00237633
63 -5.46329 -5.46907 0.00234017
64 -5.4823 -5.46928 0.00231256
65 -5.44966 -5.46898 0.00229663
66 -5.49098 -5.46931 0.00228602
67 -5.45071 -5.46903 0.0022687
68 -5.47927 -5.46919 0.00224015
69 -5.45158 -5.46893 0.00222214
70 -5.4744 -5.46901 0.00219156
71 -5.43902 -5.46859 0.00220138
72 -5.47201 -5.46863 0.00217111
73 -5.48398 -5.46884 0.00215146
74 -5.44595 -5.46853 0.00214462
75 -5.46099 -5.46843 0.00211822
76 -5.48003 -5.46859 0.00209572
77 -5.46809 -5.46858 0.00206833
78 -5.49129 -5.46887 0.0020623
79 -5.45223 -5.46866 0.0020469
80 -5.46193 -5.46858 0.0020229
81 -5.46676 -5.46855 0.0019979
82 -5.46494 -5.46851 0.00197388
83 -5.45458 -5.46834 0.00195716
84 -5.48506 -5.46854 0.00194394
85 -5.46577 -5.46851 0.00192121
86 -5.47322 -5.46856 0.00189952
87 -5.48286 -5.46873 0.00188475
88 -5.46332 -5.46867 0.00186422
89 -5.44955 -5.46845 0.00185562
90 -5.44259 -5.46816 0.00185726
91 -5.47866 -5.46828 0.00184035
92 -5.44819 -5.46806 0.00183329
93 -5.46289 -5.46801 0.00181432
94 -5.44997 -5.46781 0.00180514
95 -5.47239 -5.46786 0.00178669
96 -5.46649 -5.46785 0.00176804
97 -5.4819 -5.46799 0.0017557
98 -5.45673 -5.46788 0.00174149
99 -5.46806 -5.46788 0.00172381
100 -5.45246 -5.46772 0.00171343
