0.0128248 0 0
0.0384745 0 0
0.0641241 0 0
0.0897737 0 0
0.115423 0 0
0.141073 0 0
0.166723 0 0
0.192372 0 0
0.218022 0 0
0.243672 0 0
0.269321 0 0
0.294971 0 0
0.32062 0 0
0.34627 0 0
0.37192 0 0
0.397569 0 0
0.423219 0 0
0.448869 0 0
0.474518 0 0
0.500168 0 0
0.525818 0 0
0.551467 0 0
0.577117 0 0
0.602767 0 0
0.628416 0 0
0.654066 0 0
0.679715 0 0
0.705365 0 0
0.731015 0 0
0.756664 0 0
0.782314 0 0
0.807964 0 0
0.833613 0 0
0.859263 1.65344e-05 5.53915e-06
0.884913 0.00129213 5.63969e-05
0.910562 0.0242747 0.000258478
0.936212 0.164479 0.00082412
0.961861 0.562455 0.00175767
0.987511 1.19605 0.00236021
1.01316 1.85807 0.00281554
1.03881 2.33308 0.00283096
1.06446 2.55185 0.00247915
1.09011 2.55026 0.00219449
1.11576 2.41176 0.00218447
1.14141 2.20383 0.00214525
1.16706 1.97586 0.00211579
1.19271 1.7576 0.00205833
1.21836 1.56251 0.00179996
1.24401 1.39177 0.00195186
1.26966 1.24652 0.00179511
1.29531 1.12588 0.00165071
1.32096 1.02264 0.00150616
1.34661 0.941787 0.00140691
1.37226 0.87315 0.001189
1.39791 0.819154 0.00115079
1.42355 0.774636 0.000885779
1.4492 0.738308 0.00101854
1.47485 0.711308 0.00110018
1.5005 0.691518 0.00113962
1.52615 0.678229 0.00105478
1.5518 0.669166 0.00113644
1.57745 0.668264 0.00106184
1.6031 0.674221 0.000954802
1.62875 0.683858 0.00102789
1.6544 0.700323 0.00111394
1.68005 0.720113 0.000983819
1.7057 0.74786 0.000903387
1.73135 0.778403 0.00103163
1.757 0.813456 0.00100729
1.78265 0.852167 0.00101897
1.8083 0.893192 0.00104424
1.83395 0.935022 0.00111661
1.8596 0.977696 0.00134358
1.88525 1.01894 0.00113249
1.9109 1.05959 0.0011162
1.93655 1.09711 0.00121039
1.9622 1.13085 0.00103529
1.98785 1.16173 0.00100518
2.0135 1.18744 0.00106276
2.03915 1.20594 0.000993087
2.0648 1.21471 0.000927689
2.09045 1.21596 0.000924287
2.1161 1.20918 0.000951076
2.14174 1.19576 0.000989087
2.16739 1.17555 0.00104628
2.19304 1.15257 0.000884181
2.21869 1.12462 0.00111421
2.24434 1.09728 0.00103305
2.26999 1.06655 0.000967058
2.29564 1.04074 0.00100847
2.32129 1.01335 0.000864359
2.34694 0.987907 0.000946506
2.37259 0.966784 0.000914938
2.39824 0.946887 0.00090031
2.42389 0.930175 0.000818061
2.44954 0.916718 0.000791457
2.47519 0.907623 0.000789573
2.50084 0.893725 0.000837599
2.52649 0.884964 0.000811402
2.55214 0.884221 0.000813147
