1 1.23049 1.23049 0
2 1.43083 1.33066 0.100173
3 1.36606 1.34246 0.0590265
4 1.38786 1.35381 0.0432536
5 1.44425 1.3719 0.0380748
6 1.25406 1.35226 0.0367715
7 1.34047 1.35057 0.0311232
8 1.47307 1.36589 0.0309993
9 1.40606 1.37035 0.0277008
10 1.47891 1.38121 0.0270504
11 1.36689 1.3799 0.0245026
12 1.45471 1.38614 0.0232201
13 1.45243 1.39124 0.0219597
14 1.23507 1.38008 0.0231898
15 1.26663 1.37252 0.0228752
16 1.40579 1.3746 0.0214985
17 1.46762 1.38007 0.0209225
18 1.42457 1.38254 0.0198803
19 1.13714 1.36963 0.0228132
20 1.24023 1.36316 0.0225888
21 1.40642 1.36522 0.0215848
22 1.30452 1.36246 0.0207644
23 1.17144 1.35415 0.0215092
24 1.38394 1.35539 0.0206308
25 1.30793 1.3535 0.0198793
26 1.37523 1.35433 0.0191177
27 1.53624 1.36107 0.0195909
28 1.24223 1.35682 0.0193495
29 1.29932 1.35484 0.0187753
30 1.3772 1.35559 0.018154
31 1.36934 1.35603 0.0175642
32 1.20994 1.35147 0.0176086
33 1.46997 1.35506 0.0174403
34 1.41397 1.35679 0.0170081
35 1.3221 1.3558 0.0165447
36 1.41302 1.35739 0.016157
37 1.40556 1.35869 0.0157681
38 1.47183 1.36167 0.0156336
39 1.60301 1.36786 0.0164369
40 1.49999 1.37116 0.0163577
41 1.39677 1.37178 0.015966
42 1.33186 1.37083 0.0156102
43 1.39139 1.37131 0.0152503
44 1.29811 1.36965 0.0149923
45 1.2903 1.36788 0.0147611
46 1.46762 1.37005 0.0145985
47 1.44962 1.37175 0.0143845
48 1.42509 1.37286 0.0141254
49 1.42794 1.37398 0.0138797
50 1.31591 1.37282 0.0136488
51 1.26086 1.37062 0.0135574
52 1.35321 1.37029 0.0132984
53 1.21742 1.3674 0.0133601
54 1.62987 1.37227 0.0139823
55 1.29868 1.37093 0.0137908
56 1.34274 1.37042 0.0135517
57 1.4329 1.37152 0.0133568
58 1.34563 1.37107 0.0131321
59 1.41709 1.37185 0.0129312
60 1.36022 1.37166 0.0127153
61 1.32014 1.37082 0.0125336
62 1.42821 1.37174 0.0123645
63 1.41062 1.37236 0.0121823
64 1.3507 1.37202 0.0119952
65 1.44724 1.37318 0.0118658
66 1.21188 1.37073 0.0119375
67 1.45377 1.37197 0.0118231
68 1.33687 1.37146 0.0116593
69 1.47959 1.37302 0.0115955
70 1.35256 1.37273 0.0114324
71 1.54236 1.37512 0.0115207
72 1.40164 1.37549 0.0113655
73 1.30265 1.37449 0.0112531
74 1.43876 1.37536 0.0111339
75 1.37439 1.37535 0.0109844
76 1.32035 1.37462 0.0108631
77 1.37407 1.37461 0.0107211
78 1.27012 1.37328 0.0106672
79 1.44933 1.37424 0.0105752
80 1.43075 1.37494 0.010466
81 1.37496 1.37494 0.010336
82 1.40064 1.37526 0.010214
83 1.44735 1.37613 0.0101275
84 1.26447 1.3748 0.0100941
85 1.42567 1.3754 0.0099926
86 1.34464 1.37504 0.0098822
87 1.35238 1.37478 0.00977142
88 1.47629 1.37593 0.00972837
89 1.45317 1.3768 0.00965751
90 1.56208 1.37886 0.00976899
91 1.33037 1.37832 0.00967573
92 1.51657 1.37983 0.00968723
93 1.43206 1.38039 0.00959895
94 1.46528 1.38129 0.00953912
95 1.34585 1.38092 0.00944555
96 1.37167 1.38082 0.00934714
97 1.31551 1.38015 0.00927475
98 1.42209 1.38058 0.00918959
99 1.38733 1.38065 0.00909655
100 1.44912 1.38133 0.00903112
