15 6490
14.985 6482
14.97 6431
14.955 6469
14.94 6476
14.925 6434
14.91 6455
14.895 6491
14.88 6468
14.865 6478
14.85 6443
14.835 6418
14.82 6463
14.805 6473
14.79 6439
14.775 6440
14.76 6407
14.745 6464
14.73 6416
14.715 6440
14.7 6426
14.685 6455
14.67 6424
14.655 6466
14.64 6444
14.625 6431
14.61 6440
14.595 6434
14.58 6472
14.565 6412
14.55 6440
14.535 6417
14.52 6465
14.505 6460
14.49 6388
14.475 6459
14.46 6487
14.445 6408
14.43 6450
14.415 6425
14.4 6405
14.385 6419
14.37 6419
14.355 6456
14.34 6438
14.325 6436
14.31 6452
14.295 6451
14.28 6445
14.265 6404
14.25 6399
14.235 6411
14.22 6405
14.205 6415
14.19 6475
14.175 6402
14.16 6393
14.145 6420
14.13 6396
14.115 6441
14.1 6412
14.085 6432
14.07 6426
14.055 6401
14.04 6442
14.025 6430
14.01 6410
13.995 6410
13.98 6421
13.965 6417
13.95 6413
13.935 6465
13.92 6401
13.905 6416
13.89 6421
13.875 6419
13.86 6352
13.845 6422
13.83 6480
13.815 6396
13.8 6365
13.785 6427
13.77 6417
13.755 6362
13.74 6375
13.725 6412
13.71 6388
13.695 6400
13.68 6416
13.665 6407
13.65 6423
13.635 6379
13.62 6412
13.605 6413
13.59 6434
13.575 6387
13.56 6401
13.545 6394
13.53 6398
13.515 6383
13.5 6382
13.485 6397
13.47 6424
13.455 6374
13.44 6406
13.425 6380
13.41 6388
13.395 6382
13.38 6393
13.365 6299
13.35 6383
13.335 6407
13.32 6378
13.305 6429
13.29 6345
13.275 6332
13.26 6350
13.245 6375
13.23 6357
13.215 6352
13.2 6334
13.185 6386
13.17 6355
13.155 6356
13.14 6391
13.125 6379
13.11 6335
13.095 6278
13.08 6373
13.065 6370
13.05 6368
13.035 6407
13.02 6443
13.005 6388
12.99 6404
12.975 6364
12.96 6378
12.945 6390
12.93 6352
12.915 6356
12.9 6386
12.885 6345
12.87 6388
12.855 6334
12.84 6375
12.825 6349
12.81 6325
12.795 6307
12.78 6355
12.765 6332
12.75 6388
12.735 6322
12.72 6387
12.705 6374
12.69 6344
12.675 6371
12.66 6372
12.645 6297
12.63 6411
12.615 6320
12.6 6284
12.585 6366
12.57 6383
12.555 6316
12.54 6373
12.525 6347
12.51 6347
12.495 6362
12.48 6309
12.465 6328
12.45 6277
12.435 6353
12.42 6368
12.405 6328
12.39 6354
12.375 6368
12.36 6374
12.345 6313
12.33 6312
12.315 6371
12.3 6340
12.285 6346
12.27 6342
12.255 6340
12.24 6321
12.225 6274
12.21 6335
12.195 6315
12.18 6312
12.165 6303
12.15 6345
12.135 6346
12.12 6318
12.105 6365
12.09 6344
12.075 6320
12.06 6323
12.045 6349
12.03 6379
12.015 6326
12 6301
11.985 6339
11.97 6331
11.955 6296
11.94 6291
11.925 6352
11.91 6346
11.895 6299
11.88 6308
11.865 6325
11.85 6309
11.835 6275
11.82 6286
11.805 6303
11.79 6287
11.775 6327
11.76 6228
11.745 6325
11.73 6311
11.715 6267
11.7 6258
11.685 6232
11.67 6319
11.655 6268
11.64 6306
11.625 6297
11.61 6307
11.595 6261
11.58 6248
11.565 6303
11.55 6294
11.535 6285
11.52 6339
11.505 6279
11.49 6259
11.475 6291
11.46 6319
11.445 6262
11.43 6340
11.415 6339
11.4 6322
11.385 6294
11.37 6322
11.355 6311
11.34 6303
11.325 6300
11.31 6289
11.295 6291
11.28 6249
11.265 6306
11.25 6278
11.235 6287
11.22 6218
11.205 6274
11.19 6245
11.175 6295
11.16 6289
11.145 6226
11.13 6218
11.115 6294
11.1 6290
11.085 6309
11.07 6275
11.055 6331
11.04 6272
11.025 6234
11.01 6273
10.995 6285
10.98 6291
10.965 6248
10.95 6267
10.935 6253
10.92 6259
10.905 6250
10.89 6253
10.875 6262
10.86 6260
10.845 6228
10.83 6271
10.815 6286
10.8 6202
10.785 6244
10.77 6181
10.755 6223
10.74 6275
10.725 6216
10.71 6235
10.695 6230
10.68 6256
10.665 6210
10.65 6210
10.635 6224
10.62 6246
10.605 6196
10.59 6240
10.575 6237
10.56 6240
10.545 6242
10.53 6199
10.515 6222
10.5 6242
10.485 6201
10.47 6223
10.455 6249
10.44 6204
10.425 6202
10.41 6223
10.395 6188
10.38 6229
10.365 6242
10.35 6230
10.335 6238
10.32 6195
10.305 6196
10.29 6254
10.275 6158
10.26 6167
10.245 6147
10.23 6220
10.215 6196
10.2 6153
10.185 6159
10.17 6200
10.155 6207
10.14 6202
10.125 6169
10.11 6222
10.095 6146
10.08 6208
10.065 6159
10.05 6135
10.035 6198
10.02 6205
10.005 6221
9.99 6154
9.975 6197
9.96 6206
9.945 6150
9.93 6206
9.915 6163
9.9 6201
9.885 6207
9.87 6231
9.855 6126
9.84 6126
9.825 6127
9.81 6221
9.795 6124
9.78 6224
9.765 6149
9.75 6156
9.735 6138
9.72 6189
9.705 6093
9.69 6176
9.675 6139
9.66 6127
9.645 6177
9.63 6161
9.615 6152
9.6 6218
9.585 6201
9.57 6124
9.555 6181
9.54 6172
9.525 6098
9.51 6143
9.495 6143
9.48 6239
9.465 6138
9.45 6108
9.435 6132
9.42 6129
9.405 6090
9.39 6122
9.375 6115
9.36 6092
9.345 6141
9.33 6164
9.315 6151
9.3 6111
9.285 6125
9.27 6164
9.255 6119
9.24 6120
9.225 6117
9.21 6086
9.195 6095
9.18 6062
9.165 6156
9.15 6117
9.135 6113
9.12 6021
9.105 6072
9.09 6191
9.075 6076
9.06 6091
9.045 6106
9.03 6087
9.015 6116
9 6167
8.985 6102
8.97 6040
8.955 6064
8.94 6035
8.925 6152
8.91 6060
8.895 6140
8.88 6125
8.865 6030
8.85 6035
8.835 6107
8.82 6111
8.805 6082
8.79 6050
8.775 6064
8.76 6048
8.745 6075
8.73 6024
8.715 6026
8.7 6062
8.685 6073
8.67 6056
8.655 6101
8.64 6045
8.625 6045
8.61 6021
8.595 6059
8.58 6004
8.565 6124
8.55 6066
8.535 6044
8.52 6042
8.505 6085
8.49 6035
8.475 5955
8.46 6065
8.445 6056
8.43 6048
8.415 6066
8.4 5979
8.385 6047
8.37 6011
8.355 6039
8.34 6041
8.325 5964
8.31 6002
8.295 6006
8.28 5985
8.265 6010
8.25 6050
8.235 5992
8.22 5971
8.205 6023
8.19 6045
8.175 6036
8.16 5971
8.145 6035
8.13 5930
8.115 6001
8.1 6002
8.085 6078
8.07 6001
8.055 5943
8.04 5954
8.025 5973
8.01 6002
7.995 6000
7.98 6006
7.965 5953
7.95 5956
7.935 5963
7.92 6010
7.905 5985
7.89 5952
7.875 6018
7.86 5998
7.845 5909
7.83 5963
7.815 6001
7.8 5902
7.785 5950
7.77 5948
7.755 5942
7.74 6023
7.725 5975
7.71 5937
7.695 6003
7.68 5961
7.665 5950
7.65 5937
7.635 5923
7.62 5996
7.605 5966
7.59 5922
7.575 5936
7.56 5912
7.545 5911
7.53 5941
7.515 5919
7.5 5899
7.485 5897
7.47 5908
7.455 5971
7.44 5926
7.425 5896
7.41 5973
7.395 5875
7.38 5919
7.365 5877
7.35 5891
7.335 5934
7.32 5886
7.305 5870
7.29 5911
7.275 5929
7.26 5829
7.245 5888
7.23 5918
7.215 5838
7.2 5818
7.185 5889
7.17 5824
7.155 5894
7.14 5898
7.125 5870
7.11 5896
7.095 5878
7.08 5907
7.065 5793
7.05 5907
7.035 5817
7.02 5880
7.005 5851
6.99 5938
6.975 5833
6.96 5854
6.945 5796
6.93 5707
6.915 5802
6.9 5809
6.885 5859
6.87 5813
6.855 5822
6.84 5777
6.825 5766
6.81 5807
6.795 5882
6.78 5790
6.765 5761
6.75 5811
6.735 5777
6.72 5829
6.705 5782
6.69 5800
6.675 5759
6.66 5821
6.645 5841
6.63 5789
6.615 5854
6.6 5799
6.585 5754
6.57 5824
6.555 5781
6.54 5745
6.525 5773
6.51 5825
6.495 5762
6.48 5810
6.465 5742
6.45 5749
6.435 5699
6.42 5748
6.405 5789
6.39 5716
6.375 5778
6.36 5714
6.345 5747
6.33 5724
6.315 5747
6.3 5691
6.285 5775
6.27 5697
6.255 5759
6.24 5703
6.225 5667
6.21 5654
6.195 5777
6.18 5662
6.165 5660
6.15 5708
6.135 5678
6.12 5688
6.105 5713
6.09 5689
6.075 5701
6.06 5670
6.045 5652
6.03 5682
6.015 5659
6 5661
5.985 5686
5.97 5646
5.955 5623
5.94 5720
5.925 5649
5.91 5666
5.895 5669
5.88 5638
5.865 5681
5.85 5624
5.835 5675
5.82 5608
5.805 5579
5.79 5719
5.775 5569
5.76 5626
5.745 5576
5.73 5567
5.715 5604
5.7 5677
5.685 5598
5.67 5573
5.655 5636
5.64 5490
5.625 5614
5.61 5596
5.595 5612
5.58 5545
5.565 5620
5.55 5459
5.535 5529
5.52 5588
5.505 5592
5.49 5655
5.475 5517
5.46 5582
5.445 5523
5.43 5592
5.415 5553
5.4 5457
5.385 5592
5.37 5596
5.355 5510
5.34 5504
5.325 5555
5.31 5470
5.295 5562
5.28 5496
5.265 5498
5.25 5514
5.235 5510
5.22 5510
5.205 5459
5.19 5407
5.175 5476
5.16 5459
5.145 5478
5.13 5477
5.115 5453
5.1 5501
5.085 5481
5.07 5479
5.055 5453
5.04 5521
5.025 5394
5.01 5350
4.995 5361
4.98 5493
4.965 5464
4.95 5426
4.935 5359
4.92 5487
4.905 5361
4.89 5399
4.875 5455
4.86 5367
4.845 5406
4.83 5339
4.815 5445
4.8 5421
4.785 5372
4.77 5352
4.755 5443
4.74 5371
4.725 5367
4.71 5352
4.695 5376
4.68 5311
4.665 5244
4.65 5288
4.635 5316
4.62 5314
4.605 5326
4.59 5338
4.575 5331
4.56 5255
4.545 5364
4.53 5267
4.515 5284
4.5 5267
4.485 5353
4.47 5242
4.455 5249
4.44 5231
4.425 5325
4.41 5316
4.395 5172
4.38 5172
4.365 5282
4.35 5147
4.335 5204
4.32 5235
4.305 5269
4.29 5172
4.275 5173
4.26 5188
4.245 5109
4.23 5292
4.215 5218
4.2 5179
4.185 5137
4.17 5143
4.155 5130
4.14 5171
4.125 5116
4.11 5142
4.095 5178
4.08 5094
4.065 5216
4.05 5077
4.035 5102
4.02 5091
4.005 5082
3.99 4964
3.975 4971
3.96 5055
3.945 4988
3.93 5088
3.915 4948
3.9 5071
3.885 5022
3.87 4977
3.855 5014
3.84 5020
3.825 5001
3.81 4927
3.795 4965
3.78 4944
3.765 4966
3.75 4991
3.735 5002
3.72 4919
3.705 4940
3.69 4903
3.675 4830
3.66 4883
3.645 4956
3.63 4836
3.615 4916
3.6 4830
3.585 4881
3.57 4893
3.555 4999
3.54 4836
3.525 4874
3.51 4871
3.495 4945
3.48 4868
3.465 4756
3.45 4766
3.435 4789
3.42 4841
3.405 4843
3.39 4779
3.375 4762
3.36 4861
3.345 4647
3.33 4779
3.315 4798
3.3 4771
3.285 4773
3.27 4726
3.255 4738
3.24 4699
3.225 4774
3.21 4625
3.195 4764
3.18 4724
3.165 4658
3.15 4733
3.135 4717
3.12 4692
3.105 4662
3.09 4615
3.075 4639
3.06 4633
3.045 4585
3.03 4613
3.015 4605
3 4448
2.985 4498
2.97 4581
2.955 4545
2.94 4488
2.925 4493
2.91 4434
2.895 4420
2.88 4475
2.865 4416
2.85 4420
2.835 4478
2.82 4394
2.805 4416
2.79 4383
2.775 4414
2.76 4515
2.745 4459
2.73 4442
2.715 4341
2.7 4435
2.685 4309
2.67 4393
2.655 4383
2.64 4314
2.625 4376
2.61 4255
2.595 4274
2.58 4237
2.565 4172
2.55 4234
2.535 4294
2.52 4226
2.505 4247
2.49 4255
2.475 4296
2.46 4300
2.445 4197
2.43 4184
2.415 4119
2.4 4011
2.385 4079
2.37 4195
2.355 4184
2.34 4086
2.325 4081
2.31 4101
2.295 4061
2.28 3994
2.265 3960
2.25 4038
2.235 3959
2.22 4106
2.205 3917
2.19 4035
2.175 3933
2.16 3881
2.145 3966
2.13 3886
2.115 3853
2.1 3936
2.085 3914
2.07 3926
2.055 3858
2.04 3803
2.025 3816
2.01 3730
1.995 3752
1.98 3718
1.965 3727
1.95 3697
1.935 3777
1.92 3792
1.905 3632
1.89 3676
1.875 3736
1.86 3648
1.845 3743
1.83 3641
1.815 3581
1.8 3565
1.785 3625
1.77 3459
1.755 3588
1.74 3475
1.725 3607
1.71 3536
1.695 3402
1.68 3402
1.665 3451
1.65 3386
1.635 3392
1.62 3311
1.605 3286
1.59 3369
1.575 3276
1.56 3332
1.545 3238
1.53 3360
1.515 3272
1.5 3214
1.485 3235
1.47 3275
1.455 3321
1.44 3271
1.425 3219
1.41 3207
1.395 3109
1.38 3105
1.365 3071
1.35 3117
1.335 3149
1.32 3154
1.305 3051
1.29 2891
1.275 3047
1.26 3033
1.245 3081
1.23 2962
1.215 2996
1.2 2925
1.185 2884
1.17 3016
1.155 2815
1.14 2892
1.125 2773
1.11 2876
1.095 2813
1.08 2710
1.065 2882
1.05 2757
1.035 2685
1.02 2723
1.005 2750
0.99 2656
0.975 2668
0.96 2601
0.945 2672
0.93 2667
0.915 2683
0.9 2609
0.885 2670
0.87 2541
0.855 2706
0.84 2597
0.825 2563
0.81 2536
0.795 2548
0.78 2489
0.765 2468
0.75 2523
0.735 2503
0.72 2471
0.705 2491
0.69 2456
0.675 2444
0.66 2501
0.645 2394
0.63 2407
0.615 2387
0.6 2452
0.585 2461
0.57 2366
0.555 2308
0.54 2347
0.525 2295
0.51 2297
0.495 2374
0.48 2288
0.465 2241
0.45 2290
0.435 2298
0.42 2286
0.405 2215
0.39 2292
0.375 2272
0.36 2262
0.345 2300
0.33 2207
0.315 2234
0.3 2242
0.285 2249
0.27 2228
0.255 2134
0.24 2183
0.225 2224
0.21 2120
0.195 2135
0.18 2170
0.165 2125
0.15 2108
0.135 2103
0.12 2187
0.105 2092
0.09 2013
0.075 2014
0.06 2094
0.045 2046
0.03 2045
0.015 2095
