1 1.38713 1.38713 0
2 1.38713 1.38713 2.31419e-06
3 1.38713 1.38713 1.35223e-06
4 1.38705 1.38711 1.93899e-05
5 1.38699 1.38709 2.85541e-05
6 1.38695 1.38706 3.31252e-05
7 1.3869 1.38704 3.61922e-05
8 1.38686 1.38702 3.85634e-05
9 1.38691 1.38701 3.60376e-05
10 1.38692 1.387 3.35009e-05
11 1.38698 1.387 3.03707e-05
12 1.38707 1.387 2.83984e-05
13 1.38704 1.38701 2.6323e-05
14 1.38705 1.38701 2.45627e-05
15 1.38703 1.38701 2.29033e-05
16 1.38704 1.38701 2.14827e-05
17 1.38712 1.38702 2.10801e-05
18 1.38718 1.38703 2.18751e-05
19 1.38712 1.38703 2.1265e-05
20 1.3871 1.38704 2.04563e-05
21 1.38712 1.38704 1.99141e-05
22 1.38711 1.38704 1.92929e-05
23 1.38705 1.38704 1.8442e-05
24 1.387 1.38704 1.77648e-05
25 1.38702 1.38704 1.70706e-05
26 1.38708 1.38704 1.64655e-05
27 1.38711 1.38704 1.60444e-05
28 1.38709 1.38705 1.5549e-05
29 1.38703 1.38705 1.50091e-05
30 1.38708 1.38705 1.4541e-05
31 1.38707 1.38705 1.40904e-05
32 1.38711 1.38705 1.37902e-05
33 1.38718 1.38705 1.39587e-05
34 1.38719 1.38706 1.41639e-05
35 1.3871 1.38706 1.38102e-05
36 1.38713 1.38706 1.35759e-05
37 1.38712 1.38706 1.33006e-05
38 1.38708 1.38706 1.29517e-05
39 1.38703 1.38706 1.26371e-05
40 1.38707 1.38706 1.23199e-05
41 1.38713 1.38706 1.21441e-05
42 1.38716 1.38707 1.20576e-05
43 1.38713 1.38707 1.18776e-05
44 1.3871 1.38707 1.16302e-05
45 1.38702 1.38707 1.14179e-05
46 1.38699 1.38707 1.12845e-05
47 1.38695 1.38706 1.12952e-05
48 1.38694 1.38706 1.13686e-05
49 1.38691 1.38706 1.15791e-05
50 1.3869 1.38705 1.17826e-05
51 1.38692 1.38705 1.18516e-05
52 1.38696 1.38705 1.17642e-05
53 1.38702 1.38705 1.1553e-05
54 1.38704 1.38705 1.13401e-05
55 1.38702 1.38705 1.11442e-05
56 1.38694 1.38705 1.1101e-05
57 1.38689 1.38704 1.12486e-05
58 1.3869 1.38704 1.13394e-05
59 1.38689 1.38704 1.14574e-05
60 1.38687 1.38704 1.15964e-05
61 1.38688 1.38703 1.16966e-05
62 1.3869 1.38703 1.16988e-05
63 1.38692 1.38703 1.16419e-05
64 1.38696 1.38703 1.15123e-05
65 1.38695 1.38703 1.13963e-05
66 1.38696 1.38703 1.12669e-05
67 1.38697 1.38703 1.11255e-05
68 1.38696 1.38702 1.10095e-05
69 1.38693 1.38702 1.09385e-05
70 1.38691 1.38702 1.09084e-05
71 1.38691 1.38702 1.08662e-05
72 1.38695 1.38702 1.07652e-05
73 1.38698 1.38702 1.06292e-05
74 1.38698 1.38702 1.04953e-05
75 1.38701 1.38702 1.03548e-05
76 1.38706 1.38702 1.02348e-05
77 1.38712 1.38702 1.01923e-05
78 1.38707 1.38702 1.00804e-05
79 1.38702 1.38702 9.95201e-06
80 1.38696 1.38702 9.85278e-06
81 1.38701 1.38702 9.73144e-06
82 1.38709 1.38702 9.64672e-06
83 1.3871 1.38702 9.58005e-06
84 1.38709 1.38702 9.4966e-06
85 1.38707 1.38702 9.3991e-06
86 1.38704 1.38702 9.29079e-06
87 1.38702 1.38702 9.18348e-06
88 1.38701 1.38702 9.0793e-06
89 1.38709 1.38702 9.00373e-06
90 1.38708 1.38702 8.92412e-06
91 1.38697 1.38702 8.84433e-06
92 1.38688 1.38702 8.8855e-06
93 1.38678 1.38702 9.15341e-06
94 1.38677 1.38702 9.44426e-06
95 1.38679 1.38701 9.64261e-06
96 1.38689 1.38701 9.62757e-06
97 1.38698 1.38701 9.5355e-06
98 1.38702 1.38701 9.43785e-06
99 1.38711 1.38701 9.39344e-06
100 1.38712 1.38702 9.35754e-06
