1 1.8044 1.8044 0
2 1.79807 1.80124 0.00316177
3 1.75813 1.78687 0.0144851
4 1.76407 1.78117 0.0117213
5 1.75641 1.77622 0.0103415
6 1.7571 1.77303 0.00902498
7 1.78753 1.7751 0.00790359
8 1.77324 1.77487 0.00684868
9 1.81994 1.77988 0.0078463
10 1.81998 1.78389 0.0080828
11 1.77834 1.78338 0.00732856
12 1.8038 1.78508 0.00690298
13 1.80677 1.78675 0.00656535
14 1.782 1.78641 0.00608781
15 1.79497 1.78698 0.00569608
16 1.74798 1.78454 0.00585927
17 1.75859 1.78302 0.00571161
18 1.76093 1.78179 0.00552296
19 1.75535 1.7804 0.00540636
20 1.74115 1.77844 0.00549148
21 1.80881 1.77988 0.00541999
22 1.76987 1.77943 0.00518776
23 1.73443 1.77747 0.00532916
24 1.70727 1.77455 0.00588135
25 1.76004 1.77397 0.00567098
26 1.74281 1.77277 0.0055787
27 1.76013 1.7723 0.00538847
28 1.82102 1.77404 0.00547628
29 1.81627 1.7755 0.00548104
30 1.80854 1.7766 0.0054085
31 1.81414 1.77781 0.00536944
32 1.78578 1.77806 0.0052049
33 1.80026 1.77873 0.00508939
34 1.81705 1.77986 0.00506446
35 1.77622 1.77975 0.00491873
36 1.79708 1.78024 0.00480432
37 1.80147 1.78081 0.00470779
38 1.76439 1.78038 0.00460256
39 1.77276 1.78018 0.00448725
40 1.76699 1.77985 0.00438605
41 1.821 1.78086 0.00439389
42 1.81789 1.78174 0.00437772
43 1.81674 1.78255 0.00435151
44 1.80977 1.78317 0.00429623
45 1.77976 1.78309 0.00420036
46 1.80348 1.78354 0.00413187
47 1.82521 1.78442 0.00413906
48 1.79341 1.78461 0.00405623
49 1.75593 1.78403 0.00401548
50 1.82241 1.78479 0.00400856
51 1.7977 1.78505 0.00393732
52 1.75637 1.7845 0.00390004
53 1.77569 1.78433 0.00382935
54 1.78159 1.78428 0.00375811
55 1.80393 1.78464 0.00370641
56 1.82237 1.78531 0.00370147
57 1.82381 1.78598 0.00369815
58 1.86291 1.78731 0.00386832
59 1.86751 1.78867 0.00403785
60 1.79735 1.78882 0.00397262
61 1.78843 1.78881 0.00390695
62 1.83855 1.78961 0.00392627
63 1.84909 1.79056 0.00397713
64 1.87935 1.79194 0.0041531
65 1.81313 1.79227 0.00410169
66 1.84891 1.79313 0.00412922
67 1.81798 1.7935 0.00408401
68 1.79415 1.79351 0.00402351
69 1.78751 1.79342 0.00396573
70 1.74842 1.79278 0.00396117
71 1.73233 1.79193 0.00399672
72 1.74957 1.79134 0.00398449
73 1.80473 1.79152 0.00393381
74 1.79211 1.79153 0.00388029
75 1.79421 1.79157 0.00382837
76 1.83405 1.79212 0.0038188
77 1.83958 1.79274 0.00381894
78 1.89654 1.79407 0.00399766
79 1.88562 1.79523 0.00411333
80 1.84998 1.79591 0.00411884
81 1.81052 1.7961 0.00407167
82 1.80672 1.79622 0.0040238
83 1.78851 1.79613 0.00397611
84 1.77486 1.79588 0.00393665
85 1.79013 1.79581 0.00389065
86 1.8043 1.79591 0.00384641
87 1.80068 1.79596 0.00380233
88 1.82036 1.79624 0.00376909
89 1.85378 1.79689 0.00378216
90 1.84376 1.79741 0.00377599
91 1.79478 1.79738 0.00373438
92 1.83278 1.79776 0.00371355
93 1.81379 1.79794 0.00367744
94 1.83472 1.79833 0.0036591
95 1.78798 1.79822 0.00362201
96 1.83953 1.79865 0.00360983
97 1.80978 1.79876 0.00357426
98 1.78212 1.79859 0.00354168
99 1.80224 1.79863 0.00350591
100 1.84358 1.79908 0.00349966
