1 -0.420615 -0.420615 0
2 -0.414296 -0.417455 0.00315946
3 -0.374347 -0.403086 0.0144847
4 -0.380367 -0.397406 0.0117116
5 -0.372772 -0.392479 0.0103234
6 -0.373503 -0.389317 0.00900282
7 -0.403972 -0.39141 0.00789156
8 -0.389724 -0.391199 0.00683754
9 -0.436381 -0.39622 0.00784636
10 -0.436411 -0.400239 0.00808738
11 -0.39471 -0.399736 0.00733256
12 -0.420078 -0.401431 0.006905
13 -0.423079 -0.403097 0.00656632
14 -0.398299 -0.402754 0.00608888
15 -0.411291 -0.403323 0.00569694
16 -0.364297 -0.400884 0.00586067
17 -0.374829 -0.399351 0.00571451
18 -0.377102 -0.398115 0.00552766
19 -0.371582 -0.396719 0.00541192
20 -0.357405 -0.394753 0.00549762
21 -0.425038 -0.396195 0.00542449
22 -0.386108 -0.395737 0.00519233
23 -0.350729 -0.39378 0.00533341
24 -0.323621 -0.390857 0.00588391
25 -0.376372 -0.390277 0.00567331
26 -0.359085 -0.389077 0.00558121
27 -0.376376 -0.388607 0.00539109
28 -0.437284 -0.390346 0.00547815
29 -0.432586 -0.391802 0.00548289
30 -0.424808 -0.392902 0.00541003
31 -0.430413 -0.394112 0.00537069
32 -0.402019 -0.394359 0.00520601
33 -0.416433 -0.395028 0.00508993
34 -0.43321 -0.396151 0.00506404
35 -0.392466 -0.396046 0.00491836
36 -0.4133 -0.396525 0.00480375
37 -0.417704 -0.397098 0.00470705
38 -0.38066 -0.396665 0.00460188
39 -0.389074 -0.39647 0.00448655
40 -0.38327 -0.39614 0.00438539
41 -0.437217 -0.397142 0.00439286
42 -0.434084 -0.398022 0.00437629
43 -0.432957 -0.398834 0.00434985
44 -0.426018 -0.399452 0.00429451
45 -0.396094 -0.399377 0.00419866
46 -0.419839 -0.399822 0.00413039
47 -0.441602 -0.400711 0.00413816
48 -0.409819 -0.400901 0.00405547
49 -0.372374 -0.400319 0.00401428
50 -0.438865 -0.40109 0.00400802
51 -0.414132 -0.401345 0.00393696
52 -0.372765 -0.400796 0.00389944
53 -0.392022 -0.40063 0.00382873
54 -0.397904 -0.40058 0.0037575
55 -0.420259 -0.400938 0.00370586
56 -0.438775 -0.401613 0.00370128
57 -0.44027 -0.402291 0.00369848
58 -0.479366 -0.40362 0.00386949
59 -0.483973 -0.404982 0.00403982
60 -0.41383 -0.40513 0.00397466
61 -0.404907 -0.405126 0.00390896
62 -0.455001 -0.40593 0.00392863
63 -0.465518 -0.406876 0.0039798
64 -0.495745 -0.408265 0.00415596
65 -0.429533 -0.408592 0.00410458
66 -0.465296 -0.409451 0.00413221
67 -0.434361 -0.409823 0.00408702
68 -0.410545 -0.409834 0.00402648
69 -0.403937 -0.409748 0.00396862
70 -0.364865 -0.409107 0.00396372
71 -0.348768 -0.408257 0.00399884
72 -0.365978 -0.40767 0.0039864
73 -0.421101 -0.407854 0.00393571
74 -0.408479 -0.407862 0.00388217
75 -0.410547 -0.407898 0.00383023
76 -0.450341 -0.408457 0.00382053
77 -0.455809 -0.409072 0.0038204
78 -0.512823 -0.410402 0.00399881
79 -0.501945 -0.41156 0.00411442
80 -0.466367 -0.412246 0.00412002
81 -0.426866 -0.412426 0.00407284
82 -0.422986 -0.412555 0.00402492
83 -0.404756 -0.412461 0.00397725
84 -0.39112 -0.412207 0.00393782
85 -0.406414 -0.412139 0.00389181
86 -0.420608 -0.412237 0.00384755
87 -0.417013 -0.412292 0.00380347
88 -0.436697 -0.412569 0.00377021
89 -0.470044 -0.413215 0.00378313
90 -0.460035 -0.413735 0.00377686
91 -0.411155 -0.413707 0.00373523
92 -0.44925 -0.414093 0.00371456
93 -0.430356 -0.414268 0.00367856
94 -0.451308 -0.414662 0.00366048
95 -0.404542 -0.414556 0.00362331
96 -0.45599 -0.414987 0.00361126
97 -0.426159 -0.415103 0.00357569
98 -0.398455 -0.414933 0.00354309
99 -0.418483 -0.414969 0.0035073
100 -0.459813 -0.415417 0.00350089
